  0.0000000E+00 -4.99864896096415545E-01
  2.8818375E-08 -4.99864775567892217E-01
  5.7885899E-08 -4.99864731286803365E-01
  8.7204727E-08 -4.99864718121144413E-01
  1.1677703E-07 -4.99864711525396799E-01
  1.4660500E-07 -4.99864707540528197E-01
  1.7669085E-07 -4.99864704863477172E-01
  2.0703681E-07 -4.99864702936189675E-01
  2.3764513E-07 -4.99864701479234841E-01
  2.6851806E-07 -4.99864700337036005E-01
  2.9965791E-07 -4.99864699415988434E-01
  3.3106699E-07 -4.99864698656421580E-01
  3.6274760E-07 -4.99864698018415599E-01
  3.9470212E-07 -4.99864697474279640E-01
  4.2693289E-07 -4.99864697004188452E-01
  4.5944232E-07 -4.99864696593548541E-01
  4.9223281E-07 -4.99864696231399397E-01
  5.2530679E-07 -4.99864695909341128E-01
  5.5866671E-07 -4.99864695620807542E-01
  5.9231505E-07 -4.99864695360619338E-01
  6.2625429E-07 -4.99864695124611791E-01
  6.6048695E-07 -4.99864694909410046E-01
  6.9501558E-07 -4.99864694712239266E-01
  7.2984272E-07 -4.99864694530807230E-01
  7.6497096E-07 -4.99864694363201911E-01
  8.0040290E-07 -4.99864694207805771E-01
  8.3614116E-07 -4.99864694063250126E-01
  8.7218841E-07 -4.99864693928367965E-01
  9.0854730E-07 -4.99864693802149762E-01
  9.4522053E-07 -4.99864693683732153E-01
  9.8221082E-07 -4.99864693572353636E-01
  1.0195209E-06 -4.99864693467366339E-01
  1.0571536E-06 -4.99864693368185176E-01
  1.0951116E-06 -4.99864693274299277E-01
  1.1333978E-06 -4.99864693185265774E-01
  1.1720149E-06 -4.99864693100681878E-01
  1.2109660E-06 -4.99864693020190543E-01
  1.2502538E-06 -4.99864692943473243E-01
  1.2898812E-06 -4.99864692870246763E-01
  1.3298513E-06 -4.99864692800248700E-01
  1.3701669E-06 -4.99864692733254790E-01
  1.4108311E-06 -4.99864692669053479E-01
  1.4518468E-06 -4.99864692607452588E-01
  1.4932171E-06 -4.99864692548281198E-01
  1.5349451E-06 -4.99864692491378437E-01
  1.5770339E-06 -4.99864692436605751E-01
  1.6194865E-06 -4.99864692383828357E-01
  1.6623062E-06 -4.99864692332923299E-01
  1.7054961E-06 -4.99864692283785272E-01
  1.7490593E-06 -4.99864692236311192E-01
  1.7929992E-06 -4.99864692190402249E-01
  1.8373190E-06 -4.99864692145975953E-01
  1.8820219E-06 -4.99864692102949926E-01
  1.9271114E-06 -4.99864692061249005E-01
  1.9725906E-06 -4.99864692020807355E-01
  2.0184630E-06 -4.99864691981558307E-01
  2.0647321E-06 -4.99864691943442851E-01
  2.1114011E-06 -4.99864691906405589E-01
  2.1584736E-06 -4.99864691870393896E-01
  2.2059531E-06 -4.99864691835361086E-01
  2.2538431E-06 -4.99864691801258199E-01
  2.3021471E-06 -4.99864691768046876E-01
  2.3508687E-06 -4.99864691735687705E-01
  2.4000115E-06 -4.99864691704139774E-01
  2.4495792E-06 -4.99864691673368444E-01
  2.4995755E-06 -4.99864691643341852E-01
  2.5500040E-06 -4.99864691614030243E-01
  2.6008684E-06 -4.99864691585401533E-01
  2.6521726E-06 -4.99864691557428908E-01
  2.7039204E-06 -4.99864691530090333E-01
  2.7561156E-06 -4.99864691503357494E-01
  2.8087620E-06 -4.99864691477208245E-01
  2.8618635E-06 -4.99864691451619769E-01
  2.9154242E-06 -4.99864691426572860E-01
  2.9694479E-06 -4.99864691402044203E-01
  3.0239387E-06 -4.99864691378017922E-01
  3.0789005E-06 -4.99864691354477253E-01
  3.1343376E-06 -4.99864691331405486E-01
  3.1902539E-06 -4.99864691308782694E-01
  3.2466537E-06 -4.99864691286600271E-01
  3.3035410E-06 -4.99864691264841399E-01
  3.3609202E-06 -4.99864691243489312E-01
  3.4187955E-06 -4.99864691222530022E-01
  3.4771711E-06 -4.99864691201957423E-01
  3.5360514E-06 -4.99864691181757137E-01
  3.5954407E-06 -4.99864691161918506E-01
  3.6553435E-06 -4.99864691142426099E-01
  3.7157642E-06 -4.99864691123275973E-01
  3.7767073E-06 -4.99864691104454140E-01
  3.8381772E-06 -4.99864691085953994E-01
  3.9001786E-06 -4.99864691067767652E-01
  3.9627160E-06 -4.99864691049881904E-01
  4.0257941E-06 -4.99864691032290642E-01
  4.0894175E-06 -4.99864691014986262E-01
  4.1535910E-06 -4.99864690997963657E-01
  4.2183193E-06 -4.99864690981213833E-01
  4.2836072E-06 -4.99864690964728076E-01
  4.3494596E-06 -4.99864690948503998E-01
  4.4158813E-06 -4.99864690932532552E-01
  4.4828772E-06 -4.99864690916806687E-01
  4.5504523E-06 -4.99864690901325015E-01
  4.6186117E-06 -4.99864690886079155E-01
  4.6873603E-06 -4.99864690871063777E-01
  4.7567033E-06 -4.99864690856272498E-01
  4.8266459E-06 -4.99864690841702930E-01
  4.8971931E-06 -4.99864690827349523E-01
  4.9683502E-06 -4.99864690813208556E-01
  5.0401225E-06 -4.99864690799274203E-01
  5.1125153E-06 -4.99864690785542798E-01
  5.1855340E-06 -4.99864690772012066E-01
  5.2591840E-06 -4.99864690758676011E-01
  5.3334707E-06 -4.99864690745534135E-01
  5.4083996E-06 -4.99864690732577888E-01
  5.4839764E-06 -4.99864690719807825E-01
  5.5602066E-06 -4.99864690707221837E-01
  5.6370958E-06 -4.99864690694817260E-01
  5.7146497E-06 -4.99864690682585378E-01
  5.7928742E-06 -4.99864690670526579E-01
  5.8717749E-06 -4.99864690658641198E-01
  5.9513578E-06 -4.99864690646923127E-01
  6.0316287E-06 -4.99864690635373587E-01
  6.1125936E-06 -4.99864690623987695E-01
  6.1942585E-06 -4.99864690612761675E-01
  6.2766294E-06 -4.99864690601697470E-01
  6.3597124E-06 -4.99864690590791694E-01
  6.4435138E-06 -4.99864690580040238E-01
  6.5280396E-06 -4.99864690569441217E-01
  6.6132963E-06 -4.99864690558998737E-01
  6.6992900E-06 -4.99864690548703028E-01
  6.7860272E-06 -4.99864690538555978E-01
  6.8735142E-06 -4.99864690528557754E-01
  6.9617576E-06 -4.99864690518707966E-01
  7.0507640E-06 -4.99864690509002396E-01
  7.1405398E-06 -4.99864690499441322E-01
  7.2310918E-06 -4.99864690490021635E-01
  7.3224267E-06 -4.99864690480741058E-01
  7.4145512E-06 -4.99864690471604700E-01
  7.5074722E-06 -4.99864690462607120E-01
  7.6011965E-06 -4.99864690453748040E-01
  7.6957311E-06 -4.99864690445028459E-01
  7.7910830E-06 -4.99864690436444881E-01
  7.8872593E-06 -4.99864690427998970E-01
  7.9842671E-06 -4.99864690419684621E-01
  8.0821135E-06 -4.99864690411508383E-01
  8.1808059E-06 -4.99864690403466927E-01
  8.2803515E-06 -4.99864690395560196E-01
  8.3807578E-06 -4.99864690387788746E-01
  8.4820321E-06 -4.99864690380148413E-01
  8.5841820E-06 -4.99864690372641585E-01
  8.6872150E-06 -4.99864690365268816E-01
  8.7911388E-06 -4.99864690358030772E-01
  8.8959611E-06 -4.99864690350922958E-01
  9.0016896E-06 -4.99864690343949980E-01
  9.1083322E-06 -4.99864690337107898E-01
  9.2158968E-06 -4.99864690330399208E-01
  9.3243913E-06 -4.99864690323823135E-01
  9.4338238E-06 -4.99864690317380622E-01
  9.5442024E-06 -4.99864690311071558E-01
  9.6555353E-06 -4.99864690304896830E-01
  9.7678308E-06 -4.99864690298851722E-01
  9.8810970E-06 -4.99864690292944835E-01
  9.9953426E-06 -4.99864690287171676E-01
  1.0110576E-05 -4.99864690281532631E-01
  1.0226805E-05 -4.99864690276030088E-01
  1.0344040E-05 -4.99864690270662326E-01
  1.0462288E-05 -4.99864690265435563E-01
  1.0581558E-05 -4.99864690260342026E-01
  1.0701859E-05 -4.99864690255388322E-01
  1.0823201E-05 -4.99864690250573840E-01
  1.0945591E-05 -4.99864690245895416E-01
  1.1069040E-05 -4.99864690241360154E-01
  1.1193556E-05 -4.99864690236963782E-01
  1.1319148E-05 -4.99864690232710518E-01
  1.1445826E-05 -4.99864690228600306E-01
  1.1573600E-05 -4.99864690224632091E-01
  1.1702478E-05 -4.99864690220812646E-01
  1.1832470E-05 -4.99864690217134644E-01
  1.1963586E-05 -4.99864690213609242E-01
  1.2095836E-05 -4.99864690210228169E-01
  1.2229229E-05 -4.99864690206998807E-01
  1.2363775E-05 -4.99864690203921547E-01
  1.2499485E-05 -4.99864690200996886E-01
  1.2636368E-05 -4.99864690198224937E-01
  1.2774434E-05 -4.99864690195608363E-01
  1.2913694E-05 -4.99864690193148831E-01
  1.3054158E-05 -4.99864690190850058E-01
  1.3195836E-05 -4.99864690188709160E-01
  1.3338739E-05 -4.99864690186729022E-01
  1.3482878E-05 -4.99864690184913696E-01
  1.3628262E-05 -4.99864690183264071E-01
  1.3774904E-05 -4.99864690181779869E-01
  1.3922813E-05 -4.99864690180464366E-01
  1.4072002E-05 -4.99864690179318449E-01
  1.4222480E-05 -4.99864690178348781E-01
  1.4374259E-05 -4.99864690177551585E-01
  1.4527350E-05 -4.99864690176930804E-01
  1.4681765E-05 -4.99864690176489712E-01
  1.4837514E-05 -4.99864690176228477E-01
  1.4994611E-05 -4.99864690176150983E-01
  1.5153065E-05 -4.99864690176261506E-01
  1.5312890E-05 -4.99864690176557769E-01
  1.5474096E-05 -4.99864690177046544E-01
  1.5636696E-05 -4.99864690177728443E-01
  1.5800701E-05 -4.99864690178603632E-01
  1.5966125E-05 -4.99864690179677162E-01
  1.6132978E-05 -4.99864690180953419E-01
  1.6301275E-05 -4.99864690182429905E-01
  1.6471026E-05 -4.99864690184115890E-01
  1.6642245E-05 -4.99864690186007599E-01
  1.6814944E-05 -4.99864690188114191E-01
  1.6989136E-05 -4.99864690190435057E-01
  1.7164834E-05 -4.99864690192974248E-01
  1.7342051E-05 -4.99864690195735095E-01
  1.7520801E-05 -4.99864690198718153E-01
  1.7701095E-05 -4.99864690201930695E-01
  1.7882949E-05 -4.99864690205372331E-01
  1.8066374E-05 -4.99864690209047779E-01
  1.8251386E-05 -4.99864690212960039E-01
  1.8437997E-05 -4.99864690217116936E-01
  1.8626221E-05 -4.99864690221518249E-01
  1.8816073E-05 -4.99864690226167974E-01
  1.9007566E-05 -4.99864690231066722E-01
  1.9200714E-05 -4.99864690236222986E-01
  1.9395533E-05 -4.99864690241640597E-01
  1.9592035E-05 -4.99864690247322607E-01
  1.9790237E-05 -4.99864690253272292E-01
  1.9990152E-05 -4.99864690259495315E-01
  2.0191795E-05 -4.99864690265993006E-01
  2.0395182E-05 -4.99864690272773193E-01
  2.0600327E-05 -4.99864690279836155E-01
  2.0807246E-05 -4.99864690287189939E-01
  2.1015954E-05 -4.99864690294837377E-01
  2.1226466E-05 -4.99864690302782688E-01
  2.1438798E-05 -4.99864690311036475E-01
  2.1652966E-05 -4.99864690319595961E-01
  2.1868985E-05 -4.99864690328469696E-01
  2.2086872E-05 -4.99864690337661233E-01
  2.2306643E-05 -4.99864690347179008E-01
  2.2528313E-05 -4.99864690357022246E-01
  2.2751901E-05 -4.99864690367203657E-01
  2.2977421E-05 -4.99864690377722964E-01
  2.3204891E-05 -4.99864690388586608E-01
  2.3434327E-05 -4.99864690399801692E-01
  2.3665748E-05 -4.99864690411375767E-01
  2.3899168E-05 -4.99864690423311664E-01
  2.4134607E-05 -4.99864690435614545E-01
  2.4372082E-05 -4.99864690448293958E-01
  2.4611609E-05 -4.99864690461353844E-01
  2.4853208E-05 -4.99864690474803086E-01
  2.5096895E-05 -4.99864690488642016E-01
  2.5342689E-05 -4.99864690502884734E-01
  2.5590608E-05 -4.99864690517532073E-01
  2.5840670E-05 -4.99864690532595912E-01
  2.6092894E-05 -4.99864690548080637E-01
  2.6347299E-05 -4.99864690563991687E-01
  2.6603903E-05 -4.99864690580336446E-01
  2.6862726E-05 -4.99864690597126793E-01
  2.7123786E-05 -4.99864690614363449E-01
  2.7387104E-05 -4.99864690632060349E-01
  2.7652698E-05 -4.99864690650218157E-01
  2.7920588E-05 -4.99864690668850364E-01
  2.8190794E-05 -4.99864690687963409E-01
  2.8463336E-05 -4.99864690707564452E-01
  2.8738235E-05 -4.99864690727666094E-01
  2.9015510E-05 -4.99864690748271057E-01
  2.9295182E-05 -4.99864690769390718E-01
  2.9577272E-05 -4.99864690791034072E-01
  2.9861801E-05 -4.99864690813211610E-01
  3.0148790E-05 -4.99864690835928438E-01
  3.0438260E-05 -4.99864690859196492E-01
  3.0730233E-05 -4.99864690883021934E-01
  3.1024730E-05 -4.99864690907421305E-01
  3.1321773E-05 -4.99864690932395828E-01
  3.1621384E-05 -4.99864690957962099E-01
  3.1923586E-05 -4.99864690984128168E-01
  3.2228400E-05 -4.99864691010901308E-01
  3.2535849E-05 -4.99864691038294950E-01
  3.2845957E-05 -4.99864691066320310E-01
  3.3158745E-05 -4.99864691094988989E-01
  3.3474238E-05 -4.99864691124312088E-01
  3.3792458E-05 -4.99864691154295382E-01
  3.4113430E-05 -4.99864691184957743E-01
  3.4437176E-05 -4.99864691216308277E-01
  3.4763722E-05 -4.99864691248356918E-01
  3.5093090E-05 -4.99864691281115381E-01
  3.5425306E-05 -4.99864691314599430E-01
  3.5760395E-05 -4.99864691348816947E-01
  3.6098380E-05 -4.99864691383786697E-01
  3.6439287E-05 -4.99864691419516727E-01
  3.6783142E-05 -4.99864691456020971E-01
  3.7129969E-05 -4.99864691493316859E-01
  3.7479795E-05 -4.99864691531415550E-01
  3.7832646E-05 -4.99864691570329089E-01
  3.8188547E-05 -4.99864691610073186E-01
  3.8547525E-05 -4.99864691650664994E-01
  3.8909606E-05 -4.99864691692113505E-01
  3.9274818E-05 -4.99864691734438038E-01
  3.9643187E-05 -4.99864691777653858E-01
  4.0014741E-05 -4.99864691821774287E-01
  4.0389508E-05 -4.99864691866816202E-01
  4.0767514E-05 -4.99864691912796422E-01
  4.1148789E-05 -4.99864691959728824E-01
  4.1533359E-05 -4.99864692007633393E-01
  4.1921255E-05 -4.99864692056526616E-01
  4.2312504E-05 -4.99864692106417707E-01
  4.2707136E-05 -4.99864692157332091E-01
  4.3105179E-05 -4.99864692209290362E-01
  4.3506664E-05 -4.99864692262304233E-01
  4.3911620E-05 -4.99864692316397075E-01
  4.4320076E-05 -4.99864692371582098E-01
  4.4732065E-05 -4.99864692427881729E-01
  4.5147615E-05 -4.99864692485318118E-01
  4.5566757E-05 -4.99864692543905198E-01
  4.5989524E-05 -4.99864692603668503E-01
  4.6415945E-05 -4.99864692664624133E-01
  4.6846053E-05 -4.99864692726796012E-01
  4.7279879E-05 -4.99864692790207732E-01
  4.7717457E-05 -4.99864692854873338E-01
  4.8158817E-05 -4.99864692920820142E-01
  4.8603993E-05 -4.99864692988070514E-01
  4.9053018E-05 -4.99864693056645382E-01
  4.9505924E-05 -4.99864693126569892E-01
  4.9962747E-05 -4.99864693197866417E-01
  5.0423519E-05 -4.99864693270556548E-01
  5.0888274E-05 -4.99864693344670374E-01
  5.1357048E-05 -4.99864693420230211E-01
  5.1829874E-05 -4.99864693497259927E-01
  5.2306789E-05 -4.99864693575786667E-01
  5.2787826E-05 -4.99864693655834968E-01
  5.3273022E-05 -4.99864693737432086E-01
  5.3762413E-05 -4.99864693820607497E-01
  5.4256035E-05 -4.99864693905386459E-01
  5.4753925E-05 -4.99864693991797782E-01
  5.5256119E-05 -4.99864694079871774E-01
  5.5762655E-05 -4.99864694169634860E-01
  5.6273570E-05 -4.99864694261117126E-01
  5.6788902E-05 -4.99864694354346994E-01
  5.7308689E-05 -4.99864694449359825E-01
  5.7832971E-05 -4.99864694546182708E-01
  5.8361785E-05 -4.99864694644851004E-01
  5.8895171E-05 -4.99864694745392968E-01
  5.9433168E-05 -4.99864694847843793E-01
  5.9975817E-05 -4.99864694952236233E-01
  6.0523157E-05 -4.99864695058604869E-01
  6.1075229E-05 -4.99864695166984230E-01
  6.1632074E-05 -4.99864695277407955E-01
  6.2193733E-05 -4.99864695389914016E-01
  6.2760248E-05 -4.99864695504539436E-01
  6.3331661E-05 -4.99864695621317801E-01
  6.3908014E-05 -4.99864695740289133E-01
  6.4489350E-05 -4.99864695861491737E-01
  6.5075712E-05 -4.99864695984965524E-01
  6.5667143E-05 -4.99864696110749351E-01
  6.6263687E-05 -4.99864696238883688E-01
  6.6865389E-05 -4.99864696369410499E-01
  6.7472293E-05 -4.99864696502371086E-01
  6.8084444E-05 -4.99864696637806638E-01
  6.8701887E-05 -4.99864696775762507E-01
  6.9324669E-05 -4.99864696916282270E-01
  6.9952835E-05 -4.99864697059408447E-01
  7.0586431E-05 -4.99864697205190611E-01
  7.1225505E-05 -4.99864697353674614E-01
  7.1870105E-05 -4.99864697504907418E-01
  7.2520277E-05 -4.99864697658935708E-01
  7.3176070E-05 -4.99864697815810721E-01
  7.3837533E-05 -4.99864697975578476E-01
  7.4504715E-05 -4.99864698138295205E-01
  7.5177665E-05 -4.99864698304009036E-01
  7.5856433E-05 -4.99864698472771984E-01
  7.6541069E-05 -4.99864698644639560E-01
  7.7231624E-05 -4.99864698819663611E-01
  7.7928149E-05 -4.99864698997902646E-01
  7.8630696E-05 -4.99864699179407457E-01
  7.9339317E-05 -4.99864699364243326E-01
  8.0054065E-05 -4.99864699552461433E-01
  8.0774991E-05 -4.99864699744126117E-01
  8.1502151E-05 -4.99864699939293444E-01
  8.2235597E-05 -4.99864700138027418E-01
  8.2975385E-05 -4.99864700340388990E-01
  8.3721568E-05 -4.99864700546444662E-01
  8.4474202E-05 -4.99864700756256164E-01
  8.5233343E-05 -4.99864700969888998E-01
  8.5999047E-05 -4.99864701187411886E-01
  8.6771371E-05 -4.99864701408890499E-01
  8.7550373E-05 -4.99864701634395947E-01
  8.8336109E-05 -4.99864701864000782E-01
  8.9128638E-05 -4.99864702097772062E-01
  8.9928019E-05 -4.99864702335787225E-01
  9.0734312E-05 -4.99864702578117603E-01
  9.1547575E-05 -4.99864702824838636E-01
  9.2367869E-05 -4.99864703076028316E-01
  9.3195255E-05 -4.99864703331765803E-01
  9.4029794E-05 -4.99864703592129311E-01
  9.4871548E-05 -4.99864703857197668E-01
  9.5720579E-05 -4.99864704127059023E-01
  9.6576951E-05 -4.99864704401790705E-01
  9.7440727E-05 -4.99864704681482808E-01
  9.8311970E-05 -4.99864704966217654E-01
  9.9190746E-05 -4.99864705256087727E-01
  1.0007712E-04 -4.99864705551181343E-01
  1.0097116E-04 -4.99864705851586322E-01
  1.0187292E-04 -4.99864706157402194E-01
  1.0278248E-04 -4.99864706468719999E-01
  1.0369991E-04 -4.99864706785636992E-01
  1.0462527E-04 -4.99864707108250872E-01
  1.0555862E-04 -4.99864707436658839E-01
  1.0650005E-04 -4.99864707770964867E-01
  1.0744962E-04 -4.99864708111271594E-01
  1.0840739E-04 -4.99864708457680551E-01
  1.0937345E-04 -4.99864708810304925E-01
  1.1034786E-04 -4.99864709169248467E-01
  1.1133069E-04 -4.99864709534626916E-01
  1.1232202E-04 -4.99864709906543581E-01
  1.1332192E-04 -4.99864710285120473E-01
  1.1433046E-04 -4.99864710670470613E-01
  1.1534772E-04 -4.99864711062713851E-01
  1.1637378E-04 -4.99864711461972144E-01
  1.1740871E-04 -4.99864711868365064E-01
  1.1845259E-04 -4.99864712282018619E-01
  1.1950549E-04 -4.99864712703060987E-01
  1.2056750E-04 -4.99864713131619565E-01
  1.2163868E-04 -4.99864713567827912E-01
  1.2271913E-04 -4.99864714011814426E-01
  1.2380892E-04 -4.99864714463720383E-01
  1.2490813E-04 -4.99864714923681397E-01
  1.2601684E-04 -4.99864715391841075E-01
  1.2713514E-04 -4.99864715868339970E-01
  1.2826311E-04 -4.99864716353322691E-01
  1.2940082E-04 -4.99864716846942059E-01
  1.3054838E-04 -4.99864717349345233E-01
  1.3170585E-04 -4.99864717860687258E-01
  1.3287334E-04 -4.99864718381124395E-01
  1.3405091E-04 -4.99864718910810468E-01
  1.3523867E-04 -4.99864719449915840E-01
  1.3643670E-04 -4.99864719998600548E-01
  1.3764508E-04 -4.99864720557030906E-01
  1.3886391E-04 -4.99864721125378997E-01
  1.4009328E-04 -4.99864721703816905E-01
  1.4133328E-04 -4.99864722292518271E-01
  1.4258399E-04 -4.99864722891666002E-01
  1.4384552E-04 -4.99864723501441288E-01
  1.4511796E-04 -4.99864724122030091E-01
  1.4640140E-04 -4.99864724753620315E-01
  1.4769593E-04 -4.99864725396406584E-01
  1.4900166E-04 -4.99864726050582797E-01
  1.5031867E-04 -4.99864726716348795E-01
  1.5164707E-04 -4.99864727393903918E-01
  1.5298696E-04 -4.99864728083454724E-01
  1.5433842E-04 -4.99864728785215595E-01
  1.5570158E-04 -4.99864729499394422E-01
  1.5707652E-04 -4.99864730226208920E-01
  1.5846334E-04 -4.99864730965880855E-01
  1.5986216E-04 -4.99864731718631883E-01
  1.6127307E-04 -4.99864732484694985E-01
  1.6269617E-04 -4.99864733264298255E-01
  1.6413158E-04 -4.99864734057680282E-01
  1.6557940E-04 -4.99864734865078042E-01
  1.6703974E-04 -4.99864735686740558E-01
  1.6851270E-04 -4.99864736522913966E-01
  1.6999840E-04 -4.99864737373850732E-01
  1.7149694E-04 -4.99864738239814088E-01
  1.7300844E-04 -4.99864739121058221E-01
  1.7453300E-04 -4.99864740017855358E-01
  1.7607075E-04 -4.99864740930477391E-01
  1.7762179E-04 -4.99864741859194439E-01
  1.7918624E-04 -4.99864742804294937E-01
  1.8076421E-04 -4.99864743766057884E-01
  1.8235583E-04 -4.99864744744775824E-01
  1.8396121E-04 -4.99864745740748240E-01
  1.8558047E-04 -4.99864746754272615E-01
  1.8721372E-04 -4.99864747785652652E-01
  1.8886110E-04 -4.99864748835205375E-01
  1.9052272E-04 -4.99864749903244310E-01
  1.9219870E-04 -4.99864750990093032E-01
  1.9388918E-04 -4.99864752096077725E-01
  1.9559427E-04 -4.99864753221534563E-01
  1.9731410E-04 -4.99864754366802999E-01
  1.9904880E-04 -4.99864755532226313E-01
  2.0079850E-04 -4.99864756718160330E-01
  2.0256332E-04 -4.99864757924955994E-01
  2.0434340E-04 -4.99864759152981841E-01
  2.0613887E-04 -4.99864760402608743E-01
  2.0794987E-04 -4.99864761674210512E-01
  2.0977652E-04 -4.99864762968170895E-01
  2.1161896E-04 -4.99864764284877583E-01
  2.1347734E-04 -4.99864765624734142E-01
  2.1535178E-04 -4.99864766988136255E-01
  2.1724242E-04 -4.99864768375497925E-01
  2.1914941E-04 -4.99864769787236152E-01
  2.2107289E-04 -4.99864771223776372E-01
  2.2301300E-04 -4.99864772685550351E-01
  2.2496988E-04 -4.99864774172996351E-01
  2.2694367E-04 -4.99864775686567619E-01
  2.2893454E-04 -4.99864777226711632E-01
  2.3094261E-04 -4.99864778793897346E-01
  2.3296805E-04 -4.99864780388597496E-01
  2.3501099E-04 -4.99864782011282982E-01
  2.3707160E-04 -4.99864783662446632E-01
  2.3915003E-04 -4.99864785342588047E-01
  2.4124642E-04 -4.99864787052206438E-01
  2.4336094E-04 -4.99864788791818337E-01
  2.4549374E-04 -4.99864790561946437E-01
  2.4764497E-04 -4.99864792363120536E-01
  2.4981481E-04 -4.99864794195885698E-01
  2.5200340E-04 -4.99864796060787375E-01
  2.5421092E-04 -4.99864797958388174E-01
  2.5643752E-04 -4.99864799889256806E-01
  2.5868338E-04 -4.99864801853974194E-01
  2.6094864E-04 -4.99864803853126594E-01
  2.6323350E-04 -4.99864805887319463E-01
  2.6553810E-04 -4.99864807957156931E-01
  2.6786264E-04 -4.99864810063265275E-01
  2.7020726E-04 -4.99864812206273434E-01
  2.7257216E-04 -4.99864814386823952E-01
  2.7495751E-04 -4.99864816605573081E-01
  2.7736347E-04 -4.99864818863183014E-01
  2.7979024E-04 -4.99864821160336315E-01
  2.8223799E-04 -4.99864823497715105E-01
  2.8470690E-04 -4.99864825876021990E-01
  2.8719716E-04 -4.99864828295970898E-01
  2.8970894E-04 -4.99864830758289524E-01
  2.9224244E-04 -4.99864833263711006E-01
  2.9479784E-04 -4.99864835812985520E-01
  2.9737534E-04 -4.99864838406880785E-01
  2.9997512E-04 -4.99864841046170960E-01
  3.0259738E-04 -4.99864843731649078E-01
  3.0524231E-04 -4.99864846464116497E-01
  3.0791010E-04 -4.99864849244394283E-01
  3.1060096E-04 -4.99864852073313437E-01
  3.1331508E-04 -4.99864854951721282E-01
  3.1605267E-04 -4.99864857880481406E-01
  3.1881393E-04 -4.99864860860464388E-01
  3.2159906E-04 -4.99864863892566291E-01
  3.2440826E-04 -4.99864866977695110E-01
  3.2724176E-04 -4.99864870116772275E-01
  3.3009975E-04 -4.99864873310739866E-01
  3.3298245E-04 -4.99864876560551785E-01
  3.3589007E-04 -4.99864879867177592E-01
  3.3882283E-04 -4.99864883231606771E-01
  3.4178094E-04 -4.99864886654851015E-01
  3.4476463E-04 -4.99864890137930284E-01
  3.4777412E-04 -4.99864893681888800E-01
  3.5080962E-04 -4.99864897287780607E-01
  3.5387137E-04 -4.99864900956689007E-01
  3.5695959E-04 -4.99864904689708844E-01
  3.6007451E-04 -4.99864908487958670E-01
  3.6321635E-04 -4.99864912352569135E-01
  3.6638536E-04 -4.99864916284699201E-01
  3.6958177E-04 -4.99864920285523595E-01
  3.7280581E-04 -4.99864924356235252E-01
  3.7605773E-04 -4.99864928498053751E-01
  3.7933776E-04 -4.99864932712214327E-01
  3.8264615E-04 -4.99864936999976972E-01
  3.8598314E-04 -4.99864941362621884E-01
  3.8934898E-04 -4.99864945801453131E-01
  3.9274392E-04 -4.99864950317795487E-01
  3.9616821E-04 -4.99864954912997317E-01
  3.9962210E-04 -4.99864959588435409E-01
  4.0310586E-04 -4.99864964345501817E-01
  4.0661973E-04 -4.99864969185618291E-01
  4.1016399E-04 -4.99864974110230342E-01
  4.1373888E-04 -4.99864979120807351E-01
  4.1734469E-04 -4.99864984218844621E-01
  4.2098166E-04 -4.99864989405867155E-01
  4.2465009E-04 -4.99864994683421715E-01
  4.2835022E-04 -4.99865000053081487E-01
  4.3208235E-04 -4.99865005516447247E-01
  4.3584674E-04 -4.99865011075157351E-01
  4.3964367E-04 -4.99865016730862366E-01
  4.4347344E-04 -4.99865022485256161E-01
  4.4733631E-04 -4.99865028340051865E-01
  4.5123258E-04 -4.99865034296997912E-01
  4.5516254E-04 -4.99865040357872215E-01
  4.5912647E-04 -4.99865046524482159E-01
  4.6312467E-04 -4.99865052798667608E-01
  4.6715744E-04 -4.99865059182300009E-01
  4.7122507E-04 -4.99865065677279397E-01
  4.7532787E-04 -4.99865072285548440E-01
  4.7946614E-04 -4.99865079009075286E-01
  4.8364019E-04 -4.99865085849866220E-01
  4.8785033E-04 -4.99865092809959777E-01
  4.9209686E-04 -4.99865099891429909E-01
  4.9638011E-04 -4.99865107096391981E-01
  5.0070039E-04 -4.99865114426993884E-01
  5.0505802E-04 -4.99865121885416874E-01
  5.0945332E-04 -4.99865129473888836E-01
  5.1388663E-04 -4.99865137194672127E-01
  5.1835826E-04 -4.99865145050063076E-01
  5.2286855E-04 -4.99865153042406141E-01
  5.2741784E-04 -4.99865161174084083E-01
  5.3200645E-04 -4.99865169447518021E-01
  5.3663474E-04 -4.99865177865176424E-01
  5.4130304E-04 -4.99865186429563957E-01
  5.4601170E-04 -4.99865195143235574E-01
  5.5076107E-04 -4.99865204008788866E-01
  5.5555150E-04 -4.99865213028862720E-01
  5.6038334E-04 -4.99865222206145821E-01
  5.6525696E-04 -4.99865231543371702E-01
  5.7017272E-04 -4.99865241043324304E-01
  5.7513097E-04 -4.99865250708828979E-01
  5.8013209E-04 -4.99865260542768974E-01
  5.8517645E-04 -4.99865270548071561E-01
  5.9026442E-04 -4.99865280727716632E-01
  5.9539638E-04 -4.99865291084737151E-01
  6.0057270E-04 -4.99865301622218150E-01
  6.0579378E-04 -4.99865312343295343E-01
  6.1105999E-04 -4.99865323251164784E-01
  6.1637174E-04 -4.99865334349073764E-01
  6.2172941E-04 -4.99865345640324421E-01
  6.2713339E-04 -4.99865357128281895E-01
  6.3258410E-04 -4.99865368816362066E-01
  6.3808193E-04 -4.99865380708050422E-01
  6.4362730E-04 -4.99865392806884856E-01
  6.4922060E-04 -4.99865405116467987E-01
  6.5486227E-04 -4.99865417640461274E-01
  6.6055271E-04 -4.99865430382597509E-01
  6.6629234E-04 -4.99865443346666938E-01
  6.7208160E-04 -4.99865456536529307E-01
  6.7792091E-04 -4.99865469956110475E-01
  6.8381070E-04 -4.99865483609406913E-01
  6.8975141E-04 -4.99865497500477374E-01
  6.9574348E-04 -4.99865511633459825E-01
  7.0178736E-04 -4.99865526012558459E-01
  7.0788349E-04 -4.99865540642053519E-01
  7.1403232E-04 -4.99865555526297189E-01
  7.2023432E-04 -4.99865570669718540E-01
  7.2648993E-04 -4.99865586076826074E-01
  7.3279963E-04 -4.99865601752201516E-01
  7.3916387E-04 -4.99865617700509635E-01
  7.4558314E-04 -4.99865633926497577E-01
  7.5205791E-04 -4.99865650434990760E-01
  7.5858865E-04 -4.99865667230897703E-01
  7.6517586E-04 -4.99865684319221182E-01
  7.7182001E-04 -4.99865701705041909E-01
  7.7852161E-04 -4.99865719393531360E-01
  7.8528115E-04 -4.99865737389950715E-01
  7.9209913E-04 -4.99865755699652414E-01
  7.9897605E-04 -4.99865774328086654E-01
  8.0591242E-04 -4.99865793280788673E-01
  8.1290877E-04 -4.99865812563400069E-01
  8.1996560E-04 -4.99865832181654035E-01
  8.2708344E-04 -4.99865852141386124E-01
  8.3426282E-04 -4.99865872448530368E-01
  8.4150427E-04 -4.99865893109131099E-01
  8.4880832E-04 -4.99865914129323241E-01
  8.5617552E-04 -4.99865935515364401E-01
  8.6360641E-04 -4.99865957273614658E-01
  8.7110155E-04 -4.99865979410540895E-01
  8.7866149E-04 -4.99866001932722293E-01
  8.8628679E-04 -4.99866024846861268E-01
  8.9397801E-04 -4.99866048159769705E-01
  9.0173573E-04 -4.99866071878378337E-01
  9.0956051E-04 -4.99866096009738026E-01
  9.1745295E-04 -4.99866120561024530E-01
  9.2541362E-04 -4.99866145539537621E-01
  9.3344311E-04 -4.99866170952700029E-01
  9.4154202E-04 -4.99866196808068264E-01
  9.4971095E-04 -4.99866223113329344E-01
  9.5795051E-04 -4.99866249876300406E-01
  9.6626130E-04 -4.99866277104937085E-01
  9.7464394E-04 -4.99866304807339568E-01
  9.8309906E-04 -4.99866332991733109E-01
  9.9162727E-04 -4.99866361666497838E-01
  1.0002292E-03 -4.99866390840158881E-01
  1.0089055E-03 -4.99866420521384580E-01
  1.0176569E-03 -4.99866450718999378E-01
  1.0264838E-03 -4.99866481441978983E-01
  1.0353871E-03 -4.99866512699448540E-01
  1.0443674E-03 -4.99866544500698673E-01
  1.0534253E-03 -4.99866576855184208E-01
  1.0625615E-03 -4.99866609772515125E-01
  1.0717767E-03 -4.99866643262476651E-01
  1.0810716E-03 -4.99866677335019494E-01
  1.0904469E-03 -4.99866712000268054E-01
  1.0999031E-03 -4.99866747268523259E-01
  1.1094412E-03 -4.99866783150265448E-01
  1.1190617E-03 -4.99866819656155925E-01
  1.1287654E-03 -4.99866856797043346E-01
  1.1385529E-03 -4.99866894583960053E-01
  1.1484251E-03 -4.99866933028130955E-01
  1.1583827E-03 -4.99866972140983856E-01
  1.1684263E-03 -4.99867011934133743E-01
  1.1785568E-03 -4.99867052419406876E-01
  1.1887748E-03 -4.99867093608829971E-01
  1.1990812E-03 -4.99867135514638294E-01
  1.2094767E-03 -4.99867178149282942E-01
  1.2199621E-03 -4.99867221525426064E-01
  1.2305381E-03 -4.99867265655957793E-01
  1.2412055E-03 -4.99867310553982203E-01
  1.2519652E-03 -4.99867356232842674E-01
  1.2628179E-03 -4.99867402706101027E-01
  1.2737644E-03 -4.99867449987566714E-01
  1.2848056E-03 -4.99867498091280393E-01
  1.2959422E-03 -4.99867547031532855E-01
  1.3071751E-03 -4.99867596822858584E-01
  1.3185051E-03 -4.99867647480049693E-01
  1.3299331E-03 -4.99867699018144596E-01
  1.3414599E-03 -4.99867751452458264E-01
  1.3530863E-03 -4.99867804798559690E-01
  1.3648132E-03 -4.99867859072294585E-01
  1.3766416E-03 -4.99867914289779058E-01
  1.3885722E-03 -4.99867970467411771E-01
  1.4006059E-03 -4.99868027621877709E-01
  1.4127437E-03 -4.99868085770150239E-01
  1.4249864E-03 -4.99868144929497826E-01
  1.4373349E-03 -4.99868205117489695E-01
  1.4497903E-03 -4.99868266351994939E-01
  1.4623533E-03 -4.99868328651200067E-01
  1.4750249E-03 -4.99868392033605669E-01
  1.4878060E-03 -4.99868456518030246E-01
  1.5006977E-03 -4.99868522123621872E-01
  1.5137008E-03 -4.99868588869864627E-01
  1.5268164E-03 -4.99868656776575715E-01
  1.5400453E-03 -4.99868725863914787E-01
  1.5533886E-03 -4.99868796152399542E-01
  1.5668472E-03 -4.99868867662896232E-01
  1.5804223E-03 -4.99868940416637098E-01
  1.5941146E-03 -4.99869014435226688E-01
  1.6079254E-03 -4.99869089740637429E-01
  1.6218555E-03 -4.99869166355227323E-01
  1.6359061E-03 -4.99869244301745286E-01
  1.6500782E-03 -4.99869323603332361E-01
  1.6643728E-03 -4.99869404283531105E-01
  1.6787910E-03 -4.99869486366287363E-01
  1.6933338E-03 -4.99869569875977360E-01
  1.7080023E-03 -4.99869654837388211E-01
  1.7227977E-03 -4.99869741275746016E-01
  1.7377210E-03 -4.99869829216707251E-01
  1.7527733E-03 -4.99869918686377923E-01
  1.7679558E-03 -4.99870009711317953E-01
  1.7832695E-03 -4.99870102318547116E-01
  1.7987156E-03 -4.99870196535559308E-01
  1.8142952E-03 -4.99870292390315718E-01
  1.8300095E-03 -4.99870389911276247E-01
  1.8458597E-03 -4.99870489127384909E-01
  1.8618469E-03 -4.99870590068088760E-01
  1.8779724E-03 -4.99870692763350111E-01
  1.8942372E-03 -4.99870797243652409E-01
  1.9106427E-03 -4.99870903540007183E-01
  1.9271900E-03 -4.99871011683966082E-01
  1.9438804E-03 -4.99871121707622601E-01
  1.9607150E-03 -4.99871233643633672E-01
  1.9776952E-03 -4.99871347525225662E-01
  1.9948222E-03 -4.99871463386191817E-01
  2.0120973E-03 -4.99871581260924958E-01
  2.0295217E-03 -4.99871701184402384E-01
  2.0470968E-03 -4.99871823192221953E-01
  2.0648238E-03 -4.99871947320588594E-01
  2.0827041E-03 -4.99872073606343059E-01
  2.1007390E-03 -4.99872202086962814E-01
  2.1189298E-03 -4.99872332800576746E-01
  2.1372778E-03 -4.99872465785975384E-01
  2.1557845E-03 -4.99872601082628487E-01
  2.1744512E-03 -4.99872738730680055E-01
  2.1932792E-03 -4.99872878770983020E-01
  2.2122701E-03 -4.99873021245092919E-01
  2.2314251E-03 -4.99873166195286378E-01
  2.2507457E-03 -4.99873313664583208E-01
  2.2702334E-03 -4.99873463696737186E-01
  2.2898896E-03 -4.99873616336268145E-01
  2.3097156E-03 -4.99873771628475461E-01
  2.3297131E-03 -4.99873929619433666E-01
  2.3498835E-03 -4.99874090356026979E-01
  2.3702283E-03 -4.99874253885949194E-01
  2.3907489E-03 -4.99874420257721497E-01
  2.4114470E-03 -4.99874589520711510E-01
  2.4323240E-03 -4.99874761725140559E-01
  2.4533815E-03 -4.99874936922105384E-01
  2.4746211E-03 -4.99875115163587846E-01
  2.4960443E-03 -4.99875296502472866E-01
  2.5176527E-03 -4.99875480992562182E-01
  2.5394479E-03 -4.99875668688594677E-01
  2.5614315E-03 -4.99875859646262299E-01
  2.5836052E-03 -4.99876053922218122E-01
  2.6059706E-03 -4.99876251574102426E-01
  2.6285294E-03 -4.99876452660554915E-01
  2.6512832E-03 -4.99876657241234590E-01
  2.6742337E-03 -4.99876865376835011E-01
  2.6973827E-03 -4.99877077129112002E-01
  2.7207318E-03 -4.99877292560877706E-01
  2.7442827E-03 -4.99877511736051827E-01
  2.7680372E-03 -4.99877734719654299E-01
  2.7919972E-03 -4.99877961577835095E-01
  2.8161642E-03 -4.99878192377897934E-01
  2.8405402E-03 -4.99878427188308994E-01
  2.8651270E-03 -4.99878666078726608E-01
  2.8899263E-03 -4.99878909120019366E-01
  2.9149400E-03 -4.99879156384283263E-01
  2.9401700E-03 -4.99879407944872622E-01
  2.9656180E-03 -4.99879663876406588E-01
  2.9912862E-03 -4.99879924254809982E-01
  3.0171762E-03 -4.99880189157316968E-01
  3.0432900E-03 -4.99880458662509741E-01
  3.0696296E-03 -4.99880732850330911E-01
  3.0961970E-03 -4.99881011802114750E-01
  3.1229940E-03 -4.99881295600600573E-01
  3.1500227E-03 -4.99881584329976758E-01
  3.1772851E-03 -4.99881878075882802E-01
  3.2047832E-03 -4.99882176925449173E-01
  3.2325190E-03 -4.99882480967319076E-01
  3.2604946E-03 -4.99882790291677981E-01
  3.2887120E-03 -4.99883104990271165E-01
  3.3171735E-03 -4.99883425156441352E-01
  3.3458810E-03 -4.99883750885154743E-01
  3.3748366E-03 -4.99884082273017005E-01
  3.4040426E-03 -4.99884419418318571E-01
  3.4335011E-03 -4.99884762421057893E-01
  3.4632143E-03 -4.99885111382964653E-01
  3.4931844E-03 -4.99885466407537560E-01
  3.5234136E-03 -4.99885827600075883E-01
  3.5539041E-03 -4.99886195067698269E-01
  3.5846583E-03 -4.99886568919391427E-01
  3.6156783E-03 -4.99886949266032887E-01
  3.6469665E-03 -4.99887336220419753E-01
  3.6785252E-03 -4.99887729897318944E-01
  3.7103568E-03 -4.99888130413480292E-01
  3.7424635E-03 -4.99888537887682005E-01
  3.7748479E-03 -4.99888952440769530E-01
  3.8075122E-03 -4.99889374195679470E-01
  3.8404589E-03 -4.99889803277488720E-01
  3.8736905E-03 -4.99890239813443826E-01
  3.9072093E-03 -4.99890683933003510E-01
  3.9410180E-03 -4.99891135767869976E-01
  3.9751189E-03 -4.99891595452032711E-01
  4.0095147E-03 -4.99892063121809449E-01
  4.0442078E-03 -4.99892538915885087E-01
  4.0792008E-03 -4.99893022975347878E-01
  4.1144964E-03 -4.99893515443741165E-01
  4.1500972E-03 -4.99894016467098246E-01
  4.1860057E-03 -4.99894526193987054E-01
  4.2222247E-03 -4.99895044775554465E-01
  4.2587568E-03 -4.99895572365574747E-01
  4.2956048E-03 -4.99896109120487764E-01
  4.3327713E-03 -4.99896655199453921E-01
  4.3702592E-03 -4.99897210764392419E-01
  4.4080711E-03 -4.99897775980036152E-01
  4.4462100E-03 -4.99898351013976394E-01
  4.4846785E-03 -4.99898936036716257E-01
  4.5234797E-03 -4.99899531221716709E-01
  4.5626163E-03 -4.99900136745446200E-01
  4.6020913E-03 -4.99900752787450497E-01
  4.6419075E-03 -4.99901379530375556E-01
  4.6820680E-03 -4.99902017160048895E-01
  4.7225757E-03 -4.99902665865519014E-01
  4.7634336E-03 -4.99903325839119783E-01
  4.8046448E-03 -4.99903997276519629E-01
  4.8462122E-03 -4.99904680376786759E-01
  4.8881390E-03 -4.99905375342446556E-01
  4.9304283E-03 -4.99906082379534211E-01
  4.9730832E-03 -4.99906801697671266E-01
  5.0161069E-03 -4.99907533510104918E-01
  5.0595025E-03 -4.99908278033796616E-01
  5.1032733E-03 -4.99909035489467690E-01
  5.1474225E-03 -4.99909806101666632E-01
  5.1919535E-03 -4.99910590098853302E-01
  5.2368694E-03 -4.99911387713436739E-01
  5.2821736E-03 -4.99912199181871297E-01
  5.3278695E-03 -4.99913024744711942E-01
  5.3739605E-03 -4.99913864646691686E-01
  5.4204500E-03 -4.99914719136784369E-01
  5.4673414E-03 -4.99915588468293925E-01
  5.5146381E-03 -4.99916472898917219E-01
  5.5623438E-03 -4.99917372690821149E-01
  5.6104620E-03 -4.99918288110728137E-01
  5.6589961E-03 -4.99919219429986295E-01
  5.7079498E-03 -4.99920166924655796E-01
  5.7573268E-03 -4.99921130875585096E-01
  5.8071307E-03 -4.99922111568498584E-01
  5.8573651E-03 -4.99923109294081291E-01
  5.9080339E-03 -4.99924124348061993E-01
  5.9591407E-03 -4.99925157031300749E-01
  6.0106893E-03 -4.99926207649882937E-01
  6.0626836E-03 -4.99927276515197472E-01
  6.1151274E-03 -4.99928363944044940E-01
  6.1680247E-03 -4.99929470258722364E-01
  6.2213792E-03 -4.99930595787116017E-01
  6.2751950E-03 -4.99931740862806839E-01
  6.3294761E-03 -4.99932905825168250E-01
  6.3842265E-03 -4.99934091019452409E-01
  6.4394502E-03 -4.99935296796911288E-01
  6.4951514E-03 -4.99936523514886044E-01
  6.5513341E-03 -4.99937771536925313E-01
  6.6080026E-03 -4.99939041232879633E-01
  6.6651610E-03 -4.99940332979017354E-01
  6.7228135E-03 -4.99941647158145264E-01
  6.7809645E-03 -4.99942984159698955E-01
  6.8396183E-03 -4.99944344379884109E-01
  6.8987791E-03 -4.99945728221767638E-01
  6.9584514E-03 -4.99947136095422295E-01
  7.0186396E-03 -4.99948568418028927E-01
  7.0793481E-03 -4.99950025614011695E-01
  7.1405815E-03 -4.99951508115149212E-01
  7.2023443E-03 -4.99953016360719593E-01
  7.2646411E-03 -4.99954550797620523E-01
  7.3274765E-03 -4.99956111880501208E-01
  7.3908551E-03 -4.99957700071898381E-01
  7.4547816E-03 -4.99959315842374963E-01
  7.5192609E-03 -4.99960959670655958E-01
  7.5842975E-03 -4.99962632043769784E-01
  7.6498965E-03 -4.99964333457197707E-01
  7.7160626E-03 -4.99966064415008071E-01
  7.7828007E-03 -4.99967825430022383E-01
  7.8501158E-03 -4.99969617023953428E-01
  7.9180129E-03 -4.99971439727559419E-01
  7.9864970E-03 -4.99973294080816699E-01
  8.0555732E-03 -4.99975180633054239E-01
  8.1252466E-03 -4.99977099943133441E-01
  8.1955223E-03 -4.99979052579613004E-01
  8.2664056E-03 -4.99981039120909798E-01
  8.3379018E-03 -4.99983060155468950E-01
  8.4100160E-03 -4.99985116281948805E-01
  8.4827537E-03 -4.99987208109387571E-01
  8.5561203E-03 -4.99989336257375183E-01
  8.6301212E-03 -4.99991501356263357E-01
  8.7047618E-03 -4.99993704047323406E-01
  8.7800478E-03 -4.99995944982948026E-01
  8.8559846E-03 -4.99998224826851245E-01
  8.9325779E-03 -5.00000544254241563E-01
  9.0098335E-03 -5.00002903952050159E-01
  9.0877569E-03 -5.00005304619112745E-01
  9.1663540E-03 -5.00007746966373845E-01
  9.2456307E-03 -5.00010231717120113E-01
  9.3255927E-03 -5.00012759607164625E-01
  9.4062461E-03 -5.00015331385084361E-01
  9.4875967E-03 -5.00017947812434360E-01
  9.5696506E-03 -5.00020609663971105E-01
  9.6524140E-03 -5.00023317727881556E-01
  9.7358929E-03 -5.00026072806008415E-01
  9.8200935E-03 -5.00028875714109255E-01
  9.9050220E-03 -5.00031727282068905E-01
  9.9906849E-03 -5.00034628354169230E-01
  1.0077088E-02 -5.00037579789307074E-01
  1.0164239E-02 -5.00040582461284577E-01
  1.0252143E-02 -5.00043637259039775E-01
  1.0340806E-02 -5.00046745086914601E-01
  1.0430237E-02 -5.00049906864927673E-01
  1.0520440E-02 -5.00053123529042964E-01
  1.0611424E-02 -5.00056396031436923E-01
  1.0703194E-02 -5.00059725340793348E-01
  1.0795757E-02 -5.00063112442576618E-01
  1.0889121E-02 -5.00066558339326450E-01
  1.0983292E-02 -5.00070064050956109E-01
  1.1078277E-02 -5.00073630615045062E-01
  1.1174083E-02 -5.00077259087148396E-01
  1.1270717E-02 -5.00080950541111680E-01
  1.1368187E-02 -5.00084706069382157E-01
  1.1466500E-02 -5.00088526783333598E-01
  1.1565663E-02 -5.00092413813587044E-01
  1.1665682E-02 -5.00096368310342987E-01
  1.1766567E-02 -5.00100391443733527E-01
  1.1868324E-02 -5.00104484404151783E-01
  1.1970960E-02 -5.00108648402608713E-01
  1.2074484E-02 -5.00112884671080726E-01
  1.2178903E-02 -5.00117194462888270E-01
  1.2284225E-02 -5.00121579053049659E-01
  1.2390457E-02 -5.00126039738664208E-01
  1.2497608E-02 -5.00130577839280943E-01
  1.2605685E-02 -5.00135194697303165E-01
  1.2714696E-02 -5.00139891678372361E-01
  1.2824650E-02 -5.00144670171772221E-01
  1.2935555E-02 -5.00149531590830976E-01
  1.3047418E-02 -5.00154477373347728E-01
  1.3160248E-02 -5.00159508982006118E-01
  1.3274054E-02 -5.00164627904802872E-01
  1.3388844E-02 -5.00169835655489337E-01
  1.3504626E-02 -5.00175133774010572E-01
  1.3621410E-02 -5.00180523826964429E-01
  1.3739203E-02 -5.00186007408054079E-01
  1.3858014E-02 -5.00191586138556854E-01
  1.3977852E-02 -5.00197261667797877E-01
  1.4098727E-02 -5.00203035673639551E-01
  1.4220646E-02 -5.00208909862971174E-01
  1.4343620E-02 -5.00214885972203094E-01
  1.4467657E-02 -5.00220965767780745E-01
  1.4592766E-02 -5.00227151046702900E-01
  1.4718957E-02 -5.00233443637045361E-01
  1.4846238E-02 -5.00239845398493976E-01
  1.4974620E-02 -5.00246358222894538E-01
  1.5104113E-02 -5.00252984034802672E-01
  1.5234724E-02 -5.00259724792044835E-01
  1.5366465E-02 -5.00266582486299960E-01
  1.5499345E-02 -5.00273559143671664E-01
  1.5633373E-02 -5.00280656825279224E-01
  1.5768561E-02 -5.00287877627873634E-01
  1.5904917E-02 -5.00295223684440460E-01
  1.6042452E-02 -5.00302697164819676E-01
  1.6181176E-02 -5.00310300276348152E-01
  1.6321099E-02 -5.00318035264496697E-01
  1.6462232E-02 -5.00325904413534195E-01
  1.6604585E-02 -5.00333910047184749E-01
  1.6748169E-02 -5.00342054529311797E-01
  1.6892995E-02 -5.00350340264594906E-01
  1.7039072E-02 -5.00358769699256301E-01
  1.7186413E-02 -5.00367345321752532E-01
  1.7335027E-02 -5.00376069663502787E-01
  1.7484926E-02 -5.00384945299637396E-01
  1.7636121E-02 -5.00393974849730361E-01
  1.7788623E-02 -5.00403160978579287E-01
  1.7942443E-02 -5.00412506396968548E-01
  1.8097594E-02 -5.00422013862463433E-01
  1.8254086E-02 -5.00431686180211499E-01
  1.8411930E-02 -5.00441526203759479E-01
  1.8571140E-02 -5.00451536835877731E-01
  1.8731726E-02 -5.00461721029410000E-01
  1.8893700E-02 -5.00472081788126300E-01
  1.9057074E-02 -5.00482622167593427E-01
  1.9221861E-02 -5.00493345276076251E-01
  1.9388073E-02 -5.00504254275416227E-01
  1.9555722E-02 -5.00515352381963208E-01
  1.9724820E-02 -5.00526642867509142E-01
  1.9895380E-02 -5.00538129060232651E-01
  2.0067414E-02 -5.00549814345653821E-01
  2.0240936E-02 -5.00561702167631961E-01
  2.0415958E-02 -5.00573796029351703E-01
  2.0592493E-02 -5.00586099494337300E-01
  2.0770555E-02 -5.00598616187482359E-01
  2.0950156E-02 -5.00611349796103666E-01
  2.1131309E-02 -5.00624304071002113E-01
  2.1314029E-02 -5.00637482827543168E-01
  2.1498329E-02 -5.00650889946762434E-01
  2.1684222E-02 -5.00664529376489531E-01
  2.1871722E-02 -5.00678405132472970E-01
  2.2060843E-02 -5.00692521299544335E-01
  2.2251599E-02 -5.00706882032814882E-01
  2.2444004E-02 -5.00721491558834386E-01
  2.2638073E-02 -5.00736354176833931E-01
  2.2833819E-02 -5.00751474259966578E-01
  2.3031258E-02 -5.00766856256537496E-01
  2.3230404E-02 -5.00782504691307806E-01
  2.3431272E-02 -5.00798424166784772E-01
  2.3633876E-02 -5.00814619364541969E-01
  2.3838232E-02 -5.00831095046562758E-01
  2.4044354E-02 -5.00847856056608753E-01
  2.4252259E-02 -5.00864907321604713E-01
  2.4461961E-02 -5.00882253853049964E-01
  2.4673476E-02 -5.00899900748448590E-01
  2.4886819E-02 -5.00917853192778817E-01
  2.5102008E-02 -5.00936116459959169E-01
  2.5319056E-02 -5.00954695914375470E-01
  2.5537981E-02 -5.00973597012387195E-01
  2.5758799E-02 -5.00992825303904654E-01
  2.5981526E-02 -5.01012386433957624E-01
  2.6206178E-02 -5.01032286144312389E-01
  2.6432773E-02 -5.01052530275106434E-01
  2.6661327E-02 -5.01073124766496125E-01
  2.6891856E-02 -5.01094075660359017E-01
  2.7124379E-02 -5.01115389102006925E-01
  2.7358912E-02 -5.01137071341932083E-01
  2.7595472E-02 -5.01159128737571402E-01
  2.7834078E-02 -5.01181567755111468E-01
  2.8074747E-02 -5.01204394971325518E-01
  2.8317496E-02 -5.01227617075428511E-01
  2.8562344E-02 -5.01251240870964732E-01
  2.8809309E-02 -5.01275273277734801E-01
  2.9058409E-02 -5.01299721333751669E-01
  2.9309663E-02 -5.01324592197211594E-01
  2.9563089E-02 -5.01349893148526182E-01
  2.9818706E-02 -5.01375631592355320E-01
  3.0076533E-02 -5.01401815059709821E-01
  3.0336588E-02 -5.01428451210042536E-01
  3.0598893E-02 -5.01455547833409399E-01
  3.0863465E-02 -5.01483112852655788E-01
  3.1130324E-02 -5.01511154325636532E-01
  3.1399490E-02 -5.01539680447460778E-01
  3.1670984E-02 -5.01568699552790376E-01
  3.1944824E-02 -5.01598220118161686E-01
  3.2221033E-02 -5.01628250764353578E-01
  3.2499629E-02 -5.01658800258782289E-01
  3.2780634E-02 -5.01689877517948468E-01
  3.3064068E-02 -5.01721491609910974E-01
  3.3349952E-02 -5.01753651756806862E-01
  3.3638309E-02 -5.01786367337404227E-01
  3.3929158E-02 -5.01819647889696352E-01
  3.4222522E-02 -5.01853503113558364E-01
  3.4518422E-02 -5.01887942873398774E-01
  3.4816880E-02 -5.01922977200902509E-01
  3.5117919E-02 -5.01958616297784044E-01
  3.5421560E-02 -5.01994870538601701E-01
  3.5727826E-02 -5.02031750473600491E-01
  3.6036740E-02 -5.02069266831609906E-01
  3.6348325E-02 -5.02107430522986231E-01
  3.6662604E-02 -5.02146252642591384E-01
  3.6979600E-02 -5.02185744472834039E-01
  3.7299336E-02 -5.02225917486736506E-01
  3.7621837E-02 -5.02266783351064228E-01
  3.7947126E-02 -5.02308353929499574E-01
  3.8275227E-02 -5.02350641285859378E-01
  3.8606165E-02 -5.02393657687369322E-01
  3.8939964E-02 -5.02437415607981719E-01
  3.9276648E-02 -5.02481927731743050E-01
  3.9616244E-02 -5.02527206956218664E-01
  3.9958775E-02 -5.02573266395960561E-01
  4.0304268E-02 -5.02620119386035791E-01
  4.0652748E-02 -5.02667779485604593E-01
  4.1004241E-02 -5.02716260481544830E-01
  4.1358772E-02 -5.02765576392142366E-01
  4.1716369E-02 -5.02815741470821975E-01
  4.2077057E-02 -5.02866770209951630E-01
  4.2440864E-02 -5.02918677344688425E-01
  4.2807816E-02 -5.02971477856881899E-01
  4.3177940E-02 -5.03025186979041194E-01
  4.3551264E-02 -5.03079820198352512E-01
  4.3927816E-02 -5.03135393260760844E-01
  4.4307623E-02 -5.03191922175108663E-01
  4.4690714E-02 -5.03249423217335123E-01
  4.5077117E-02 -5.03307912934728652E-01
  4.5466861E-02 -5.03367408150251272E-01
  4.5859974E-02 -5.03427925966922096E-01
  4.6256486E-02 -5.03489483772236346E-01
  4.6656425E-02 -5.03552099242704165E-01
  4.7059823E-02 -5.03615790348390990E-01
  4.7466708E-02 -5.03680575357561833E-01
  4.7877111E-02 -5.03746472841368975E-01
  4.8291062E-02 -5.03813501678621822E-01
  4.8708592E-02 -5.03881681060602937E-01
  4.9129731E-02 -5.03951030495962349E-01
  4.9554512E-02 -5.04021569815676140E-01
  4.9982965E-02 -5.04093319178069210E-01
  5.0415122E-02 -5.04166299073909641E-01
  5.0851015E-02 -5.04240530331564241E-01
  5.1290677E-02 -5.04316034122230472E-01
  5.1734140E-02 -5.04392831965230215E-01
  5.2181437E-02 -5.04470945733380027E-01
  5.2632601E-02 -5.04550397658419247E-01
  5.3087666E-02 -5.04631210336521474E-01
  5.3546665E-02 -5.04713406733870773E-01
  5.4009632E-02 -5.04797010192302609E-01
  5.4476602E-02 -5.04882044435032928E-01
  5.4947609E-02 -5.04968533572429101E-01
  5.5422688E-02 -5.05056502107889438E-01
  5.5901874E-02 -5.05145974943768450E-01
  5.6385203E-02 -5.05236977387375941E-01
  5.6872711E-02 -5.05329535157063248E-01
  5.7364433E-02 -5.05423674388367883E-01
  5.7860407E-02 -5.05519421640243882E-01
  5.8360669E-02 -5.05616803901338785E-01
  5.8865256E-02 -5.05715848596381079E-01
  5.9374205E-02 -5.05816583592606506E-01
  5.9887554E-02 -5.05919037206286171E-01
  6.0405341E-02 -5.06023238209292070E-01
  6.0927605E-02 -5.06129215835772306E-01
  6.1454385E-02 -5.06236999788879038E-01
  6.1985718E-02 -5.06346620247559609E-01
  6.2521645E-02 -5.06458107873450358E-01
  6.3062206E-02 -5.06571493817803864E-01
  6.3607439E-02 -5.06686809728516985E-01
  6.4157387E-02 -5.06804087757215527E-01
  6.4712090E-02 -5.06923360566411851E-01
  6.5271588E-02 -5.07044661336734315E-01
  6.5835923E-02 -5.07168023774223209E-01
  6.6405137E-02 -5.07293482117689432E-01
  6.6979272E-02 -5.07421071146153202E-01
  6.7558371E-02 -5.07550826186340176E-01
  6.8142476E-02 -5.07682783120239067E-01
  6.8731632E-02 -5.07816978392740648E-01
  6.9325881E-02 -5.07953449019317604E-01
  6.9925268E-02 -5.08092232593781667E-01
  7.0529836E-02 -5.08233367296094918E-01
  7.1139631E-02 -5.08376891900252703E-01
  7.1754699E-02 -5.08522845782191202E-01
  7.2375084E-02 -5.08671268927795794E-01
  7.3000832E-02 -5.08822201940925645E-01
  7.3631991E-02 -5.08975686051514886E-01
  7.4268606E-02 -5.09131763123706338E-01
  7.4910725E-02 -5.09290475664044950E-01
  7.5558395E-02 -5.09451866829709998E-01
  7.6211665E-02 -5.09615980436799010E-01
  7.6870583E-02 -5.09782860968635121E-01
  7.7535197E-02 -5.09952553584130719E-01
  7.8205558E-02 -5.10125104126171847E-01
  7.8881714E-02 -5.10300559130045683E-01
  7.9563715E-02 -5.10478965831881570E-01
  8.0251613E-02 -5.10660372177135891E-01
  8.0945458E-02 -5.10844826829072729E-01
  8.1645302E-02 -5.11032379177288054E-01
  8.2351196E-02 -5.11223079346226794E-01
  8.3063193E-02 -5.11416978203721895E-01
  8.3781346E-02 -5.11614127369522720E-01
  8.4505708E-02 -5.11814579223841770E-01
  8.5236332E-02 -5.12018386915879198E-01
  8.5973272E-02 -5.12225604372345766E-01
  8.6716584E-02 -5.12436286305952837E-01
  8.7466322E-02 -5.12650488223923895E-01
  8.8222542E-02 -5.12868266436408926E-01
  8.8985300E-02 -5.13089678064932331E-01
  8.9754652E-02 -5.13314781050748570E-01
  9.0530656E-02 -5.13543634163187268E-01
  9.1313369E-02 -5.13776297007913496E-01
  9.2102848E-02 -5.14012830035140644E-01
  9.2899154E-02 -5.14253294547761364E-01
  9.3702343E-02 -5.14497752709422440E-01
  9.4512477E-02 -5.14746267552467995E-01
  9.5329614E-02 -5.14998902985841833E-01
  9.6153817E-02 -5.15255723802827026E-01
  9.6985144E-02 -5.15516795688702123E-01
  9.7823659E-02 -5.15782185228278234E-01
  9.8669424E-02 -5.16051959913240266E-01
  9.9522501E-02 -5.16326188149428211E-01
  1.0038295E-01 -5.16604939263878959E-01
  1.0125084E-01 -5.16888283511737323E-01
  1.0212624E-01 -5.17176292082961675E-01
  1.0300920E-01 -5.17469037108843399E-01
  1.0389980E-01 -5.17766591668301968E-01
  1.0479809E-01 -5.18069029793964630E-01
  1.0570415E-01 -5.18376426477990870E-01
  1.0661805E-01 -5.18688857677642279E-01
  1.0753985E-01 -5.19006400320598638E-01
  1.0846961E-01 -5.19329132309937269E-01
  1.0940742E-01 -5.19657132528847154E-01
  1.1035333E-01 -5.19990480845006320E-01
  1.1130742E-01 -5.20329258114594184E-01
  1.1226976E-01 -5.20673546185960845E-01
  1.1324041E-01 -5.21023427902897351E-01
  1.1421946E-01 -5.21378987107506742E-01
  1.1520698E-01 -5.21740308642642980E-01
  1.1620303E-01 -5.22107478353894483E-01
  1.1720770E-01 -5.22480583091095241E-01
  1.1822104E-01 -5.22859710709341008E-01
  1.1924315E-01 -5.23244950069471360E-01
  1.2027410E-01 -5.23636391038006965E-01
  1.2131396E-01 -5.24034124486497110E-01
  1.2236281E-01 -5.24438242290269363E-01
  1.2342073E-01 -5.24848837326544082E-01
  1.2448779E-01 -5.25266003471857257E-01
  1.2556408E-01 -5.25689835598821653E-01
  1.2664968E-01 -5.26120429572127124E-01
  1.2774466E-01 -5.26557882243765762E-01
  1.2884911E-01 -5.27002291447504545E-01
  1.2996310E-01 -5.27453755992449036E-01
  1.3108673E-01 -5.27912375655803068E-01
  1.3222007E-01 -5.28378251174647207E-01
  1.3336321E-01 -5.28851484236819047E-01
  1.3451623E-01 -5.29332177470754783E-01
  1.3567922E-01 -5.29820434434304377E-01
  1.3685227E-01 -5.30316359602477139E-01
  1.3803545E-01 -5.30820058354022017E-01
  1.3922887E-01 -5.31331636956861919E-01
  1.4043260E-01 -5.31851202552276026E-01
  1.4164674E-01 -5.32378863137811797E-01
  1.4287138E-01 -5.32914727548860934E-01
  1.4410660E-01 -5.33458905438851438E-01
  1.4535251E-01 -5.34011507257993290E-01
  1.4660918E-01 -5.34572644230518201E-01
  1.4787673E-01 -5.35142428330357744E-01
  1.4915522E-01 -5.35720972255210870E-01
  1.5044478E-01 -5.36308389398902241E-01
  1.5174548E-01 -5.36904793821994963E-01
  1.5305742E-01 -5.37510300220586990E-01
  1.5438071E-01 -5.38125023893198273E-01
  1.5571544E-01 -5.38749080705713479E-01
  1.5706171E-01 -5.39382587054261675E-01
  1.5841962E-01 -5.40025659825990823E-01
  1.5978927E-01 -5.40678416357646907E-01
  1.6117075E-01 -5.41340974391866347E-01
  1.6256419E-01 -5.42013452031098297E-01
  1.6396967E-01 -5.42695967689099446E-01
  1.6538730E-01 -5.43388640039866311E-01
  1.6681718E-01 -5.44091587963937751E-01
  1.6825943E-01 -5.44804930491978534E-01
  1.6971415E-01 -5.45528786745536953E-01
  1.7118145E-01 -5.46263275874861010E-01
  1.7266143E-01 -5.47008516993703009E-01
  1.7415420E-01 -5.47764629110983226E-01
  1.7565988E-01 -5.48531731059205385E-01
  1.7717858E-01 -5.49309941419495851E-01
  1.7871041E-01 -5.50099378443226428E-01
  1.8025548E-01 -5.50900159969973102E-01
  1.8181391E-01 -5.51712403341824587E-01
  1.8338581E-01 -5.52536225313791651E-01
  1.8497131E-01 -5.53371741960303809E-01
  1.8657051E-01 -5.54219068577571528E-01
  1.8818353E-01 -5.55078319581724600E-01
  1.8981051E-01 -5.55949608402582784E-01
  1.9145154E-01 -5.56833047372898182E-01
  1.9310677E-01 -5.57728747612950215E-01
  1.9477630E-01 -5.58636818910306587E-01
  1.9646027E-01 -5.59557369594658183E-01
  1.9815880E-01 -5.60490506407489097E-01
  1.9987202E-01 -5.61436334366500533E-01
  2.0160004E-01 -5.62394956624575504E-01
  2.0334301E-01 -5.63366474323122590E-01
  2.0510104E-01 -5.64350986439655311E-01
  2.0687427E-01 -5.65348589629390719E-01
  2.0866283E-01 -5.66359378060733887E-01
  2.1046686E-01 -5.67383443244413255E-01
  2.1228648E-01 -5.68420873856128939E-01
  2.1412184E-01 -5.69471755552493630E-01
  2.1597306E-01 -5.70536170780090557E-01
  2.1784029E-01 -5.71614198577419463E-01
  2.1972366E-01 -5.72705914369588065E-01
  2.2162331E-01 -5.73811389755470191E-01
  2.2353938E-01 -5.74930692287190404E-01
  2.2547202E-01 -5.76063885241662188E-01
  2.2742137E-01 -5.77211027384031405E-01
  2.2938758E-01 -5.78372172722740108E-01
  2.3137078E-01 -5.79547370256032646E-01
  2.3337113E-01 -5.80736663709662260E-01
  2.3538877E-01 -5.81940091265575110E-01
  2.3742385E-01 -5.83157685281343596E-01
  2.3947653E-01 -5.84389472000104937E-01
  2.4154696E-01 -5.85635471250785411E-01
  2.4363529E-01 -5.86895696138364675E-01
  2.4574167E-01 -5.88170152723927919E-01
  2.4786626E-01 -5.89458839694296466E-01
  2.5000922E-01 -5.90761748020958932E-01
  2.5217071E-01 -5.92078860608087898E-01
  2.5435088E-01 -5.93410151929372631E-01
  2.5654990E-01 -5.94755587653441720E-01
  2.5876794E-01 -5.96115124257621698E-01
  2.6100515E-01 -5.97488708629787313E-01
  2.6326170E-01 -5.98876277658059508E-01
  2.6553776E-01 -6.00277757808106105E-01
  2.6783350E-01 -6.01693064687816470E-01
  2.7014908E-01 -6.03122102599080279E-01
  2.7248469E-01 -6.04564764076478967E-01
  2.7484049E-01 -6.06020929412611542E-01
  2.7721665E-01 -6.07490466169855137E-01
  2.7961336E-01 -6.08973228678331480E-01
  2.8203079E-01 -6.10469057519852698E-01
  2.8446912E-01 -6.11977778997635724E-01
  2.8692853E-01 -6.13499204591600011E-01
  2.8940921E-01 -6.15033130399015193E-01
  2.9191133E-01 -6.16579336560350688E-01
  2.9443508E-01 -6.18137586670122863E-01
  2.9698065E-01 -6.19707627172589093E-01
  2.9954823E-01 -6.21289186742124633E-01
  3.0213800E-01 -6.22881975648161057E-01
  3.0475017E-01 -6.24485685104526733E-01
  3.0738492E-01 -6.26099986603128600E-01
  3.1004245E-01 -6.27724531231851235E-01
  3.1272295E-01 -6.29358948976594279E-01
  3.1542663E-01 -6.31002848007459982E-01
  3.1815369E-01 -6.32655813948970747E-01
  3.2090432E-01 -6.34317409134380061E-01
  3.2367873E-01 -6.35987171844124899E-01
  3.2647713E-01 -6.37664615528358625E-01
  3.2929972E-01 -6.39349228013793458E-01
  3.3214671E-01 -6.41040470694843934E-01
  3.3501832E-01 -6.42737777709301294E-01
  3.3791475E-01 -6.44440555098704126E-01
  3.4083623E-01 -6.46148179953609403E-01
  3.4378296E-01 -6.47859999544088905E-01
  3.4675517E-01 -6.49575330435713250E-01
  3.4975307E-01 -6.51293457591423652E-01
  3.5277690E-01 -6.53013633459700649E-01
  3.5582686E-01 -6.54735077049505620E-01
  3.5890320E-01 -6.56456972992502386E-01
  3.6200613E-01 -6.58178470593200116E-01
  3.6513588E-01 -6.59898682867620212E-01
  3.6829270E-01 -6.61616685571258079E-01
  3.7147681E-01 -6.63331516217099182E-01
  3.7468844E-01 -6.65042173084619437E-01
  3.7792785E-01 -6.66747614220667528E-01
  3.8119526E-01 -6.68446756433326295E-01
  3.8449091E-01 -6.70138474279855068E-01
  3.8781506E-01 -6.71821599049960860E-01
  3.9116795E-01 -6.73494917745699695E-01
  3.9454983E-01 -6.75157172059510535E-01
  3.9796094E-01 -6.76807057351832553E-01
  4.0140155E-01 -6.78443221630055548E-01
  4.0487190E-01 -6.80064264530536144E-01
  4.0837225E-01 -6.81668736305597878E-01
  4.1190287E-01 -6.83255136817579101E-01
  4.1546401E-01 -6.84821914542097732E-01
  4.1905594E-01 -6.86367465582855107E-01
  4.2267892E-01 -6.87890132700475943E-01
  4.2633322E-01 -6.89388204358014289E-01
  4.3001912E-01 -6.90859913785936142E-01
  4.3373688E-01 -6.92303438069557742E-01
  4.3748679E-01 -6.93716897262073418E-01
  4.4126912E-01 -6.95098353526559576E-01
  4.4508414E-01 -6.96445810310441393E-01
  4.4893215E-01 -6.97757211556195300E-01
  4.5281343E-01 -6.99030440952211118E-01
  4.5672826E-01 -7.00263321227990732E-01
  4.6067694E-01 -7.01453613498035589E-01
  4.6465976E-01 -7.02599016659067988E-01
  4.6867701E-01 -7.03697166845420607E-01
  4.7272899E-01 -7.04745636947678333E-01
  4.7681600E-01 -7.05741936199936193E-01
  4.8093835E-01 -7.06683509841265378E-01
  4.8509634E-01 -7.07567738857270978E-01
  4.8929027E-01 -7.08391939807856752E-01
  4.9352047E-01 -7.09153364747655113E-01
  4.9778723E-01 -7.09849201245813410E-01
  5.0209089E-01 -7.10476572512110938E-01
  5.0643175E-01 -7.11032537636752449E-01
  5.1081014E-01 -7.11514091951390260E-01
  5.1522639E-01 -7.11918167519307477E-01
  5.1968081E-01 -7.12241633762934589E-01
  5.2417375E-01 -7.12481298237294780E-01
  5.2870553E-01 -7.12633907558130608E-01
  5.3327649E-01 -7.12696148493943915E-01
  5.3788696E-01 -7.12664649231378844E-01
  5.4253730E-01 -7.12535980823747139E-01
  5.4722784E-01 -7.12306658832821071E-01
  5.5195894E-01 -7.11973145174274236E-01
  5.5673093E-01 -7.11531850177510972E-01
  5.6154419E-01 -7.10979134870926566E-01
  5.6639905E-01 -7.10311313503872332E-01
  5.7129589E-01 -7.09524656316949165E-01
  5.7623506E-01 -7.08615392572485958E-01
  5.8121694E-01 -7.07579713857342307E-01
  5.8624189E-01 -7.06413777670368503E-01
  5.9131028E-01 -7.05113711307135960E-01
  5.9642249E-01 -7.03675616054680431E-01
  6.0157889E-01 -7.02095571709250521E-01
  6.0677988E-01 -7.00369641430118595E-01
  6.1202583E-01 -6.98493876942669512E-01
  6.1731714E-01 -6.96464324104047572E-01
  6.2265419E-01 -6.94277028844674904E-01
  6.2803738E-01 -6.91928043498916123E-01
  6.3346712E-01 -6.89413433538160314E-01
  6.3894379E-01 -6.86729284719403976E-01
  6.4446782E-01 -6.83871710662301346E-01
  6.5003960E-01 -6.80836860867362503E-01
  6.5565956E-01 -6.77620929187694565E-01
  6.6132810E-01 -6.74220162766255515E-01
  6.6704565E-01 -6.70630871450131893E-01
  6.7281263E-01 -6.66849437692753733E-01
  6.7862947E-01 -6.62872326954309754E-01
  6.8449660E-01 -6.58696098609799385E-01
  6.9041445E-01 -6.54317417373278198E-01
  6.9638346E-01 -6.49733065245806762E-01
  7.0240408E-01 -6.44939953993442172E-01
  7.0847676E-01 -6.39935138160246608E-01
  7.1460193E-01 -6.34715828619874523E-01
  7.2078006E-01 -6.29279406667557772E-01
  7.2701160E-01 -6.23623438652535556E-01
  7.3329702E-01 -6.17745691148862908E-01
  7.3963677E-01 -6.11644146660345389E-01
  7.4603134E-01 -6.05317019852809612E-01
  7.5248119E-01 -5.98762774304239964E-01
  7.5898681E-01 -5.91980139760303281E-01
  7.6554867E-01 -5.84968129879559817E-01
  7.7216726E-01 -5.77726060449090251E-01
  7.7884307E-01 -5.70253568047460746E-01
  7.8557659E-01 -5.62550629127725466E-01
  7.9236833E-01 -5.54617579488706269E-01
  7.9921879E-01 -5.46455134097868500E-01
  8.0612848E-01 -5.38064407223873942E-01
  8.1309790E-01 -5.29446932831231898E-01
  8.2012758E-01 -5.20604685183367666E-01
  8.2721803E-01 -5.11540099593906117E-01
  8.3436978E-01 -5.02256093259017655E-01
  8.4158336E-01 -4.92756086096104662E-01
  8.4885931E-01 -4.83044021506245480E-01
  8.5619817E-01 -4.73124386969220934E-01
  8.6360047E-01 -4.63002234370942067E-01
  8.7106676E-01 -4.52683199953525239E-01
  8.7859761E-01 -4.42173523767999066E-01
  8.8619357E-01 -4.31480068498982794E-01
  8.9385519E-01 -4.20610337519227995E-01
  9.0158306E-01 -4.09572492019972534E-01
  9.0937773E-01 -3.98375367050538443E-01
  9.1723980E-01 -3.87028486287326001E-01
  9.2516984E-01 -3.75542075338723191E-01
  9.3316843E-01 -3.63927073377965038E-01
  9.4123618E-01 -3.52195142881188972E-01
  9.4937368E-01 -3.40358677232435070E-01
  9.5758153E-01 -3.28430805941497095E-01
  9.6586034E-01 -3.16425397204227798E-01
  9.7421073E-01 -3.04357057518271468E-01
  9.8263331E-01 -2.92241128050372501E-01
  9.9112870E-01 -2.80093677434461674E-01
  9.9969755E-01 -2.67931490662812521E-01
  1.0083405E+00 -2.55772053715935754E-01
  1.0170581E+00 -2.43633533560623450E-01
  1.0258511E+00 -2.31534753130083537E-01
  1.0347202E+00 -2.19495160885610219E-01
  1.0436659E+00 -2.07534794546037044E-01
  1.0526889E+00 -1.95674238560043456E-01
  1.0617900E+00 -1.83934574887124058E-01
  1.0709698E+00 -1.72337326646964467E-01
  1.0802289E+00 -1.60904394194170047E-01
  1.0895680E+00 -1.49657983176817083E-01
  1.0989879E+00 -1.38620524143944546E-01
  1.1084893E+00 -1.27814583279819233E-01
  1.1180728E+00 -1.17262763862799449E-01
  1.1277391E+00 -1.06987598075036716E-01
  1.1374890E+00 -9.70114288277739850E-02
  1.1473232E+00 -8.73562813170252472E-02
  1.1572424E+00 -7.80437240880024613E-02
  1.1672474E+00 -6.90947194658265429E-02
  1.1773389E+00 -6.05294633071482083E-02
  1.1875176E+00 -5.23672141450748432E-02
  1.1977844E+00 -4.46261119410471807E-02
  1.2081399E+00 -3.73229868255329431E-02
  1.2185849E+00 -3.04731584081555269E-02
  1.2291202E+00 -2.40902264712876887E-02
  1.2397466E+00 -1.81858541338268051E-02
  1.2504649E+00 -1.27695448888133153E-02
  1.2612758E+00 -7.84841528526855972E-03
  1.2721802E+00 -3.42696544749549002E-03
  1.2831789E+00  4.93149889436534533E-04
  1.2942727E+00  3.91334659347670165E-03
  1.3054623E+00  6.83832872976545842E-03
  1.3167488E+00  9.27629394466104699E-03
  1.3281327E+00  1.12391212298065934E-02
  1.3396152E+00  1.27425347290312553E-02
  1.3511969E+00  1.38062362031007666E-02
  1.3628787E+00  1.44539975862247542E-02
  1.3746615E+00  1.47137037391932603E-02
  1.3865462E+00  1.46173340111659840E-02
  1.3985336E+00  1.42008695479288235E-02
  1.4106247E+00  1.35041114092585776E-02
  1.4228203E+00  1.25703924604945380E-02
  1.4351213E+00  1.14461636593495772E-02
  1.4475287E+00  1.01804258817434351E-02
  1.4600434E+00  8.82398873094994256E-03
  1.4726662E+00  7.42852813204037104E-03
  1.4853982E+00  6.04541088121948126E-03
  1.4982402E+00  4.72425027110606049E-03
  1.5111933E+00  3.51115240075867193E-03
  1.5242584E+00  2.44660775012741196E-03
  1.5374364E+00  1.56297699376483647E-03
  1.5507284E+00  8.81513781638976527E-04
  1.5641352E+00  4.08860254211473959E-04
  1.5776580E+00  1.32943305431400607E-04
  1.5912977E+00  1.81909780907674126E-05
  1.6050553E+00  0.00000000000000000E+00
  1.6189319E+00  0.00000000000000000E+00
  1.6329284E+00  0.00000000000000000E+00
  1.6470459E+00  0.00000000000000000E+00
  1.6612855E+00  0.00000000000000000E+00
  1.6756482E+00  0.00000000000000000E+00
  1.6901351E+00  0.00000000000000000E+00
  1.7047472E+00  0.00000000000000000E+00
  1.7194856E+00  0.00000000000000000E+00
  1.7343515E+00  0.00000000000000000E+00
  1.7493459E+00  0.00000000000000000E+00
