 # l=           1 basis function with energy    0.000000000000000E+000
  0.0000E+00  0.0000E+00  0.0000E+00  0.0000E+00
  2.8818E-08  1.1743E-15  5.9525E-16  1.3893E-20
  5.7886E-08  4.7380E-15  2.4016E-15  5.6147E-20
  8.7205E-08  1.0753E-14  5.4505E-15  1.2745E-19
  1.1678E-07  1.9283E-14  9.7740E-15  2.2855E-19
  1.4661E-07  3.0391E-14  1.5405E-14  3.6022E-19
  1.7669E-07  4.4145E-14  2.2376E-14  5.2324E-19
  2.0704E-07  6.0610E-14  3.0722E-14  7.1840E-19
  2.3765E-07  7.9856E-14  4.0478E-14  9.4653E-19
  2.6852E-07  1.0195E-13  5.1678E-14  1.2084E-18
  2.9966E-07  1.2697E-13  6.4359E-14  1.5050E-18
  3.3107E-07  1.5498E-13  7.8558E-14  1.8370E-18
  3.6275E-07  1.8606E-13  9.4312E-14  2.2054E-18
  3.9470E-07  2.2029E-13  1.1166E-13  2.6110E-18
  4.2693E-07  2.5773E-13  1.3064E-13  3.0549E-18
  4.5944E-07  2.9848E-13  1.5129E-13  3.5378E-18
  4.9223E-07  3.4260E-13  1.7366E-13  4.0609E-18
  5.2531E-07  3.9019E-13  1.9778E-13  4.6249E-18
  5.5867E-07  4.4132E-13  2.2370E-13  5.2310E-18
  5.9232E-07  4.9609E-13  2.5146E-13  5.8801E-18
  6.2625E-07  5.5457E-13  2.8110E-13  6.5732E-18
  6.6049E-07  6.1685E-13  3.1267E-13  7.3115E-18
  6.9502E-07  6.8303E-13  3.4622E-13  8.0959E-18
  7.2984E-07  7.5320E-13  3.8178E-13  8.9276E-18
  7.6497E-07  8.2745E-13  4.1942E-13  9.8077E-18
  8.0040E-07  9.0588E-13  4.5917E-13  1.0737E-17
  8.3614E-07  9.8858E-13  5.0109E-13  1.1718E-17
  8.7219E-07  1.0757E-12  5.4523E-13  1.2750E-17
  9.0855E-07  1.1672E-12  5.9164E-13  1.3835E-17
  9.4522E-07  1.2633E-12  6.4036E-13  1.4974E-17
  9.8221E-07  1.3641E-12  6.9146E-13  1.6169E-17
  1.0195E-06  1.4697E-12  7.4499E-13  1.7421E-17
  1.0572E-06  1.5803E-12  8.0101E-13  1.8731E-17
  1.0951E-06  1.6958E-12  8.5956E-13  2.0100E-17
  1.1334E-06  1.8164E-12  9.2071E-13  2.1530E-17
  1.1720E-06  1.9423E-12  9.8452E-13  2.3022E-17
  1.2110E-06  2.0736E-12  1.0510E-12  2.4578E-17
  1.2503E-06  2.2103E-12  1.1204E-12  2.6198E-17
  1.2899E-06  2.3526E-12  1.1925E-12  2.7885E-17
  1.3299E-06  2.5007E-12  1.2676E-12  2.9640E-17
  1.3702E-06  2.6546E-12  1.3456E-12  3.1465E-17
  1.4108E-06  2.8145E-12  1.4266E-12  3.3360E-17
  1.4518E-06  2.9805E-12  1.5108E-12  3.5328E-17
  1.4932E-06  3.1528E-12  1.5981E-12  3.7370E-17
  1.5349E-06  3.3315E-12  1.6887E-12  3.9488E-17
  1.5770E-06  3.5167E-12  1.7825E-12  4.1683E-17
  1.6195E-06  3.7086E-12  1.8798E-12  4.3957E-17
  1.6623E-06  3.9073E-12  1.9805E-12  4.6313E-17
  1.7055E-06  4.1129E-12  2.0848E-12  4.8750E-17
  1.7491E-06  4.3257E-12  2.1926E-12  5.1273E-17
  1.7930E-06  4.5458E-12  2.3042E-12  5.3881E-17
  1.8373E-06  4.7733E-12  2.4195E-12  5.6578E-17
  1.8820E-06  5.0084E-12  2.5387E-12  5.9364E-17
  1.9271E-06  5.2513E-12  2.6618E-12  6.2243E-17
  1.9726E-06  5.5020E-12  2.7889E-12  6.5215E-17
  2.0185E-06  5.7609E-12  2.9201E-12  6.8284E-17
  2.0647E-06  6.0281E-12  3.0555E-12  7.1450E-17
  2.1114E-06  6.3036E-12  3.1952E-12  7.4717E-17
  2.1585E-06  6.5879E-12  3.3393E-12  7.8085E-17
  2.2060E-06  6.8809E-12  3.4878E-12  8.1558E-17
  2.2538E-06  7.1829E-12  3.6409E-12  8.5138E-17
  2.3021E-06  7.4940E-12  3.7986E-12  8.8826E-17
  2.3509E-06  7.8146E-12  3.9611E-12  9.2626E-17
  2.4000E-06  8.1447E-12  4.1284E-12  9.6539E-17
  2.4496E-06  8.4846E-12  4.3007E-12  1.0057E-16
  2.4996E-06  8.8345E-12  4.4781E-12  1.0471E-16
  2.5500E-06  9.1946E-12  4.6606E-12  1.0898E-16
  2.6009E-06  9.5650E-12  4.8484E-12  1.1337E-16
  2.6522E-06  9.9461E-12  5.0415E-12  1.1789E-16
  2.7039E-06  1.0338E-11  5.2402E-12  1.2254E-16
  2.7561E-06  1.0741E-11  5.4445E-12  1.2731E-16
  2.8088E-06  1.1155E-11  5.6544E-12  1.3222E-16
  2.8619E-06  1.1581E-11  5.8703E-12  1.3727E-16
  2.9154E-06  1.2019E-11  6.0920E-12  1.4246E-16
  2.9694E-06  1.2468E-11  6.3199E-12  1.4778E-16
  3.0239E-06  1.2930E-11  6.5540E-12  1.5326E-16
  3.0789E-06  1.3404E-11  6.7944E-12  1.5888E-16
  3.1343E-06  1.3891E-11  7.0413E-12  1.6465E-16
  3.1903E-06  1.4391E-11  7.2947E-12  1.7058E-16
  3.2467E-06  1.4905E-11  7.5549E-12  1.7666E-16
  3.3035E-06  1.5432E-11  7.8220E-12  1.8291E-16
  3.3609E-06  1.5972E-11  8.0961E-12  1.8932E-16
  3.4188E-06  1.6527E-11  8.3773E-12  1.9589E-16
  3.4772E-06  1.7096E-11  8.6659E-12  2.0264E-16
  3.5361E-06  1.7680E-11  8.9618E-12  2.0956E-16
  3.5954E-06  1.8279E-11  9.2654E-12  2.1666E-16
  3.6553E-06  1.8893E-11  9.5767E-12  2.2394E-16
  3.7158E-06  1.9523E-11  9.8959E-12  2.3140E-16
  3.7767E-06  2.0169E-11  1.0223E-11  2.3906E-16
  3.8382E-06  2.0830E-11  1.0559E-11  2.4690E-16
  3.9002E-06  2.1509E-11  1.0903E-11  2.5494E-16
  3.9627E-06  2.2204E-11  1.1255E-11  2.6319E-16
  4.0258E-06  2.2917E-11  1.1616E-11  2.7163E-16
  4.0894E-06  2.3647E-11  1.1986E-11  2.8028E-16
  4.1536E-06  2.4395E-11  1.2365E-11  2.8915E-16
  4.2183E-06  2.5161E-11  1.2754E-11  2.9823E-16
  4.2836E-06  2.5946E-11  1.3152E-11  3.0754E-16
  4.3495E-06  2.6750E-11  1.3559E-11  3.1706E-16
  4.4159E-06  2.7573E-11  1.3976E-11  3.2682E-16
  4.4829E-06  2.8416E-11  1.4404E-11  3.3681E-16
  4.5505E-06  2.9279E-11  1.4841E-11  3.4704E-16
  4.6186E-06  3.0163E-11  1.5289E-11  3.5752E-16
  4.6874E-06  3.1067E-11  1.5748E-11  3.6824E-16
  4.7567E-06  3.1993E-11  1.6217E-11  3.7922E-16
  4.8266E-06  3.2941E-11  1.6697E-11  3.9045E-16
  4.8972E-06  3.3911E-11  1.7189E-11  4.0195E-16
  4.9684E-06  3.4904E-11  1.7692E-11  4.1371E-16
  5.0401E-06  3.5920E-11  1.8207E-11  4.2575E-16
  5.1125E-06  3.6959E-11  1.8734E-11  4.3807E-16
  5.1855E-06  3.8022E-11  1.9273E-11  4.5067E-16
  5.2592E-06  3.9110E-11  1.9824E-11  4.6357E-16
  5.3335E-06  4.0222E-11  2.0388E-11  4.7676E-16
  5.4084E-06  4.1361E-11  2.0965E-11  4.9025E-16
  5.4840E-06  4.2525E-11  2.1555E-11  5.0404E-16
  5.5602E-06  4.3715E-11  2.2159E-11  5.1815E-16
  5.6371E-06  4.4932E-11  2.2776E-11  5.3258E-16
  5.7146E-06  4.6177E-11  2.3407E-11  5.4734E-16
  5.7929E-06  4.7450E-11  2.4052E-11  5.6242E-16
  5.8718E-06  4.8751E-11  2.4711E-11  5.7785E-16
  5.9514E-06  5.0082E-11  2.5386E-11  5.9362E-16
  6.0316E-06  5.1442E-11  2.6075E-11  6.0974E-16
  6.1126E-06  5.2832E-11  2.6780E-11  6.2622E-16
  6.1943E-06  5.4253E-11  2.7500E-11  6.4307E-16
  6.2766E-06  5.5706E-11  2.8237E-11  6.6028E-16
  6.3597E-06  5.7190E-11  2.8989E-11  6.7788E-16
  6.4435E-06  5.8707E-11  2.9758E-11  6.9586E-16
  6.5280E-06  6.0258E-11  3.0544E-11  7.1424E-16
  6.6133E-06  6.1842E-11  3.1347E-11  7.3301E-16
  6.6993E-06  6.3461E-11  3.2167E-11  7.5220E-16
  6.7860E-06  6.5115E-11  3.3006E-11  7.7180E-16
  6.8735E-06  6.6804E-11  3.3862E-11  7.9183E-16
  6.9618E-06  6.8531E-11  3.4737E-11  8.1230E-16
  7.0508E-06  7.0294E-11  3.5631E-11  8.3320E-16
  7.1405E-06  7.2096E-11  3.6544E-11  8.5455E-16
  7.2311E-06  7.3936E-11  3.7477E-11  8.7636E-16
  7.3224E-06  7.5815E-11  3.8430E-11  8.9864E-16
  7.4146E-06  7.7735E-11  3.9403E-11  9.2140E-16
  7.5075E-06  7.9696E-11  4.0397E-11  9.4463E-16
  7.6012E-06  8.1698E-11  4.1412E-11  9.6837E-16
  7.6957E-06  8.3743E-11  4.2448E-11  9.9260E-16
  7.7911E-06  8.5831E-11  4.3507E-11  1.0174E-15
  7.8873E-06  8.7963E-11  4.4587E-11  1.0426E-15
  7.9843E-06  9.0140E-11  4.5691E-11  1.0684E-15
  8.0821E-06  9.2363E-11  4.6818E-11  1.0948E-15
  8.1808E-06  9.4632E-11  4.7968E-11  1.1217E-15
  8.2804E-06  9.6949E-11  4.9142E-11  1.1491E-15
  8.3808E-06  9.9315E-11  5.0341E-11  1.1772E-15
  8.4820E-06  1.0173E-10  5.1565E-11  1.2058E-15
  8.5842E-06  1.0419E-10  5.2815E-11  1.2350E-15
  8.6872E-06  1.0671E-10  5.4090E-11  1.2648E-15
  8.7911E-06  1.0928E-10  5.5392E-11  1.2953E-15
  8.8960E-06  1.1190E-10  5.6721E-11  1.3264E-15
  9.0017E-06  1.1458E-10  5.8077E-11  1.3581E-15
  9.1083E-06  1.1731E-10  5.9462E-11  1.3904E-15
  9.2159E-06  1.2009E-10  6.0874E-11  1.4235E-15
  9.3244E-06  1.2294E-10  6.2316E-11  1.4572E-15
  9.4338E-06  1.2584E-10  6.3787E-11  1.4916E-15
  9.5442E-06  1.2880E-10  6.5289E-11  1.5267E-15
  9.6555E-06  1.3183E-10  6.6821E-11  1.5625E-15
  9.7678E-06  1.3491E-10  6.8384E-11  1.5991E-15
  9.8811E-06  1.3806E-10  6.9979E-11  1.6364E-15
  9.9953E-06  1.4127E-10  7.1607E-11  1.6744E-15
  1.0111E-05  1.4454E-10  7.3267E-11  1.7133E-15
  1.0227E-05  1.4789E-10  7.4962E-11  1.7529E-15
  1.0344E-05  1.5130E-10  7.6690E-11  1.7933E-15
  1.0462E-05  1.5477E-10  7.8454E-11  1.8345E-15
  1.0582E-05  1.5832E-10  8.0253E-11  1.8766E-15
  1.0702E-05  1.6194E-10  8.2088E-11  1.9195E-15
  1.0823E-05  1.6564E-10  8.3960E-11  1.9633E-15
  1.0946E-05  1.6940E-10  8.5869E-11  2.0080E-15
  1.1069E-05  1.7325E-10  8.7817E-11  2.0535E-15
  1.1194E-05  1.7717E-10  8.9804E-11  2.1000E-15
  1.1319E-05  1.8116E-10  9.1830E-11  2.1474E-15
  1.1446E-05  1.8524E-10  9.3897E-11  2.1957E-15
  1.1574E-05  1.8940E-10  9.6006E-11  2.2450E-15
  1.1702E-05  1.9364E-10  9.8156E-11  2.2953E-15
  1.1832E-05  1.9797E-10  1.0035E-10  2.3465E-15
  1.1964E-05  2.0238E-10  1.0258E-10  2.3988E-15
  1.2096E-05  2.0688E-10  1.0487E-10  2.4522E-15
  1.2229E-05  2.1147E-10  1.0719E-10  2.5065E-15
  1.2364E-05  2.1615E-10  1.0956E-10  2.5620E-15
  1.2499E-05  2.2092E-10  1.1198E-10  2.6185E-15
  1.2636E-05  2.2578E-10  1.1445E-10  2.6762E-15
  1.2774E-05  2.3074E-10  1.1696E-10  2.7350E-15
  1.2914E-05  2.3580E-10  1.1953E-10  2.7950E-15
  1.3054E-05  2.4096E-10  1.2214E-10  2.8561E-15
  1.3196E-05  2.4622E-10  1.2481E-10  2.9184E-15
  1.3339E-05  2.5158E-10  1.2752E-10  2.9820E-15
  1.3483E-05  2.5704E-10  1.3029E-10  3.0468E-15
  1.3628E-05  2.6262E-10  1.3312E-10  3.1128E-15
  1.3775E-05  2.6830E-10  1.3600E-10  3.1802E-15
  1.3923E-05  2.7409E-10  1.3894E-10  3.2489E-15
  1.4072E-05  2.8000E-10  1.4193E-10  3.3189E-15
  1.4222E-05  2.8602E-10  1.4498E-10  3.3902E-15
  1.4374E-05  2.9216E-10  1.4809E-10  3.4630E-15
  1.4527E-05  2.9841E-10  1.5126E-10  3.5371E-15
  1.4682E-05  3.0479E-10  1.5450E-10  3.6127E-15
  1.4838E-05  3.1129E-10  1.5779E-10  3.6898E-15
  1.4995E-05  3.1792E-10  1.6115E-10  3.7683E-15
  1.5153E-05  3.2467E-10  1.6457E-10  3.8484E-15
  1.5313E-05  3.3156E-10  1.6806E-10  3.9300E-15
  1.5474E-05  3.3857E-10  1.7162E-10  4.0132E-15
  1.5637E-05  3.4573E-10  1.7525E-10  4.0979E-15
  1.5801E-05  3.5302E-10  1.7894E-10  4.1844E-15
  1.5966E-05  3.6045E-10  1.8271E-10  4.2724E-15
  1.6133E-05  3.6802E-10  1.8655E-10  4.3622E-15
  1.6301E-05  3.7574E-10  1.9046E-10  4.4537E-15
  1.6471E-05  3.8360E-10  1.9445E-10  4.5469E-15
  1.6642E-05  3.9162E-10  1.9851E-10  4.6419E-15
  1.6815E-05  3.9979E-10  2.0265E-10  4.7388E-15
  1.6989E-05  4.0812E-10  2.0687E-10  4.8375E-15
  1.7165E-05  4.1660E-10  2.1117E-10  4.9380E-15
  1.7342E-05  4.2525E-10  2.1556E-10  5.0405E-15
  1.7521E-05  4.3406E-10  2.2002E-10  5.1450E-15
  1.7701E-05  4.4304E-10  2.2457E-10  5.2514E-15
  1.7883E-05  4.5219E-10  2.2921E-10  5.3599E-15
  1.8066E-05  4.6151E-10  2.3394E-10  5.4704E-15
  1.8251E-05  4.7101E-10  2.3875E-10  5.5830E-15
  1.8438E-05  4.8069E-10  2.4366E-10  5.6978E-15
  1.8626E-05  4.9056E-10  2.4866E-10  5.8147E-15
  1.8816E-05  5.0061E-10  2.5376E-10  5.9338E-15
  1.9008E-05  5.1085E-10  2.5895E-10  6.0552E-15
  1.9201E-05  5.2128E-10  2.6424E-10  6.1789E-15
  1.9396E-05  5.3192E-10  2.6963E-10  6.3049E-15
  1.9592E-05  5.4275E-10  2.7512E-10  6.4333E-15
  1.9790E-05  5.5378E-10  2.8071E-10  6.5641E-15
  1.9990E-05  5.6503E-10  2.8641E-10  6.6974E-15
  2.0192E-05  5.7649E-10  2.9222E-10  6.8332E-15
  2.0395E-05  5.8816E-10  2.9814E-10  6.9716E-15
  2.0600E-05  6.0005E-10  3.0416E-10  7.1125E-15
  2.0807E-05  6.1216E-10  3.1030E-10  7.2561E-15
  2.1016E-05  6.2451E-10  3.1656E-10  7.4024E-15
  2.1226E-05  6.3708E-10  3.2293E-10  7.5515E-15
  2.1439E-05  6.4989E-10  3.2943E-10  7.7033E-15
  2.1653E-05  6.6294E-10  3.3604E-10  7.8580E-15
  2.1869E-05  6.7623E-10  3.4278E-10  8.0156E-15
  2.2087E-05  6.8977E-10  3.4965E-10  8.1761E-15
  2.2307E-05  7.0357E-10  3.5664E-10  8.3396E-15
  2.2528E-05  7.1762E-10  3.6376E-10  8.5062E-15
  2.2752E-05  7.3193E-10  3.7102E-10  8.6758E-15
  2.2977E-05  7.4652E-10  3.7841E-10  8.8487E-15
  2.3205E-05  7.6137E-10  3.8594E-10  9.0248E-15
  2.3434E-05  7.7650E-10  3.9361E-10  9.2041E-15
  2.3666E-05  7.9191E-10  4.0142E-10  9.3868E-15
  2.3899E-05  8.0761E-10  4.0938E-10  9.5729E-15
  2.4135E-05  8.2360E-10  4.1748E-10  9.7624E-15
  2.4372E-05  8.3989E-10  4.2574E-10  9.9555E-15
  2.4612E-05  8.5648E-10  4.3415E-10  1.0152E-14
  2.4853E-05  8.7337E-10  4.4272E-10  1.0352E-14
  2.5097E-05  8.9059E-10  4.5144E-10  1.0556E-14
  2.5343E-05  9.0811E-10  4.6033E-10  1.0764E-14
  2.5591E-05  9.2597E-10  4.6938E-10  1.0976E-14
  2.5841E-05  9.4415E-10  4.7859E-10  1.1191E-14
  2.6093E-05  9.6267E-10  4.8798E-10  1.1411E-14
  2.6347E-05  9.8154E-10  4.9754E-10  1.1635E-14
  2.6604E-05  1.0007E-09  5.0728E-10  1.1862E-14
  2.6863E-05  1.0203E-09  5.1720E-10  1.2094E-14
  2.7124E-05  1.0402E-09  5.2730E-10  1.2330E-14
  2.7387E-05  1.0605E-09  5.3759E-10  1.2571E-14
  2.7653E-05  1.0812E-09  5.4807E-10  1.2816E-14
  2.7921E-05  1.1023E-09  5.5874E-10  1.3065E-14
  2.8191E-05  1.1237E-09  5.6961E-10  1.3320E-14
  2.8463E-05  1.1455E-09  5.8067E-10  1.3578E-14
  2.8738E-05  1.1678E-09  5.9194E-10  1.3842E-14
  2.9016E-05  1.1904E-09  6.0342E-10  1.4110E-14
  2.9295E-05  1.2135E-09  6.1511E-10  1.4384E-14
  2.9577E-05  1.2369E-09  6.2701E-10  1.4662E-14
  2.9862E-05  1.2609E-09  6.3913E-10  1.4945E-14
  3.0149E-05  1.2852E-09  6.5148E-10  1.5234E-14
  3.0438E-05  1.3100E-09  6.6405E-10  1.5528E-14
  3.0730E-05  1.3353E-09  6.7685E-10  1.5827E-14
  3.1025E-05  1.3610E-09  6.8988E-10  1.6132E-14
  3.1322E-05  1.3872E-09  7.0316E-10  1.6443E-14
  3.1621E-05  1.4138E-09  7.1667E-10  1.6759E-14
  3.1924E-05  1.4410E-09  7.3044E-10  1.7080E-14
  3.2228E-05  1.4686E-09  7.4445E-10  1.7408E-14
  3.2536E-05  1.4968E-09  7.5872E-10  1.7742E-14
  3.2846E-05  1.5254E-09  7.7326E-10  1.8082E-14
  3.3159E-05  1.5546E-09  7.8805E-10  1.8428E-14
  3.3474E-05  1.5844E-09  8.0312E-10  1.8780E-14
  3.3792E-05  1.6146E-09  8.1846E-10  1.9139E-14
  3.4113E-05  1.6454E-09  8.3408E-10  1.9504E-14
  3.4437E-05  1.6768E-09  8.4999E-10  1.9876E-14
  3.4764E-05  1.7088E-09  8.6619E-10  2.0255E-14
  3.5093E-05  1.7413E-09  8.8268E-10  2.0640E-14
  3.5425E-05  1.7744E-09  8.9947E-10  2.1033E-14
  3.5760E-05  1.8081E-09  9.1657E-10  2.1433E-14
  3.6098E-05  1.8425E-09  9.3397E-10  2.1840E-14
  3.6439E-05  1.8774E-09  9.5170E-10  2.2254E-14
  3.6783E-05  1.9130E-09  9.6974E-10  2.2676E-14
  3.7130E-05  1.9493E-09  9.8812E-10  2.3106E-14
  3.7480E-05  1.9862E-09  1.0068E-09  2.3543E-14
  3.7833E-05  2.0238E-09  1.0259E-09  2.3989E-14
  3.8189E-05  2.0620E-09  1.0453E-09  2.4442E-14
  3.8548E-05  2.1010E-09  1.0650E-09  2.4904E-14
  3.8910E-05  2.1406E-09  1.0851E-09  2.5374E-14
  3.9275E-05  2.1810E-09  1.1056E-09  2.5853E-14
  3.9643E-05  2.2221E-09  1.1264E-09  2.6340E-14
  4.0015E-05  2.2639E-09  1.1476E-09  2.6836E-14
  4.0390E-05  2.3065E-09  1.1692E-09  2.7341E-14
  4.0768E-05  2.3499E-09  1.1912E-09  2.7855E-14
  4.1149E-05  2.3941E-09  1.2136E-09  2.8379E-14
  4.1533E-05  2.4390E-09  1.2364E-09  2.8911E-14
  4.1921E-05  2.4848E-09  1.2596E-09  2.9454E-14
  4.2313E-05  2.5314E-09  1.2832E-09  3.0006E-14
  4.2707E-05  2.5788E-09  1.3073E-09  3.0569E-14
  4.3105E-05  2.6271E-09  1.3317E-09  3.1141E-14
  4.3507E-05  2.6763E-09  1.3567E-09  3.1724E-14
  4.3912E-05  2.7264E-09  1.3820E-09  3.2317E-14
  4.4320E-05  2.7773E-09  1.4079E-09  3.2921E-14
  4.4732E-05  2.8292E-09  1.4342E-09  3.3536E-14
  4.5148E-05  2.8820E-09  1.4609E-09  3.4162E-14
  4.5567E-05  2.9357E-09  1.4882E-09  3.4799E-14
  4.5990E-05  2.9905E-09  1.5159E-09  3.5448E-14
  4.6416E-05  3.0462E-09  1.5442E-09  3.6109E-14
  4.6846E-05  3.1029E-09  1.5729E-09  3.6781E-14
  4.7280E-05  3.1606E-09  1.6022E-09  3.7465E-14
  4.7717E-05  3.2194E-09  1.6320E-09  3.8162E-14
  4.8159E-05  3.2792E-09  1.6623E-09  3.8871E-14
  4.8604E-05  3.3401E-09  1.6932E-09  3.9593E-14
  4.9053E-05  3.4021E-09  1.7246E-09  4.0328E-14
  4.9506E-05  3.4652E-09  1.7566E-09  4.1076E-14
  4.9963E-05  3.5295E-09  1.7892E-09  4.1838E-14
  5.0424E-05  3.5949E-09  1.8223E-09  4.2613E-14
  5.0888E-05  3.6615E-09  1.8561E-09  4.3402E-14
  5.1357E-05  3.7292E-09  1.8904E-09  4.4206E-14
  5.1830E-05  3.7982E-09  1.9254E-09  4.5023E-14
  5.2307E-05  3.8684E-09  1.9610E-09  4.5856E-14
  5.2788E-05  3.9399E-09  1.9972E-09  4.6703E-14
  5.3273E-05  4.0127E-09  2.0341E-09  4.7565E-14
  5.3762E-05  4.0867E-09  2.0717E-09  4.8443E-14
  5.4256E-05  4.1621E-09  2.1099E-09  4.9337E-14
  5.4754E-05  4.2388E-09  2.1488E-09  5.0247E-14
  5.5256E-05  4.3169E-09  2.1884E-09  5.1173E-14
  5.5763E-05  4.3965E-09  2.2287E-09  5.2115E-14
  5.6274E-05  4.4774E-09  2.2697E-09  5.3074E-14
  5.6789E-05  4.5598E-09  2.3115E-09  5.4051E-14
  5.7309E-05  4.6436E-09  2.3540E-09  5.5045E-14
  5.7833E-05  4.7290E-09  2.3972E-09  5.6057E-14
  5.8362E-05  4.8158E-09  2.4413E-09  5.7086E-14
  5.8895E-05  4.9043E-09  2.4861E-09  5.8135E-14
  5.9433E-05  4.9943E-09  2.5317E-09  5.9202E-14
  5.9976E-05  5.0859E-09  2.5782E-09  6.0288E-14
  6.0523E-05  5.1791E-09  2.6254E-09  6.1393E-14
  6.1075E-05  5.2740E-09  2.6736E-09  6.2518E-14
  6.1632E-05  5.3706E-09  2.7225E-09  6.3663E-14
  6.2194E-05  5.4690E-09  2.7724E-09  6.4829E-14
  6.2760E-05  5.5690E-09  2.8231E-09  6.6015E-14
  6.3332E-05  5.6709E-09  2.8748E-09  6.7223E-14
  6.3908E-05  5.7746E-09  2.9273E-09  6.8452E-14
  6.4489E-05  5.8801E-09  2.9808E-09  6.9703E-14
  6.5076E-05  5.9875E-09  3.0353E-09  7.0976E-14
  6.5667E-05  6.0968E-09  3.0907E-09  7.2272E-14
  6.6264E-05  6.2081E-09  3.1471E-09  7.3591E-14
  6.6865E-05  6.3214E-09  3.2045E-09  7.4934E-14
  6.7472E-05  6.4366E-09  3.2629E-09  7.6300E-14
  6.8084E-05  6.5540E-09  3.3224E-09  7.7691E-14
  6.8702E-05  6.6734E-09  3.3830E-09  7.9107E-14
  6.9325E-05  6.7949E-09  3.4446E-09  8.0547E-14
  6.9953E-05  6.9186E-09  3.5073E-09  8.2014E-14
  7.0586E-05  7.0445E-09  3.5711E-09  8.3506E-14
  7.1226E-05  7.1726E-09  3.6361E-09  8.5025E-14
  7.1870E-05  7.3030E-09  3.7022E-09  8.6571E-14
  7.2520E-05  7.4357E-09  3.7695E-09  8.8144E-14
  7.3176E-05  7.5708E-09  3.8379E-09  8.9746E-14
  7.3838E-05  7.7083E-09  3.9076E-09  9.1376E-14
  7.4505E-05  7.8482E-09  3.9786E-09  9.3034E-14
  7.5178E-05  7.9906E-09  4.0508E-09  9.4723E-14
  7.5856E-05  8.1356E-09  4.1242E-09  9.6441E-14
  7.6541E-05  8.2831E-09  4.1990E-09  9.8190E-14
  7.7232E-05  8.4332E-09  4.2751E-09  9.9969E-14
  7.7928E-05  8.5860E-09  4.3526E-09  1.0178E-13
  7.8631E-05  8.7415E-09  4.4314E-09  1.0362E-13
  7.9339E-05  8.8997E-09  4.5117E-09  1.0550E-13
  8.0054E-05  9.0608E-09  4.5933E-09  1.0741E-13
  8.0775E-05  9.2247E-09  4.6764E-09  1.0935E-13
  8.1502E-05  9.3915E-09  4.7610E-09  1.1133E-13
  8.2236E-05  9.5613E-09  4.8471E-09  1.1334E-13
  8.2975E-05  9.7341E-09  4.9347E-09  1.1539E-13
  8.3722E-05  9.9100E-09  5.0238E-09  1.1748E-13
  8.4474E-05  1.0089E-08  5.1146E-09  1.1960E-13
  8.5233E-05  1.0271E-08  5.2069E-09  1.2176E-13
  8.5999E-05  1.0456E-08  5.3009E-09  1.2395E-13
  8.6771E-05  1.0645E-08  5.3965E-09  1.2619E-13
  8.7550E-05  1.0837E-08  5.4938E-09  1.2847E-13
  8.8336E-05  1.1032E-08  5.5929E-09  1.3078E-13
  8.9129E-05  1.1231E-08  5.6937E-09  1.3314E-13
  8.9928E-05  1.1434E-08  5.7963E-09  1.3554E-13
  9.0734E-05  1.1640E-08  5.9007E-09  1.3798E-13
  9.1548E-05  1.1849E-08  6.0069E-09  1.4047E-13
  9.2368E-05  1.2062E-08  6.1151E-09  1.4299E-13
  9.3195E-05  1.2279E-08  6.2251E-09  1.4557E-13
  9.4030E-05  1.2500E-08  6.3371E-09  1.4819E-13
  9.4872E-05  1.2725E-08  6.4511E-09  1.5085E-13
  9.5721E-05  1.2954E-08  6.5670E-09  1.5356E-13
  9.6577E-05  1.3187E-08  6.6851E-09  1.5632E-13
  9.7441E-05  1.3424E-08  6.8052E-09  1.5913E-13
  9.8312E-05  1.3665E-08  6.9274E-09  1.6199E-13
  9.9191E-05  1.3910E-08  7.0518E-09  1.6490E-13
  1.0008E-04  1.4160E-08  7.1784E-09  1.6786E-13
  1.0097E-04  1.4414E-08  7.3073E-09  1.7087E-13
  1.0187E-04  1.4672E-08  7.4384E-09  1.7394E-13
  1.0278E-04  1.4936E-08  7.5718E-09  1.7706E-13
  1.0370E-04  1.5203E-08  7.7075E-09  1.8023E-13
  1.0463E-04  1.5476E-08  7.8457E-09  1.8346E-13
  1.0556E-04  1.5753E-08  7.9863E-09  1.8675E-13
  1.0650E-04  1.6035E-08  8.1294E-09  1.9010E-13
  1.0745E-04  1.6323E-08  8.2750E-09  1.9350E-13
  1.0841E-04  1.6615E-08  8.4232E-09  1.9697E-13
  1.0937E-04  1.6912E-08  8.5740E-09  2.0049E-13
  1.1035E-04  1.7215E-08  8.7274E-09  2.0408E-13
  1.1133E-04  1.7523E-08  8.8836E-09  2.0773E-13
  1.1232E-04  1.7836E-08  9.0425E-09  2.1145E-13
  1.1332E-04  1.8155E-08  9.2042E-09  2.1523E-13
  1.1433E-04  1.8480E-08  9.3688E-09  2.1908E-13
  1.1535E-04  1.8810E-08  9.5362E-09  2.2299E-13
  1.1637E-04  1.9146E-08  9.7067E-09  2.2698E-13
  1.1741E-04  1.9488E-08  9.8801E-09  2.3103E-13
  1.1845E-04  1.9836E-08  1.0057E-08  2.3516E-13
  1.1951E-04  2.0191E-08  1.0236E-08  2.3936E-13
  1.2057E-04  2.0551E-08  1.0419E-08  2.4363E-13
  1.2164E-04  2.0918E-08  1.0605E-08  2.4798E-13
  1.2272E-04  2.1291E-08  1.0794E-08  2.5241E-13
  1.2381E-04  2.1671E-08  1.0987E-08  2.5691E-13
  1.2491E-04  2.2057E-08  1.1183E-08  2.6149E-13
  1.2602E-04  2.2451E-08  1.1382E-08  2.6615E-13
  1.2714E-04  2.2851E-08  1.1585E-08  2.7090E-13
  1.2826E-04  2.3258E-08  1.1791E-08  2.7573E-13
  1.2940E-04  2.3672E-08  1.2001E-08  2.8064E-13
  1.3055E-04  2.4094E-08  1.2215E-08  2.8564E-13
  1.3171E-04  2.4523E-08  1.2433E-08  2.9073E-13
  1.3287E-04  2.4960E-08  1.2654E-08  2.9590E-13
  1.3405E-04  2.5404E-08  1.2879E-08  3.0117E-13
  1.3524E-04  2.5856E-08  1.3109E-08  3.0653E-13
  1.3644E-04  2.6316E-08  1.3342E-08  3.1199E-13
  1.3765E-04  2.6785E-08  1.3579E-08  3.1754E-13
  1.3886E-04  2.7261E-08  1.3821E-08  3.2319E-13
  1.4009E-04  2.7746E-08  1.4067E-08  3.2894E-13
  1.4133E-04  2.8239E-08  1.4317E-08  3.3478E-13
  1.4258E-04  2.8741E-08  1.4571E-08  3.4074E-13
  1.4385E-04  2.9252E-08  1.4830E-08  3.4679E-13
  1.4512E-04  2.9771E-08  1.5094E-08  3.5295E-13
  1.4640E-04  3.0300E-08  1.5362E-08  3.5923E-13
  1.4770E-04  3.0838E-08  1.5635E-08  3.6561E-13
  1.4900E-04  3.1386E-08  1.5913E-08  3.7210E-13
  1.5032E-04  3.1943E-08  1.6195E-08  3.7871E-13
  1.5165E-04  3.2510E-08  1.6483E-08  3.8543E-13
  1.5299E-04  3.3087E-08  1.6775E-08  3.9227E-13
  1.5434E-04  3.3674E-08  1.7073E-08  3.9923E-13
  1.5570E-04  3.4272E-08  1.7376E-08  4.0631E-13
  1.5708E-04  3.4880E-08  1.7684E-08  4.1352E-13
  1.5846E-04  3.5498E-08  1.7998E-08  4.2086E-13
  1.5986E-04  3.6128E-08  1.8317E-08  4.2832E-13
  1.6127E-04  3.6768E-08  1.8642E-08  4.3591E-13
  1.6270E-04  3.7420E-08  1.8972E-08  4.4364E-13
  1.6413E-04  3.8083E-08  1.9308E-08  4.5150E-13
  1.6558E-04  3.8758E-08  1.9650E-08  4.5950E-13
  1.6704E-04  3.9444E-08  1.9999E-08  4.6764E-13
  1.6851E-04  4.0143E-08  2.0353E-08  4.7593E-13
  1.7000E-04  4.0854E-08  2.0713E-08  4.8436E-13
  1.7150E-04  4.1577E-08  2.1080E-08  4.9293E-13
  1.7301E-04  4.2313E-08  2.1453E-08  5.0166E-13
  1.7453E-04  4.3062E-08  2.1833E-08  5.1054E-13
  1.7607E-04  4.3824E-08  2.2219E-08  5.1958E-13
  1.7762E-04  4.4599E-08  2.2613E-08  5.2877E-13
  1.7919E-04  4.5388E-08  2.3013E-08  5.3813E-13
  1.8076E-04  4.6191E-08  2.3420E-08  5.4765E-13
  1.8236E-04  4.7008E-08  2.3834E-08  5.5733E-13
  1.8396E-04  4.7839E-08  2.4256E-08  5.6719E-13
  1.8558E-04  4.8685E-08  2.4684E-08  5.7722E-13
  1.8721E-04  4.9546E-08  2.5121E-08  5.8742E-13
  1.8886E-04  5.0421E-08  2.5565E-08  5.9781E-13
  1.9052E-04  5.1312E-08  2.6017E-08  6.0837E-13
  1.9220E-04  5.2219E-08  2.6476E-08  6.1912E-13
  1.9389E-04  5.3141E-08  2.6944E-08  6.3006E-13
  1.9559E-04  5.4080E-08  2.7420E-08  6.4119E-13
  1.9731E-04  5.5035E-08  2.7905E-08  6.5252E-13
  1.9905E-04  5.6007E-08  2.8397E-08  6.6404E-13
  2.0080E-04  5.6996E-08  2.8899E-08  6.7577E-13
  2.0256E-04  5.8002E-08  2.9409E-08  6.8770E-13
  2.0434E-04  5.9026E-08  2.9928E-08  6.9984E-13
  2.0614E-04  6.0067E-08  3.0456E-08  7.1219E-13
  2.0795E-04  6.1127E-08  3.0994E-08  7.2476E-13
  2.0978E-04  6.2206E-08  3.1541E-08  7.3755E-13
  2.1162E-04  6.3303E-08  3.2097E-08  7.5056E-13
  2.1348E-04  6.4419E-08  3.2664E-08  7.6380E-13
  2.1535E-04  6.5555E-08  3.3240E-08  7.7727E-13
  2.1724E-04  6.6711E-08  3.3826E-08  7.9098E-13
  2.1915E-04  6.7887E-08  3.4422E-08  8.0493E-13
  2.2107E-04  6.9084E-08  3.5029E-08  8.1912E-13
  2.2301E-04  7.0302E-08  3.5647E-08  8.3356E-13
  2.2497E-04  7.1541E-08  3.6275E-08  8.4825E-13
  2.2694E-04  7.2801E-08  3.6914E-08  8.6320E-13
  2.2893E-04  7.4084E-08  3.7565E-08  8.7841E-13
  2.3094E-04  7.5389E-08  3.8227E-08  8.9389E-13
  2.3297E-04  7.6717E-08  3.8900E-08  9.0964E-13
  2.3501E-04  7.8068E-08  3.9585E-08  9.2566E-13
  2.3707E-04  7.9443E-08  4.0283E-08  9.4197E-13
  2.3915E-04  8.0842E-08  4.0992E-08  9.5855E-13
  2.4125E-04  8.2265E-08  4.1714E-08  9.7543E-13
  2.4336E-04  8.3713E-08  4.2448E-08  9.9261E-13
  2.4549E-04  8.5187E-08  4.3196E-08  1.0101E-12
  2.4764E-04  8.6686E-08  4.3956E-08  1.0279E-12
  2.4981E-04  8.8212E-08  4.4730E-08  1.0460E-12
  2.5200E-04  8.9764E-08  4.5517E-08  1.0644E-12
  2.5421E-04  9.1343E-08  4.6318E-08  1.0831E-12
  2.5644E-04  9.2950E-08  4.7133E-08  1.1021E-12
  2.5868E-04  9.4585E-08  4.7962E-08  1.1215E-12
  2.6095E-04  9.6248E-08  4.8806E-08  1.1413E-12
  2.6323E-04  9.7941E-08  4.9664E-08  1.1613E-12
  2.6554E-04  9.9663E-08  5.0537E-08  1.1818E-12
  2.6786E-04  1.0141E-07  5.1426E-08  1.2025E-12
  2.7021E-04  1.0320E-07  5.2330E-08  1.2237E-12
  2.7257E-04  1.0501E-07  5.3250E-08  1.2452E-12
  2.7496E-04  1.0686E-07  5.4186E-08  1.2671E-12
  2.7736E-04  1.0874E-07  5.5139E-08  1.2894E-12
  2.7979E-04  1.1065E-07  5.6108E-08  1.3120E-12
  2.8224E-04  1.1259E-07  5.7094E-08  1.3351E-12
  2.8471E-04  1.1457E-07  5.8097E-08  1.3585E-12
  2.8720E-04  1.1658E-07  5.9118E-08  1.3824E-12
  2.8971E-04  1.1863E-07  6.0157E-08  1.4067E-12
  2.9224E-04  1.2071E-07  6.1213E-08  1.4314E-12
  2.9480E-04  1.2283E-07  6.2289E-08  1.4565E-12
  2.9738E-04  1.2499E-07  6.3382E-08  1.4821E-12
  2.9998E-04  1.2718E-07  6.4496E-08  1.5082E-12
  3.0260E-04  1.2942E-07  6.5628E-08  1.5346E-12
  3.0524E-04  1.3169E-07  6.6780E-08  1.5616E-12
  3.0791E-04  1.3400E-07  6.7953E-08  1.5890E-12
  3.1060E-04  1.3635E-07  6.9146E-08  1.6169E-12
  3.1332E-04  1.3874E-07  7.0359E-08  1.6453E-12
  3.1605E-04  1.4118E-07  7.1594E-08  1.6742E-12
  3.1881E-04  1.4365E-07  7.2851E-08  1.7035E-12
  3.2160E-04  1.4617E-07  7.4129E-08  1.7334E-12
  3.2441E-04  1.4874E-07  7.5430E-08  1.7638E-12
  3.2724E-04  1.5135E-07  7.6753E-08  1.7948E-12
  3.3010E-04  1.5400E-07  7.8100E-08  1.8263E-12
  3.3298E-04  1.5670E-07  7.9470E-08  1.8583E-12
  3.3589E-04  1.5945E-07  8.0864E-08  1.8909E-12
  3.3882E-04  1.6225E-07  8.2282E-08  1.9241E-12
  3.4178E-04  1.6509E-07  8.3725E-08  1.9578E-12
  3.4476E-04  1.6799E-07  8.5193E-08  1.9921E-12
  3.4777E-04  1.7093E-07  8.6687E-08  2.0271E-12
  3.5081E-04  1.7393E-07  8.8207E-08  2.0626E-12
  3.5387E-04  1.7698E-07  8.9753E-08  2.0988E-12
  3.5696E-04  1.8008E-07  9.1327E-08  2.1356E-12
  3.6007E-04  1.8323E-07  9.2927E-08  2.1730E-12
  3.6322E-04  1.8644E-07  9.4556E-08  2.2111E-12
  3.6639E-04  1.8971E-07  9.6213E-08  2.2498E-12
  3.6958E-04  1.9303E-07  9.7899E-08  2.2893E-12
  3.7281E-04  1.9641E-07  9.9615E-08  2.3294E-12
  3.7606E-04  1.9986E-07  1.0136E-07  2.3702E-12
  3.7934E-04  2.0336E-07  1.0314E-07  2.4117E-12
  3.8265E-04  2.0692E-07  1.0494E-07  2.4540E-12
  3.8598E-04  2.1054E-07  1.0678E-07  2.4970E-12
  3.8935E-04  2.1423E-07  1.0865E-07  2.5407E-12
  3.9274E-04  2.1798E-07  1.1055E-07  2.5852E-12
  3.9617E-04  2.2180E-07  1.1249E-07  2.6305E-12
  3.9962E-04  2.2568E-07  1.1446E-07  2.6765E-12
  4.0311E-04  2.2963E-07  1.1647E-07  2.7234E-12
  4.0662E-04  2.3365E-07  1.1850E-07  2.7711E-12
  4.1016E-04  2.3774E-07  1.2058E-07  2.8196E-12
  4.1374E-04  2.4190E-07  1.2269E-07  2.8690E-12
  4.1734E-04  2.4613E-07  1.2484E-07  2.9192E-12
  4.2098E-04  2.5044E-07  1.2702E-07  2.9703E-12
  4.2465E-04  2.5482E-07  1.2925E-07  3.0223E-12
  4.2835E-04  2.5928E-07  1.3151E-07  3.0752E-12
  4.3208E-04  2.6382E-07  1.3381E-07  3.1290E-12
  4.3585E-04  2.6843E-07  1.3615E-07  3.1838E-12
  4.3964E-04  2.7313E-07  1.3854E-07  3.2395E-12
  4.4347E-04  2.7791E-07  1.4096E-07  3.2962E-12
  4.4734E-04  2.8277E-07  1.4343E-07  3.3538E-12
  4.5123E-04  2.8771E-07  1.4594E-07  3.4125E-12
  4.5516E-04  2.9274E-07  1.4849E-07  3.4722E-12
  4.5913E-04  2.9786E-07  1.5109E-07  3.5330E-12
  4.6312E-04  3.0307E-07  1.5373E-07  3.5948E-12
  4.6716E-04  3.0837E-07  1.5642E-07  3.6576E-12
  4.7123E-04  3.1376E-07  1.5915E-07  3.7216E-12
  4.7533E-04  3.1925E-07  1.6194E-07  3.7867E-12
  4.7947E-04  3.2483E-07  1.6477E-07  3.8529E-12
  4.8364E-04  3.3051E-07  1.6765E-07  3.9203E-12
  4.8785E-04  3.3628E-07  1.7058E-07  3.9889E-12
  4.9210E-04  3.4216E-07  1.7356E-07  4.0586E-12
  4.9638E-04  3.4814E-07  1.7660E-07  4.1296E-12
  5.0070E-04  3.5423E-07  1.7969E-07  4.2018E-12
  5.0506E-04  3.6042E-07  1.8283E-07  4.2752E-12
  5.0945E-04  3.6672E-07  1.8602E-07  4.3499E-12
  5.1389E-04  3.7312E-07  1.8928E-07  4.4260E-12
  5.1836E-04  3.7964E-07  1.9258E-07  4.5033E-12
  5.2287E-04  3.8627E-07  1.9595E-07  4.5820E-12
  5.2742E-04  3.9302E-07  1.9937E-07  4.6621E-12
  5.3201E-04  3.9989E-07  2.0286E-07  4.7436E-12
  5.3663E-04  4.0687E-07  2.0640E-07  4.8265E-12
  5.4130E-04  4.1398E-07  2.1001E-07  4.9108E-12
  5.4601E-04  4.2121E-07  2.1368E-07  4.9966E-12
  5.5076E-04  4.2857E-07  2.1741E-07  5.0839E-12
  5.5555E-04  4.3605E-07  2.2121E-07  5.1728E-12
  5.6038E-04  4.4367E-07  2.2508E-07  5.2631E-12
  5.6526E-04  4.5141E-07  2.2901E-07  5.3551E-12
  5.7017E-04  4.5930E-07  2.3301E-07  5.4486E-12
  5.7513E-04  4.6732E-07  2.3708E-07  5.5438E-12
  5.8013E-04  4.7548E-07  2.4122E-07  5.6406E-12
  5.8518E-04  4.8378E-07  2.4543E-07  5.7392E-12
  5.9026E-04  4.9222E-07  2.4972E-07  5.8394E-12
  5.9540E-04  5.0081E-07  2.5408E-07  5.9414E-12
  6.0057E-04  5.0956E-07  2.5852E-07  6.0451E-12
  6.0579E-04  5.1845E-07  2.6303E-07  6.1507E-12
  6.1106E-04  5.2750E-07  2.6763E-07  6.2581E-12
  6.1637E-04  5.3671E-07  2.7230E-07  6.3674E-12
  6.2173E-04  5.4607E-07  2.7705E-07  6.4785E-12
  6.2713E-04  5.5560E-07  2.8189E-07  6.5916E-12
  6.3258E-04  5.6530E-07  2.8681E-07  6.7067E-12
  6.3808E-04  5.7516E-07  2.9182E-07  6.8238E-12
  6.4363E-04  5.8520E-07  2.9691E-07  6.9429E-12
  6.4922E-04  5.9541E-07  3.0210E-07  7.0641E-12
  6.5486E-04  6.0579E-07  3.0737E-07  7.1874E-12
  6.6055E-04  6.1636E-07  3.1273E-07  7.3129E-12
  6.6629E-04  6.2712E-07  3.1819E-07  7.4405E-12
  6.7208E-04  6.3806E-07  3.2375E-07  7.5704E-12
  6.7792E-04  6.4918E-07  3.2940E-07  7.7025E-12
  6.8381E-04  6.6051E-07  3.3514E-07  7.8369E-12
  6.8975E-04  6.7203E-07  3.4099E-07  7.9737E-12
  6.9574E-04  6.8375E-07  3.4694E-07  8.1128E-12
  7.0179E-04  6.9567E-07  3.5300E-07  8.2544E-12
  7.0788E-04  7.0781E-07  3.5916E-07  8.3984E-12
  7.1403E-04  7.2015E-07  3.6542E-07  8.5449E-12
  7.2023E-04  7.3271E-07  3.7180E-07  8.6940E-12
  7.2649E-04  7.4548E-07  3.7828E-07  8.8457E-12
  7.3280E-04  7.5848E-07  3.8488E-07  9.0000E-12
  7.3916E-04  7.7171E-07  3.9160E-07  9.1570E-12
  7.4558E-04  7.8516E-07  3.9843E-07  9.3168E-12
  7.5206E-04  7.9885E-07  4.0538E-07  9.4793E-12
  7.5859E-04  8.1278E-07  4.1245E-07  9.6446E-12
  7.6518E-04  8.2694E-07  4.1964E-07  9.8129E-12
  7.7182E-04  8.4136E-07  4.2696E-07  9.9840E-12
  7.7852E-04  8.5602E-07  4.3441E-07  1.0158E-11
  7.8528E-04  8.7095E-07  4.4199E-07  1.0335E-11
  7.9210E-04  8.8613E-07  4.4970E-07  1.0516E-11
  7.9898E-04  9.0157E-07  4.5754E-07  1.0699E-11
  8.0591E-04  9.1728E-07  4.6552E-07  1.0885E-11
  8.1291E-04  9.3327E-07  4.7363E-07  1.1075E-11
  8.1997E-04  9.4953E-07  4.8189E-07  1.1268E-11
  8.2708E-04  9.6608E-07  4.9030E-07  1.1465E-11
  8.3426E-04  9.8291E-07  4.9884E-07  1.1665E-11
  8.4150E-04  1.0000E-06  5.0754E-07  1.1868E-11
  8.4881E-04  1.0175E-06  5.1639E-07  1.2075E-11
  8.5618E-04  1.0352E-06  5.2539E-07  1.2286E-11
  8.6361E-04  1.0532E-06  5.3455E-07  1.2500E-11
  8.7110E-04  1.0716E-06  5.4387E-07  1.2718E-11
  8.7866E-04  1.0902E-06  5.5335E-07  1.2939E-11
  8.8629E-04  1.1092E-06  5.6300E-07  1.3165E-11
  8.9398E-04  1.1286E-06  5.7281E-07  1.3394E-11
  9.0174E-04  1.1482E-06  5.8280E-07  1.3628E-11
  9.0956E-04  1.1682E-06  5.9296E-07  1.3865E-11
  9.1745E-04  1.1886E-06  6.0329E-07  1.4107E-11
  9.2541E-04  1.2093E-06  6.1381E-07  1.4353E-11
  9.3344E-04  1.2303E-06  6.2450E-07  1.4603E-11
  9.4154E-04  1.2518E-06  6.3539E-07  1.4858E-11
  9.4971E-04  1.2736E-06  6.4646E-07  1.5117E-11
  9.5795E-04  1.2957E-06  6.5773E-07  1.5380E-11
  9.6626E-04  1.3183E-06  6.6919E-07  1.5648E-11
  9.7464E-04  1.3412E-06  6.8085E-07  1.5921E-11
  9.8310E-04  1.3646E-06  6.9271E-07  1.6198E-11
  9.9163E-04  1.3884E-06  7.0478E-07  1.6480E-11
  1.0002E-03  1.4125E-06  7.1706E-07  1.6768E-11
  1.0089E-03  1.4371E-06  7.2956E-07  1.7060E-11
  1.0177E-03  1.4621E-06  7.4227E-07  1.7357E-11
  1.0265E-03  1.4876E-06  7.5520E-07  1.7659E-11
  1.0354E-03  1.5135E-06  7.6836E-07  1.7967E-11
  1.0444E-03  1.5398E-06  7.8175E-07  1.8280E-11
  1.0534E-03  1.5667E-06  7.9537E-07  1.8598E-11
  1.0626E-03  1.5939E-06  8.0922E-07  1.8922E-11
  1.0718E-03  1.6217E-06  8.2332E-07  1.9252E-11
  1.0811E-03  1.6499E-06  8.3766E-07  1.9587E-11
  1.0904E-03  1.6786E-06  8.5225E-07  1.9929E-11
  1.0999E-03  1.7078E-06  8.6710E-07  2.0276E-11
  1.1094E-03  1.7376E-06  8.8220E-07  2.0629E-11
  1.1191E-03  1.7678E-06  8.9757E-07  2.0988E-11
  1.1288E-03  1.7986E-06  9.1320E-07  2.1354E-11
  1.1386E-03  1.8299E-06  9.2911E-07  2.1726E-11
  1.1484E-03  1.8617E-06  9.4529E-07  2.2104E-11
  1.1584E-03  1.8941E-06  9.6175E-07  2.2489E-11
  1.1684E-03  1.9271E-06  9.7850E-07  2.2881E-11
  1.1786E-03  1.9606E-06  9.9554E-07  2.3279E-11
  1.1888E-03  1.9947E-06  1.0129E-06  2.3685E-11
  1.1991E-03  2.0294E-06  1.0305E-06  2.4097E-11
  1.2095E-03  2.0647E-06  1.0485E-06  2.4517E-11
  1.2200E-03  2.1006E-06  1.0667E-06  2.4944E-11
  1.2305E-03  2.1372E-06  1.0853E-06  2.5378E-11
  1.2412E-03  2.1744E-06  1.1042E-06  2.5820E-11
  1.2520E-03  2.2122E-06  1.1234E-06  2.6269E-11
  1.2628E-03  2.2507E-06  1.1430E-06  2.6727E-11
  1.2738E-03  2.2898E-06  1.1629E-06  2.7192E-11
  1.2848E-03  2.3296E-06  1.1831E-06  2.7666E-11
  1.2959E-03  2.3702E-06  1.2037E-06  2.8147E-11
  1.3072E-03  2.4114E-06  1.2247E-06  2.8637E-11
  1.3185E-03  2.4533E-06  1.2460E-06  2.9136E-11
  1.3299E-03  2.4960E-06  1.2677E-06  2.9643E-11
  1.3415E-03  2.5394E-06  1.2898E-06  3.0159E-11
  1.3531E-03  2.5836E-06  1.3122E-06  3.0684E-11
  1.3648E-03  2.6285E-06  1.3351E-06  3.1218E-11
  1.3766E-03  2.6742E-06  1.3583E-06  3.1762E-11
  1.3886E-03  2.7207E-06  1.3820E-06  3.2315E-11
  1.4006E-03  2.7680E-06  1.4060E-06  3.2877E-11
  1.4127E-03  2.8162E-06  1.4305E-06  3.3450E-11
  1.4250E-03  2.8651E-06  1.4554E-06  3.4032E-11
  1.4373E-03  2.9150E-06  1.4807E-06  3.4624E-11
  1.4498E-03  2.9656E-06  1.5065E-06  3.5227E-11
  1.4624E-03  3.0172E-06  1.5327E-06  3.5840E-11
  1.4750E-03  3.0697E-06  1.5594E-06  3.6464E-11
  1.4878E-03  3.1230E-06  1.5865E-06  3.7098E-11
  1.5007E-03  3.1773E-06  1.6142E-06  3.7744E-11
  1.5137E-03  3.2326E-06  1.6422E-06  3.8401E-11
  1.5268E-03  3.2888E-06  1.6708E-06  3.9069E-11
  1.5400E-03  3.3459E-06  1.6999E-06  3.9749E-11
  1.5534E-03  3.4041E-06  1.7295E-06  4.0441E-11
  1.5668E-03  3.4633E-06  1.7596E-06  4.1145E-11
  1.5804E-03  3.5235E-06  1.7902E-06  4.1861E-11
  1.5941E-03  3.5847E-06  1.8214E-06  4.2589E-11
  1.6079E-03  3.6470E-06  1.8531E-06  4.3330E-11
  1.6219E-03  3.7104E-06  1.8853E-06  4.4084E-11
  1.6359E-03  3.7749E-06  1.9181E-06  4.4851E-11
  1.6501E-03  3.8405E-06  1.9515E-06  4.5632E-11
  1.6644E-03  3.9072E-06  1.9855E-06  4.6426E-11
  1.6788E-03  3.9751E-06  2.0200E-06  4.7234E-11
  1.6933E-03  4.0442E-06  2.0552E-06  4.8056E-11
  1.7080E-03  4.1145E-06  2.0909E-06  4.8892E-11
  1.7228E-03  4.1860E-06  2.1273E-06  4.9742E-11
  1.7377E-03  4.2587E-06  2.1643E-06  5.0608E-11
  1.7528E-03  4.3327E-06  2.2020E-06  5.1488E-11
  1.7680E-03  4.4080E-06  2.2403E-06  5.2384E-11
  1.7833E-03  4.4846E-06  2.2793E-06  5.3296E-11
  1.7987E-03  4.5625E-06  2.3189E-06  5.4223E-11
  1.8143E-03  4.6418E-06  2.3593E-06  5.5166E-11
  1.8300E-03  4.7224E-06  2.4003E-06  5.6126E-11
  1.8459E-03  4.8045E-06  2.4421E-06  5.7102E-11
  1.8618E-03  4.8880E-06  2.4845E-06  5.8096E-11
  1.8780E-03  4.9729E-06  2.5278E-06  5.9106E-11
  1.8942E-03  5.0593E-06  2.5717E-06  6.0134E-11
  1.9106E-03  5.1472E-06  2.6165E-06  6.1181E-11
  1.9272E-03  5.2366E-06  2.6620E-06  6.2245E-11
  1.9439E-03  5.3275E-06  2.7083E-06  6.3328E-11
  1.9607E-03  5.4201E-06  2.7554E-06  6.4429E-11
  1.9777E-03  5.5142E-06  2.8034E-06  6.5550E-11
  1.9948E-03  5.6100E-06  2.8521E-06  6.6690E-11
  2.0121E-03  5.7074E-06  2.9017E-06  6.7850E-11
  2.0295E-03  5.8065E-06  2.9522E-06  6.9030E-11
  2.0471E-03  5.9074E-06  3.0036E-06  7.0231E-11
  2.0648E-03  6.0100E-06  3.0558E-06  7.1452E-11
  2.0827E-03  6.1144E-06  3.1090E-06  7.2695E-11
  2.1007E-03  6.2205E-06  3.1630E-06  7.3959E-11
  2.1189E-03  6.3286E-06  3.2180E-06  7.5246E-11
  2.1373E-03  6.4385E-06  3.2740E-06  7.6555E-11
  2.1558E-03  6.5503E-06  3.3310E-06  7.7886E-11
  2.1745E-03  6.6640E-06  3.3889E-06  7.9240E-11
  2.1933E-03  6.7797E-06  3.4478E-06  8.0619E-11
  2.2123E-03  6.8974E-06  3.5078E-06  8.2021E-11
  2.2314E-03  7.0172E-06  3.5688E-06  8.3447E-11
  2.2507E-03  7.1390E-06  3.6309E-06  8.4898E-11
  2.2702E-03  7.2630E-06  3.6940E-06  8.6375E-11
  2.2899E-03  7.3891E-06  3.7583E-06  8.7877E-11
  2.3097E-03  7.5174E-06  3.8236E-06  8.9405E-11
  2.3297E-03  7.6479E-06  3.8901E-06  9.0960E-11
  2.3499E-03  7.7806E-06  3.9578E-06  9.2541E-11
  2.3702E-03  7.9157E-06  4.0266E-06  9.4151E-11
  2.3907E-03  8.0531E-06  4.0966E-06  9.5788E-11
  2.4114E-03  8.1929E-06  4.1679E-06  9.7453E-11
  2.4323E-03  8.3351E-06  4.2403E-06  9.9148E-11
  2.4534E-03  8.4798E-06  4.3141E-06  1.0087E-10
  2.4746E-03  8.6270E-06  4.3891E-06  1.0263E-10
  2.4960E-03  8.7767E-06  4.4654E-06  1.0441E-10
  2.5177E-03  8.9290E-06  4.5431E-06  1.0623E-10
  2.5394E-03  9.0840E-06  4.6221E-06  1.0807E-10
  2.5614E-03  9.2417E-06  4.7024E-06  1.0995E-10
  2.5836E-03  9.4021E-06  4.7842E-06  1.1186E-10
  2.6060E-03  9.5652E-06  4.8674E-06  1.1381E-10
  2.6285E-03  9.7312E-06  4.9520E-06  1.1579E-10
  2.6513E-03  9.9001E-06  5.0381E-06  1.1780E-10
  2.6742E-03  1.0072E-05  5.1257E-06  1.1985E-10
  2.6974E-03  1.0247E-05  5.2149E-06  1.2193E-10
  2.7207E-03  1.0424E-05  5.3055E-06  1.2405E-10
  2.7443E-03  1.0605E-05  5.3978E-06  1.2621E-10
  2.7680E-03  1.0789E-05  5.4916E-06  1.2840E-10
  2.7920E-03  1.0977E-05  5.5871E-06  1.3063E-10
  2.8162E-03  1.1167E-05  5.6843E-06  1.3291E-10
  2.8405E-03  1.1361E-05  5.7831E-06  1.3522E-10
  2.8651E-03  1.1558E-05  5.8836E-06  1.3757E-10
  2.8899E-03  1.1758E-05  5.9859E-06  1.3996E-10
  2.9149E-03  1.1962E-05  6.0900E-06  1.4239E-10
  2.9402E-03  1.2170E-05  6.1959E-06  1.4487E-10
  2.9656E-03  1.2381E-05  6.3036E-06  1.4739E-10
  2.9913E-03  1.2596E-05  6.4132E-06  1.4995E-10
  3.0172E-03  1.2814E-05  6.5247E-06  1.5255E-10
  3.0433E-03  1.3036E-05  6.6381E-06  1.5521E-10
  3.0696E-03  1.3263E-05  6.7535E-06  1.5790E-10
  3.0962E-03  1.3493E-05  6.8709E-06  1.6065E-10
  3.1230E-03  1.3727E-05  6.9904E-06  1.6344E-10
  3.1500E-03  1.3965E-05  7.1119E-06  1.6628E-10
  3.1773E-03  1.4207E-05  7.2355E-06  1.6917E-10
  3.2048E-03  1.4453E-05  7.3613E-06  1.7211E-10
  3.2325E-03  1.4704E-05  7.4893E-06  1.7510E-10
  3.2605E-03  1.4959E-05  7.6195E-06  1.7815E-10
  3.2887E-03  1.5218E-05  7.7519E-06  1.8124E-10
  3.3172E-03  1.5482E-05  7.8867E-06  1.8439E-10
  3.3459E-03  1.5751E-05  8.0238E-06  1.8760E-10
  3.3748E-03  1.6024E-05  8.1632E-06  1.9086E-10
  3.4040E-03  1.6301E-05  8.3052E-06  1.9418E-10
  3.4335E-03  1.6584E-05  8.4495E-06  1.9755E-10
  3.4632E-03  1.6872E-05  8.5964E-06  2.0098E-10
  3.4932E-03  1.7164E-05  8.7458E-06  2.0448E-10
  3.5234E-03  1.7462E-05  8.8978E-06  2.0803E-10
  3.5539E-03  1.7764E-05  9.0525E-06  2.1165E-10
  3.5847E-03  1.8072E-05  9.2099E-06  2.1533E-10
  3.6157E-03  1.8386E-05  9.3699E-06  2.1907E-10
  3.6470E-03  1.8704E-05  9.5328E-06  2.2287E-10
  3.6785E-03  1.9029E-05  9.6985E-06  2.2675E-10
  3.7104E-03  1.9358E-05  9.8671E-06  2.3069E-10
  3.7425E-03  1.9694E-05  1.0039E-05  2.3470E-10
  3.7748E-03  2.0035E-05  1.0213E-05  2.3878E-10
  3.8075E-03  2.0383E-05  1.0391E-05  2.4292E-10
  3.8405E-03  2.0736E-05  1.0571E-05  2.4715E-10
  3.8737E-03  2.1095E-05  1.0755E-05  2.5144E-10
  3.9072E-03  2.1461E-05  1.0942E-05  2.5581E-10
  3.9410E-03  2.1833E-05  1.1132E-05  2.6026E-10
  3.9751E-03  2.2211E-05  1.1325E-05  2.6478E-10
  4.0095E-03  2.2596E-05  1.1522E-05  2.6938E-10
  4.0442E-03  2.2987E-05  1.1723E-05  2.7406E-10
  4.0792E-03  2.3386E-05  1.1926E-05  2.7882E-10
  4.1145E-03  2.3791E-05  1.2134E-05  2.8367E-10
  4.1501E-03  2.4203E-05  1.2344E-05  2.8860E-10
  4.1860E-03  2.4622E-05  1.2559E-05  2.9361E-10
  4.2222E-03  2.5049E-05  1.2777E-05  2.9871E-10
  4.2588E-03  2.5483E-05  1.2999E-05  3.0390E-10
  4.2956E-03  2.5924E-05  1.3225E-05  3.0918E-10
  4.3328E-03  2.6373E-05  1.3455E-05  3.1455E-10
  4.3703E-03  2.6830E-05  1.3689E-05  3.2002E-10
  4.4081E-03  2.7295E-05  1.3927E-05  3.2558E-10
  4.4462E-03  2.7768E-05  1.4169E-05  3.3124E-10
  4.4847E-03  2.8249E-05  1.4415E-05  3.3699E-10
  4.5235E-03  2.8738E-05  1.4666E-05  3.4285E-10
  4.5626E-03  2.9236E-05  1.4921E-05  3.4880E-10
  4.6021E-03  2.9742E-05  1.5180E-05  3.5486E-10
  4.6419E-03  3.0257E-05  1.5444E-05  3.6103E-10
  4.6821E-03  3.0781E-05  1.5712E-05  3.6730E-10
  4.7226E-03  3.1314E-05  1.5985E-05  3.7368E-10
  4.7634E-03  3.1856E-05  1.6263E-05  3.8017E-10
  4.8046E-03  3.2408E-05  1.6545E-05  3.8678E-10
  4.8462E-03  3.2969E-05  1.6833E-05  3.9350E-10
  4.8881E-03  3.3540E-05  1.7125E-05  4.0033E-10
  4.9304E-03  3.4120E-05  1.7423E-05  4.0729E-10
  4.9731E-03  3.4711E-05  1.7726E-05  4.1436E-10
  5.0161E-03  3.5312E-05  1.8034E-05  4.2156E-10
  5.0595E-03  3.5923E-05  1.8347E-05  4.2888E-10
  5.1033E-03  3.6545E-05  1.8666E-05  4.3633E-10
  5.1474E-03  3.7178E-05  1.8990E-05  4.4391E-10
  5.1920E-03  3.7821E-05  1.9320E-05  4.5162E-10
  5.2369E-03  3.8476E-05  1.9656E-05  4.5947E-10
  5.2822E-03  3.9142E-05  1.9998E-05  4.6745E-10
  5.3279E-03  3.9819E-05  2.0345E-05  4.7557E-10
  5.3740E-03  4.0509E-05  2.0699E-05  4.8383E-10
  5.4204E-03  4.1210E-05  2.1058E-05  4.9223E-10
  5.4673E-03  4.1923E-05  2.1424E-05  5.0078E-10
  5.5146E-03  4.2648E-05  2.1797E-05  5.0948E-10
  5.5623E-03  4.3386E-05  2.2175E-05  5.1833E-10
  5.6105E-03  4.4137E-05  2.2561E-05  5.2733E-10
  5.6590E-03  4.4901E-05  2.2953E-05  5.3649E-10
  5.7079E-03  4.5677E-05  2.3351E-05  5.4581E-10
  5.7573E-03  4.6468E-05  2.3757E-05  5.5529E-10
  5.8071E-03  4.7272E-05  2.4170E-05  5.6493E-10
  5.8574E-03  4.8089E-05  2.4590E-05  5.7474E-10
  5.9080E-03  4.8921E-05  2.5017E-05  5.8473E-10
  5.9591E-03  4.9767E-05  2.5452E-05  5.9488E-10
  6.0107E-03  5.0628E-05  2.5894E-05  6.0521E-10
  6.0627E-03  5.1504E-05  2.6344E-05  6.1572E-10
  6.1151E-03  5.2395E-05  2.6802E-05  6.2642E-10
  6.1680E-03  5.3301E-05  2.7268E-05  6.3729E-10
  6.2214E-03  5.4223E-05  2.7741E-05  6.4836E-10
  6.2752E-03  5.5160E-05  2.8223E-05  6.5962E-10
  6.3295E-03  5.6114E-05  2.8714E-05  6.7107E-10
  6.3842E-03  5.7085E-05  2.9213E-05  6.8273E-10
  6.4395E-03  5.8072E-05  2.9720E-05  6.9458E-10
  6.4952E-03  5.9076E-05  3.0236E-05  7.0664E-10
  6.5513E-03  6.0097E-05  3.0762E-05  7.1892E-10
  6.6080E-03  6.1136E-05  3.1296E-05  7.3140E-10
  6.6652E-03  6.2193E-05  3.1840E-05  7.4410E-10
  6.7228E-03  6.3268E-05  3.2393E-05  7.5702E-10
  6.7810E-03  6.4362E-05  3.2956E-05  7.7016E-10
  6.8396E-03  6.5474E-05  3.3529E-05  7.8354E-10
  6.8988E-03  6.6606E-05  3.4111E-05  7.9714E-10
  6.9585E-03  6.7757E-05  3.4704E-05  8.1098E-10
  7.0186E-03  6.8928E-05  3.5307E-05  8.2506E-10
  7.0793E-03  7.0119E-05  3.5920E-05  8.3939E-10
  7.1406E-03  7.1331E-05  3.6544E-05  8.5396E-10
  7.2023E-03  7.2564E-05  3.7179E-05  8.6878E-10
  7.2646E-03  7.3818E-05  3.7825E-05  8.8387E-10
  7.3275E-03  7.5093E-05  3.8482E-05  8.9921E-10
  7.3909E-03  7.6391E-05  3.9151E-05  9.1482E-10
  7.4548E-03  7.7710E-05  3.9831E-05  9.3070E-10
  7.5193E-03  7.9053E-05  4.0523E-05  9.4686E-10
  7.5843E-03  8.0418E-05  4.1227E-05  9.6330E-10
  7.6499E-03  8.1808E-05  4.1943E-05  9.8002E-10
  7.7161E-03  8.3221E-05  4.2672E-05  9.9703E-10
  7.7828E-03  8.4658E-05  4.3413E-05  1.0143E-09
  7.8501E-03  8.6120E-05  4.4167E-05  1.0319E-09
  7.9180E-03  8.7607E-05  4.4935E-05  1.0499E-09
  7.9865E-03  8.9120E-05  4.5715E-05  1.0681E-09
  8.0556E-03  9.0659E-05  4.6510E-05  1.0866E-09
  8.1252E-03  9.2225E-05  4.7318E-05  1.1055E-09
  8.1955E-03  9.3817E-05  4.8140E-05  1.1247E-09
  8.2664E-03  9.5437E-05  4.8976E-05  1.1442E-09
  8.3379E-03  9.7085E-05  4.9827E-05  1.1641E-09
  8.4100E-03  9.8761E-05  5.0692E-05  1.1843E-09
  8.4828E-03  1.0047E-04  5.1573E-05  1.2048E-09
  8.5561E-03  1.0220E-04  5.2469E-05  1.2257E-09
  8.6301E-03  1.0396E-04  5.3380E-05  1.2470E-09
  8.7048E-03  1.0576E-04  5.4308E-05  1.2686E-09
  8.7800E-03  1.0758E-04  5.5251E-05  1.2906E-09
  8.8560E-03  1.0944E-04  5.6211E-05  1.3130E-09
  8.9326E-03  1.1133E-04  5.7187E-05  1.3358E-09
  9.0098E-03  1.1325E-04  5.8181E-05  1.3590E-09
  9.0878E-03  1.1520E-04  5.9192E-05  1.3826E-09
  9.1664E-03  1.1719E-04  6.0220E-05  1.4066E-09
  9.2456E-03  1.1921E-04  6.1266E-05  1.4310E-09
  9.3256E-03  1.2127E-04  6.2330E-05  1.4558E-09
  9.4062E-03  1.2336E-04  6.3413E-05  1.4811E-09
  9.4876E-03  1.2549E-04  6.4515E-05  1.5068E-09
  9.5697E-03  1.2765E-04  6.5635E-05  1.5329E-09
  9.6524E-03  1.2985E-04  6.6775E-05  1.5595E-09
  9.7359E-03  1.3209E-04  6.7935E-05  1.5866E-09
  9.8201E-03  1.3437E-04  6.9115E-05  1.6141E-09
  9.9050E-03  1.3669E-04  7.0316E-05  1.6421E-09
  9.9907E-03  1.3905E-04  7.1538E-05  1.6706E-09
  1.0077E-02  1.4144E-04  7.2780E-05  1.6996E-09
  1.0164E-02  1.4388E-04  7.4044E-05  1.7290E-09
  1.0252E-02  1.4636E-04  7.5331E-05  1.7590E-09
  1.0341E-02  1.4888E-04  7.6639E-05  1.7895E-09
  1.0430E-02  1.5145E-04  7.7971E-05  1.8206E-09
  1.0520E-02  1.5406E-04  7.9325E-05  1.8522E-09
  1.0611E-02  1.5672E-04  8.0703E-05  1.8843E-09
  1.0703E-02  1.5942E-04  8.2105E-05  1.9170E-09
  1.0796E-02  1.6216E-04  8.3531E-05  1.9502E-09
  1.0889E-02  1.6496E-04  8.4982E-05  1.9840E-09
  1.0983E-02  1.6780E-04  8.6458E-05  2.0184E-09
  1.1078E-02  1.7069E-04  8.7960E-05  2.0534E-09
  1.1174E-02  1.7363E-04  8.9488E-05  2.0891E-09
  1.1271E-02  1.7662E-04  9.1042E-05  2.1253E-09
  1.1368E-02  1.7966E-04  9.2624E-05  2.1621E-09
  1.1466E-02  1.8276E-04  9.4232E-05  2.1996E-09
  1.1566E-02  1.8590E-04  9.5869E-05  2.2378E-09
  1.1666E-02  1.8911E-04  9.7534E-05  2.2766E-09
  1.1767E-02  1.9236E-04  9.9229E-05  2.3160E-09
  1.1868E-02  1.9567E-04  1.0095E-04  2.3562E-09
  1.1971E-02  1.9904E-04  1.0271E-04  2.3970E-09
  1.2074E-02  2.0247E-04  1.0449E-04  2.4386E-09
  1.2179E-02  2.0595E-04  1.0630E-04  2.4808E-09
  1.2284E-02  2.0950E-04  1.0815E-04  2.5239E-09
  1.2390E-02  2.1310E-04  1.1003E-04  2.5676E-09
  1.2498E-02  2.1677E-04  1.1194E-04  2.6121E-09
  1.2606E-02  2.2050E-04  1.1389E-04  2.6574E-09
  1.2715E-02  2.2430E-04  1.1586E-04  2.7034E-09
  1.2825E-02  2.2815E-04  1.1788E-04  2.7503E-09
  1.2936E-02  2.3208E-04  1.1992E-04  2.7979E-09
  1.3047E-02  2.3607E-04  1.2201E-04  2.8464E-09
  1.3160E-02  2.4013E-04  1.2413E-04  2.8958E-09
  1.3274E-02  2.4426E-04  1.2628E-04  2.9459E-09
  1.3389E-02  2.4846E-04  1.2847E-04  2.9970E-09
  1.3505E-02  2.5273E-04  1.3071E-04  3.0489E-09
  1.3621E-02  2.5708E-04  1.3298E-04  3.1017E-09
  1.3739E-02  2.6150E-04  1.3529E-04  3.1555E-09
  1.3858E-02  2.6599E-04  1.3764E-04  3.2101E-09
  1.3978E-02  2.7057E-04  1.4003E-04  3.2657E-09
  1.4099E-02  2.7522E-04  1.4246E-04  3.3223E-09
  1.4221E-02  2.7995E-04  1.4493E-04  3.3799E-09
  1.4344E-02  2.8476E-04  1.4745E-04  3.4384E-09
  1.4468E-02  2.8965E-04  1.5001E-04  3.4979E-09
  1.4593E-02  2.9463E-04  1.5262E-04  3.5585E-09
  1.4719E-02  2.9969E-04  1.5527E-04  3.6201E-09
  1.4846E-02  3.0484E-04  1.5796E-04  3.6828E-09
  1.4975E-02  3.1007E-04  1.6071E-04  3.7466E-09
  1.5104E-02  3.1540E-04  1.6350E-04  3.8115E-09
  1.5235E-02  3.2081E-04  1.6634E-04  3.8775E-09
  1.5366E-02  3.2632E-04  1.6923E-04  3.9446E-09
  1.5499E-02  3.3192E-04  1.7217E-04  4.0129E-09
  1.5633E-02  3.3762E-04  1.7516E-04  4.0824E-09
  1.5769E-02  3.4342E-04  1.7820E-04  4.1530E-09
  1.5905E-02  3.4931E-04  1.8129E-04  4.2249E-09
  1.6042E-02  3.5531E-04  1.8444E-04  4.2980E-09
  1.6181E-02  3.6140E-04  1.8765E-04  4.3724E-09
  1.6321E-02  3.6761E-04  1.9090E-04  4.4481E-09
  1.6462E-02  3.7391E-04  1.9422E-04  4.5250E-09
  1.6605E-02  3.8033E-04  1.9759E-04  4.6033E-09
  1.6748E-02  3.8685E-04  2.0102E-04  4.6830E-09
  1.6893E-02  3.9349E-04  2.0452E-04  4.7640E-09
  1.7039E-02  4.0023E-04  2.0807E-04  4.8464E-09
  1.7186E-02  4.0710E-04  2.1168E-04  4.9302E-09
  1.7335E-02  4.1408E-04  2.1536E-04  5.0155E-09
  1.7485E-02  4.2117E-04  2.1910E-04  5.1023E-09
  1.7636E-02  4.2839E-04  2.2290E-04  5.1905E-09
  1.7789E-02  4.3574E-04  2.2677E-04  5.2803E-09
  1.7942E-02  4.4320E-04  2.3071E-04  5.3716E-09
  1.8098E-02  4.5080E-04  2.3472E-04  5.4644E-09
  1.8254E-02  4.5852E-04  2.3880E-04  5.5589E-09
  1.8412E-02  4.6638E-04  2.4294E-04  5.6550E-09
  1.8571E-02  4.7437E-04  2.4716E-04  5.7528E-09
  1.8732E-02  4.8249E-04  2.5145E-04  5.8522E-09
  1.8894E-02  4.9075E-04  2.5582E-04  5.9533E-09
  1.9057E-02  4.9916E-04  2.6026E-04  6.0562E-09
  1.9222E-02  5.0770E-04  2.6478E-04  6.1609E-09
  1.9388E-02  5.1639E-04  2.6938E-04  6.2673E-09
  1.9556E-02  5.2523E-04  2.7406E-04  6.3756E-09
  1.9725E-02  5.3422E-04  2.7882E-04  6.4857E-09
  1.9895E-02  5.4336E-04  2.8366E-04  6.5978E-09
  2.0067E-02  5.5266E-04  2.8859E-04  6.7117E-09
  2.0241E-02  5.6212E-04  2.9360E-04  6.8276E-09
  2.0416E-02  5.7173E-04  2.9870E-04  6.9455E-09
  2.0592E-02  5.8151E-04  3.0389E-04  7.0654E-09
  2.0771E-02  5.9145E-04  3.0916E-04  7.1874E-09
  2.0950E-02  6.0157E-04  3.1453E-04  7.3115E-09
  2.1131E-02  6.1185E-04  3.1999E-04  7.4377E-09
  2.1314E-02  6.2231E-04  3.2555E-04  7.5661E-09
  2.1498E-02  6.3295E-04  3.3120E-04  7.6966E-09
  2.1684E-02  6.4376E-04  3.3696E-04  7.8294E-09
  2.1872E-02  6.5476E-04  3.4281E-04  7.9645E-09
  2.2061E-02  6.6595E-04  3.4876E-04  8.1019E-09
  2.2252E-02  6.7733E-04  3.5482E-04  8.2417E-09
  2.2444E-02  6.8889E-04  3.6098E-04  8.3838E-09
  2.2638E-02  7.0066E-04  3.6725E-04  8.5284E-09
  2.2834E-02  7.1262E-04  3.7362E-04  8.6754E-09
  2.3031E-02  7.2479E-04  3.8011E-04  8.8250E-09
  2.3230E-02  7.3716E-04  3.8671E-04  8.9771E-09
  2.3431E-02  7.4974E-04  3.9343E-04  9.1319E-09
  2.3634E-02  7.6254E-04  4.0026E-04  9.2892E-09
  2.3838E-02  7.7555E-04  4.0721E-04  9.4493E-09
  2.4044E-02  7.8878E-04  4.1428E-04  9.6121E-09
  2.4252E-02  8.0223E-04  4.2147E-04  9.7777E-09
  2.4462E-02  8.1591E-04  4.2879E-04  9.9461E-09
  2.4673E-02  8.2982E-04  4.3624E-04  1.0117E-08
  2.4887E-02  8.4397E-04  4.4381E-04  1.0292E-08
  2.5102E-02  8.5836E-04  4.5152E-04  1.0469E-08
  2.5319E-02  8.7299E-04  4.5936E-04  1.0649E-08
  2.5538E-02  8.8786E-04  4.6734E-04  1.0832E-08
  2.5759E-02  9.0299E-04  4.7545E-04  1.1019E-08
  2.5982E-02  9.1837E-04  4.8371E-04  1.1208E-08
  2.6206E-02  9.3401E-04  4.9210E-04  1.1401E-08
  2.6433E-02  9.4992E-04  5.0065E-04  1.1597E-08
  2.6661E-02  9.6609E-04  5.0934E-04  1.1796E-08
  2.6892E-02  9.8254E-04  5.1819E-04  1.1999E-08
  2.7124E-02  9.9926E-04  5.2718E-04  1.2206E-08
  2.7359E-02  1.0163E-03  5.3634E-04  1.2415E-08
  2.7595E-02  1.0336E-03  5.4565E-04  1.2629E-08
  2.7834E-02  1.0511E-03  5.5512E-04  1.2846E-08
  2.8075E-02  1.0690E-03  5.6476E-04  1.3066E-08
  2.8317E-02  1.0872E-03  5.7457E-04  1.3291E-08
  2.8562E-02  1.1057E-03  5.8454E-04  1.3519E-08
  2.8809E-02  1.1245E-03  5.9469E-04  1.3751E-08
  2.9058E-02  1.1436E-03  6.0502E-04  1.3987E-08
  2.9310E-02  1.1630E-03  6.1552E-04  1.4227E-08
  2.9563E-02  1.1828E-03  6.2621E-04  1.4471E-08
  2.9819E-02  1.2029E-03  6.3708E-04  1.4719E-08
  3.0077E-02  1.2233E-03  6.4814E-04  1.4972E-08
  3.0337E-02  1.2441E-03  6.5940E-04  1.5228E-08
  3.0599E-02  1.2652E-03  6.7084E-04  1.5489E-08
  3.0863E-02  1.2867E-03  6.8249E-04  1.5755E-08
  3.1130E-02  1.3085E-03  6.9434E-04  1.6025E-08
  3.1399E-02  1.3307E-03  7.0639E-04  1.6299E-08
  3.1671E-02  1.3533E-03  7.1866E-04  1.6578E-08
  3.1945E-02  1.3762E-03  7.3114E-04  1.6862E-08
  3.2221E-02  1.3996E-03  7.4383E-04  1.7151E-08
  3.2500E-02  1.4233E-03  7.5674E-04  1.7444E-08
  3.2781E-02  1.4474E-03  7.6988E-04  1.7743E-08
  3.3064E-02  1.4719E-03  7.8325E-04  1.8046E-08
  3.3350E-02  1.4969E-03  7.9684E-04  1.8355E-08
  3.3638E-02  1.5222E-03  8.1068E-04  1.8668E-08
  3.3929E-02  1.5480E-03  8.2475E-04  1.8987E-08
  3.4223E-02  1.5742E-03  8.3907E-04  1.9312E-08
  3.4518E-02  1.6009E-03  8.5363E-04  1.9642E-08
  3.4817E-02  1.6280E-03  8.6845E-04  1.9977E-08
  3.5118E-02  1.6555E-03  8.8353E-04  2.0318E-08
  3.5422E-02  1.6835E-03  8.9887E-04  2.0665E-08
  3.5728E-02  1.7120E-03  9.1447E-04  2.1017E-08
  3.6037E-02  1.7409E-03  9.3034E-04  2.1375E-08
  3.6348E-02  1.7704E-03  9.4649E-04  2.1740E-08
  3.6663E-02  1.8003E-03  9.6292E-04  2.2110E-08
  3.6980E-02  1.8307E-03  9.7964E-04  2.2487E-08
  3.7299E-02  1.8616E-03  9.9664E-04  2.2870E-08
  3.7622E-02  1.8931E-03  1.0139E-03  2.3259E-08
  3.7947E-02  1.9250E-03  1.0315E-03  2.3655E-08
  3.8275E-02  1.9575E-03  1.0494E-03  2.4057E-08
  3.8606E-02  1.9906E-03  1.0677E-03  2.4466E-08
  3.8940E-02  2.0242E-03  1.0862E-03  2.4882E-08
  3.9277E-02  2.0583E-03  1.1051E-03  2.5305E-08
  3.9616E-02  2.0930E-03  1.1242E-03  2.5735E-08
  3.9959E-02  2.1283E-03  1.1437E-03  2.6172E-08
  4.0304E-02  2.1642E-03  1.1636E-03  2.6616E-08
  4.0653E-02  2.2007E-03  1.1838E-03  2.7068E-08
  4.1004E-02  2.2377E-03  1.2043E-03  2.7527E-08
  4.1359E-02  2.2754E-03  1.2252E-03  2.7993E-08
  4.1716E-02  2.3137E-03  1.2465E-03  2.8467E-08
  4.2077E-02  2.3527E-03  1.2681E-03  2.8950E-08
  4.2441E-02  2.3923E-03  1.2902E-03  2.9440E-08
  4.2808E-02  2.4325E-03  1.3125E-03  2.9938E-08
  4.3178E-02  2.4735E-03  1.3353E-03  3.0444E-08
  4.3551E-02  2.5150E-03  1.3585E-03  3.0959E-08
  4.3928E-02  2.5573E-03  1.3821E-03  3.1482E-08
  4.4308E-02  2.6003E-03  1.4061E-03  3.2013E-08
  4.4691E-02  2.6440E-03  1.4305E-03  3.2554E-08
  4.5077E-02  2.6884E-03  1.4553E-03  3.3103E-08
  4.5467E-02  2.7336E-03  1.4805E-03  3.3661E-08
  4.5860E-02  2.7795E-03  1.5062E-03  3.4228E-08
  4.6256E-02  2.8261E-03  1.5324E-03  3.4805E-08
  4.6656E-02  2.8735E-03  1.5590E-03  3.5391E-08
  4.7060E-02  2.9217E-03  1.5860E-03  3.5986E-08
  4.7467E-02  2.9707E-03  1.6135E-03  3.6591E-08
  4.7877E-02  3.0205E-03  1.6415E-03  3.7206E-08
  4.8291E-02  3.0711E-03  1.6700E-03  3.7831E-08
  4.8709E-02  3.1226E-03  1.6990E-03  3.8466E-08
  4.9130E-02  3.1749E-03  1.7285E-03  3.9111E-08
  4.9555E-02  3.2280E-03  1.7585E-03  3.9767E-08
  4.9983E-02  3.2821E-03  1.7890E-03  4.0433E-08
  5.0415E-02  3.3370E-03  1.8200E-03  4.1110E-08
  5.0851E-02  3.3928E-03  1.8516E-03  4.1798E-08
  5.1291E-02  3.4496E-03  1.8837E-03  4.2497E-08
  5.1734E-02  3.5072E-03  1.9164E-03  4.3207E-08
  5.2181E-02  3.5658E-03  1.9497E-03  4.3928E-08
  5.2633E-02  3.6254E-03  1.9835E-03  4.4661E-08
  5.3088E-02  3.6860E-03  2.0179E-03  4.5406E-08
  5.3547E-02  3.7475E-03  2.0529E-03  4.6163E-08
  5.4010E-02  3.8100E-03  2.0885E-03  4.6931E-08
  5.4477E-02  3.8736E-03  2.1247E-03  4.7712E-08
  5.4948E-02  3.9382E-03  2.1616E-03  4.8505E-08
  5.5423E-02  4.0039E-03  2.1991E-03  4.9311E-08
  5.5902E-02  4.0706E-03  2.2372E-03  5.0129E-08
  5.6385E-02  4.1384E-03  2.2761E-03  5.0960E-08
  5.6873E-02  4.2074E-03  2.3155E-03  5.1804E-08
  5.7364E-02  4.2774E-03  2.3557E-03  5.2662E-08
  5.7860E-02  4.3486E-03  2.3966E-03  5.3533E-08
  5.8361E-02  4.4209E-03  2.4381E-03  5.4417E-08
  5.8865E-02  4.4945E-03  2.4804E-03  5.5316E-08
  5.9374E-02  4.5692E-03  2.5234E-03  5.6228E-08
  5.9888E-02  4.6451E-03  2.5672E-03  5.7155E-08
  6.0405E-02  4.7223E-03  2.6117E-03  5.8096E-08
  6.0928E-02  4.8007E-03  2.6570E-03  5.9051E-08
  6.1454E-02  4.8804E-03  2.7031E-03  6.0021E-08
  6.1986E-02  4.9614E-03  2.7500E-03  6.1006E-08
  6.2522E-02  5.0437E-03  2.7977E-03  6.2007E-08
  6.3062E-02  5.1274E-03  2.8462E-03  6.3022E-08
  6.3607E-02  5.2124E-03  2.8955E-03  6.4053E-08
  6.4157E-02  5.2987E-03  2.9458E-03  6.5100E-08
  6.4712E-02  5.3865E-03  2.9968E-03  6.6163E-08
  6.5272E-02  5.4757E-03  3.0488E-03  6.7242E-08
  6.5836E-02  5.5663E-03  3.1017E-03  6.8337E-08
  6.6405E-02  5.6584E-03  3.1554E-03  6.9448E-08
  6.6979E-02  5.7519E-03  3.2101E-03  7.0576E-08
  6.7558E-02  5.8470E-03  3.2658E-03  7.1722E-08
  6.8142E-02  5.9436E-03  3.3224E-03  7.2884E-08
  6.8732E-02  6.0418E-03  3.3800E-03  7.4064E-08
  6.9326E-02  6.1415E-03  3.4386E-03  7.5261E-08
  6.9925E-02  6.2429E-03  3.4982E-03  7.6476E-08
  7.0530E-02  6.3458E-03  3.5589E-03  7.7708E-08
  7.1140E-02  6.4505E-03  3.6206E-03  7.8959E-08
  7.1755E-02  6.5568E-03  3.6833E-03  8.0228E-08
  7.2375E-02  6.6648E-03  3.7472E-03  8.1516E-08
  7.3001E-02  6.7745E-03  3.8121E-03  8.2822E-08
  7.3632E-02  6.8860E-03  3.8782E-03  8.4148E-08
  7.4269E-02  6.9993E-03  3.9454E-03  8.5492E-08
  7.4911E-02  7.1144E-03  4.0138E-03  8.6856E-08
  7.5558E-02  7.2314E-03  4.0833E-03  8.8239E-08
  7.6212E-02  7.3502E-03  4.1541E-03  8.9642E-08
  7.6871E-02  7.4709E-03  4.2261E-03  9.1065E-08
  7.7535E-02  7.5935E-03  4.2993E-03  9.2508E-08
  7.8206E-02  7.7181E-03  4.3738E-03  9.3971E-08
  7.8882E-02  7.8446E-03  4.4496E-03  9.5455E-08
  7.9564E-02  7.9732E-03  4.5267E-03  9.6959E-08
  8.0252E-02  8.1038E-03  4.6051E-03  9.8484E-08
  8.0945E-02  8.2365E-03  4.6849E-03  1.0003E-07
  8.1645E-02  8.3713E-03  4.7661E-03  1.0160E-07
  8.2351E-02  8.5083E-03  4.8486E-03  1.0319E-07
  8.3063E-02  8.6474E-03  4.9326E-03  1.0480E-07
  8.3781E-02  8.7887E-03  5.0181E-03  1.0643E-07
  8.4506E-02  8.9323E-03  5.1050E-03  1.0808E-07
  8.5236E-02  9.0781E-03  5.1934E-03  1.0976E-07
  8.5973E-02  9.2263E-03  5.2833E-03  1.1146E-07
  8.6717E-02  9.3767E-03  5.3748E-03  1.1318E-07
  8.7466E-02  9.5296E-03  5.4679E-03  1.1492E-07
  8.8223E-02  9.6849E-03  5.5626E-03  1.1669E-07
  8.8985E-02  9.8426E-03  5.6589E-03  1.1848E-07
  8.9755E-02  1.0003E-02  5.7569E-03  1.2029E-07
  9.0531E-02  1.0165E-02  5.8566E-03  1.2212E-07
  9.1313E-02  1.0331E-02  5.9580E-03  1.2398E-07
  9.2103E-02  1.0499E-02  6.0611E-03  1.2586E-07
  9.2899E-02  1.0669E-02  6.1661E-03  1.2777E-07
  9.3702E-02  1.0842E-02  6.2728E-03  1.2969E-07
  9.4512E-02  1.1018E-02  6.3814E-03  1.3165E-07
  9.5330E-02  1.1197E-02  6.4918E-03  1.3362E-07
  9.6154E-02  1.1378E-02  6.6042E-03  1.3562E-07
  9.6985E-02  1.1563E-02  6.7185E-03  1.3764E-07
  9.7824E-02  1.1750E-02  6.8348E-03  1.3969E-07
  9.8669E-02  1.1940E-02  6.9530E-03  1.4176E-07
  9.9523E-02  1.2133E-02  7.0733E-03  1.4385E-07
  1.0038E-01  1.2329E-02  7.1957E-03  1.4597E-07
  1.0125E-01  1.2528E-02  7.3202E-03  1.4811E-07
  1.0213E-01  1.2730E-02  7.4469E-03  1.5028E-07
  1.0301E-01  1.2935E-02  7.5757E-03  1.5246E-07
  1.0390E-01  1.3144E-02  7.7067E-03  1.5468E-07
  1.0480E-01  1.3356E-02  7.8400E-03  1.5691E-07
  1.0570E-01  1.3571E-02  7.9756E-03  1.5917E-07
  1.0662E-01  1.3789E-02  8.1136E-03  1.6146E-07
  1.0754E-01  1.4011E-02  8.2539E-03  1.6376E-07
  1.0847E-01  1.4236E-02  8.3966E-03  1.6609E-07
  1.0941E-01  1.4465E-02  8.5418E-03  1.6845E-07
  1.1035E-01  1.4697E-02  8.6894E-03  1.7082E-07
  1.1131E-01  1.4932E-02  8.8397E-03  1.7322E-07
  1.1227E-01  1.5172E-02  8.9925E-03  1.7564E-07
  1.1324E-01  1.5415E-02  9.1479E-03  1.7809E-07
  1.1422E-01  1.5662E-02  9.3060E-03  1.8055E-07
  1.1521E-01  1.5912E-02  9.4668E-03  1.8304E-07
  1.1620E-01  1.6167E-02  9.6304E-03  1.8555E-07
  1.1721E-01  1.6425E-02  9.7968E-03  1.8808E-07
  1.1822E-01  1.6687E-02  9.9661E-03  1.9063E-07
  1.1924E-01  1.6953E-02  1.0138E-02  1.9320E-07
  1.2027E-01  1.7224E-02  1.0313E-02  1.9579E-07
  1.2131E-01  1.7498E-02  1.0492E-02  1.9840E-07
  1.2236E-01  1.7777E-02  1.0673E-02  2.0102E-07
  1.2342E-01  1.8060E-02  1.0857E-02  2.0367E-07
  1.2449E-01  1.8347E-02  1.1045E-02  2.0633E-07
  1.2556E-01  1.8638E-02  1.1235E-02  2.0902E-07
  1.2665E-01  1.8934E-02  1.1429E-02  2.1171E-07
  1.2774E-01  1.9235E-02  1.1626E-02  2.1443E-07
  1.2885E-01  1.9540E-02  1.1827E-02  2.1715E-07
  1.2996E-01  1.9849E-02  1.2031E-02  2.1990E-07
  1.3109E-01  2.0163E-02  1.2239E-02  2.2265E-07
  1.3222E-01  2.0482E-02  1.2450E-02  2.2542E-07
  1.3336E-01  2.0806E-02  1.2665E-02  2.2820E-07
  1.3452E-01  2.1135E-02  1.2883E-02  2.3099E-07
  1.3568E-01  2.1469E-02  1.3106E-02  2.3379E-07
  1.3685E-01  2.1807E-02  1.3332E-02  2.3660E-07
  1.3804E-01  2.2151E-02  1.3562E-02  2.3941E-07
  1.3923E-01  2.2500E-02  1.3795E-02  2.4223E-07
  1.4043E-01  2.2854E-02  1.4033E-02  2.4506E-07
  1.4165E-01  2.3213E-02  1.4275E-02  2.4789E-07
  1.4287E-01  2.3578E-02  1.4521E-02  2.5072E-07
  1.4411E-01  2.3948E-02  1.4772E-02  2.5355E-07
  1.4535E-01  2.4324E-02  1.5026E-02  2.5638E-07
  1.4661E-01  2.4705E-02  1.5285E-02  2.5921E-07
  1.4788E-01  2.5092E-02  1.5548E-02  2.6204E-07
  1.4916E-01  2.5485E-02  1.5816E-02  2.6486E-07
  1.5044E-01  2.5883E-02  1.6088E-02  2.6767E-07
  1.5175E-01  2.6288E-02  1.6366E-02  2.7047E-07
  1.5306E-01  2.6698E-02  1.6647E-02  2.7326E-07
  1.5438E-01  2.7115E-02  1.6934E-02  2.7604E-07
  1.5572E-01  2.7537E-02  1.7225E-02  2.7880E-07
  1.5706E-01  2.7966E-02  1.7522E-02  2.8154E-07
  1.5842E-01  2.8401E-02  1.7823E-02  2.8426E-07
  1.5979E-01  2.8843E-02  1.8130E-02  2.8696E-07
  1.6117E-01  2.9291E-02  1.8442E-02  2.8963E-07
  1.6256E-01  2.9745E-02  1.8759E-02  2.9227E-07
  1.6397E-01  3.0206E-02  1.9082E-02  2.9489E-07
  1.6539E-01  3.0674E-02  1.9410E-02  2.9747E-07
  1.6682E-01  3.1149E-02  1.9743E-02  3.0001E-07
  1.6826E-01  3.1631E-02  2.0083E-02  3.0251E-07
  1.6971E-01  3.2120E-02  2.0428E-02  3.0497E-07
  1.7118E-01  3.2616E-02  2.0779E-02  3.0738E-07
  1.7266E-01  3.3119E-02  2.1136E-02  3.0974E-07
  1.7415E-01  3.3629E-02  2.1499E-02  3.1205E-07
  1.7566E-01  3.4147E-02  2.1868E-02  3.1430E-07
  1.7718E-01  3.4672E-02  2.2243E-02  3.1648E-07
  1.7871E-01  3.5205E-02  2.2625E-02  3.1861E-07
  1.8026E-01  3.5745E-02  2.3013E-02  3.2066E-07
  1.8181E-01  3.6294E-02  2.3408E-02  3.2264E-07
  1.8339E-01  3.6850E-02  2.3810E-02  3.2453E-07
  1.8497E-01  3.7414E-02  2.4218E-02  3.2635E-07
  1.8657E-01  3.7986E-02  2.4633E-02  3.2808E-07
  1.8818E-01  3.8567E-02  2.5055E-02  3.2971E-07
  1.8981E-01  3.9155E-02  2.5485E-02  3.3124E-07
  1.9145E-01  3.9753E-02  2.5922E-02  3.3267E-07
  1.9311E-01  4.0358E-02  2.6366E-02  3.3399E-07
  1.9478E-01  4.0973E-02  2.6817E-02  3.3520E-07
  1.9646E-01  4.1596E-02  2.7276E-02  3.3628E-07
  1.9816E-01  4.2228E-02  2.7743E-02  3.3723E-07
  1.9987E-01  4.2868E-02  2.8218E-02  3.3805E-07
  2.0160E-01  4.3518E-02  2.8701E-02  3.3873E-07
  2.0334E-01  4.4177E-02  2.9192E-02  3.3927E-07
  2.0510E-01  4.4846E-02  2.9691E-02  3.3965E-07
  2.0687E-01  4.5524E-02  3.0199E-02  3.3986E-07
  2.0866E-01  4.6211E-02  3.0715E-02  3.3991E-07
  2.1047E-01  4.6908E-02  3.1240E-02  3.3978E-07
  2.1229E-01  4.7615E-02  3.1773E-02  3.3947E-07
  2.1412E-01  4.8332E-02  3.2316E-02  3.3896E-07
  2.1597E-01  4.9059E-02  3.2867E-02  3.3826E-07
  2.1784E-01  4.9795E-02  3.3428E-02  3.3734E-07
  2.1972E-01  5.0543E-02  3.3999E-02  3.3621E-07
  2.2162E-01  5.1300E-02  3.4579E-02  3.3484E-07
  2.2354E-01  5.2068E-02  3.5168E-02  3.3324E-07
  2.2547E-01  5.2847E-02  3.5768E-02  3.3140E-07
  2.2742E-01  5.3637E-02  3.6377E-02  3.2929E-07
  2.2939E-01  5.4437E-02  3.6997E-02  3.2692E-07
  2.3137E-01  5.5249E-02  3.7627E-02  3.2427E-07
  2.3337E-01  5.6072E-02  3.8268E-02  3.2134E-07
  2.3539E-01  5.6906E-02  3.8919E-02  3.1810E-07
  2.3742E-01  5.7751E-02  3.9581E-02  3.1455E-07
  2.3948E-01  5.8609E-02  4.0254E-02  3.1069E-07
  2.4155E-01  5.9478E-02  4.0938E-02  3.0648E-07
  2.4364E-01  6.0358E-02  4.1634E-02  3.0193E-07
  2.4574E-01  6.1251E-02  4.2341E-02  2.9703E-07
  2.4787E-01  6.2156E-02  4.3060E-02  2.9175E-07
  2.5001E-01  6.3074E-02  4.3791E-02  2.8608E-07
  2.5217E-01  6.4004E-02  4.4534E-02  2.8002E-07
  2.5435E-01  6.4946E-02  4.5289E-02  2.7355E-07
  2.5655E-01  6.5901E-02  4.6057E-02  2.6665E-07
  2.5877E-01  6.6870E-02  4.6838E-02  2.5931E-07
  2.6101E-01  6.7851E-02  4.7631E-02  2.5151E-07
  2.6326E-01  6.8845E-02  4.8438E-02  2.4325E-07
  2.6554E-01  6.9853E-02  4.9257E-02  2.3450E-07
  2.6783E-01  7.0875E-02  5.0091E-02  2.2526E-07
  2.7015E-01  7.1910E-02  5.0938E-02  2.1549E-07
  2.7248E-01  7.2959E-02  5.1799E-02  2.0520E-07
  2.7484E-01  7.4022E-02  5.2674E-02  1.9435E-07
  2.7722E-01  7.5099E-02  5.3563E-02  1.8295E-07
  2.7961E-01  7.6191E-02  5.4467E-02  1.7096E-07
  2.8203E-01  7.7297E-02  5.5386E-02  1.5837E-07
  2.8447E-01  7.8418E-02  5.6320E-02  1.4517E-07
  2.8693E-01  7.9553E-02  5.7269E-02  1.3133E-07
  2.8941E-01  8.0704E-02  5.8234E-02  1.1684E-07
  2.9191E-01  8.1870E-02  5.9214E-02  1.0169E-07
  2.9444E-01  8.3051E-02  6.0210E-02  8.5843E-08
  2.9698E-01  8.4248E-02  6.1223E-02  6.9293E-08
  2.9955E-01  8.5461E-02  6.2252E-02  5.2020E-08
  3.0214E-01  8.6689E-02  6.3298E-02  3.4003E-08
  3.0475E-01  8.7934E-02  6.4360E-02  1.5225E-08
  3.0738E-01  8.9195E-02  6.5440E-02 -4.3335E-09
  3.1004E-01  9.0472E-02  6.6538E-02 -2.4692E-08
  3.1272E-01  9.1766E-02  6.7653E-02 -4.5868E-08
  3.1543E-01  9.3077E-02  6.8786E-02 -6.7882E-08
  3.1815E-01  9.4405E-02  6.9937E-02 -9.0753E-08
  3.2090E-01  9.5750E-02  7.1107E-02 -1.1450E-07
  3.2368E-01  9.7113E-02  7.2296E-02 -1.3914E-07
  3.2648E-01  9.8493E-02  7.3503E-02 -1.6470E-07
  3.2930E-01  9.9891E-02  7.4730E-02 -1.9118E-07
  3.3215E-01  1.0131E-01  7.5977E-02 -2.1862E-07
  3.3502E-01  1.0274E-01  7.7244E-02 -2.4703E-07
  3.3791E-01  1.0419E-01  7.8531E-02 -2.7643E-07
  3.4084E-01  1.0567E-01  7.9838E-02 -3.0683E-07
  3.4378E-01  1.0716E-01  8.1166E-02 -3.3825E-07
  3.4676E-01  1.0866E-01  8.2515E-02 -3.7071E-07
  3.4975E-01  1.1019E-01  8.3886E-02 -4.0423E-07
  3.5278E-01  1.1174E-01  8.5278E-02 -4.3882E-07
  3.5583E-01  1.1331E-01  8.6693E-02 -4.7450E-07
  3.5890E-01  1.1490E-01  8.8130E-02 -5.1128E-07
  3.6201E-01  1.1650E-01  8.9589E-02 -5.4918E-07
  3.6514E-01  1.1813E-01  9.1071E-02 -5.8820E-07
  3.6829E-01  1.1978E-01  9.2577E-02 -6.2837E-07
  3.7148E-01  1.2145E-01  9.4106E-02 -6.6969E-07
  3.7469E-01  1.2314E-01  9.5659E-02 -7.1217E-07
  3.7793E-01  1.2485E-01  9.7237E-02 -7.5582E-07
  3.8120E-01  1.2658E-01  9.8839E-02 -8.0066E-07
  3.8449E-01  1.2834E-01  1.0047E-01 -8.4668E-07
  3.8782E-01  1.3011E-01  1.0212E-01 -8.9389E-07
  3.9117E-01  1.3191E-01  1.0380E-01 -9.4229E-07
  3.9455E-01  1.3373E-01  1.0550E-01 -9.9189E-07
  3.9796E-01  1.3557E-01  1.0723E-01 -1.0427E-06
  4.0140E-01  1.3744E-01  1.0899E-01 -1.0947E-06
  4.0487E-01  1.3933E-01  1.1077E-01 -1.1478E-06
  4.0837E-01  1.4124E-01  1.1258E-01 -1.2022E-06
  4.1190E-01  1.4318E-01  1.1442E-01 -1.2577E-06
  4.1546E-01  1.4514E-01  1.1629E-01 -1.3144E-06
  4.1906E-01  1.4712E-01  1.1818E-01 -1.3723E-06
  4.2268E-01  1.4913E-01  1.2011E-01 -1.4312E-06
  4.2633E-01  1.5117E-01  1.2206E-01 -1.4913E-06
  4.3002E-01  1.5322E-01  1.2404E-01 -1.5525E-06
  4.3374E-01  1.5531E-01  1.2605E-01 -1.6147E-06
  4.3749E-01  1.5742E-01  1.2810E-01 -1.6780E-06
  4.4127E-01  1.5955E-01  1.3017E-01 -1.7422E-06
  4.4508E-01  1.6171E-01  1.3228E-01 -1.8074E-06
  4.4893E-01  1.6390E-01  1.3441E-01 -1.8736E-06
  4.5281E-01  1.6611E-01  1.3658E-01 -1.9406E-06
  4.5673E-01  1.6835E-01  1.3878E-01 -2.0084E-06
  4.6068E-01  1.7062E-01  1.4101E-01 -2.0770E-06
  4.6466E-01  1.7291E-01  1.4328E-01 -2.1463E-06
  4.6868E-01  1.7523E-01  1.4558E-01 -2.2162E-06
  4.7273E-01  1.7758E-01  1.4791E-01 -2.2867E-06
  4.7682E-01  1.7996E-01  1.5028E-01 -2.3577E-06
  4.8094E-01  1.8237E-01  1.5268E-01 -2.4291E-06
  4.8510E-01  1.8480E-01  1.5512E-01 -2.5009E-06
  4.8929E-01  1.8727E-01  1.5759E-01 -2.5728E-06
  4.9352E-01  1.8976E-01  1.6010E-01 -2.6449E-06
  4.9779E-01  1.9229E-01  1.6264E-01 -2.7170E-06
  5.0209E-01  1.9484E-01  1.6522E-01 -2.7890E-06
  5.0643E-01  1.9742E-01  1.6784E-01 -2.8607E-06
  5.1081E-01  2.0004E-01  1.7050E-01 -2.9322E-06
  5.1523E-01  2.0268E-01  1.7319E-01 -3.0031E-06
  5.1968E-01  2.0536E-01  1.7592E-01 -3.0734E-06
  5.2417E-01  2.0807E-01  1.7869E-01 -3.1429E-06
  5.2871E-01  2.1081E-01  1.8150E-01 -3.2114E-06
  5.3328E-01  2.1358E-01  1.8435E-01 -3.2788E-06
  5.3789E-01  2.1639E-01  1.8724E-01 -3.3449E-06
  5.4254E-01  2.1922E-01  1.9016E-01 -3.4095E-06
  5.4723E-01  2.2210E-01  1.9313E-01 -3.4724E-06
  5.5196E-01  2.2500E-01  1.9614E-01 -3.5334E-06
  5.5673E-01  2.2794E-01  1.9919E-01 -3.5923E-06
  5.6154E-01  2.3091E-01  2.0229E-01 -3.6488E-06
  5.6640E-01  2.3392E-01  2.0542E-01 -3.7028E-06
  5.7130E-01  2.3696E-01  2.0860E-01 -3.7538E-06
  5.7624E-01  2.4004E-01  2.1182E-01 -3.8018E-06
  5.8122E-01  2.4315E-01  2.1508E-01 -3.8464E-06
  5.8624E-01  2.4630E-01  2.1839E-01 -3.8873E-06
  5.9131E-01  2.4949E-01  2.2174E-01 -3.9243E-06
  5.9642E-01  2.5271E-01  2.2514E-01 -3.9571E-06
  6.0158E-01  2.5597E-01  2.2858E-01 -3.9853E-06
  6.0678E-01  2.5927E-01  2.3207E-01 -4.0086E-06
  6.1203E-01  2.6260E-01  2.3560E-01 -4.0266E-06
  6.1732E-01  2.6598E-01  2.3918E-01 -4.0392E-06
  6.2265E-01  2.6939E-01  2.4280E-01 -4.0458E-06
  6.2804E-01  2.7284E-01  2.4648E-01 -4.0461E-06
  6.3347E-01  2.7633E-01  2.5019E-01 -4.0399E-06
  6.3894E-01  2.7986E-01  2.5396E-01 -4.0265E-06
  6.4447E-01  2.8343E-01  2.5777E-01 -4.0058E-06
  6.5004E-01  2.8704E-01  2.6164E-01 -3.9773E-06
  6.5566E-01  2.9070E-01  2.6555E-01 -3.9405E-06
  6.6133E-01  2.9439E-01  2.6951E-01 -3.8951E-06
  6.6705E-01  2.9812E-01  2.7352E-01 -3.8407E-06
  6.7281E-01  3.0190E-01  2.7758E-01 -3.7768E-06
  6.7863E-01  3.0572E-01  2.8168E-01 -3.7030E-06
  6.8450E-01  3.0959E-01  2.8584E-01 -3.6189E-06
  6.9041E-01  3.1349E-01  2.9005E-01 -3.5241E-06
  6.9638E-01  3.1745E-01  2.9431E-01 -3.4180E-06
  7.0240E-01  3.2144E-01  2.9862E-01 -3.3004E-06
  7.0848E-01  3.2548E-01  3.0299E-01 -3.1707E-06
  7.1460E-01  3.2957E-01  3.0740E-01 -3.0285E-06
  7.2078E-01  3.3370E-01  3.1187E-01 -2.8734E-06
  7.2701E-01  3.3788E-01  3.1638E-01 -2.7050E-06
  7.3330E-01  3.4210E-01  3.2096E-01 -2.5229E-06
  7.3964E-01  3.4637E-01  3.2558E-01 -2.3267E-06
  7.4603E-01  3.5069E-01  3.3026E-01 -2.1159E-06
  7.5248E-01  3.5506E-01  3.3499E-01 -1.8903E-06
  7.5899E-01  3.5948E-01  3.3977E-01 -1.6494E-06
  7.6555E-01  3.6394E-01  3.4461E-01 -1.3930E-06
  7.7217E-01  3.6845E-01  3.4950E-01 -1.1207E-06
  7.7884E-01  3.7302E-01  3.5444E-01 -8.3230E-07
  7.8558E-01  3.7763E-01  3.5944E-01 -5.2745E-07
  7.9237E-01  3.8230E-01  3.6450E-01 -2.0598E-07
  7.9922E-01  3.8701E-01  3.6961E-01  1.3231E-07
  8.0613E-01  3.9178E-01  3.7477E-01  4.8757E-07
  8.1310E-01  3.9660E-01  3.7999E-01  8.5990E-07
  8.2013E-01  4.0148E-01  3.8527E-01  1.2494E-06
  8.2722E-01  4.0640E-01  3.9060E-01  1.6560E-06
  8.3437E-01  4.1138E-01  3.9598E-01  2.0797E-06
  8.4158E-01  4.1642E-01  4.0143E-01  2.5204E-06
  8.4886E-01  4.2151E-01  4.0692E-01  2.9780E-06
  8.5620E-01  4.2665E-01  4.1248E-01  3.4522E-06
  8.6360E-01  4.3186E-01  4.1809E-01  3.9427E-06
  8.7107E-01  4.3711E-01  4.2376E-01  4.4491E-06
  8.7860E-01  4.4243E-01  4.2948E-01  4.9710E-06
  8.8619E-01  4.4780E-01  4.3526E-01  5.5079E-06
  8.9386E-01  4.5323E-01  4.4110E-01  6.0592E-06
  9.0158E-01  4.5872E-01  4.4700E-01  6.6240E-06
  9.0938E-01  4.6427E-01  4.5295E-01  7.2016E-06
  9.1724E-01  4.6987E-01  4.5896E-01  7.7912E-06
  9.2517E-01  4.7554E-01  4.6503E-01  8.3916E-06
  9.3317E-01  4.8127E-01  4.7115E-01  9.0018E-06
  9.4124E-01  4.8706E-01  4.7733E-01  9.6205E-06
  9.4937E-01  4.9291E-01  4.8357E-01  1.0246E-05
  9.5758E-01  4.9882E-01  4.8987E-01  1.0878E-05
  9.6586E-01  5.0480E-01  4.9623E-01  1.1514E-05
  9.7421E-01  5.1084E-01  5.0265E-01  1.2152E-05
  9.8263E-01  5.1694E-01  5.0912E-01  1.2790E-05
  9.9113E-01  5.2311E-01  5.1565E-01  1.3428E-05
  9.9970E-01  5.2934E-01  5.2224E-01  1.4061E-05
  1.0083E+00  5.3564E-01  5.2890E-01  1.4689E-05
  1.0171E+00  5.4201E-01  5.3561E-01  1.5310E-05
  1.0259E+00  5.4844E-01  5.4238E-01  1.5919E-05
  1.0347E+00  5.5494E-01  5.4921E-01  1.6516E-05
  1.0437E+00  5.6151E-01  5.5609E-01  1.7097E-05
  1.0527E+00  5.6814E-01  5.6304E-01  1.7660E-05
  1.0618E+00  5.7485E-01  5.7006E-01  1.8201E-05
  1.0710E+00  5.8162E-01  5.7713E-01  1.8718E-05
  1.0802E+00  5.8847E-01  5.8426E-01  1.9208E-05
  1.0896E+00  5.9538E-01  5.9145E-01  1.9667E-05
  1.0990E+00  6.0237E-01  5.9871E-01  2.0093E-05
  1.1085E+00  6.0943E-01  6.0603E-01  2.0482E-05
  1.1181E+00  6.1656E-01  6.1341E-01  2.0831E-05
  1.1277E+00  6.2377E-01  6.2085E-01  2.1137E-05
  1.1375E+00  6.3105E-01  6.2836E-01  2.1397E-05
  1.1473E+00  6.3840E-01  6.3593E-01  2.1608E-05
  1.1572E+00  6.4583E-01  6.4357E-01  2.1766E-05
  1.1672E+00  6.5333E-01  6.5127E-01  2.1869E-05
  1.1773E+00  6.6091E-01  6.5903E-01  2.1914E-05
  1.1875E+00  6.6857E-01  6.6687E-01  2.1898E-05
  1.1978E+00  6.7630E-01  6.7476E-01  2.1820E-05
  1.2081E+00  6.8411E-01  6.8273E-01  2.1677E-05
  1.2186E+00  6.9200E-01  6.9077E-01  2.1467E-05
  1.2291E+00  6.9997E-01  6.9887E-01  2.1189E-05
  1.2397E+00  7.0802E-01  7.0704E-01  2.0842E-05
  1.2505E+00  7.1615E-01  7.1529E-01  2.0426E-05
  1.2613E+00  7.2435E-01  7.2360E-01  1.9940E-05
  1.2722E+00  7.3264E-01  7.3199E-01  1.9386E-05
  1.2832E+00  7.4102E-01  7.4045E-01  1.8764E-05
  1.2943E+00  7.4947E-01  7.4899E-01  1.8077E-05
  1.3055E+00  7.5801E-01  7.5760E-01  1.7327E-05
  1.3167E+00  7.6663E-01  7.6628E-01  1.6517E-05
  1.3281E+00  7.7533E-01  7.7504E-01  1.5652E-05
  1.3396E+00  7.8412E-01  7.8388E-01  1.4737E-05
  1.3512E+00  7.9300E-01  7.9280E-01  1.3778E-05
  1.3629E+00  8.0196E-01  8.0180E-01  1.2783E-05
  1.3747E+00  8.1100E-01  8.1088E-01  1.1758E-05
  1.3865E+00  8.2014E-01  8.2004E-01  1.0713E-05
  1.3985E+00  8.2936E-01  8.2928E-01  9.6584E-06
  1.4106E+00  8.3867E-01  8.3861E-01  8.6037E-06
  1.4228E+00  8.4806E-01  8.4802E-01  7.5606E-06
  1.4351E+00  8.5755E-01  8.5752E-01  6.5412E-06
  1.4475E+00  8.6713E-01  8.6711E-01  5.5578E-06
  1.4600E+00  8.7679E-01  8.7678E-01  4.6229E-06
  1.4727E+00  8.8655E-01  8.8654E-01  3.7492E-06
  1.4854E+00  8.9640E-01  8.9639E-01  2.9488E-06
  1.4982E+00  9.0634E-01  9.0633E-01  2.2326E-06
  1.5112E+00  9.1637E-01  9.1637E-01  1.6106E-06
  1.5243E+00  9.2649E-01  9.2649E-01  1.0901E-06
  1.5374E+00  9.3671E-01  9.3671E-01  6.7559E-07
  1.5507E+00  9.4702E-01  9.4702E-01  3.6770E-07
  1.5641E+00  9.5743E-01  9.5743E-01  1.6173E-07
  1.5777E+00  9.6793E-01  9.6793E-01  4.6456E-08
  1.5913E+00  9.7852E-01  9.7852E-01  2.4025E-09
  1.6051E+00  9.8921E-01  9.8921E-01  1.1778E-13
  1.6189E+00  1.0000E+00  1.0000E+00  1.2188E-13
  1.6329E+00  1.0109E+00  1.0109E+00  1.1904E-13
  1.6470E+00  1.0219E+00  1.0219E+00  1.2001E-13
  1.6613E+00  1.0329E+00  1.0329E+00  1.1763E-13
  1.6756E+00  1.0441E+00  1.0441E+00  1.1627E-13
  1.6901E+00  1.0554E+00  1.0554E+00  1.1481E-13
  1.7047E+00  1.0668E+00  1.0668E+00  1.1299E-13
  1.7195E+00  1.0782E+00  1.0782E+00  1.1289E-13
  1.7344E+00  1.0898E+00  1.0898E+00  1.1048E-13
  1.7493E+00  1.1015E+00  1.1015E+00  1.0890E-13
  1.7645E+00  1.1133E+00  1.1133E+00  1.0837E-13
  1.7797E+00  1.1251E+00  1.1251E+00  1.0497E-13
  1.7951E+00  1.1371E+00  1.1371E+00  1.0422E-13
  1.8106E+00  1.1492E+00  1.1492E+00  1.0267E-13
  1.8263E+00  1.1614E+00  1.1614E+00  1.0043E-13
  1.8421E+00  1.1737E+00  1.1737E+00  9.7189E-14
  1.8580E+00  1.1861E+00  1.1861E+00  9.7495E-14
  1.8741E+00  1.1986E+00  1.1986E+00  9.3868E-14
  1.8903E+00  1.2112E+00  1.2112E+00  9.2592E-14
  1.9066E+00  1.2239E+00  1.2239E+00  9.0435E-14
  1.9231E+00  1.2367E+00  1.2367E+00  8.8302E-14
  1.9397E+00  1.2496E+00  1.2496E+00  8.6807E-14
  1.9565E+00  1.2626E+00  1.2626E+00  8.4276E-14
  1.9734E+00  1.2757E+00  1.2757E+00  8.1494E-14
  1.9905E+00  1.2890E+00  1.2890E+00  7.9641E-14
  2.0077E+00  1.3023E+00  1.3023E+00  7.7077E-14
  2.0250E+00  1.3157E+00  1.3157E+00  7.5493E-14
  2.0425E+00  1.3293E+00  1.3293E+00  7.2991E-14
  2.0602E+00  1.3430E+00  1.3430E+00  7.0278E-14
  2.0780E+00  1.3567E+00  1.3567E+00  6.8095E-14
  2.0960E+00  1.3706E+00  1.3706E+00  6.5713E-14
  2.1141E+00  1.3846E+00  1.3846E+00  6.2560E-14
  2.1324E+00  1.3987E+00  1.3987E+00  5.9896E-14
  2.1508E+00  1.4129E+00  1.4129E+00  5.7855E-14
  2.1694E+00  1.4273E+00  1.4273E+00  5.5386E-14
  2.1882E+00  1.4417E+00  1.4417E+00  5.2231E-14
  2.2071E+00  1.4563E+00  1.4563E+00  5.0715E-14
  2.2262E+00  1.4709E+00  1.4709E+00  4.7723E-14
  2.2454E+00  1.4857E+00  1.4857E+00  4.5246E-14
  2.2648E+00  1.5006E+00  1.5006E+00  4.2796E-14
  2.2844E+00  1.5156E+00  1.5156E+00  4.0120E-14
  2.3041E+00  1.5307E+00  1.5307E+00  3.6898E-14
  2.3241E+00  1.5460E+00  1.5460E+00  3.5308E-14
  2.3442E+00  1.5613E+00  1.5613E+00  3.1926E-14
  2.3644E+00  1.5768E+00  1.5768E+00  3.0143E-14
  2.3849E+00  1.5924E+00  1.5924E+00  2.6977E-14
  2.4055E+00  1.6081E+00  1.6081E+00  2.4745E-14
  2.4263E+00  1.6239E+00  1.6239E+00  2.2188E-14
  2.4473E+00  1.6399E+00  1.6399E+00  1.9537E-14
  2.4684E+00  1.6559E+00  1.6559E+00  1.6706E-14
