  0.0000000E+00  3.01162004201231570E-01
  8.4554393E-09  3.01162004201378064E-01
  1.6989523E-08  3.01162004201430467E-01
  2.5602981E-08  3.01162004201449174E-01
  3.4296553E-08  3.01162004201459499E-01
  4.3070984E-08  3.01162004201451838E-01
  5.1927026E-08  3.01162004201452504E-01
  6.0865438E-08  3.01162004201429967E-01
  6.9886986E-08  3.01162004201422417E-01
  7.8992443E-08  3.01162004201421862E-01
  8.8182589E-08  3.01162004201412425E-01
  9.7458214E-08  3.01162004201398548E-01
  1.0682011E-07  3.01162004201402878E-01
  1.1626908E-07  3.01162004201390776E-01
  1.2580594E-07  3.01162004201381284E-01
  1.3543150E-07  3.01162004201365574E-01
  1.4514658E-07  3.01162004201357303E-01
  1.5495203E-07  3.01162004201341704E-01
  1.6484867E-07  3.01162004201333378E-01
  1.7483737E-07  3.01162004201311895E-01
  1.8491896E-07  3.01162004201298295E-01
  1.9509433E-07  3.01162004201281697E-01
  2.0536434E-07  3.01162004201269873E-01
  2.1572987E-07  3.01162004201240563E-01
  2.2619181E-07  3.01162004201215305E-01
  2.3675106E-07  3.01162004201192435E-01
  2.4740851E-07  3.01162004201155575E-01
  2.5816509E-07  3.01162004201124545E-01
  2.6902172E-07  3.01162004201096234E-01
  2.7997933E-07  3.01162004201056765E-01
  2.9103885E-07  3.01162004201022571E-01
  3.0220124E-07  3.01162004200979216E-01
  3.1346745E-07  3.01162004200935085E-01
  3.2483844E-07  3.01162004200882738E-01
  3.3631520E-07  3.01162004200834499E-01
  3.4789870E-07  3.01162004200782762E-01
  3.5958994E-07  3.01162004200725253E-01
  3.7138992E-07  3.01162004200672628E-01
  3.8329965E-07  3.01162004200616229E-01
  3.9532015E-07  3.01162004200552946E-01
  4.0745246E-07  3.01162004200486277E-01
  4.1969760E-07  3.01162004200428157E-01
  4.3205664E-07  3.01162004200346112E-01
  4.4453063E-07  3.01162004200278222E-01
  4.5712065E-07  3.01162004200198397E-01
  4.6982776E-07  3.01162004200113298E-01
  4.8265306E-07  3.01162004200034084E-01
  4.9559764E-07  3.01162004199945488E-01
  5.0866263E-07  3.01162004199849342E-01
  5.2184913E-07  3.01162004199755862E-01
  5.3515828E-07  3.01162004199660049E-01
  5.4859122E-07  3.01162004199560740E-01
  5.6214909E-07  3.01162004199448552E-01
  5.7583307E-07  3.01162004199343969E-01
  5.8964433E-07  3.01162004199227118E-01
  6.0358404E-07  3.01162004199115096E-01
  6.1765340E-07  3.01162004198990974E-01
  6.3185362E-07  3.01162004198862576E-01
  6.4618592E-07  3.01162004198737010E-01
  6.6065153E-07  3.01162004198594457E-01
  6.7525168E-07  3.01162004198456013E-01
  6.8998762E-07  3.01162004198309241E-01
  7.0486062E-07  3.01162004198158639E-01
  7.1987196E-07  3.01162004198000599E-01
  7.3502291E-07  3.01162004197826128E-01
  7.5031479E-07  3.01162004197655098E-01
  7.6574889E-07  3.01162004197474520E-01
  7.8132655E-07  3.01162004197293165E-01
  7.9704910E-07  3.01162004197100375E-01
  8.1291788E-07  3.01162004196907418E-01
  8.2893425E-07  3.01162004196699473E-01
  8.4509959E-07  3.01162004196489030E-01
  8.6141529E-07  3.01162004196278199E-01
  8.7788274E-07  3.01162004196058652E-01
  8.9450335E-07  3.01162004195828170E-01
  9.1127855E-07  3.01162004195592525E-01
  9.2820978E-07  3.01162004195344224E-01
  9.4529848E-07  3.01162004195087152E-01
  9.6254612E-07  3.01162004194827526E-01
  9.7995419E-07  3.01162004194557131E-01
  9.9752417E-07  3.01162004194285016E-01
  1.0152576E-06  3.01162004193987587E-01
  1.0331559E-06  3.01162004193691157E-01
  1.0512207E-06  3.01162004193388455E-01
  1.0694535E-06  3.01162004193070154E-01
  1.0878559E-06  3.01162004192742472E-01
  1.1064295E-06  3.01162004192408628E-01
  1.1251758E-06  3.01162004192061128E-01
  1.1440965E-06  3.01162004191704247E-01
  1.1631932E-06  3.01162004191334709E-01
  1.1824674E-06  3.01162004190961841E-01
  1.2019210E-06  3.01162004190566213E-01
  1.2215555E-06  3.01162004190166033E-01
  1.2413726E-06  3.01162004189754695E-01
  1.2613740E-06  3.01162004189329591E-01
  1.2815615E-06  3.01162004188888277E-01
  1.3019367E-06  3.01162004188449017E-01
  1.3225014E-06  3.01162004187990440E-01
  1.3432574E-06  3.01162004187518817E-01
  1.3642065E-06  3.01162004187033039E-01
  1.3853504E-06  3.01162004186529553E-01
  1.4066909E-06  3.01162004186016352E-01
  1.4282300E-06  3.01162004185491994E-01
  1.4499694E-06  3.01162004184945209E-01
  1.4719110E-06  3.01162004184385657E-01
  1.4940566E-06  3.01162004183815724E-01
  1.5164082E-06  3.01162004183229526E-01
  1.5389678E-06  3.01162004182619625E-01
  1.5617371E-06  3.01162004181995568E-01
  1.5847183E-06  3.01162004181361964E-01
  1.6079131E-06  3.01162004180702103E-01
  1.6313237E-06  3.01162004180035081E-01
  1.6549521E-06  3.01162004179343801E-01
  1.6788002E-06  3.01162004178633147E-01
  1.7028702E-06  3.01162004177907783E-01
  1.7271640E-06  3.01162004177159548E-01
  1.7516837E-06  3.01162004176395104E-01
  1.7764315E-06  3.01162004175606679E-01
  1.8014095E-06  3.01162004174800324E-01
  1.8266199E-06  3.01162004173973707E-01
  1.8520647E-06  3.01162004173130715E-01
  1.8777461E-06  3.01162004172263242E-01
  1.9036664E-06  3.01162004171371678E-01
  1.9298279E-06  3.01162004170468844E-01
  1.9562326E-06  3.01162004169541364E-01
  1.9828829E-06  3.01162004168581354E-01
  2.0097811E-06  3.01162004167602415E-01
  2.0369295E-06  3.01162004166602104E-01
  2.0643304E-06  3.01162004165580255E-01
  2.0919861E-06  3.01162004164532204E-01
  2.1198991E-06  3.01162004163454344E-01
  2.1480717E-06  3.01162004162346952E-01
  2.1765063E-06  3.01162004161213415E-01
  2.2052054E-06  3.01162004160056118E-01
  2.2341714E-06  3.01162004158865737E-01
  2.2634068E-06  3.01162004157650043E-01
  2.2929142E-06  3.01162004156412033E-01
  2.3226960E-06  3.01162004155136109E-01
  2.3527548E-06  3.01162004153836371E-01
  2.3830931E-06  3.01162004152495721E-01
  2.4137137E-06  3.01162004151134366E-01
  2.4446190E-06  3.01162004149736762E-01
  2.4758118E-06  3.01162004148306073E-01
  2.5072948E-06  3.01162004146844520E-01
  2.5390705E-06  3.01162004145350992E-01
  2.5711418E-06  3.01162004143824991E-01
  2.6035114E-06  3.01162004142252415E-01
  2.6361820E-06  3.01162004140654693E-01
  2.6691566E-06  3.01162004139011230E-01
  2.7024378E-06  3.01162004137327355E-01
  2.7360286E-06  3.01162004135604566E-01
  2.7699318E-06  3.01162004133847583E-01
  2.8041503E-06  3.01162004132043803E-01
  2.8386871E-06  3.01162004130204108E-01
  2.8735451E-06  3.01162004128318950E-01
  2.9087273E-06  3.01162004126390492E-01
  2.9442368E-06  3.01162004124416904E-01
  2.9800765E-06  3.01162004122402238E-01
  3.0162496E-06  3.01162004120343441E-01
  3.0527591E-06  3.01162004118236570E-01
  3.0896082E-06  3.01162004116084903E-01
  3.1268001E-06  3.01162004113881998E-01
  3.1643378E-06  3.01162004111637738E-01
  3.2022247E-06  3.01162004109334858E-01
  3.2404640E-06  3.01162004106980130E-01
  3.2790589E-06  3.01162004104583492E-01
  3.3180128E-06  3.01162004102121461E-01
  3.3573291E-06  3.01162004099607639E-01
  3.3970110E-06  3.01162004097040414E-01
  3.4370620E-06  3.01162004094421010E-01
  3.4774854E-06  3.01162004091741431E-01
  3.5182849E-06  3.01162004089001289E-01
  3.5594639E-06  3.01162004086204249E-01
  3.6010258E-06  3.01162004083345258E-01
  3.6429743E-06  3.01162004080423651E-01
  3.6853130E-06  3.01162004077441481E-01
  3.7280455E-06  3.01162004074391587E-01
  3.7711754E-06  3.01162004071278799E-01
  3.8147065E-06  3.01162004068101397E-01
  3.8586425E-06  3.01162004064847943E-01
  3.9029871E-06  3.01162004061521993E-01
  3.9477441E-06  3.01162004058129540E-01
  3.9929175E-06  3.01162004054660482E-01
  4.0385110E-06  3.01162004051119758E-01
  4.0845285E-06  3.01162004047502818E-01
  4.1309741E-06  3.01162004043807496E-01
  4.1778517E-06  3.01162004040027409E-01
  4.2251652E-06  3.01162004036173991E-01
  4.2729189E-06  3.01162004032231811E-01
  4.3211166E-06  3.01162004028210306E-01
  4.3697627E-06  3.01162004024101482E-01
  4.4188613E-06  3.01162004019904062E-01
  4.4684164E-06  3.01162004015620433E-01
  4.5184326E-06  3.01162004011246209E-01
  4.5689139E-06  3.01162004006780004E-01
  4.6198647E-06  3.01162004002218375E-01
  4.6712894E-06  3.01162003997553940E-01
  4.7231924E-06  3.01162003992798355E-01
  4.7755782E-06  3.01162003987939630E-01
  4.8284512E-06  3.01162003982975046E-01
  4.8818160E-06  3.01162003977908210E-01
  4.9356771E-06  3.01162003972737125E-01
  4.9900392E-06  3.01162003967461067E-01
  5.0449069E-06  3.01162003962069769E-01
  5.1002850E-06  3.01162003956566227E-01
  5.1561781E-06  3.01162003950943225E-01
  5.2125910E-06  3.01162003945210310E-01
  5.2695287E-06  3.01162003939353440E-01
  5.3269959E-06  3.01162003933377720E-01
  5.3849977E-06  3.01162003927275768E-01
  5.4435389E-06  3.01162003921055466E-01
  5.5026246E-06  3.01162003914693166E-01
  5.5622598E-06  3.01162003908201359E-01
  5.6224498E-06  3.01162003901580155E-01
  5.6831995E-06  3.01162003894817232E-01
  5.7445143E-06  3.01162003887924468E-01
  5.8063994E-06  3.01162003880882601E-01
  5.8688600E-06  3.01162003873696127E-01
  5.9319016E-06  3.01162003866369321E-01
  5.9955296E-06  3.01162003858887195E-01
  6.0597494E-06  3.01162003851252247E-01
  6.1245664E-06  3.01162003843467529E-01
  6.1899864E-06  3.01162003835513836E-01
  6.2560148E-06  3.01162003827408431E-01
  6.3226573E-06  3.01162003819129720E-01
  6.3899197E-06  3.01162003810687640E-01
  6.4578076E-06  3.01162003802068701E-01
  6.5263270E-06  3.01162003793279176E-01
  6.5954837E-06  3.01162003784300469E-01
  6.6652837E-06  3.01162003775151454E-01
  6.7357328E-06  3.01162003765814368E-01
  6.8068372E-06  3.01162003756283325E-01
  6.8786029E-06  3.01162003746557716E-01
  6.9510361E-06  3.01162003736643979E-01
  7.0241430E-06  3.01162003726528571E-01
  7.0979299E-06  3.01162003716208160E-01
  7.1724030E-06  3.01162003705678583E-01
  7.2475689E-06  3.01162003694935065E-01
  7.3234338E-06  3.01162003683974722E-01
  7.4000044E-06  3.01162003672791112E-01
  7.4772872E-06  3.01162003661381905E-01
  7.5552887E-06  3.01162003649746546E-01
  7.6340158E-06  3.01162003637879760E-01
  7.7134751E-06  3.01162003625772889E-01
  7.7936734E-06  3.01162003613424822E-01
  7.8746177E-06  3.01162003600831285E-01
  7.9563148E-06  3.01162003587978011E-01
  8.0387718E-06  3.01162003574873716E-01
  8.1219957E-06  3.01162003561503633E-01
  8.2059937E-06  3.01162003547873314E-01
  8.2907730E-06  3.01162003533961220E-01
  8.3763407E-06  3.01162003519780730E-01
  8.4627044E-06  3.01162003505315468E-01
  8.5498713E-06  3.01162003490558550E-01
  8.6378489E-06  3.01162003475508200E-01
  8.7266449E-06  3.01162003460160810E-01
  8.8162667E-06  3.01162003444502890E-01
  8.9067221E-06  3.01162003428537439E-01
  8.9980188E-06  3.01162003412259682E-01
  9.0901646E-06  3.01162003395652467E-01
  9.1831676E-06  3.01162003378714072E-01
  9.2770355E-06  3.01162003361445274E-01
  9.3717765E-06  3.01162003343835472E-01
  9.4673987E-06  3.01162003325871619E-01
  9.5639102E-06  3.01162003307559489E-01
  9.6613194E-06  3.01162003288875102E-01
  9.7596346E-06  3.01162003269830225E-01
  9.8588643E-06  3.01162003250406596E-01
  9.9590168E-06  3.01162003230604214E-01
  1.0060101E-05  3.01162003210407203E-01
  1.0162125E-05  3.01162003189815952E-01
  1.0265098E-05  3.01162003168816916E-01
  1.0369029E-05  3.01162003147407431E-01
  1.0473927E-05  3.01162003125566569E-01
  1.0579800E-05  3.01162003103304765E-01
  1.0686658E-05  3.01162003080604479E-01
  1.0794510E-05  3.01162003057455774E-01
  1.0903365E-05  3.01162003033857872E-01
  1.1013233E-05  3.01162003009792567E-01
  1.1124122E-05  3.01162002985261468E-01
  1.1236043E-05  3.01162002960245034E-01
  1.1349004E-05  3.01162002934736217E-01
  1.1463017E-05  3.01162002908730353E-01
  1.1578089E-05  3.01162002882219337E-01
  1.1694232E-05  3.01162002855188571E-01
  1.1811456E-05  3.01162002827627118E-01
  1.1929769E-05  3.01162002799536921E-01
  1.2049183E-05  3.01162002770893722E-01
  1.2169708E-05  3.01162002741691581E-01
  1.2291354E-05  3.01162002711923282E-01
  1.2414131E-05  3.01162002681571117E-01
  1.2538050E-05  3.01162002650626370E-01
  1.2663121E-05  3.01162002619079883E-01
  1.2789356E-05  3.01162002586916555E-01
  1.2916765E-05  3.01162002554132169E-01
  1.3045359E-05  3.01162002520712180E-01
  1.3175150E-05  3.01162002486641045E-01
  1.3306147E-05  3.01162002451903332E-01
  1.3438363E-05  3.01162002416487384E-01
  1.3571808E-05  3.01162002380382821E-01
  1.3706495E-05  3.01162002343582258E-01
  1.3842434E-05  3.01162002306064547E-01
  1.3979638E-05  3.01162002267821083E-01
  1.4118117E-05  3.01162002228831827E-01
  1.4257885E-05  3.01162002189090339E-01
  1.4398953E-05  3.01162002148579633E-01
  1.4541333E-05  3.01162002107282667E-01
  1.4685037E-05  3.01162002065188950E-01
  1.4830078E-05  3.01162002022279496E-01
  1.4976467E-05  3.01162001978534932E-01
  1.5124219E-05  3.01162001933946655E-01
  1.5273344E-05  3.01162001888499675E-01
  1.5423857E-05  3.01162001842174842E-01
  1.5575769E-05  3.01162001794953116E-01
  1.5729095E-05  3.01162001746823449E-01
  1.5883846E-05  3.01162001697757087E-01
  1.6040037E-05  3.01162001647750088E-01
  1.6197681E-05  3.01162001596776085E-01
  1.6356790E-05  3.01162001544815539E-01
  1.6517380E-05  3.01162001491857234E-01
  1.6679463E-05  3.01162001437881632E-01
  1.6843054E-05  3.01162001382858646E-01
  1.7008167E-05  3.01162001326780948E-01
  1.7174815E-05  3.01162001269615898E-01
  1.7343013E-05  3.01162001211350727E-01
  1.7512775E-05  3.01162001151968783E-01
  1.7684117E-05  3.01162001091444587E-01
  1.7857052E-05  3.01162001029752269E-01
  1.8031596E-05  3.01162000966875010E-01
  1.8207763E-05  3.01162000902795823E-01
  1.8385568E-05  3.01162000837469357E-01
  1.8565027E-05  3.01162000770895388E-01
  1.8746156E-05  3.01162000703051047E-01
  1.8928969E-05  3.01162000633896920E-01
  1.9113482E-05  3.01162000563418464E-01
  1.9299712E-05  3.01162000491579263E-01
  1.9487674E-05  3.01162000418371489E-01
  1.9677384E-05  3.01162000343753233E-01
  1.9868858E-05  3.01162000267701846E-01
  2.0062114E-05  3.01162000190199342E-01
  2.0257166E-05  3.01162000111206696E-01
  2.0454033E-05  3.01162000030701260E-01
  2.0652731E-05  3.01161999948659886E-01
  2.0853278E-05  3.01161999865041885E-01
  2.1055689E-05  3.01161999779826106E-01
  2.1259983E-05  3.01161999692973803E-01
  2.1466177E-05  3.01161999604468489E-01
  2.1674289E-05  3.01161999514265810E-01
  2.1884337E-05  3.01161999422338567E-01
  2.2096338E-05  3.01161999328649899E-01
  2.2310311E-05  3.01161999233178268E-01
  2.2526275E-05  3.01161999135874381E-01
  2.2744247E-05  3.01161999036721195E-01
  2.2964246E-05  3.01161998935658093E-01
  2.3186291E-05  3.01161998832671696E-01
  2.3410402E-05  3.01161998727722147E-01
  2.3636597E-05  3.01161998620758598E-01
  2.3864896E-05  3.01161998511758344E-01
  2.4095319E-05  3.01161998400681752E-01
  2.4327884E-05  3.01161998287481580E-01
  2.4562613E-05  3.01161998172126744E-01
  2.4799525E-05  3.01161998054566227E-01
  2.5038640E-05  3.01161997934759396E-01
  2.5279980E-05  3.01161997812679216E-01
  2.5523564E-05  3.01161997688264682E-01
  2.5769414E-05  3.01161997561479211E-01
  2.6017550E-05  3.01161997432280726E-01
  2.6267994E-05  3.01161997300623541E-01
  2.6520768E-05  3.01161997166455198E-01
  2.6775892E-05  3.01161997029734563E-01
  2.7033390E-05  3.01161996890409012E-01
  2.7293283E-05  3.01161996748436744E-01
  2.7555592E-05  3.01161996603754811E-01
  2.7820342E-05  3.01161996456317527E-01
  2.8087554E-05  3.01161996306081037E-01
  2.8357251E-05  3.01161996152982225E-01
  2.8629457E-05  3.01161995996985676E-01
  2.8904194E-05  3.01161995838016894E-01
  2.9181487E-05  3.01161995676019201E-01
  2.9461359E-05  3.01161995510949465E-01
  2.9743834E-05  3.01161995342746902E-01
  3.0028937E-05  3.01161995171336794E-01
  3.0316691E-05  3.01161994996676952E-01
  3.0607121E-05  3.01161994818694378E-01
  3.0900253E-05  3.01161994637332897E-01
  3.1196111E-05  3.01161994452534276E-01
  3.1494721E-05  3.01161994264224353E-01
  3.1796108E-05  3.01161994072342509E-01
  3.2100299E-05  3.01161993876811640E-01
  3.2407319E-05  3.01161993677576123E-01
  3.2717194E-05  3.01161993474554857E-01
  3.3029952E-05  3.01161993267683892E-01
  3.3345618E-05  3.01161993056889232E-01
  3.3664221E-05  3.01161992842099602E-01
  3.3985786E-05  3.01161992623235675E-01
  3.4310343E-05  3.01161992400214629E-01
  3.4637918E-05  3.01161992172975956E-01
  3.4968540E-05  3.01161991941419904E-01
  3.5302238E-05  3.01161991705485965E-01
  3.5639039E-05  3.01161991465077383E-01
  3.5978972E-05  3.01161991220106340E-01
  3.6322067E-05  3.01161990970501947E-01
  3.6668354E-05  3.01161990716171502E-01
  3.7017861E-05  3.01161990457015416E-01
  3.7370619E-05  3.01161990192951090E-01
  3.7726658E-05  3.01161989923893425E-01
  3.8086008E-05  3.01161989649743389E-01
  3.8448701E-05  3.01161989370397509E-01
  3.8814767E-05  3.01161989085763804E-01
  3.9184238E-05  3.01161988795748181E-01
  3.9557146E-05  3.01161988500243338E-01
  3.9933521E-05  3.01161988199144748E-01
  4.0313398E-05  3.01161987892351490E-01
  4.0696808E-05  3.01161987579761037E-01
  4.1083783E-05  3.01161987261249875E-01
  4.1474358E-05  3.01161986936720860E-01
  4.1868566E-05  3.01161986606044096E-01
  4.2266440E-05  3.01161986269126769E-01
  4.2668015E-05  3.01161985925842424E-01
  4.3073325E-05  3.01161985576063496E-01
  4.3482405E-05  3.01161985219675798E-01
  4.3895289E-05  3.01161984856546106E-01
  4.4312014E-05  3.01161984486562007E-01
  4.4732615E-05  3.01161984109581171E-01
  4.5157128E-05  3.01161983725488691E-01
  4.5585589E-05  3.01161983334141792E-01
  4.6018035E-05  3.01161982935396422E-01
  4.6454504E-05  3.01161982529120908E-01
  4.6895032E-05  3.01161982115175642E-01
  4.7339657E-05  3.01161981693415459E-01
  4.7788418E-05  3.01161981263694589E-01
  4.8241352E-05  3.01161980825860764E-01
  4.8698500E-05  3.01161980379760330E-01
  4.9159899E-05  3.01161979925231027E-01
  4.9625590E-05  3.01161979462132690E-01
  5.0095612E-05  3.01161978990292067E-01
  5.0570006E-05  3.01161978509556061E-01
  5.1048812E-05  3.01161978019742982E-01
  5.1532072E-05  3.01161977520693291E-01
  5.2019826E-05  3.01161977012228022E-01
  5.2512117E-05  3.01161976494158989E-01
  5.3008987E-05  3.01161975966338036E-01
  5.3510478E-05  3.01161975428545503E-01
  5.4016634E-05  3.01161974880625516E-01
  5.4527497E-05  3.01161974322365023E-01
  5.5043112E-05  3.01161973753579781E-01
  5.5563522E-05  3.01161973174074671E-01
  5.6088773E-05  3.01161972583642856E-01
  5.6618909E-05  3.01161971982091048E-01
  5.7153976E-05  3.01161971369192705E-01
  5.7694020E-05  3.01161970744754148E-01
  5.8239086E-05  3.01161970108536070E-01
  5.8789223E-05  3.01161969460336854E-01
  5.9344476E-05  3.01161968799916580E-01
  5.9904893E-05  3.01161968127054980E-01
  6.0470523E-05  3.01161967441520850E-01
  6.1041414E-05  3.01161966743072718E-01
  6.1617614E-05  3.01161966031466166E-01
  6.2199174E-05  3.01161965306461665E-01
  6.2786143E-05  3.01161964567791540E-01
  6.3378571E-05  3.01161963815217315E-01
  6.3976510E-05  3.01161963048474868E-01
  6.4580010E-05  3.01161962267293859E-01
  6.5189123E-05  3.01161961471410555E-01
  6.5803901E-05  3.01161960660534522E-01
  6.6424398E-05  3.01161959834401693E-01
  6.7050665E-05  3.01161958992715639E-01
  6.7682758E-05  3.01161958135183927E-01
  6.8320729E-05  3.01161957261514790E-01
  6.8964635E-05  3.01161956371405803E-01
  6.9614529E-05  3.01161955464543718E-01
  7.0270468E-05  3.01161954540618337E-01
  7.0932508E-05  3.01161953599317855E-01
  7.1600706E-05  3.01161952640293273E-01
  7.2275118E-05  3.01161951663239780E-01
  7.2955803E-05  3.01161950667799994E-01
  7.3642819E-05  3.01161949653635186E-01
  7.4336225E-05  3.01161948620394027E-01
  7.5036081E-05  3.01161947567713362E-01
  7.5742445E-05  3.01161946495244692E-01
  7.6455380E-05  3.01161945402602771E-01
  7.7174946E-05  3.01161944289416339E-01
  7.7901204E-05  3.01161943155295431E-01
  7.8634217E-05  3.01161941999852856E-01
  7.9374048E-05  3.01161940822682106E-01
  8.0120760E-05  3.01161939623384556E-01
  8.0874418E-05  3.01161938401523832E-01
  8.1635085E-05  3.01161937156711024E-01
  8.2402827E-05  3.01161935888487942E-01
  8.3177709E-05  3.01161934596436143E-01
  8.3959799E-05  3.01161933280097105E-01
  8.4749164E-05  3.01161931939021632E-01
  8.5545870E-05  3.01161930572732439E-01
  8.6349986E-05  3.01161929180776278E-01
  8.7161581E-05  3.01161927762659098E-01
  8.7980725E-05  3.01161926317899231E-01
  8.8807487E-05  3.01161924845988638E-01
  8.9641940E-05  3.01161923346424221E-01
  9.0484153E-05  3.01161921818691614E-01
  9.1334200E-05  3.01161920262251637E-01
  9.2192154E-05  3.01161918676577378E-01
  9.3058087E-05  3.01161917061112949E-01
  9.3932074E-05  3.01161915415308401E-01
  9.4814190E-05  3.01161913738600184E-01
  9.5704511E-05  3.01161912030385504E-01
  9.6603112E-05  3.01161910290097423E-01
  9.7510072E-05  3.01161908517132149E-01
  9.8425467E-05  3.01161906710861849E-01
  9.9349376E-05  3.01161904870674735E-01
  1.0028188E-04  3.01161902995930375E-01
  1.0122305E-04  3.01161901085982397E-01
  1.0217298E-04  3.01161899140177880E-01
  1.0313175E-04  3.01161897157848968E-01
  1.0409943E-04  3.01161895138297386E-01
  1.0507611E-04  3.01161893080828968E-01
  1.0606188E-04  3.01161890984746439E-01
  1.0705681E-04  3.01161888849309445E-01
  1.0806100E-04  3.01161886673790180E-01
  1.0907453E-04  3.01161884457438633E-01
  1.1009749E-04  3.01161882199487196E-01
  1.1112996E-04  3.01161879899156049E-01
  1.1217203E-04  3.01161877555651936E-01
  1.1322380E-04  3.01161875168176885E-01
  1.1428535E-04  3.01161872735886904E-01
  1.1535677E-04  3.01161870257954822E-01
  1.1643815E-04  3.01161867733531319E-01
  1.1752960E-04  3.01161865161732600E-01
  1.1863119E-04  3.01161862541678649E-01
  1.1974304E-04  3.01161859872463467E-01
  1.2086522E-04  3.01161857153179113E-01
  1.2199784E-04  3.01161854382867022E-01
  1.2314100E-04  3.01161851560588889E-01
  1.2429478E-04  3.01161848685363609E-01
  1.2545930E-04  3.01161845756204027E-01
  1.2663465E-04  3.01161842772092070E-01
  1.2782094E-04  3.01161839732004333E-01
  1.2901825E-04  3.01161836634889823E-01
  1.3022670E-04  3.01161833479694330E-01
  1.3144640E-04  3.01161830265320341E-01
  1.3267743E-04  3.01161826990659909E-01
  1.3391992E-04  3.01161823654585770E-01
  1.3517396E-04  3.01161820255943680E-01
  1.3643967E-04  3.01161816793560688E-01
  1.3771714E-04  3.01161813266250966E-01
  1.3900650E-04  3.01161809672797209E-01
  1.4030786E-04  3.01161806011962740E-01
  1.4162131E-04  3.01161802282482460E-01
  1.4294699E-04  3.01161798483072007E-01
  1.4428499E-04  3.01161794612422595E-01
  1.4563544E-04  3.01161790669206508E-01
  1.4699845E-04  3.01161786652056895E-01
  1.4837413E-04  3.01161782559596025E-01
  1.4976261E-04  3.01161778390404922E-01
  1.5116401E-04  3.01161774143059446E-01
  1.5257844E-04  3.01161769816088609E-01
  1.5400602E-04  3.01161765408003324E-01
  1.5544688E-04  3.01161760917299792E-01
  1.5690115E-04  3.01161756342413878E-01
  1.5836894E-04  3.01161751681773893E-01
  1.5985038E-04  3.01161746933778118E-01
  1.6134560E-04  3.01161742096791918E-01
  1.6285473E-04  3.01161737169140020E-01
  1.6437790E-04  3.01161732149138939E-01
  1.6591523E-04  3.01161727035054727E-01
  1.6746686E-04  3.01161721825123796E-01
  1.6903292E-04  3.01161716517552969E-01
  1.7061355E-04  3.01161711110523922E-01
  1.7220888E-04  3.01161705602165708E-01
  1.7381904E-04  3.01161699990585785E-01
  1.7544419E-04  3.01161694273851532E-01
  1.7708445E-04  3.01161688449994136E-01
  1.7873996E-04  3.01161682517013696E-01
  1.8041087E-04  3.01161676472869844E-01
  1.8209733E-04  3.01161670315469809E-01
  1.8379947E-04  3.01161664042700727E-01
  1.8551744E-04  3.01161657652416259E-01
  1.8725139E-04  3.01161651142397790E-01
  1.8900147E-04  3.01161644510415383E-01
  1.9076782E-04  3.01161637754190636E-01
  1.9255060E-04  3.01161630871392361E-01
  1.9434997E-04  3.01161623859650396E-01
  1.9616607E-04  3.01161616716555558E-01
  1.9799906E-04  3.01161609439649314E-01
  1.9984910E-04  3.01161602026431441E-01
  2.0171635E-04  3.01161594474348981E-01
  2.0360097E-04  3.01161586780801960E-01
  2.0550311E-04  3.01161578943143937E-01
  2.0742295E-04  3.01161570958680624E-01
  2.0936064E-04  3.01161562824663220E-01
  2.1131636E-04  3.01161554538297627E-01
  2.1329026E-04  3.01161546096731347E-01
  2.1528253E-04  3.01161537497062537E-01
  2.1729332E-04  3.01161528736326678E-01
  2.1932282E-04  3.01161519811512457E-01
  2.2137119E-04  3.01161510719560099E-01
  2.2343862E-04  3.01161501457337610E-01
  2.2552527E-04  3.01161492021651933E-01
  2.2763134E-04  3.01161482409267711E-01
  2.2975699E-04  3.01161472616880921E-01
  2.3190241E-04  3.01161462641113153E-01
  2.3406778E-04  3.01161452478541647E-01
  2.3625330E-04  3.01161442125668866E-01
  2.3845914E-04  3.01161431578942484E-01
  2.4068550E-04  3.01161420834725357E-01
  2.4293257E-04  3.01161409889320164E-01
  2.4520054E-04  3.01161398738977126E-01
  2.4748960E-04  3.01161387379860312E-01
  2.4979995E-04  3.01161375808051579E-01
  2.5213179E-04  3.01161364019579936E-01
  2.5448532E-04  3.01161352010400729E-01
  2.5686074E-04  3.01161339776376491E-01
  2.5925825E-04  3.01161327313302807E-01
  2.6167806E-04  3.01161314616895381E-01
  2.6412038E-04  3.01161301682788596E-01
  2.6658542E-04  3.01161288506538449E-01
  2.6907338E-04  3.01161275083614066E-01
  2.7158448E-04  3.01161261409406023E-01
  2.7411894E-04  3.01161247479211414E-01
  2.7667697E-04  3.01161233288246899E-01
  2.7925879E-04  3.01161218831622279E-01
  2.8186463E-04  3.01161204104376246E-01
  2.8449470E-04  3.01161189101452731E-01
  2.8714924E-04  3.01161173817682093E-01
  2.8982847E-04  3.01161158247825522E-01
  2.9253261E-04  3.01161142386524194E-01
  2.9526191E-04  3.01161126228332021E-01
  2.9801659E-04  3.01161109767692003E-01
  3.0079689E-04  3.01161092998951829E-01
  3.0360305E-04  3.01161075916345888E-01
  3.0643532E-04  3.01161058514004376E-01
  3.0929392E-04  3.01161040785947631E-01
  3.1217912E-04  3.01161022726077698E-01
  3.1509114E-04  3.01161004328201920E-01
  3.1803026E-04  3.01160985585995855E-01
  3.2099671E-04  3.01160966493005666E-01
  3.2399075E-04  3.01160947042679983E-01
  3.2701263E-04  3.01160927228348363E-01
  3.3006263E-04  3.01160907043189374E-01
  3.3314099E-04  3.01160886480275058E-01
  3.3624799E-04  3.01160865532534794E-01
  3.3938388E-04  3.01160844192780774E-01
  3.4254894E-04  3.01160822453663324E-01
  3.4574343E-04  3.01160800307728904E-01
  3.4896764E-04  3.01160777747368380E-01
  3.5222184E-04  3.01160754764825789E-01
  3.5550631E-04  3.01160731352212330E-01
  3.5882132E-04  3.01160707501486991E-01
  3.6216717E-04  3.01160683204444002E-01
  3.6554413E-04  3.01160658452753360E-01
  3.6895251E-04  3.01160633237910091E-01
  3.7239258E-04  3.01160607551244131E-01
  3.7586466E-04  3.01160581383929538E-01
  3.7936902E-04  3.01160554726995988E-01
  3.8290598E-04  3.01160527571273984E-01
  3.8647584E-04  3.01160499907432266E-01
  3.9007890E-04  3.01160471725986978E-01
  3.9371547E-04  3.01160443017246759E-01
  3.9738587E-04  3.01160413771359214E-01
  4.0109041E-04  3.01160383978266555E-01
  4.0482940E-04  3.01160353627752675E-01
  4.0860316E-04  3.01160322709388917E-01
  4.1241203E-04  3.01160291212548892E-01
  4.1625632E-04  3.01160259126419416E-01
  4.2013637E-04  3.01160226439988632E-01
  4.2405251E-04  3.01160193142017751E-01
  4.2800507E-04  3.01160159221085078E-01
  4.3199439E-04  3.01160124665542872E-01
  4.3602082E-04  3.01160089463520853E-01
  4.4008470E-04  3.01160053602924749E-01
  4.4418637E-04  3.01160017071446739E-01
  4.4832620E-04  3.01159979856537641E-01
  4.5250453E-04  3.01159941945430054E-01
  4.5672172E-04  3.01159903325096179E-01
  4.6097814E-04  3.01159863982275400E-01
  4.6527414E-04  3.01159823903465573E-01
  4.6961011E-04  3.01159783074896881E-01
  4.7398640E-04  3.01159741482558474E-01
  4.7840339E-04  3.01159699112163448E-01
  4.8286147E-04  3.01159655949164995E-01
  4.8736101E-04  3.01159611978745301E-01
  4.9190240E-04  3.01159567185812493E-01
  4.9648604E-04  3.01159521554980103E-01
  5.0111230E-04  3.01159475070584604E-01
  5.0578159E-04  3.01159427716667705E-01
  5.1049431E-04  3.01159379476965305E-01
  5.1525087E-04  3.01159330334929254E-01
  5.2005166E-04  3.01159280273674224E-01
  5.2489711E-04  3.01159229276023233E-01
  5.2978762E-04  3.01159177324472449E-01
  5.3472363E-04  3.01159124401174039E-01
  5.3970554E-04  3.01159070487969860E-01
  5.4473378E-04  3.01159015566352106E-01
  5.4980880E-04  3.01158959617461641E-01
  5.5493102E-04  3.01158902622103652E-01
  5.6010088E-04  3.01158844560686367E-01
  5.6531882E-04  3.01158785413306707E-01
  5.7058530E-04  3.01158725159650975E-01
  5.7590076E-04  3.01158663779039104E-01
  5.8126566E-04  3.01158601250392233E-01
  5.8668045E-04  3.01158537552264238E-01
  5.9214561E-04  3.01158472662776955E-01
  5.9766161E-04  3.01158406559662195E-01
  6.0322890E-04  3.01158339220227889E-01
  6.0884798E-04  3.01158270621360968E-01
  6.1451932E-04  3.01158200739516491E-01
  6.2024341E-04  3.01158129550717968E-01
  6.2602074E-04  3.01158057030512516E-01
  6.3185180E-04  3.01157983154022368E-01
  6.3773710E-04  3.01157907895883370E-01
  6.4367714E-04  3.01157831230269790E-01
  6.4967242E-04  3.01157753130872785E-01
  6.5572347E-04  3.01157673570879636E-01
  6.6183080E-04  3.01157592522988071E-01
  6.6799493E-04  3.01157509959383785E-01
  6.7421640E-04  3.01157425851733274E-01
  6.8049573E-04  3.01157340171159082E-01
  6.8683346E-04  3.01157252888265392E-01
  6.9323015E-04  3.01157163973096498E-01
  6.9968632E-04  3.01157073395138641E-01
  7.0620255E-04  3.01156981123303913E-01
  7.1277938E-04  3.01156887125922312E-01
  7.1941739E-04  3.01156791370747967E-01
  7.2611713E-04  3.01156693824904065E-01
  7.3287919E-04  3.01156594454923210E-01
  7.3970414E-04  3.01156493226711841E-01
  7.4659257E-04  3.01156390105521921E-01
  7.5354508E-04  3.01156285055969086E-01
  7.6056224E-04  3.01156178042002232E-01
  7.6764467E-04  3.01156069026903506E-01
  7.7479298E-04  3.01155957973255728E-01
  7.8200777E-04  3.01155844842963094E-01
  7.8928967E-04  3.01155729597186728E-01
  7.9663929E-04  3.01155612196401246E-01
  8.0405728E-04  3.01155492600309660E-01
  8.1154426E-04  3.01155370767865194E-01
  8.1910087E-04  3.01155246657279219E-01
  8.2672777E-04  3.01155120225947814E-01
  8.3442561E-04  3.01154991430501118E-01
  8.4219504E-04  3.01154860226744703E-01
  8.5003674E-04  3.01154726569650477E-01
  8.5795137E-04  3.01154590413370837E-01
  8.6593962E-04  3.01154451711168170E-01
  8.7400216E-04  3.01154310415474691E-01
  8.8213970E-04  3.01154166477788421E-01
  8.9035292E-04  3.01154019848727417E-01
  8.9864253E-04  3.01153870477988084E-01
  9.0700925E-04  3.01153718314313978E-01
  9.1545378E-04  3.01153563305498473E-01
  9.2397686E-04  3.01153405398351615E-01
  9.3257920E-04  3.01153244538698239E-01
  9.4126156E-04  3.01153080671352491E-01
  9.5002468E-04  3.01152913740089567E-01
  9.5886930E-04  3.01152743687621904E-01
  9.6779618E-04  3.01152570455628765E-01
  9.7680609E-04  3.01152393984658762E-01
  9.8589980E-04  3.01152214214172043E-01
  9.9507810E-04  3.01152031082494942E-01
  1.0043418E-03  3.01151844526796719E-01
  1.0136916E-03  3.01151654483070796E-01
  1.0231284E-03  3.01151460886120548E-01
  1.0326529E-03  3.01151263669521330E-01
  1.0422661E-03  3.01151062765615096E-01
  1.0519686E-03  3.01150858105473207E-01
  1.0617614E-03  3.01150649618894428E-01
  1.0716453E-03  3.01150437234345758E-01
  1.0816211E-03  3.01150220878965647E-01
  1.0916897E-03  3.01150000478527802E-01
  1.1018519E-03  3.01149775957423371E-01
  1.1121087E-03  3.01149547238625581E-01
  1.1224609E-03  3.01149314243672750E-01
  1.1329093E-03  3.01149076892644307E-01
  1.1434549E-03  3.01148835104095514E-01
  1.1540986E-03  3.01148588795090544E-01
  1.1648414E-03  3.01148337881131434E-01
  1.1756840E-03  3.01148082276147089E-01
  1.1866274E-03  3.01147821892443823E-01
  1.1976727E-03  3.01147556640710190E-01
  1.2088207E-03  3.01147286429945371E-01
  1.2200724E-03  3.01147011167451795E-01
  1.2314287E-03  3.01146730758809156E-01
  1.2428907E-03  3.01146445107827621E-01
  1.2544592E-03  3.01146154116522236E-01
  1.2661354E-03  3.01145857685072182E-01
  1.2779201E-03  3.01145555711784585E-01
  1.2898145E-03  3.01145248093081352E-01
  1.3018195E-03  3.01144934723431956E-01
  1.3139362E-03  3.01144615495359480E-01
  1.3261655E-03  3.01144290299338757E-01
  1.3385086E-03  3.01143959023833563E-01
  1.3509665E-03  3.01143621555203356E-01
  1.3635403E-03  3.01143277777692508E-01
  1.3762310E-03  3.01142927573382235E-01
  1.3890398E-03  3.01142570822135636E-01
  1.4019677E-03  3.01142207401600193E-01
  1.4150158E-03  3.01141837187100303E-01
  1.4281853E-03  3.01141460051663534E-01
  1.4414773E-03  3.01141075865920871E-01
  1.4548929E-03  3.01140684498086730E-01
  1.4684333E-03  3.01140285813923270E-01
  1.4820996E-03  3.01139879676688871E-01
  1.4958930E-03  3.01139465947079465E-01
  1.5098148E-03  3.01139044483171414E-01
  1.5238660E-03  3.01138615140411625E-01
  1.5380479E-03  3.01138177771535565E-01
  1.5523617E-03  3.01137732226532007E-01
  1.5668086E-03  3.01137278352566595E-01
  1.5813900E-03  3.01136815993975904E-01
  1.5961069E-03  3.01136344992173344E-01
  1.6109607E-03  3.01135865185601870E-01
  1.6259527E-03  3.01135376409707500E-01
  1.6410841E-03  3.01134878496835734E-01
  1.6563563E-03  3.01134371276218282E-01
  1.6717705E-03  3.01133854573874649E-01
  1.6873280E-03  3.01133328212591922E-01
  1.7030303E-03  3.01132792011842620E-01
  1.7188786E-03  3.01132245787715191E-01
  1.7348743E-03  3.01131689352867882E-01
  1.7510188E-03  3.01131122516456795E-01
  1.7673135E-03  3.01130545084064671E-01
  1.7837597E-03  3.01129956857654313E-01
  1.8003588E-03  3.01129357635479600E-01
  1.8171124E-03  3.01128747212034698E-01
  1.8340218E-03  3.01128125377941869E-01
  1.8510885E-03  3.01127491919942036E-01
  1.8683139E-03  3.01126846620783817E-01
  1.8856995E-03  3.01126189259144195E-01
  1.9032468E-03  3.01125519609584780E-01
  1.9209573E-03  3.01124837442433568E-01
  1.9388325E-03  3.01124142523728822E-01
  1.9568741E-03  3.01123434615141627E-01
  1.9750834E-03  3.01122713473898185E-01
  1.9934620E-03  3.01121978852661509E-01
  2.0120116E-03  3.01121230499509729E-01
  2.0307338E-03  3.01120468157784205E-01
  2.0496301E-03  3.01119691566035075E-01
  2.0687021E-03  3.01118900457929273E-01
  2.0879515E-03  3.01118094562151106E-01
  2.1073800E-03  3.01117273602326652E-01
  2.1269891E-03  3.01116437296910344E-01
  2.1467807E-03  3.01115585359096771E-01
  2.1667563E-03  3.01114717496703266E-01
  2.1869177E-03  3.01113833412120835E-01
  2.2072667E-03  3.01112932802143796E-01
  2.2278049E-03  3.01112015357929252E-01
  2.2485341E-03  3.01111080764830841E-01
  2.2694561E-03  3.01110128702356317E-01
  2.2905728E-03  3.01109158844008518E-01
  2.3118858E-03  3.01108170857179280E-01
  2.3333971E-03  3.01107164403060790E-01
  2.3551084E-03  3.01106139136509354E-01
  2.3770217E-03  3.01105094705915399E-01
  2.3991388E-03  3.01104030753121144E-01
  2.4214616E-03  3.01102946913263725E-01
  2.4439920E-03  3.01101842814659459E-01
  2.4667320E-03  3.01100718078686547E-01
  2.4896835E-03  3.01099572319645514E-01
  2.5128484E-03  3.01098405144634429E-01
  2.5362289E-03  3.01097216153392244E-01
  2.5598267E-03  3.01096004938190998E-01
  2.5836441E-03  3.01094771083682433E-01
  2.6076830E-03  3.01093514166748843E-01
  2.6319455E-03  3.01092233756377892E-01
  2.6564336E-03  3.01090929413489861E-01
  2.6811495E-03  3.01089600690806036E-01
  2.7060953E-03  3.01088247132691444E-01
  2.7312731E-03  3.01086868274986041E-01
  2.7566851E-03  3.01085463644876983E-01
  2.7823334E-03  3.01084032760694065E-01
  2.8082203E-03  3.01082575131785435E-01
  2.8343480E-03  3.01081090258298933E-01
  2.8607186E-03  3.01079577631074291E-01
  2.8873346E-03  3.01078036731423138E-01
  2.9141981E-03  3.01076467030964467E-01
  2.9413115E-03  3.01074867991445227E-01
  2.9686770E-03  3.01073239064547360E-01
  2.9962971E-03  3.01071579691719216E-01
  3.0241740E-03  3.01069889303954952E-01
  3.0523103E-03  3.01068167321638824E-01
  3.0807082E-03  3.01066413154301604E-01
  3.1093703E-03  3.01064626200451324E-01
  3.1382989E-03  3.01062805847346571E-01
  3.1674967E-03  3.01060951470816407E-01
  3.1969660E-03  3.01059062435007241E-01
  3.2267093E-03  3.01057138092183596E-01
  3.2567294E-03  3.01055177782507732E-01
  3.2870286E-03  3.01053180833829204E-01
  3.3176097E-03  3.01051146561415073E-01
  3.3484751E-03  3.01049074267750238E-01
  3.3796277E-03  3.01046963242277810E-01
  3.4110700E-03  3.01044812761171787E-01
  3.4428048E-03  3.01042622087070832E-01
  3.4748347E-03  3.01040390468844510E-01
  3.5071626E-03  3.01038117141315731E-01
  3.5397911E-03  3.01035801325031271E-01
  3.5727231E-03  3.01033442225948134E-01
  3.6059614E-03  3.01031039035194126E-01
  3.6395088E-03  3.01028590928793138E-01
  3.6733683E-03  3.01026097067353560E-01
  3.7075427E-03  3.01023556595813979E-01
  3.7420349E-03  3.01020968643134823E-01
  3.7768480E-03  3.01018332321987492E-01
  3.8119848E-03  3.01015646728477249E-01
  3.8474485E-03  3.01012910941824197E-01
  3.8832420E-03  3.01010124024027270E-01
  3.9193684E-03  3.01007285019564419E-01
  3.9558308E-03  3.01004392955068534E-01
  3.9926324E-03  3.01001446838971731E-01
  4.0297763E-03  3.00998445661188441E-01
  4.0672656E-03  3.00995388392750918E-01
  4.1051036E-03  3.00992273985473235E-01
  4.1432936E-03  3.00989101371588519E-01
  4.1818388E-03  3.00985869463370692E-01
  4.2207424E-03  3.00982577152764774E-01
  4.2600079E-03  3.00979223311020339E-01
  4.2996387E-03  3.00975806788299660E-01
  4.3396380E-03  3.00972326413278535E-01
  4.3800093E-03  3.00968780992746932E-01
  4.4207562E-03  3.00965169311195824E-01
  4.4618820E-03  3.00961490130415454E-01
  4.5033904E-03  3.00957742189062516E-01
  4.5452848E-03  3.00953924202201795E-01
  4.5875688E-03  3.00950034860925808E-01
  4.6302462E-03  3.00946072831852374E-01
  4.6733205E-03  3.00942036756688847E-01
  4.7167954E-03  3.00937925251774818E-01
  4.7606747E-03  3.00933736907587512E-01
  4.8049621E-03  3.00929470288269496E-01
  4.8496615E-03  3.00925123931149063E-01
  4.8947765E-03  3.00920696346215988E-01
  4.9403112E-03  3.00916186015616594E-01
  4.9862694E-03  3.00911591393157929E-01
  5.0326551E-03  3.00906910903755542E-01
  5.0794722E-03  3.00902142942889861E-01
  5.1267247E-03  3.00897285876066123E-01
  5.1744168E-03  3.00892338038263041E-01
  5.2225524E-03  3.00887297733344716E-01
  5.2711357E-03  3.00882163233490596E-01
  5.3201709E-03  3.00876932778601558E-01
  5.3696622E-03  3.00871604575701557E-01
  5.4196138E-03  3.00866176798318841E-01
  5.4700300E-03  3.00860647585838858E-01
  5.5209151E-03  3.00855015042921892E-01
  5.5722735E-03  3.00849277238800172E-01
  5.6241096E-03  3.00843432206653827E-01
  5.6764278E-03  3.00837477942899556E-01
  5.7292326E-03  3.00831412406532384E-01
  5.7825285E-03  3.00825233518434321E-01
  5.8363202E-03  3.00818939160640231E-01
  5.8906122E-03  3.00812527175615574E-01
  5.9454091E-03  3.00805995365530154E-01
  6.0007157E-03  3.00799341491491290E-01
  6.0565367E-03  3.00792563272799685E-01
  6.1128769E-03  3.00785658386137633E-01
  6.1697412E-03  3.00778624464791700E-01
  6.2271343E-03  3.00771459097847971E-01
  6.2850612E-03  3.00764159829357003E-01
  6.3435269E-03  3.00756724157498045E-01
  6.4025364E-03  3.00749149533710791E-01
  6.4620947E-03  3.00741433361846389E-01
  6.5222070E-03  3.00733572997237852E-01
  6.5828784E-03  3.00725565745860957E-01
  6.6441141E-03  3.00717408863336311E-01
  6.7059194E-03  3.00709099554049453E-01
  6.7682995E-03  3.00700634970159641E-01
  6.8312598E-03  3.00692012210642345E-01
  6.8948056E-03  3.00683228320294815E-01
  6.9589426E-03  3.00674280288706741E-01
  7.0236760E-03  3.00665165049261496E-01
  7.0890116E-03  3.00655879478059052E-01
  7.1549548E-03  3.00646420392858105E-01
  7.2215114E-03  3.00636784551992053E-01
  7.2886870E-03  3.00626968653254667E-01
  7.3564874E-03  3.00616969332766937E-01
  7.4249184E-03  3.00606783163828495E-01
  7.4939859E-03  3.00596406655752713E-01
  7.5636958E-03  3.00585836252650729E-01
  7.6340541E-03  3.00575068332249729E-01
  7.7050668E-03  3.00564099204633728E-01
  7.7767399E-03  3.00552925110968983E-01
  7.8490797E-03  3.00541542222241165E-01
  7.9220923E-03  3.00529946637937029E-01
  7.9957840E-03  3.00518134384703095E-01
  8.0701611E-03  3.00506101415014215E-01
  8.1452300E-03  3.00493843605744826E-01
  8.2209971E-03  3.00481356756790441E-01
  8.2974689E-03  3.00468636589632909E-01
  8.3746520E-03  3.00455678745860544E-01
  8.4525530E-03  3.00442478785691247E-01
  8.5311785E-03  3.00429032186452616E-01
  8.6105353E-03  3.00415334341031015E-01
  8.6906302E-03  3.00401380556288788E-01
  8.7714700E-03  3.00387166051495735E-01
  8.8530618E-03  3.00372685956638963E-01
  8.9354124E-03  3.00357935310815172E-01
  9.0185290E-03  3.00342909060491770E-01
  9.1024186E-03  3.00327602057808896E-01
  9.1870885E-03  3.00312009058797957E-01
  9.2725459E-03  3.00296124721609325E-01
  9.3587982E-03  3.00279943604685517E-01
  9.4458527E-03  3.00263460164877094E-01
  9.5337168E-03  3.00246668755575152E-01
  9.6223982E-03  3.00229563624782814E-01
  9.7119045E-03  3.00212138913129922E-01
  9.8022432E-03  3.00194388651894017E-01
  9.8934221E-03  3.00176306760929268E-01
  9.9854491E-03  3.00157887046654692E-01
  1.0078332E-02  3.00139123199855529E-01
  1.0172079E-02  3.00120008793599846E-01
  1.0266698E-02  3.00100537280990620E-01
  1.0362197E-02  3.00080701992981203E-01
  1.0458584E-02  3.00060496136036303E-01
  1.0555867E-02  3.00039912789890173E-01
  1.0654056E-02  3.00018944905109441E-01
  1.0753157E-02  2.99997585300750436E-01
  1.0853181E-02  2.99975826661845357E-01
  1.0954134E-02  2.99953661536981331E-01
  1.1056027E-02  2.99931082335679389E-01
  1.1158867E-02  2.99908081325868159E-01
  1.1262664E-02  2.99884650631210947E-01
  1.1367427E-02  2.99860782228422051E-01
  1.1473163E-02  2.99836467944549268E-01
  1.1579883E-02  2.99811699454173075E-01
  1.1687596E-02  2.99786468276548090E-01
  1.1796311E-02  2.99760765772769111E-01
  1.1906037E-02  2.99734583142755528E-01
  1.2016783E-02  2.99707911422306850E-01
  1.2128559E-02  2.99680741480012836E-01
  1.2241375E-02  2.99653064014160642E-01
  1.2355240E-02  2.99624869549546313E-01
  1.2470165E-02  2.99596148434274956E-01
  1.2586158E-02  2.99566890836445832E-01
  1.2703230E-02  2.99537086740811587E-01
  1.2821391E-02  2.99506725945365759E-01
  1.2940651E-02  2.99475798057877995E-01
  1.3061020E-02  2.99444292492340336E-01
  1.3182509E-02  2.99412198465374757E-01
  1.3305128E-02  2.99379504992549894E-01
  1.3428887E-02  2.99346200884654690E-01
  1.3553797E-02  2.99312274743886553E-01
  1.3679870E-02  2.99277714959960528E-01
  1.3807114E-02  2.99242509706168003E-01
  1.3935542E-02  2.99206646935363252E-01
  1.4065165E-02  2.99170114375853391E-01
  1.4195993E-02  2.99132899527213947E-01
  1.4328039E-02  2.99094989656077392E-01
  1.4461312E-02  2.99056371791744657E-01
  1.4595825E-02  2.99017032721829279E-01
  1.4731589E-02  2.98976958987734742E-01
  1.4868616E-02  2.98936136880103842E-01
  1.5006917E-02  2.98894552434134042E-01
  1.5146504E-02  2.98852191424849201E-01
  1.5287390E-02  2.98809039362263440E-01
  1.5429586E-02  2.98765081486470463E-01
  1.5573105E-02  2.98720302762608803E-01
  1.5717959E-02  2.98674687875783329E-01
  1.5864160E-02  2.98628221225849533E-01
  1.6011720E-02  2.98580886922128919E-01
  1.6160654E-02  2.98532668778003329E-01
  1.6310972E-02  2.98483550305457757E-01
  1.6462689E-02  2.98433514709421810E-01
  1.6615816E-02  2.98382544882154377E-01
  1.6770368E-02  2.98330623397398076E-01
  1.6926357E-02  2.98277732504465543E-01
  1.7083798E-02  2.98223854122249721E-01
  1.7242702E-02  2.98168969833085384E-01
  1.7403085E-02  2.98113060876514679E-01
  1.7564959E-02  2.98056108142927878E-01
  1.7728339E-02  2.97998092167089612E-01
  1.7893238E-02  2.97938993121561690E-01
  1.8059671E-02  2.97878790809992355E-01
  1.8227653E-02  2.97817464660277309E-01
  1.8397196E-02  2.97754993717601946E-01
  1.8568317E-02  2.97691356637353077E-01
  1.8741029E-02  2.97626531677904482E-01
  1.8915347E-02  2.97560496693284826E-01
  1.9091287E-02  2.97493229125652736E-01
  1.9268863E-02  2.97424705997741068E-01
  1.9448091E-02  2.97354903905014734E-01
  1.9628986E-02  2.97283799007853455E-01
  1.9811563E-02  2.97211367023450856E-01
  1.9995839E-02  2.97137583217623957E-01
  2.0181828E-02  2.97062422396507431E-01
  2.0369547E-02  2.96985858898019095E-01
  2.0559013E-02  2.96907866583231483E-01
  2.0750240E-02  2.96828418827541851E-01
  2.0943246E-02  2.96747488511740376E-01
  2.1138047E-02  2.96665048012828225E-01
  2.1334660E-02  2.96581069194759350E-01
  2.1533102E-02  2.96495523398950855E-01
  2.1733390E-02  2.96408381434647261E-01
  2.1935540E-02  2.96319613569095197E-01
  2.2139571E-02  2.96229189517576874E-01
  2.2345499E-02  2.96137078433183876E-01
  2.2553342E-02  2.96043248896501743E-01
  2.2763119E-02  2.95947668905044814E-01
  2.2974847E-02  2.95850305862486618E-01
  2.3188544E-02  2.95751126567781131E-01
  2.3404229E-02  2.95650097203968176E-01
  2.3621920E-02  2.95547183326849594E-01
  2.3841635E-02  2.95442349853492769E-01
  2.4063394E-02  2.95335561050425965E-01
  2.4287216E-02  2.95226780521699206E-01
  2.4513119E-02  2.95115971196689142E-01
  2.4741124E-02  2.95003095317720732E-01
  2.4971249E-02  2.94888114427415970E-01
  2.5203515E-02  2.94770989355866264E-01
  2.5437941E-02  2.94651680207532740E-01
  2.5674547E-02  2.94530146347945332E-01
  2.5913354E-02  2.94406346390107543E-01
  2.6154382E-02  2.94280238180742615E-01
  2.6397652E-02  2.94151778786194140E-01
  2.6643185E-02  2.94020924478160584E-01
  2.6891001E-02  2.93887630719105508E-01
  2.7141122E-02  2.93751852147456916E-01
  2.7393570E-02  2.93613542562503715E-01
  2.7648365E-02  2.93472654909047226E-01
  2.7905531E-02  2.93329141261765181E-01
  2.8165088E-02  2.93182952809304842E-01
  2.8427060E-02  2.93034039838084792E-01
  2.8691468E-02  2.92882351715796296E-01
  2.8958335E-02  2.92727836874650982E-01
  2.9227684E-02  2.92570442794274466E-01
  2.9499539E-02  2.92410115984338359E-01
  2.9773922E-02  2.92246801966876413E-01
  3.0050857E-02  2.92080445258268873E-01
  3.0330368E-02  2.91910989350907923E-01
  3.0612479E-02  2.91738376694567092E-01
  3.0897214E-02  2.91562548677425926E-01
  3.1184597E-02  2.91383445606727520E-01
  3.1474653E-02  2.91201006689149444E-01
  3.1767406E-02  2.91015170010754498E-01
  3.2062883E-02  2.90825872516724204E-01
  3.2361108E-02  2.90633049990539405E-01
  3.2662106E-02  2.90436637032980949E-01
  3.2965904E-02  2.90236567040630777E-01
  3.3272528E-02  2.90032772184072307E-01
  3.3582004E-02  2.89825183385682694E-01
  3.3894358E-02  2.89613730297012484E-01
  3.4209617E-02  2.89398341275826809E-01
  3.4527809E-02  2.89178943362705332E-01
  3.4848960E-02  2.88955462257226958E-01
  3.5173098E-02  2.88727822293756375E-01
  3.5500251E-02  2.88495946416839233E-01
  3.5830446E-02  2.88259756156104607E-01
  3.6163713E-02  2.88019171600798762E-01
  3.6500080E-02  2.87774111373816865E-01
  3.6839575E-02  2.87524492605353510E-01
  3.7182228E-02  2.87270230906029878E-01
  3.7528067E-02  2.87011240339635931E-01
  3.7877124E-02  2.86747433395302564E-01
  3.8229427E-02  2.86478720959312150E-01
  3.8585006E-02  2.86205012286319282E-01
  3.8943893E-02  2.85926214970182169E-01
  3.9306118E-02  2.85642234914214088E-01
  3.9671712E-02  2.85352976300917383E-01
  4.0040707E-02  2.85058341561336304E-01
  4.0413133E-02  2.84758231343732071E-01
  4.0789023E-02  2.84452544481825942E-01
  4.1168410E-02  2.84141177962434710E-01
  4.1551325E-02  2.83824026892654901E-01
  4.1937802E-02  2.83500984466395434E-01
  4.2327873E-02  2.83171941930433768E-01
  4.2721572E-02  2.82836788549826579E-01
  4.3118933E-02  2.82495411572819599E-01
  4.3519990E-02  2.82147696195099329E-01
  4.3924777E-02  2.81793525523526767E-01
  4.4333329E-02  2.81432780539183081E-01
  4.4745681E-02  2.81065340059912461E-01
  4.5161869E-02  2.80691080702123841E-01
  4.5581927E-02  2.80309876842083527E-01
  4.6005892E-02  2.79921600576469864E-01
  4.6433801E-02  2.79526121682376338E-01
  4.6865689E-02  2.79123307576608803E-01
  4.7301594E-02  2.78713023274298810E-01
  4.7741554E-02  2.78295131346926794E-01
  4.8185606E-02  2.77869491879584873E-01
  4.8633788E-02  2.77435962427609206E-01
  4.9086139E-02  2.76994397972498085E-01
  4.9542696E-02  2.76544650877123765E-01
  5.0003501E-02  2.76086570840199053E-01
  5.0468591E-02  2.75620004850116507E-01
  5.0938007E-02  2.75144797137950536E-01
  5.1411789E-02  2.74660789129769711E-01
  5.1889977E-02  2.74167819398218271E-01
  5.2372614E-02  2.73665723613314649E-01
  5.2859739E-02  2.73154334492470730E-01
  5.3351395E-02  2.72633481749809004E-01
  5.3847624E-02  2.72102992044592817E-01
  5.4348468E-02  2.71562688928953189E-01
  5.4853971E-02  2.71012392794781842E-01
  5.5364175E-02  2.70451920819814895E-01
  5.5879125E-02  2.69881086912927337E-01
  5.6398864E-02  2.69299701658556601E-01
  5.6923437E-02  2.68707572260358907E-01
  5.7452890E-02  2.68104502483952456E-01
  5.7987267E-02  2.67490292598903334E-01
  5.8526614E-02  2.66864739319768729E-01
  5.9070977E-02  2.66227635746335400E-01
  5.9620404E-02  2.65578771302973637E-01
  6.0174941E-02  2.64917931677103535E-01
  6.0734635E-02  2.64244898756816393E-01
  6.1299536E-02  2.63559450567572795E-01
  6.1869690E-02  2.62861361208000799E-01
  6.2445147E-02  2.62150400784815441E-01
  6.3025957E-02  2.61426335346821415E-01
  6.3612169E-02  2.60688926818027467E-01
  6.4203833E-02  2.59937932929781124E-01
  6.4801000E-02  2.59173107152074034E-01
  6.5403722E-02  2.58394198623813132E-01
  6.6012049E-02  2.57600952082251644E-01
  6.6626035E-02  2.56793107791444986E-01
  6.7245731E-02  2.55970401469759246E-01
  6.7871191E-02  2.55132564216479563E-01
  6.8502468E-02  2.54279322437427291E-01
  6.9139617E-02  2.53410397769669726E-01
  6.9782691E-02  2.52525507005256222E-01
  7.0431748E-02  2.51624362014057412E-01
  7.1086841E-02  2.50706669665575810E-01
  7.1748026E-02  2.49772131749901261E-01
  7.2415362E-02  2.48820444897642684E-01
  7.3088905E-02  2.47851300498999394E-01
  7.3768712E-02  2.46864384621802463E-01
  7.4454842E-02  2.45859377928699357E-01
  7.5147353E-02  2.44835955593346644E-01
  7.5846306E-02  2.43793787215742436E-01
  7.6551760E-02  2.42732536736551263E-01
  7.7263775E-02  2.41651862350611701E-01
  7.7982413E-02  2.40551416419460901E-01
  7.8707734E-02  2.39430845383012736E-01
  7.9439802E-02  2.38289789670330820E-01
  8.0178679E-02  2.37127883609524998E-01
  8.0924428E-02  2.35944755336810752E-01
  8.1677113E-02  2.34740026704688715E-01
  8.2436799E-02  2.33513313189319699E-01
  8.3203550E-02  2.32264223797070374E-01
  8.3977434E-02  2.30992360970281252E-01
  8.4758515E-02  2.29697320492222606E-01
  8.5546861E-02  2.28378691391344757E-01
  8.6342539E-02  2.27036055844752421E-01
  8.7145618E-02  2.25668989080990284E-01
  8.7956167E-02  2.24277059282185304E-01
  8.8774254E-02  2.22859827485446610E-01
  8.9599950E-02  2.21416847483740964E-01
  9.0433326E-02  2.19947665726130226E-01
  9.1274454E-02  2.18451821217468811E-01
  9.2123404E-02  2.16928845417575566E-01
  9.2980251E-02  2.15378262139947318E-01
  9.3845067E-02  2.13799587450027140E-01
  9.4717927E-02  2.12192329563082149E-01
  9.5598905E-02  2.10555988741752881E-01
  9.6488078E-02  2.08890057193291512E-01
  9.7385520E-02  2.07194018966591786E-01
  9.8291310E-02  2.05467349848997061E-01
  9.9205524E-02  2.03709517263021833E-01
  1.0012824E-01  2.01919980162993673E-01
  1.0105954E-01  2.00098188931727733E-01
  1.0199950E-01  1.98243585277213891E-01
  1.0294821E-01  1.96355602129552304E-01
  1.0390573E-01  1.94433663538022994E-01
  1.0487217E-01  1.92477184568516591E-01
  1.0584759E-01  1.90485571201342657E-01
  1.0683209E-01  1.88458220229520218E-01
  1.0782574E-01  1.86394519157671884E-01
  1.0882863E-01  1.84293846101551834E-01
  1.0984085E-01  1.82155569688376318E-01
  1.1086249E-01  1.79979048958056442E-01
  1.1189363E-01  1.77763633265449666E-01
  1.1293436E-01  1.75508662183664788E-01
  1.1398477E-01  1.73213465408697864E-01
  1.1504495E-01  1.70877362665413063E-01
  1.1611499E-01  1.68499663615051809E-01
  1.1719498E-01  1.66079667764380212E-01
  1.1828501E-01  1.63616664376694976E-01
  1.1938519E-01  1.61109932384762178E-01
  1.2049560E-01  1.58558740305925761E-01
  1.2161633E-01  1.55962346159464388E-01
  1.2274749E-01  1.53319997386502954E-01
  1.2388917E-01  1.50630930772570226E-01
  1.2504147E-01  1.47894372372983973E-01
  1.2620449E-01  1.45109537441396902E-01
  1.2737833E-01  1.42275630361510114E-01
  1.2856308E-01  1.39391844582431673E-01
  1.2975885E-01  1.36457362557614231E-01
  1.3096574E-01  1.33471355687928561E-01
  1.3218386E-01  1.30432984268838703E-01
  1.3341331E-01  1.27341397442125998E-01
  1.3465419E-01  1.24195733152343224E-01
  1.3590662E-01  1.20995118108348607E-01
  1.3717069E-01  1.17738667750143911E-01
  1.3844652E-01  1.14425486221363407E-01
  1.3973422E-01  1.11054666347691816E-01
  1.4103389E-01  1.07625289621641321E-01
  1.4234566E-01  1.04136426193875642E-01
  1.4366962E-01  1.00587134871614567E-01
  1.4500590E-01  9.69764631242907710E-02
  1.4635460E-01  9.33034470970633134E-02
  1.4771585E-01  8.95671116323760591E-02
  1.4908976E-01  8.57664703001490003E-02
  1.5047645E-01  8.19005254369246788E-02
  1.5187604E-01  7.79682681944449119E-02
  1.5328865E-01  7.39686785981287925E-02
  1.5471439E-01  6.99007256159479839E-02
  1.5615339E-01  6.57633672381724294E-02
  1.5760578E-01  6.15555505684750592E-02
  1.5907168E-01  5.72762119269910608E-02
  1.6055121E-01  5.29242769658780574E-02
  1.6204450E-01  4.84986607978514714E-02
  1.6355169E-01  4.39982681384695623E-02
  1.6507289E-01  3.94219934625654189E-02
  1.6660823E-01  3.47687211756681075E-02
  1.6815786E-01  3.00373258009094361E-02
  1.6972190E-01  2.52266721821737573E-02
  1.7130049E-01  2.03356157042292804E-02
  1.7289376E-01  1.53630025304227324E-02
  1.7450186E-01  1.03076698588783124E-02
  1.7612490E-01  5.16844619778191339E-03
  1.7776305E-01 -5.58483392728405053E-05
  1.7941643E-01 -5.36640171717070891E-03
  1.8108518E-01 -1.07644096415222008E-02
  1.8276946E-01 -1.62510751983293150E-02
  1.8446941E-01 -2.18276084702693322E-02
  1.8618516E-01 -2.74952261285511951E-02
  1.8791687E-01 -3.32551509994622810E-02
  1.8966470E-01 -3.91086116045945772E-02
  1.9142877E-01 -4.50568416737025385E-02
  1.9320926E-01 -5.11010796291847258E-02
  1.9500630E-01 -5.72425680410731386E-02
  1.9682006E-01 -6.34825530514156744E-02
  1.9865069E-01 -6.98222837669746771E-02
  2.0049834E-01 -7.62630116189414592E-02
  2.0236318E-01 -8.28059896886014363E-02
  2.0424537E-01 -8.94524719976020344E-02
  2.0614506E-01 -9.62037127615972959E-02
  2.0806242E-01 -1.03060965605967364E-01
  2.0999761E-01 -1.10025482742236030E-01
  2.1195081E-01 -1.17098514103873619E-01
  2.1392217E-01 -1.24281306440016420E-01
  2.1591186E-01 -1.31575102365692864E-01
  2.1792006E-01 -1.38981139367126333E-01
  2.1994694E-01 -1.46500648760488544E-01
  2.2199267E-01 -1.54134854602679866E-01
  2.2405743E-01 -1.61884972552512135E-01
  2.2614139E-01 -1.69752208680714362E-01
  2.2824474E-01 -1.77737758227052095E-01
  2.3036765E-01 -1.85842804302980585E-01
  2.3251030E-01 -1.94068516538074665E-01
  2.3467288E-01 -2.02416049668500048E-01
  2.3685558E-01 -2.10886542065824079E-01
  2.3905858E-01 -2.19481114204245847E-01
  2.4128207E-01 -2.28200867064595192E-01
  2.4352624E-01 -2.37046880473132188E-01
  2.4579128E-01 -2.46020211373279646E-01
  2.4807739E-01 -2.55121892028498998E-01
  2.5038476E-01 -2.64352928154246047E-01
  2.5271359E-01 -2.73714296977238036E-01
  2.5506409E-01 -2.83206945219900308E-01
  2.5743644E-01 -2.92831787008235145E-01
  2.5983086E-01 -3.02589701700881730E-01
  2.6224755E-01 -3.12481531637656795E-01
  2.6468672E-01 -3.22508079805377934E-01
  2.6714858E-01 -3.32670107419062167E-01
  2.6963333E-01 -3.42968331416507621E-01
  2.7214119E-01 -3.53403421864252776E-01
  2.7467238E-01 -3.63975999272964368E-01
  2.7722711E-01 -3.74686631820236038E-01
  2.7980561E-01 -3.85535832478997031E-01
  2.8240808E-01 -3.96524056049426310E-01
  2.8503476E-01 -4.07651696092664495E-01
  2.8768588E-01 -4.18919081764370205E-01
  2.9036165E-01 -4.30326474546420257E-01
  2.9306230E-01 -4.41874064874932415E-01
  2.9578808E-01 -4.53561968662992088E-01
  2.9853921E-01 -4.65390223716430462E-01
  3.0131593E-01 -4.77358786041158556E-01
  3.0411847E-01 -4.89467526040627821E-01
  3.0694708E-01 -5.01716224602010041E-01
  3.0980200E-01 -5.14104569069957607E-01
  3.1268347E-01 -5.26632149106782244E-01
  3.1559174E-01 -5.39298452438050191E-01
  3.1852706E-01 -5.52102860482857838E-01
  3.2148968E-01 -5.65044643868016339E-01
  3.2447986E-01 -5.78122957825757622E-01
  3.2749785E-01 -5.91336837474527366E-01
  3.3054391E-01 -6.04685192982936881E-01
  3.3361831E-01 -6.18166804616828713E-01
  3.3672129E-01 -6.31780317669965674E-01
  3.3985314E-01 -6.45524237278893409E-01
  3.4301412E-01 -6.59396923122918088E-01
  3.4620449E-01 -6.73396584010373167E-01
  3.4942454E-01 -6.87521272352761059E-01
  3.5267454E-01 -7.01768878528589157E-01
  3.5595477E-01 -7.16137125139176045E-01
  3.5926551E-01 -7.30623561159092660E-01
  3.6260704E-01 -7.45225555984169286E-01
  3.6597965E-01 -7.59940293380752974E-01
  3.6938363E-01 -7.74764765340008932E-01
  3.7281927E-01 -7.89695765841896602E-01
  3.7628687E-01 -8.04729884533669892E-01
  3.7978671E-01 -8.19863500328619210E-01
  3.8331911E-01 -8.35092774931113335E-01
  3.8688436E-01 -8.50413646294773895E-01
  3.9048278E-01 -8.65821822021271004E-01
  3.9411466E-01 -8.81312772707809278E-01
  3.9778032E-01 -8.96881725252288708E-01
  4.0148008E-01 -9.12523656125760585E-01
  4.0521425E-01 -9.28233284622596799E-01
  4.0898314E-01 -9.44005066099796064E-01
  4.1278710E-01 -9.59833185217563778E-01
  4.1662643E-01 -9.75711549194323235E-01
  4.2050148E-01 -9.91633781090337618E-01
  4.2441256E-01 -1.00759321313489925E+00
  4.2836003E-01 -1.02358288011350851E+00
  4.3234420E-01 -1.03959551283210616E+00
  4.3636544E-01 -1.05562353167695933E+00
  4.4042407E-01 -1.07165904028966663E+00
  4.4452046E-01 -1.08769381937825393E+00
  4.4865494E-01 -1.10371932068639644E+00
  4.5282789E-01 -1.11972666114421071E+00
  4.5703964E-01 -1.13570661722541000E+00
  4.6129057E-01 -1.15164961953703493E+00
  4.6558103E-01 -1.16754574766929520E+00
  4.6991140E-01 -1.18338472533473738E+00
  4.7428205E-01 -1.19915591582718206E+00
  4.7869334E-01 -1.21484831783278957E+00
  4.8314567E-01 -1.23045056162674182E+00
  4.8763941E-01 -1.24595090569109712E+00
  4.9217494E-01 -1.26133723379060969E+00
  4.9675266E-01 -1.27659705254522837E+00
  5.0137296E-01 -1.29171748953952470E+00
  5.0603623E-01 -1.30668529201099970E+00
  5.1074287E-01 -1.32148682616099844E+00
  5.1549329E-01 -1.33610807713347479E+00
  5.2028789E-01 -1.35053464970877690E+00
  5.2512709E-01 -1.36475176976101520E+00
  5.3001130E-01 -1.37874428652952208E+00
  5.3494093E-01 -1.39249667575634550E+00
  5.3991642E-01 -1.40599304374327660E+00
  5.4493818E-01 -1.41921713238372837E+00
  5.5000665E-01 -1.43215232522592650E+00
  5.5512226E-01 -1.44478165462548325E+00
  5.6028545E-01 -1.45708781004676013E+00
  5.6549667E-01 -1.46905314757359529E+00
  5.7075635E-01 -1.48065970069113839E+00
  5.7606495E-01 -1.49188919240155937E+00
  5.8142293E-01 -1.50272304873718676E+00
  5.8683075E-01 -1.51314241373552827E+00
  5.9228886E-01 -1.52312816594083866E+00
  5.9779773E-01 -1.53266093649767332E+00
  6.0335785E-01 -1.54172112890158197E+00
  6.0896968E-01 -1.55028894047228416E+00
  6.1463370E-01 -1.55834438561421651E+00
  6.2035041E-01 -1.56586732092865777E+00
  6.2612029E-01 -1.57283747224083981E+00
  6.3194383E-01 -1.57923446360403341E+00
  6.3782154E-01 -1.58503784834127570E+00
  6.4375391E-01 -1.59022714218304362E+00
  6.4974147E-01 -1.59478185855724841E+00
  6.5578471E-01 -1.59868154608479762E+00
  6.6188416E-01 -1.60190582833091888E+00
  6.6804034E-01 -1.60443444585876471E+00
  6.7425378E-01 -1.60624730062735344E+00
  6.8052502E-01 -1.60732450277157191E+00
  6.8685458E-01 -1.60764641979629364E+00
  6.9324301E-01 -1.60719372821091988E+00
  6.9969086E-01 -1.60594746762437834E+00
  7.0619868E-01 -1.60388909731310769E+00
  7.1276703E-01 -1.60100055526712226E+00
  7.1939647E-01 -1.59726431971059513E+00
  7.2608757E-01 -1.59266347308435807E+00
  7.3284091E-01 -1.58718176846768011E+00
  7.3965706E-01 -1.58080369840624346E+00
  7.4653661E-01 -1.57351456610156792E+00
  7.5348014E-01 -1.56530055890514852E+00
  7.6048826E-01 -1.55614882404743482E+00
  7.6756155E-01 -1.54604754651793130E+00
  7.7470064E-01 -1.53498602899799974E+00
  7.8190612E-01 -1.52295477373248578E+00
  7.8917863E-01 -1.50994556620961262E+00
  7.9651877E-01 -1.49595156050152656E+00
  8.0392719E-01 -1.48096736609941626E+00
  8.1140451E-01 -1.46498913605799208E+00
  8.1895138E-01 -1.44801465624404169E+00
  8.2656844E-01 -1.43004343546253154E+00
  8.3425635E-01 -1.41107679621169124E+00
  8.4201576E-01 -1.39111796579534763E+00
  8.4984734E-01 -1.37017216749646109E+00
  8.5775177E-01 -1.34824671149064157E+00
  8.6572971E-01 -1.32535108515166566E+00
  8.7378186E-01 -1.30149704237348307E+00
  8.8190890E-01 -1.27669869150404347E+00
  8.9011153E-01 -1.25097258145585388E+00
  8.9839045E-01 -1.22433778552614392E+00
  9.0674637E-01 -1.19681598242614240E+00
  9.1518001E-01 -1.16843153398350563E+00
  9.2369209E-01 -1.13921155894469939E+00
  9.3228335E-01 -1.10918600226498265E+00
  9.4095451E-01 -1.07838769923194300E+00
  9.4970632E-01 -1.04685243372446402E+00
  9.5853953E-01 -1.01461898986226995E+00
  9.6745490E-01 -9.81729196251384439E-01
  9.7645319E-01 -9.48227961977792799E-01
  9.8553517E-01 -9.14163303445197362E-01
  9.9470163E-01 -8.79586361092399405E-01
  1.0039533E+00 -8.44551404961560337E-01
  1.0132911E+00 -8.09115828020120609E-01
  1.0227157E+00 -7.73340126066154987E-01
  1.0322280E+00 -7.37287862969499885E-01
  1.0418287E+00 -7.01025619918831278E-01
  1.0515188E+00 -6.64622927258387453E-01
  1.0612989E+00 -6.28152177407245715E-01
  1.0711701E+00 -5.91688517259442937E-01
  1.0811330E+00 -5.55309718365629035E-01
  1.0911886E+00 -5.19096023097253334E-01
  1.1013378E+00 -4.83129964894029096E-01
  1.1115813E+00 -4.47496160596246750E-01
  1.1219201E+00 -4.12281072768311829E-01
  1.1323551E+00 -3.77572739831256887E-01
  1.1428871E+00 -3.43460471744064522E-01
  1.1535171E+00 -3.10034508911481654E-01
  1.1642459E+00 -2.77385641954648876E-01
  1.1750746E+00 -2.45604789968507042E-01
  1.1860039E+00 -2.14782534913602580E-01
  1.1970349E+00 -1.85008609861164908E-01
  1.2081685E+00 -1.56371338938874865E-01
  1.2194057E+00 -1.28957027026252058E-01
  1.2307474E+00 -1.02849297537005988E-01
  1.2421945E+00 -7.81283770200403571E-02
  1.2537482E+00 -5.48703258315528103E-02
  1.2654093E+00 -3.31462148004230545E-02
  1.2771788E+00 -1.30212486550130464E-02
  1.2890579E+00  5.44616196989430260E-03
  1.3010474E+00  2.22053768391173544E-02
  1.3131484E+00  3.72145460673727543E-02
  1.3253620E+00  5.04416671704943989E-02
  1.3376892E+00  6.18656704434580387E-02
  1.3501310E+00  7.14775212573354191E-02
  1.3626886E+00  7.92813247801147786E-02
  1.3753629E+00  8.52954150313919857E-02
  1.3881551E+00  8.95534060200820214E-02
  1.4010664E+00  9.21051779254256908E-02
  1.4140977E+00  9.30177657991385076E-02
  1.4272502E+00  9.23761120195377289E-02
  1.4405250E+00  9.02836366426438552E-02
  1.4539233E+00  8.68625717900429195E-02
  1.4674462E+00  8.22539972005186248E-02
  1.4810949E+00  7.66175039575875128E-02
  1.4948706E+00  7.01304020794235455E-02
  1.5087744E+00  6.29863749982034482E-02
  1.5228075E+00  5.53934670901623724E-02
  1.5369711E+00  4.75712415429522389E-02
  1.5512664E+00  3.97464672585966933E-02
  1.5656947E+00  3.21475372308597726E-02
  1.5802573E+00  2.49974456558504816E-02
  1.5949552E+00  1.85050929205512783E-02
  1.6097899E+00  1.28546544002034573E-02
  1.6247625E+00  8.19271443872058441E-03
  1.6398744E+00  4.61282776273426454E-03
  1.6551269E+00  2.13712619014443540E-03
  1.6705212E+00  6.94538100227303640E-04
  1.6860587E+00  9.51310036726987768E-05
  1.7017407E+00  0.00000000000000000E+00
  1.7175685E+00  0.00000000000000000E+00
  1.7335436E+00  0.00000000000000000E+00
  1.7496673E+00  0.00000000000000000E+00
  1.7659409E+00  0.00000000000000000E+00
  1.7823659E+00  0.00000000000000000E+00
  1.7989437E+00  0.00000000000000000E+00
  1.8156757E+00  0.00000000000000000E+00
  1.8325632E+00  0.00000000000000000E+00
  1.8496079E+00  0.00000000000000000E+00
  1.8668111E+00  0.00000000000000000E+00
