 # l=           1 basis function with energy     4.60000000000000     
  0.0000E+00  0.0000E+00  0.0000E+00  0.0000E+00
  8.4554E-09 -2.9619E-15  1.7319E-17 -1.7712E-15
  1.6990E-08 -1.1958E-14  6.9923E-17 -7.1509E-15
  2.5603E-08 -2.7157E-14  1.5880E-16 -1.6240E-14
  3.4297E-08 -4.8730E-14  2.8494E-16 -2.9141E-14
  4.3071E-08 -7.6854E-14  4.4940E-16 -4.5959E-14
  5.1927E-08 -1.1171E-13  6.5320E-16 -6.6801E-14
  6.0865E-08 -1.5347E-13  8.9743E-16 -9.1778E-14
  6.9887E-08 -2.0234E-13  1.1832E-15 -1.2100E-13
  7.8992E-08 -2.5850E-13  1.5116E-15 -1.5459E-13
  8.8183E-08 -3.2215E-13  1.8838E-15 -1.9265E-13
  9.7458E-08 -3.9349E-13  2.3009E-15 -2.3531E-13
  1.0682E-07 -4.7272E-13  2.7642E-15 -2.8269E-13
  1.1627E-07 -5.6005E-13  3.2748E-15 -3.3491E-13
  1.2581E-07 -6.5569E-13  3.8341E-15 -3.9210E-13
  1.3543E-07 -7.5986E-13  4.4432E-15 -4.5440E-13
  1.4515E-07 -8.7279E-13  5.1036E-15 -5.2193E-13
  1.5495E-07 -9.9469E-13  5.8164E-15 -5.9483E-13
  1.6485E-07 -1.1258E-12  6.5831E-15 -6.7324E-13
  1.7484E-07 -1.2664E-12  7.4050E-15 -7.5730E-13
  1.8492E-07 -1.4166E-12  8.2837E-15 -8.4715E-13
  1.9509E-07 -1.5768E-12  9.2204E-15 -9.4295E-13
  2.0536E-07 -1.7472E-12  1.0217E-14 -1.0448E-12
  2.1573E-07 -1.9280E-12  1.1274E-14 -1.1530E-12
  2.2619E-07 -2.1196E-12  1.2394E-14 -1.2675E-12
  2.3675E-07 -2.3221E-12  1.3578E-14 -1.3886E-12
  2.4741E-07 -2.5359E-12  1.4828E-14 -1.5164E-12
  2.5817E-07 -2.7611E-12  1.6146E-14 -1.6512E-12
  2.6902E-07 -2.9983E-12  1.7532E-14 -1.7930E-12
  2.7998E-07 -3.2475E-12  1.8989E-14 -1.9420E-12
  2.9104E-07 -3.5091E-12  2.0519E-14 -2.0985E-12
  3.0220E-07 -3.7834E-12  2.2123E-14 -2.2625E-12
  3.1347E-07 -4.0708E-12  2.3804E-14 -2.4343E-12
  3.2484E-07 -4.3715E-12  2.5562E-14 -2.6142E-12
  3.3632E-07 -4.6858E-12  2.7400E-14 -2.8021E-12
  3.4790E-07 -5.0142E-12  2.9320E-14 -2.9985E-12
  3.5959E-07 -5.3568E-12  3.1324E-14 -3.2034E-12
  3.7139E-07 -5.7142E-12  3.3413E-14 -3.4171E-12
  3.8330E-07 -6.0865E-12  3.5591E-14 -3.6398E-12
  3.9532E-07 -6.4743E-12  3.7858E-14 -3.8716E-12
  4.0745E-07 -6.8778E-12  4.0217E-14 -4.1129E-12
  4.1970E-07 -7.2974E-12  4.2671E-14 -4.3639E-12
  4.3206E-07 -7.7335E-12  4.5221E-14 -4.6247E-12
  4.4453E-07 -8.1865E-12  4.7870E-14 -4.8955E-12
  4.5712E-07 -8.6568E-12  5.0620E-14 -5.1768E-12
  4.6983E-07 -9.1447E-12  5.3473E-14 -5.4686E-12
  4.8265E-07 -9.6508E-12  5.6432E-14 -5.7712E-12
  4.9560E-07 -1.0175E-11  5.9500E-14 -6.0849E-12
  5.0866E-07 -1.0719E-11  6.2679E-14 -6.4100E-12
  5.2185E-07 -1.1282E-11  6.5970E-14 -6.7466E-12
  5.3516E-07 -1.1865E-11  6.9378E-14 -7.0952E-12
  5.4859E-07 -1.2468E-11  7.2905E-14 -7.4558E-12
  5.6215E-07 -1.3092E-11  7.6553E-14 -7.8289E-12
  5.7583E-07 -1.3737E-11  8.0325E-14 -8.2147E-12
  5.8964E-07 -1.4404E-11  8.4225E-14 -8.6135E-12
  6.0358E-07 -1.5093E-11  8.8254E-14 -9.0255E-12
  6.1765E-07 -1.5805E-11  9.2416E-14 -9.4512E-12
  6.3185E-07 -1.6540E-11  9.6715E-14 -9.8908E-12
  6.4619E-07 -1.7298E-11  1.0115E-13 -1.0345E-11
  6.6065E-07 -1.8082E-11  1.0573E-13 -1.0813E-11
  6.7525E-07 -1.8890E-11  1.1046E-13 -1.1296E-11
  6.8999E-07 -1.9723E-11  1.1533E-13 -1.1795E-11
  7.0486E-07 -2.0583E-11  1.2036E-13 -1.2308E-11
  7.1987E-07 -2.1469E-11  1.2554E-13 -1.2838E-11
  7.3502E-07 -2.2382E-11  1.3088E-13 -1.3384E-11
  7.5031E-07 -2.3323E-11  1.3638E-13 -1.3947E-11
  7.6575E-07 -2.4292E-11  1.4205E-13 -1.4527E-11
  7.8133E-07 -2.5291E-11  1.4789E-13 -1.5124E-11
  7.9705E-07 -2.6319E-11  1.5390E-13 -1.5739E-11
  8.1292E-07 -2.7377E-11  1.6009E-13 -1.6372E-11
  8.2893E-07 -2.8466E-11  1.6646E-13 -1.7023E-11
  8.4510E-07 -2.9588E-11  1.7301E-13 -1.7693E-11
  8.6142E-07 -3.0741E-11  1.7976E-13 -1.8383E-11
  8.7788E-07 -3.1928E-11  1.8669E-13 -1.9093E-11
  8.9450E-07 -3.3148E-11  1.9383E-13 -1.9823E-11
  9.1128E-07 -3.4403E-11  2.0117E-13 -2.0573E-11
  9.2821E-07 -3.5693E-11  2.0871E-13 -2.1345E-11
  9.4530E-07 -3.7020E-11  2.1647E-13 -2.2138E-11
  9.6255E-07 -3.8383E-11  2.2444E-13 -2.2953E-11
  9.7995E-07 -3.9784E-11  2.3263E-13 -2.3791E-11
  9.9752E-07 -4.1223E-11  2.4105E-13 -2.4652E-11
  1.0153E-06 -4.2702E-11  2.4970E-13 -2.5536E-11
  1.0332E-06 -4.4221E-11  2.5858E-13 -2.6444E-11
  1.0512E-06 -4.5780E-11  2.6770E-13 -2.7377E-11
  1.0695E-06 -4.7382E-11  2.7707E-13 -2.8335E-11
  1.0879E-06 -4.9027E-11  2.8668E-13 -2.9318E-11
  1.1064E-06 -5.0715E-11  2.9656E-13 -3.0328E-11
  1.1252E-06 -5.2448E-11  3.0669E-13 -3.1365E-11
  1.1441E-06 -5.4227E-11  3.1709E-13 -3.2428E-11
  1.1632E-06 -5.6053E-11  3.2777E-13 -3.3520E-11
  1.1825E-06 -5.7926E-11  3.3872E-13 -3.4640E-11
  1.2019E-06 -5.9847E-11  3.4995E-13 -3.5789E-11
  1.2216E-06 -6.1818E-11  3.6148E-13 -3.6968E-11
  1.2414E-06 -6.3840E-11  3.7330E-13 -3.8177E-11
  1.2614E-06 -6.5914E-11  3.8543E-13 -3.9417E-11
  1.2816E-06 -6.8041E-11  3.9787E-13 -4.0689E-11
  1.3019E-06 -7.0222E-11  4.1062E-13 -4.1993E-11
  1.3225E-06 -7.2458E-11  4.2369E-13 -4.3330E-11
  1.3433E-06 -7.4750E-11  4.3710E-13 -4.4701E-11
  1.3642E-06 -7.7100E-11  4.5084E-13 -4.6106E-11
  1.3854E-06 -7.9508E-11  4.6492E-13 -4.7546E-11
  1.4067E-06 -8.1976E-11  4.7935E-13 -4.9022E-11
  1.4282E-06 -8.4506E-11  4.9415E-13 -5.0535E-11
  1.4500E-06 -8.7098E-11  5.0930E-13 -5.2085E-11
  1.4719E-06 -8.9754E-11  5.2483E-13 -5.3674E-11
  1.4941E-06 -9.2475E-11  5.4075E-13 -5.5301E-11
  1.5164E-06 -9.5263E-11  5.5705E-13 -5.6968E-11
  1.5390E-06 -9.8118E-11  5.7374E-13 -5.8676E-11
  1.5617E-06 -1.0104E-10  5.9085E-13 -6.0425E-11
  1.5847E-06 -1.0404E-10  6.0836E-13 -6.2216E-11
  1.6079E-06 -1.0711E-10  6.2630E-13 -6.4051E-11
  1.6313E-06 -1.1025E-10  6.4467E-13 -6.5929E-11
  1.6550E-06 -1.1346E-10  6.6348E-13 -6.7853E-11
  1.6788E-06 -1.1676E-10  6.8274E-13 -6.9823E-11
  1.7029E-06 -1.2013E-10  7.0246E-13 -7.1839E-11
  1.7272E-06 -1.2358E-10  7.2265E-13 -7.3903E-11
  1.7517E-06 -1.2712E-10  7.4331E-13 -7.6017E-11
  1.7764E-06 -1.3073E-10  7.6446E-13 -7.8180E-11
  1.8014E-06 -1.3444E-10  7.8611E-13 -8.0394E-11
  1.8266E-06 -1.3823E-10  8.0827E-13 -8.2660E-11
  1.8521E-06 -1.4210E-10  8.3094E-13 -8.4979E-11
  1.8777E-06 -1.4607E-10  8.5415E-13 -8.7352E-11
  1.9037E-06 -1.5013E-10  8.7789E-13 -8.9780E-11
  1.9298E-06 -1.5429E-10  9.0219E-13 -9.2265E-11
  1.9562E-06 -1.5854E-10  9.2704E-13 -9.4807E-11
  1.9829E-06 -1.6289E-10  9.5247E-13 -9.7407E-11
  2.0098E-06 -1.6734E-10  9.7849E-13 -1.0007E-10
  2.0369E-06 -1.7189E-10  1.0051E-12 -1.0279E-10
  2.0643E-06 -1.7654E-10  1.0323E-12 -1.0557E-10
  2.0920E-06 -1.8130E-10  1.0602E-12 -1.0842E-10
  2.1199E-06 -1.8617E-10  1.0887E-12 -1.1133E-10
  2.1481E-06 -1.9116E-10  1.1178E-12 -1.1431E-10
  2.1765E-06 -1.9625E-10  1.1476E-12 -1.1736E-10
  2.2052E-06 -2.0146E-10  1.1780E-12 -1.2047E-10
  2.2342E-06 -2.0679E-10  1.2092E-12 -1.2366E-10
  2.2634E-06 -2.1223E-10  1.2410E-12 -1.2692E-10
  2.2929E-06 -2.1780E-10  1.2736E-12 -1.3025E-10
  2.3227E-06 -2.2350E-10  1.3069E-12 -1.3365E-10
  2.3528E-06 -2.2932E-10  1.3409E-12 -1.3714E-10
  2.3831E-06 -2.3527E-10  1.3758E-12 -1.4070E-10
  2.4137E-06 -2.4136E-10  1.4113E-12 -1.4433E-10
  2.4446E-06 -2.4758E-10  1.4477E-12 -1.4805E-10
  2.4758E-06 -2.5394E-10  1.4849E-12 -1.5186E-10
  2.5073E-06 -2.6044E-10  1.5229E-12 -1.5574E-10
  2.5391E-06 -2.6708E-10  1.5617E-12 -1.5972E-10
  2.5711E-06 -2.7387E-10  1.6014E-12 -1.6378E-10
  2.6035E-06 -2.8081E-10  1.6420E-12 -1.6793E-10
  2.6362E-06 -2.8790E-10  1.6835E-12 -1.7217E-10
  2.6692E-06 -2.9515E-10  1.7259E-12 -1.7650E-10
  2.7024E-06 -3.0255E-10  1.7692E-12 -1.8093E-10
  2.7360E-06 -3.1012E-10  1.8134E-12 -1.8546E-10
  2.7699E-06 -3.1785E-10  1.8586E-12 -1.9008E-10
  2.8042E-06 -3.2575E-10  1.9049E-12 -1.9481E-10
  2.8387E-06 -3.3383E-10  1.9521E-12 -1.9963E-10
  2.8735E-06 -3.4208E-10  2.0003E-12 -2.0457E-10
  2.9087E-06 -3.5050E-10  2.0496E-12 -2.0961E-10
  2.9442E-06 -3.5911E-10  2.0999E-12 -2.1475E-10
  2.9801E-06 -3.6791E-10  2.1514E-12 -2.2002E-10
  3.0162E-06 -3.7690E-10  2.2039E-12 -2.2539E-10
  3.0528E-06 -3.8608E-10  2.2576E-12 -2.3088E-10
  3.0896E-06 -3.9545E-10  2.3124E-12 -2.3649E-10
  3.1268E-06 -4.0503E-10  2.3684E-12 -2.4221E-10
  3.1643E-06 -4.1481E-10  2.4256E-12 -2.4806E-10
  3.2022E-06 -4.2481E-10  2.4841E-12 -2.5404E-10
  3.2405E-06 -4.3501E-10  2.5437E-12 -2.6014E-10
  3.2791E-06 -4.4544E-10  2.6047E-12 -2.6638E-10
  3.3180E-06 -4.5608E-10  2.6670E-12 -2.7274E-10
  3.3573E-06 -4.6695E-10  2.7305E-12 -2.7925E-10
  3.3970E-06 -4.7806E-10  2.7955E-12 -2.8589E-10
  3.4371E-06 -4.8940E-10  2.8618E-12 -2.9267E-10
  3.4775E-06 -5.0098E-10  2.9295E-12 -2.9959E-10
  3.5183E-06 -5.1280E-10  2.9986E-12 -3.0666E-10
  3.5595E-06 -5.2487E-10  3.0692E-12 -3.1388E-10
  3.6010E-06 -5.3720E-10  3.1413E-12 -3.2126E-10
  3.6430E-06 -5.4979E-10  3.2149E-12 -3.2878E-10
  3.6853E-06 -5.6265E-10  3.2901E-12 -3.3647E-10
  3.7280E-06 -5.7577E-10  3.3668E-12 -3.4432E-10
  3.7712E-06 -5.8917E-10  3.4452E-12 -3.5233E-10
  3.8147E-06 -6.0285E-10  3.5252E-12 -3.6051E-10
  3.8586E-06 -6.1681E-10  3.6069E-12 -3.6886E-10
  3.9030E-06 -6.3107E-10  3.6902E-12 -3.7739E-10
  3.9477E-06 -6.4563E-10  3.7753E-12 -3.8610E-10
  3.9929E-06 -6.6049E-10  3.8622E-12 -3.9498E-10
  4.0385E-06 -6.7566E-10  3.9510E-12 -4.0405E-10
  4.0845E-06 -6.9114E-10  4.0415E-12 -4.1332E-10
  4.1310E-06 -7.0695E-10  4.1339E-12 -4.2277E-10
  4.1779E-06 -7.2309E-10  4.2283E-12 -4.3242E-10
  4.2252E-06 -7.3956E-10  4.3246E-12 -4.4227E-10
  4.2729E-06 -7.5637E-10  4.4229E-12 -4.5232E-10
  4.3211E-06 -7.7353E-10  4.5233E-12 -4.6258E-10
  4.3698E-06 -7.9104E-10  4.6257E-12 -4.7306E-10
  4.4189E-06 -8.0892E-10  4.7302E-12 -4.8375E-10
  4.4684E-06 -8.2716E-10  4.8369E-12 -4.9466E-10
  4.5184E-06 -8.4578E-10  4.9458E-12 -5.0579E-10
  4.5689E-06 -8.6479E-10  5.0569E-12 -5.1716E-10
  4.6199E-06 -8.8418E-10  5.1703E-12 -5.2876E-10
  4.6713E-06 -9.0398E-10  5.2861E-12 -5.4059E-10
  4.7232E-06 -9.2418E-10  5.4042E-12 -5.5267E-10
  4.7756E-06 -9.4479E-10  5.5247E-12 -5.6500E-10
  4.8285E-06 -9.6583E-10  5.6477E-12 -5.7758E-10
  4.8818E-06 -9.8729E-10  5.7733E-12 -5.9042E-10
  4.9357E-06 -1.0092E-09  5.9014E-12 -6.0352E-10
  4.9900E-06 -1.0316E-09  6.0321E-12 -6.1689E-10
  5.0449E-06 -1.0544E-09  6.1655E-12 -6.3053E-10
  5.1003E-06 -1.0776E-09  6.3016E-12 -6.4445E-10
  5.1562E-06 -1.1014E-09  6.4404E-12 -6.5865E-10
  5.2126E-06 -1.1256E-09  6.5821E-12 -6.7314E-10
  5.2695E-06 -1.1503E-09  6.7267E-12 -6.8793E-10
  5.3270E-06 -1.1756E-09  6.8742E-12 -7.0301E-10
  5.3850E-06 -1.2013E-09  7.0247E-12 -7.1840E-10
  5.4435E-06 -1.2276E-09  7.1783E-12 -7.3411E-10
  5.5026E-06 -1.2544E-09  7.3350E-12 -7.5013E-10
  5.5623E-06 -1.2817E-09  7.4948E-12 -7.6648E-10
  5.6224E-06 -1.3096E-09  7.6579E-12 -7.8316E-10
  5.6832E-06 -1.3380E-09  7.8243E-12 -8.0017E-10
  5.7445E-06 -1.3671E-09  7.9940E-12 -8.1753E-10
  5.8064E-06 -1.3967E-09  8.1672E-12 -8.3524E-10
  5.8689E-06 -1.4269E-09  8.3439E-12 -8.5331E-10
  5.9319E-06 -1.4577E-09  8.5241E-12 -8.7174E-10
  5.9955E-06 -1.4891E-09  8.7079E-12 -8.9054E-10
  6.0597E-06 -1.5212E-09  8.8955E-12 -9.0972E-10
  6.1246E-06 -1.5539E-09  9.0868E-12 -9.2928E-10
  6.1900E-06 -1.5873E-09  9.2819E-12 -9.4924E-10
  6.2560E-06 -1.6213E-09  9.4810E-12 -9.6960E-10
  6.3227E-06 -1.6561E-09  9.6841E-12 -9.9037E-10
  6.3899E-06 -1.6915E-09  9.8912E-12 -1.0116E-09
  6.4578E-06 -1.7276E-09  1.0103E-11 -1.0332E-09
  6.5263E-06 -1.7645E-09  1.0318E-11 -1.0552E-09
  6.5955E-06 -1.8021E-09  1.0538E-11 -1.0777E-09
  6.6653E-06 -1.8404E-09  1.0762E-11 -1.1006E-09
  6.7357E-06 -1.8795E-09  1.0991E-11 -1.1240E-09
  6.8068E-06 -1.9194E-09  1.1224E-11 -1.1479E-09
  6.8786E-06 -1.9601E-09  1.1462E-11 -1.1722E-09
  6.9510E-06 -2.0016E-09  1.1705E-11 -1.1970E-09
  7.0241E-06 -2.0439E-09  1.1952E-11 -1.2223E-09
  7.0979E-06 -2.0871E-09  1.2205E-11 -1.2481E-09
  7.1724E-06 -2.1311E-09  1.2462E-11 -1.2745E-09
  7.2476E-06 -2.1760E-09  1.2725E-11 -1.3013E-09
  7.3234E-06 -2.2218E-09  1.2992E-11 -1.3287E-09
  7.4000E-06 -2.2685E-09  1.3265E-11 -1.3566E-09
  7.4773E-06 -2.3161E-09  1.3544E-11 -1.3851E-09
  7.5553E-06 -2.3647E-09  1.3828E-11 -1.4142E-09
  7.6340E-06 -2.4143E-09  1.4118E-11 -1.4438E-09
  7.7135E-06 -2.4648E-09  1.4413E-11 -1.4740E-09
  7.7937E-06 -2.5163E-09  1.4714E-11 -1.5048E-09
  7.8746E-06 -2.5688E-09  1.5022E-11 -1.5362E-09
  7.9563E-06 -2.6224E-09  1.5335E-11 -1.5683E-09
  8.0388E-06 -2.6770E-09  1.5654E-11 -1.6009E-09
  8.1220E-06 -2.7328E-09  1.5980E-11 -1.6343E-09
  8.2060E-06 -2.7896E-09  1.6313E-11 -1.6682E-09
  8.2908E-06 -2.8475E-09  1.6651E-11 -1.7029E-09
  8.3763E-06 -2.9066E-09  1.6997E-11 -1.7382E-09
  8.4627E-06 -2.9668E-09  1.7349E-11 -1.7743E-09
  8.5499E-06 -3.0283E-09  1.7708E-11 -1.8110E-09
  8.6378E-06 -3.0909E-09  1.8075E-11 -1.8485E-09
  8.7266E-06 -3.1548E-09  1.8448E-11 -1.8867E-09
  8.8163E-06 -3.2199E-09  1.8829E-11 -1.9256E-09
  8.9067E-06 -3.2863E-09  1.9217E-11 -1.9653E-09
  8.9980E-06 -3.3540E-09  1.9613E-11 -2.0058E-09
  9.0902E-06 -3.4231E-09  2.0017E-11 -2.0471E-09
  9.1832E-06 -3.4935E-09  2.0429E-11 -2.0892E-09
  9.2770E-06 -3.5653E-09  2.0849E-11 -2.1321E-09
  9.3718E-06 -3.6384E-09  2.1277E-11 -2.1759E-09
  9.4674E-06 -3.7131E-09  2.1713E-11 -2.2205E-09
  9.5639E-06 -3.7892E-09  2.2158E-11 -2.2660E-09
  9.6613E-06 -3.8667E-09  2.2612E-11 -2.3124E-09
  9.7596E-06 -3.9458E-09  2.3074E-11 -2.3597E-09
  9.8589E-06 -4.0265E-09  2.3546E-11 -2.4080E-09
  9.9590E-06 -4.1087E-09  2.4027E-11 -2.4571E-09
  1.0060E-05 -4.1925E-09  2.4517E-11 -2.5073E-09
  1.0162E-05 -4.2780E-09  2.5017E-11 -2.5584E-09
  1.0265E-05 -4.3651E-09  2.5526E-11 -2.6105E-09
  1.0369E-05 -4.4540E-09  2.6046E-11 -2.6636E-09
  1.0474E-05 -4.5445E-09  2.6575E-11 -2.7178E-09
  1.0580E-05 -4.6369E-09  2.7115E-11 -2.7730E-09
  1.0687E-05 -4.7310E-09  2.7666E-11 -2.8293E-09
  1.0795E-05 -4.8270E-09  2.8227E-11 -2.8867E-09
  1.0903E-05 -4.9248E-09  2.8799E-11 -2.9452E-09
  1.1013E-05 -5.0246E-09  2.9382E-11 -3.0049E-09
  1.1124E-05 -5.1263E-09  2.9977E-11 -3.0657E-09
  1.1236E-05 -5.2299E-09  3.0583E-11 -3.1277E-09
  1.1349E-05 -5.3356E-09  3.1201E-11 -3.1909E-09
  1.1463E-05 -5.4433E-09  3.1831E-11 -3.2553E-09
  1.1578E-05 -5.5532E-09  3.2474E-11 -3.3210E-09
  1.1694E-05 -5.6651E-09  3.3129E-11 -3.3880E-09
  1.1811E-05 -5.7793E-09  3.3796E-11 -3.4562E-09
  1.1930E-05 -5.8956E-09  3.4476E-11 -3.5258E-09
  1.2049E-05 -6.0142E-09  3.5170E-11 -3.5968E-09
  1.2170E-05 -6.1352E-09  3.5877E-11 -3.6691E-09
  1.2291E-05 -6.2584E-09  3.6598E-11 -3.7428E-09
  1.2414E-05 -6.3841E-09  3.7333E-11 -3.8180E-09
  1.2538E-05 -6.5122E-09  3.8082E-11 -3.8946E-09
  1.2663E-05 -6.6427E-09  3.8845E-11 -3.9726E-09
  1.2789E-05 -6.7758E-09  3.9624E-11 -4.0522E-09
  1.2917E-05 -6.9115E-09  4.0417E-11 -4.1334E-09
  1.3045E-05 -7.0498E-09  4.1226E-11 -4.2161E-09
  1.3175E-05 -7.1908E-09  4.2050E-11 -4.3004E-09
  1.3306E-05 -7.3345E-09  4.2891E-11 -4.3863E-09
  1.3438E-05 -7.4809E-09  4.3747E-11 -4.4739E-09
  1.3572E-05 -7.6302E-09  4.4621E-11 -4.5632E-09
  1.3706E-05 -7.7824E-09  4.5511E-11 -4.6543E-09
  1.3842E-05 -7.9376E-09  4.6418E-11 -4.7470E-09
  1.3980E-05 -8.0957E-09  4.7342E-11 -4.8416E-09
  1.4118E-05 -8.2569E-09  4.8285E-11 -4.9380E-09
  1.4258E-05 -8.4211E-09  4.9246E-11 -5.0363E-09
  1.4399E-05 -8.5886E-09  5.0225E-11 -5.1364E-09
  1.4541E-05 -8.7593E-09  5.1223E-11 -5.2385E-09
  1.4685E-05 -8.9333E-09  5.2241E-11 -5.3425E-09
  1.4830E-05 -9.1106E-09  5.3278E-11 -5.4486E-09
  1.4976E-05 -9.2913E-09  5.4335E-11 -5.5567E-09
  1.5124E-05 -9.4756E-09  5.5412E-11 -5.6669E-09
  1.5273E-05 -9.6633E-09  5.6510E-11 -5.7792E-09
  1.5424E-05 -9.8547E-09  5.7630E-11 -5.8936E-09
  1.5576E-05 -1.0050E-08  5.8770E-11 -6.0103E-09
  1.5729E-05 -1.0249E-08  5.9933E-11 -6.1292E-09
  1.5884E-05 -1.0451E-08  6.1118E-11 -6.2504E-09
  1.6040E-05 -1.0658E-08  6.2326E-11 -6.3739E-09
  1.6198E-05 -1.0868E-08  6.3557E-11 -6.4999E-09
  1.6357E-05 -1.1083E-08  6.4812E-11 -6.6282E-09
  1.6517E-05 -1.1302E-08  6.6091E-11 -6.7590E-09
  1.6679E-05 -1.1524E-08  6.7394E-11 -6.8923E-09
  1.6843E-05 -1.1752E-08  6.8723E-11 -7.0281E-09
  1.7008E-05 -1.1983E-08  7.0077E-11 -7.1666E-09
  1.7175E-05 -1.2219E-08  7.1457E-11 -7.3077E-09
  1.7343E-05 -1.2460E-08  7.2863E-11 -7.4516E-09
  1.7513E-05 -1.2705E-08  7.4297E-11 -7.5981E-09
  1.7684E-05 -1.2954E-08  7.5758E-11 -7.7476E-09
  1.7857E-05 -1.3209E-08  7.7246E-11 -7.8998E-09
  1.8032E-05 -1.3469E-08  7.8764E-11 -8.0550E-09
  1.8208E-05 -1.3733E-08  8.0310E-11 -8.2132E-09
  1.8386E-05 -1.4002E-08  8.1887E-11 -8.3744E-09
  1.8565E-05 -1.4277E-08  8.3493E-11 -8.5386E-09
  1.8746E-05 -1.4557E-08  8.5130E-11 -8.7061E-09
  1.8929E-05 -1.4842E-08  8.6799E-11 -8.8767E-09
  1.9113E-05 -1.5133E-08  8.8499E-11 -9.0506E-09
  1.9300E-05 -1.5429E-08  9.0232E-11 -9.2278E-09
  1.9488E-05 -1.5731E-08  9.1998E-11 -9.4084E-09
  1.9677E-05 -1.6039E-08  9.3798E-11 -9.5925E-09
  1.9869E-05 -1.6353E-08  9.5632E-11 -9.7801E-09
  2.0062E-05 -1.6672E-08  9.7502E-11 -9.9713E-09
  2.0257E-05 -1.6998E-08  9.9407E-11 -1.0166E-08
  2.0454E-05 -1.7330E-08  1.0135E-10 -1.0365E-08
  2.0653E-05 -1.7669E-08  1.0333E-10 -1.0567E-08
  2.0853E-05 -1.8013E-08  1.0534E-10 -1.0773E-08
  2.1056E-05 -1.8365E-08  1.0740E-10 -1.0983E-08
  2.1260E-05 -1.8723E-08  1.0949E-10 -1.1198E-08
  2.1466E-05 -1.9088E-08  1.1163E-10 -1.1416E-08
  2.1674E-05 -1.9460E-08  1.1380E-10 -1.1638E-08
  2.1884E-05 -1.9839E-08  1.1602E-10 -1.1865E-08
  2.2096E-05 -2.0225E-08  1.1828E-10 -1.2096E-08
  2.2310E-05 -2.0618E-08  1.2058E-10 -1.2331E-08
  2.2526E-05 -2.1019E-08  1.2292E-10 -1.2571E-08
  2.2744E-05 -2.1428E-08  1.2531E-10 -1.2816E-08
  2.2964E-05 -2.1845E-08  1.2775E-10 -1.3065E-08
  2.3186E-05 -2.2269E-08  1.3023E-10 -1.3319E-08
  2.3410E-05 -2.2702E-08  1.3276E-10 -1.3577E-08
  2.3637E-05 -2.3142E-08  1.3534E-10 -1.3841E-08
  2.3865E-05 -2.3592E-08  1.3797E-10 -1.4110E-08
  2.4095E-05 -2.4049E-08  1.4065E-10 -1.4383E-08
  2.4328E-05 -2.4516E-08  1.4337E-10 -1.4662E-08
  2.4563E-05 -2.4991E-08  1.4615E-10 -1.4947E-08
  2.4800E-05 -2.5475E-08  1.4899E-10 -1.5236E-08
  2.5039E-05 -2.5969E-08  1.5187E-10 -1.5532E-08
  2.5280E-05 -2.6472E-08  1.5481E-10 -1.5833E-08
  2.5524E-05 -2.6985E-08  1.5781E-10 -1.6139E-08
  2.5769E-05 -2.7507E-08  1.6087E-10 -1.6452E-08
  2.6018E-05 -2.8039E-08  1.6398E-10 -1.6770E-08
  2.6268E-05 -2.8582E-08  1.6715E-10 -1.7094E-08
  2.6521E-05 -2.9134E-08  1.7038E-10 -1.7425E-08
  2.6776E-05 -2.9697E-08  1.7368E-10 -1.7762E-08
  2.7033E-05 -3.0271E-08  1.7704E-10 -1.8105E-08
  2.7293E-05 -3.0856E-08  1.8046E-10 -1.8455E-08
  2.7556E-05 -3.1452E-08  1.8394E-10 -1.8811E-08
  2.7820E-05 -3.2059E-08  1.8749E-10 -1.9174E-08
  2.8088E-05 -3.2678E-08  1.9111E-10 -1.9545E-08
  2.8357E-05 -3.3309E-08  1.9480E-10 -1.9922E-08
  2.8629E-05 -3.3951E-08  1.9856E-10 -2.0306E-08
  2.8904E-05 -3.4606E-08  2.0239E-10 -2.0698E-08
  2.9181E-05 -3.5273E-08  2.0629E-10 -2.1097E-08
  2.9461E-05 -3.5953E-08  2.1026E-10 -2.1503E-08
  2.9744E-05 -3.6645E-08  2.1432E-10 -2.1918E-08
  3.0029E-05 -3.7351E-08  2.1844E-10 -2.2340E-08
  3.0317E-05 -3.8070E-08  2.2265E-10 -2.2770E-08
  3.0607E-05 -3.8803E-08  2.2694E-10 -2.3208E-08
  3.0900E-05 -3.9550E-08  2.3130E-10 -2.3655E-08
  3.1196E-05 -4.0311E-08  2.3575E-10 -2.4110E-08
  3.1495E-05 -4.1086E-08  2.4029E-10 -2.4574E-08
  3.1796E-05 -4.1876E-08  2.4491E-10 -2.5046E-08
  3.2100E-05 -4.2681E-08  2.4962E-10 -2.5528E-08
  3.2407E-05 -4.3501E-08  2.5442E-10 -2.6019E-08
  3.2717E-05 -4.4337E-08  2.5931E-10 -2.6519E-08
  3.3030E-05 -4.5189E-08  2.6429E-10 -2.7028E-08
  3.3346E-05 -4.6057E-08  2.6936E-10 -2.7547E-08
  3.3664E-05 -4.6941E-08  2.7453E-10 -2.8076E-08
  3.3986E-05 -4.7842E-08  2.7980E-10 -2.8615E-08
  3.4310E-05 -4.8760E-08  2.8517E-10 -2.9164E-08
  3.4638E-05 -4.9695E-08  2.9064E-10 -2.9724E-08
  3.4969E-05 -5.0648E-08  2.9622E-10 -3.0294E-08
  3.5302E-05 -5.1620E-08  3.0190E-10 -3.0875E-08
  3.5639E-05 -5.2609E-08  3.0769E-10 -3.1467E-08
  3.5979E-05 -5.3617E-08  3.1359E-10 -3.2070E-08
  3.6322E-05 -5.4645E-08  3.1960E-10 -3.2684E-08
  3.6668E-05 -5.5692E-08  3.2572E-10 -3.3310E-08
  3.7018E-05 -5.6758E-08  3.3196E-10 -3.3948E-08
  3.7371E-05 -5.7845E-08  3.3831E-10 -3.4599E-08
  3.7727E-05 -5.8952E-08  3.4479E-10 -3.5261E-08
  3.8086E-05 -6.0081E-08  3.5139E-10 -3.5936E-08
  3.8449E-05 -6.1230E-08  3.5811E-10 -3.6624E-08
  3.8815E-05 -6.2402E-08  3.6497E-10 -3.7324E-08
  3.9184E-05 -6.3595E-08  3.7195E-10 -3.8038E-08
  3.9557E-05 -6.4811E-08  3.7906E-10 -3.8766E-08
  3.9934E-05 -6.6050E-08  3.8631E-10 -3.9507E-08
  4.0313E-05 -6.7313E-08  3.9369E-10 -4.0262E-08
  4.0697E-05 -6.8599E-08  4.0122E-10 -4.1032E-08
  4.1084E-05 -6.9910E-08  4.0888E-10 -4.1816E-08
  4.1474E-05 -7.1245E-08  4.1670E-10 -4.2614E-08
  4.1869E-05 -7.2606E-08  4.2465E-10 -4.3428E-08
  4.2266E-05 -7.3992E-08  4.3276E-10 -4.4258E-08
  4.2668E-05 -7.5405E-08  4.4103E-10 -4.5103E-08
  4.3073E-05 -7.6844E-08  4.4944E-10 -4.5964E-08
  4.3482E-05 -7.8310E-08  4.5802E-10 -4.6841E-08
  4.3895E-05 -7.9804E-08  4.6676E-10 -4.7735E-08
  4.4312E-05 -8.1326E-08  4.7567E-10 -4.8645E-08
  4.4733E-05 -8.2878E-08  4.8474E-10 -4.9573E-08
  4.5157E-05 -8.4458E-08  4.9398E-10 -5.0518E-08
  4.5586E-05 -8.6068E-08  5.0340E-10 -5.1482E-08
  4.6018E-05 -8.7708E-08  5.1300E-10 -5.2463E-08
  4.6455E-05 -8.9380E-08  5.2277E-10 -5.3463E-08
  4.6895E-05 -9.1083E-08  5.3274E-10 -5.4482E-08
  4.7340E-05 -9.2818E-08  5.4289E-10 -5.5520E-08
  4.7788E-05 -9.4586E-08  5.5323E-10 -5.6577E-08
  4.8241E-05 -9.6387E-08  5.6376E-10 -5.7655E-08
  4.8698E-05 -9.8222E-08  5.7450E-10 -5.8753E-08
  4.9160E-05 -1.0009E-07  5.8544E-10 -5.9871E-08
  4.9626E-05 -1.0200E-07  5.9658E-10 -6.1011E-08
  5.0096E-05 -1.0394E-07  6.0794E-10 -6.2172E-08
  5.0570E-05 -1.0592E-07  6.1951E-10 -6.3355E-08
  5.1049E-05 -1.0793E-07  6.3129E-10 -6.4561E-08
  5.1532E-05 -1.0998E-07  6.4330E-10 -6.5789E-08
  5.2020E-05 -1.1207E-07  6.5554E-10 -6.7040E-08
  5.2512E-05 -1.1421E-07  6.6800E-10 -6.8315E-08
  5.3009E-05 -1.1638E-07  6.8070E-10 -6.9614E-08
  5.3510E-05 -1.1859E-07  6.9364E-10 -7.0937E-08
  5.4017E-05 -1.2084E-07  7.0683E-10 -7.2286E-08
  5.4527E-05 -1.2314E-07  7.2026E-10 -7.3660E-08
  5.5043E-05 -1.2548E-07  7.3395E-10 -7.5059E-08
  5.5564E-05 -1.2786E-07  7.4789E-10 -7.6485E-08
  5.6089E-05 -1.3029E-07  7.6210E-10 -7.7938E-08
  5.6619E-05 -1.3276E-07  7.7657E-10 -7.9418E-08
  5.7154E-05 -1.3529E-07  7.9132E-10 -8.0926E-08
  5.7694E-05 -1.3785E-07  8.0634E-10 -8.2463E-08
  5.8239E-05 -1.4047E-07  8.2165E-10 -8.4029E-08
  5.8789E-05 -1.4314E-07  8.3725E-10 -8.5624E-08
  5.9344E-05 -1.4585E-07  8.5314E-10 -8.7249E-08
  5.9905E-05 -1.4862E-07  8.6933E-10 -8.8904E-08
  6.0471E-05 -1.5144E-07  8.8582E-10 -9.0591E-08
  6.1041E-05 -1.5431E-07  9.0263E-10 -9.2310E-08
  6.1618E-05 -1.5724E-07  9.1975E-10 -9.4061E-08
  6.2199E-05 -1.6022E-07  9.3719E-10 -9.5844E-08
  6.2786E-05 -1.6326E-07  9.5496E-10 -9.7662E-08
  6.3379E-05 -1.6635E-07  9.7307E-10 -9.9514E-08
  6.3977E-05 -1.6951E-07  9.9152E-10 -1.0140E-07
  6.4580E-05 -1.7272E-07  1.0103E-09 -1.0332E-07
  6.5189E-05 -1.7599E-07  1.0295E-09 -1.0528E-07
  6.5804E-05 -1.7933E-07  1.0490E-09 -1.0728E-07
  6.6424E-05 -1.8272E-07  1.0688E-09 -1.0931E-07
  6.7051E-05 -1.8618E-07  1.0891E-09 -1.1138E-07
  6.7683E-05 -1.8971E-07  1.1097E-09 -1.1349E-07
  6.8321E-05 -1.9330E-07  1.1307E-09 -1.1564E-07
  6.8965E-05 -1.9696E-07  1.1522E-09 -1.1783E-07
  6.9615E-05 -2.0069E-07  1.1740E-09 -1.2006E-07
  7.0270E-05 -2.0449E-07  1.1962E-09 -1.2233E-07
  7.0933E-05 -2.0836E-07  1.2188E-09 -1.2465E-07
  7.1601E-05 -2.1230E-07  1.2419E-09 -1.2701E-07
  7.2275E-05 -2.1632E-07  1.2654E-09 -1.2941E-07
  7.2956E-05 -2.2041E-07  1.2894E-09 -1.3186E-07
  7.3643E-05 -2.2458E-07  1.3138E-09 -1.3436E-07
  7.4336E-05 -2.2883E-07  1.3386E-09 -1.3690E-07
  7.5036E-05 -2.3316E-07  1.3640E-09 -1.3949E-07
  7.5742E-05 -2.3757E-07  1.3898E-09 -1.4213E-07
  7.6455E-05 -2.4206E-07  1.4160E-09 -1.4482E-07
  7.7175E-05 -2.4664E-07  1.4428E-09 -1.4755E-07
  7.7901E-05 -2.5130E-07  1.4701E-09 -1.5034E-07
  7.8634E-05 -2.5605E-07  1.4979E-09 -1.5319E-07
  7.9374E-05 -2.6089E-07  1.5262E-09 -1.5608E-07
  8.0121E-05 -2.6582E-07  1.5551E-09 -1.5903E-07
  8.0874E-05 -2.7085E-07  1.5845E-09 -1.6204E-07
  8.1635E-05 -2.7596E-07  1.6144E-09 -1.6510E-07
  8.2403E-05 -2.8118E-07  1.6449E-09 -1.6822E-07
  8.3178E-05 -2.8649E-07  1.6760E-09 -1.7140E-07
  8.3960E-05 -2.9190E-07  1.7077E-09 -1.7464E-07
  8.4749E-05 -2.9742E-07  1.7399E-09 -1.7794E-07
  8.5546E-05 -3.0303E-07  1.7728E-09 -1.8130E-07
  8.6350E-05 -3.0875E-07  1.8063E-09 -1.8472E-07
  8.7162E-05 -3.1458E-07  1.8404E-09 -1.8821E-07
  8.7981E-05 -3.2052E-07  1.8751E-09 -1.9177E-07
  8.8807E-05 -3.2657E-07  1.9105E-09 -1.9539E-07
  8.9642E-05 -3.3274E-07  1.9466E-09 -1.9908E-07
  9.0484E-05 -3.3902E-07  1.9834E-09 -2.0283E-07
  9.1334E-05 -3.4542E-07  2.0208E-09 -2.0666E-07
  9.2192E-05 -3.5194E-07  2.0590E-09 -2.1056E-07
  9.3058E-05 -3.5858E-07  2.0978E-09 -2.1454E-07
  9.3932E-05 -3.6534E-07  2.1374E-09 -2.1859E-07
  9.4814E-05 -3.7223E-07  2.1777E-09 -2.2271E-07
  9.5705E-05 -3.7925E-07  2.2188E-09 -2.2691E-07
  9.6603E-05 -3.8641E-07  2.2607E-09 -2.3120E-07
  9.7510E-05 -3.9370E-07  2.3033E-09 -2.3556E-07
  9.8425E-05 -4.0112E-07  2.3468E-09 -2.4000E-07
  9.9349E-05 -4.0868E-07  2.3911E-09 -2.4453E-07
  1.0028E-04 -4.1639E-07  2.4361E-09 -2.4914E-07
  1.0122E-04 -4.2424E-07  2.4821E-09 -2.5384E-07
  1.0217E-04 -4.3224E-07  2.5289E-09 -2.5862E-07
  1.0313E-04 -4.4039E-07  2.5766E-09 -2.6350E-07
  1.0410E-04 -4.4869E-07  2.6252E-09 -2.6847E-07
  1.0508E-04 -4.5714E-07  2.6747E-09 -2.7353E-07
  1.0606E-04 -4.6576E-07  2.7251E-09 -2.7869E-07
  1.0706E-04 -4.7453E-07  2.7764E-09 -2.8394E-07
  1.0806E-04 -4.8348E-07  2.8288E-09 -2.8929E-07
  1.0907E-04 -4.9258E-07  2.8821E-09 -2.9474E-07
  1.1010E-04 -5.0186E-07  2.9364E-09 -3.0030E-07
  1.1113E-04 -5.1132E-07  2.9917E-09 -3.0596E-07
  1.1217E-04 -5.2095E-07  3.0481E-09 -3.1172E-07
  1.1322E-04 -5.3076E-07  3.1055E-09 -3.1759E-07
  1.1429E-04 -5.4076E-07  3.1640E-09 -3.2358E-07
  1.1536E-04 -5.5094E-07  3.2236E-09 -3.2967E-07
  1.1644E-04 -5.6132E-07  3.2844E-09 -3.3588E-07
  1.1753E-04 -5.7189E-07  3.3462E-09 -3.4221E-07
  1.1863E-04 -5.8265E-07  3.4092E-09 -3.4865E-07
  1.1974E-04 -5.9362E-07  3.4734E-09 -3.5522E-07
  1.2087E-04 -6.0480E-07  3.5388E-09 -3.6191E-07
  1.2200E-04 -6.1618E-07  3.6055E-09 -3.6872E-07
  1.2314E-04 -6.2778E-07  3.6734E-09 -3.7567E-07
  1.2429E-04 -6.3959E-07  3.7425E-09 -3.8274E-07
  1.2546E-04 -6.5163E-07  3.8130E-09 -3.8995E-07
  1.2663E-04 -6.6389E-07  3.8848E-09 -3.9729E-07
  1.2782E-04 -6.7638E-07  3.9579E-09 -4.0476E-07
  1.2902E-04 -6.8911E-07  4.0324E-09 -4.1238E-07
  1.3023E-04 -7.0208E-07  4.1083E-09 -4.2014E-07
  1.3145E-04 -7.1528E-07  4.1856E-09 -4.2805E-07
  1.3268E-04 -7.2874E-07  4.2644E-09 -4.3611E-07
  1.3392E-04 -7.4245E-07  4.3446E-09 -4.4431E-07
  1.3517E-04 -7.5641E-07  4.4263E-09 -4.5267E-07
  1.3644E-04 -7.7064E-07  4.5096E-09 -4.6119E-07
  1.3772E-04 -7.8513E-07  4.5945E-09 -4.6987E-07
  1.3901E-04 -7.9990E-07  4.6809E-09 -4.7870E-07
  1.4031E-04 -8.1494E-07  4.7690E-09 -4.8771E-07
  1.4162E-04 -8.3026E-07  4.8587E-09 -4.9688E-07
  1.4295E-04 -8.4587E-07  4.9500E-09 -5.0623E-07
  1.4428E-04 -8.6177E-07  5.0431E-09 -5.1575E-07
  1.4564E-04 -8.7797E-07  5.1380E-09 -5.2545E-07
  1.4700E-04 -8.9448E-07  5.2346E-09 -5.3533E-07
  1.4837E-04 -9.1129E-07  5.3330E-09 -5.4540E-07
  1.4976E-04 -9.2842E-07  5.4333E-09 -5.5565E-07
  1.5116E-04 -9.4587E-07  5.5355E-09 -5.6610E-07
  1.5258E-04 -9.6364E-07  5.6396E-09 -5.7675E-07
  1.5401E-04 -9.8175E-07  5.7456E-09 -5.8759E-07
  1.5545E-04 -1.0002E-06  5.8536E-09 -5.9863E-07
  1.5690E-04 -1.0190E-06  5.9636E-09 -6.0989E-07
  1.5837E-04 -1.0381E-06  6.0757E-09 -6.2135E-07
  1.5985E-04 -1.0576E-06  6.1899E-09 -6.3303E-07
  1.6135E-04 -1.0775E-06  6.3063E-09 -6.4493E-07
  1.6285E-04 -1.0978E-06  6.4248E-09 -6.5705E-07
  1.6438E-04 -1.1184E-06  6.5455E-09 -6.6940E-07
  1.6592E-04 -1.1394E-06  6.6686E-09 -6.8198E-07
  1.6747E-04 -1.1608E-06  6.7939E-09 -6.9479E-07
  1.6903E-04 -1.1826E-06  6.9215E-09 -7.0785E-07
  1.7061E-04 -1.2048E-06  7.0516E-09 -7.2115E-07
  1.7221E-04 -1.2274E-06  7.1841E-09 -7.3470E-07
  1.7382E-04 -1.2505E-06  7.3190E-09 -7.4850E-07
  1.7544E-04 -1.2740E-06  7.4565E-09 -7.6256E-07
  1.7708E-04 -1.2979E-06  7.5966E-09 -7.7689E-07
  1.7874E-04 -1.3222E-06  7.7393E-09 -7.9148E-07
  1.8041E-04 -1.3471E-06  7.8847E-09 -8.0635E-07
  1.8210E-04 -1.3724E-06  8.0328E-09 -8.2149E-07
  1.8380E-04 -1.3981E-06  8.1837E-09 -8.3692E-07
  1.8552E-04 -1.4244E-06  8.3374E-09 -8.5264E-07
  1.8725E-04 -1.4511E-06  8.4939E-09 -8.6866E-07
  1.8900E-04 -1.4783E-06  8.6535E-09 -8.8497E-07
  1.9077E-04 -1.5061E-06  8.8160E-09 -9.0159E-07
  1.9255E-04 -1.5344E-06  8.9815E-09 -9.1852E-07
  1.9435E-04 -1.5631E-06  9.1501E-09 -9.3576E-07
  1.9617E-04 -1.5925E-06  9.3220E-09 -9.5333E-07
  1.9800E-04 -1.6224E-06  9.4970E-09 -9.7123E-07
  1.9985E-04 -1.6528E-06  9.6753E-09 -9.8947E-07
  2.0172E-04 -1.6838E-06  9.8569E-09 -1.0080E-06
  2.0360E-04 -1.7154E-06  1.0042E-08 -1.0270E-06
  2.0550E-04 -1.7476E-06  1.0230E-08 -1.0462E-06
  2.0742E-04 -1.7804E-06  1.0423E-08 -1.0659E-06
  2.0936E-04 -1.8138E-06  1.0618E-08 -1.0859E-06
  2.1132E-04 -1.8478E-06  1.0817E-08 -1.1063E-06
  2.1329E-04 -1.8825E-06  1.1020E-08 -1.1270E-06
  2.1528E-04 -1.9178E-06  1.1227E-08 -1.1482E-06
  2.1729E-04 -1.9537E-06  1.1438E-08 -1.1697E-06
  2.1932E-04 -1.9904E-06  1.1653E-08 -1.1917E-06
  2.2137E-04 -2.0277E-06  1.1871E-08 -1.2141E-06
  2.2344E-04 -2.0657E-06  1.2094E-08 -1.2368E-06
  2.2553E-04 -2.1045E-06  1.2321E-08 -1.2601E-06
  2.2763E-04 -2.1440E-06  1.2552E-08 -1.2837E-06
  2.2976E-04 -2.1842E-06  1.2788E-08 -1.3078E-06
  2.3190E-04 -2.2251E-06  1.3028E-08 -1.3323E-06
  2.3407E-04 -2.2668E-06  1.3272E-08 -1.3573E-06
  2.3625E-04 -2.3093E-06  1.3521E-08 -1.3828E-06
  2.3846E-04 -2.3526E-06  1.3775E-08 -1.4087E-06
  2.4069E-04 -2.3967E-06  1.4033E-08 -1.4352E-06
  2.4293E-04 -2.4417E-06  1.4297E-08 -1.4621E-06
  2.4520E-04 -2.4874E-06  1.4565E-08 -1.4895E-06
  2.4749E-04 -2.5341E-06  1.4838E-08 -1.5174E-06
  2.4980E-04 -2.5816E-06  1.5116E-08 -1.5459E-06
  2.5213E-04 -2.6300E-06  1.5400E-08 -1.5749E-06
  2.5449E-04 -2.6792E-06  1.5689E-08 -1.6044E-06
  2.5686E-04 -2.7295E-06  1.5983E-08 -1.6345E-06
  2.5926E-04 -2.7806E-06  1.6283E-08 -1.6652E-06
  2.6168E-04 -2.8327E-06  1.6588E-08 -1.6964E-06
  2.6412E-04 -2.8858E-06  1.6899E-08 -1.7282E-06
  2.6659E-04 -2.9399E-06  1.7216E-08 -1.7606E-06
  2.6907E-04 -2.9950E-06  1.7539E-08 -1.7937E-06
  2.7158E-04 -3.0511E-06  1.7868E-08 -1.8273E-06
  2.7412E-04 -3.1083E-06  1.8203E-08 -1.8616E-06
  2.7668E-04 -3.1665E-06  1.8544E-08 -1.8965E-06
  2.7926E-04 -3.2258E-06  1.8892E-08 -1.9320E-06
  2.8186E-04 -3.2863E-06  1.9246E-08 -1.9682E-06
  2.8449E-04 -3.3478E-06  1.9607E-08 -2.0051E-06
  2.8715E-04 -3.4106E-06  1.9974E-08 -2.0427E-06
  2.8983E-04 -3.4744E-06  2.0349E-08 -2.0810E-06
  2.9253E-04 -3.5395E-06  2.0730E-08 -2.1201E-06
  2.9526E-04 -3.6058E-06  2.1119E-08 -2.1598E-06
  2.9802E-04 -3.6734E-06  2.1515E-08 -2.2003E-06
  3.0080E-04 -3.7422E-06  2.1918E-08 -2.2415E-06
  3.0360E-04 -3.8123E-06  2.2329E-08 -2.2835E-06
  3.0644E-04 -3.8837E-06  2.2748E-08 -2.3264E-06
  3.0929E-04 -3.9564E-06  2.3174E-08 -2.3700E-06
  3.1218E-04 -4.0305E-06  2.3608E-08 -2.4144E-06
  3.1509E-04 -4.1060E-06  2.4051E-08 -2.4596E-06
  3.1803E-04 -4.1828E-06  2.4502E-08 -2.5057E-06
  3.2100E-04 -4.2612E-06  2.4961E-08 -2.5527E-06
  3.2399E-04 -4.3410E-06  2.5429E-08 -2.6005E-06
  3.2701E-04 -4.4222E-06  2.5905E-08 -2.6493E-06
  3.3006E-04 -4.5050E-06  2.6391E-08 -2.6989E-06
  3.3314E-04 -4.5894E-06  2.6885E-08 -2.7495E-06
  3.3625E-04 -4.6753E-06  2.7389E-08 -2.8010E-06
  3.3938E-04 -4.7628E-06  2.7902E-08 -2.8535E-06
  3.4255E-04 -4.8520E-06  2.8425E-08 -2.9070E-06
  3.4574E-04 -4.9428E-06  2.8958E-08 -2.9615E-06
  3.4897E-04 -5.0354E-06  2.9501E-08 -3.0169E-06
  3.5222E-04 -5.1296E-06  3.0053E-08 -3.0735E-06
  3.5551E-04 -5.2257E-06  3.0616E-08 -3.1311E-06
  3.5882E-04 -5.3235E-06  3.1190E-08 -3.1897E-06
  3.6217E-04 -5.4231E-06  3.1774E-08 -3.2495E-06
  3.6554E-04 -5.5246E-06  3.2370E-08 -3.3104E-06
  3.6895E-04 -5.6280E-06  3.2976E-08 -3.3724E-06
  3.7239E-04 -5.7333E-06  3.3594E-08 -3.4356E-06
  3.7586E-04 -5.8406E-06  3.4223E-08 -3.4999E-06
  3.7937E-04 -5.9499E-06  3.4864E-08 -3.5655E-06
  3.8291E-04 -6.0613E-06  3.5518E-08 -3.6323E-06
  3.8648E-04 -6.1747E-06  3.6183E-08 -3.7003E-06
  3.9008E-04 -6.2903E-06  3.6861E-08 -3.7697E-06
  3.9372E-04 -6.4080E-06  3.7551E-08 -3.8403E-06
  3.9739E-04 -6.5279E-06  3.8255E-08 -3.9122E-06
  4.0109E-04 -6.6500E-06  3.8971E-08 -3.9855E-06
  4.0483E-04 -6.7744E-06  3.9701E-08 -4.0601E-06
  4.0860E-04 -6.9012E-06  4.0445E-08 -4.1362E-06
  4.1241E-04 -7.0303E-06  4.1202E-08 -4.2137E-06
  4.1626E-04 -7.1618E-06  4.1974E-08 -4.2926E-06
  4.2014E-04 -7.2958E-06  4.2760E-08 -4.3730E-06
  4.2405E-04 -7.4323E-06  4.3561E-08 -4.4549E-06
  4.2801E-04 -7.5713E-06  4.4377E-08 -4.5383E-06
  4.3199E-04 -7.7129E-06  4.5208E-08 -4.6233E-06
  4.3602E-04 -7.8572E-06  4.6055E-08 -4.7099E-06
  4.4008E-04 -8.0042E-06  4.6917E-08 -4.7981E-06
  4.4419E-04 -8.1539E-06  4.7796E-08 -4.8880E-06
  4.4833E-04 -8.3064E-06  4.8691E-08 -4.9795E-06
  4.5250E-04 -8.4617E-06  4.9603E-08 -5.0727E-06
  4.5672E-04 -8.6200E-06  5.0532E-08 -5.1677E-06
  4.6098E-04 -8.7812E-06  5.1478E-08 -5.2645E-06
  4.6527E-04 -8.9454E-06  5.2442E-08 -5.3631E-06
  4.6961E-04 -9.1127E-06  5.3424E-08 -5.4635E-06
  4.7399E-04 -9.2831E-06  5.4424E-08 -5.5658E-06
  4.7840E-04 -9.4567E-06  5.5443E-08 -5.6700E-06
  4.8286E-04 -9.6336E-06  5.6481E-08 -5.7762E-06
  4.8736E-04 -9.8137E-06  5.7539E-08 -5.8844E-06
  4.9190E-04 -9.9972E-06  5.8616E-08 -5.9945E-06
  4.9649E-04 -1.0184E-05  5.9714E-08 -6.1068E-06
  5.0111E-04 -1.0375E-05  6.0832E-08 -6.2211E-06
  5.0578E-04 -1.0568E-05  6.1971E-08 -6.3376E-06
  5.1049E-04 -1.0766E-05  6.3131E-08 -6.4562E-06
  5.1525E-04 -1.0967E-05  6.4313E-08 -6.5771E-06
  5.2005E-04 -1.1172E-05  6.5517E-08 -6.7002E-06
  5.2490E-04 -1.1381E-05  6.6743E-08 -6.8257E-06
  5.2979E-04 -1.1594E-05  6.7993E-08 -6.9535E-06
  5.3472E-04 -1.1811E-05  6.9266E-08 -7.0836E-06
  5.3971E-04 -1.2031E-05  7.0562E-08 -7.2162E-06
  5.4473E-04 -1.2256E-05  7.1883E-08 -7.3513E-06
  5.4981E-04 -1.2485E-05  7.3229E-08 -7.4889E-06
  5.5493E-04 -1.2719E-05  7.4600E-08 -7.6291E-06
  5.6010E-04 -1.2957E-05  7.5996E-08 -7.7719E-06
  5.6532E-04 -1.3199E-05  7.7419E-08 -7.9174E-06
  5.7059E-04 -1.3445E-05  7.8868E-08 -8.0656E-06
  5.7590E-04 -1.3697E-05  8.0344E-08 -8.2166E-06
  5.8127E-04 -1.3953E-05  8.1848E-08 -8.3704E-06
  5.8668E-04 -1.4213E-05  8.3380E-08 -8.5271E-06
  5.9215E-04 -1.4479E-05  8.4941E-08 -8.6867E-06
  5.9766E-04 -1.4750E-05  8.6531E-08 -8.8493E-06
  6.0323E-04 -1.5025E-05  8.8150E-08 -9.0149E-06
  6.0885E-04 -1.5306E-05  8.9800E-08 -9.1836E-06
  6.1452E-04 -1.5592E-05  9.1481E-08 -9.3555E-06
  6.2024E-04 -1.5883E-05  9.3193E-08 -9.5306E-06
  6.2602E-04 -1.6180E-05  9.4937E-08 -9.7090E-06
  6.3185E-04 -1.6482E-05  9.6714E-08 -9.8907E-06
  6.3774E-04 -1.6790E-05  9.8524E-08 -1.0076E-05
  6.4368E-04 -1.7104E-05  1.0037E-07 -1.0264E-05
  6.4967E-04 -1.7423E-05  1.0225E-07 -1.0456E-05
  6.5572E-04 -1.7749E-05  1.0416E-07 -1.0652E-05
  6.6183E-04 -1.8080E-05  1.0611E-07 -1.0852E-05
  6.6799E-04 -1.8418E-05  1.0810E-07 -1.1055E-05
  6.7422E-04 -1.8762E-05  1.1012E-07 -1.1261E-05
  6.8050E-04 -1.9113E-05  1.1218E-07 -1.1472E-05
  6.8683E-04 -1.9470E-05  1.1428E-07 -1.1687E-05
  6.9323E-04 -1.9833E-05  1.1642E-07 -1.1906E-05
  6.9969E-04 -2.0204E-05  1.1860E-07 -1.2128E-05
  7.0620E-04 -2.0581E-05  1.2081E-07 -1.2355E-05
  7.1278E-04 -2.0965E-05  1.2308E-07 -1.2587E-05
  7.1942E-04 -2.1357E-05  1.2538E-07 -1.2822E-05
  7.2612E-04 -2.1756E-05  1.2772E-07 -1.3062E-05
  7.3288E-04 -2.2162E-05  1.3011E-07 -1.3306E-05
  7.3970E-04 -2.2576E-05  1.3255E-07 -1.3555E-05
  7.4659E-04 -2.2997E-05  1.3503E-07 -1.3809E-05
  7.5355E-04 -2.3427E-05  1.3756E-07 -1.4067E-05
  7.6056E-04 -2.3864E-05  1.4013E-07 -1.4331E-05
  7.6764E-04 -2.4310E-05  1.4275E-07 -1.4599E-05
  7.7479E-04 -2.4764E-05  1.4542E-07 -1.4872E-05
  7.8201E-04 -2.5226E-05  1.4814E-07 -1.5150E-05
  7.8929E-04 -2.5697E-05  1.5092E-07 -1.5434E-05
  7.9664E-04 -2.6177E-05  1.5374E-07 -1.5722E-05
  8.0406E-04 -2.6665E-05  1.5662E-07 -1.6017E-05
  8.1154E-04 -2.7163E-05  1.5955E-07 -1.6316E-05
  8.1910E-04 -2.7670E-05  1.6253E-07 -1.6622E-05
  8.2673E-04 -2.8187E-05  1.6557E-07 -1.6932E-05
  8.3443E-04 -2.8713E-05  1.6867E-07 -1.7249E-05
  8.4220E-04 -2.9249E-05  1.7182E-07 -1.7572E-05
  8.5004E-04 -2.9795E-05  1.7504E-07 -1.7901E-05
  8.5795E-04 -3.0351E-05  1.7831E-07 -1.8236E-05
  8.6594E-04 -3.0917E-05  1.8165E-07 -1.8577E-05
  8.7400E-04 -3.1494E-05  1.8505E-07 -1.8924E-05
  8.8214E-04 -3.2082E-05  1.8851E-07 -1.9278E-05
  8.9035E-04 -3.2681E-05  1.9204E-07 -1.9639E-05
  8.9864E-04 -3.3291E-05  1.9563E-07 -2.0006E-05
  9.0701E-04 -3.3912E-05  1.9929E-07 -2.0381E-05
  9.1545E-04 -3.4545E-05  2.0302E-07 -2.0762E-05
  9.2398E-04 -3.5189E-05  2.0682E-07 -2.1150E-05
  9.3258E-04 -3.5846E-05  2.1068E-07 -2.1546E-05
  9.4126E-04 -3.6515E-05  2.1463E-07 -2.1949E-05
  9.5002E-04 -3.7196E-05  2.1864E-07 -2.2360E-05
  9.5887E-04 -3.7890E-05  2.2273E-07 -2.2778E-05
  9.6780E-04 -3.8597E-05  2.2690E-07 -2.3204E-05
  9.7681E-04 -3.9317E-05  2.3114E-07 -2.3638E-05
  9.8590E-04 -4.0050E-05  2.3546E-07 -2.4080E-05
  9.9508E-04 -4.0797E-05  2.3987E-07 -2.4531E-05
  1.0043E-03 -4.1558E-05  2.4436E-07 -2.4990E-05
  1.0137E-03 -4.2334E-05  2.4893E-07 -2.5457E-05
  1.0231E-03 -4.3123E-05  2.5358E-07 -2.5933E-05
  1.0327E-03 -4.3928E-05  2.5833E-07 -2.6418E-05
  1.0423E-03 -4.4747E-05  2.6316E-07 -2.6912E-05
  1.0520E-03 -4.5581E-05  2.6808E-07 -2.7416E-05
  1.0618E-03 -4.6432E-05  2.7310E-07 -2.7929E-05
  1.0716E-03 -4.7297E-05  2.7820E-07 -2.8451E-05
  1.0816E-03 -4.8180E-05  2.8341E-07 -2.8983E-05
  1.0917E-03 -4.9078E-05  2.8871E-07 -2.9525E-05
  1.1019E-03 -4.9993E-05  2.9411E-07 -3.0077E-05
  1.1121E-03 -5.0925E-05  2.9961E-07 -3.0640E-05
  1.1225E-03 -5.1875E-05  3.0521E-07 -3.1213E-05
  1.1329E-03 -5.2842E-05  3.1092E-07 -3.1797E-05
  1.1435E-03 -5.3827E-05  3.1674E-07 -3.2392E-05
  1.1541E-03 -5.4831E-05  3.2266E-07 -3.2997E-05
  1.1648E-03 -5.5853E-05  3.2870E-07 -3.3615E-05
  1.1757E-03 -5.6894E-05  3.3484E-07 -3.4243E-05
  1.1866E-03 -5.7955E-05  3.4111E-07 -3.4884E-05
  1.1977E-03 -5.9035E-05  3.4749E-07 -3.5536E-05
  1.2088E-03 -6.0136E-05  3.5399E-07 -3.6201E-05
  1.2201E-03 -6.1257E-05  3.6061E-07 -3.6878E-05
  1.2314E-03 -6.2398E-05  3.6735E-07 -3.7568E-05
  1.2429E-03 -6.3561E-05  3.7422E-07 -3.8270E-05
  1.2545E-03 -6.4746E-05  3.8122E-07 -3.8986E-05
  1.2661E-03 -6.5953E-05  3.8835E-07 -3.9715E-05
  1.2779E-03 -6.7182E-05  3.9561E-07 -4.0458E-05
  1.2898E-03 -6.8434E-05  4.0301E-07 -4.1214E-05
  1.3018E-03 -6.9709E-05  4.1055E-07 -4.1985E-05
  1.3139E-03 -7.1008E-05  4.1823E-07 -4.2770E-05
  1.3262E-03 -7.2331E-05  4.2605E-07 -4.3570E-05
  1.3385E-03 -7.3679E-05  4.3401E-07 -4.4385E-05
  1.3510E-03 -7.5051E-05  4.4213E-07 -4.5215E-05
  1.3635E-03 -7.6450E-05  4.5040E-07 -4.6061E-05
  1.3762E-03 -7.7874E-05  4.5882E-07 -4.6922E-05
  1.3890E-03 -7.9325E-05  4.6740E-07 -4.7799E-05
  1.4020E-03 -8.0802E-05  4.7614E-07 -4.8693E-05
  1.4150E-03 -8.2307E-05  4.8505E-07 -4.9604E-05
  1.4282E-03 -8.3841E-05  4.9412E-07 -5.0531E-05
  1.4415E-03 -8.5402E-05  5.0336E-07 -5.1476E-05
  1.4549E-03 -8.6993E-05  5.1277E-07 -5.2439E-05
  1.4684E-03 -8.8613E-05  5.2236E-07 -5.3420E-05
  1.4821E-03 -9.0263E-05  5.3213E-07 -5.4419E-05
  1.4959E-03 -9.1944E-05  5.4208E-07 -5.5436E-05
  1.5098E-03 -9.3656E-05  5.5222E-07 -5.6473E-05
  1.5239E-03 -9.5400E-05  5.6254E-07 -5.7529E-05
  1.5380E-03 -9.7177E-05  5.7306E-07 -5.8605E-05
  1.5524E-03 -9.8986E-05  5.8378E-07 -5.9700E-05
  1.5668E-03 -1.0083E-04  5.9470E-07 -6.0817E-05
  1.5814E-03 -1.0271E-04  6.0582E-07 -6.1954E-05
  1.5961E-03 -1.0462E-04  6.1714E-07 -6.3112E-05
  1.6110E-03 -1.0657E-04  6.2868E-07 -6.4293E-05
  1.6260E-03 -1.0855E-04  6.4044E-07 -6.5495E-05
  1.6411E-03 -1.1057E-04  6.5242E-07 -6.6719E-05
  1.6564E-03 -1.1263E-04  6.6462E-07 -6.7967E-05
  1.6718E-03 -1.1472E-04  6.7704E-07 -6.9238E-05
  1.6873E-03 -1.1686E-04  6.8970E-07 -7.0533E-05
  1.7030E-03 -1.1903E-04  7.0260E-07 -7.1851E-05
  1.7189E-03 -1.2125E-04  7.1574E-07 -7.3195E-05
  1.7349E-03 -1.2351E-04  7.2912E-07 -7.4563E-05
  1.7510E-03 -1.2580E-04  7.4275E-07 -7.5958E-05
  1.7673E-03 -1.2815E-04  7.5664E-07 -7.7378E-05
  1.7838E-03 -1.3053E-04  7.7079E-07 -7.8825E-05
  1.8004E-03 -1.3296E-04  7.8520E-07 -8.0298E-05
  1.8171E-03 -1.3543E-04  7.9989E-07 -8.1800E-05
  1.8340E-03 -1.3795E-04  8.1484E-07 -8.3329E-05
  1.8511E-03 -1.4052E-04  8.3008E-07 -8.4887E-05
  1.8683E-03 -1.4313E-04  8.4560E-07 -8.6475E-05
  1.8857E-03 -1.4579E-04  8.6141E-07 -8.8091E-05
  1.9032E-03 -1.4851E-04  8.7752E-07 -8.9738E-05
  1.9210E-03 -1.5127E-04  8.9392E-07 -9.1416E-05
  1.9388E-03 -1.5408E-04  9.1064E-07 -9.3125E-05
  1.9569E-03 -1.5695E-04  9.2766E-07 -9.4867E-05
  1.9751E-03 -1.5986E-04  9.4501E-07 -9.6640E-05
  1.9935E-03 -1.6284E-04  9.6268E-07 -9.8447E-05
  2.0120E-03 -1.6586E-04  9.8068E-07 -1.0029E-04
  2.0307E-03 -1.6895E-04  9.9901E-07 -1.0216E-04
  2.0496E-03 -1.7209E-04  1.0177E-06 -1.0407E-04
  2.0687E-03 -1.7529E-04  1.0367E-06 -1.0602E-04
  2.0880E-03 -1.7855E-04  1.0561E-06 -1.0800E-04
  2.1074E-03 -1.8187E-04  1.0758E-06 -1.1002E-04
  2.1270E-03 -1.8525E-04  1.0960E-06 -1.1208E-04
  2.1468E-03 -1.8869E-04  1.1165E-06 -1.1417E-04
  2.1668E-03 -1.9220E-04  1.1373E-06 -1.1631E-04
  2.1869E-03 -1.9577E-04  1.1586E-06 -1.1848E-04
  2.2073E-03 -1.9940E-04  1.1803E-06 -1.2070E-04
  2.2278E-03 -2.0311E-04  1.2023E-06 -1.2295E-04
  2.2485E-03 -2.0688E-04  1.2248E-06 -1.2525E-04
  2.2695E-03 -2.1073E-04  1.2477E-06 -1.2759E-04
  2.2906E-03 -2.1464E-04  1.2710E-06 -1.2998E-04
  2.3119E-03 -2.1863E-04  1.2948E-06 -1.3241E-04
  2.3334E-03 -2.2269E-04  1.3190E-06 -1.3488E-04
  2.3551E-03 -2.2683E-04  1.3437E-06 -1.3741E-04
  2.3770E-03 -2.3104E-04  1.3688E-06 -1.3997E-04
  2.3991E-03 -2.3533E-04  1.3944E-06 -1.4259E-04
  2.4215E-03 -2.3970E-04  1.4204E-06 -1.4526E-04
  2.4440E-03 -2.4415E-04  1.4470E-06 -1.4797E-04
  2.4667E-03 -2.4869E-04  1.4741E-06 -1.5074E-04
  2.4897E-03 -2.5330E-04  1.5016E-06 -1.5356E-04
  2.5128E-03 -2.5801E-04  1.5297E-06 -1.5643E-04
  2.5362E-03 -2.6280E-04  1.5583E-06 -1.5935E-04
  2.5598E-03 -2.6767E-04  1.5874E-06 -1.6233E-04
  2.5836E-03 -2.7264E-04  1.6171E-06 -1.6537E-04
  2.6077E-03 -2.7770E-04  1.6473E-06 -1.6846E-04
  2.6319E-03 -2.8286E-04  1.6781E-06 -1.7161E-04
  2.6564E-03 -2.8811E-04  1.7095E-06 -1.7481E-04
  2.6811E-03 -2.9345E-04  1.7415E-06 -1.7808E-04
  2.7061E-03 -2.9890E-04  1.7740E-06 -1.8141E-04
  2.7313E-03 -3.0444E-04  1.8072E-06 -1.8480E-04
  2.7567E-03 -3.1009E-04  1.8410E-06 -1.8826E-04
  2.7823E-03 -3.1584E-04  1.8754E-06 -1.9178E-04
  2.8082E-03 -3.2170E-04  1.9104E-06 -1.9536E-04
  2.8343E-03 -3.2767E-04  1.9462E-06 -1.9901E-04
  2.8607E-03 -3.3375E-04  1.9825E-06 -2.0273E-04
  2.8873E-03 -3.3994E-04  2.0196E-06 -2.0652E-04
  2.9142E-03 -3.4624E-04  2.0574E-06 -2.1038E-04
  2.9413E-03 -3.5266E-04  2.0958E-06 -2.1432E-04
  2.9687E-03 -3.5920E-04  2.1350E-06 -2.1832E-04
  2.9963E-03 -3.6586E-04  2.1749E-06 -2.2240E-04
  3.0242E-03 -3.7264E-04  2.2156E-06 -2.2656E-04
  3.0523E-03 -3.7955E-04  2.2570E-06 -2.3080E-04
  3.0807E-03 -3.8658E-04  2.2992E-06 -2.3511E-04
  3.1094E-03 -3.9375E-04  2.3422E-06 -2.3951E-04
  3.1383E-03 -4.0105E-04  2.3860E-06 -2.4398E-04
  3.1675E-03 -4.0848E-04  2.4306E-06 -2.4854E-04
  3.1970E-03 -4.1605E-04  2.4760E-06 -2.5319E-04
  3.2267E-03 -4.2376E-04  2.5223E-06 -2.5792E-04
  3.2567E-03 -4.3161E-04  2.5694E-06 -2.6274E-04
  3.2870E-03 -4.3960E-04  2.6175E-06 -2.6766E-04
  3.3176E-03 -4.4774E-04  2.6664E-06 -2.7266E-04
  3.3485E-03 -4.5604E-04  2.7163E-06 -2.7776E-04
  3.3796E-03 -4.6448E-04  2.7670E-06 -2.8295E-04
  3.4111E-03 -4.7308E-04  2.8188E-06 -2.8824E-04
  3.4428E-03 -4.8184E-04  2.8715E-06 -2.9362E-04
  3.4748E-03 -4.9076E-04  2.9251E-06 -2.9911E-04
  3.5072E-03 -4.9985E-04  2.9798E-06 -3.0470E-04
  3.5398E-03 -5.0910E-04  3.0355E-06 -3.1040E-04
  3.5727E-03 -5.1852E-04  3.0923E-06 -3.1620E-04
  3.6060E-03 -5.2812E-04  3.1501E-06 -3.2211E-04
  3.6395E-03 -5.3789E-04  3.2090E-06 -3.2813E-04
  3.6734E-03 -5.4785E-04  3.2690E-06 -3.3427E-04
  3.7075E-03 -5.5798E-04  3.3301E-06 -3.4051E-04
  3.7420E-03 -5.6831E-04  3.3923E-06 -3.4688E-04
  3.7768E-03 -5.7882E-04  3.4557E-06 -3.5336E-04
  3.8120E-03 -5.8953E-04  3.5203E-06 -3.5997E-04
  3.8474E-03 -6.0043E-04  3.5861E-06 -3.6669E-04
  3.8832E-03 -6.1153E-04  3.6532E-06 -3.7355E-04
  3.9194E-03 -6.2284E-04  3.7215E-06 -3.8053E-04
  3.9558E-03 -6.3436E-04  3.7910E-06 -3.8764E-04
  3.9926E-03 -6.4608E-04  3.8619E-06 -3.9489E-04
  4.0298E-03 -6.5803E-04  3.9341E-06 -4.0227E-04
  4.0673E-03 -6.7019E-04  4.0076E-06 -4.0979E-04
  4.1051E-03 -6.8258E-04  4.0826E-06 -4.1745E-04
  4.1433E-03 -6.9519E-04  4.1589E-06 -4.2525E-04
  4.1818E-03 -7.0803E-04  4.2366E-06 -4.3320E-04
  4.2207E-03 -7.2111E-04  4.3158E-06 -4.4129E-04
  4.2600E-03 -7.3444E-04  4.3965E-06 -4.4954E-04
  4.2996E-03 -7.4800E-04  4.4787E-06 -4.5794E-04
  4.3396E-03 -7.6182E-04  4.5624E-06 -4.6650E-04
  4.3800E-03 -7.7588E-04  4.6477E-06 -4.7522E-04
  4.4208E-03 -7.9021E-04  4.7346E-06 -4.8410E-04
  4.4619E-03 -8.0480E-04  4.8231E-06 -4.9315E-04
  4.5034E-03 -8.1966E-04  4.9133E-06 -5.0237E-04
  4.5453E-03 -8.3479E-04  5.0051E-06 -5.1176E-04
  4.5876E-03 -8.5019E-04  5.0987E-06 -5.2132E-04
  4.6302E-03 -8.6588E-04  5.1940E-06 -5.3107E-04
  4.6733E-03 -8.8186E-04  5.2911E-06 -5.4099E-04
  4.7168E-03 -8.9813E-04  5.3900E-06 -5.5110E-04
  4.7607E-03 -9.1470E-04  5.4907E-06 -5.6140E-04
  4.8050E-03 -9.3157E-04  5.5934E-06 -5.7190E-04
  4.8497E-03 -9.4875E-04  5.6979E-06 -5.8258E-04
  4.8948E-03 -9.6624E-04  5.8045E-06 -5.9347E-04
  4.9403E-03 -9.8406E-04  5.9130E-06 -6.0456E-04
  4.9863E-03 -1.0022E-03  6.0235E-06 -6.1586E-04
  5.0327E-03 -1.0207E-03  6.1361E-06 -6.2737E-04
  5.0795E-03 -1.0395E-03  6.2508E-06 -6.3910E-04
  5.1267E-03 -1.0586E-03  6.3677E-06 -6.5104E-04
  5.1744E-03 -1.0781E-03  6.4867E-06 -6.6321E-04
  5.2226E-03 -1.0980E-03  6.6079E-06 -6.7560E-04
  5.2711E-03 -1.1182E-03  6.7315E-06 -6.8823E-04
  5.3202E-03 -1.1388E-03  6.8573E-06 -7.0109E-04
  5.3697E-03 -1.1598E-03  6.9855E-06 -7.1419E-04
  5.4196E-03 -1.1812E-03  7.1161E-06 -7.2754E-04
  5.4700E-03 -1.2029E-03  7.2491E-06 -7.4114E-04
  5.5209E-03 -1.2250E-03  7.3846E-06 -7.5499E-04
  5.5723E-03 -1.2476E-03  7.5227E-06 -7.6910E-04
  5.6241E-03 -1.2706E-03  7.6633E-06 -7.8347E-04
  5.6764E-03 -1.2939E-03  7.8065E-06 -7.9811E-04
  5.7292E-03 -1.3177E-03  7.9525E-06 -8.1303E-04
  5.7825E-03 -1.3420E-03  8.1011E-06 -8.2822E-04
  5.8363E-03 -1.3667E-03  8.2526E-06 -8.4370E-04
  5.8906E-03 -1.3918E-03  8.4069E-06 -8.5946E-04
  5.9454E-03 -1.4174E-03  8.5640E-06 -8.7552E-04
  6.0007E-03 -1.4434E-03  8.7241E-06 -8.9189E-04
  6.0565E-03 -1.4700E-03  8.8872E-06 -9.0855E-04
  6.1129E-03 -1.4970E-03  9.0533E-06 -9.2553E-04
  6.1697E-03 -1.5245E-03  9.2226E-06 -9.4283E-04
  6.2271E-03 -1.5525E-03  9.3950E-06 -9.6044E-04
  6.2851E-03 -1.5810E-03  9.5706E-06 -9.7839E-04
  6.3435E-03 -1.6100E-03  9.7495E-06 -9.9667E-04
  6.4025E-03 -1.6396E-03  9.9318E-06 -1.0153E-03
  6.4621E-03 -1.6697E-03  1.0117E-05 -1.0343E-03
  6.5222E-03 -1.7003E-03  1.0307E-05 -1.0536E-03
  6.5829E-03 -1.7316E-03  1.0499E-05 -1.0733E-03
  6.6441E-03 -1.7633E-03  1.0696E-05 -1.0933E-03
  6.7059E-03 -1.7957E-03  1.0895E-05 -1.1138E-03
  6.7683E-03 -1.8286E-03  1.1099E-05 -1.1346E-03
  6.8313E-03 -1.8622E-03  1.1307E-05 -1.1558E-03
  6.8948E-03 -1.8963E-03  1.1518E-05 -1.1774E-03
  6.9589E-03 -1.9311E-03  1.1733E-05 -1.1994E-03
  7.0237E-03 -1.9665E-03  1.1953E-05 -1.2218E-03
  7.0890E-03 -2.0025E-03  1.2176E-05 -1.2446E-03
  7.1550E-03 -2.0392E-03  1.2404E-05 -1.2679E-03
  7.2215E-03 -2.0765E-03  1.2636E-05 -1.2916E-03
  7.2887E-03 -2.1146E-03  1.2872E-05 -1.3157E-03
  7.3565E-03 -2.1533E-03  1.3112E-05 -1.3403E-03
  7.4249E-03 -2.1927E-03  1.3358E-05 -1.3653E-03
  7.4940E-03 -2.2329E-03  1.3607E-05 -1.3908E-03
  7.5637E-03 -2.2737E-03  1.3862E-05 -1.4168E-03
  7.6341E-03 -2.3153E-03  1.4121E-05 -1.4433E-03
  7.7051E-03 -2.3577E-03  1.4385E-05 -1.4703E-03
  7.7767E-03 -2.4008E-03  1.4654E-05 -1.4977E-03
  7.8491E-03 -2.4447E-03  1.4928E-05 -1.5257E-03
  7.9221E-03 -2.4894E-03  1.5207E-05 -1.5542E-03
  7.9958E-03 -2.5349E-03  1.5491E-05 -1.5833E-03
  8.0702E-03 -2.5813E-03  1.5781E-05 -1.6128E-03
  8.1452E-03 -2.6284E-03  1.6076E-05 -1.6430E-03
  8.2210E-03 -2.6764E-03  1.6376E-05 -1.6737E-03
  8.2975E-03 -2.7253E-03  1.6682E-05 -1.7049E-03
  8.3747E-03 -2.7751E-03  1.6994E-05 -1.7368E-03
  8.4526E-03 -2.8258E-03  1.7312E-05 -1.7692E-03
  8.5312E-03 -2.8773E-03  1.7636E-05 -1.8023E-03
  8.6105E-03 -2.9298E-03  1.7965E-05 -1.8360E-03
  8.6906E-03 -2.9833E-03  1.8301E-05 -1.8703E-03
  8.7715E-03 -3.0377E-03  1.8643E-05 -1.9052E-03
  8.8531E-03 -3.0931E-03  1.8992E-05 -1.9408E-03
  8.9354E-03 -3.1495E-03  1.9347E-05 -1.9770E-03
  9.0185E-03 -3.2069E-03  1.9709E-05 -2.0140E-03
  9.1024E-03 -3.2654E-03  2.0077E-05 -2.0516E-03
  9.1871E-03 -3.3248E-03  2.0452E-05 -2.0899E-03
  9.2725E-03 -3.3854E-03  2.0835E-05 -2.1290E-03
  9.3588E-03 -3.4471E-03  2.1224E-05 -2.1687E-03
  9.4459E-03 -3.5098E-03  2.1621E-05 -2.2093E-03
  9.5337E-03 -3.5737E-03  2.2025E-05 -2.2505E-03
  9.6224E-03 -3.6387E-03  2.2437E-05 -2.2926E-03
  9.7119E-03 -3.7049E-03  2.2857E-05 -2.3354E-03
  9.8022E-03 -3.7723E-03  2.3284E-05 -2.3790E-03
  9.8934E-03 -3.8409E-03  2.3719E-05 -2.4234E-03
  9.9854E-03 -3.9107E-03  2.4163E-05 -2.4687E-03
  1.0078E-02 -3.9818E-03  2.4615E-05 -2.5148E-03
  1.0172E-02 -4.0541E-03  2.5075E-05 -2.5618E-03
  1.0267E-02 -4.1278E-03  2.5544E-05 -2.6096E-03
  1.0362E-02 -4.2027E-03  2.6021E-05 -2.6584E-03
  1.0459E-02 -4.2790E-03  2.6508E-05 -2.7080E-03
  1.0556E-02 -4.3567E-03  2.7003E-05 -2.7586E-03
  1.0654E-02 -4.4357E-03  2.7508E-05 -2.8101E-03
  1.0753E-02 -4.5162E-03  2.8023E-05 -2.8626E-03
  1.0853E-02 -4.5981E-03  2.8547E-05 -2.9161E-03
  1.0954E-02 -4.6814E-03  2.9080E-05 -2.9706E-03
  1.1056E-02 -4.7663E-03  2.9624E-05 -3.0260E-03
  1.1159E-02 -4.8526E-03  3.0178E-05 -3.0825E-03
  1.1263E-02 -4.9405E-03  3.0742E-05 -3.1401E-03
  1.1367E-02 -5.0300E-03  3.1317E-05 -3.1988E-03
  1.1473E-02 -5.1210E-03  3.1903E-05 -3.2585E-03
  1.1580E-02 -5.2137E-03  3.2499E-05 -3.3193E-03
  1.1688E-02 -5.3080E-03  3.3107E-05 -3.3813E-03
  1.1796E-02 -5.4040E-03  3.3726E-05 -3.4445E-03
  1.1906E-02 -5.5018E-03  3.4357E-05 -3.5088E-03
  1.2017E-02 -5.6012E-03  3.4999E-05 -3.5743E-03
  1.2129E-02 -5.7024E-03  3.5654E-05 -3.6411E-03
  1.2241E-02 -5.8054E-03  3.6320E-05 -3.7091E-03
  1.2355E-02 -5.9102E-03  3.7000E-05 -3.7783E-03
  1.2470E-02 -6.0169E-03  3.7691E-05 -3.8489E-03
  1.2586E-02 -6.1255E-03  3.8396E-05 -3.9207E-03
  1.2703E-02 -6.2360E-03  3.9114E-05 -3.9939E-03
  1.2821E-02 -6.3485E-03  3.9846E-05 -4.0685E-03
  1.2941E-02 -6.4629E-03  4.0591E-05 -4.1445E-03
  1.3061E-02 -6.5794E-03  4.1350E-05 -4.2218E-03
  1.3183E-02 -6.6979E-03  4.2123E-05 -4.3007E-03
  1.3305E-02 -6.8185E-03  4.2911E-05 -4.3810E-03
  1.3429E-02 -6.9413E-03  4.3714E-05 -4.4628E-03
  1.3554E-02 -7.0662E-03  4.4531E-05 -4.5461E-03
  1.3680E-02 -7.1933E-03  4.5364E-05 -4.6309E-03
  1.3807E-02 -7.3227E-03  4.6212E-05 -4.7174E-03
  1.3936E-02 -7.4543E-03  4.7077E-05 -4.8054E-03
  1.4065E-02 -7.5883E-03  4.7957E-05 -4.8952E-03
  1.4196E-02 -7.7246E-03  4.8854E-05 -4.9865E-03
  1.4328E-02 -7.8633E-03  4.9768E-05 -5.0796E-03
  1.4461E-02 -8.0045E-03  5.0699E-05 -5.1744E-03
  1.4596E-02 -8.1481E-03  5.1647E-05 -5.2710E-03
  1.4732E-02 -8.2943E-03  5.2613E-05 -5.3694E-03
  1.4869E-02 -8.4430E-03  5.3597E-05 -5.4696E-03
  1.5007E-02 -8.5943E-03  5.4600E-05 -5.5717E-03
  1.5147E-02 -8.7483E-03  5.5621E-05 -5.6757E-03
  1.5287E-02 -8.9049E-03  5.6661E-05 -5.7816E-03
  1.5430E-02 -9.0643E-03  5.7721E-05 -5.8895E-03
  1.5573E-02 -9.2265E-03  5.8801E-05 -5.9994E-03
  1.5718E-02 -9.3916E-03  5.9901E-05 -6.1114E-03
  1.5864E-02 -9.5595E-03  6.1021E-05 -6.2254E-03
  1.6012E-02 -9.7303E-03  6.2163E-05 -6.3416E-03
  1.6161E-02 -9.9042E-03  6.3326E-05 -6.4599E-03
  1.6311E-02 -1.0081E-02  6.4510E-05 -6.5805E-03
  1.6463E-02 -1.0261E-02  6.5717E-05 -6.7032E-03
  1.6616E-02 -1.0444E-02  6.6946E-05 -6.8283E-03
  1.6770E-02 -1.0630E-02  6.8199E-05 -6.9557E-03
  1.6926E-02 -1.0820E-02  6.9475E-05 -7.0855E-03
  1.7084E-02 -1.1013E-02  7.0775E-05 -7.2177E-03
  1.7243E-02 -1.1209E-02  7.2099E-05 -7.3523E-03
  1.7403E-02 -1.1408E-02  7.3448E-05 -7.4895E-03
  1.7565E-02 -1.1611E-02  7.4822E-05 -7.6292E-03
  1.7728E-02 -1.1818E-02  7.6222E-05 -7.7715E-03
  1.7893E-02 -1.2028E-02  7.7648E-05 -7.9165E-03
  1.8060E-02 -1.2242E-02  7.9101E-05 -8.0641E-03
  1.8228E-02 -1.2459E-02  8.0581E-05 -8.2146E-03
  1.8397E-02 -1.2680E-02  8.2089E-05 -8.3678E-03
  1.8568E-02 -1.2905E-02  8.3625E-05 -8.5238E-03
  1.8741E-02 -1.3134E-02  8.5190E-05 -8.6828E-03
  1.8915E-02 -1.3367E-02  8.6784E-05 -8.8447E-03
  1.9091E-02 -1.3604E-02  8.8408E-05 -9.0096E-03
  1.9269E-02 -1.3845E-02  9.0062E-05 -9.1777E-03
  1.9448E-02 -1.4090E-02  9.1748E-05 -9.3488E-03
  1.9629E-02 -1.4339E-02  9.3465E-05 -9.5231E-03
  1.9812E-02 -1.4592E-02  9.5214E-05 -9.7007E-03
  1.9996E-02 -1.4850E-02  9.6996E-05 -9.8815E-03
  2.0182E-02 -1.5113E-02  9.8811E-05 -1.0066E-02
  2.0370E-02 -1.5379E-02  1.0066E-04 -1.0253E-02
  2.0559E-02 -1.5651E-02  1.0254E-04 -1.0445E-02
  2.0750E-02 -1.5927E-02  1.0446E-04 -1.0639E-02
  2.0943E-02 -1.6207E-02  1.0642E-04 -1.0838E-02
  2.1138E-02 -1.6493E-02  1.0841E-04 -1.1040E-02
  2.1335E-02 -1.6783E-02  1.1044E-04 -1.1245E-02
  2.1533E-02 -1.7078E-02  1.1251E-04 -1.1455E-02
  2.1733E-02 -1.7379E-02  1.1461E-04 -1.1668E-02
  2.1936E-02 -1.7684E-02  1.1676E-04 -1.1886E-02
  2.2140E-02 -1.7995E-02  1.1895E-04 -1.2107E-02
  2.2345E-02 -1.8311E-02  1.2117E-04 -1.2333E-02
  2.2553E-02 -1.8632E-02  1.2344E-04 -1.2563E-02
  2.2763E-02 -1.8959E-02  1.2575E-04 -1.2797E-02
  2.2975E-02 -1.9291E-02  1.2811E-04 -1.3035E-02
  2.3189E-02 -1.9629E-02  1.3051E-04 -1.3278E-02
  2.3404E-02 -1.9972E-02  1.3295E-04 -1.3525E-02
  2.3622E-02 -2.0321E-02  1.3544E-04 -1.3777E-02
  2.3842E-02 -2.0677E-02  1.3798E-04 -1.4034E-02
  2.4063E-02 -2.1038E-02  1.4056E-04 -1.4295E-02
  2.4287E-02 -2.1405E-02  1.4319E-04 -1.4561E-02
  2.4513E-02 -2.1778E-02  1.4587E-04 -1.4832E-02
  2.4741E-02 -2.2158E-02  1.4861E-04 -1.5109E-02
  2.4971E-02 -2.2544E-02  1.5139E-04 -1.5390E-02
  2.5204E-02 -2.2937E-02  1.5423E-04 -1.5676E-02
  2.5438E-02 -2.3336E-02  1.5712E-04 -1.5968E-02
  2.5675E-02 -2.3742E-02  1.6006E-04 -1.6265E-02
  2.5913E-02 -2.4154E-02  1.6306E-04 -1.6568E-02
  2.6154E-02 -2.4574E-02  1.6611E-04 -1.6877E-02
  2.6398E-02 -2.5000E-02  1.6922E-04 -1.7191E-02
  2.6643E-02 -2.5434E-02  1.7239E-04 -1.7511E-02
  2.6891E-02 -2.5874E-02  1.7562E-04 -1.7836E-02
  2.7141E-02 -2.6322E-02  1.7892E-04 -1.8168E-02
  2.7394E-02 -2.6778E-02  1.8227E-04 -1.8506E-02
  2.7648E-02 -2.7241E-02  1.8568E-04 -1.8850E-02
  2.7906E-02 -2.7711E-02  1.8916E-04 -1.9201E-02
  2.8165E-02 -2.8190E-02  1.9271E-04 -1.9558E-02
  2.8427E-02 -2.8676E-02  1.9632E-04 -1.9922E-02
  2.8691E-02 -2.9170E-02  2.0000E-04 -2.0292E-02
  2.8958E-02 -2.9673E-02  2.0375E-04 -2.0670E-02
  2.9228E-02 -3.0184E-02  2.0757E-04 -2.1054E-02
  2.9500E-02 -3.0703E-02  2.1146E-04 -2.1445E-02
  2.9774E-02 -3.1230E-02  2.1542E-04 -2.1844E-02
  3.0051E-02 -3.1767E-02  2.1946E-04 -2.2250E-02
  3.0330E-02 -3.2312E-02  2.2358E-04 -2.2664E-02
  3.0612E-02 -3.2866E-02  2.2777E-04 -2.3085E-02
  3.0897E-02 -3.3429E-02  2.3204E-04 -2.3514E-02
  3.1185E-02 -3.4001E-02  2.3639E-04 -2.3951E-02
  3.1475E-02 -3.4582E-02  2.4083E-04 -2.4395E-02
  3.1767E-02 -3.5173E-02  2.4534E-04 -2.4849E-02
  3.2063E-02 -3.5774E-02  2.4995E-04 -2.5310E-02
  3.2361E-02 -3.6384E-02  2.5463E-04 -2.5780E-02
  3.2662E-02 -3.7004E-02  2.5941E-04 -2.6259E-02
  3.2966E-02 -3.7634E-02  2.6428E-04 -2.6746E-02
  3.3273E-02 -3.8274E-02  2.6924E-04 -2.7243E-02
  3.3582E-02 -3.8925E-02  2.7429E-04 -2.7748E-02
  3.3894E-02 -3.9586E-02  2.7943E-04 -2.8263E-02
  3.4210E-02 -4.0258E-02  2.8468E-04 -2.8788E-02
  3.4528E-02 -4.0940E-02  2.9002E-04 -2.9322E-02
  3.4849E-02 -4.1633E-02  2.9546E-04 -2.9866E-02
  3.5173E-02 -4.2338E-02  3.0101E-04 -3.0420E-02
  3.5500E-02 -4.3053E-02  3.0666E-04 -3.0984E-02
  3.5830E-02 -4.3780E-02  3.1242E-04 -3.1559E-02
  3.6164E-02 -4.4519E-02  3.1828E-04 -3.2144E-02
  3.6500E-02 -4.5269E-02  3.2426E-04 -3.2740E-02
  3.6840E-02 -4.6032E-02  3.3035E-04 -3.3347E-02
  3.7182E-02 -4.6806E-02  3.3655E-04 -3.3964E-02
  3.7528E-02 -4.7593E-02  3.4287E-04 -3.4594E-02
  3.7877E-02 -4.8392E-02  3.4931E-04 -3.5235E-02
  3.8229E-02 -4.9203E-02  3.5588E-04 -3.5887E-02
  3.8585E-02 -5.0027E-02  3.6256E-04 -3.6552E-02
  3.8944E-02 -5.0865E-02  3.6937E-04 -3.7229E-02
  3.9306E-02 -5.1715E-02  3.7631E-04 -3.7918E-02
  3.9672E-02 -5.2579E-02  3.8339E-04 -3.8620E-02
  4.0041E-02 -5.3456E-02  3.9059E-04 -3.9335E-02
  4.0413E-02 -5.4347E-02  3.9793E-04 -4.0063E-02
  4.0789E-02 -5.5251E-02  4.0541E-04 -4.0804E-02
  4.1168E-02 -5.6170E-02  4.1304E-04 -4.1558E-02
  4.1551E-02 -5.7103E-02  4.2080E-04 -4.2327E-02
  4.1938E-02 -5.8050E-02  4.2872E-04 -4.3110E-02
  4.2328E-02 -5.9012E-02  4.3678E-04 -4.3906E-02
  4.2722E-02 -5.9989E-02  4.4499E-04 -4.4718E-02
  4.3119E-02 -6.0981E-02  4.5336E-04 -4.5544E-02
  4.3520E-02 -6.1988E-02  4.6189E-04 -4.6386E-02
  4.3925E-02 -6.3010E-02  4.7058E-04 -4.7242E-02
  4.4333E-02 -6.4049E-02  4.7944E-04 -4.8115E-02
  4.4746E-02 -6.5102E-02  4.8846E-04 -4.9003E-02
  4.5162E-02 -6.6172E-02  4.9766E-04 -4.9907E-02
  4.5582E-02 -6.7259E-02  5.0703E-04 -5.0828E-02
  4.6006E-02 -6.8361E-02  5.1657E-04 -5.1766E-02
  4.6434E-02 -6.9481E-02  5.2630E-04 -5.2721E-02
  4.6866E-02 -7.0617E-02  5.3621E-04 -5.3693E-02
  4.7302E-02 -7.1770E-02  5.4631E-04 -5.4683E-02
  4.7742E-02 -7.2941E-02  5.5660E-04 -5.5691E-02
  4.8186E-02 -7.4129E-02  5.6709E-04 -5.6717E-02
  4.8634E-02 -7.5335E-02  5.7778E-04 -5.7762E-02
  4.9086E-02 -7.6559E-02  5.8867E-04 -5.8825E-02
  4.9543E-02 -7.7801E-02  5.9976E-04 -5.9908E-02
  5.0004E-02 -7.9061E-02  6.1107E-04 -6.1011E-02
  5.0469E-02 -8.0340E-02  6.2259E-04 -6.2134E-02
  5.0938E-02 -8.1639E-02  6.3433E-04 -6.3276E-02
  5.1412E-02 -8.2956E-02  6.4630E-04 -6.4440E-02
  5.1890E-02 -8.4292E-02  6.5849E-04 -6.5625E-02
  5.2373E-02 -8.5649E-02  6.7091E-04 -6.6831E-02
  5.2860E-02 -8.7025E-02  6.8358E-04 -6.8058E-02
  5.3351E-02 -8.8421E-02  6.9648E-04 -6.9308E-02
  5.3848E-02 -8.9837E-02  7.0963E-04 -7.0581E-02
  5.4348E-02 -9.1274E-02  7.2303E-04 -7.1876E-02
  5.4854E-02 -9.2732E-02  7.3668E-04 -7.3195E-02
  5.5364E-02 -9.4210E-02  7.5060E-04 -7.4537E-02
  5.5879E-02 -9.5710E-02  7.6478E-04 -7.5904E-02
  5.6399E-02 -9.7232E-02  7.7923E-04 -7.7295E-02
  5.6923E-02 -9.8775E-02  7.9396E-04 -7.8711E-02
  5.7453E-02 -1.0034E-01  8.0896E-04 -8.0153E-02
  5.7987E-02 -1.0193E-01  8.2426E-04 -8.1620E-02
  5.8527E-02 -1.0354E-01  8.3985E-04 -8.3114E-02
  5.9071E-02 -1.0517E-01  8.5574E-04 -8.4634E-02
  5.9620E-02 -1.0683E-01  8.7193E-04 -8.6182E-02
  6.0175E-02 -1.0851E-01  8.8843E-04 -8.7757E-02
  6.0735E-02 -1.1021E-01  9.0525E-04 -8.9360E-02
  6.1300E-02 -1.1194E-01  9.2239E-04 -9.0992E-02
  6.1870E-02 -1.1369E-01  9.3985E-04 -9.2653E-02
  6.2445E-02 -1.1546E-01  9.5766E-04 -9.4344E-02
  6.3026E-02 -1.1726E-01  9.7580E-04 -9.6064E-02
  6.3612E-02 -1.1908E-01  9.9429E-04 -9.7815E-02
  6.4204E-02 -1.2093E-01  1.0131E-03 -9.9598E-02
  6.4801E-02 -1.2281E-01  1.0324E-03 -1.0141E-01
  6.5404E-02 -1.2471E-01  1.0519E-03 -1.0326E-01
  6.6012E-02 -1.2663E-01  1.0719E-03 -1.0514E-01
  6.6626E-02 -1.2859E-01  1.0922E-03 -1.0705E-01
  6.7246E-02 -1.3057E-01  1.1130E-03 -1.0899E-01
  6.7871E-02 -1.3257E-01  1.1341E-03 -1.1097E-01
  6.8502E-02 -1.3460E-01  1.1556E-03 -1.1299E-01
  6.9140E-02 -1.3666E-01  1.1776E-03 -1.1504E-01
  6.9783E-02 -1.3875E-01  1.2000E-03 -1.1712E-01
  7.0432E-02 -1.4086E-01  1.2228E-03 -1.1925E-01
  7.1087E-02 -1.4300E-01  1.2460E-03 -1.2141E-01
  7.1748E-02 -1.4517E-01  1.2697E-03 -1.2361E-01
  7.2415E-02 -1.4737E-01  1.2939E-03 -1.2584E-01
  7.3089E-02 -1.4960E-01  1.3185E-03 -1.2812E-01
  7.3769E-02 -1.5186E-01  1.3436E-03 -1.3043E-01
  7.4455E-02 -1.5414E-01  1.3692E-03 -1.3279E-01
  7.5147E-02 -1.5646E-01  1.3953E-03 -1.3518E-01
  7.5846E-02 -1.5880E-01  1.4219E-03 -1.3762E-01
  7.6552E-02 -1.6118E-01  1.4490E-03 -1.4010E-01
  7.7264E-02 -1.6358E-01  1.4767E-03 -1.4263E-01
  7.7982E-02 -1.6602E-01  1.5048E-03 -1.4519E-01
  7.8708E-02 -1.6848E-01  1.5336E-03 -1.4780E-01
  7.9440E-02 -1.7098E-01  1.5628E-03 -1.5046E-01
  8.0179E-02 -1.7351E-01  1.5927E-03 -1.5316E-01
  8.0924E-02 -1.7607E-01  1.6231E-03 -1.5591E-01
  8.1677E-02 -1.7866E-01  1.6542E-03 -1.5871E-01
  8.2437E-02 -1.8128E-01  1.6858E-03 -1.6155E-01
  8.3204E-02 -1.8393E-01  1.7181E-03 -1.6444E-01
  8.3977E-02 -1.8662E-01  1.7509E-03 -1.6738E-01
  8.4759E-02 -1.8934E-01  1.7845E-03 -1.7037E-01
  8.5547E-02 -1.9209E-01  1.8187E-03 -1.7342E-01
  8.6343E-02 -1.9488E-01  1.8535E-03 -1.7651E-01
  8.7146E-02 -1.9770E-01  1.8891E-03 -1.7966E-01
  8.7956E-02 -2.0055E-01  1.9253E-03 -1.8286E-01
  8.8774E-02 -2.0344E-01  1.9622E-03 -1.8611E-01
  8.9600E-02 -2.0636E-01  1.9999E-03 -1.8942E-01
  9.0433E-02 -2.0931E-01  2.0383E-03 -1.9278E-01
  9.1274E-02 -2.1230E-01  2.0775E-03 -1.9620E-01
  9.2123E-02 -2.1532E-01  2.1175E-03 -1.9968E-01
  9.2980E-02 -2.1838E-01  2.1582E-03 -2.0321E-01
  9.3845E-02 -2.2147E-01  2.1997E-03 -2.0681E-01
  9.4718E-02 -2.2460E-01  2.2421E-03 -2.1046E-01
  9.5599E-02 -2.2776E-01  2.2853E-03 -2.1418E-01
  9.6488E-02 -2.3096E-01  2.3294E-03 -2.1795E-01
  9.7386E-02 -2.3419E-01  2.3743E-03 -2.2179E-01
  9.8291E-02 -2.3746E-01  2.4201E-03 -2.2569E-01
  9.9206E-02 -2.4076E-01  2.4669E-03 -2.2966E-01
  1.0013E-01 -2.4410E-01  2.5145E-03 -2.3369E-01
  1.0106E-01 -2.4748E-01  2.5632E-03 -2.3778E-01
  1.0200E-01 -2.5089E-01  2.6128E-03 -2.4194E-01
  1.0295E-01 -2.5434E-01  2.6633E-03 -2.4617E-01
  1.0391E-01 -2.5782E-01  2.7149E-03 -2.5047E-01
  1.0487E-01 -2.6134E-01  2.7675E-03 -2.5484E-01
  1.0585E-01 -2.6490E-01  2.8212E-03 -2.5928E-01
  1.0683E-01 -2.6849E-01  2.8760E-03 -2.6379E-01
  1.0783E-01 -2.7213E-01  2.9318E-03 -2.6837E-01
  1.0883E-01 -2.7579E-01  2.9888E-03 -2.7302E-01
  1.0984E-01 -2.7950E-01  3.0469E-03 -2.7775E-01
  1.1086E-01 -2.8324E-01  3.1062E-03 -2.8255E-01
  1.1189E-01 -2.8702E-01  3.1667E-03 -2.8743E-01
  1.1293E-01 -2.9083E-01  3.2284E-03 -2.9238E-01
  1.1398E-01 -2.9468E-01  3.2913E-03 -2.9741E-01
  1.1504E-01 -2.9857E-01  3.3556E-03 -3.0252E-01
  1.1611E-01 -3.0250E-01  3.4211E-03 -3.0771E-01
  1.1719E-01 -3.0646E-01  3.4879E-03 -3.1298E-01
  1.1829E-01 -3.1046E-01  3.5562E-03 -3.1833E-01
  1.1939E-01 -3.1450E-01  3.6258E-03 -3.2376E-01
  1.2050E-01 -3.1857E-01  3.6968E-03 -3.2927E-01
  1.2162E-01 -3.2268E-01  3.7693E-03 -3.3487E-01
  1.2275E-01 -3.2683E-01  3.8432E-03 -3.4055E-01
  1.2389E-01 -3.3102E-01  3.9187E-03 -3.4632E-01
  1.2504E-01 -3.3524E-01  3.9957E-03 -3.5218E-01
  1.2620E-01 -3.3949E-01  4.0743E-03 -3.5812E-01
  1.2738E-01 -3.4379E-01  4.1545E-03 -3.6415E-01
  1.2856E-01 -3.4811E-01  4.2364E-03 -3.7027E-01
  1.2976E-01 -3.5248E-01  4.3199E-03 -3.7647E-01
  1.3097E-01 -3.5688E-01  4.4052E-03 -3.8277E-01
  1.3218E-01 -3.6131E-01  4.4922E-03 -3.8916E-01
  1.3341E-01 -3.6579E-01  4.5811E-03 -3.9565E-01
  1.3465E-01 -3.7029E-01  4.6718E-03 -4.0222E-01
  1.3591E-01 -3.7483E-01  4.7643E-03 -4.0889E-01
  1.3717E-01 -3.7941E-01  4.8588E-03 -4.1565E-01
  1.3845E-01 -3.8402E-01  4.9553E-03 -4.2251E-01
  1.3973E-01 -3.8866E-01  5.0537E-03 -4.2946E-01
  1.4103E-01 -3.9334E-01  5.1543E-03 -4.3651E-01
  1.4235E-01 -3.9805E-01  5.2569E-03 -4.4366E-01
  1.4367E-01 -4.0280E-01  5.3617E-03 -4.5090E-01
  1.4501E-01 -4.0757E-01  5.4687E-03 -4.5825E-01
  1.4635E-01 -4.1238E-01  5.5779E-03 -4.6569E-01
  1.4772E-01 -4.1722E-01  5.6895E-03 -4.7323E-01
  1.4909E-01 -4.2209E-01  5.8034E-03 -4.8087E-01
  1.5048E-01 -4.2699E-01  5.9197E-03 -4.8861E-01
  1.5188E-01 -4.3193E-01  6.0385E-03 -4.9645E-01
  1.5329E-01 -4.3689E-01  6.1598E-03 -5.0440E-01
  1.5471E-01 -4.4188E-01  6.2837E-03 -5.1244E-01
  1.5615E-01 -4.4690E-01  6.4102E-03 -5.2059E-01
  1.5761E-01 -4.5195E-01  6.5394E-03 -5.2884E-01
  1.5907E-01 -4.5703E-01  6.6714E-03 -5.3719E-01
  1.6055E-01 -4.6213E-01  6.8063E-03 -5.4564E-01
  1.6204E-01 -4.6726E-01  6.9440E-03 -5.5420E-01
  1.6355E-01 -4.7242E-01  7.0847E-03 -5.6286E-01
  1.6507E-01 -4.7760E-01  7.2284E-03 -5.7162E-01
  1.6661E-01 -4.8280E-01  7.3752E-03 -5.8049E-01
  1.6816E-01 -4.8803E-01  7.5252E-03 -5.8945E-01
  1.6972E-01 -4.9328E-01  7.6785E-03 -5.9852E-01
  1.7130E-01 -4.9856E-01  7.8350E-03 -6.0770E-01
  1.7289E-01 -5.0385E-01  7.9950E-03 -6.1697E-01
  1.7450E-01 -5.0917E-01  8.1585E-03 -6.2635E-01
  1.7612E-01 -5.1450E-01  8.3256E-03 -6.3582E-01
  1.7776E-01 -5.1985E-01  8.4963E-03 -6.4540E-01
  1.7942E-01 -5.2522E-01  8.6708E-03 -6.5508E-01
  1.8109E-01 -5.3061E-01  8.8491E-03 -6.6486E-01
  1.8277E-01 -5.3601E-01  9.0314E-03 -6.7474E-01
  1.8447E-01 -5.4143E-01  9.2176E-03 -6.8471E-01
  1.8619E-01 -5.4685E-01  9.4080E-03 -6.9478E-01
  1.8792E-01 -5.5230E-01  9.6027E-03 -7.0495E-01
  1.8966E-01 -5.5775E-01  9.8016E-03 -7.1521E-01
  1.9143E-01 -5.6321E-01  1.0005E-02 -7.2557E-01
  1.9321E-01 -5.6868E-01  1.0213E-02 -7.3601E-01
  1.9501E-01 -5.7416E-01  1.0426E-02 -7.4655E-01
  1.9682E-01 -5.7965E-01  1.0643E-02 -7.5718E-01
  1.9865E-01 -5.8514E-01  1.0865E-02 -7.6790E-01
  2.0050E-01 -5.9064E-01  1.1092E-02 -7.7870E-01
  2.0236E-01 -5.9613E-01  1.1325E-02 -7.8959E-01
  2.0425E-01 -6.0163E-01  1.1563E-02 -8.0055E-01
  2.0615E-01 -6.0713E-01  1.1806E-02 -8.1160E-01
  2.0806E-01 -6.1263E-01  1.2054E-02 -8.2273E-01
  2.1000E-01 -6.1812E-01  1.2309E-02 -8.3393E-01
  2.1195E-01 -6.2361E-01  1.2569E-02 -8.4520E-01
  2.1392E-01 -6.2909E-01  1.2835E-02 -8.5655E-01
  2.1591E-01 -6.3456E-01  1.3107E-02 -8.6796E-01
  2.1792E-01 -6.4002E-01  1.3385E-02 -8.7943E-01
  2.1995E-01 -6.4548E-01  1.3670E-02 -8.9097E-01
  2.2199E-01 -6.5092E-01  1.3962E-02 -9.0256E-01
  2.2406E-01 -6.5634E-01  1.4260E-02 -9.1421E-01
  2.2614E-01 -6.6175E-01  1.4565E-02 -9.2590E-01
  2.2824E-01 -6.6714E-01  1.4877E-02 -9.3765E-01
  2.3037E-01 -6.7251E-01  1.5197E-02 -9.4944E-01
  2.3251E-01 -6.7785E-01  1.5524E-02 -9.6126E-01
  2.3467E-01 -6.8318E-01  1.5859E-02 -9.7313E-01
  2.3686E-01 -6.8847E-01  1.6201E-02 -9.8502E-01
  2.3906E-01 -6.9374E-01  1.6552E-02 -9.9693E-01
  2.4128E-01 -6.9898E-01  1.6911E-02 -1.0089E+00
  2.4353E-01 -7.0419E-01  1.7278E-02 -1.0208E+00
  2.4579E-01 -7.0936E-01  1.7654E-02 -1.0328E+00
  2.4808E-01 -7.1450E-01  1.8040E-02 -1.0448E+00
  2.5038E-01 -7.1960E-01  1.8434E-02 -1.0567E+00
  2.5271E-01 -7.2465E-01  1.8838E-02 -1.0687E+00
  2.5506E-01 -7.2967E-01  1.9251E-02 -1.0806E+00
  2.5744E-01 -7.3464E-01  1.9675E-02 -1.0926E+00
  2.5983E-01 -7.3956E-01  2.0108E-02 -1.1045E+00
  2.6225E-01 -7.4443E-01  2.0553E-02 -1.1163E+00
  2.6469E-01 -7.4925E-01  2.1007E-02 -1.1282E+00
  2.6715E-01 -7.5401E-01  2.1473E-02 -1.1400E+00
  2.6963E-01 -7.5872E-01  2.1951E-02 -1.1517E+00
  2.7214E-01 -7.6336E-01  2.2440E-02 -1.1634E+00
  2.7467E-01 -7.6794E-01  2.2940E-02 -1.1750E+00
  2.7723E-01 -7.7246E-01  2.3454E-02 -1.1865E+00
  2.7981E-01 -7.7691E-01  2.3979E-02 -1.1980E+00
  2.8241E-01 -7.8129E-01  2.4518E-02 -1.2093E+00
  2.8503E-01 -7.8560E-01  2.5070E-02 -1.2206E+00
  2.8769E-01 -7.8983E-01  2.5636E-02 -1.2317E+00
  2.9036E-01 -7.9398E-01  2.6215E-02 -1.2428E+00
  2.9306E-01 -7.9805E-01  2.6810E-02 -1.2537E+00
  2.9579E-01 -8.0204E-01  2.7418E-02 -1.2645E+00
  2.9854E-01 -8.0594E-01  2.8043E-02 -1.2751E+00
  3.0132E-01 -8.0975E-01  2.8682E-02 -1.2856E+00
  3.0412E-01 -8.1346E-01  2.9338E-02 -1.2959E+00
  3.0695E-01 -8.1708E-01  3.0010E-02 -1.3061E+00
  3.0980E-01 -8.2060E-01  3.0700E-02 -1.3160E+00
  3.1268E-01 -8.2402E-01  3.1406E-02 -1.3258E+00
  3.1559E-01 -8.2733E-01  3.2131E-02 -1.3354E+00
  3.1853E-01 -8.3054E-01  3.2874E-02 -1.3448E+00
  3.2149E-01 -8.3363E-01  3.3636E-02 -1.3539E+00
  3.2448E-01 -8.3661E-01  3.4417E-02 -1.3628E+00
  3.2750E-01 -8.3947E-01  3.5218E-02 -1.3715E+00
  3.3054E-01 -8.4221E-01  3.6040E-02 -1.3800E+00
  3.3362E-01 -8.4483E-01  3.6882E-02 -1.3881E+00
  3.3672E-01 -8.4732E-01  3.7747E-02 -1.3961E+00
  3.3985E-01 -8.4967E-01  3.8633E-02 -1.4037E+00
  3.4301E-01 -8.5190E-01  3.9543E-02 -1.4111E+00
  3.4620E-01 -8.5398E-01  4.0476E-02 -1.4181E+00
  3.4942E-01 -8.5593E-01  4.1433E-02 -1.4249E+00
  3.5267E-01 -8.5773E-01  4.2415E-02 -1.4313E+00
  3.5595E-01 -8.5939E-01  4.3422E-02 -1.4374E+00
  3.5927E-01 -8.6089E-01  4.4455E-02 -1.4432E+00
  3.6261E-01 -8.6224E-01  4.5516E-02 -1.4486E+00
  3.6598E-01 -8.6343E-01  4.6604E-02 -1.4537E+00
  3.6938E-01 -8.6446E-01  4.7721E-02 -1.4585E+00
  3.7282E-01 -8.6533E-01  4.8867E-02 -1.4629E+00
  3.7629E-01 -8.6603E-01  5.0043E-02 -1.4669E+00
  3.7979E-01 -8.6655E-01  5.1250E-02 -1.4705E+00
  3.8332E-01 -8.6691E-01  5.2488E-02 -1.4738E+00
  3.8688E-01 -8.6708E-01  5.3760E-02 -1.4767E+00
  3.9048E-01 -8.6707E-01  5.5065E-02 -1.4792E+00
  3.9411E-01 -8.6688E-01  5.6404E-02 -1.4813E+00
  3.9778E-01 -8.6650E-01  5.7779E-02 -1.4830E+00
  4.0148E-01 -8.6593E-01  5.9190E-02 -1.4843E+00
  4.0521E-01 -8.6516E-01  6.0639E-02 -1.4853E+00
  4.0898E-01 -8.6419E-01  6.2126E-02 -1.4858E+00
  4.1279E-01 -8.6302E-01  6.3652E-02 -1.4859E+00
  4.1663E-01 -8.6164E-01  6.5220E-02 -1.4857E+00
  4.2050E-01 -8.6006E-01  6.6829E-02 -1.4850E+00
  4.2441E-01 -8.5826E-01  6.8481E-02 -1.4840E+00
  4.2836E-01 -8.5625E-01  7.0177E-02 -1.4826E+00
  4.3234E-01 -8.5402E-01  7.1918E-02 -1.4808E+00
  4.3637E-01 -8.5156E-01  7.3706E-02 -1.4786E+00
  4.4042E-01 -8.4888E-01  7.5542E-02 -1.4761E+00
  4.4452E-01 -8.4597E-01  7.7427E-02 -1.4733E+00
  4.4865E-01 -8.4283E-01  7.9362E-02 -1.4701E+00
  4.5283E-01 -8.3945E-01  8.1349E-02 -1.4666E+00
  4.5704E-01 -8.3583E-01  8.3390E-02 -1.4628E+00
  4.6129E-01 -8.3197E-01  8.5485E-02 -1.4587E+00
  4.6558E-01 -8.2787E-01  8.7637E-02 -1.4544E+00
  4.6991E-01 -8.2352E-01  8.9846E-02 -1.4498E+00
  4.7428E-01 -8.1892E-01  9.2114E-02 -1.4449E+00
  4.7869E-01 -8.1406E-01  9.4444E-02 -1.4399E+00
  4.8315E-01 -8.0894E-01  9.6835E-02 -1.4348E+00
  4.8764E-01 -8.0357E-01  9.9292E-02 -1.4294E+00
  4.9217E-01 -7.9793E-01  1.0181E-01 -1.4240E+00
  4.9675E-01 -7.9203E-01  1.0440E-01 -1.4185E+00
  5.0137E-01 -7.8586E-01  1.0706E-01 -1.4129E+00
  5.0604E-01 -7.7942E-01  1.0979E-01 -1.4074E+00
  5.1074E-01 -7.7270E-01  1.1260E-01 -1.4018E+00
  5.1549E-01 -7.6571E-01  1.1547E-01 -1.3964E+00
  5.2029E-01 -7.5844E-01  1.1843E-01 -1.3910E+00
  5.2513E-01 -7.5089E-01  1.2146E-01 -1.3858E+00
  5.3001E-01 -7.4306E-01  1.2458E-01 -1.3809E+00
  5.3494E-01 -7.3494E-01  1.2778E-01 -1.3761E+00
  5.3992E-01 -7.2654E-01  1.3106E-01 -1.3717E+00
  5.4494E-01 -7.1784E-01  1.3443E-01 -1.3676E+00
  5.5001E-01 -7.0885E-01  1.3789E-01 -1.3640E+00
  5.5512E-01 -6.9957E-01  1.4145E-01 -1.3608E+00
  5.6029E-01 -6.9000E-01  1.4509E-01 -1.3581E+00
  5.6550E-01 -6.8013E-01  1.4883E-01 -1.3559E+00
  5.7076E-01 -6.6996E-01  1.5268E-01 -1.3545E+00
  5.7606E-01 -6.5949E-01  1.5662E-01 -1.3537E+00
  5.8142E-01 -6.4872E-01  1.6067E-01 -1.3536E+00
  5.8683E-01 -6.3765E-01  1.6482E-01 -1.3543E+00
  5.9229E-01 -6.2627E-01  1.6908E-01 -1.3559E+00
  5.9780E-01 -6.1459E-01  1.7345E-01 -1.3585E+00
  6.0336E-01 -6.0261E-01  1.7794E-01 -1.3620E+00
  6.0897E-01 -5.9032E-01  1.8254E-01 -1.3665E+00
  6.1463E-01 -5.7772E-01  1.8726E-01 -1.3721E+00
  6.2035E-01 -5.6482E-01  1.9210E-01 -1.3789E+00
  6.2612E-01 -5.5161E-01  1.9707E-01 -1.3868E+00
  6.3194E-01 -5.3809E-01  2.0217E-01 -1.3959E+00
  6.3782E-01 -5.2427E-01  2.0739E-01 -1.4064E+00
  6.4375E-01 -5.1014E-01  2.1275E-01 -1.4181E+00
  6.4974E-01 -4.9570E-01  2.1824E-01 -1.4312E+00
  6.5578E-01 -4.8096E-01  2.2387E-01 -1.4456E+00
  6.6188E-01 -4.6591E-01  2.2964E-01 -1.4615E+00
  6.6804E-01 -4.5056E-01  2.3556E-01 -1.4787E+00
  6.7425E-01 -4.3490E-01  2.4162E-01 -1.4973E+00
  6.8053E-01 -4.1895E-01  2.4783E-01 -1.5174E+00
  6.8685E-01 -4.0269E-01  2.5420E-01 -1.5388E+00
  6.9324E-01 -3.8614E-01  2.6072E-01 -1.5617E+00
  6.9969E-01 -3.6929E-01  2.6739E-01 -1.5859E+00
  7.0620E-01 -3.5214E-01  2.7423E-01 -1.6113E+00
  7.1277E-01 -3.3471E-01  2.8124E-01 -1.6381E+00
  7.1940E-01 -3.1698E-01  2.8840E-01 -1.6660E+00
  7.2609E-01 -2.9897E-01  2.9574E-01 -1.6950E+00
  7.3284E-01 -2.8067E-01  3.0325E-01 -1.7250E+00
  7.3966E-01 -2.6210E-01  3.1094E-01 -1.7559E+00
  7.4654E-01 -2.4325E-01  3.1880E-01 -1.7876E+00
  7.5348E-01 -2.2412E-01  3.2684E-01 -1.8199E+00
  7.6049E-01 -2.0473E-01  3.3506E-01 -1.8526E+00
  7.6756E-01 -1.8508E-01  3.4346E-01 -1.8856E+00
  7.7470E-01 -1.6517E-01  3.5206E-01 -1.9186E+00
  7.8191E-01 -1.4500E-01  3.6084E-01 -1.9516E+00
  7.8918E-01 -1.2458E-01  3.6981E-01 -1.9841E+00
  7.9652E-01 -1.0392E-01  3.7897E-01 -2.0159E+00
  8.0393E-01 -8.3030E-02  3.8832E-01 -2.0468E+00
  8.1140E-01 -6.1905E-02  3.9788E-01 -2.0765E+00
  8.1895E-01 -4.0556E-02  4.0762E-01 -2.1045E+00
  8.2657E-01 -1.8991E-02  4.1757E-01 -2.1307E+00
  8.3426E-01  2.7827E-03  4.2772E-01 -2.1545E+00
  8.4202E-01  2.4758E-02  4.3806E-01 -2.1757E+00
  8.4985E-01  4.6926E-02  4.4860E-01 -2.1938E+00
  8.5775E-01  6.9279E-02  4.5935E-01 -2.2084E+00
  8.6573E-01  9.1807E-02  4.7029E-01 -2.2190E+00
  8.7378E-01  1.1450E-01  4.8144E-01 -2.2253E+00
  8.8191E-01  1.3735E-01  4.9278E-01 -2.2266E+00
  8.9011E-01  1.6035E-01  5.0432E-01 -2.2226E+00
  8.9839E-01  1.8348E-01  5.1606E-01 -2.2127E+00
  9.0675E-01  2.0674E-01  5.2800E-01 -2.1965E+00
  9.1518E-01  2.3011E-01  5.4012E-01 -2.1734E+00
  9.2369E-01  2.5358E-01  5.5244E-01 -2.1430E+00
  9.3228E-01  2.7714E-01  5.6495E-01 -2.1047E+00
  9.4095E-01  3.0078E-01  5.7764E-01 -2.0580E+00
  9.4971E-01  3.2448E-01  5.9051E-01 -2.0025E+00
  9.5854E-01  3.4823E-01  6.0355E-01 -1.9378E+00
  9.6745E-01  3.7201E-01  6.1677E-01 -1.8633E+00
  9.7645E-01  3.9581E-01  6.3015E-01 -1.7786E+00
  9.8554E-01  4.1961E-01  6.4369E-01 -1.6835E+00
  9.9470E-01  4.4340E-01  6.5738E-01 -1.5775E+00
  1.0040E+00  4.6716E-01  6.7121E-01 -1.4605E+00
  1.0133E+00  4.9088E-01  6.8519E-01 -1.3321E+00
  1.0227E+00  5.1454E-01  6.9928E-01 -1.1921E+00
  1.0322E+00  5.3811E-01  7.1350E-01 -1.0407E+00
  1.0418E+00  5.6158E-01  7.2782E-01 -8.7758E-01
  1.0515E+00  5.8494E-01  7.4224E-01 -7.0301E-01
  1.0613E+00  6.0815E-01  7.5673E-01 -5.1714E-01
  1.0712E+00  6.3121E-01  7.7130E-01 -3.2024E-01
  1.0811E+00  6.5409E-01  7.8592E-01 -1.1273E-01
  1.0912E+00  6.7676E-01  8.0059E-01  1.0486E-01
  1.1013E+00  6.9921E-01  8.1527E-01  3.3185E-01
  1.1116E+00  7.2142E-01  8.2997E-01  5.6745E-01
  1.1219E+00  7.4336E-01  8.4465E-01  8.1069E-01
  1.1324E+00  7.6500E-01  8.5930E-01  1.0605E+00
  1.1429E+00  7.8633E-01  8.7390E-01  1.3155E+00
  1.1535E+00  8.0732E-01  8.8843E-01  1.5744E+00
  1.1642E+00  8.2794E-01  9.0286E-01  1.8355E+00
  1.1751E+00  8.4816E-01  9.1717E-01  2.0970E+00
  1.1860E+00  8.6797E-01  9.3134E-01  2.3570E+00
  1.1970E+00  8.8733E-01  9.4534E-01  2.6134E+00
  1.2082E+00  9.0622E-01  9.5915E-01  2.8640E+00
  1.2194E+00  9.2461E-01  9.7272E-01  3.1062E+00
  1.2307E+00  9.4247E-01  9.8604E-01  3.3375E+00
  1.2422E+00  9.5978E-01  9.9908E-01  3.5553E+00
  1.2537E+00  9.7649E-01  1.0118E+00  3.7566E+00
  1.2654E+00  9.9259E-01  1.0242E+00  3.9388E+00
  1.2772E+00  1.0080E+00  1.0361E+00  4.0988E+00
  1.2891E+00  1.0228E+00  1.0477E+00  4.2337E+00
  1.3010E+00  1.0369E+00  1.0588E+00  4.3407E+00
  1.3131E+00  1.0502E+00  1.0694E+00  4.4170E+00
  1.3254E+00  1.0628E+00  1.0795E+00  4.4599E+00
  1.3377E+00  1.0745E+00  1.0890E+00  4.4670E+00
  1.3501E+00  1.0855E+00  1.0978E+00  4.4364E+00
  1.3627E+00  1.0955E+00  1.1061E+00  4.3664E+00
  1.3754E+00  1.1047E+00  1.1136E+00  4.2559E+00
  1.3882E+00  1.1130E+00  1.1204E+00  4.1045E+00
  1.4011E+00  1.1203E+00  1.1264E+00  3.9127E+00
  1.4141E+00  1.1266E+00  1.1316E+00  3.6819E+00
  1.4273E+00  1.1318E+00  1.1359E+00  3.4148E+00
  1.4405E+00  1.1361E+00  1.1393E+00  3.1156E+00
  1.4539E+00  1.1392E+00  1.1417E+00  2.7899E+00
  1.4674E+00  1.1412E+00  1.1432E+00  2.4456E+00
  1.4811E+00  1.1421E+00  1.1436E+00  2.0927E+00
  1.4949E+00  1.1418E+00  1.1429E+00  1.7442E+00
  1.5088E+00  1.1403E+00  1.1411E+00  1.4156E+00
  1.5228E+00  1.1376E+00  1.1382E+00  1.1285E+00
  1.5370E+00  1.1336E+00  1.1340E+00  8.8003E-01
  1.5513E+00  1.1284E+00  1.1286E+00  6.6834E-01
  1.5657E+00  1.1218E+00  1.1219E+00  4.9149E-01
  1.5803E+00  1.1139E+00  1.1140E+00  3.4716E-01
  1.5950E+00  1.1046E+00  1.1047E+00  2.3276E-01
  1.6098E+00  1.0940E+00  1.0940E+00  1.4544E-01
  1.6248E+00  1.0819E+00  1.0819E+00  8.2092E-02
  1.6399E+00  1.0684E+00  1.0684E+00  3.9365E-02
  1.6551E+00  1.0535E+00  1.0535E+00  1.3695E-02
  1.6705E+00  1.0372E+00  1.0372E+00  1.2963E-03
  1.6861E+00  1.0193E+00  1.0193E+00 -1.8506E-03
  1.7017E+00  1.0000E+00  1.0000E+00  0.0000E+00
  1.7176E+00  9.7919E-01  9.7919E-01  0.0000E+00
  1.7335E+00  9.5688E-01  9.5688E-01  0.0000E+00
  1.7497E+00  9.3307E-01  9.3307E-01  0.0000E+00
  1.7659E+00  9.0776E-01  9.0776E-01  0.0000E+00
  1.7824E+00  8.8094E-01  8.8094E-01  0.0000E+00
  1.7989E+00  8.5262E-01  8.5262E-01  0.0000E+00
  1.8157E+00  8.2280E-01  8.2280E-01  0.0000E+00
  1.8326E+00  7.9149E-01  7.9149E-01  0.0000E+00
  1.8496E+00  7.5872E-01  7.5872E-01  0.0000E+00
  1.8668E+00  7.2448E-01  7.2448E-01  0.0000E+00
  1.8842E+00  6.8881E-01  6.8881E-01  0.0000E+00
  1.9017E+00  6.5173E-01  6.5173E-01  0.0000E+00
  1.9194E+00  6.1326E-01  6.1326E-01  0.0000E+00
  1.9372E+00  5.7344E-01  5.7344E-01  0.0000E+00
  1.9553E+00  5.3230E-01  5.3230E-01  0.0000E+00
  1.9734E+00  4.8989E-01  4.8989E-01  0.0000E+00
  1.9918E+00  4.4625E-01  4.4625E-01  0.0000E+00
  2.0103E+00  4.0143E-01  4.0143E-01  0.0000E+00
  2.0290E+00  3.5548E-01  3.5548E-01  0.0000E+00
  2.0479E+00  3.0847E-01  3.0847E-01  0.0000E+00
  2.0669E+00  2.6045E-01  2.6045E-01  0.0000E+00
  2.0862E+00  2.1151E-01  2.1151E-01  0.0000E+00
  2.1056E+00  1.6171E-01  1.6171E-01  0.0000E+00
  2.1252E+00  1.1114E-01  1.1114E-01  0.0000E+00
  2.1449E+00  5.9887E-02  5.9887E-02  0.0000E+00
  2.1649E+00  8.0338E-03  8.0338E-03  0.0000E+00
  2.1850E+00 -4.4317E-02 -4.4317E-02  0.0000E+00
  2.2053E+00 -9.7064E-02 -9.7064E-02  0.0000E+00
  2.2258E+00 -1.5010E-01 -1.5010E-01  0.0000E+00
  2.2465E+00 -2.0330E-01 -2.0330E-01  0.0000E+00
  2.2674E+00 -2.5657E-01 -2.5657E-01  0.0000E+00
  2.2885E+00 -3.0976E-01 -3.0976E-01  0.0000E+00
  2.3098E+00 -3.6275E-01 -3.6275E-01  0.0000E+00
  2.3313E+00 -4.1540E-01 -4.1540E-01  0.0000E+00
  2.3530E+00 -4.6758E-01 -4.6758E-01  0.0000E+00
  2.3749E+00 -5.1914E-01 -5.1914E-01  0.0000E+00
  2.3970E+00 -5.6992E-01 -5.6992E-01  0.0000E+00
  2.4192E+00 -6.1979E-01 -6.1979E-01  0.0000E+00
  2.4417E+00 -6.6857E-01 -6.6857E-01  0.0000E+00
  2.4645E+00 -7.1611E-01 -7.1611E-01  0.0000E+00
  2.4874E+00 -7.6224E-01 -7.6224E-01  0.0000E+00
  2.5105E+00 -8.0680E-01 -8.0680E-01  0.0000E+00
  2.5339E+00 -8.4961E-01 -8.4961E-01  0.0000E+00
  2.5574E+00 -8.9051E-01 -8.9051E-01  0.0000E+00
  2.5812E+00 -9.2932E-01 -9.2932E-01  0.0000E+00
  2.6052E+00 -9.6587E-01 -9.6587E-01  0.0000E+00
  2.6295E+00 -9.9999E-01 -9.9999E-01  0.0000E+00
  2.6539E+00 -1.0315E+00 -1.0315E+00  0.0000E+00
  2.6786E+00 -1.0602E+00 -1.0602E+00  0.0000E+00
  2.7035E+00 -1.0860E+00 -1.0860E+00  0.0000E+00
