 -5.0000E+00  1.6144E+00  1.6201E+00
 -4.9500E+00  1.5855E+00  1.5911E+00
 -4.9000E+00  1.5552E+00  1.5607E+00
 -4.8500E+00  1.5234E+00  1.5288E+00
 -4.8000E+00  1.4899E+00  1.4952E+00
 -4.7500E+00  1.4545E+00  1.4596E+00
 -4.7000E+00  1.4170E+00  1.4219E+00
 -4.6500E+00  1.3769E+00  1.3817E+00
 -4.6000E+00  1.3341E+00  1.3388E+00
 -4.5500E+00  1.2881E+00  1.2926E+00
 -4.5000E+00  1.2384E+00  1.2427E+00
 -4.4500E+00  1.1844E+00  1.1885E+00
 -4.4000E+00  1.1253E+00  1.1292E+00
 -4.3500E+00  1.0602E+00  1.0639E+00
 -4.3000E+00  9.8792E-01  9.9144E-01
 -4.2500E+00  9.0692E-01  9.1021E-01
 -4.2000E+00  8.1521E-01  8.1825E-01
 -4.1500E+00  7.1012E-01  7.1289E-01
 -4.1000E+00  5.8802E-01  5.9050E-01
 -4.0500E+00  4.4384E-01  4.4599E-01
 -4.0000E+00  2.7024E-01  2.7205E-01
 -3.9500E+00  5.6242E-02  5.7665E-02
 -3.9000E+00 -2.1539E-01 -2.1439E-01
 -3.8500E+00 -5.7337E-01 -5.7280E-01
 -3.8000E+00 -1.0692E+00 -1.0691E+00
 -3.7500E+00 -1.8059E+00 -1.8059E+00
 -3.7000E+00 -3.0225E+00 -3.0217E+00
 -3.6500E+00 -5.4318E+00 -5.4257E+00
 -3.6000E+00 -1.2542E+01 -1.2491E+01
 -3.5500E+00 -7.3788E+02 -5.6025E+02
 -3.5000E+00  1.6685E+01  1.6831E+01
 -3.4500E+00  9.1406E+00  9.1904E+00
 -3.4000E+00  6.6507E+00  6.6799E+00
 -3.3500E+00  5.4056E+00  5.4264E+00
 -3.3000E+00  4.6554E+00  4.6718E+00
 -3.2500E+00  4.1518E+00  4.1656E+00
 -3.2000E+00  3.7888E+00  3.8007E+00
 -3.1500E+00  3.5135E+00  3.5241E+00
 -3.1000E+00  3.2966E+00  3.3062E+00
 -3.0500E+00  3.1205E+00  3.1293E+00
 -3.0000E+00  2.9740E+00  2.9822E+00
 -2.9500E+00  2.8498E+00  2.8574E+00
 -2.9000E+00  2.7426E+00  2.7497E+00
 -2.8500E+00  2.6488E+00  2.6555E+00
 -2.8000E+00  2.5657E+00  2.5720E+00
 -2.7500E+00  2.4912E+00  2.4972E+00
 -2.7000E+00  2.4239E+00  2.4296E+00
 -2.6500E+00  2.3624E+00  2.3679E+00
 -2.6000E+00  2.3060E+00  2.3112E+00
 -2.5500E+00  2.2538E+00  2.2587E+00
 -2.5000E+00  2.2051E+00  2.2099E+00
 -2.4500E+00  2.1596E+00  2.1641E+00
 -2.4000E+00  2.1167E+00  2.1211E+00
 -2.3500E+00  2.0762E+00  2.0803E+00
 -2.3000E+00  2.0377E+00  2.0417E+00
 -2.2500E+00  2.0010E+00  2.0048E+00
 -2.2000E+00  1.9659E+00  1.9695E+00
 -2.1500E+00  1.9322E+00  1.9357E+00
 -2.1000E+00  1.8998E+00  1.9031E+00
 -2.0500E+00  1.8685E+00  1.8716E+00
 -2.0000E+00  1.8381E+00  1.8411E+00
 -1.9500E+00  1.8087E+00  1.8115E+00
 -1.9000E+00  1.7801E+00  1.7828E+00
 -1.8500E+00  1.7522E+00  1.7547E+00
 -1.8000E+00  1.7249E+00  1.7273E+00
 -1.7500E+00  1.6982E+00  1.7005E+00
 -1.7000E+00  1.6721E+00  1.6743E+00
 -1.6500E+00  1.6465E+00  1.6485E+00
 -1.6000E+00  1.6212E+00  1.6232E+00
 -1.5500E+00  1.5964E+00  1.5982E+00
 -1.5000E+00  1.5720E+00  1.5736E+00
 -1.4500E+00  1.5478E+00  1.5494E+00
 -1.4000E+00  1.5239E+00  1.5254E+00
 -1.3500E+00  1.5004E+00  1.5017E+00
 -1.3000E+00  1.4770E+00  1.4782E+00
 -1.2500E+00  1.4538E+00  1.4550E+00
 -1.2000E+00  1.4309E+00  1.4319E+00
 -1.1500E+00  1.4081E+00  1.4091E+00
 -1.1000E+00  1.3854E+00  1.3863E+00
 -1.0500E+00  1.3629E+00  1.3637E+00
 -1.0000E+00  1.3405E+00  1.3412E+00
 -9.5000E-01  1.3182E+00  1.3189E+00
 -9.0000E-01  1.2960E+00  1.2966E+00
 -8.5000E-01  1.2739E+00  1.2744E+00
 -8.0000E-01  1.2518E+00  1.2522E+00
 -7.5000E-01  1.2298E+00  1.2301E+00
 -7.0000E-01  1.2078E+00  1.2080E+00
 -6.5000E-01  1.1858E+00  1.1860E+00
 -6.0000E-01  1.1638E+00  1.1640E+00
 -5.5000E-01  1.1418E+00  1.1420E+00
 -5.0000E-01  1.1199E+00  1.1200E+00
 -4.5000E-01  1.0979E+00  1.0980E+00
 -4.0000E-01  1.0759E+00  1.0759E+00
 -3.5000E-01  1.0538E+00  1.0539E+00
 -3.0000E-01  1.0318E+00  1.0318E+00
 -2.5000E-01  1.0096E+00  1.0096E+00
 -2.0000E-01  9.8746E-01  9.8746E-01
 -1.5000E-01  9.6521E-01  9.6522E-01
 -1.0000E-01  9.4290E-01  9.4291E-01
 -5.0000E-02  9.2050E-01  9.2054E-01
  0.0000E+00  8.9803E-01  8.9809E-01
  5.0000E-02  8.7546E-01  8.7556E-01
  1.0000E-01  8.5279E-01  8.5294E-01
  1.5000E-01  8.3002E-01  8.3023E-01
  2.0000E-01  8.0714E-01  8.0741E-01
  2.5000E-01  7.8414E-01  7.8449E-01
  3.0000E-01  7.6102E-01  7.6145E-01
  3.5000E-01  7.3777E-01  7.3830E-01
  4.0000E-01  7.1439E-01  7.1502E-01
  4.5000E-01  6.9086E-01  6.9161E-01
  5.0000E-01  6.6718E-01  6.6807E-01
  5.5000E-01  6.4335E-01  6.4438E-01
  6.0000E-01  6.1935E-01  6.2055E-01
  6.5000E-01  5.9519E-01  5.9656E-01
  7.0000E-01  5.7085E-01  5.7242E-01
  7.5000E-01  5.4634E-01  5.4811E-01
  8.0000E-01  5.2163E-01  5.2362E-01
  8.5000E-01  4.9673E-01  4.9897E-01
  9.0000E-01  4.7164E-01  4.7413E-01
  9.5000E-01  4.4633E-01  4.4910E-01
  1.0000E+00  4.2081E-01  4.2388E-01
  1.0500E+00  3.9507E-01  3.9846E-01
  1.1000E+00  3.6910E-01  3.7283E-01
  1.1500E+00  3.4290E-01  3.4699E-01
  1.2000E+00  3.1645E-01  3.2093E-01
  1.2500E+00  2.8975E-01  2.9464E-01
  1.3000E+00  2.6279E-01  2.6813E-01
  1.3500E+00  2.3557E-01  2.4137E-01
  1.4000E+00  2.0808E-01  2.1437E-01
  1.4500E+00  1.8030E-01  1.8712E-01
  1.5000E+00  1.5223E-01  1.5961E-01
  1.5500E+00  1.2386E-01  1.3183E-01
  1.6000E+00  9.5180E-02  1.0378E-01
  1.6500E+00  6.6184E-02  7.5446E-02
  1.7000E+00  3.6862E-02  4.6824E-02
  1.7500E+00  7.2020E-03  1.7906E-02
  1.8000E+00 -2.2805E-02 -1.1317E-02
  1.8500E+00 -5.3168E-02 -4.0854E-02
  1.9000E+00 -8.3900E-02 -7.0711E-02
  1.9500E+00 -1.1501E-01 -1.0090E-01
  2.0000E+00 -1.4651E-01 -1.3143E-01
  2.0500E+00 -1.7841E-01 -1.6230E-01
  2.1000E+00 -2.1073E-01 -1.9354E-01
  2.1500E+00 -2.4347E-01 -2.2514E-01
  2.2000E+00 -2.7665E-01 -2.5712E-01
  2.2500E+00 -3.1029E-01 -2.8948E-01
  2.3000E+00 -3.4439E-01 -3.2225E-01
  2.3500E+00 -3.7897E-01 -3.5543E-01
  2.4000E+00 -4.1405E-01 -3.8902E-01
  2.4500E+00 -4.4964E-01 -4.2305E-01
  2.5000E+00 -4.8576E-01 -4.5752E-01
  2.5500E+00 -5.2242E-01 -4.9246E-01
  2.6000E+00 -5.5965E-01 -5.2786E-01
  2.6500E+00 -5.9745E-01 -5.6374E-01
  2.7000E+00 -6.3585E-01 -6.0012E-01
  2.7500E+00 -6.7488E-01 -6.3702E-01
  2.8000E+00 -7.1454E-01 -6.7444E-01
  2.8500E+00 -7.5486E-01 -7.1240E-01
  2.9000E+00 -7.9586E-01 -7.5092E-01
  2.9500E+00 -8.3757E-01 -7.9001E-01
  3.0000E+00 -8.8001E-01 -8.2969E-01
  3.0500E+00 -9.2320E-01 -8.6998E-01
  3.1000E+00 -9.6718E-01 -9.1090E-01
  3.1500E+00 -1.0120E+00 -9.5246E-01
  3.2000E+00 -1.0576E+00 -9.9470E-01
  3.2500E+00 -1.1041E+00 -1.0376E+00
  3.3000E+00 -1.1515E+00 -1.0812E+00
  3.3500E+00 -1.1998E+00 -1.1256E+00
  3.4000E+00 -1.2491E+00 -1.1707E+00
  3.4500E+00 -1.2994E+00 -1.2166E+00
  3.5000E+00 -1.3507E+00 -1.2633E+00
  3.5500E+00 -1.4032E+00 -1.3108E+00
  3.6000E+00 -1.4567E+00 -1.3592E+00
  3.6500E+00 -1.5114E+00 -1.4084E+00
  3.7000E+00 -1.5674E+00 -1.4586E+00
  3.7500E+00 -1.6246E+00 -1.5097E+00
  3.8000E+00 -1.6831E+00 -1.5618E+00
  3.8500E+00 -1.7430E+00 -1.6149E+00
  3.9000E+00 -1.8044E+00 -1.6691E+00
  3.9500E+00 -1.8672E+00 -1.7243E+00
  4.0000E+00 -1.9316E+00 -1.7807E+00
  4.0500E+00 -1.9977E+00 -1.8383E+00
  4.1000E+00 -2.0654E+00 -1.8970E+00
  4.1500E+00 -2.1350E+00 -1.9570E+00
  4.2000E+00 -2.2064E+00 -2.0183E+00
  4.2500E+00 -2.2797E+00 -2.0810E+00
  4.3000E+00 -2.3551E+00 -2.1450E+00
  4.3500E+00 -2.4327E+00 -2.2106E+00
  4.4000E+00 -2.5125E+00 -2.2776E+00
  4.4500E+00 -2.5947E+00 -2.3462E+00
  4.5000E+00 -2.6794E+00 -2.4165E+00
  4.5500E+00 -2.7667E+00 -2.4884E+00
  4.6000E+00 -2.8568E+00 -2.5622E+00
  4.6500E+00 -2.9498E+00 -2.6378E+00
  4.7000E+00 -3.0458E+00 -2.7154E+00
  4.7500E+00 -3.1452E+00 -2.7949E+00
  4.8000E+00 -3.2479E+00 -2.8766E+00
  4.8500E+00 -3.3543E+00 -2.9605E+00
  4.9000E+00 -3.4645E+00 -3.0468E+00
  4.9500E+00 -3.5788E+00 -3.1354E+00
