  0.0000000E+00 -6.03528276907228878E-01
  2.8818375E-08 -6.03528276907371986E-01
  5.7885899E-08 -6.03528276907393080E-01
  8.7204727E-08 -6.03528276907395300E-01
  1.1677703E-07 -6.03528276907416616E-01
  1.4660500E-07 -6.03528276907429162E-01
  1.7669085E-07 -6.03528276907451366E-01
  2.0703681E-07 -6.03528276907470795E-01
  2.3764513E-07 -6.03528276907494554E-01
  2.6851806E-07 -6.03528276907529748E-01
  2.9965791E-07 -6.03528276907561945E-01
  3.3106699E-07 -6.03528276907601358E-01
  3.6274760E-07 -6.03528276907644989E-01
  3.9470212E-07 -6.03528276907691286E-01
  4.2693289E-07 -6.03528276907743910E-01
  4.5944232E-07 -6.03528276907800532E-01
  4.9223281E-07 -6.03528276907860706E-01
  5.2530679E-07 -6.03528276907927985E-01
  5.5866671E-07 -6.03528276907998928E-01
  5.9231505E-07 -6.03528276908074424E-01
  6.2625429E-07 -6.03528276908155692E-01
  6.6048695E-07 -6.03528276908244066E-01
  6.9501558E-07 -6.03528276908335992E-01
  7.2984272E-07 -6.03528276908430805E-01
  7.6497096E-07 -6.03528276908535277E-01
  8.0040290E-07 -6.03528276908646077E-01
  8.3614116E-07 -6.03528276908759431E-01
  8.7218841E-07 -6.03528276908881667E-01
  9.0854730E-07 -6.03528276909010675E-01
  9.4522053E-07 -6.03528276909146122E-01
  9.8221082E-07 -6.03528276909284678E-01
  1.0195209E-06 -6.03528276909433781E-01
  1.0571536E-06 -6.03528276909589323E-01
  1.0951116E-06 -6.03528276909749750E-01
  1.1333978E-06 -6.03528276909918948E-01
  1.1720149E-06 -6.03528276910095474E-01
  1.2109660E-06 -6.03528276910277550E-01
  1.2502538E-06 -6.03528276910469175E-01
  1.2898812E-06 -6.03528276910667905E-01
  1.3298513E-06 -6.03528276910876404E-01
  1.3701669E-06 -6.03528276911090011E-01
  1.4108311E-06 -6.03528276911316053E-01
  1.4518468E-06 -6.03528276911549755E-01
  1.4932171E-06 -6.03528276911793005E-01
  1.5349451E-06 -6.03528276912042250E-01
  1.5770339E-06 -6.03528276912303596E-01
  1.6194865E-06 -6.03528276912573380E-01
  1.6623062E-06 -6.03528276912853823E-01
  1.7054961E-06 -6.03528276913145034E-01
  1.7490593E-06 -6.03528276913445572E-01
  1.7929992E-06 -6.03528276913756323E-01
  1.8373190E-06 -6.03528276914077511E-01
  1.8820219E-06 -6.03528276914409023E-01
  1.9271114E-06 -6.03528276914750306E-01
  1.9725906E-06 -6.03528276915103912E-01
  2.0184630E-06 -6.03528276915469064E-01
  2.0647321E-06 -6.03528276915845763E-01
  2.1114011E-06 -6.03528276916235118E-01
  2.1584736E-06 -6.03528276916636242E-01
  2.2059531E-06 -6.03528276917048911E-01
  2.2538431E-06 -6.03528276917474238E-01
  2.3021471E-06 -6.03528276917913886E-01
  2.3508687E-06 -6.03528276918368745E-01
  2.4000115E-06 -6.03528276918836371E-01
  2.4495792E-06 -6.03528276919315543E-01
  2.4995755E-06 -6.03528276919811923E-01
  2.5500040E-06 -6.03528276920319184E-01
  2.6008684E-06 -6.03528276920843765E-01
  2.6521726E-06 -6.03528276921381002E-01
  2.7039204E-06 -6.03528276921935003E-01
  2.7561156E-06 -6.03528276922505325E-01
  2.8087620E-06 -6.03528276923091189E-01
  2.8618635E-06 -6.03528276923692930E-01
  2.9154242E-06 -6.03528276924312101E-01
  2.9694479E-06 -6.03528276924948814E-01
  3.0239387E-06 -6.03528276925601737E-01
  3.0789005E-06 -6.03528276926270979E-01
  3.1343376E-06 -6.03528276926960427E-01
  3.1902539E-06 -6.03528276927668861E-01
  3.2466537E-06 -6.03528276928394836E-01
  3.3035410E-06 -6.03528276929142238E-01
  3.3609202E-06 -6.03528276929906848E-01
  3.4187955E-06 -6.03528276930689778E-01
  3.4771711E-06 -6.03528276931494578E-01
  3.5360514E-06 -6.03528276932323138E-01
  3.5954407E-06 -6.03528276933172125E-01
  3.6553435E-06 -6.03528276934038210E-01
  3.7157642E-06 -6.03528276934932606E-01
  3.7767073E-06 -6.03528276935845875E-01
  3.8381772E-06 -6.03528276936783903E-01
  3.9001786E-06 -6.03528276937746466E-01
  3.9627160E-06 -6.03528276938731456E-01
  4.0257941E-06 -6.03528276939740760E-01
  4.0894175E-06 -6.03528276940777042E-01
  4.1535910E-06 -6.03528276941837416E-01
  4.2183193E-06 -6.03528276942925213E-01
  4.2836072E-06 -6.03528276944035769E-01
  4.3494596E-06 -6.03528276945177411E-01
  4.4158813E-06 -6.03528276946347808E-01
  4.4828772E-06 -6.03528276947543740E-01
  4.5504523E-06 -6.03528276948768871E-01
  4.6186117E-06 -6.03528276950026199E-01
  4.6873603E-06 -6.03528276951310838E-01
  4.7567033E-06 -6.03528276952626896E-01
  4.8266459E-06 -6.03528276953974818E-01
  4.8971931E-06 -6.03528276955353715E-01
  4.9683502E-06 -6.03528276956766474E-01
  5.0401225E-06 -6.03528276958207432E-01
  5.1125153E-06 -6.03528276959685361E-01
  5.1855340E-06 -6.03528276961198373E-01
  5.2591840E-06 -6.03528276962744581E-01
  5.3334707E-06 -6.03528276964326094E-01
  5.4083996E-06 -6.03528276965942356E-01
  5.4839764E-06 -6.03528276967597810E-01
  5.5602066E-06 -6.03528276969291011E-01
  5.6370958E-06 -6.03528276971021849E-01
  5.7146497E-06 -6.03528276972790545E-01
  5.7928742E-06 -6.03528276974600653E-01
  5.8717749E-06 -6.03528276976450617E-01
  5.9513578E-06 -6.03528276978343770E-01
  6.0316287E-06 -6.03528276980277667E-01
  6.1125936E-06 -6.03528276982256640E-01
  6.1942585E-06 -6.03528276984276579E-01
  6.2766294E-06 -6.03528276986344814E-01
  6.3597124E-06 -6.03528276988458345E-01
  6.4435138E-06 -6.03528276990618173E-01
  6.5280396E-06 -6.03528276992822743E-01
  6.6132963E-06 -6.03528276995080604E-01
  6.6992900E-06 -6.03528276997383650E-01
  6.7860272E-06 -6.03528276999739433E-01
  6.8735142E-06 -6.03528277002144953E-01
  6.9617576E-06 -6.03528277004604097E-01
  7.0507640E-06 -6.03528277007116865E-01
  7.1405398E-06 -6.03528277009684033E-01
  7.2310918E-06 -6.03528277012306269E-01
  7.3224267E-06 -6.03528277014984682E-01
  7.4145512E-06 -6.03528277017720383E-01
  7.5074722E-06 -6.03528277020515147E-01
  7.6011965E-06 -6.03528277023367421E-01
  7.6957311E-06 -6.03528277026284976E-01
  7.7910830E-06 -6.03528277029261595E-01
  7.8872593E-06 -6.03528277032301164E-01
  7.9842671E-06 -6.03528277035405125E-01
  8.0821135E-06 -6.03528277038573591E-01
  8.1808059E-06 -6.03528277041810557E-01
  8.2803515E-06 -6.03528277045114914E-01
  8.3807578E-06 -6.03528277048489659E-01
  8.4820321E-06 -6.03528277051934015E-01
  8.5841820E-06 -6.03528277055448759E-01
  8.6872150E-06 -6.03528277059037555E-01
  8.7911388E-06 -6.03528277062702623E-01
  8.8959611E-06 -6.03528277066443852E-01
  9.0016896E-06 -6.03528277070260910E-01
  9.1083322E-06 -6.03528277074156128E-01
  9.2158968E-06 -6.03528277078134390E-01
  9.3243913E-06 -6.03528277082193143E-01
  9.4338238E-06 -6.03528277086334275E-01
  9.5442024E-06 -6.03528277090560117E-01
  9.6555353E-06 -6.03528277094874999E-01
  9.7678308E-06 -6.03528277099275479E-01
  9.8810970E-06 -6.03528277103767996E-01
  9.9953426E-06 -6.03528277108351219E-01
  1.0110576E-05 -6.03528277113028366E-01
  1.0226805E-05 -6.03528277117799439E-01
  1.0344040E-05 -6.03528277122667989E-01
  1.0462288E-05 -6.03528277127635016E-01
  1.0581558E-05 -6.03528277132703184E-01
  1.0701859E-05 -6.03528277137872049E-01
  1.0823201E-05 -6.03528277143145608E-01
  1.0945591E-05 -6.03528277148525194E-01
  1.1069040E-05 -6.03528277154013360E-01
  1.1193556E-05 -6.03528277159608662E-01
  1.1319148E-05 -6.03528277165318983E-01
  1.1445826E-05 -6.03528277171140659E-01
  1.1573600E-05 -6.03528277177079575E-01
  1.1702478E-05 -6.03528277183137618E-01
  1.1832470E-05 -6.03528277189315565E-01
  1.1963586E-05 -6.03528277195617302E-01
  1.2095836E-05 -6.03528277202043717E-01
  1.2229229E-05 -6.03528277208597586E-01
  1.2363775E-05 -6.03528277215279463E-01
  1.2499485E-05 -6.03528277222097786E-01
  1.2636368E-05 -6.03528277229046894E-01
  1.2774434E-05 -6.03528277236134780E-01
  1.2913694E-05 -6.03528277243360445E-01
  1.3054158E-05 -6.03528277250731549E-01
  1.3195836E-05 -6.03528277258245538E-01
  1.3338739E-05 -6.03528277265904523E-01
  1.3482878E-05 -6.03528277273716718E-01
  1.3628262E-05 -6.03528277281680570E-01
  1.3774904E-05 -6.03528277289799964E-01
  1.3922813E-05 -6.03528277298075788E-01
  1.4072002E-05 -6.03528277306514926E-01
  1.4222480E-05 -6.03528277315120154E-01
  1.4374259E-05 -6.03528277323892026E-01
  1.4527350E-05 -6.03528277332829766E-01
  1.4681765E-05 -6.03528277341947694E-01
  1.4837514E-05 -6.03528277351237152E-01
  1.4994611E-05 -6.03528277360708132E-01
  1.5153065E-05 -6.03528277370363408E-01
  1.5312890E-05 -6.03528277380204647E-01
  1.5474096E-05 -6.03528277390236512E-01
  1.5636696E-05 -6.03528277400461111E-01
  1.5800701E-05 -6.03528277410882885E-01
  1.5966125E-05 -6.03528277421504278E-01
  1.6132978E-05 -6.03528277432331284E-01
  1.6301275E-05 -6.03528277443364791E-01
  1.6471026E-05 -6.03528277454608353E-01
  1.6642245E-05 -6.03528277466071406E-01
  1.6814944E-05 -6.03528277477752284E-01
  1.6989136E-05 -6.03528277489656428E-01
  1.7164834E-05 -6.03528277501788279E-01
  1.7342051E-05 -6.03528277514151945E-01
  1.7520801E-05 -6.03528277526752976E-01
  1.7701095E-05 -6.03528277539592817E-01
  1.7882949E-05 -6.03528277552674131E-01
  1.8066374E-05 -6.03528277566008353E-01
  1.8251386E-05 -6.03528277579592820E-01
  1.8437997E-05 -6.03528277593436413E-01
  1.8626221E-05 -6.03528277607545571E-01
  1.8816073E-05 -6.03528277621919407E-01
  1.9007566E-05 -6.03528277636564470E-01
  1.9200714E-05 -6.03528277651488643E-01
  1.9395533E-05 -6.03528277666695145E-01
  1.9592035E-05 -6.03528277682189418E-01
  1.9790237E-05 -6.03528277697974680E-01
  1.9990152E-05 -6.03528277714057926E-01
  2.0191795E-05 -6.03528277730444596E-01
  2.0395182E-05 -6.03528277747140685E-01
  2.0600327E-05 -6.03528277764147303E-01
  2.0807246E-05 -6.03528277781479328E-01
  2.1015954E-05 -6.03528277799133428E-01
  2.1226466E-05 -6.03528277817120373E-01
  2.1438798E-05 -6.03528277835445603E-01
  2.1652966E-05 -6.03528277854112560E-01
  2.1868985E-05 -6.03528277873130015E-01
  2.2086872E-05 -6.03528277892503406E-01
  2.2306643E-05 -6.03528277912239397E-01
  2.2528313E-05 -6.03528277932345092E-01
  2.2751901E-05 -6.03528277952827485E-01
  2.2977421E-05 -6.03528277973687244E-01
  2.3204891E-05 -6.03528277994940576E-01
  2.3434327E-05 -6.03528278016588260E-01
  2.3665748E-05 -6.03528278038639732E-01
  2.3899168E-05 -6.03528278061103651E-01
  2.4134607E-05 -6.03528278083983016E-01
  2.4372082E-05 -6.03528278107289373E-01
  2.4611609E-05 -6.03528278131026608E-01
  2.4853208E-05 -6.03528278155209708E-01
  2.5096895E-05 -6.03528278179837341E-01
  2.5342689E-05 -6.03528278204922497E-01
  2.5590608E-05 -6.03528278230474280E-01
  2.5840670E-05 -6.03528278256498685E-01
  2.6092894E-05 -6.03528278283004038E-01
  2.6347299E-05 -6.03528278310001776E-01
  2.6603903E-05 -6.03528278337496338E-01
  2.6862726E-05 -6.03528278365503157E-01
  2.7123786E-05 -6.03528278394020568E-01
  2.7387104E-05 -6.03528278423067999E-01
  2.7652698E-05 -6.03528278452651112E-01
  2.7920588E-05 -6.03528278482778124E-01
  2.8190794E-05 -6.03528278513460248E-01
  2.8463336E-05 -6.03528278544706143E-01
  2.8738235E-05 -6.03528278576529909E-01
  2.9015510E-05 -6.03528278608936541E-01
  2.9295182E-05 -6.03528278641938920E-01
  2.9577272E-05 -6.03528278675548480E-01
  2.9861801E-05 -6.03528278709776655E-01
  3.0148790E-05 -6.03528278744630664E-01
  3.0438260E-05 -6.03528278780124272E-01
  3.0730233E-05 -6.03528278816268915E-01
  3.1024730E-05 -6.03528278853075806E-01
  3.1321773E-05 -6.03528278890556935E-01
  3.1621384E-05 -6.03528278928723960E-01
  3.1923586E-05 -6.03528278967589871E-01
  3.2228400E-05 -6.03528279007166768E-01
  3.2535849E-05 -6.03528279047464866E-01
  3.2845957E-05 -6.03528279088499819E-01
  3.3158745E-05 -6.03528279130284617E-01
  3.3474238E-05 -6.03528279172834137E-01
  3.3792458E-05 -6.03528279216157260E-01
  3.4113430E-05 -6.03528279260273082E-01
  3.4437176E-05 -6.03528279305193038E-01
  3.4763722E-05 -6.03528279350932451E-01
  3.5093090E-05 -6.03528279397502976E-01
  3.5425306E-05 -6.03528279444922600E-01
  3.5760395E-05 -6.03528279493202091E-01
  3.6098380E-05 -6.03528279542363322E-01
  3.6439287E-05 -6.03528279592416061E-01
  3.6783142E-05 -6.03528279643380294E-01
  3.7129969E-05 -6.03528279695269898E-01
  3.7479795E-05 -6.03528279748102969E-01
  3.7832646E-05 -6.03528279801893608E-01
  3.8188547E-05 -6.03528279856660133E-01
  3.8547525E-05 -6.03528279912421084E-01
  3.8909606E-05 -6.03528279969192116E-01
  3.9274818E-05 -6.03528280026991104E-01
  3.9643187E-05 -6.03528280085838142E-01
  4.0014741E-05 -6.03528280145753437E-01
  4.0389508E-05 -6.03528280206749423E-01
  4.0767514E-05 -6.03528280268850081E-01
  4.1148789E-05 -6.03528280332076950E-01
  4.1533359E-05 -6.03528280396446792E-01
  4.1921255E-05 -6.03528280461978262E-01
  4.2312504E-05 -6.03528280528691785E-01
  4.2707136E-05 -6.03528280596615008E-01
  4.3105179E-05 -6.03528280665760697E-01
  4.3506664E-05 -6.03528280736157163E-01
  4.3911620E-05 -6.03528280807822948E-01
  4.4320076E-05 -6.03528280880781698E-01
  4.4732065E-05 -6.03528280955055618E-01
  4.5147615E-05 -6.03528281030669578E-01
  4.5566757E-05 -6.03528281107643116E-01
  4.5989524E-05 -6.03528281186004212E-01
  4.6415945E-05 -6.03528281265774957E-01
  4.6846053E-05 -6.03528281346988216E-01
  4.7279879E-05 -6.03528281429658420E-01
  4.7717457E-05 -6.03528281513814102E-01
  4.8158817E-05 -6.03528281599485572E-01
  4.8603993E-05 -6.03528281686696477E-01
  4.9053018E-05 -6.03528281775474351E-01
  4.9505924E-05 -6.03528281865848060E-01
  4.9962747E-05 -6.03528281957844359E-01
  5.0423519E-05 -6.03528282051492893E-01
  5.0888274E-05 -6.03528282146823525E-01
  5.1357048E-05 -6.03528282243864456E-01
  5.1829874E-05 -6.03528282342644218E-01
  5.2306789E-05 -6.03528282443199671E-01
  5.2787826E-05 -6.03528282545555017E-01
  5.3273022E-05 -6.03528282649743786E-01
  5.3762413E-05 -6.03528282755801060E-01
  5.4256035E-05 -6.03528282863757926E-01
  5.4753925E-05 -6.03528282973647356E-01
  5.5256119E-05 -6.03528283085505657E-01
  5.5762655E-05 -6.03528283199365467E-01
  5.6273570E-05 -6.03528283315262981E-01
  5.6788902E-05 -6.03528283433232726E-01
  5.7308689E-05 -6.03528283553312783E-01
  5.7832971E-05 -6.03528283675539678E-01
  5.8361785E-05 -6.03528283799952936E-01
  5.8895171E-05 -6.03528283926588194E-01
  5.9433168E-05 -6.03528284055484088E-01
  5.9975817E-05 -6.03528284186682140E-01
  6.0523157E-05 -6.03528284320224651E-01
  6.1075229E-05 -6.03528284456150810E-01
  6.1632074E-05 -6.03528284594503472E-01
  6.2193733E-05 -6.03528284735322718E-01
  6.2760248E-05 -6.03528284878655619E-01
  6.3331661E-05 -6.03528285024542810E-01
  6.3908014E-05 -6.03528285173032808E-01
  6.4489350E-05 -6.03528285324169134E-01
  6.5075712E-05 -6.03528285477997639E-01
  6.5667143E-05 -6.03528285634568840E-01
  6.6263687E-05 -6.03528285793929364E-01
  6.6865389E-05 -6.03528285956129951E-01
  6.7472293E-05 -6.03528286121215118E-01
  6.8084444E-05 -6.03528286289240268E-01
  6.8701887E-05 -6.03528286460254582E-01
  6.9324669E-05 -6.03528286634313127E-01
  6.9952835E-05 -6.03528286811467640E-01
  7.0586431E-05 -6.03528286991774299E-01
  7.1225505E-05 -6.03528287175283618E-01
  7.1870105E-05 -6.03528287362059990E-01
  7.2520277E-05 -6.03528287552152043E-01
  7.3176070E-05 -6.03528287745626391E-01
  7.3837533E-05 -6.03528287942535324E-01
  7.4504715E-05 -6.03528288142943126E-01
  7.5177665E-05 -6.03528288346910635E-01
  7.5856433E-05 -6.03528288554498804E-01
  7.6541069E-05 -6.03528288765773802E-01
  7.7231624E-05 -6.03528288980798466E-01
  7.7928149E-05 -6.03528289199638523E-01
  7.8630696E-05 -6.03528289422361364E-01
  7.9339317E-05 -6.03528289649035488E-01
  8.0054065E-05 -6.03528289879731838E-01
  8.0774991E-05 -6.03528290114516364E-01
  8.1502151E-05 -6.03528290353464780E-01
  8.2235597E-05 -6.03528290596648698E-01
  8.2975385E-05 -6.03528290844140280E-01
  8.3721568E-05 -6.03528291096021352E-01
  8.4474202E-05 -6.03528291352363633E-01
  8.5233343E-05 -6.03528291613245282E-01
  8.5999047E-05 -6.03528291878748235E-01
  8.6771371E-05 -6.03528292148950318E-01
  8.7550373E-05 -6.03528292423939794E-01
  8.8336109E-05 -6.03528292703796043E-01
  8.9128638E-05 -6.03528292988606330E-01
  8.9928019E-05 -6.03528293278453698E-01
  9.0734312E-05 -6.03528293573430519E-01
  9.1547575E-05 -6.03528293873624611E-01
  9.2367869E-05 -6.03528294179129454E-01
  9.3195255E-05 -6.03528294490035533E-01
  9.4029794E-05 -6.03528294806440102E-01
  9.4871548E-05 -6.03528295128434311E-01
  9.5720579E-05 -6.03528295456123853E-01
  9.6576951E-05 -6.03528295789603986E-01
  9.7440727E-05 -6.03528296128975628E-01
  9.8311970E-05 -6.03528296474343140E-01
  9.9190746E-05 -6.03528296825811772E-01
  1.0007712E-04 -6.03528297183486218E-01
  1.0097116E-04 -6.03528297547477055E-01
  1.0187292E-04 -6.03528297917897527E-01
  1.0278248E-04 -6.03528298294856880E-01
  1.0369991E-04 -6.03528298678467134E-01
  1.0462527E-04 -6.03528299068852414E-01
  1.0555862E-04 -6.03528299466122964E-01
  1.0650005E-04 -6.03528299870403351E-01
  1.0744962E-04 -6.03528300281815366E-01
  1.0840739E-04 -6.03528300700481024E-01
  1.0937345E-04 -6.03528301126535660E-01
  1.1034786E-04 -6.03528301560101954E-01
  1.1133069E-04 -6.03528302001312356E-01
  1.1232202E-04 -6.03528302450299536E-01
  1.1332192E-04 -6.03528302907201941E-01
  1.1433046E-04 -6.03528303372156905E-01
  1.1534772E-04 -6.03528303845302427E-01
  1.1637378E-04 -6.03528304326791609E-01
  1.1740871E-04 -6.03528304816757566E-01
  1.1845259E-04 -6.03528305315358282E-01
  1.1950549E-04 -6.03528305822739974E-01
  1.2056750E-04 -6.03528306339058185E-01
  1.2163868E-04 -6.03528306864465569E-01
  1.2271913E-04 -6.03528307399124886E-01
  1.2380892E-04 -6.03528307943198117E-01
  1.2490813E-04 -6.03528308496847354E-01
  1.2601684E-04 -6.03528309060240908E-01
  1.2713514E-04 -6.03528309633549309E-01
  1.2826311E-04 -6.03528310216945196E-01
  1.2940082E-04 -6.03528310810607760E-01
  1.3054838E-04 -6.03528311414713525E-01
  1.3170585E-04 -6.03528312029446234E-01
  1.3287334E-04 -6.03528312654988630E-01
  1.3405091E-04 -6.03528313291532670E-01
  1.3523867E-04 -6.03528313939271865E-01
  1.3643670E-04 -6.03528314598398952E-01
  1.3764508E-04 -6.03528315269112881E-01
  1.3886391E-04 -6.03528315951619709E-01
  1.4009328E-04 -6.03528316646119500E-01
  1.4133328E-04 -6.03528317352825527E-01
  1.4258399E-04 -6.03528318071950509E-01
  1.4384552E-04 -6.03528318803713826E-01
  1.4511796E-04 -6.03528319548331305E-01
  1.4640140E-04 -6.03528320306030874E-01
  1.4769593E-04 -6.03528321077040686E-01
  1.4900166E-04 -6.03528321861593220E-01
  1.5031867E-04 -6.03528322659926064E-01
  1.5164707E-04 -6.03528323472275252E-01
  1.5298696E-04 -6.03528324298887697E-01
  1.5433842E-04 -6.03528325140015198E-01
  1.5570158E-04 -6.03528325995910109E-01
  1.5707652E-04 -6.03528326866829334E-01
  1.5846334E-04 -6.03528327753034111E-01
  1.5986216E-04 -6.03528328654792556E-01
  1.6127307E-04 -6.03528329572376676E-01
  1.6269617E-04 -6.03528330506062693E-01
  1.6413158E-04 -6.03528331456130496E-01
  1.6557940E-04 -6.03528332422866187E-01
  1.6703974E-04 -6.03528333406560757E-01
  1.6851270E-04 -6.03528334407507527E-01
  1.6999840E-04 -6.03528335426014362E-01
  1.7149694E-04 -6.03528336462381687E-01
  1.7300844E-04 -6.03528337516925029E-01
  1.7453300E-04 -6.03528338589960134E-01
  1.7607075E-04 -6.03528339681808190E-01
  1.7762179E-04 -6.03528340792799933E-01
  1.7918624E-04 -6.03528341923267542E-01
  1.8076421E-04 -6.03528343073551077E-01
  1.8235583E-04 -6.03528344243995374E-01
  1.8396121E-04 -6.03528345434953484E-01
  1.8558047E-04 -6.03528346646784897E-01
  1.8721372E-04 -6.03528347879850213E-01
  1.8886110E-04 -6.03528349134521691E-01
  1.9052272E-04 -6.03528350411176140E-01
  1.9219870E-04 -6.03528351710196587E-01
  1.9388918E-04 -6.03528353031974274E-01
  1.9559427E-04 -6.03528354376903442E-01
  1.9731410E-04 -6.03528355745393208E-01
  1.9904880E-04 -6.03528357137847027E-01
  2.0079850E-04 -6.03528358554688116E-01
  2.0256332E-04 -6.03528359996341135E-01
  2.0434340E-04 -6.03528361463236629E-01
  2.0613887E-04 -6.03528362955817577E-01
  2.0794987E-04 -6.03528364474529067E-01
  2.0977652E-04 -6.03528366019827733E-01
  2.1161896E-04 -6.03528367592177761E-01
  2.1347734E-04 -6.03528369192051883E-01
  2.1535178E-04 -6.03528370819927829E-01
  2.1724242E-04 -6.03528372476293873E-01
  2.1914941E-04 -6.03528374161647063E-01
  2.2107289E-04 -6.03528375876491441E-01
  2.2301300E-04 -6.03528377621341816E-01
  2.2496988E-04 -6.03528379396724546E-01
  2.2694367E-04 -6.03528381203167097E-01
  2.2893454E-04 -6.03528383041214922E-01
  2.3094261E-04 -6.03528384911414695E-01
  2.3296805E-04 -6.03528386814330964E-01
  2.3501099E-04 -6.03528388750529055E-01
  2.3707160E-04 -6.03528390720593388E-01
  2.3915003E-04 -6.03528392725112273E-01
  2.4124642E-04 -6.03528394764688891E-01
  2.4336094E-04 -6.03528396839929315E-01
  2.4549374E-04 -6.03528398951457934E-01
  2.4764497E-04 -6.03528401099906686E-01
  2.4981481E-04 -6.03528403285920612E-01
  2.5200340E-04 -6.03528405510148636E-01
  2.5421092E-04 -6.03528407773264552E-01
  2.5643752E-04 -6.03528410075938826E-01
  2.5868338E-04 -6.03528412418862903E-01
  2.6094864E-04 -6.03528414802739110E-01
  2.6323350E-04 -6.03528417228282876E-01
  2.6553810E-04 -6.03528419696215734E-01
  2.6786264E-04 -6.03528422207276649E-01
  2.7020726E-04 -6.03528424762219906E-01
  2.7257216E-04 -6.03528427361809339E-01
  2.7495751E-04 -6.03528430006820216E-01
  2.7736347E-04 -6.03528432698044681E-01
  2.7979024E-04 -6.03528435436290978E-01
  2.8223799E-04 -6.03528438222374231E-01
  2.8470690E-04 -6.03528441057128218E-01
  2.8719716E-04 -6.03528443941400372E-01
  2.8970894E-04 -6.03528446876056668E-01
  2.9224244E-04 -6.03528449861968408E-01
  2.9479784E-04 -6.03528452900033652E-01
  2.9737534E-04 -6.03528455991158785E-01
  2.9997512E-04 -6.03528459136268736E-01
  3.0259738E-04 -6.03528462336300420E-01
  3.0524231E-04 -6.03528465592213625E-01
  3.0791010E-04 -6.03528468904979021E-01
  3.1060096E-04 -6.03528472275589145E-01
  3.1331508E-04 -6.03528475705051193E-01
  3.1605267E-04 -6.03528479194388234E-01
  3.1881393E-04 -6.03528482744640660E-01
  3.2159906E-04 -6.03528486356874616E-01
  3.2440826E-04 -6.03528490032163467E-01
  3.2724176E-04 -6.03528493771608110E-01
  3.3009975E-04 -6.03528497576327871E-01
  3.3298245E-04 -6.03528501447456511E-01
  3.3589007E-04 -6.03528505386148550E-01
  3.3882283E-04 -6.03528509393579160E-01
  3.4178094E-04 -6.03528513470953820E-01
  3.4476463E-04 -6.03528517619481453E-01
  3.4777412E-04 -6.03528521840403398E-01
  3.5080962E-04 -6.03528526134978760E-01
  3.5387137E-04 -6.03528530504493288E-01
  3.5695959E-04 -6.03528534950248829E-01
  3.6007451E-04 -6.03528539473572545E-01
  3.6321635E-04 -6.03528544075811357E-01
  3.6638536E-04 -6.03528548758344052E-01
  3.6958177E-04 -6.03528553522567290E-01
  3.7280581E-04 -6.03528558369900270E-01
  3.7605773E-04 -6.03528563301793386E-01
  3.7933776E-04 -6.03528568319712799E-01
  3.8264615E-04 -6.03528573425160531E-01
  3.8598314E-04 -6.03528578619655809E-01
  3.8934898E-04 -6.03528583904752725E-01
  3.9274392E-04 -6.03528589282025463E-01
  3.9616821E-04 -6.03528594753077297E-01
  3.9962210E-04 -6.03528600319544917E-01
  4.0310586E-04 -6.03528605983084887E-01
  4.0661973E-04 -6.03528611745387744E-01
  4.1016399E-04 -6.03528617608169116E-01
  4.1373888E-04 -6.03528623573180045E-01
  4.1734469E-04 -6.03528629642200110E-01
  4.2098166E-04 -6.03528635817040526E-01
  4.2465009E-04 -6.03528642099539936E-01
  4.2835022E-04 -6.03528648491570618E-01
  4.3208235E-04 -6.03528654995037939E-01
  4.3584674E-04 -6.03528661611886452E-01
  4.3964367E-04 -6.03528668344085140E-01
  4.4347344E-04 -6.03528675193639841E-01
  4.4733631E-04 -6.03528682162594032E-01
  4.5123258E-04 -6.03528689253023720E-01
  4.5516254E-04 -6.03528696467043324E-01
  4.5912647E-04 -6.03528703806804456E-01
  4.6312467E-04 -6.03528711274494256E-01
  4.6715744E-04 -6.03528718872337722E-01
  4.7122507E-04 -6.03528726602596377E-01
  4.7532787E-04 -6.03528734467577599E-01
  4.7946614E-04 -6.03528742469624513E-01
  4.8364019E-04 -6.03528750611119436E-01
  4.8785033E-04 -6.03528758894490203E-01
  4.9209686E-04 -6.03528767322201842E-01
  4.9638011E-04 -6.03528775896770786E-01
  5.0070039E-04 -6.03528784620748882E-01
  5.0505802E-04 -6.03528793496734051E-01
  5.0945332E-04 -6.03528802527370845E-01
  5.1388663E-04 -6.03528811715349667E-01
  5.1835826E-04 -6.03528821063407106E-01
  5.2286855E-04 -6.03528830574327158E-01
  5.2741784E-04 -6.03528840250944332E-01
  5.3200645E-04 -6.03528850096138769E-01
  5.3663474E-04 -6.03528860112842458E-01
  5.4130304E-04 -6.03528870304039899E-01
  5.4601170E-04 -6.03528880672763557E-01
  5.5076107E-04 -6.03528891222105734E-01
  5.5555150E-04 -6.03528901955202257E-01
  5.6038334E-04 -6.03528912875252788E-01
  5.6525696E-04 -6.03528923985509835E-01
  5.7017272E-04 -6.03528935289278201E-01
  5.7513097E-04 -6.03528946789922527E-01
  5.8013209E-04 -6.03528958490871292E-01
  5.8517645E-04 -6.03528970395601494E-01
  5.9026442E-04 -6.03528982507662404E-01
  5.9539638E-04 -6.03528994830657028E-01
  6.0057270E-04 -6.03529007368256432E-01
  6.0579378E-04 -6.03529020124188631E-01
  6.1105999E-04 -6.03529033102252477E-01
  6.1637174E-04 -6.03529046306313210E-01
  6.2172941E-04 -6.03529059740295359E-01
  6.2713339E-04 -6.03529073408202388E-01
  6.3258410E-04 -6.03529087314096602E-01
  6.3808193E-04 -6.03529101462119577E-01
  6.4362730E-04 -6.03529115856481391E-01
  6.4922060E-04 -6.03529130501466060E-01
  6.5486227E-04 -6.03529145401429323E-01
  6.6055271E-04 -6.03529160560807076E-01
  6.6629234E-04 -6.03529175984108046E-01
  6.7208160E-04 -6.03529191675924781E-01
  6.7792091E-04 -6.03529207640923770E-01
  6.8381070E-04 -6.03529223883854438E-01
  6.8975141E-04 -6.03529240409546364E-01
  6.9574348E-04 -6.03529257222923166E-01
  7.0178736E-04 -6.03529274328979626E-01
  7.0788349E-04 -6.03529291732809337E-01
  7.1403232E-04 -6.03529309439584827E-01
  7.2023432E-04 -6.03529327454576214E-01
  7.2648993E-04 -6.03529345783142546E-01
  7.3279963E-04 -6.03529364430735571E-01
  7.3916387E-04 -6.03529383402901742E-01
  7.4558314E-04 -6.03529402705281659E-01
  7.5205791E-04 -6.03529422343619837E-01
  7.5858865E-04 -6.03529442323752940E-01
  7.6517586E-04 -6.03529462651626991E-01
  7.7182001E-04 -6.03529483333284711E-01
  7.7852161E-04 -6.03529504374875736E-01
  7.8528115E-04 -6.03529525782660170E-01
  7.9209913E-04 -6.03529547563001256E-01
  7.9897605E-04 -6.03529569722378145E-01
  8.0591242E-04 -6.03529592267376569E-01
  8.1290877E-04 -6.03529615204705161E-01
  8.1996560E-04 -6.03529638541178248E-01
  8.2708344E-04 -6.03529662283739610E-01
  8.3426282E-04 -6.03529686439446822E-01
  8.4150427E-04 -6.03529711015480697E-01
  8.4880832E-04 -6.03529736019146057E-01
  8.5617552E-04 -6.03529761457879510E-01
  8.6360641E-04 -6.03529787339243673E-01
  8.7110155E-04 -6.03529813670932169E-01
  8.7866149E-04 -6.03529840460769185E-01
  8.8628679E-04 -6.03529867716721569E-01
  8.9397801E-04 -6.03529895446890396E-01
  9.0173573E-04 -6.03529923659522072E-01
  9.0956051E-04 -6.03529952362996447E-01
  9.1745295E-04 -6.03529981565850804E-01
  9.2541362E-04 -6.03530011276761646E-01
  9.3344311E-04 -6.03530041504562131E-01
  9.4154202E-04 -6.03530072258235406E-01
  9.4971095E-04 -6.03530103546919716E-01
  9.5795051E-04 -6.03530135379917065E-01
  9.6626130E-04 -6.03530167766687331E-01
  9.7464394E-04 -6.03530200716855925E-01
  9.8309906E-04 -6.03530234240215457E-01
  9.9162727E-04 -6.03530268346724186E-01
  1.0002292E-03 -6.03530303046520666E-01
  1.0089055E-03 -6.03530338349917761E-01
  1.0176569E-03 -6.03530374267404857E-01
  1.0264838E-03 -6.03530410809654527E-01
  1.0353871E-03 -6.03530447987523755E-01
  1.0443674E-03 -6.03530485812061701E-01
  1.0534253E-03 -6.03530524294504489E-01
  1.0625615E-03 -6.03530563446288859E-01
  1.0717767E-03 -6.03530603279047173E-01
  1.0810716E-03 -6.03530643804612077E-01
  1.0904469E-03 -6.03530685035026271E-01
  1.0999031E-03 -6.03530726982538068E-01
  1.1094412E-03 -6.03530769659611832E-01
  1.1190617E-03 -6.03530813078923756E-01
  1.1287654E-03 -6.03530857253373298E-01
  1.1385529E-03 -6.03530902196086072E-01
  1.1484251E-03 -6.03530947920410510E-01
  1.1583827E-03 -6.03530994439928747E-01
  1.1684263E-03 -6.03531041768463394E-01
  1.1785568E-03 -6.03531089920071540E-01
  1.1887748E-03 -6.03531138909056297E-01
  1.1990812E-03 -6.03531188749969805E-01
  1.2094767E-03 -6.03531239457618662E-01
  1.2199621E-03 -6.03531291047062157E-01
  1.2305381E-03 -6.03531343533624809E-01
  1.2412055E-03 -6.03531396932893482E-01
  1.2519652E-03 -6.03531451260732821E-01
  1.2628179E-03 -6.03531506533276252E-01
  1.2737644E-03 -6.03531562766941865E-01
  1.2848056E-03 -6.03531619978427858E-01
  1.2959422E-03 -6.03531678184729858E-01
  1.3071751E-03 -6.03531737403129931E-01
  1.3185051E-03 -6.03531797651221669E-01
  1.3299331E-03 -6.03531858946887656E-01
  1.3414599E-03 -6.03531921308339991E-01
  1.3530863E-03 -6.03531984754091755E-01
  1.3648132E-03 -6.03532049302990314E-01
  1.3766416E-03 -6.03532114974198453E-01
  1.3885722E-03 -6.03532181787221789E-01
  1.4006059E-03 -6.03532249761897899E-01
  1.4127437E-03 -6.03532318918411192E-01
  1.4249864E-03 -6.03532389277297021E-01
  1.4373349E-03 -6.03532460859454001E-01
  1.4497903E-03 -6.03532533686127581E-01
  1.4623533E-03 -6.03532607778947017E-01
  1.4750249E-03 -6.03532683159913041E-01
  1.4878060E-03 -6.03532759851403311E-01
  1.5006977E-03 -6.03532837876192052E-01
  1.5137008E-03 -6.03532917257443846E-01
  1.5268164E-03 -6.03532998018728395E-01
  1.5400453E-03 -6.03533080184022630E-01
  1.5533886E-03 -6.03533163777721926E-01
  1.5668472E-03 -6.03533248824644430E-01
  1.5804223E-03 -6.03533335350036504E-01
  1.5941146E-03 -6.03533423379591150E-01
  1.6079254E-03 -6.03533512939437800E-01
  1.6218555E-03 -6.03533604056167627E-01
  1.6359061E-03 -6.03533696756830551E-01
  1.6500782E-03 -6.03533791068941672E-01
  1.6643728E-03 -6.03533887020503368E-01
  1.6787910E-03 -6.03533984639997856E-01
  1.6933338E-03 -6.03534083956405842E-01
  1.7080023E-03 -6.03534184999204415E-01
  1.7227977E-03 -6.03534287798393132E-01
  1.7377210E-03 -6.03534392384483920E-01
  1.7527733E-03 -6.03534498788521390E-01
  1.7679558E-03 -6.03534607042091498E-01
  1.7832695E-03 -6.03534717177324764E-01
  1.7987156E-03 -6.03534829226917924E-01
  1.8142952E-03 -6.03534943224122378E-01
  1.8300095E-03 -6.03535059202781277E-01
  1.8458597E-03 -6.03535177197316197E-01
  1.8618469E-03 -6.03535297242747237E-01
  1.8779724E-03 -6.03535419374704118E-01
  1.8942372E-03 -6.03535543629437288E-01
  1.9106427E-03 -6.03535670043828798E-01
  1.9271900E-03 -6.03535798655394529E-01
  1.9438804E-03 -6.03535929502303059E-01
  1.9607150E-03 -6.03536062623392766E-01
  1.9776952E-03 -6.03536198058173268E-01
  1.9948222E-03 -6.03536335846833194E-01
  2.0120973E-03 -6.03536476030269053E-01
  2.0295217E-03 -6.03536618650083678E-01
  2.0470968E-03 -6.03536763748598326E-01
  2.0648238E-03 -6.03536911368879880E-01
  2.0827041E-03 -6.03537061554733190E-01
  2.1007390E-03 -6.03537214350725826E-01
  2.1189298E-03 -6.03537369802204626E-01
  2.1372778E-03 -6.03537527955299469E-01
  2.1557845E-03 -6.03537688856941257E-01
  2.1744512E-03 -6.03537852554877796E-01
  2.1932792E-03 -6.03538019097683898E-01
  2.2122701E-03 -6.03538188534781361E-01
  2.2314251E-03 -6.03538360916449523E-01
  2.2507457E-03 -6.03538536293836803E-01
  2.2702334E-03 -6.03538714718984459E-01
  2.2898896E-03 -6.03538896244838252E-01
  2.3097156E-03 -6.03539080925257432E-01
  2.3297131E-03 -6.03539268815043384E-01
  2.3498835E-03 -6.03539459969943959E-01
  2.3702283E-03 -6.03539654446678675E-01
  2.3907489E-03 -6.03539852302951596E-01
  2.4114470E-03 -6.03540053597471093E-01
  2.4323240E-03 -6.03540258389955175E-01
  2.4533815E-03 -6.03540466741173898E-01
  2.4746211E-03 -6.03540678712939593E-01
  2.4960443E-03 -6.03540894368147285E-01
  2.5176527E-03 -6.03541113770776239E-01
  2.5394479E-03 -6.03541336985922161E-01
  2.5614315E-03 -6.03541564079815296E-01
  2.5836052E-03 -6.03541795119822977E-01
  2.6059706E-03 -6.03542030174493926E-01
  2.6285294E-03 -6.03542269313565360E-01
  2.6512832E-03 -6.03542512607980308E-01
  2.6742337E-03 -6.03542760129917477E-01
  2.6973827E-03 -6.03543011952814457E-01
  2.7207318E-03 -6.03543268151372270E-01
  2.7442827E-03 -6.03543528801599005E-01
  2.7680372E-03 -6.03543793980818144E-01
  2.7919972E-03 -6.03544063767697425E-01
  2.8161642E-03 -6.03544338242270051E-01
  2.8405402E-03 -6.03544617485958890E-01
  2.8651270E-03 -6.03544901581603233E-01
  2.8899263E-03 -6.03545190613475890E-01
  2.9149400E-03 -6.03545484667319387E-01
  2.9401700E-03 -6.03545783830358840E-01
  2.9656180E-03 -6.03546088191337926E-01
  2.9912862E-03 -6.03546397840543425E-01
  3.0171762E-03 -6.03546712869821200E-01
  3.0432900E-03 -6.03547033372625275E-01
  3.0696296E-03 -6.03547359444018716E-01
  3.0961970E-03 -6.03547691180726487E-01
  3.1229940E-03 -6.03548028681143767E-01
  3.1500227E-03 -6.03548372045384141E-01
  3.1772851E-03 -6.03548721375291142E-01
  3.2047832E-03 -6.03549076774479998E-01
  3.2325190E-03 -6.03549438348368050E-01
  3.2604946E-03 -6.03549806204198513E-01
  3.2887120E-03 -6.03550180451079776E-01
  3.3171735E-03 -6.03550561200012381E-01
  3.3458810E-03 -6.03550948563928547E-01
  3.3748366E-03 -6.03551342657714929E-01
  3.4040426E-03 -6.03551743598258694E-01
  3.4335011E-03 -6.03552151504474943E-01
  3.4632143E-03 -6.03552566497338572E-01
  3.4931844E-03 -6.03552988699936233E-01
  3.5234136E-03 -6.03553418237484429E-01
  3.5539041E-03 -6.03553855237372261E-01
  3.5846583E-03 -6.03554299829204388E-01
  3.6156783E-03 -6.03554752144836226E-01
  3.6469665E-03 -6.03555212318407808E-01
  3.6785252E-03 -6.03555680486394741E-01
  3.7103568E-03 -6.03556156787640075E-01
  3.7424635E-03 -6.03556641363393265E-01
  3.7748479E-03 -6.03557134357362801E-01
  3.8075122E-03 -6.03557635915746626E-01
  3.8404589E-03 -6.03558146187283873E-01
  3.8736905E-03 -6.03558665323297383E-01
  3.9072093E-03 -6.03559193477736344E-01
  3.9410180E-03 -6.03559730807222028E-01
  3.9751189E-03 -6.03560277471093976E-01
  4.0095147E-03 -6.03560833631462956E-01
  4.0442078E-03 -6.03561399453249270E-01
  4.0792008E-03 -6.03561975104236703E-01
  4.1144964E-03 -6.03562560755120603E-01
  4.1500972E-03 -6.03563156579570159E-01
  4.1860057E-03 -6.03563762754259492E-01
  4.2222247E-03 -6.03564379458934264E-01
  4.2587568E-03 -6.03565006876459753E-01
  4.2956048E-03 -6.03565645192873368E-01
  4.3327713E-03 -6.03566294597445818E-01
  4.3702592E-03 -6.03566955282733519E-01
  4.4080711E-03 -6.03567627444633104E-01
  4.4462100E-03 -6.03568311282447034E-01
  4.4846785E-03 -6.03569006998933899E-01
  4.5234797E-03 -6.03569714800370583E-01
  4.5626163E-03 -6.03570434896619878E-01
  4.6020913E-03 -6.03571167501186001E-01
  4.6419075E-03 -6.03571912831280644E-01
  4.6820680E-03 -6.03572671107879044E-01
  4.7225757E-03 -6.03573442555804140E-01
  4.7634336E-03 -6.03574227403771202E-01
  4.8046448E-03 -6.03575025884472538E-01
  4.8462122E-03 -6.03575838234640227E-01
  4.8881390E-03 -6.03576664695110732E-01
  4.9304283E-03 -6.03577505510900725E-01
  4.9730832E-03 -6.03578360931291358E-01
  5.0161069E-03 -6.03579231209876443E-01
  5.0595025E-03 -6.03580116604659933E-01
  5.1032733E-03 -6.03581017378125750E-01
  5.1474225E-03 -6.03581933797305736E-01
  5.1919535E-03 -6.03582866133873019E-01
  5.2368694E-03 -6.03583814664216844E-01
  5.2821736E-03 -6.03584779669523397E-01
  5.3278695E-03 -6.03585761435857626E-01
  5.3739605E-03 -6.03586760254250065E-01
  5.4204500E-03 -6.03587776420783206E-01
  5.4673414E-03 -6.03588810236681872E-01
  5.5146381E-03 -6.03589862008392042E-01
  5.5623438E-03 -6.03590932047685436E-01
  5.6104620E-03 -6.03592020671740559E-01
  5.6589961E-03 -6.03593128203245843E-01
  5.7079498E-03 -6.03594254970485355E-01
  5.7573268E-03 -6.03595401307440715E-01
  5.8071307E-03 -6.03596567553892238E-01
  5.8573651E-03 -6.03597754055519964E-01
  5.9080339E-03 -6.03598961163997583E-01
  5.9591407E-03 -6.03600189237106011E-01
  6.0106893E-03 -6.03601438638837307E-01
  6.0626836E-03 -6.03602709739489374E-01
  6.1151274E-03 -6.03604002915799298E-01
  6.1680247E-03 -6.03605318551035164E-01
  6.2213792E-03 -6.03606657035117622E-01
  6.2751950E-03 -6.03608018764734577E-01
  6.3294761E-03 -6.03609404143459427E-01
  6.3842265E-03 -6.03610813581865191E-01
  6.4394502E-03 -6.03612247497650301E-01
  6.4951514E-03 -6.03613706315761944E-01
  6.5513341E-03 -6.03615190468522744E-01
  6.6080026E-03 -6.03616700395755879E-01
  6.6651610E-03 -6.03618236544914200E-01
  6.7228135E-03 -6.03619799371218013E-01
  6.7809645E-03 -6.03621389337779313E-01
  6.8396183E-03 -6.03623006915757987E-01
  6.8987791E-03 -6.03624652584476284E-01
  6.9584514E-03 -6.03626326831581572E-01
  7.0186396E-03 -6.03628030153178896E-01
  7.0793481E-03 -6.03629763053976864E-01
  7.1405815E-03 -6.03631526047444300E-01
  7.2023443E-03 -6.03633319655959011E-01
  7.2646411E-03 -6.03635144410961999E-01
  7.3274765E-03 -6.03637000853107897E-01
  7.3908551E-03 -6.03638889532438161E-01
  7.4547816E-03 -6.03640811008535061E-01
  7.5192609E-03 -6.03642765850684326E-01
  7.5842975E-03 -6.03644754638051451E-01
  7.6498965E-03 -6.03646777959844116E-01
  7.7160626E-03 -6.03648836415492718E-01
  7.7828007E-03 -6.03650930614827663E-01
  7.8501158E-03 -6.03653061178254680E-01
  7.9180129E-03 -6.03655228736940885E-01
  7.9864970E-03 -6.03657433933002530E-01
  8.0555732E-03 -6.03659677419694285E-01
  8.1252466E-03 -6.03661959861592434E-01
  8.1955223E-03 -6.03664281934813030E-01
  8.2664056E-03 -6.03666644327187196E-01
  8.3379018E-03 -6.03669047738479292E-01
  8.4100160E-03 -6.03671492880593408E-01
  8.4827537E-03 -6.03673980477775207E-01
  8.5561203E-03 -6.03676511266825200E-01
  8.6301212E-03 -6.03679085997331999E-01
  8.7047618E-03 -6.03681705431873272E-01
  8.7800478E-03 -6.03684370346254329E-01
  8.8559846E-03 -6.03687081529734160E-01
  8.9325779E-03 -6.03689839785251592E-01
  9.0098335E-03 -6.03692645929674976E-01
  9.0877569E-03 -6.03695500794034001E-01
  9.1663540E-03 -6.03698405223759504E-01
  9.2456307E-03 -6.03701360078951144E-01
  9.3255927E-03 -6.03704366234612211E-01
  9.4062461E-03 -6.03707424580913421E-01
  9.4875967E-03 -6.03710536023466915E-01
  9.5696506E-03 -6.03713701483579723E-01
  9.6524140E-03 -6.03716921898526770E-01
  9.7358929E-03 -6.03720198221828652E-01
  9.8200935E-03 -6.03723531423544180E-01
  9.9050220E-03 -6.03726922490534279E-01
  9.9906849E-03 -6.03730372426773410E-01
  1.0077088E-02 -6.03733882253628673E-01
  1.0164239E-02 -6.03737453010176672E-01
  1.0252143E-02 -6.03741085753499607E-01
  1.0340806E-02 -6.03744781558997357E-01
  1.0430237E-02 -6.03748541520706117E-01
  1.0520440E-02 -6.03752366751624581E-01
  1.0611424E-02 -6.03756258384027356E-01
  1.0703194E-02 -6.03760217569823343E-01
  1.0795757E-02 -6.03764245480866935E-01
  1.0889121E-02 -6.03768343309325606E-01
  1.0983292E-02 -6.03772512268017536E-01
  1.1078277E-02 -6.03776753590772541E-01
  1.1174083E-02 -6.03781068532791898E-01
  1.1270717E-02 -6.03785458371029149E-01
  1.1368187E-02 -6.03789924404549927E-01
  1.1466500E-02 -6.03794467954928638E-01
  1.1565663E-02 -6.03799090366627378E-01
  1.1665682E-02 -6.03803793007392176E-01
  1.1766567E-02 -6.03808577268661884E-01
  1.1868324E-02 -6.03813444565968971E-01
  1.1970960E-02 -6.03818396339358632E-01
  1.2074484E-02 -6.03823434053821551E-01
  1.2178903E-02 -6.03828559199705905E-01
  1.2284225E-02 -6.03833773293170450E-01
  1.2390457E-02 -6.03839077876625718E-01
  1.2497608E-02 -6.03844474519184327E-01
  1.2605685E-02 -6.03849964817122831E-01
  1.2714696E-02 -6.03855550394352458E-01
  1.2824650E-02 -6.03861232902897727E-01
  1.2935555E-02 -6.03867014023374504E-01
  1.3047418E-02 -6.03872895465487725E-01
  1.3160248E-02 -6.03878878968535648E-01
  1.3274054E-02 -6.03884966301917236E-01
  1.3388844E-02 -6.03891159265647404E-01
  1.3504626E-02 -6.03897459690892591E-01
  1.3621410E-02 -6.03903869440504781E-01
  1.3739203E-02 -6.03910390409565623E-01
  1.3858014E-02 -6.03917024525944757E-01
  1.3977852E-02 -6.03923773750855819E-01
  1.4098727E-02 -6.03930640079451186E-01
  1.4220646E-02 -6.03937625541387746E-01
  1.4343620E-02 -6.03944732201427414E-01
  1.4467657E-02 -6.03951962160042433E-01
  1.4592766E-02 -6.03959317554030983E-01
  1.4718957E-02 -6.03966800557143246E-01
  1.4846238E-02 -6.03974413380711894E-01
  1.4974620E-02 -6.03982158274307235E-01
  1.5104113E-02 -6.03990037526388246E-01
  1.5234724E-02 -6.03998053464978923E-01
  1.5366465E-02 -6.04006208458343519E-01
  1.5499345E-02 -6.04014504915678430E-01
  1.5633373E-02 -6.04022945287817303E-01
  1.5768561E-02 -6.04031532067951016E-01
  1.5904917E-02 -6.04040267792352203E-01
  1.6042452E-02 -6.04049155041119556E-01
  1.6181176E-02 -6.04058196438916228E-01
  1.6321099E-02 -6.04067394655761203E-01
  1.6462232E-02 -6.04076752407793238E-01
  1.6604585E-02 -6.04086272458058682E-01
  1.6748169E-02 -6.04095957617324153E-01
  1.6892995E-02 -6.04105810744897553E-01
  1.7039072E-02 -6.04115834749457625E-01
  1.7186413E-02 -6.04126032589909601E-01
  1.7335027E-02 -6.04136407276230414E-01
  1.7484926E-02 -6.04146961870359434E-01
  1.7636121E-02 -6.04157699487085864E-01
  1.7788623E-02 -6.04168623294956353E-01
  1.7942443E-02 -6.04179736517193255E-01
  1.8097594E-02 -6.04191042432629999E-01
  1.8254086E-02 -6.04202544376677197E-01
  1.8411930E-02 -6.04214245742274669E-01
  1.8571140E-02 -6.04226149980889859E-01
  1.8731726E-02 -6.04238260603513044E-01
  1.8893700E-02 -6.04250581181682733E-01
  1.9057074E-02 -6.04263115348514401E-01
  1.9221861E-02 -6.04275866799762307E-01
  1.9388073E-02 -6.04288839294887414E-01
  1.9555722E-02 -6.04302036658142416E-01
  1.9724820E-02 -6.04315462779690615E-01
  1.9895380E-02 -6.04329121616727583E-01
  2.0067414E-02 -6.04343017194614029E-01
  2.0240936E-02 -6.04357153608065412E-01
  2.0415958E-02 -6.04371535022321993E-01
  2.0592493E-02 -6.04386165674349440E-01
  2.0770555E-02 -6.04401049874069174E-01
  2.0950156E-02 -6.04416192005608921E-01
  2.1131309E-02 -6.04431596528558157E-01
  2.1314029E-02 -6.04447267979259961E-01
  2.1498329E-02 -6.04463210972120302E-01
  2.1684222E-02 -6.04479430200938750E-01
  2.1871722E-02 -6.04495930440259510E-01
  2.2060843E-02 -6.04512716546746098E-01
  2.2251599E-02 -6.04529793460584997E-01
  2.2444004E-02 -6.04547166206899300E-01
  2.2638073E-02 -6.04564839897198114E-01
  2.2833819E-02 -6.04582819730857812E-01
  2.3031258E-02 -6.04601110996581759E-01
  2.3230404E-02 -6.04619719073961726E-01
  2.3431272E-02 -6.04638649434994568E-01
  2.3633876E-02 -6.04657907645649972E-01
  2.3838232E-02 -6.04677499367485938E-01
  2.4044354E-02 -6.04697430359251387E-01
  2.4252259E-02 -6.04717706478550387E-01
  2.4461961E-02 -6.04738333683502272E-01
  2.4673476E-02 -6.04759318034455706E-01
  2.4886819E-02 -6.04780665695719533E-01
  2.5102008E-02 -6.04802382937319138E-01
  2.5319056E-02 -6.04824476136797129E-01
  2.5537981E-02 -6.04846951781012221E-01
  2.5758799E-02 -6.04869816468004307E-01
  2.5981526E-02 -6.04893076908867622E-01
  2.6206178E-02 -6.04916739929666214E-01
  2.6432773E-02 -6.04940812473362510E-01
  2.6661327E-02 -6.04965301601803729E-01
  2.6891856E-02 -6.04990214497717949E-01
  2.7124379E-02 -6.05015558466760250E-01
  2.7358912E-02 -6.05041340939575401E-01
  2.7595472E-02 -6.05067569473911382E-01
  2.7834078E-02 -6.05094251756752022E-01
  2.8074747E-02 -6.05121395606490253E-01
  2.8317496E-02 -6.05149008975144453E-01
  2.8562344E-02 -6.05177099950599873E-01
  2.8809309E-02 -6.05205676758887701E-01
  2.9058409E-02 -6.05234747766510095E-01
  2.9309663E-02 -6.05264321482782752E-01
  2.9563089E-02 -6.05294406562250531E-01
  2.9818706E-02 -6.05325011807098634E-01
  3.0076533E-02 -6.05356146169635068E-01
  3.0336588E-02 -6.05387818754799967E-01
  3.0598893E-02 -6.05420038822716333E-01
  3.0863465E-02 -6.05452815791281740E-01
  3.1130324E-02 -6.05486159238806665E-01
  3.1399490E-02 -6.05520078906682913E-01
  3.1670984E-02 -6.05554584702110765E-01
  3.1944824E-02 -6.05589686700852337E-01
  3.2221033E-02 -6.05625395150045875E-01
  3.2499629E-02 -6.05661720471045273E-01
  3.2780634E-02 -6.05698673262321519E-01
  3.3064068E-02 -6.05736264302405236E-01
  3.3349952E-02 -6.05774504552873405E-01
  3.3638309E-02 -6.05813405161379714E-01
  3.3929158E-02 -6.05852977464739428E-01
  3.4222522E-02 -6.05893232992057773E-01
  3.4518422E-02 -6.05934183467906395E-01
  3.4816880E-02 -6.05975840815564104E-01
  3.5117919E-02 -6.06018217160287920E-01
  3.5421560E-02 -6.06061324832636417E-01
  3.5727826E-02 -6.06105176371861454E-01
  3.6036740E-02 -6.06149784529339652E-01
  3.6348325E-02 -6.06195162272058719E-01
  3.6662604E-02 -6.06241322786158610E-01
  3.6979600E-02 -6.06288279480524661E-01
  3.7299336E-02 -6.06336045990438888E-01
  3.7621837E-02 -6.06384636181291681E-01
  3.7947126E-02 -6.06434064152335028E-01
  3.8275227E-02 -6.06484344240508455E-01
  3.8606165E-02 -6.06535491024310258E-01
  3.8939964E-02 -6.06587519327746572E-01
  3.9276648E-02 -6.06640444224313402E-01
  3.9616244E-02 -6.06694281041057604E-01
  3.9958775E-02 -6.06749045362695916E-01
  4.0304268E-02 -6.06804753035790956E-01
  4.0652748E-02 -6.06861420172985500E-01
  4.1004241E-02 -6.06919063157321581E-01
  4.1358772E-02 -6.06977698646586017E-01
  4.1716369E-02 -6.07037343577758626E-01
  4.2077057E-02 -6.07098015171504080E-01
  4.2440864E-02 -6.07159730936727704E-01
  4.2807816E-02 -6.07222508675214878E-01
  4.3177940E-02 -6.07286366486318396E-01
  4.3551264E-02 -6.07351322771721991E-01
  4.3927816E-02 -6.07417396240287566E-01
  4.4307623E-02 -6.07484605912931741E-01
  4.4690714E-02 -6.07552971127622410E-01
  4.5077117E-02 -6.07622511544412602E-01
  4.5466861E-02 -6.07693247150548732E-01
  4.5859974E-02 -6.07765198265671547E-01
  4.6256486E-02 -6.07838385547054827E-01
  4.6656425E-02 -6.07912829994963322E-01
  4.7059823E-02 -6.07988552958037110E-01
  4.7466708E-02 -6.08065576138795749E-01
  4.7877111E-02 -6.08143921599170856E-01
  4.8291062E-02 -6.08223611766162464E-01
  4.8708592E-02 -6.08304669437540801E-01
  4.9129731E-02 -6.08387117787626552E-01
  4.9554512E-02 -6.08470980373171932E-01
  4.9982965E-02 -6.08556281139288169E-01
  5.0415122E-02 -6.08643044425480673E-01
  5.0851015E-02 -6.08731294971750270E-01
  5.1290677E-02 -6.08821057924771258E-01
  5.1734140E-02 -6.08912358844155843E-01
  5.2181437E-02 -6.09005223708800503E-01
  5.2632601E-02 -6.09099678923321397E-01
  5.3087666E-02 -6.09195751324535850E-01
  5.3546665E-02 -6.09293468188088494E-01
  5.4009632E-02 -6.09392857235088181E-01
  5.4476602E-02 -6.09493946638897333E-01
  5.4947609E-02 -6.09596765031942822E-01
  5.5422688E-02 -6.09701341512659201E-01
  5.5901874E-02 -6.09807705652490983E-01
  5.6385203E-02 -6.09915887502976095E-01
  5.6872711E-02 -6.10025917602928347E-01
  5.7364433E-02 -6.10137826985704623E-01
  5.7860407E-02 -6.10251647186531576E-01
  5.8360669E-02 -6.10367410249947562E-01
  5.8865256E-02 -6.10485148737311745E-01
  5.9374205E-02 -6.10604895734408681E-01
  5.9887554E-02 -6.10726684859122848E-01
  6.0405341E-02 -6.10850550269203540E-01
  6.0927605E-02 -6.10976526670123810E-01
  6.1454385E-02 -6.11104649323014559E-01
  6.1985718E-02 -6.11234954052668145E-01
  6.2521645E-02 -6.11367477255664427E-01
  6.3062206E-02 -6.11502255908522030E-01
  6.3607439E-02 -6.11639327575995484E-01
  6.4157387E-02 -6.11778730419391348E-01
  6.4712090E-02 -6.11920503205017119E-01
  6.5271588E-02 -6.12064685312680545E-01
  6.5835923E-02 -6.12211316744273426E-01
  6.6405137E-02 -6.12360438132431684E-01
  6.6979272E-02 -6.12512090749275484E-01
  6.7558371E-02 -6.12666316515238507E-01
  6.8142476E-02 -6.12823158007935409E-01
  6.8731632E-02 -6.12982658471143083E-01
  6.9325881E-02 -6.13144861823818887E-01
  6.9925268E-02 -6.13309812669217025E-01
  7.0529836E-02 -6.13477556304056426E-01
  7.1139631E-02 -6.13648138727756587E-01
  7.1754699E-02 -6.13821606651734242E-01
  7.2375084E-02 -6.13998007508783417E-01
  7.3000832E-02 -6.14177389462475576E-01
  7.3631991E-02 -6.14359801416667017E-01
  7.4268606E-02 -6.14545293025006156E-01
  7.4910725E-02 -6.14733914700542616E-01
  7.5558395E-02 -6.14925717625352752E-01
  7.6211665E-02 -6.15120753760222350E-01
  7.6870583E-02 -6.15319075854376285E-01
  7.7535197E-02 -6.15520737455223732E-01
  7.8205558E-02 -6.15725792918175086E-01
  7.8881714E-02 -6.15934297416467325E-01
  7.9563715E-02 -6.16146306951010136E-01
  8.0251613E-02 -6.16361878360272453E-01
  8.0945458E-02 -6.16581069330178089E-01
  8.1645302E-02 -6.16803938404015817E-01
  8.2351196E-02 -6.17030544992355878E-01
  8.3063193E-02 -6.17260949382971824E-01
  8.3781346E-02 -6.17495212750758693E-01
  8.4505708E-02 -6.17733397167639198E-01
  8.5236332E-02 -6.17975565612466582E-01
  8.5973272E-02 -6.18221781980886176E-01
  8.6716584E-02 -6.18472111095182853E-01
  8.7466322E-02 -6.18726618714092513E-01
  8.8222542E-02 -6.18985371542567275E-01
  8.8985300E-02 -6.19248437241484595E-01
  8.9754652E-02 -6.19515884437304543E-01
  9.0530656E-02 -6.19787782731662240E-01
  9.1313369E-02 -6.20064202710865153E-01
  9.2102848E-02 -6.20345215955337870E-01
  9.2899154E-02 -6.20630895048925657E-01
  9.3702343E-02 -6.20921313588130519E-01
  9.4512477E-02 -6.21216546191209029E-01
  9.5329614E-02 -6.21516668507154146E-01
  9.6153817E-02 -6.21821757224520155E-01
  9.6985144E-02 -6.22131890080115824E-01
  9.7823659E-02 -6.22447145867516372E-01
  9.8669424E-02 -6.22767604445399026E-01
  9.9522501E-02 -6.23093346745694388E-01
  1.0038295E-01 -6.23424454781529302E-01
  1.0125084E-01 -6.23761011654939468E-01
  1.0212624E-01 -6.24103101564347673E-01
  1.0300920E-01 -6.24450809811800123E-01
  1.0389980E-01 -6.24804222809914989E-01
  1.0479809E-01 -6.25163428088551298E-01
  1.0570415E-01 -6.25528514301173511E-01
  1.0661805E-01 -6.25899571230872476E-01
  1.0753985E-01 -6.26276689796085750E-01
  1.0846961E-01 -6.26659962055885034E-01
  1.0940742E-01 -6.27049481214930982E-01
  1.1035333E-01 -6.27445341627996145E-01
  1.1130742E-01 -6.27847638804048591E-01
  1.1226976E-01 -6.28256469409896212E-01
  1.1324041E-01 -6.28671931273332429E-01
  1.1421946E-01 -6.29094123385779302E-01
  1.1520698E-01 -6.29523145904398729E-01
  1.1620303E-01 -6.29959100153631546E-01
  1.1720770E-01 -6.30402088626154544E-01
  1.1822104E-01 -6.30852214983209092E-01
  1.1924315E-01 -6.31309584054274731E-01
  1.2027410E-01 -6.31774301836062646E-01
  1.2131396E-01 -6.32246475490785498E-01
  1.2236281E-01 -6.32726213343673405E-01
  1.2342073E-01 -6.33213624879703563E-01
  1.2448779E-01 -6.33708820739482315E-01
  1.2556408E-01 -6.34211912714307879E-01
  1.2664968E-01 -6.34723013740259301E-01
  1.2774466E-01 -6.35242237891399220E-01
  1.2884911E-01 -6.35769700371957347E-01
  1.2996310E-01 -6.36305517507467333E-01
  1.3108673E-01 -6.36849806734851365E-01
  1.3222007E-01 -6.37402686591347689E-01
  1.3336321E-01 -6.37964276702279065E-01
  1.3451623E-01 -6.38534697767586978E-01
  1.3567922E-01 -6.39114071547068452E-01
  1.3685227E-01 -6.39702520844305456E-01
  1.3803545E-01 -6.40300169489172788E-01
  1.3922887E-01 -6.40907142318903889E-01
  1.4043260E-01 -6.41523565157659625E-01
  1.4164674E-01 -6.42149564794496364E-01
  1.4287138E-01 -6.42785268959716105E-01
  1.4410660E-01 -6.43430806299500557E-01
  1.4535251E-01 -6.44086306348782611E-01
  1.4660918E-01 -6.44751899502262305E-01
  1.4787673E-01 -6.45427716983499433E-01
  1.4915522E-01 -6.46113890812053948E-01
  1.5044478E-01 -6.46810553768480734E-01
  1.5174548E-01 -6.47517839357254266E-01
  1.5305742E-01 -6.48235881767406763E-01
  1.5438071E-01 -6.48964815830853192E-01
  1.5571544E-01 -6.49704776978334619E-01
  1.5706171E-01 -6.50455901192825592E-01
  1.5841962E-01 -6.51218324960377348E-01
  1.5978927E-01 -6.51992185218264630E-01
  1.6117075E-01 -6.52777619300330514E-01
  1.6256419E-01 -6.53574764879453540E-01
  1.6396967E-01 -6.54383759907022022E-01
  1.6538730E-01 -6.55204742549283070E-01
  1.6681718E-01 -6.56037851120496951E-01
  1.6825943E-01 -6.56883224012740796E-01
  1.6971415E-01 -6.57740999622273614E-01
  1.7118145E-01 -6.58611316272319836E-01
  1.7266143E-01 -6.59494312132161142E-01
  1.7415420E-01 -6.60390125132400363E-01
  1.7565988E-01 -6.61298892876259314E-01
  1.7717858E-01 -6.62220752546781255E-01
  1.7871041E-01 -6.63155840809823816E-01
  1.8025548E-01 -6.64104293712628690E-01
  1.8181391E-01 -6.65066246577909248E-01
  1.8338581E-01 -6.66041833893213475E-01
  1.8497131E-01 -6.67031189195514407E-01
  1.8657051E-01 -6.68034444950742490E-01
  1.8818353E-01 -6.69051732428215473E-01
  1.8981051E-01 -6.70083181569720132E-01
  1.9145154E-01 -6.71128920853095057E-01
  1.9310677E-01 -6.72189077150170289E-01
  1.9477630E-01 -6.73263775578814228E-01
  1.9646027E-01 -6.74353139348992325E-01
  1.9815880E-01 -6.75457289602565014E-01
  1.9987202E-01 -6.76576345246689637E-01
  2.0160004E-01 -6.77710422780601784E-01
  2.0334301E-01 -6.78859636115586307E-01
  2.0510104E-01 -6.80024096387912280E-01
  2.0687427E-01 -6.81203911764546977E-01
  2.0866283E-01 -6.82399187241438887E-01
  2.1046686E-01 -6.83610024434093022E-01
  2.1228648E-01 -6.84836521360285055E-01
  2.1412184E-01 -6.86078772214661958E-01
  2.1597306E-01 -6.87336867134975327E-01
  2.1784029E-01 -6.88610891959721916E-01
  2.1972366E-01 -6.89900927976986211E-01
  2.2162331E-01 -6.91207051664181948E-01
  2.2353938E-01 -6.92529334418480191E-01
  2.2547202E-01 -6.93867842277672286E-01
  2.2742137E-01 -6.95222635631186470E-01
  2.2938758E-01 -6.96593768921024759E-01
  2.3137078E-01 -6.97981290332347237E-01
  2.3337113E-01 -6.99385241473420738E-01
  2.3538877E-01 -7.00805657044683117E-01
  2.3742385E-01 -7.02242564496649568E-01
  2.3947653E-01 -7.03695983676358772E-01
  2.4154696E-01 -7.05165926462119508E-01
  2.4363529E-01 -7.06652396386242443E-01
  2.4574167E-01 -7.08155388245495510E-01
  2.4786626E-01 -7.09674887698981016E-01
  2.5000922E-01 -7.11210870853174804E-01
  2.5217071E-01 -7.12763303833822026E-01
  2.5435088E-01 -7.14332142344391796E-01
  2.5654990E-01 -7.15917331210840890E-01
  2.5876794E-01 -7.17518803912362446E-01
  2.6100515E-01 -7.19136482097858853E-01
  2.6326170E-01 -7.20770275087832868E-01
  2.6553776E-01 -7.22420079361461687E-01
  2.6783350E-01 -7.24085778028501159E-01
  2.7014908E-01 -7.25767240285818294E-01
  2.7248469E-01 -7.27464320858238533E-01
  2.7484049E-01 -7.29176859423459112E-01
  2.7721665E-01 -7.30904680020751152E-01
  2.7961336E-01 -7.32647590443243568E-01
  2.8203079E-01 -7.34405381613462582E-01
  2.8446912E-01 -7.36177826941984859E-01
  2.8692853E-01 -7.37964681668918376E-01
  2.8940921E-01 -7.39765682187999651E-01
  2.9191133E-01 -7.41580545353124676E-01
  2.9443508E-01 -7.43408967767136053E-01
  2.9698065E-01 -7.45250625052644944E-01
  2.9954823E-01 -7.47105171104780585E-01
  3.0213800E-01 -7.48972237325699286E-01
  3.0475017E-01 -7.50851431840748318E-01
  3.0738492E-01 -7.52742338696191671E-01
  3.1004245E-01 -7.54644517038392082E-01
  3.1272295E-01 -7.56557500274449124E-01
  3.1542663E-01 -7.58480795214230619E-01
  3.1815369E-01 -7.60413881193834240E-01
  3.2090432E-01 -7.62356209180500288E-01
  3.2367873E-01 -7.64307200859066782E-01
  3.2647713E-01 -7.66266247700055692E-01
  3.2929972E-01 -7.68232710009576270E-01
  3.3214671E-01 -7.70205915961208576E-01
  3.3501832E-01 -7.72185160610094123E-01
  3.3791475E-01 -7.74169704889574151E-01
  3.4083623E-01 -7.76158774590660072E-01
  3.4378296E-01 -7.78151559324749997E-01
  3.4675517E-01 -7.80147211470027746E-01
  3.4975307E-01 -7.82144845102091479E-01
  3.5277690E-01 -7.84143534909328976E-01
  3.5582686E-01 -7.86142315093759980E-01
  3.5890320E-01 -7.88140178257992652E-01
  3.6200613E-01 -7.90136074279148115E-01
  3.6513588E-01 -7.92128909170607409E-01
  3.6829270E-01 -7.94117543932551628E-01
  3.7147681E-01 -7.96100793392348183E-01
  3.7468844E-01 -7.98077425035971122E-01
  3.7792785E-01 -8.00046157831661109E-01
  3.8119526E-01 -8.02005661047249130E-01
  3.8449091E-01 -8.03954553062568578E-01
  3.8781506E-01 -8.05891400178593287E-01
  3.9116795E-01 -8.07814715425006047E-01
  3.9454983E-01 -8.09722957368056218E-01
  3.9796094E-01 -8.11614528920684752E-01
  4.0140155E-01 -8.13487776157079789E-01
  4.0487190E-01 -8.15340987133897244E-01
  4.0837225E-01 -8.17172390720665831E-01
  4.1190287E-01 -8.18980155441881297E-01
  4.1546401E-01 -8.20762388333668991E-01
  4.1905594E-01 -8.22517133817902146E-01
  4.2267892E-01 -8.24242372596933670E-01
  4.2633322E-01 -8.25936020572320628E-01
  4.3001912E-01 -8.27595927791008767E-01
  4.3373688E-01 -8.29219877422783025E-01
  4.3748679E-01 -8.30805584772935979E-01
  4.4126912E-01 -8.32350696334320683E-01
  4.4508414E-01 -8.33852788883264862E-01
  4.4893215E-01 -8.35309368623963877E-01
  4.5281343E-01 -8.36717870386304186E-01
  4.5672826E-01 -8.38075656882273590E-01
  4.6067694E-01 -8.39380018026436137E-01
  4.6465976E-01 -8.40628170326145785E-01
  4.6867701E-01 -8.41817256347530352E-01
  4.7272899E-01 -8.42944344263538370E-01
  4.7681600E-01 -8.44006427490610833E-01
  4.8093835E-01 -8.45000424420926155E-01
  4.8509634E-01 -8.45923178257361519E-01
  4.8929027E-01 -8.46771456958732571E-01
  4.9352047E-01 -8.47541953303194373E-01
  4.9778723E-01 -8.48231285077915009E-01
  5.0209089E-01 -8.48835995403582344E-01
  5.0643175E-01 -8.49352553202611160E-01
  5.1081014E-01 -8.49777353820249659E-01
  5.1522639E-01 -8.50106719808113920E-01
  5.1968081E-01 -8.50336901880059948E-01
  5.2417375E-01 -8.50464080050690852E-01
  5.2870553E-01 -8.50484364967019846E-01
  5.3327649E-01 -8.50393799444305487E-01
  5.3788696E-01 -8.50188360217333461E-01
  5.4253730E-01 -8.49863959918784273E-01
  5.4722784E-01 -8.49416449296664156E-01
  5.5195894E-01 -8.48841619683105786E-01
  5.5673093E-01 -8.48135205727158392E-01
  5.6154419E-01 -8.47292888404507560E-01
  5.6639905E-01 -8.46310298317353160E-01
  5.7129589E-01 -8.45183019297914284E-01
  5.7623506E-01 -8.43906592329357053E-01
  5.8121694E-01 -8.42476519798134427E-01
  5.8624189E-01 -8.40888270091901258E-01
  5.9131028E-01 -8.39137282557457120E-01
  5.9642249E-01 -8.37218972833180475E-01
  6.0157889E-01 -8.35128738570633522E-01
  6.0677988E-01 -8.32861965560066198E-01
  6.1202583E-01 -8.30414034274525203E-01
  6.1731714E-01 -8.27780326847313952E-01
  6.2265419E-01 -8.24956234497445817E-01
  6.2803738E-01 -8.21937165417593762E-01
  6.3346712E-01 -8.18718553138815586E-01
  6.3894379E-01 -8.15295865386126084E-01
  6.4446782E-01 -8.11664613438542126E-01
  6.5003960E-01 -8.07820362006871573E-01
  6.5565956E-01 -8.03758739641930342E-01
  6.6132810E-01 -7.99475449685269735E-01
  6.6704565E-01 -7.94966281773752503E-01
  6.7281263E-01 -7.90227123908438300E-01
  6.7862947E-01 -7.85253975097315537E-01
  6.8449660E-01 -7.80042958580240531E-01
  6.9041445E-01 -7.74590335643213446E-01
  6.9638346E-01 -7.68892520027735338E-01
  7.0240408E-01 -7.62946092939350451E-01
  7.0847676E-01 -7.56747818657783511E-01
  7.1460193E-01 -7.50294660749106779E-01
  7.2078006E-01 -7.43583798878232782E-01
  7.2701160E-01 -7.36612646217683409E-01
  7.3329702E-01 -7.29378867445989010E-01
  7.3963677E-01 -7.21880397326266299E-01
  7.4603134E-01 -7.14115459852408097E-01
  7.5248119E-01 -7.06082587947024720E-01
  7.5898681E-01 -6.97780643691588542E-01
  7.6554867E-01 -6.89208839065352463E-01
  7.7216726E-01 -6.80366757165289937E-01
  7.7884307E-01 -6.71254373874812016E-01
  7.8557659E-01 -6.61872079943977454E-01
  7.9236833E-01 -6.52220703438696203E-01
  7.9921879E-01 -6.42301532510658468E-01
  8.0612848E-01 -6.32116338433655112E-01
  8.1309790E-01 -6.21667398845467067E-01
  8.2012758E-01 -6.10957521127429182E-01
  8.2721803E-01 -5.99990065846458087E-01
  8.3436978E-01 -5.88768970176376971E-01
  8.4158336E-01 -5.77298771206933958E-01
  8.4885931E-01 -5.65584629040055575E-01
  8.5619817E-01 -5.53632349563380033E-01
  8.6360047E-01 -5.41448406781136371E-01
  8.7106676E-01 -5.29039964571856314E-01
  8.7859761E-01 -5.16414897731304778E-01
  8.8619357E-01 -5.03581812147298247E-01
  8.9385519E-01 -4.90550063940738190E-01
  9.0158306E-01 -4.77329777394361332E-01
  9.0937773E-01 -4.63931861477178631E-01
  9.1723980E-01 -4.50368024758536323E-01
  9.2516984E-01 -4.36650788491085906E-01
  9.3316843E-01 -4.22793497626809178E-01
  9.4123618E-01 -4.08810329514499693E-01
  9.4937368E-01 -3.94716300010987231E-01
  9.5758153E-01 -3.80527266721756685E-01
  9.6586034E-01 -3.66259929069721102E-01
  9.7421073E-01 -3.51931824873668864E-01
  9.8263331E-01 -3.37561323100535549E-01
  9.9112870E-01 -3.23167612438293284E-01
  9.9969755E-01 -3.08770685318917326E-01
  1.0083405E+00 -2.94391317003948383E-01
  1.0170581E+00 -2.80051039328762796E-01
  1.0258511E+00 -2.65772108685921826E-01
  1.0347202E+00 -2.51577467813518474E-01
  1.0436659E+00 -2.37490700941203170E-01
  1.0526889E+00 -2.23535981835471048E-01
  1.0617900E+00 -2.09738014276766527E-01
  1.0709698E+00 -1.96121964495033912E-01
  1.0802289E+00 -1.82713385087920982E-01
  1.0895680E+00 -1.69538129947663013E-01
  1.0989879E+00 -1.56622259729722324E-01
  1.1084893E+00 -1.43991937409418180E-01
  1.1180728E+00 -1.31673313493194888E-01
  1.1277391E+00 -1.19692400480142694E-01
  1.1374890E+00 -1.08074936208476871E-01
  1.1473232E+00 -9.68462357723549050E-02
  1.1572424E+00 -8.60310317589240564E-02
  1.1672474E+00 -7.56533026358308380E-02
  1.1773389E+00 -6.57360892181504258E-02
  1.1875176E+00 -5.63012992639464124E-02
  1.1977844E+00 -4.73695003924281544E-02
  1.2081399E+00 -3.89597016920069511E-02
  1.2185849E+00 -3.10891245917619373E-02
  1.2291202E+00 -2.37729638137952337E-02
  1.2397466E+00 -1.70241395113243897E-02
  1.2504649E+00 -1.08530420348629981E-02
  1.2612758E+00 -5.26727116326759781E-03
  1.2721802E+00 -2.71372096567474913E-04
  1.2831789E+00  4.13342895768477152E-03
  1.2942727E+00  7.94948615262236827E-03
  1.3054623E+00  1.11829881557638164E-02
  1.3167488E+00  1.38442000918694661E-02
  1.3281327E+00  1.59476873267634899E-02
  1.3396152E+00  1.75125140515689053E-02
  1.3511969E+00  1.85624083761449267E-02
  1.3628787E+00  1.91258842124944831E-02
  1.3746615E+00  1.92363086023896006E-02
  1.3865462E+00  1.89319012954736327E-02
  1.3985336E+00  1.82556512898418427E-02
  1.4106247E+00  1.72551326794446944E-02
  1.4228203E+00  1.59821994822387445E-02
  1.4351213E+00  1.44925361178600970E-02
  1.4475287E+00  1.28449657927746218E-02
  1.4600434E+00  1.11005463122374019E-02
  1.4726662E+00  9.32141845364078438E-03
  1.4853982E+00  7.56936751942502255E-03
  1.4982402E+00  5.90405365219928528E-03
  1.5111933E+00  4.38086088129265722E-03
  1.5242584E+00  3.04830861236488190E-03
  1.5374364E+00  1.94496229642046039E-03
  1.5507284E+00  1.09577223963983473E-03
  1.5641352E+00  5.07760851831655889E-04
  1.5776580E+00  1.64968981773439086E-04
  1.5912977E+00  2.25612520311134063E-05
  1.6050553E+00  0.00000000000000000E+00
  1.6189319E+00  0.00000000000000000E+00
  1.6329284E+00  0.00000000000000000E+00
  1.6470459E+00  0.00000000000000000E+00
  1.6612855E+00  0.00000000000000000E+00
  1.6756482E+00  0.00000000000000000E+00
  1.6901351E+00  0.00000000000000000E+00
  1.7047472E+00  0.00000000000000000E+00
  1.7194856E+00  0.00000000000000000E+00
  1.7343515E+00  0.00000000000000000E+00
  1.7493459E+00  0.00000000000000000E+00
