  0.0000000E+00  3.01162004114005621E-01
  8.4554393E-09  3.01162004114121529E-01
  1.6989523E-08  3.01162004114175930E-01
  2.5602981E-08  3.01162004114197968E-01
  3.4296553E-08  3.01162004114203852E-01
  4.3070984E-08  3.01162004114196358E-01
  5.1927026E-08  3.01162004114201742E-01
  6.0865438E-08  3.01162004114175375E-01
  6.9886986E-08  3.01162004114171766E-01
  7.8992443E-08  3.01162004114170490E-01
  8.8182589E-08  3.01162004114162551E-01
  9.7458214E-08  3.01162004114146120E-01
  1.0682011E-07  3.01162004114152337E-01
  1.1626908E-07  3.01162004114137016E-01
  1.2580594E-07  3.01162004114126858E-01
  1.3543150E-07  3.01162004114113036E-01
  1.4514658E-07  3.01162004114106208E-01
  1.5495203E-07  3.01162004114090831E-01
  1.6484867E-07  3.01162004114074400E-01
  1.7483737E-07  3.01162004114059023E-01
  1.8491896E-07  3.01162004114047754E-01
  1.9509433E-07  3.01162004114028437E-01
  2.0536434E-07  3.01162004114015280E-01
  2.1572987E-07  3.01162004113989024E-01
  2.2619181E-07  3.01162004113958715E-01
  2.3675106E-07  3.01162004113938564E-01
  2.4740851E-07  3.01162004113906312E-01
  2.5816509E-07  3.01162004113873616E-01
  2.6902172E-07  3.01162004113841586E-01
  2.7997933E-07  3.01162004113802895E-01
  2.9103885E-07  3.01162004113768034E-01
  3.0220124E-07  3.01162004113722848E-01
  3.1346745E-07  3.01162004113677606E-01
  3.2483844E-07  3.01162004113630144E-01
  3.3631520E-07  3.01162004113576187E-01
  3.4789870E-07  3.01162004113530002E-01
  3.5958994E-07  3.01162004113474380E-01
  3.7138992E-07  3.01162004113413762E-01
  3.8329965E-07  3.01162004113357196E-01
  3.9532015E-07  3.01162004113297799E-01
  4.0745246E-07  3.01162004113229631E-01
  4.1969760E-07  3.01162004113169346E-01
  4.3205664E-07  3.01162004113087634E-01
  4.4453063E-07  3.01162004113019854E-01
  4.5712065E-07  3.01162004112941861E-01
  4.6982776E-07  3.01162004112858539E-01
  4.8265306E-07  3.01162004112774384E-01
  4.9559764E-07  3.01162004112686676E-01
  5.0866263E-07  3.01162004112593751E-01
  5.2184913E-07  3.01162004112495940E-01
  5.3515828E-07  3.01162004112405068E-01
  5.4859122E-07  3.01162004112303816E-01
  5.6214909E-07  3.01162004112191128E-01
  5.7583307E-07  3.01162004112086046E-01
  5.8964433E-07  3.01162004111971804E-01
  6.0358404E-07  3.01162004111856896E-01
  6.1765340E-07  3.01162004111734660E-01
  6.3185362E-07  3.01162004111605985E-01
  6.4618592E-07  3.01162004111478421E-01
  6.6065153E-07  3.01162004111339976E-01
  6.7525168E-07  3.01162004111198978E-01
  6.8998762E-07  3.01162004111053483E-01
  7.0486062E-07  3.01162004110899384E-01
  7.1987196E-07  3.01162004110743009E-01
  7.3502291E-07  3.01162004110569481E-01
  7.5031479E-07  3.01162004110398784E-01
  7.6574889E-07  3.01162004110220316E-01
  7.8132655E-07  3.01162004110037518E-01
  7.9704910E-07  3.01162004109844339E-01
  8.1291788E-07  3.01162004109650050E-01
  8.2893425E-07  3.01162004109445103E-01
  8.4509959E-07  3.01162004109233883E-01
  8.6141529E-07  3.01162004109023718E-01
  8.7788274E-07  3.01162004108802617E-01
  8.9450335E-07  3.01162004108570358E-01
  9.1127855E-07  3.01162004108332992E-01
  9.2820978E-07  3.01162004108090298E-01
  9.4529848E-07  3.01162004107833614E-01
  9.6254612E-07  3.01162004107572823E-01
  9.7995419E-07  3.01162004107303483E-01
  9.9752417E-07  3.01162004107024484E-01
  1.0152576E-06  3.01162004106737824E-01
  1.0331559E-06  3.01162004106437786E-01
  1.0512207E-06  3.01162004106134196E-01
  1.0694535E-06  3.01162004105820780E-01
  1.0878559E-06  3.01162004105492709E-01
  1.1064295E-06  3.01162004105158310E-01
  1.1251758E-06  3.01162004104808534E-01
  1.1440965E-06  3.01162004104450931E-01
  1.1631932E-06  3.01162004104085113E-01
  1.1824674E-06  3.01162004103708913E-01
  1.2019210E-06  3.01162004103316117E-01
  1.2215555E-06  3.01162004102913439E-01
  1.2413726E-06  3.01162004102500325E-01
  1.2613740E-06  3.01162004102075498E-01
  1.2815615E-06  3.01162004101639125E-01
  1.3019367E-06  3.01162004101195202E-01
  1.3225014E-06  3.01162004100739400E-01
  1.3432574E-06  3.01162004100262781E-01
  1.3642065E-06  3.01162004099780722E-01
  1.3853504E-06  3.01162004099280900E-01
  1.4066909E-06  3.01162004098765479E-01
  1.4282300E-06  3.01162004098236735E-01
  1.4499694E-06  3.01162004097691949E-01
  1.4719110E-06  3.01162004097133673E-01
  1.4940566E-06  3.01162004096559910E-01
  1.5164082E-06  3.01162004095971769E-01
  1.5389678E-06  3.01162004095365143E-01
  1.5617371E-06  3.01162004094744085E-01
  1.5847183E-06  3.01162004094104763E-01
  1.6079131E-06  3.01162004093448787E-01
  1.6313237E-06  3.01162004092779434E-01
  1.6549521E-06  3.01162004092089208E-01
  1.6788002E-06  3.01162004091376834E-01
  1.7028702E-06  3.01162004090655244E-01
  1.7271640E-06  3.01162004089910174E-01
  1.7516837E-06  3.01162004089142732E-01
  1.7764315E-06  3.01162004088356805E-01
  1.8014095E-06  3.01162004087547064E-01
  1.8266199E-06  3.01162004086722779E-01
  1.8520647E-06  3.01162004085876567E-01
  1.8777461E-06  3.01162004085011537E-01
  1.9036664E-06  3.01162004084117307E-01
  1.9298279E-06  3.01162004083215751E-01
  1.9562326E-06  3.01162004082284829E-01
  1.9828829E-06  3.01162004081328816E-01
  2.0097811E-06  3.01162004080349321E-01
  2.0369295E-06  3.01162004079347623E-01
  2.0643304E-06  3.01162004078323553E-01
  2.0919861E-06  3.01162004077277501E-01
  2.1198991E-06  3.01162004076199419E-01
  2.1480717E-06  3.01162004075094469E-01
  2.1765063E-06  3.01162004073956602E-01
  2.2052054E-06  3.01162004072801026E-01
  2.2341714E-06  3.01162004071610589E-01
  2.2634068E-06  3.01162004070396228E-01
  2.2929142E-06  3.01162004069155109E-01
  2.3226960E-06  3.01162004067879185E-01
  2.3527548E-06  3.01162004066578226E-01
  2.3830931E-06  3.01162004065240907E-01
  2.4137137E-06  3.01162004063878885E-01
  2.4446190E-06  3.01162004062484001E-01
  2.4758118E-06  3.01162004061053701E-01
  2.5072948E-06  3.01162004059595867E-01
  2.5390705E-06  3.01162004058097343E-01
  2.5711418E-06  3.01162004056568622E-01
  2.6035114E-06  3.01162004054998156E-01
  2.6361820E-06  3.01162004053393162E-01
  2.6691566E-06  3.01162004051755139E-01
  2.7024378E-06  3.01162004050066379E-01
  2.7360286E-06  3.01162004048347476E-01
  2.7699318E-06  3.01162004046590659E-01
  2.8041503E-06  3.01162004044784715E-01
  2.8386871E-06  3.01162004042947962E-01
  2.8735451E-06  3.01162004041060138E-01
  2.9087273E-06  3.01162004039128295E-01
  2.9442368E-06  3.01162004037155318E-01
  2.9800765E-06  3.01162004035140762E-01
  3.0162496E-06  3.01162004033079300E-01
  3.0527591E-06  3.01162004030975039E-01
  3.0896082E-06  3.01162004028823427E-01
  3.1268001E-06  3.01162004026621466E-01
  3.1643378E-06  3.01162004024370544E-01
  3.2022247E-06  3.01162004022070662E-01
  3.2404640E-06  3.01162004019718987E-01
  3.2790589E-06  3.01162004017318186E-01
  3.3180128E-06  3.01162004014863649E-01
  3.3573291E-06  3.01162004012352380E-01
  3.3970110E-06  3.01162004009783046E-01
  3.4370620E-06  3.01162004007165141E-01
  3.4774854E-06  3.01162004004484618E-01
  3.5182849E-06  3.01162004001750916E-01
  3.5594639E-06  3.01162003998950545E-01
  3.6010258E-06  3.01162003996089944E-01
  3.6429743E-06  3.01162003993166782E-01
  3.6853130E-06  3.01162003990188665E-01
  3.7280455E-06  3.01162003987139160E-01
  3.7711754E-06  3.01162003984030591E-01
  3.8147065E-06  3.01162003980850523E-01
  3.8586425E-06  3.01162003977598292E-01
  3.9029871E-06  3.01162003974270620E-01
  3.9477441E-06  3.01162003970880332E-01
  3.9929175E-06  3.01162003967410663E-01
  4.0385110E-06  3.01162003963871716E-01
  4.0845285E-06  3.01162003960250668E-01
  4.1309741E-06  3.01162003956550461E-01
  4.1778517E-06  3.01162003952776314E-01
  4.2251652E-06  3.01162003948921619E-01
  4.2729189E-06  3.01162003944983936E-01
  4.3211166E-06  3.01162003940958656E-01
  4.3697627E-06  3.01162003936848888E-01
  4.4188613E-06  3.01162003932651801E-01
  4.4684164E-06  3.01162003928368227E-01
  4.5184326E-06  3.01162003923992561E-01
  4.5689139E-06  3.01162003919524912E-01
  4.6198647E-06  3.01162003914964782E-01
  4.6712894E-06  3.01162003910303511E-01
  4.7231924E-06  3.01162003905546982E-01
  4.7755782E-06  3.01162003900684705E-01
  4.8284512E-06  3.01162003895719899E-01
  4.8818160E-06  3.01162003890653229E-01
  4.9356771E-06  3.01162003885484253E-01
  4.9900392E-06  3.01162003880204088E-01
  5.0449069E-06  3.01162003874816231E-01
  5.1002850E-06  3.01162003869310080E-01
  5.1561781E-06  3.01162003863690686E-01
  5.2125910E-06  3.01162003857954330E-01
  5.2695287E-06  3.01162003852101567E-01
  5.3269959E-06  3.01162003846125792E-01
  5.3849977E-06  3.01162003840023618E-01
  5.4435389E-06  3.01162003833801817E-01
  5.5026246E-06  3.01162003827436797E-01
  5.5622598E-06  3.01162003820948543E-01
  5.6224498E-06  3.01162003814327395E-01
  5.6831995E-06  3.01162003807564749E-01
  5.7445143E-06  3.01162003800669043E-01
  5.8063994E-06  3.01162003793632782E-01
  5.8688600E-06  3.01162003786443144E-01
  5.9319016E-06  3.01162003779114951E-01
  5.9955296E-06  3.01162003771635378E-01
  6.0597494E-06  3.01162003764003650E-01
  6.1245664E-06  3.01162003756215158E-01
  6.1899864E-06  3.01162003748267348E-01
  6.2560148E-06  3.01162003740157724E-01
  6.3226573E-06  3.01162003731880235E-01
  6.3899197E-06  3.01162003723436045E-01
  6.4578076E-06  3.01162003714819382E-01
  6.5263270E-06  3.01162003706030079E-01
  6.5954837E-06  3.01162003697052816E-01
  6.6652837E-06  3.01162003687900470E-01
  6.7357328E-06  3.01162003678562440E-01
  6.8068372E-06  3.01162003669034950E-01
  6.8786029E-06  3.01162003659307453E-01
  6.9510361E-06  3.01162003649394328E-01
  7.0241430E-06  3.01162003639274367E-01
  7.0979299E-06  3.01162003628956010E-01
  7.1724030E-06  3.01162003618425433E-01
  7.2475689E-06  3.01162003607691131E-01
  7.3234338E-06  3.01162003596727734E-01
  7.4000044E-06  3.01162003585540405E-01
  7.4772872E-06  3.01162003574135750E-01
  7.5552887E-06  3.01162003562495284E-01
  7.6340158E-06  3.01162003550631774E-01
  7.7134751E-06  3.01162003538522294E-01
  7.7936734E-06  3.01162003526173117E-01
  7.8746177E-06  3.01162003513578025E-01
  7.9563148E-06  3.01162003500729802E-01
  8.0387718E-06  3.01162003487623620E-01
  8.1219957E-06  3.01162003474251483E-01
  8.2059937E-06  3.01162003460624106E-01
  8.2907730E-06  3.01162003446713344E-01
  8.3763407E-06  3.01162003432529413E-01
  8.4627044E-06  3.01162003418065705E-01
  8.5498713E-06  3.01162003403310674E-01
  8.6378489E-06  3.01162003388260935E-01
  8.7266449E-06  3.01162003372916098E-01
  8.8162667E-06  3.01162003357261121E-01
  8.9067221E-06  3.01162003341291562E-01
  8.9980188E-06  3.01162003325011862E-01
  9.0901646E-06  3.01162003308404980E-01
  9.1831676E-06  3.01162003291472136E-01
  9.2770355E-06  3.01162003274196344E-01
  9.3717765E-06  3.01162003256587929E-01
  9.4673987E-06  3.01162003238623521E-01
  9.5639102E-06  3.01162003220310337E-01
  9.6613194E-06  3.01162003201626116E-01
  9.7596346E-06  3.01162003182582572E-01
  9.8588643E-06  3.01162003163154557E-01
  9.9590168E-06  3.01162003143351842E-01
  1.0060101E-05  3.01162003123155941E-01
  1.0162125E-05  3.01162003102567133E-01
  1.0265098E-05  3.01162003081564045E-01
  1.0369029E-05  3.01162003060154726E-01
  1.0473927E-05  3.01162003038318138E-01
  1.0579800E-05  3.01162003016055835E-01
  1.0686658E-05  3.01162002993350386E-01
  1.0794510E-05  3.01162002970204679E-01
  1.0903365E-05  3.01162002946608998E-01
  1.1013233E-05  3.01162002922540417E-01
  1.1124122E-05  3.01162002898010428E-01
  1.1236043E-05  3.01162002872993440E-01
  1.1349004E-05  3.01162002847488453E-01
  1.1463017E-05  3.01162002821480257E-01
  1.1578089E-05  3.01162002794973682E-01
  1.1694232E-05  3.01162002767939085E-01
  1.1811456E-05  3.01162002740381851E-01
  1.1929769E-05  3.01162002712286714E-01
  1.2049183E-05  3.01162002683646679E-01
  1.2169708E-05  3.01162002654447758E-01
  1.2291354E-05  3.01162002624677294E-01
  1.2414131E-05  3.01162002594326683E-01
  1.2538050E-05  3.01162002563382714E-01
  1.2663121E-05  3.01162002531835338E-01
  1.2789356E-05  3.01162002499669512E-01
  1.2916765E-05  3.01162002466889511E-01
  1.3045359E-05  3.01162002433467246E-01
  1.3175150E-05  3.01162002399395667E-01
  1.3306147E-05  3.01162002364657233E-01
  1.3438363E-05  3.01162002329238399E-01
  1.3571808E-05  3.01162002293134945E-01
  1.3706495E-05  3.01162002256333494E-01
  1.3842434E-05  3.01162002218818836E-01
  1.3979638E-05  3.01162002180570820E-01
  1.4118117E-05  3.01162002141579122E-01
  1.4257885E-05  3.01162002101843240E-01
  1.4398953E-05  3.01162002061330758E-01
  1.4541333E-05  3.01162002020030684E-01
  1.4685037E-05  3.01162001977939908E-01
  1.4830078E-05  3.01162001935026513E-01
  1.4976467E-05  3.01162001891286002E-01
  1.5124219E-05  3.01162001846693450E-01
  1.5273344E-05  3.01162001801246526E-01
  1.5423857E-05  3.01162001754922637E-01
  1.5575769E-05  3.01162001707702631E-01
  1.5729095E-05  3.01162001659568745E-01
  1.5883846E-05  3.01162001610504382E-01
  1.6040037E-05  3.01162001560497050E-01
  1.6197681E-05  3.01162001509527155E-01
  1.6356790E-05  3.01162001457565165E-01
  1.6517380E-05  3.01162001404606805E-01
  1.6679463E-05  3.01162001350634034E-01
  1.6843054E-05  3.01162001295610382E-01
  1.7008167E-05  3.01162001239530241E-01
  1.7174815E-05  3.01162001182361139E-01
  1.7343013E-05  3.01162001124099798E-01
  1.7512775E-05  3.01162001064718576E-01
  1.7684117E-05  3.01162001004193658E-01
  1.7857052E-05  3.01162000942499342E-01
  1.8031596E-05  3.01162000879623415E-01
  1.8207763E-05  3.01162000815539843E-01
  1.8385568E-05  3.01162000750215431E-01
  1.8565027E-05  3.01162000683645403E-01
  1.8746156E-05  3.01162000615793901E-01
  1.8928969E-05  3.01162000546643382E-01
  1.9113482E-05  3.01162000476164871E-01
  1.9299712E-05  3.01162000404322172E-01
  1.9487674E-05  3.01162000331115898E-01
  1.9677384E-05  3.01162000256498585E-01
  1.9868858E-05  3.01162000180447753E-01
  2.0062114E-05  3.01162000102945415E-01
  2.0257166E-05  3.01162000023956655E-01
  2.0454033E-05  3.01161999943449499E-01
  2.0652731E-05  3.01161999861406293E-01
  2.0853278E-05  3.01161999777792955E-01
  2.1055689E-05  3.01161999692572735E-01
  2.1259983E-05  3.01161999605725039E-01
  2.1466177E-05  3.01161999517219336E-01
  2.1674289E-05  3.01161999427015326E-01
  2.1884337E-05  3.01161999335093189E-01
  2.2096338E-05  3.01161999241405021E-01
  2.2310311E-05  3.01161999145933057E-01
  2.2526275E-05  3.01161999048630502E-01
  2.2744247E-05  3.01161998949473264E-01
  2.2964246E-05  3.01161998848411494E-01
  2.3186291E-05  3.01161998745425985E-01
  2.3410402E-05  3.01161998640474549E-01
  2.3636597E-05  3.01161998533514552E-01
  2.3864896E-05  3.01161998424510691E-01
  2.4095319E-05  3.01161998313434875E-01
  2.4327884E-05  3.01161998200235370E-01
  2.4562613E-05  3.01161998084878979E-01
  2.4799525E-05  3.01161997967316908E-01
  2.5038640E-05  3.01161997847511909E-01
  2.5279980E-05  3.01161997725429398E-01
  2.5523564E-05  3.01161997601014919E-01
  2.5769414E-05  3.01161997474233001E-01
  2.6017550E-05  3.01161997345033239E-01
  2.6267994E-05  3.01161997213375165E-01
  2.6520768E-05  3.01161997079204380E-01
  2.6775892E-05  3.01161996942483023E-01
  2.7033390E-05  3.01161996803160359E-01
  2.7293283E-05  3.01161996661184650E-01
  2.7555592E-05  3.01161996516503105E-01
  2.7820342E-05  3.01161996369069929E-01
  2.8087554E-05  3.01161996218829664E-01
  2.8357251E-05  3.01161996065732962E-01
  2.8629457E-05  3.01161995909736635E-01
  2.8904194E-05  3.01161995750764411E-01
  2.9181487E-05  3.01161995588765441E-01
  2.9461359E-05  3.01161995423694706E-01
  2.9743834E-05  3.01161995255493364E-01
  3.0028937E-05  3.01161995084086642E-01
  3.0316691E-05  3.01161994909425246E-01
  3.0607121E-05  3.01161994731441729E-01
  3.0900253E-05  3.01161994550079859E-01
  3.1196111E-05  3.01161994365276409E-01
  3.1494721E-05  3.01161994176967596E-01
  3.1796108E-05  3.01161993985087639E-01
  3.2100299E-05  3.01161993789557825E-01
  3.2407319E-05  3.01161993590317534E-01
  3.2717194E-05  3.01161993387297600E-01
  3.3029952E-05  3.01161993180425691E-01
  3.3345618E-05  3.01161992969632808E-01
  3.3664221E-05  3.01161992754839680E-01
  3.3985786E-05  3.01161992535976697E-01
  3.4310343E-05  3.01161992312957927E-01
  3.4637918E-05  3.01161992085713426E-01
  3.4968540E-05  3.01161991854159206E-01
  3.5302238E-05  3.01161991618225544E-01
  3.5639039E-05  3.01161991377817129E-01
  3.5978972E-05  3.01161991132847862E-01
  3.6322067E-05  3.01161990883240860E-01
  3.6668354E-05  3.01161990628908083E-01
  3.7017861E-05  3.01161990369754329E-01
  3.7370619E-05  3.01161990105689781E-01
  3.7726658E-05  3.01161989836632282E-01
  3.8086008E-05  3.01161989562478583E-01
  3.8448701E-05  3.01161989283136755E-01
  3.8814767E-05  3.01161988998499219E-01
  3.9184238E-05  3.01161988708487371E-01
  3.9557146E-05  3.01161988412985637E-01
  3.9933521E-05  3.01161988111886769E-01
  4.0313398E-05  3.01161987805095510E-01
  4.0696808E-05  3.01161987492501226E-01
  4.1083783E-05  3.01161987173992618E-01
  4.1474358E-05  3.01161986849460495E-01
  4.1868566E-05  3.01161986518787061E-01
  4.2266440E-05  3.01161986181868957E-01
  4.2668015E-05  3.01161985838585111E-01
  4.3073325E-05  3.01161985488801631E-01
  4.3482405E-05  3.01161985132418264E-01
  4.3895289E-05  3.01161984769290569E-01
  4.4312014E-05  3.01161984399306193E-01
  4.4732615E-05  3.01161984022326523E-01
  4.5157128E-05  3.01161983638230768E-01
  4.5585589E-05  3.01161983246884701E-01
  4.6018035E-05  3.01161982848135834E-01
  4.6454504E-05  3.01161982441862208E-01
  4.6895032E-05  3.01161982027918163E-01
  4.7339657E-05  3.01161981606155371E-01
  4.7788418E-05  3.01161981176438276E-01
  4.8241352E-05  3.01161980738602231E-01
  4.8698500E-05  3.01161980292501630E-01
  4.9159899E-05  3.01161979837976435E-01
  4.9625590E-05  3.01161979374877598E-01
  5.0095612E-05  3.01161978903039695E-01
  5.0570006E-05  3.01161978422299970E-01
  5.1048812E-05  3.01161977932491887E-01
  5.1532072E-05  3.01161977433435646E-01
  5.2019826E-05  3.01161976924974650E-01
  5.2512117E-05  3.01161976406910115E-01
  5.3008987E-05  3.01161975879080723E-01
  5.3510478E-05  3.01161975341293464E-01
  5.4016634E-05  3.01161974793368092E-01
  5.4527497E-05  3.01161974235109875E-01
  5.5043112E-05  3.01161973666330463E-01
  5.5563522E-05  3.01161973086822965E-01
  5.6088773E-05  3.01161972496390651E-01
  5.6618909E-05  3.01161971894840008E-01
  5.7153976E-05  3.01161971281946605E-01
  5.7694020E-05  3.01161970657501610E-01
  5.8239086E-05  3.01161970021282865E-01
  5.8789223E-05  3.01161969373084981E-01
  5.9344476E-05  3.01161968712664430E-01
  5.9904893E-05  3.01161968039802830E-01
  6.0470523E-05  3.01161967354265481E-01
  6.1041414E-05  3.01161966655821678E-01
  6.1617614E-05  3.01161965944214571E-01
  6.2199174E-05  3.01161965219206629E-01
  6.2786143E-05  3.01161964480538891E-01
  6.3378571E-05  3.01161963727964277E-01
  6.3976510E-05  3.01161962961222163E-01
  6.4580010E-05  3.01161962180040599E-01
  6.5189123E-05  3.01161961384157628E-01
  6.5803901E-05  3.01161960573284482E-01
  6.6424398E-05  3.01161959747148933E-01
  6.7050665E-05  3.01161958905464544E-01
  6.7682758E-05  3.01161958047933886E-01
  6.8320729E-05  3.01161957174270134E-01
  6.8964635E-05  3.01161956284158261E-01
  6.9614529E-05  3.01161955377293011E-01
  7.0270468E-05  3.01161954453368963E-01
  7.0932508E-05  3.01161953512071201E-01
  7.1600706E-05  3.01161952553044621E-01
  7.2275118E-05  3.01161951575990738E-01
  7.2955803E-05  3.01161950580549065E-01
  7.3642819E-05  3.01161949566385534E-01
  7.4336225E-05  3.01161948533145929E-01
  7.5036081E-05  3.01161947480465486E-01
  7.5742445E-05  3.01161946407993153E-01
  7.6455380E-05  3.01161945315352286E-01
  7.7174946E-05  3.01161944202163079E-01
  7.7901204E-05  3.01161943068040061E-01
  7.8634217E-05  3.01161941912597375E-01
  7.9374048E-05  3.01161940735429901E-01
  8.0120760E-05  3.01161939536130907E-01
  8.0874418E-05  3.01161938314273570E-01
  8.1635085E-05  3.01161937069459651E-01
  8.2402827E-05  3.01161935801236347E-01
  8.3177709E-05  3.01161934509182716E-01
  8.3959799E-05  3.01161933192846787E-01
  8.4749164E-05  3.01161931851766485E-01
  8.5545870E-05  3.01161930485478790E-01
  8.6349986E-05  3.01161929093522795E-01
  8.7161581E-05  3.01161927675405783E-01
  8.7980725E-05  3.01161926230644972E-01
  8.8807487E-05  3.01161924758733601E-01
  8.9641940E-05  3.01161923259171016E-01
  9.0484153E-05  3.01161921731438187E-01
  9.1334200E-05  3.01161920175001874E-01
  9.2192154E-05  3.01161918589331667E-01
  9.3058087E-05  3.01161916973863519E-01
  9.3932074E-05  3.01161915328061636E-01
  9.4814190E-05  3.01161913651346425E-01
  9.5704511E-05  3.01161911943134575E-01
  9.6603112E-05  3.01161910202847771E-01
  9.7510072E-05  3.01161908429883440E-01
  9.8425467E-05  3.01161906623612752E-01
  9.9349376E-05  3.01161904783424028E-01
  1.0028188E-04  3.01161902908679002E-01
  1.0122305E-04  3.01161900998731469E-01
  1.0217298E-04  3.01161899052924287E-01
  1.0313175E-04  3.01161897070597040E-01
  1.0409943E-04  3.01161895051044126E-01
  1.0507611E-04  3.01161892993579872E-01
  1.0606188E-04  3.01161890897494566E-01
  1.0705681E-04  3.01161888762060237E-01
  1.0806100E-04  3.01161886586541083E-01
  1.0907453E-04  3.01161884370187205E-01
  1.1009749E-04  3.01161882112236934E-01
  1.1112996E-04  3.01161879811910560E-01
  1.1217203E-04  3.01161877468401173E-01
  1.1322380E-04  3.01161875080924624E-01
  1.1428535E-04  3.01161872648636808E-01
  1.1535677E-04  3.01161870170701174E-01
  1.1643815E-04  3.01161867646277892E-01
  1.1752960E-04  3.01161865074477675E-01
  1.1863119E-04  3.01161862454420615E-01
  1.1974304E-04  3.01161859785211539E-01
  1.2086522E-04  3.01161857065922856E-01
  1.2199784E-04  3.01161854295615650E-01
  1.2314100E-04  3.01161851473332187E-01
  1.2429478E-04  3.01161848598109128E-01
  1.2545930E-04  3.01161845668947104E-01
  1.2663465E-04  3.01161842684836811E-01
  1.2782094E-04  3.01161839644747964E-01
  1.2901825E-04  3.01161836547633122E-01
  1.3022670E-04  3.01161833392436407E-01
  1.3144640E-04  3.01161830178060475E-01
  1.3267743E-04  3.01161826903402319E-01
  1.3391992E-04  3.01161823567321685E-01
  1.3517396E-04  3.01161820168682259E-01
  1.3643967E-04  3.01161816706304597E-01
  1.3771714E-04  3.01161813178994930E-01
  1.3900650E-04  3.01161809585536289E-01
  1.4030786E-04  3.01161805924707537E-01
  1.4162131E-04  3.01161802195223427E-01
  1.4294699E-04  3.01161798395815250E-01
  1.4428499E-04  3.01161794525163395E-01
  1.4563544E-04  3.01161790581947975E-01
  1.4699845E-04  3.01161786564803524E-01
  1.4837413E-04  3.01161782472339101E-01
  1.4976261E-04  3.01161778303148997E-01
  1.5116401E-04  3.01161774055806297E-01
  1.5257844E-04  3.01161769728831352E-01
  1.5400602E-04  3.01161765320748176E-01
  1.5544688E-04  3.01161760830040148E-01
  1.5690115E-04  3.01161756255158730E-01
  1.5836894E-04  3.01161751594515470E-01
  1.5985038E-04  3.01161746846519862E-01
  1.6134560E-04  3.01161742009537325E-01
  1.6285473E-04  3.01161737081883096E-01
  1.6437790E-04  3.01161732061885901E-01
  1.6591523E-04  3.01161726947802466E-01
  1.6746686E-04  3.01161721737869370E-01
  1.6903292E-04  3.01161716430302595E-01
  1.7061355E-04  3.01161711023273548E-01
  1.7220888E-04  3.01161705514914002E-01
  1.7381904E-04  3.01161699903333913E-01
  1.7544419E-04  3.01161694186600770E-01
  1.7708445E-04  3.01161688362743374E-01
  1.7873996E-04  3.01161682429761934E-01
  1.8041087E-04  3.01161676385614863E-01
  1.8209733E-04  3.01161670228219103E-01
  1.8379947E-04  3.01161663955448744E-01
  1.8551744E-04  3.01161657565164609E-01
  1.8725139E-04  3.01161651055149249E-01
  1.8900147E-04  3.01161644423168229E-01
  1.9076782E-04  3.01161637666943149E-01
  1.9255060E-04  3.01161630784145151E-01
  1.9434997E-04  3.01161623772400966E-01
  1.9616607E-04  3.01161616629303630E-01
  1.9799906E-04  3.01161609352396942E-01
  1.9984910E-04  3.01161601939177348E-01
  2.0171635E-04  3.01161594387093112E-01
  2.0360097E-04  3.01161586693545369E-01
  2.0550311E-04  3.01161578855888901E-01
  2.0742295E-04  3.01161570871421924E-01
  2.0936064E-04  3.01161562737407407E-01
  2.1131636E-04  3.01161554451036650E-01
  2.1329026E-04  3.01161546009472703E-01
  2.1528253E-04  3.01161537409801616E-01
  2.1729332E-04  3.01161528649066923E-01
  2.1932282E-04  3.01161519724253424E-01
  2.2137119E-04  3.01161510632301344E-01
  2.2343862E-04  3.01161501370074858E-01
  2.2552527E-04  3.01161491934388958E-01
  2.2763134E-04  3.01161482322011897E-01
  2.2975699E-04  3.01161472529618890E-01
  2.3190241E-04  3.01161462553854231E-01
  2.3406778E-04  3.01161452391280282E-01
  2.3625330E-04  3.01161442038414384E-01
  2.3845914E-04  3.01161431491682230E-01
  2.4068550E-04  3.01161420747463271E-01
  2.4293257E-04  3.01161409802061852E-01
  2.4520054E-04  3.01161398651717593E-01
  2.4748960E-04  3.01161387292596561E-01
  2.4979995E-04  3.01161375720791102E-01
  2.5213179E-04  3.01161363932319792E-01
  2.5448532E-04  3.01161351923136367E-01
  2.5686074E-04  3.01161339689115459E-01
  2.5925825E-04  3.01161327226040831E-01
  2.6167806E-04  3.01161314529631519E-01
  2.6412038E-04  3.01161301595527120E-01
  2.6658542E-04  3.01161288419275308E-01
  2.6907338E-04  3.01161274996353534E-01
  2.7158448E-04  3.01161261322145934E-01
  2.7411894E-04  3.01161247391951215E-01
  2.7667697E-04  3.01161233200986256E-01
  2.7925879E-04  3.01161218744362413E-01
  2.8186463E-04  3.01161204017118378E-01
  2.8449470E-04  3.01161189014190533E-01
  2.8714924E-04  3.01161173730420118E-01
  2.8982847E-04  3.01161158160565212E-01
  2.9253261E-04  3.01161142299262496E-01
  2.9526191E-04  3.01161126141070601E-01
  2.9801659E-04  3.01161109680432415E-01
  3.0079689E-04  3.01161092911694295E-01
  3.0360305E-04  3.01161075829083524E-01
  3.0643532E-04  3.01161058426743233E-01
  3.0929392E-04  3.01161040698683935E-01
  3.1217912E-04  3.01161022638821718E-01
  3.1509114E-04  3.01161004240944441E-01
  3.1803026E-04  3.01160985498733436E-01
  3.2099671E-04  3.01160966405747133E-01
  3.2399075E-04  3.01160946955421949E-01
  3.2701263E-04  3.01160927141088997E-01
  3.3006263E-04  3.01160906955928287E-01
  3.3314099E-04  3.01160886393014471E-01
  3.3624799E-04  3.01160865445277037E-01
  3.3938388E-04  3.01160844105517800E-01
  3.4254894E-04  3.01160822366404013E-01
  3.4574343E-04  3.01160800220470537E-01
  3.4896764E-04  3.01160777660107182E-01
  3.5222184E-04  3.01160754677565534E-01
  3.5550631E-04  3.01160731264948300E-01
  3.5882132E-04  3.01160707414226625E-01
  3.6216717E-04  3.01160683117182637E-01
  3.6554413E-04  3.01160658365490219E-01
  3.6895251E-04  3.01160633150645562E-01
  3.7239258E-04  3.01160607463977492E-01
  3.7586466E-04  3.01160581296668284E-01
  3.7936902E-04  3.01160554639736011E-01
  3.8290598E-04  3.01160527484015894E-01
  3.8647584E-04  3.01160499820173400E-01
  3.9007890E-04  3.01160471638723559E-01
  3.9371547E-04  3.01160442929988614E-01
  3.9738587E-04  3.01160413684098294E-01
  4.0109041E-04  3.01160383891004968E-01
  4.0482940E-04  3.01160353540493586E-01
  4.0860316E-04  3.01160322622126997E-01
  4.1241203E-04  3.01160291125284196E-01
  4.1625632E-04  3.01160259039161549E-01
  4.2013637E-04  3.01160226352725269E-01
  4.2405251E-04  3.01160193054756442E-01
  4.2800507E-04  3.01160159133823047E-01
  4.3199439E-04  3.01160124578281563E-01
  4.3602082E-04  3.01160089376251716E-01
  4.4008470E-04  3.01160053515663273E-01
  4.4418637E-04  3.01160016984184598E-01
  4.4832620E-04  3.01159979769278385E-01
  4.5250453E-04  3.01159941858165692E-01
  4.5672172E-04  3.01159903237832371E-01
  4.6097814E-04  3.01159863895013924E-01
  4.6527414E-04  3.01159823816202599E-01
  4.6961011E-04  3.01159782987630631E-01
  4.7398640E-04  3.01159741395290947E-01
  4.7840339E-04  3.01159699024894867E-01
  4.8286147E-04  3.01159655861897357E-01
  4.8736101E-04  3.01159611891477164E-01
  4.9190240E-04  3.01159567098542469E-01
  4.9648604E-04  3.01159521467715685E-01
  5.0111230E-04  3.01159474983320907E-01
  5.0578159E-04  3.01159427629407062E-01
  5.1049431E-04  3.01159379389709936E-01
  5.1525087E-04  3.01159330247668000E-01
  5.2005166E-04  3.01159280186409584E-01
  5.2489711E-04  3.01159229188756150E-01
  5.2978762E-04  3.01159177237207087E-01
  5.3472363E-04  3.01159124313912896E-01
  5.3970554E-04  3.01159070400705831E-01
  5.4473378E-04  3.01159015479089520E-01
  5.4980880E-04  3.01158959530201553E-01
  5.5493102E-04  3.01158902534837791E-01
  5.6010088E-04  3.01158844473420728E-01
  5.6531882E-04  3.01158785326041012E-01
  5.7058530E-04  3.01158725072385058E-01
  5.7590076E-04  3.01158663691772910E-01
  5.8126566E-04  3.01158601163130146E-01
  5.8668045E-04  3.01158537465003318E-01
  5.9214561E-04  3.01158472575515701E-01
  5.9766161E-04  3.01158406472405216E-01
  6.0322890E-04  3.01158339132966746E-01
  6.0884798E-04  3.01158270534100270E-01
  6.1451932E-04  3.01158200652262176E-01
  6.2024341E-04  3.01158129463459268E-01
  6.2602074E-04  3.01158056943251318E-01
  6.3185180E-04  3.01157983066763391E-01
  6.3773710E-04  3.01157907808625891E-01
  6.4367714E-04  3.01157831143014421E-01
  6.4967242E-04  3.01157753043616250E-01
  6.5572347E-04  3.01157673483624100E-01
  6.6183080E-04  3.01157592435733035E-01
  6.6799493E-04  3.01157509872126250E-01
  6.7421640E-04  3.01157425764476905E-01
  6.8049573E-04  3.01157340083907377E-01
  6.8683346E-04  3.01157252801010633E-01
  6.9323015E-04  3.01157163885841128E-01
  6.9968632E-04  3.01157073307882550E-01
  7.0620255E-04  3.01156981036047267E-01
  7.1277938E-04  3.01156887038665277E-01
  7.1941739E-04  3.01156791283488212E-01
  7.2611713E-04  3.01156693737646697E-01
  7.3287919E-04  3.01156594367663843E-01
  7.3970414E-04  3.01156493139452031E-01
  7.4659257E-04  3.01156390018260944E-01
  7.5354508E-04  3.01156284968710886E-01
  7.6056224E-04  3.01156177954742865E-01
  7.6764467E-04  3.01156068939640198E-01
  7.7479298E-04  3.01155957885995973E-01
  7.8200777E-04  3.01155844755704227E-01
  7.8928967E-04  3.01155729509931858E-01
  7.9663929E-04  3.01155612109146709E-01
  8.0405728E-04  3.01155492513048961E-01
  8.1154426E-04  3.01155370680606882E-01
  8.1910087E-04  3.01155246570020019E-01
  8.2672777E-04  3.01155120138696275E-01
  8.3442561E-04  3.01154991343254130E-01
  8.4219504E-04  3.01154860139488945E-01
  8.5003674E-04  3.01154726482397661E-01
  8.5795137E-04  3.01154590326116189E-01
  8.6593962E-04  3.01154451623915076E-01
  8.7400216E-04  3.01154310328220709E-01
  8.8213970E-04  3.01154166390533051E-01
  8.9035292E-04  3.01154019761476210E-01
  8.9864253E-04  3.01153870390734768E-01
  9.0700925E-04  3.01153718227064160E-01
  9.1545378E-04  3.01153563218242493E-01
  9.2397686E-04  3.01153405311100686E-01
  9.3257920E-04  3.01153244451450419E-01
  9.4126156E-04  3.01153080584100397E-01
  9.5002468E-04  3.01152913652833421E-01
  9.5886930E-04  3.01152743600370920E-01
  9.6779618E-04  3.01152570368372452E-01
  9.7680609E-04  3.01152393897404558E-01
  9.8589980E-04  3.01152214126922058E-01
  9.9507810E-04  3.01152030995240849E-01
  1.0043418E-03  3.01151844439542515E-01
  1.0136916E-03  3.01151654395817092E-01
  1.0231284E-03  3.01151460798866288E-01
  1.0326529E-03  3.01151263582267126E-01
  1.0422661E-03  3.01151062678360115E-01
  1.0519686E-03  3.01150858018219947E-01
  1.0617614E-03  3.01150649531643722E-01
  1.0716453E-03  3.01150437147093664E-01
  1.0816211E-03  3.01150220791713108E-01
  1.0916897E-03  3.01150000391279149E-01
  1.1018519E-03  3.01149775870173331E-01
  1.1121087E-03  3.01149547151376928E-01
  1.1224609E-03  3.01149314156421988E-01
  1.1329093E-03  3.01149076805392824E-01
  1.1434549E-03  3.01148835016843142E-01
  1.1540986E-03  3.01148588707838671E-01
  1.1648414E-03  3.01148337793877119E-01
  1.1756840E-03  3.01148082188891830E-01
  1.1866274E-03  3.01147821805189231E-01
  1.1976727E-03  3.01147556553454931E-01
  1.2088207E-03  3.01147286342686837E-01
  1.2200724E-03  3.01147011080196148E-01
  1.2314287E-03  3.01146730671552343E-01
  1.2428907E-03  3.01146445020571585E-01
  1.2544592E-03  3.01146154029263313E-01
  1.2661354E-03  3.01145857597809541E-01
  1.2779201E-03  3.01145555624524441E-01
  1.2898145E-03  3.01145248005820265E-01
  1.3018195E-03  3.01144934636174699E-01
  1.3139362E-03  3.01144615408097616E-01
  1.3261655E-03  3.01144290212075783E-01
  1.3385086E-03  3.01143958936573086E-01
  1.3509665E-03  3.01143621467943712E-01
  1.3635403E-03  3.01143277690430977E-01
  1.3762310E-03  3.01142927486121093E-01
  1.3890398E-03  3.01142570734878712E-01
  1.4019677E-03  3.01142207314338606E-01
  1.4150158E-03  3.01141837099841658E-01
  1.4281853E-03  3.01141459964401725E-01
  1.4414773E-03  3.01141075778658673E-01
  1.4548929E-03  3.01140684410823090E-01
  1.4684333E-03  3.01140285726665680E-01
  1.4820996E-03  3.01139879589425952E-01
  1.4958930E-03  3.01139465859814104E-01
  1.5098148E-03  3.01139044395912159E-01
  1.5238660E-03  3.01138615053152092E-01
  1.5380479E-03  3.01138177684270869E-01
  1.5523617E-03  3.01137732139266256E-01
  1.5668086E-03  3.01137278265305008E-01
  1.5813900E-03  3.01136815906713706E-01
  1.5961069E-03  3.01136344904909314E-01
  1.6109607E-03  3.01135865098340283E-01
  1.6259527E-03  3.01135376322444970E-01
  1.6410841E-03  3.01134878409576534E-01
  1.6563563E-03  3.01134371188958305E-01
  1.6717705E-03  3.01133854486617059E-01
  1.6873280E-03  3.01133328125333888E-01
  1.7030303E-03  3.01132791924584420E-01
  1.7188786E-03  3.01132245700454160E-01
  1.7348743E-03  3.01131689265609459E-01
  1.7510188E-03  3.01131122429198483E-01
  1.7673135E-03  3.01130544996800087E-01
  1.7837597E-03  3.01129956770396834E-01
  1.8003588E-03  3.01129357548221122E-01
  1.8171124E-03  3.01128747124774998E-01
  1.8340218E-03  3.01128125290680837E-01
  1.8510885E-03  3.01127491832679561E-01
  1.8683139E-03  3.01126846533525561E-01
  1.8856995E-03  3.01126189171886438E-01
  1.9032468E-03  3.01125519522323915E-01
  1.9209573E-03  3.01124837355171704E-01
  1.9388325E-03  3.01124142436464459E-01
  1.9568741E-03  3.01123434527883926E-01
  1.9750834E-03  3.01122713386635210E-01
  1.9934620E-03  3.01121978765405918E-01
  2.0120116E-03  3.01121230412251584E-01
  2.0307338E-03  3.01120468070522396E-01
  2.0496301E-03  3.01119691478770379E-01
  2.0687021E-03  3.01118900370665743E-01
  2.0879515E-03  3.01118094474887854E-01
  2.1073800E-03  3.01117273515064454E-01
  2.1269891E-03  3.01116437209645205E-01
  2.1467807E-03  3.01115585271828134E-01
  2.1667563E-03  3.01114717409441734E-01
  2.1869177E-03  3.01113833324859415E-01
  2.2072667E-03  3.01112932714883708E-01
  2.2278049E-03  3.01112015270662170E-01
  2.2485341E-03  3.01111080677573695E-01
  2.2694561E-03  3.01110128615096395E-01
  2.2905728E-03  3.01109158756748707E-01
  2.3118858E-03  3.01108170769921080E-01
  2.3333971E-03  3.01107164315802645E-01
  2.3551084E-03  3.01106139049246824E-01
  2.3770217E-03  3.01105094618657476E-01
  2.3991388E-03  3.01104030665860722E-01
  2.4214616E-03  3.01102946826002527E-01
  2.4439920E-03  3.01101842727400593E-01
  2.4667320E-03  3.01100717991424793E-01
  2.4896835E-03  3.01099572232385537E-01
  2.5128484E-03  3.01098405057373897E-01
  2.5362289E-03  3.01097216066128992E-01
  2.5598267E-03  3.01096004850928523E-01
  2.5836441E-03  3.01094770996417294E-01
  2.6076830E-03  3.01093514079484592E-01
  2.6319455E-03  3.01092233669113973E-01
  2.6564336E-03  3.01090929326225831E-01
  2.6811495E-03  3.01089600603540231E-01
  2.7060953E-03  3.01088247045427526E-01
  2.7312731E-03  3.01086868187722512E-01
  2.7566851E-03  3.01085463557614841E-01
  2.7823334E-03  3.01084032673434587E-01
  2.8082203E-03  3.01082575044519907E-01
  2.8343480E-03  3.01081090171034849E-01
  2.8607186E-03  3.01079577543811705E-01
  2.8873346E-03  3.01078036644155111E-01
  2.9141981E-03  3.01076466943697274E-01
  2.9413115E-03  3.01074867904178034E-01
  2.9686770E-03  3.01073238977278224E-01
  2.9962971E-03  3.01071579604450912E-01
  3.0241740E-03  3.01069889216691478E-01
  3.0523103E-03  3.01068167234374962E-01
  3.0807082E-03  3.01066413067038019E-01
  3.1093703E-03  3.01064626113186518E-01
  3.1382989E-03  3.01062805760084706E-01
  3.1674967E-03  3.01060951383552766E-01
  3.1969660E-03  3.01059062347740547E-01
  3.2267093E-03  3.01057138004914904E-01
  3.2567294E-03  3.01055177695241316E-01
  3.2870286E-03  3.01053180746563898E-01
  3.3176097E-03  3.01051146474151043E-01
  3.3484751E-03  3.01049074180482379E-01
  3.3796277E-03  3.01046963155010561E-01
  3.4110700E-03  3.01044812673903428E-01
  3.4428048E-03  3.01042621999802695E-01
  3.4748347E-03  3.01040390381576040E-01
  3.5071626E-03  3.01038117054048426E-01
  3.5397911E-03  3.01035801237762690E-01
  3.5727231E-03  3.01033442138679885E-01
  3.6059614E-03  3.01031038947925933E-01
  3.6395088E-03  3.01028590841524779E-01
  3.6733683E-03  3.01026096980086810E-01
  3.7075427E-03  3.01023556508544898E-01
  3.7420349E-03  3.01020968555867241E-01
  3.7768480E-03  3.01018332234715968E-01
  3.8119848E-03  3.01015646641209222E-01
  3.8474485E-03  3.01012910854554394E-01
  3.8832420E-03  3.01010123936761353E-01
  3.9193684E-03  3.01007284932302666E-01
  3.9558308E-03  3.01004392867802451E-01
  3.9926324E-03  3.01001446751705370E-01
  4.0297763E-03  3.00998445573918805E-01
  4.0672656E-03  3.00995388305485556E-01
  4.1051036E-03  3.00992273898207652E-01
  4.1432936E-03  3.00989101284323435E-01
  4.1818388E-03  3.00985869376103499E-01
  4.2207424E-03  3.00982577065503021E-01
  4.2600079E-03  3.00979223223753367E-01
  4.2996387E-03  3.00975806701034909E-01
  4.3396380E-03  3.00972326326009065E-01
  4.3800093E-03  3.00968780905475464E-01
  4.4207562E-03  3.00965169223926687E-01
  4.4618820E-03  3.00961490043149815E-01
  4.5033904E-03  3.00957742101792269E-01
  4.5452848E-03  3.00953924114934435E-01
  4.5875688E-03  3.00950034773658115E-01
  4.6302462E-03  3.00946072744584292E-01
  4.6733205E-03  3.00942036669420376E-01
  4.7167954E-03  3.00937925164507514E-01
  4.7606747E-03  3.00933736820317044E-01
  4.8049621E-03  3.00929470201000471E-01
  4.8496615E-03  3.00925123843881703E-01
  4.8947765E-03  3.00920696258950626E-01
  4.9403112E-03  3.00916185928349345E-01
  4.9862694E-03  3.00911591305892068E-01
  5.0326551E-03  3.00906910816491568E-01
  5.0794722E-03  3.00902142855622834E-01
  5.1267247E-03  3.00897285788794100E-01
  5.1744168E-03  3.00892337950992128E-01
  5.2225524E-03  3.00887297646074303E-01
  5.2711357E-03  3.00882163146218906E-01
  5.3201709E-03  3.00876932691329535E-01
  5.3696622E-03  3.00871604488431421E-01
  5.4196138E-03  3.00866176711042599E-01
  5.4700300E-03  3.00860647498567835E-01
  5.5209151E-03  3.00855014955650868E-01
  5.5722735E-03  3.00849277151529038E-01
  5.6241096E-03  3.00843432119382692E-01
  5.6764278E-03  3.00837477855623481E-01
  5.7292326E-03  3.00831412319257696E-01
  5.7825285E-03  3.00825233431161299E-01
  5.8363202E-03  3.00818939073364267E-01
  5.8906122E-03  3.00812527088339499E-01
  5.9454091E-03  3.00805995278257798E-01
  6.0007157E-03  3.00799341404219656E-01
  6.0565367E-03  3.00792563185525830E-01
  6.1128769E-03  3.00785658298863334E-01
  6.1697412E-03  3.00778624377518788E-01
  6.2271343E-03  3.00771459010576003E-01
  6.2850612E-03  3.00764159742082315E-01
  6.3435269E-03  3.00756724070230352E-01
  6.4025364E-03  3.00749149446439989E-01
  6.4620947E-03  3.00741433274572478E-01
  6.5222070E-03  3.00733572909967162E-01
  6.5828784E-03  3.00725565658587213E-01
  6.6441141E-03  3.00717408776061679E-01
  6.7059194E-03  3.00709099466774210E-01
  6.7682995E-03  3.00700634882885953E-01
  6.8312598E-03  3.00692012123366548E-01
  6.8948056E-03  3.00683228233016298E-01
  6.9589426E-03  3.00674280201430943E-01
  7.0236760E-03  3.00665164961985865E-01
  7.0890116E-03  3.00655879390783198E-01
  7.1549548E-03  3.00646420305583584E-01
  7.2215114E-03  3.00636784464718643E-01
  7.2886870E-03  3.00626968565985919E-01
  7.3564874E-03  3.00616969245493193E-01
  7.4249184E-03  3.00606783076559136E-01
  7.4939859E-03  3.00596406568478414E-01
  7.5636958E-03  3.00585836165375320E-01
  7.6340541E-03  3.00575068244976984E-01
  7.7050668E-03  3.00564099117360206E-01
  7.7767399E-03  3.00552925023700346E-01
  7.8490797E-03  3.00541542134972361E-01
  7.9220923E-03  3.00529946550670224E-01
  7.9957840E-03  3.00518134297433459E-01
  8.0701611E-03  3.00506101327747521E-01
  8.1452300E-03  3.00493843518476578E-01
  8.2209971E-03  3.00481356669526301E-01
  8.2974689E-03  3.00468636502368547E-01
  8.3746520E-03  3.00455678658596681E-01
  8.4525530E-03  3.00442478698430437E-01
  8.5311785E-03  3.00429032099195692E-01
  8.6105353E-03  3.00415334253772370E-01
  8.6906302E-03  3.00401380469032753E-01
  8.7714700E-03  3.00387165964236980E-01
  8.8530618E-03  3.00372685869380207E-01
  8.9354124E-03  3.00357935223554584E-01
  9.0185290E-03  3.00342908973232126E-01
  9.1024186E-03  3.00327601970548475E-01
  9.1870885E-03  3.00312008971536537E-01
  9.2725459E-03  3.00296124634346906E-01
  9.3587982E-03  3.00279943517423653E-01
  9.4458527E-03  3.00263460077617284E-01
  9.5337168E-03  3.00246668668318895E-01
  9.6223982E-03  3.00229563537524502E-01
  9.7119045E-03  3.00212138825867059E-01
  9.8022432E-03  3.00194388564632597E-01
  9.8934221E-03  3.00176306673669735E-01
  9.9854491E-03  3.00157886959397435E-01
  1.0078332E-02  3.00139123112596884E-01
  1.0172079E-02  3.00120008706343200E-01
  1.0266698E-02  3.00100537193731143E-01
  1.0362197E-02  3.00080701905719671E-01
  1.0458584E-02  3.00060496048773551E-01
  1.0555867E-02  3.00039912702624367E-01
  1.0654056E-02  3.00018944817844246E-01
  1.0753157E-02  2.99997585213484130E-01
  1.0853181E-02  2.99975826574580273E-01
  1.0954134E-02  2.99953661449714748E-01
  1.1056027E-02  2.99931082248412473E-01
  1.1158867E-02  2.99908081238603352E-01
  1.1262664E-02  2.99884650543944531E-01
  1.1367427E-02  2.99860782141151694E-01
  1.1473163E-02  2.99836467857279965E-01
  1.1579883E-02  2.99811699366902717E-01
  1.1687596E-02  2.99786468189281730E-01
  1.1796311E-02  2.99760765685498753E-01
  1.1906037E-02  2.99734583055486392E-01
  1.2016783E-02  2.99707911335040489E-01
  1.2128559E-02  2.99680741392746308E-01
  1.2241375E-02  2.99653063926893448E-01
  1.2355240E-02  2.99624869462284726E-01
  1.2470165E-02  2.99596148347014091E-01
  1.2586158E-02  2.99566890749182024E-01
  1.2703230E-02  2.99537086653551221E-01
  1.2821391E-02  2.99506725858107503E-01
  1.2940651E-02  2.99475797970617463E-01
  1.3061020E-02  2.99444292405080692E-01
  1.3182509E-02  2.99412198378117167E-01
  1.3305128E-02  2.99379504905295357E-01
  1.3428887E-02  2.99346200797406536E-01
  1.3553797E-02  2.99312274656631516E-01
  1.3679870E-02  2.99277714872708156E-01
  1.3807114E-02  2.99242509618909636E-01
  1.3935542E-02  2.99206646848108382E-01
  1.4065165E-02  2.99170114288595523E-01
  1.4195993E-02  2.99132899439958633E-01
  1.4328039E-02  2.99094989568824243E-01
  1.4461312E-02  2.99056371704489510E-01
  1.4595825E-02  2.99017032634575797E-01
  1.4731589E-02  2.98976958900480871E-01
  1.4868616E-02  2.98936136792853191E-01
  1.5006917E-02  2.98894552346881170E-01
  1.5146504E-02  2.98852191337601436E-01
  1.5287390E-02  2.98809039275011790E-01
  1.5429586E-02  2.98765081399218813E-01
  1.5573105E-02  2.98720302675357485E-01
  1.5717959E-02  2.98674687788534399E-01
  1.5864160E-02  2.98628221138603323E-01
  1.6011720E-02  2.98580886834882486E-01
  1.6160654E-02  2.98532668690758896E-01
  1.6310972E-02  2.98483550218207327E-01
  1.6462689E-02  2.98433514622171214E-01
  1.6615816E-02  2.98382544794906057E-01
  1.6770368E-02  2.98330623310151200E-01
  1.6926357E-02  2.98277732417220776E-01
  1.7083798E-02  2.98223854035004787E-01
  1.7242702E-02  2.98168969745839674E-01
  1.7403085E-02  2.98113060789269191E-01
  1.7564959E-02  2.98056108055682112E-01
  1.7728339E-02  2.97998092079843180E-01
  1.7893238E-02  2.97938993034312649E-01
  1.8059671E-02  2.97878790722748199E-01
  1.8227653E-02  2.97817464573033153E-01
  1.8397196E-02  2.97754993630357734E-01
  1.8568317E-02  2.97691356550110198E-01
  1.8741029E-02  2.97626531590659882E-01
  1.8915347E-02  2.97560496606041669E-01
  1.9091287E-02  2.97493229038412466E-01
  1.9268863E-02  2.97424705910499576E-01
  1.9448091E-02  2.97354903817770910E-01
  1.9628986E-02  2.97283798920610465E-01
  1.9811563E-02  2.97211366936206312E-01
  1.9995839E-02  2.97137583130375582E-01
  2.0181828E-02  2.97062422309262719E-01
  2.0369547E-02  2.96985858810773107E-01
  2.0559013E-02  2.96907866495986217E-01
  2.0750240E-02  2.96828418740296751E-01
  2.0943246E-02  2.96747488424489558E-01
  2.1138047E-02  2.96665047925580461E-01
  2.1334660E-02  2.96581069107510364E-01
  2.1533102E-02  2.96495523311701592E-01
  2.1733390E-02  2.96408381347396221E-01
  2.1935540E-02  2.96319613481849820E-01
  2.2139571E-02  2.96229189430326945E-01
  2.2345499E-02  2.96137078345939331E-01
  2.2553342E-02  2.96043248809255088E-01
  2.2763119E-02  2.95947668817802323E-01
  2.2974847E-02  2.95850305775242350E-01
  2.3188544E-02  2.95751126480534088E-01
  2.3404229E-02  2.95650097116721133E-01
  2.3621920E-02  2.95547183239604050E-01
  2.3841635E-02  2.95442349766253776E-01
  2.4063394E-02  2.95335560963185861E-01
  2.4287216E-02  2.95226780434457381E-01
  2.4513119E-02  2.95115971109448538E-01
  2.4741124E-02  2.95003095230477463E-01
  2.4971249E-02  2.94888114340171981E-01
  2.5203515E-02  2.94770989268620165E-01
  2.5437941E-02  2.94651680120289805E-01
  2.5674547E-02  2.94530146260698844E-01
  2.5913354E-02  2.94406346302866051E-01
  2.6154382E-02  2.94280238093498570E-01
  2.6397652E-02  2.94151778698946653E-01
  2.6643185E-02  2.94020924390917038E-01
  2.6891001E-02  2.93887630631864016E-01
  2.7141122E-02  2.93751852060213536E-01
  2.7393570E-02  2.93613542475259837E-01
  2.7648365E-02  2.93472654821806234E-01
  2.7905531E-02  2.93329141174522523E-01
  2.8165088E-02  2.93182952722062073E-01
  2.8427060E-02  2.93034039750841468E-01
  2.8691468E-02  2.92882351628554027E-01
  2.8958335E-02  2.92727836787405660E-01
  2.9227684E-02  2.92570442707029754E-01
  2.9499539E-02  2.92410115897088485E-01
  2.9773922E-02  2.92246801879630813E-01
  3.0050857E-02  2.92080445171023717E-01
  3.0330368E-02  2.91910989263665155E-01
  3.0612479E-02  2.91738376607324990E-01
  3.0897214E-02  2.91562548590184711E-01
  3.1184597E-02  2.91383445519487416E-01
  3.1474653E-02  2.91201006601909063E-01
  3.1767406E-02  2.91015169923523054E-01
  3.2062883E-02  2.90825872429484655E-01
  3.2361108E-02  2.90633049903309626E-01
  3.2662106E-02  2.90436636945742621E-01
  3.2965904E-02  2.90236566953394892E-01
  3.3272528E-02  2.90032772096841140E-01
  3.3582004E-02  2.89825183298443811E-01
  3.3894358E-02  2.89613730209778319E-01
  3.4209617E-02  2.89398341188593311E-01
  3.4527809E-02  2.89178943275473499E-01
  3.4848960E-02  2.88955462169994570E-01
  3.5173098E-02  2.88727822206529317E-01
  3.5500251E-02  2.88495946329606012E-01
  3.5830446E-02  2.88259756068882100E-01
  3.6163713E-02  2.88019171513569539E-01
  3.6500080E-02  2.87774111286586975E-01
  3.6839575E-02  2.87524492518125896E-01
  3.7182228E-02  2.87270230818804373E-01
  3.7528067E-02  2.87011240252411037E-01
  3.7877124E-02  2.86747433308078337E-01
  3.8229427E-02  2.86478720872094583E-01
  3.8585006E-02  2.86205012199104103E-01
  3.8943893E-02  2.85926214882969654E-01
  3.9306118E-02  2.85642234826997465E-01
  3.9671712E-02  2.85352976213699927E-01
  4.0040707E-02  2.85058341474121291E-01
  4.0413133E-02  2.84758231256515837E-01
  4.0789023E-02  2.84452544394606432E-01
  4.1168410E-02  2.84141177875218032E-01
  4.1551325E-02  2.83824026805440388E-01
  4.1937802E-02  2.83500984379182530E-01
  4.2327873E-02  2.83171941843217978E-01
  4.2721572E-02  2.82836788462615452E-01
  4.3118933E-02  2.82495411485603642E-01
  4.3519990E-02  2.82147696107884816E-01
  4.3924777E-02  2.81793525436314696E-01
  4.4333329E-02  2.81432780451969622E-01
  4.4745681E-02  2.81065339972702555E-01
  4.5161869E-02  2.80691080614913713E-01
  4.5581927E-02  2.80309876754873344E-01
  4.6005892E-02  2.79921600489259736E-01
  4.6433801E-02  2.79526121595167709E-01
  4.6865689E-02  2.79123307489397232E-01
  4.7301594E-02  2.78713023187091735E-01
  4.7741554E-02  2.78295131259715278E-01
  4.8185606E-02  2.77869491792375245E-01
  4.8633788E-02  2.77435962340398523E-01
  4.9086139E-02  2.76994397885290400E-01
  4.9542696E-02  2.76544650789914137E-01
  5.0003501E-02  2.76086570752987148E-01
  5.0468591E-02  2.75620004762907544E-01
  5.0938007E-02  2.75144797050739909E-01
  5.1411789E-02  2.74660789042558362E-01
  5.1889977E-02  2.74167819311009364E-01
  5.2372614E-02  2.73665723526101745E-01
  5.2859739E-02  2.73154334405264432E-01
  5.3351395E-02  2.72633481662603094E-01
  5.3847624E-02  2.72102991957387463E-01
  5.4348468E-02  2.71562688841748723E-01
  5.4853971E-02  2.71012392707575434E-01
  5.5364175E-02  2.70451920732612039E-01
  5.5879125E-02  2.69881086825721428E-01
  5.6398864E-02  2.69299701571361016E-01
  5.6923437E-02  2.68707572173159381E-01
  5.7452890E-02  2.68104502396752653E-01
  5.7987267E-02  2.67490292511706806E-01
  5.8526614E-02  2.66864739232569537E-01
  5.9070977E-02  2.66227635659133544E-01
  5.9620404E-02  2.65578771215774612E-01
  6.0174941E-02  2.64917931589901845E-01
  6.0734635E-02  2.64244898669621253E-01
  6.1299536E-02  2.63559450480380708E-01
  6.1869690E-02  2.62861361120806492E-01
  6.2445147E-02  2.62150400697622799E-01
  6.3025957E-02  2.61426335259630827E-01
  6.3612169E-02  2.60688926730833992E-01
  6.4203833E-02  2.59937932842594033E-01
  6.4801000E-02  2.59173107064885166E-01
  6.5403722E-02  2.58394198536623154E-01
  6.6012049E-02  2.57600951995064553E-01
  6.6626035E-02  2.56793107704254897E-01
  6.7245731E-02  2.55970401382570212E-01
  6.7871191E-02  2.55132564129294137E-01
  6.8502468E-02  2.54279322350244696E-01
  6.9139617E-02  2.53410397682484467E-01
  6.9782691E-02  2.52525506918075737E-01
  7.0431748E-02  2.51624361926877982E-01
  7.1086841E-02  2.50706669578398600E-01
  7.1748026E-02  2.49772131662724300E-01
  7.2415362E-02  2.48820444810467251E-01
  7.3088905E-02  2.47851300411823766E-01
  7.3768712E-02  2.46864384534626558E-01
  7.4454842E-02  2.45859377841524562E-01
  7.5147353E-02  2.44835955506171488E-01
  7.5846306E-02  2.43793787128569972E-01
  7.6551760E-02  2.42732536649382991E-01
  7.7263775E-02  2.41651862263443484E-01
  7.7982413E-02  2.40551416332291601E-01
  7.8707734E-02  2.39430845295848349E-01
  7.9439802E-02  2.38289789583168876E-01
  8.0178679E-02  2.37127883522364552E-01
  8.0924428E-02  2.35944755249649585E-01
  8.1677113E-02  2.34740026617534209E-01
  8.2436799E-02  2.33513313102164333E-01
  8.3203550E-02  2.32264223709916257E-01
  8.3977434E-02  2.30992360883129133E-01
  8.4758515E-02  2.29697320405075900E-01
  8.5546861E-02  2.28378691304195219E-01
  8.6342539E-02  2.27036055757604938E-01
  8.7145618E-02  2.25668988993845826E-01
  8.7956167E-02  2.24277059195039846E-01
  8.8774254E-02  2.22859827398307592E-01
  8.9599950E-02  2.21416847396604527E-01
  9.0433326E-02  2.19947665638995121E-01
  9.1274454E-02  2.18451821130336316E-01
  9.2123404E-02  2.16928845330440989E-01
  9.2980251E-02  2.15378262052820485E-01
  9.3845067E-02  2.13799587362898752E-01
  9.4717927E-02  2.12192329475957259E-01
  9.5598905E-02  2.10555988654631904E-01
  9.6488078E-02  2.08890057106173671E-01
  9.7385520E-02  2.07194018879476471E-01
  9.8291310E-02  2.05467349761881468E-01
  9.9205524E-02  2.03709517175911126E-01
  1.0012824E-01  2.01919980075885130E-01
  1.0105954E-01  2.00098188844622188E-01
  1.0199950E-01  1.98243585190114285E-01
  1.0294821E-01  1.96355602042455168E-01
  1.0390573E-01  1.94433663450926053E-01
  1.0487217E-01  1.92477184481427227E-01
  1.0584759E-01  1.90485571114258706E-01
  1.0683209E-01  1.88458220142441707E-01
  1.0782574E-01  1.86394519070594761E-01
  1.0882863E-01  1.84293846014475321E-01
  1.0984085E-01  1.82155569601305745E-01
  1.1086249E-01  1.79979048870995140E-01
  1.1189363E-01  1.77763633178388947E-01
  1.1293436E-01  1.75508662096604151E-01
  1.1398477E-01  1.73213465321644750E-01
  1.1504495E-01  1.70877362578370828E-01
  1.1611499E-01  1.68499663528006660E-01
  1.1719498E-01  1.66079667677337645E-01
  1.1828501E-01  1.63616664289660485E-01
  1.1938519E-01  1.61109932297735542E-01
  1.2049560E-01  1.58558740218905064E-01
  1.2161633E-01  1.55962346072447744E-01
  1.2274749E-01  1.53319997299501298E-01
  1.2388917E-01  1.50630930685567377E-01
  1.2504147E-01  1.47894372285994447E-01
  1.2620449E-01  1.45109537354404988E-01
  1.2737833E-01  1.42275630274526693E-01
  1.2856308E-01  1.39391844495446698E-01
  1.2975885E-01  1.36457362470643717E-01
  1.3096574E-01  1.33471355600967734E-01
  1.3218386E-01  1.30432984181884676E-01
  1.3341331E-01  1.27341397355177743E-01
  1.3465419E-01  1.24195733065404698E-01
  1.3590662E-01  1.20995118021415590E-01
  1.3717069E-01  1.17738667663218832E-01
  1.3844652E-01  1.14425486134447085E-01
  1.3973422E-01  1.11054666260789872E-01
  1.4103389E-01  1.07625289534741986E-01
  1.4234566E-01  1.04136426106992475E-01
  1.4366962E-01  1.00587134784739213E-01
  1.4500590E-01  9.69764630374289199E-02
  1.4635460E-01  9.33034470102114821E-02
  1.4771585E-01  8.95671115455384248E-02
  1.4908976E-01  8.57664702133252299E-02
  1.5047645E-01  8.19005253501130515E-02
  1.5187604E-01  7.79682681076467182E-02
  1.5328865E-01  7.39686785113395778E-02
  1.5471439E-01  6.99007255291749369E-02
  1.5615339E-01  6.57633671514098322E-02
  1.5760578E-01  6.15555504817300939E-02
  1.5907168E-01  5.72762118402595916E-02
  1.6055121E-01  5.29242768791603063E-02
  1.6204450E-01  4.84986607111490553E-02
  1.6355169E-01  4.39982680517841326E-02
  1.6507289E-01  3.94219933759040325E-02
  1.6660823E-01  3.47687210890203491E-02
  1.6815786E-01  3.00373257142784560E-02
  1.6972190E-01  2.52266720955613699E-02
  1.7130049E-01  2.03356156176412069E-02
  1.7289376E-01  1.53630024438568893E-02
  1.7450186E-01  1.03076697723238266E-02
  1.7612490E-01  5.16844611125349442E-03
  1.7776305E-01 -5.58484257820647415E-05
  1.7941643E-01 -5.36640180365621864E-03
  1.8108518E-01 -1.07644097279819932E-02
  1.8276946E-01 -1.62510752847674529E-02
  1.8446941E-01 -2.18276085566788680E-02
  1.8618516E-01 -2.74952262149336692E-02
  1.8791687E-01 -3.32551510858179397E-02
  1.8966470E-01 -3.91086116909236045E-02
  1.9142877E-01 -4.50568417600073767E-02
  1.9320926E-01 -5.11010797154642302E-02
  1.9500630E-01 -5.72425681273147496E-02
  1.9682006E-01 -6.34825531376296964E-02
  1.9865069E-01 -6.98222838531531720E-02
  2.0049834E-01 -7.62630117050888401E-02
  2.0236318E-01 -8.28059897747131374E-02
  2.0424537E-01 -8.94524720836801096E-02
  2.0614506E-01 -9.62037128476425779E-02
  2.0806242E-01 -1.03060965691972095E-01
  2.0999761E-01 -1.10025482828206345E-01
  2.1195081E-01 -1.17098514189801772E-01
  2.1392217E-01 -1.24281306525903176E-01
  2.1591186E-01 -1.31575102451542969E-01
  2.1792006E-01 -1.38981139452929142E-01
  2.1994694E-01 -1.46500648846246723E-01
  2.2199267E-01 -1.54134854688391915E-01
  2.2405743E-01 -1.61884972638173613E-01
  2.2614139E-01 -1.69752208766328738E-01
  2.2824474E-01 -1.77737758312616873E-01
  2.3036765E-01 -1.85842804388493238E-01
  2.3251030E-01 -1.94068516623528919E-01
  2.3467288E-01 -2.02416049753902955E-01
  2.3685558E-01 -2.10886542151167450E-01
  2.3905858E-01 -2.19481114289532792E-01
  2.4128207E-01 -2.28200867149819547E-01
  2.4352624E-01 -2.37046880558295148E-01
  2.4579128E-01 -2.46020211458376881E-01
  2.4807739E-01 -2.55121892113528093E-01
  2.5038476E-01 -2.64352928239208140E-01
  2.5271359E-01 -2.73714297062121803E-01
  2.5506409E-01 -2.83206945304717461E-01
  2.5743644E-01 -2.92831787092972751E-01
  2.5983086E-01 -3.02589701785544340E-01
  2.6224755E-01 -3.12481531722240247E-01
  2.6468672E-01 -3.22508079889876564E-01
  2.6714858E-01 -3.32670107503478585E-01
  2.6963333E-01 -3.42968331500837942E-01
  2.7214119E-01 -3.53403421948492946E-01
  2.7467238E-01 -3.63975999357112112E-01
  2.7722711E-01 -3.74686631904292355E-01
  2.7980561E-01 -3.85535832562953262E-01
  2.8240808E-01 -3.96524056133288172E-01
  2.8503476E-01 -4.07651696176418832E-01
  2.8768588E-01 -4.18919081848019625E-01
  2.9036165E-01 -4.30326474629961042E-01
  2.9306230E-01 -4.41874064958360957E-01
  2.9578808E-01 -4.53561968746306443E-01
  2.9853921E-01 -4.65390223799625635E-01
  3.0131593E-01 -4.77358786124238488E-01
  3.0411847E-01 -4.89467526123581742E-01
  3.0694708E-01 -5.01716224684836121E-01
  3.0980200E-01 -5.14104569152654012E-01
  3.1268347E-01 -5.26632149189345755E-01
  3.1559174E-01 -5.39298452520476146E-01
  3.1852706E-01 -5.52102860565140574E-01
  3.2148968E-01 -5.65044643950155523E-01
  3.2447986E-01 -5.78122957907744706E-01
  3.2749785E-01 -5.91336837556363681E-01
  3.3054391E-01 -6.04685193064611548E-01
  3.3361831E-01 -6.18166804698337735E-01
  3.3672129E-01 -6.31780317751309162E-01
  3.3985314E-01 -6.45524237360071473E-01
  3.4301412E-01 -6.59396923203918961E-01
  3.4620449E-01 -6.73396584091197181E-01
  3.4942454E-01 -6.87521272433398223E-01
  3.5267454E-01 -7.01768878609037250E-01
  3.5595477E-01 -7.16137125219430404E-01
  3.5926551E-01 -7.30623561239150066E-01
  3.6260704E-01 -7.45225556064024186E-01
  3.6597965E-01 -7.59940293460396155E-01
  3.6938363E-01 -7.74764765419441281E-01
  3.7281927E-01 -7.89695765921111348E-01
  3.7628687E-01 -8.04729884612661039E-01
  3.7978671E-01 -8.19863500407382984E-01
  3.8331911E-01 -8.35092775009643629E-01
  3.8688436E-01 -8.50413646373061383E-01
  3.9048278E-01 -8.65821822099313576E-01
  3.9411466E-01 -8.81312772785599274E-01
  3.9778032E-01 -8.96881725329821688E-01
  4.0148008E-01 -9.12523656203036992E-01
  4.0521425E-01 -9.28233284699599537E-01
  4.0898314E-01 -9.44005066176522356E-01
  4.1278710E-01 -9.59833185294005964E-01
  4.1662643E-01 -9.75711549270479761E-01
  4.2050148E-01 -9.91633781166201156E-01
  4.2441256E-01 -1.00759321321046325E+00
  4.2836003E-01 -1.02358288018876609E+00
  4.3234420E-01 -1.03959551290705532E+00
  4.3636544E-01 -1.05562353175158719E+00
  4.4042407E-01 -1.07165904036396786E+00
  4.4452046E-01 -1.08769381945222499E+00
  4.4865494E-01 -1.10371932076002954E+00
  4.5282789E-01 -1.11972666121749675E+00
  4.5703964E-01 -1.13570661729834521E+00
  4.6129057E-01 -1.15164961960961065E+00
  4.6558103E-01 -1.16754574774150743E+00
  4.6991140E-01 -1.18338472540656880E+00
  4.7428205E-01 -1.19915591589863801E+00
  4.7869334E-01 -1.21484831790385872E+00
  4.8314567E-01 -1.23045056169741263E+00
  4.8763941E-01 -1.24595090576136536E+00
  4.9217494E-01 -1.26133723386046848E+00
  4.9675266E-01 -1.27659705261467038E+00
  5.0137296E-01 -1.29171748960853927E+00
  5.0603623E-01 -1.30668529207958461E+00
  5.1074287E-01 -1.32148682622914437E+00
  5.1549329E-01 -1.33610807720117708E+00
  5.2028789E-01 -1.35053464977602422E+00
  5.2512709E-01 -1.36475176982779933E+00
  5.3001130E-01 -1.37874428659583992E+00
  5.3494093E-01 -1.39249667582218750E+00
  5.3991642E-01 -1.40599304380863122E+00
  5.4493818E-01 -1.41921713244859071E+00
  5.5000665E-01 -1.43215232529029279E+00
  5.5512226E-01 -1.44478165468933950E+00
  5.6028545E-01 -1.45708781011010413E+00
  5.6549667E-01 -1.46905314763642303E+00
  5.7075635E-01 -1.48065970075342768E+00
  5.7606495E-01 -1.49188919246331464E+00
  5.8142293E-01 -1.50272304879840601E+00
  5.8683075E-01 -1.51314241379619685E+00
  5.9228886E-01 -1.52312816600094747E+00
  5.9779773E-01 -1.53266093655721858E+00
  6.0335785E-01 -1.54172112896055413E+00
  6.0896968E-01 -1.55028894053068078E+00
  6.1463370E-01 -1.55834438567202294E+00
  6.2035041E-01 -1.56586732098587422E+00
  6.2612029E-01 -1.57283747229745519E+00
  6.3194383E-01 -1.57923446366004860E+00
  6.3782154E-01 -1.58503784839667716E+00
  6.4375391E-01 -1.59022714223782669E+00
  6.4974147E-01 -1.59478185861140509E+00
  6.5578471E-01 -1.59868154613831570E+00
  6.6188416E-01 -1.60190582838380169E+00
  6.6804034E-01 -1.60443444591099649E+00
  6.7425378E-01 -1.60624730067893018E+00
  6.8052502E-01 -1.60732450282249584E+00
  6.8685458E-01 -1.60764641984655543E+00
  6.9324301E-01 -1.60719372826050844E+00
  6.9969086E-01 -1.60594746767328900E+00
  7.0619868E-01 -1.60388909736133511E+00
  7.1276703E-01 -1.60100055531466601E+00
  7.1939647E-01 -1.59726431975744254E+00
  7.2608757E-01 -1.59266347313050960E+00
  7.3284091E-01 -1.58718176851312887E+00
  7.3965706E-01 -1.58080369845098878E+00
  7.4653661E-01 -1.57351456614559626E+00
  7.5348014E-01 -1.56530055894846010E+00
  7.6048826E-01 -1.55614882409002364E+00
  7.6756155E-01 -1.54604754655978982E+00
  7.7470064E-01 -1.53498602903912640E+00
  7.8190612E-01 -1.52295477377287880E+00
  7.8917863E-01 -1.50994556624926313E+00
  7.9651877E-01 -1.49595156054043477E+00
  8.0392719E-01 -1.48096736613757929E+00
  8.1140451E-01 -1.46498913609540282E+00
  8.1895138E-01 -1.44801465628069881E+00
  8.2656844E-01 -1.43004343549843504E+00
  8.3425635E-01 -1.41107679624683491E+00
  8.4201576E-01 -1.39111796582972747E+00
  8.4984734E-01 -1.37017216753007687E+00
  8.5775177E-01 -1.34824671152349507E+00
  8.6572971E-01 -1.32535108518375067E+00
  8.7378186E-01 -1.30149704240479980E+00
  8.8190890E-01 -1.27669869153459414E+00
  8.9011153E-01 -1.25097258148563117E+00
  8.9839045E-01 -1.22433778555514827E+00
  9.0674637E-01 -1.19681598245438003E+00
  9.1518001E-01 -1.16843153401097299E+00
  9.2369209E-01 -1.13921155897139581E+00
  9.3228335E-01 -1.10918600229090925E+00
  9.4095451E-01 -1.07838769925710487E+00
  9.4970632E-01 -1.04685243374886094E+00
  9.5853953E-01 -1.01461898988590815E+00
  9.6745490E-01 -9.81729196274261473E-01
  9.7645319E-01 -9.48227961999916547E-01
  9.8553517E-01 -9.14163303466569599E-01
  9.9470163E-01 -8.79586361113029125E-01
  1.0039533E+00 -8.44551404981449760E-01
  1.0132911E+00 -8.09115828039277063E-01
  1.0227157E+00 -7.73340126084584356E-01
  1.0322280E+00 -7.37287862987211828E-01
  1.0418287E+00 -7.01025619935834343E-01
  1.0515188E+00 -6.64622927274688191E-01
  1.0612989E+00 -6.28152177422860225E-01
  1.0711701E+00 -5.91688517274377879E-01
  1.0811330E+00 -5.55309718379896955E-01
  1.0911886E+00 -5.19096023110865112E-01
  1.1013378E+00 -4.83129964906998499E-01
  1.1115813E+00 -4.47496160608592042E-01
  1.1219201E+00 -4.12281072780048941E-01
  1.1323551E+00 -3.77572739842393257E-01
  1.1428871E+00 -3.43460471754623076E-01
  1.1535171E+00 -3.10034508921476659E-01
  1.1642459E+00 -2.77385641964108531E-01
  1.1750746E+00 -2.45604789977445698E-01
  1.1860039E+00 -2.14782534922046242E-01
  1.1970349E+00 -1.85008609869127871E-01
  1.2081685E+00 -1.56371338946385469E-01
  1.2194057E+00 -1.28957027033330729E-01
  1.2307474E+00 -1.02849297543676638E-01
  1.2421945E+00 -7.81283770263299232E-02
  1.2537482E+00 -5.48703258374843988E-02
  1.2654093E+00 -3.31462148060237896E-02
  1.2771788E+00 -1.30212486603118148E-02
  1.2890579E+00  5.44616196488069502E-03
  1.3010474E+00  2.22053768343578213E-02
  1.3131484E+00  3.72145460628424060E-02
  1.3253620E+00  5.04416671661673047E-02
  1.3376892E+00  6.18656704393122439E-02
  1.3501310E+00  7.14775212533462490E-02
  1.3626886E+00  7.92813247762601259E-02
  1.3753629E+00  8.52954150276526157E-02
  1.3881551E+00  8.95534060164366041E-02
  1.4010664E+00  9.21051779218563516E-02
  1.4140977E+00  9.30177657956422627E-02
  1.4272502E+00  9.23761120160774274E-02
  1.4405250E+00  9.02836366392213013E-02
  1.4539233E+00  8.68625717866537417E-02
  1.4674462E+00  8.22539971971470441E-02
  1.4810949E+00  7.66175039542383168E-02
  1.4948706E+00  7.01304020760876862E-02
  1.5087744E+00  6.29863749948862545E-02
  1.5228075E+00  5.53934670868719628E-02
  1.5369711E+00  4.75712415396736601E-02
  1.5512664E+00  3.97464672553431778E-02
  1.5656947E+00  3.21475372276379401E-02
  1.5802573E+00  2.49974456526597423E-02
  1.5949552E+00  1.85050929173857653E-02
  1.6097899E+00  1.28546543970889087E-02
  1.6247625E+00  8.19271443567081738E-03
  1.6398744E+00  4.61282775972641276E-03
  1.6551269E+00  2.13712618718630383E-03
  1.6705212E+00  6.94538097337105034E-04
  1.6860587E+00  9.51310008520665941E-05
  1.7017407E+00  0.00000000000000000E+00
  1.7175685E+00  0.00000000000000000E+00
  1.7335436E+00  0.00000000000000000E+00
  1.7496673E+00  0.00000000000000000E+00
  1.7659409E+00  0.00000000000000000E+00
  1.7823659E+00  0.00000000000000000E+00
  1.7989437E+00  0.00000000000000000E+00
  1.8156757E+00  0.00000000000000000E+00
  1.8325632E+00  0.00000000000000000E+00
  1.8496079E+00  0.00000000000000000E+00
  1.8668111E+00  0.00000000000000000E+00
