 # l=           1 basis function with energy    -2.12069177311348     
  0.0000E+00  0.0000E+00  0.0000E+00  0.0000E+00
  8.4554E-09  2.8467E-15  1.5783E-16  1.8371E-15
  1.6990E-08  1.1493E-14  6.3720E-16  7.4170E-15
  2.5603E-08  2.6100E-14  1.4471E-15  1.6844E-14
  3.4297E-08  4.6834E-14  2.5967E-15  3.0225E-14
  4.3071E-08  7.3864E-14  4.0953E-15  4.7669E-14
  5.1927E-08  1.0736E-13  5.9525E-15  6.9287E-14
  6.0865E-08  1.4750E-13  8.1782E-15  9.5193E-14
  6.9887E-08  1.9447E-13  1.0782E-14  1.2550E-13
  7.8992E-08  2.4845E-13  1.3775E-14  1.6034E-13
  8.8183E-08  3.0962E-13  1.7166E-14  1.9982E-13
  9.7458E-08  3.7818E-13  2.0968E-14  2.4406E-13
  1.0682E-07  4.5433E-13  2.5190E-14  2.9321E-13
  1.1627E-07  5.3826E-13  2.9843E-14  3.4737E-13
  1.2581E-07  6.3018E-13  3.4939E-14  4.0669E-13
  1.3543E-07  7.3030E-13  4.0490E-14  4.7131E-13
  1.4515E-07  8.3883E-13  4.6508E-14  5.4135E-13
  1.5495E-07  9.5600E-13  5.3004E-14  6.1696E-13
  1.6485E-07  1.0820E-12  5.9991E-14  6.9829E-13
  1.7484E-07  1.2171E-12  6.7481E-14  7.8548E-13
  1.8492E-07  1.3615E-12  7.5488E-14  8.7868E-13
  1.9509E-07  1.5155E-12  8.4024E-14  9.7804E-13
  2.0536E-07  1.6792E-12  9.3103E-14  1.0837E-12
  2.1573E-07  1.8530E-12  1.0274E-13  1.1959E-12
  2.2619E-07  2.0371E-12  1.1295E-13  1.3147E-12
  2.3675E-07  2.2318E-12  1.2374E-13  1.4403E-12
  2.4741E-07  2.4372E-12  1.3513E-13  1.5729E-12
  2.5817E-07  2.6537E-12  1.4713E-13  1.7126E-12
  2.6902E-07  2.8816E-12  1.5977E-13  1.8597E-12
  2.7998E-07  3.1211E-12  1.7305E-13  2.0143E-12
  2.9104E-07  3.3726E-12  1.8699E-13  2.1765E-12
  3.0220E-07  3.6363E-12  2.0161E-13  2.3467E-12
  3.1347E-07  3.9124E-12  2.1692E-13  2.5249E-12
  3.2484E-07  4.2014E-12  2.3294E-13  2.7114E-12
  3.3632E-07  4.5036E-12  2.4969E-13  2.9064E-12
  3.4790E-07  4.8191E-12  2.6719E-13  3.1101E-12
  3.5959E-07  5.1485E-12  2.8545E-13  3.3226E-12
  3.7139E-07  5.4919E-12  3.0449E-13  3.5443E-12
  3.8330E-07  5.8498E-12  3.2433E-13  3.7752E-12
  3.9532E-07  6.2224E-12  3.4499E-13  4.0157E-12
  4.0745E-07  6.6102E-12  3.6649E-13  4.2660E-12
  4.1970E-07  7.0135E-12  3.8885E-13  4.5262E-12
  4.3206E-07  7.4326E-12  4.1209E-13  4.7967E-12
  4.4453E-07  7.8680E-12  4.3623E-13  5.0777E-12
  4.5712E-07  8.3200E-12  4.6129E-13  5.3694E-12
  4.6983E-07  8.7890E-12  4.8729E-13  5.6721E-12
  4.8265E-07  9.2754E-12  5.1426E-13  5.9860E-12
  4.9560E-07  9.7796E-12  5.4222E-13  6.3114E-12
  5.0866E-07  1.0302E-11  5.7118E-13  6.6485E-12
  5.2185E-07  1.0843E-11  6.0118E-13  6.9977E-12
  5.3516E-07  1.1403E-11  6.3223E-13  7.3592E-12
  5.4859E-07  1.1983E-11  6.6437E-13  7.7333E-12
  5.6215E-07  1.2582E-11  6.9762E-13  8.1202E-12
  5.7583E-07  1.3202E-11  7.3199E-13  8.5204E-12
  5.8964E-07  1.3843E-11  7.6753E-13  8.9340E-12
  6.0358E-07  1.4506E-11  8.0425E-13  9.3614E-12
  6.1765E-07  1.5190E-11  8.4218E-13  9.8029E-12
  6.3185E-07  1.5896E-11  8.8135E-13  1.0259E-11
  6.4619E-07  1.6626E-11  9.2178E-13  1.0730E-11
  6.6065E-07  1.7378E-11  9.6352E-13  1.1215E-11
  6.7525E-07  1.8155E-11  1.0066E-12  1.1716E-11
  6.8999E-07  1.8956E-11  1.0510E-12  1.2233E-11
  7.0486E-07  1.9782E-11  1.0968E-12  1.2767E-11
  7.1987E-07  2.0633E-11  1.1440E-12  1.3316E-11
  7.3502E-07  2.1511E-11  1.1927E-12  1.3882E-11
  7.5031E-07  2.2416E-11  1.2428E-12  1.4466E-11
  7.6575E-07  2.3347E-11  1.2945E-12  1.5067E-11
  7.8133E-07  2.4307E-11  1.3477E-12  1.5687E-11
  7.9705E-07  2.5295E-11  1.4024E-12  1.6324E-11
  8.1292E-07  2.6312E-11  1.4588E-12  1.6981E-11
  8.2893E-07  2.7359E-11  1.5169E-12  1.7657E-11
  8.4510E-07  2.8437E-11  1.5766E-12  1.8352E-11
  8.6142E-07  2.9545E-11  1.6381E-12  1.9067E-11
  8.7788E-07  3.0686E-11  1.7013E-12  1.9803E-11
  8.9450E-07  3.1858E-11  1.7664E-12  2.0560E-11
  9.1128E-07  3.3065E-11  1.8332E-12  2.1339E-11
  9.2821E-07  3.4305E-11  1.9020E-12  2.2139E-11
  9.4530E-07  3.5579E-11  1.9727E-12  2.2962E-11
  9.6255E-07  3.6890E-11  2.0453E-12  2.3807E-11
  9.7995E-07  3.8236E-11  2.1199E-12  2.4676E-11
  9.9752E-07  3.9619E-11  2.1966E-12  2.5569E-11
  1.0153E-06  4.1041E-11  2.2754E-12  2.6486E-11
  1.0332E-06  4.2500E-11  2.3564E-12  2.7428E-11
  1.0512E-06  4.4000E-11  2.4395E-12  2.8396E-11
  1.0695E-06  4.5539E-11  2.5249E-12  2.9389E-11
  1.0879E-06  4.7120E-11  2.6125E-12  3.0409E-11
  1.1064E-06  4.8743E-11  2.7025E-12  3.1457E-11
  1.1252E-06  5.0408E-11  2.7948E-12  3.2532E-11
  1.1441E-06  5.2118E-11  2.8896E-12  3.3635E-11
  1.1632E-06  5.3872E-11  2.9869E-12  3.4767E-11
  1.1825E-06  5.5672E-11  3.0867E-12  3.5929E-11
  1.2019E-06  5.7519E-11  3.1891E-12  3.7121E-11
  1.2216E-06  5.9414E-11  3.2941E-12  3.8344E-11
  1.2414E-06  6.1357E-11  3.4019E-12  3.9598E-11
  1.2614E-06  6.3350E-11  3.5124E-12  4.0884E-11
  1.2816E-06  6.5394E-11  3.6257E-12  4.2203E-11
  1.3019E-06  6.7490E-11  3.7419E-12  4.3556E-11
  1.3225E-06  6.9639E-11  3.8611E-12  4.4943E-11
  1.3433E-06  7.1842E-11  3.9832E-12  4.6364E-11
  1.3642E-06  7.4100E-11  4.1084E-12  4.7822E-11
  1.3854E-06  7.6415E-11  4.2368E-12  4.9316E-11
  1.4067E-06  7.8787E-11  4.3683E-12  5.0847E-11
  1.4282E-06  8.1219E-11  4.5031E-12  5.2416E-11
  1.4500E-06  8.3710E-11  4.6412E-12  5.4024E-11
  1.4719E-06  8.6263E-11  4.7827E-12  5.5671E-11
  1.4941E-06  8.8878E-11  4.9277E-12  5.7359E-11
  1.5164E-06  9.1557E-11  5.0763E-12  5.9088E-11
  1.5390E-06  9.4302E-11  5.2284E-12  6.0859E-11
  1.5617E-06  9.7113E-11  5.3843E-12  6.2673E-11
  1.5847E-06  9.9992E-11  5.5439E-12  6.4531E-11
  1.6079E-06  1.0294E-10  5.7074E-12  6.6434E-11
  1.6313E-06  1.0596E-10  5.8748E-12  6.8383E-11
  1.6550E-06  1.0905E-10  6.0462E-12  7.0378E-11
  1.6788E-06  1.1222E-10  6.2217E-12  7.2421E-11
  1.7029E-06  1.1546E-10  6.4014E-12  7.4512E-11
  1.7272E-06  1.1878E-10  6.5854E-12  7.6654E-11
  1.7517E-06  1.2217E-10  6.7737E-12  7.8846E-11
  1.7764E-06  1.2565E-10  6.9664E-12  8.1089E-11
  1.8014E-06  1.2921E-10  7.1637E-12  8.3385E-11
  1.8266E-06  1.3285E-10  7.3656E-12  8.5736E-11
  1.8521E-06  1.3657E-10  7.5723E-12  8.8141E-11
  1.8777E-06  1.4039E-10  7.7837E-12  9.0602E-11
  1.9037E-06  1.4429E-10  8.0001E-12  9.3121E-11
  1.9298E-06  1.4828E-10  8.2215E-12  9.5698E-11
  1.9562E-06  1.5237E-10  8.4480E-12  9.8335E-11
  1.9829E-06  1.5655E-10  8.6798E-12  1.0103E-10
  2.0098E-06  1.6083E-10  8.9168E-12  1.0379E-10
  2.0369E-06  1.6520E-10  9.1594E-12  1.0661E-10
  2.0643E-06  1.6967E-10  9.4075E-12  1.0950E-10
  2.0920E-06  1.7425E-10  9.6612E-12  1.1246E-10
  2.1199E-06  1.7893E-10  9.9207E-12  1.1548E-10
  2.1481E-06  1.8372E-10  1.0186E-11  1.1857E-10
  2.1765E-06  1.8862E-10  1.0458E-11  1.2173E-10
  2.2052E-06  1.9362E-10  1.0735E-11  1.2496E-10
  2.2342E-06  1.9874E-10  1.1019E-11  1.2826E-10
  2.2634E-06  2.0398E-10  1.1309E-11  1.3164E-10
  2.2929E-06  2.0933E-10  1.1606E-11  1.3510E-10
  2.3227E-06  2.1480E-10  1.1910E-11  1.3863E-10
  2.3528E-06  2.2040E-10  1.2220E-11  1.4224E-10
  2.3831E-06  2.2612E-10  1.2537E-11  1.4593E-10
  2.4137E-06  2.3197E-10  1.2861E-11  1.4971E-10
  2.4446E-06  2.3795E-10  1.3193E-11  1.5356E-10
  2.4758E-06  2.4406E-10  1.3532E-11  1.5751E-10
  2.5073E-06  2.5030E-10  1.3878E-11  1.6154E-10
  2.5391E-06  2.5669E-10  1.4232E-11  1.6566E-10
  2.5711E-06  2.6321E-10  1.4594E-11  1.6987E-10
  2.6035E-06  2.6988E-10  1.4963E-11  1.7417E-10
  2.6362E-06  2.7670E-10  1.5341E-11  1.7857E-10
  2.6692E-06  2.8366E-10  1.5728E-11  1.8307E-10
  2.7024E-06  2.9078E-10  1.6122E-11  1.8766E-10
  2.7360E-06  2.9806E-10  1.6526E-11  1.9236E-10
  2.7699E-06  3.0549E-10  1.6938E-11  1.9715E-10
  2.8042E-06  3.1308E-10  1.7359E-11  2.0205E-10
  2.8387E-06  3.2084E-10  1.7789E-11  2.0706E-10
  2.8735E-06  3.2877E-10  1.8228E-11  2.1218E-10
  2.9087E-06  3.3687E-10  1.8678E-11  2.1741E-10
  2.9442E-06  3.4515E-10  1.9136E-11  2.2275E-10
  2.9801E-06  3.5360E-10  1.9605E-11  2.2820E-10
  3.0162E-06  3.6224E-10  2.0084E-11  2.3378E-10
  3.0528E-06  3.7106E-10  2.0573E-11  2.3947E-10
  3.0896E-06  3.8007E-10  2.1073E-11  2.4529E-10
  3.1268E-06  3.8927E-10  2.1583E-11  2.5123E-10
  3.1643E-06  3.9868E-10  2.2104E-11  2.5729E-10
  3.2022E-06  4.0828E-10  2.2637E-11  2.6349E-10
  3.2405E-06  4.1809E-10  2.3181E-11  2.6982E-10
  3.2791E-06  4.2811E-10  2.3736E-11  2.7629E-10
  3.3180E-06  4.3834E-10  2.4304E-11  2.8289E-10
  3.3573E-06  4.4879E-10  2.4883E-11  2.8964E-10
  3.3970E-06  4.5946E-10  2.5475E-11  2.9652E-10
  3.4371E-06  4.7036E-10  2.6079E-11  3.0356E-10
  3.4775E-06  4.8149E-10  2.6696E-11  3.1074E-10
  3.5183E-06  4.9285E-10  2.7326E-11  3.1807E-10
  3.5595E-06  5.0446E-10  2.7969E-11  3.2556E-10
  3.6010E-06  5.1631E-10  2.8626E-11  3.3321E-10
  3.6430E-06  5.2840E-10  2.9297E-11  3.4102E-10
  3.6853E-06  5.4076E-10  2.9982E-11  3.4899E-10
  3.7280E-06  5.5337E-10  3.0681E-11  3.5713E-10
  3.7712E-06  5.6625E-10  3.1395E-11  3.6544E-10
  3.8147E-06  5.7940E-10  3.2124E-11  3.7393E-10
  3.8586E-06  5.9282E-10  3.2869E-11  3.8259E-10
  3.9030E-06  6.0652E-10  3.3629E-11  3.9144E-10
  3.9477E-06  6.2051E-10  3.4404E-11  4.0046E-10
  3.9929E-06  6.3480E-10  3.5196E-11  4.0968E-10
  4.0385E-06  6.4938E-10  3.6004E-11  4.1909E-10
  4.0845E-06  6.6426E-10  3.6830E-11  4.2870E-10
  4.1310E-06  6.7945E-10  3.7672E-11  4.3850E-10
  4.1779E-06  6.9496E-10  3.8532E-11  4.4851E-10
  4.2252E-06  7.1079E-10  3.9410E-11  4.5873E-10
  4.2729E-06  7.2695E-10  4.0305E-11  4.6915E-10
  4.3211E-06  7.4344E-10  4.1220E-11  4.7980E-10
  4.3698E-06  7.6027E-10  4.2153E-11  4.9066E-10
  4.4189E-06  7.7745E-10  4.3106E-11  5.0175E-10
  4.4684E-06  7.9499E-10  4.4078E-11  5.1307E-10
  4.5184E-06  8.1288E-10  4.5070E-11  5.2462E-10
  4.5689E-06  8.3115E-10  4.6083E-11  5.3640E-10
  4.6199E-06  8.4979E-10  4.7116E-11  5.4843E-10
  4.6713E-06  8.6881E-10  4.8171E-11  5.6071E-10
  4.7232E-06  8.8823E-10  4.9248E-11  5.7324E-10
  4.7756E-06  9.0804E-10  5.0346E-11  5.8603E-10
  4.8285E-06  9.2826E-10  5.1467E-11  5.9908E-10
  4.8818E-06  9.4889E-10  5.2611E-11  6.1239E-10
  4.9357E-06  9.6994E-10  5.3778E-11  6.2598E-10
  4.9900E-06  9.9142E-10  5.4969E-11  6.3984E-10
  5.0449E-06  1.0133E-09  5.6185E-11  6.5399E-10
  5.1003E-06  1.0357E-09  5.7425E-11  6.6843E-10
  5.1562E-06  1.0585E-09  5.8691E-11  6.8316E-10
  5.2126E-06  1.0818E-09  5.9982E-11  6.9819E-10
  5.2695E-06  1.1056E-09  6.1300E-11  7.1352E-10
  5.3270E-06  1.1298E-09  6.2644E-11  7.2917E-10
  5.3850E-06  1.1546E-09  6.4015E-11  7.4514E-10
  5.4435E-06  1.1798E-09  6.5415E-11  7.6143E-10
  5.5026E-06  1.2056E-09  6.6843E-11  7.7805E-10
  5.5623E-06  1.2318E-09  6.8299E-11  7.9500E-10
  5.6224E-06  1.2586E-09  6.9785E-11  8.1230E-10
  5.6832E-06  1.2860E-09  7.1302E-11  8.2995E-10
  5.7445E-06  1.3139E-09  7.2848E-11  8.4795E-10
  5.8064E-06  1.3423E-09  7.4426E-11  8.6632E-10
  5.8689E-06  1.3714E-09  7.6036E-11  8.8506E-10
  5.9319E-06  1.4010E-09  7.7679E-11  9.0418E-10
  5.9955E-06  1.4312E-09  7.9354E-11  9.2368E-10
  6.0597E-06  1.4620E-09  8.1063E-11  9.4357E-10
  6.1246E-06  1.4935E-09  8.2807E-11  9.6387E-10
  6.1900E-06  1.5256E-09  8.4585E-11  9.8457E-10
  6.2560E-06  1.5583E-09  8.6399E-11  1.0057E-09
  6.3227E-06  1.5916E-09  8.8250E-11  1.0272E-09
  6.3899E-06  1.6257E-09  9.0137E-11  1.0492E-09
  6.4578E-06  1.6604E-09  9.2063E-11  1.0716E-09
  6.5263E-06  1.6958E-09  9.4027E-11  1.0945E-09
  6.5955E-06  1.7320E-09  9.6030E-11  1.1178E-09
  6.6653E-06  1.7688E-09  9.8073E-11  1.1416E-09
  6.7357E-06  1.8064E-09  1.0016E-10  1.1658E-09
  6.8068E-06  1.8448E-09  1.0228E-10  1.1906E-09
  6.8786E-06  1.8839E-09  1.0445E-10  1.2158E-09
  6.9510E-06  1.9237E-09  1.0666E-10  1.2416E-09
  7.0241E-06  1.9644E-09  1.0892E-10  1.2678E-09
  7.0979E-06  2.0059E-09  1.1122E-10  1.2946E-09
  7.1724E-06  2.0482E-09  1.1356E-10  1.3219E-09
  7.2476E-06  2.0914E-09  1.1596E-10  1.3497E-09
  7.3234E-06  2.1354E-09  1.1840E-10  1.3781E-09
  7.4000E-06  2.1803E-09  1.2089E-10  1.4071E-09
  7.4773E-06  2.2260E-09  1.2342E-10  1.4367E-09
  7.5553E-06  2.2727E-09  1.2601E-10  1.4668E-09
  7.6340E-06  2.3203E-09  1.2865E-10  1.4975E-09
  7.7135E-06  2.3689E-09  1.3135E-10  1.5289E-09
  7.7937E-06  2.4184E-09  1.3409E-10  1.5608E-09
  7.8746E-06  2.4689E-09  1.3689E-10  1.5934E-09
  7.9563E-06  2.5204E-09  1.3975E-10  1.6266E-09
  8.0388E-06  2.5729E-09  1.4266E-10  1.6605E-09
  8.1220E-06  2.6265E-09  1.4563E-10  1.6951E-09
  8.2060E-06  2.6811E-09  1.4865E-10  1.7303E-09
  8.2908E-06  2.7367E-09  1.5174E-10  1.7663E-09
  8.3763E-06  2.7935E-09  1.5489E-10  1.8029E-09
  8.4627E-06  2.8514E-09  1.5810E-10  1.8403E-09
  8.5499E-06  2.9105E-09  1.6137E-10  1.8784E-09
  8.6378E-06  2.9707E-09  1.6471E-10  1.9172E-09
  8.7266E-06  3.0321E-09  1.6812E-10  1.9569E-09
  8.8163E-06  3.0947E-09  1.7159E-10  1.9973E-09
  8.9067E-06  3.1585E-09  1.7513E-10  2.0385E-09
  8.9980E-06  3.2236E-09  1.7873E-10  2.0805E-09
  9.0902E-06  3.2899E-09  1.8241E-10  2.1233E-09
  9.1832E-06  3.3576E-09  1.8617E-10  2.1670E-09
  9.2770E-06  3.4266E-09  1.8999E-10  2.2115E-09
  9.3718E-06  3.4969E-09  1.9389E-10  2.2569E-09
  9.4674E-06  3.5686E-09  1.9787E-10  2.3032E-09
  9.5639E-06  3.6418E-09  2.0192E-10  2.3504E-09
  9.6613E-06  3.7163E-09  2.0606E-10  2.3985E-09
  9.7596E-06  3.7923E-09  2.1027E-10  2.4476E-09
  9.8589E-06  3.8698E-09  2.1457E-10  2.4976E-09
  9.9590E-06  3.9489E-09  2.1895E-10  2.5486E-09
  1.0060E-05  4.0294E-09  2.2342E-10  2.6006E-09
  1.0162E-05  4.1116E-09  2.2797E-10  2.6536E-09
  1.0265E-05  4.1953E-09  2.3262E-10  2.7076E-09
  1.0369E-05  4.2807E-09  2.3735E-10  2.7628E-09
  1.0474E-05  4.3677E-09  2.4218E-10  2.8189E-09
  1.0580E-05  4.4565E-09  2.4710E-10  2.8762E-09
  1.0687E-05  4.5470E-09  2.5211E-10  2.9346E-09
  1.0795E-05  4.6392E-09  2.5723E-10  2.9941E-09
  1.0903E-05  4.7332E-09  2.6244E-10  3.0548E-09
  1.1013E-05  4.8291E-09  2.6776E-10  3.1167E-09
  1.1124E-05  4.9268E-09  2.7318E-10  3.1798E-09
  1.1236E-05  5.0265E-09  2.7870E-10  3.2441E-09
  1.1349E-05  5.1280E-09  2.8433E-10  3.3096E-09
  1.1463E-05  5.2316E-09  2.9008E-10  3.3765E-09
  1.1578E-05  5.3371E-09  2.9593E-10  3.4446E-09
  1.1694E-05  5.4448E-09  3.0190E-10  3.5141E-09
  1.1811E-05  5.5545E-09  3.0798E-10  3.5849E-09
  1.1930E-05  5.6663E-09  3.1418E-10  3.6570E-09
  1.2049E-05  5.7803E-09  3.2050E-10  3.7306E-09
  1.2170E-05  5.8965E-09  3.2694E-10  3.8056E-09
  1.2291E-05  6.0150E-09  3.3351E-10  3.8821E-09
  1.2414E-05  6.1357E-09  3.4021E-10  3.9600E-09
  1.2538E-05  6.2588E-09  3.4704E-10  4.0395E-09
  1.2663E-05  6.3843E-09  3.5399E-10  4.1205E-09
  1.2789E-05  6.5122E-09  3.6109E-10  4.2030E-09
  1.2917E-05  6.6426E-09  3.6832E-10  4.2872E-09
  1.3045E-05  6.7755E-09  3.7569E-10  4.3730E-09
  1.3175E-05  6.9110E-09  3.8320E-10  4.4604E-09
  1.3306E-05  7.0491E-09  3.9086E-10  4.5496E-09
  1.3438E-05  7.1899E-09  3.9866E-10  4.6404E-09
  1.3572E-05  7.3334E-09  4.0662E-10  4.7330E-09
  1.3706E-05  7.4797E-09  4.1473E-10  4.8275E-09
  1.3842E-05  7.6288E-09  4.2300E-10  4.9237E-09
  1.3980E-05  7.7808E-09  4.3143E-10  5.0218E-09
  1.4118E-05  7.9357E-09  4.4001E-10  5.1218E-09
  1.4258E-05  8.0936E-09  4.4877E-10  5.2237E-09
  1.4399E-05  8.2545E-09  4.5769E-10  5.3275E-09
  1.4541E-05  8.4185E-09  4.6679E-10  5.4334E-09
  1.4685E-05  8.5858E-09  4.7606E-10  5.5414E-09
  1.4830E-05  8.7562E-09  4.8551E-10  5.6514E-09
  1.4976E-05  8.9299E-09  4.9515E-10  5.7635E-09
  1.5124E-05  9.1070E-09  5.0496E-10  5.8778E-09
  1.5273E-05  9.2874E-09  5.1497E-10  5.9942E-09
  1.5424E-05  9.4714E-09  5.2517E-10  6.1130E-09
  1.5576E-05  9.6588E-09  5.3557E-10  6.2340E-09
  1.5729E-05  9.8499E-09  5.4616E-10  6.3573E-09
  1.5884E-05  1.0045E-08  5.5696E-10  6.4830E-09
  1.6040E-05  1.0243E-08  5.6797E-10  6.6111E-09
  1.6198E-05  1.0446E-08  5.7919E-10  6.7417E-09
  1.6357E-05  1.0652E-08  5.9062E-10  6.8748E-09
  1.6517E-05  1.0862E-08  6.0228E-10  7.0105E-09
  1.6679E-05  1.1076E-08  6.1415E-10  7.1487E-09
  1.6843E-05  1.1294E-08  6.2626E-10  7.2897E-09
  1.7008E-05  1.1517E-08  6.3860E-10  7.4333E-09
  1.7175E-05  1.1744E-08  6.5118E-10  7.5797E-09
  1.7343E-05  1.1975E-08  6.6399E-10  7.7288E-09
  1.7513E-05  1.2210E-08  6.7705E-10  7.8809E-09
  1.7684E-05  1.2451E-08  6.9037E-10  8.0359E-09
  1.7857E-05  1.2695E-08  7.0394E-10  8.1938E-09
  1.8032E-05  1.2945E-08  7.1776E-10  8.3548E-09
  1.8208E-05  1.3199E-08  7.3186E-10  8.5188E-09
  1.8386E-05  1.3458E-08  7.4622E-10  8.6860E-09
  1.8565E-05  1.3722E-08  7.6086E-10  8.8564E-09
  1.8746E-05  1.3991E-08  7.7578E-10  9.0300E-09
  1.8929E-05  1.4265E-08  7.9098E-10  9.2070E-09
  1.9113E-05  1.4544E-08  8.0648E-10  9.3874E-09
  1.9300E-05  1.4829E-08  8.2227E-10  9.5712E-09
  1.9488E-05  1.5119E-08  8.3837E-10  9.7586E-09
  1.9677E-05  1.5415E-08  8.5477E-10  9.9495E-09
  1.9869E-05  1.5717E-08  8.7148E-10  1.0144E-08
  2.0062E-05  1.6024E-08  8.8852E-10  1.0342E-08
  2.0257E-05  1.6337E-08  9.0588E-10  1.0544E-08
  2.0454E-05  1.6656E-08  9.2357E-10  1.0750E-08
  2.0653E-05  1.6981E-08  9.4161E-10  1.0960E-08
  2.0853E-05  1.7313E-08  9.5998E-10  1.1174E-08
  2.1056E-05  1.7650E-08  9.7871E-10  1.1392E-08
  2.1260E-05  1.7994E-08  9.9779E-10  1.1614E-08
  2.1466E-05  1.8345E-08  1.0172E-09  1.1841E-08
  2.1674E-05  1.8703E-08  1.0371E-09  1.2071E-08
  2.1884E-05  1.9067E-08  1.0573E-09  1.2306E-08
  2.2096E-05  1.9438E-08  1.0778E-09  1.2546E-08
  2.2310E-05  1.9816E-08  1.0988E-09  1.2790E-08
  2.2526E-05  2.0202E-08  1.1202E-09  1.3039E-08
  2.2744E-05  2.0595E-08  1.1420E-09  1.3293E-08
  2.2964E-05  2.0995E-08  1.1642E-09  1.3551E-08
  2.3186E-05  2.1403E-08  1.1868E-09  1.3814E-08
  2.3410E-05  2.1819E-08  1.2099E-09  1.4083E-08
  2.3637E-05  2.2242E-08  1.2333E-09  1.4356E-08
  2.3865E-05  2.2674E-08  1.2573E-09  1.4635E-08
  2.4095E-05  2.3114E-08  1.2817E-09  1.4919E-08
  2.4328E-05  2.3562E-08  1.3065E-09  1.5208E-08
  2.4563E-05  2.4019E-08  1.3319E-09  1.5503E-08
  2.4800E-05  2.4484E-08  1.3577E-09  1.5803E-08
  2.5039E-05  2.4959E-08  1.3840E-09  1.6110E-08
  2.5280E-05  2.5442E-08  1.4108E-09  1.6422E-08
  2.5524E-05  2.5935E-08  1.4381E-09  1.6740E-08
  2.5769E-05  2.6437E-08  1.4660E-09  1.7064E-08
  2.6018E-05  2.6948E-08  1.4943E-09  1.7394E-08
  2.6268E-05  2.7470E-08  1.5232E-09  1.7730E-08
  2.6521E-05  2.8001E-08  1.5527E-09  1.8073E-08
  2.6776E-05  2.8542E-08  1.5827E-09  1.8423E-08
  2.7033E-05  2.9094E-08  1.6133E-09  1.8779E-08
  2.7293E-05  2.9656E-08  1.6445E-09  1.9142E-08
  2.7556E-05  3.0229E-08  1.6762E-09  1.9511E-08
  2.7820E-05  3.0812E-08  1.7086E-09  1.9888E-08
  2.8088E-05  3.1407E-08  1.7416E-09  2.0272E-08
  2.8357E-05  3.2013E-08  1.7752E-09  2.0663E-08
  2.8629E-05  3.2630E-08  1.8094E-09  2.1062E-08
  2.8904E-05  3.3260E-08  1.8443E-09  2.1468E-08
  2.9181E-05  3.3901E-08  1.8799E-09  2.1882E-08
  2.9461E-05  3.4554E-08  1.9161E-09  2.2303E-08
  2.9744E-05  3.5220E-08  1.9530E-09  2.2733E-08
  3.0029E-05  3.5898E-08  1.9906E-09  2.3171E-08
  3.0317E-05  3.6589E-08  2.0290E-09  2.3617E-08
  3.0607E-05  3.7294E-08  2.0680E-09  2.4072E-08
  3.0900E-05  3.8011E-08  2.1078E-09  2.4535E-08
  3.1196E-05  3.8743E-08  2.1484E-09  2.5007E-08
  3.1495E-05  3.9488E-08  2.1897E-09  2.5488E-08
  3.1796E-05  4.0247E-08  2.2318E-09  2.5978E-08
  3.2100E-05  4.1021E-08  2.2747E-09  2.6478E-08
  3.2407E-05  4.1809E-08  2.3185E-09  2.6987E-08
  3.2717E-05  4.2613E-08  2.3630E-09  2.7505E-08
  3.3030E-05  4.3431E-08  2.4084E-09  2.8034E-08
  3.3346E-05  4.4265E-08  2.4547E-09  2.8572E-08
  3.3664E-05  4.5115E-08  2.5018E-09  2.9121E-08
  3.3986E-05  4.5981E-08  2.5498E-09  2.9680E-08
  3.4310E-05  4.6863E-08  2.5987E-09  3.0249E-08
  3.4638E-05  4.7762E-08  2.6486E-09  3.0830E-08
  3.4969E-05  4.8678E-08  2.6994E-09  3.1421E-08
  3.5302E-05  4.9612E-08  2.7512E-09  3.2024E-08
  3.5639E-05  5.0563E-08  2.8039E-09  3.2638E-08
  3.5979E-05  5.1532E-08  2.8577E-09  3.3263E-08
  3.6322E-05  5.2519E-08  2.9124E-09  3.3901E-08
  3.6668E-05  5.3525E-08  2.9682E-09  3.4550E-08
  3.7018E-05  5.4550E-08  3.0251E-09  3.5212E-08
  3.7371E-05  5.5595E-08  3.0830E-09  3.5886E-08
  3.7727E-05  5.6659E-08  3.1420E-09  3.6573E-08
  3.8086E-05  5.7744E-08  3.2022E-09  3.7273E-08
  3.8449E-05  5.8848E-08  3.2635E-09  3.7986E-08
  3.8815E-05  5.9974E-08  3.3259E-09  3.8713E-08
  3.9184E-05  6.1121E-08  3.3895E-09  3.9454E-08
  3.9557E-05  6.2290E-08  3.4543E-09  4.0208E-08
  3.9934E-05  6.3481E-08  3.5204E-09  4.0977E-08
  4.0313E-05  6.4694E-08  3.5877E-09  4.1760E-08
  4.0697E-05  6.5931E-08  3.6562E-09  4.2558E-08
  4.1084E-05  6.7190E-08  3.7261E-09  4.3372E-08
  4.1474E-05  6.8474E-08  3.7973E-09  4.4200E-08
  4.1869E-05  6.9781E-08  3.8698E-09  4.5044E-08
  4.2266E-05  7.1114E-08  3.9437E-09  4.5905E-08
  4.2668E-05  7.2471E-08  4.0190E-09  4.6781E-08
  4.3073E-05  7.3855E-08  4.0957E-09  4.7674E-08
  4.3482E-05  7.5264E-08  4.1739E-09  4.8584E-08
  4.3895E-05  7.6700E-08  4.2535E-09  4.9511E-08
  4.4312E-05  7.8163E-08  4.3347E-09  5.0456E-08
  4.4733E-05  7.9654E-08  4.4174E-09  5.1418E-08
  4.5157E-05  8.1172E-08  4.5016E-09  5.2398E-08
  4.5586E-05  8.2720E-08  4.5874E-09  5.3397E-08
  4.6018E-05  8.4296E-08  4.6749E-09  5.4415E-08
  4.6455E-05  8.5903E-08  4.7640E-09  5.5453E-08
  4.6895E-05  8.7540E-08  4.8548E-09  5.6509E-08
  4.7340E-05  8.9207E-08  4.9473E-09  5.7586E-08
  4.7788E-05  9.0906E-08  5.0415E-09  5.8683E-08
  4.8241E-05  9.2638E-08  5.1375E-09  5.9800E-08
  4.8698E-05  9.4401E-08  5.2353E-09  6.0939E-08
  4.9160E-05  9.6198E-08  5.3350E-09  6.2099E-08
  4.9626E-05  9.8029E-08  5.4366E-09  6.3282E-08
  5.0096E-05  9.9895E-08  5.5400E-09  6.4486E-08
  5.0570E-05  1.0180E-07  5.6455E-09  6.5713E-08
  5.1049E-05  1.0373E-07  5.7529E-09  6.6963E-08
  5.1532E-05  1.0570E-07  5.8623E-09  6.8237E-08
  5.2020E-05  1.0772E-07  5.9738E-09  6.9535E-08
  5.2512E-05  1.0976E-07  6.0874E-09  7.0857E-08
  5.3009E-05  1.1185E-07  6.2032E-09  7.2205E-08
  5.3510E-05  1.1398E-07  6.3211E-09  7.3577E-08
  5.4017E-05  1.1614E-07  6.4412E-09  7.4976E-08
  5.4527E-05  1.1835E-07  6.5636E-09  7.6401E-08
  5.5043E-05  1.2060E-07  6.6884E-09  7.7852E-08
  5.5564E-05  1.2289E-07  6.8154E-09  7.9331E-08
  5.6089E-05  1.2522E-07  6.9449E-09  8.0838E-08
  5.6619E-05  1.2760E-07  7.0768E-09  8.2374E-08
  5.7154E-05  1.3002E-07  7.2112E-09  8.3938E-08
  5.7694E-05  1.3249E-07  7.3481E-09  8.5532E-08
  5.8239E-05  1.3501E-07  7.4876E-09  8.7155E-08
  5.8789E-05  1.3757E-07  7.6297E-09  8.8810E-08
  5.9344E-05  1.4018E-07  7.7745E-09  9.0495E-08
  5.9905E-05  1.4284E-07  7.9221E-09  9.2213E-08
  6.0471E-05  1.4555E-07  8.0724E-09  9.3962E-08
  6.1041E-05  1.4831E-07  8.2255E-09  9.5745E-08
  6.1618E-05  1.5112E-07  8.3815E-09  9.7561E-08
  6.2199E-05  1.5399E-07  8.5405E-09  9.9411E-08
  6.2786E-05  1.5691E-07  8.7024E-09  1.0130E-07
  6.3379E-05  1.5988E-07  8.8674E-09  1.0322E-07
  6.3977E-05  1.6291E-07  9.0356E-09  1.0517E-07
  6.4580E-05  1.6600E-07  9.2068E-09  1.0717E-07
  6.5189E-05  1.6914E-07  9.3813E-09  1.0920E-07
  6.5804E-05  1.7235E-07  9.5591E-09  1.1127E-07
  6.6424E-05  1.7561E-07  9.7402E-09  1.1338E-07
  6.7051E-05  1.7894E-07  9.9248E-09  1.1552E-07
  6.7683E-05  1.8233E-07  1.0113E-08  1.1771E-07
  6.8321E-05  1.8578E-07  1.0304E-08  1.1994E-07
  6.8965E-05  1.8930E-07  1.0499E-08  1.2221E-07
  6.9615E-05  1.9288E-07  1.0698E-08  1.2453E-07
  7.0270E-05  1.9654E-07  1.0901E-08  1.2689E-07
  7.0933E-05  2.0026E-07  1.1107E-08  1.2929E-07
  7.1601E-05  2.0405E-07  1.1317E-08  1.3173E-07
  7.2275E-05  2.0791E-07  1.1532E-08  1.3423E-07
  7.2956E-05  2.1184E-07  1.1750E-08  1.3677E-07
  7.3643E-05  2.1585E-07  1.1972E-08  1.3936E-07
  7.4336E-05  2.1993E-07  1.2199E-08  1.4199E-07
  7.5036E-05  2.2409E-07  1.2430E-08  1.4468E-07
  7.5742E-05  2.2833E-07  1.2665E-08  1.4742E-07
  7.6455E-05  2.3265E-07  1.2904E-08  1.5020E-07
  7.7175E-05  2.3705E-07  1.3148E-08  1.5304E-07
  7.7901E-05  2.4153E-07  1.3397E-08  1.5594E-07
  7.8634E-05  2.4609E-07  1.3650E-08  1.5889E-07
  7.9374E-05  2.5074E-07  1.3908E-08  1.6189E-07
  8.0121E-05  2.5548E-07  1.4171E-08  1.6495E-07
  8.0874E-05  2.6031E-07  1.4439E-08  1.6807E-07
  8.1635E-05  2.6523E-07  1.4712E-08  1.7125E-07
  8.2403E-05  2.7024E-07  1.4990E-08  1.7448E-07
  8.3178E-05  2.7535E-07  1.5273E-08  1.7778E-07
  8.3960E-05  2.8055E-07  1.5562E-08  1.8114E-07
  8.4749E-05  2.8585E-07  1.5856E-08  1.8456E-07
  8.5546E-05  2.9124E-07  1.6155E-08  1.8805E-07
  8.6350E-05  2.9674E-07  1.6460E-08  1.9160E-07
  8.7162E-05  3.0235E-07  1.6771E-08  1.9522E-07
  8.7981E-05  3.0805E-07  1.7088E-08  1.9890E-07
  8.8807E-05  3.1387E-07  1.7411E-08  2.0266E-07
  8.9642E-05  3.1979E-07  1.7739E-08  2.0648E-07
  9.0484E-05  3.2583E-07  1.8074E-08  2.1038E-07
  9.1334E-05  3.3198E-07  1.8415E-08  2.1435E-07
  9.2192E-05  3.3824E-07  1.8763E-08  2.1840E-07
  9.3058E-05  3.4463E-07  1.9117E-08  2.2252E-07
  9.3932E-05  3.5113E-07  1.9478E-08  2.2672E-07
  9.4814E-05  3.5775E-07  1.9845E-08  2.3100E-07
  9.5705E-05  3.6450E-07  2.0220E-08  2.3536E-07
  9.6603E-05  3.7138E-07  2.0601E-08  2.3980E-07
  9.7510E-05  3.7838E-07  2.0990E-08  2.4432E-07
  9.8425E-05  3.8552E-07  2.1386E-08  2.4893E-07
  9.9349E-05  3.9279E-07  2.1789E-08  2.5363E-07
  1.0028E-04  4.0019E-07  2.2200E-08  2.5841E-07
  1.0122E-04  4.0774E-07  2.2619E-08  2.6328E-07
  1.0217E-04  4.1542E-07  2.3045E-08  2.6825E-07
  1.0313E-04  4.2325E-07  2.3480E-08  2.7331E-07
  1.0410E-04  4.3123E-07  2.3923E-08  2.7846E-07
  1.0508E-04  4.3936E-07  2.4374E-08  2.8371E-07
  1.0606E-04  4.4764E-07  2.4833E-08  2.8906E-07
  1.0706E-04  4.5607E-07  2.5301E-08  2.9451E-07
  1.0806E-04  4.6467E-07  2.5778E-08  3.0006E-07
  1.0907E-04  4.7342E-07  2.6264E-08  3.0571E-07
  1.1010E-04  4.8234E-07  2.6759E-08  3.1147E-07
  1.1113E-04  4.9143E-07  2.7263E-08  3.1734E-07
  1.1217E-04  5.0068E-07  2.7777E-08  3.2332E-07
  1.1322E-04  5.1012E-07  2.8300E-08  3.2941E-07
  1.1429E-04  5.1972E-07  2.8833E-08  3.3562E-07
  1.1536E-04  5.2951E-07  2.9376E-08  3.4194E-07
  1.1644E-04  5.3948E-07  2.9930E-08  3.4838E-07
  1.1753E-04  5.4964E-07  3.0494E-08  3.5494E-07
  1.1863E-04  5.5999E-07  3.1068E-08  3.6163E-07
  1.1974E-04  5.7053E-07  3.1653E-08  3.6844E-07
  1.2087E-04  5.8127E-07  3.2249E-08  3.7538E-07
  1.2200E-04  5.9221E-07  3.2856E-08  3.8245E-07
  1.2314E-04  6.0336E-07  3.3475E-08  3.8965E-07
  1.2429E-04  6.1471E-07  3.4105E-08  3.9698E-07
  1.2546E-04  6.2628E-07  3.4747E-08  4.0446E-07
  1.2663E-04  6.3807E-07  3.5401E-08  4.1207E-07
  1.2782E-04  6.5007E-07  3.6068E-08  4.1983E-07
  1.2902E-04  6.6230E-07  3.6747E-08  4.2773E-07
  1.3023E-04  6.7476E-07  3.7438E-08  4.3578E-07
  1.3145E-04  6.8746E-07  3.8143E-08  4.4398E-07
  1.3268E-04  7.0039E-07  3.8860E-08  4.5233E-07
  1.3392E-04  7.1357E-07  3.9592E-08  4.6085E-07
  1.3517E-04  7.2699E-07  4.0337E-08  4.6952E-07
  1.3644E-04  7.4066E-07  4.1096E-08  4.7835E-07
  1.3772E-04  7.5459E-07  4.1869E-08  4.8735E-07
  1.3901E-04  7.6878E-07  4.2656E-08  4.9652E-07
  1.4031E-04  7.8324E-07  4.3459E-08  5.0586E-07
  1.4162E-04  7.9796E-07  4.4276E-08  5.1537E-07
  1.4295E-04  8.1296E-07  4.5109E-08  5.2507E-07
  1.4428E-04  8.2825E-07  4.5957E-08  5.3494E-07
  1.4564E-04  8.4382E-07  4.6822E-08  5.4500E-07
  1.4700E-04  8.5968E-07  4.7702E-08  5.5525E-07
  1.4837E-04  8.7584E-07  4.8599E-08  5.6569E-07
  1.4976E-04  8.9230E-07  4.9513E-08  5.7633E-07
  1.5116E-04  9.0907E-07  5.0444E-08  5.8717E-07
  1.5258E-04  9.2616E-07  5.1393E-08  5.9821E-07
  1.5401E-04  9.4356E-07  5.2359E-08  6.0945E-07
  1.5545E-04  9.6129E-07  5.3343E-08  6.2091E-07
  1.5690E-04  9.7936E-07  5.4346E-08  6.3258E-07
  1.5837E-04  9.9776E-07  5.5367E-08  6.4447E-07
  1.5985E-04  1.0165E-06  5.6408E-08  6.5659E-07
  1.6135E-04  1.0356E-06  5.7468E-08  6.6893E-07
  1.6285E-04  1.0551E-06  5.8548E-08  6.8150E-07
  1.6438E-04  1.0749E-06  5.9649E-08  6.9431E-07
  1.6592E-04  1.0951E-06  6.0770E-08  7.0736E-07
  1.6747E-04  1.1156E-06  6.1912E-08  7.2065E-07
  1.6903E-04  1.1366E-06  6.3075E-08  7.3419E-07
  1.7061E-04  1.1579E-06  6.4260E-08  7.4798E-07
  1.7221E-04  1.1797E-06  6.5467E-08  7.6204E-07
  1.7382E-04  1.2018E-06  6.6697E-08  7.7635E-07
  1.7544E-04  1.2244E-06  6.7950E-08  7.9094E-07
  1.7708E-04  1.2474E-06  6.9227E-08  8.0580E-07
  1.7874E-04  1.2708E-06  7.0527E-08  8.2094E-07
  1.8041E-04  1.2947E-06  7.1852E-08  8.3636E-07
  1.8210E-04  1.3190E-06  7.3202E-08  8.5206E-07
  1.8380E-04  1.3437E-06  7.4577E-08  8.6807E-07
  1.8552E-04  1.3690E-06  7.5977E-08  8.8437E-07
  1.8725E-04  1.3947E-06  7.7404E-08  9.0098E-07
  1.8900E-04  1.4208E-06  7.8858E-08  9.1790E-07
  1.9077E-04  1.4475E-06  8.0339E-08  9.3514E-07
  1.9255E-04  1.4747E-06  8.1847E-08  9.5270E-07
  1.9435E-04  1.5023E-06  8.3384E-08  9.7059E-07
  1.9617E-04  1.5305E-06  8.4950E-08  9.8881E-07
  1.9800E-04  1.5593E-06  8.6545E-08  1.0074E-06
  1.9985E-04  1.5885E-06  8.8169E-08  1.0263E-06
  2.0172E-04  1.6183E-06  8.9825E-08  1.0456E-06
  2.0360E-04  1.6487E-06  9.1511E-08  1.0652E-06
  2.0550E-04  1.6796E-06  9.3229E-08  1.0852E-06
  2.0742E-04  1.7111E-06  9.4979E-08  1.1056E-06
  2.0936E-04  1.7432E-06  9.6762E-08  1.1263E-06
  2.1132E-04  1.7759E-06  9.8578E-08  1.1474E-06
  2.1329E-04  1.8092E-06  1.0043E-07  1.1690E-06
  2.1528E-04  1.8432E-06  1.0231E-07  1.1909E-06
  2.1729E-04  1.8777E-06  1.0423E-07  1.2133E-06
  2.1932E-04  1.9130E-06  1.0619E-07  1.2360E-06
  2.2137E-04  1.9488E-06  1.0818E-07  1.2592E-06
  2.2344E-04  1.9854E-06  1.1021E-07  1.2829E-06
  2.2553E-04  2.0226E-06  1.1228E-07  1.3069E-06
  2.2763E-04  2.0606E-06  1.1439E-07  1.3315E-06
  2.2976E-04  2.0992E-06  1.1653E-07  1.3564E-06
  2.3190E-04  2.1386E-06  1.1872E-07  1.3819E-06
  2.3407E-04  2.1787E-06  1.2095E-07  1.4078E-06
  2.3625E-04  2.2195E-06  1.2322E-07  1.4342E-06
  2.3846E-04  2.2611E-06  1.2553E-07  1.4611E-06
  2.4069E-04  2.3035E-06  1.2788E-07  1.4886E-06
  2.4293E-04  2.3467E-06  1.3028E-07  1.5165E-06
  2.4520E-04  2.3907E-06  1.3273E-07  1.5449E-06
  2.4749E-04  2.4355E-06  1.3522E-07  1.5739E-06
  2.4980E-04  2.4811E-06  1.3775E-07  1.6034E-06
  2.5213E-04  2.5276E-06  1.4034E-07  1.6335E-06
  2.5449E-04  2.5750E-06  1.4297E-07  1.6641E-06
  2.5686E-04  2.6233E-06  1.4565E-07  1.6954E-06
  2.5926E-04  2.6724E-06  1.4838E-07  1.7272E-06
  2.6168E-04  2.7225E-06  1.5116E-07  1.7595E-06
  2.6412E-04  2.7736E-06  1.5400E-07  1.7925E-06
  2.6659E-04  2.8255E-06  1.5689E-07  1.8262E-06
  2.6907E-04  2.8785E-06  1.5983E-07  1.8604E-06
  2.7158E-04  2.9324E-06  1.6283E-07  1.8953E-06
  2.7412E-04  2.9874E-06  1.6588E-07  1.9308E-06
  2.7668E-04  3.0433E-06  1.6899E-07  1.9670E-06
  2.7926E-04  3.1003E-06  1.7216E-07  2.0039E-06
  2.8186E-04  3.1584E-06  1.7539E-07  2.0415E-06
  2.8449E-04  3.2176E-06  1.7867E-07  2.0798E-06
  2.8715E-04  3.2779E-06  1.8202E-07  2.1188E-06
  2.8983E-04  3.3393E-06  1.8544E-07  2.1585E-06
  2.9253E-04  3.4018E-06  1.8891E-07  2.1989E-06
  2.9526E-04  3.4656E-06  1.9245E-07  2.2402E-06
  2.9802E-04  3.5305E-06  1.9606E-07  2.2822E-06
  3.0080E-04  3.5966E-06  1.9974E-07  2.3249E-06
  3.0360E-04  3.6640E-06  2.0348E-07  2.3685E-06
  3.0644E-04  3.7326E-06  2.0730E-07  2.4129E-06
  3.0929E-04  3.8025E-06  2.1118E-07  2.4581E-06
  3.1218E-04  3.8737E-06  2.1514E-07  2.5042E-06
  3.1509E-04  3.9462E-06  2.1917E-07  2.5512E-06
  3.1803E-04  4.0201E-06  2.2328E-07  2.5990E-06
  3.2100E-04  4.0954E-06  2.2747E-07  2.6477E-06
  3.2399E-04  4.1721E-06  2.3173E-07  2.6973E-06
  3.2701E-04  4.2502E-06  2.3607E-07  2.7479E-06
  3.3006E-04  4.3298E-06  2.4050E-07  2.7994E-06
  3.3314E-04  4.4109E-06  2.4500E-07  2.8518E-06
  3.3625E-04  4.4934E-06  2.4959E-07  2.9053E-06
  3.3938E-04  4.5776E-06  2.5427E-07  2.9597E-06
  3.4255E-04  4.6633E-06  2.5904E-07  3.0152E-06
  3.4574E-04  4.7506E-06  2.6389E-07  3.0717E-06
  3.4897E-04  4.8395E-06  2.6883E-07  3.1292E-06
  3.5222E-04  4.9301E-06  2.7387E-07  3.1878E-06
  3.5551E-04  5.0224E-06  2.7900E-07  3.2476E-06
  3.5882E-04  5.1164E-06  2.8423E-07  3.3084E-06
  3.6217E-04  5.2121E-06  2.8956E-07  3.3704E-06
  3.6554E-04  5.3097E-06  2.9498E-07  3.4336E-06
  3.6895E-04  5.4091E-06  3.0051E-07  3.4979E-06
  3.7239E-04  5.5103E-06  3.0614E-07  3.5634E-06
  3.7586E-04  5.6134E-06  3.1187E-07  3.6302E-06
  3.7937E-04  5.7185E-06  3.1771E-07  3.6982E-06
  3.8291E-04  5.8255E-06  3.2367E-07  3.7675E-06
  3.8648E-04  5.9345E-06  3.2973E-07  3.8380E-06
  3.9008E-04  6.0456E-06  3.3591E-07  3.9099E-06
  3.9372E-04  6.1587E-06  3.4220E-07  3.9832E-06
  3.9739E-04  6.2739E-06  3.4861E-07  4.0578E-06
  4.0109E-04  6.3913E-06  3.5514E-07  4.1338E-06
  4.0483E-04  6.5109E-06  3.6179E-07  4.2112E-06
  4.0860E-04  6.6327E-06  3.6857E-07  4.2901E-06
  4.1241E-04  6.7568E-06  3.7547E-07  4.3705E-06
  4.1626E-04  6.8832E-06  3.8250E-07  4.4523E-06
  4.2014E-04  7.0120E-06  3.8967E-07  4.5357E-06
  4.2405E-04  7.1432E-06  3.9697E-07  4.6207E-06
  4.2801E-04  7.2768E-06  4.0440E-07  4.7072E-06
  4.3199E-04  7.4129E-06  4.1197E-07  4.7954E-06
  4.3602E-04  7.5516E-06  4.1969E-07  4.8852E-06
  4.4008E-04  7.6928E-06  4.2755E-07  4.9767E-06
  4.4419E-04  7.8367E-06  4.3556E-07  5.0699E-06
  4.4833E-04  7.9833E-06  4.4371E-07  5.1648E-06
  4.5250E-04  8.1326E-06  4.5202E-07  5.2615E-06
  4.5672E-04  8.2847E-06  4.6049E-07  5.3600E-06
  4.6098E-04  8.4396E-06  4.6911E-07  5.4604E-06
  4.6527E-04  8.5975E-06  4.7789E-07  5.5627E-06
  4.6961E-04  8.7582E-06  4.8684E-07  5.6668E-06
  4.7399E-04  8.9220E-06  4.9596E-07  5.7729E-06
  4.7840E-04  9.0889E-06  5.0525E-07  5.8810E-06
  4.8286E-04  9.2588E-06  5.1471E-07  5.9911E-06
  4.8736E-04  9.4319E-06  5.2434E-07  6.1033E-06
  4.9190E-04  9.6083E-06  5.3416E-07  6.2176E-06
  4.9649E-04  9.7879E-06  5.4416E-07  6.3340E-06
  5.0111E-04  9.9710E-06  5.5435E-07  6.4526E-06
  5.0578E-04  1.0157E-05  5.6473E-07  6.5734E-06
  5.1049E-04  1.0347E-05  5.7530E-07  6.6965E-06
  5.1525E-04  1.0541E-05  5.8607E-07  6.8219E-06
  5.2005E-04  1.0738E-05  5.9704E-07  6.9496E-06
  5.2490E-04  1.0939E-05  6.0822E-07  7.0797E-06
  5.2979E-04  1.1143E-05  6.1961E-07  7.2122E-06
  5.3472E-04  1.1351E-05  6.3121E-07  7.3472E-06
  5.3971E-04  1.1563E-05  6.4302E-07  7.4848E-06
  5.4473E-04  1.1780E-05  6.5506E-07  7.6249E-06
  5.4981E-04  1.2000E-05  6.6732E-07  7.7676E-06
  5.5493E-04  1.2224E-05  6.7982E-07  7.9130E-06
  5.6010E-04  1.2453E-05  6.9254E-07  8.0612E-06
  5.6532E-04  1.2685E-05  7.0551E-07  8.2121E-06
  5.7059E-04  1.2922E-05  7.1871E-07  8.3658E-06
  5.7590E-04  1.3164E-05  7.3216E-07  8.5224E-06
  5.8127E-04  1.3410E-05  7.4587E-07  8.6819E-06
  5.8668E-04  1.3660E-05  7.5983E-07  8.8444E-06
  5.9215E-04  1.3916E-05  7.7405E-07  9.0099E-06
  5.9766E-04  1.4176E-05  7.8854E-07  9.1786E-06
  6.0323E-04  1.4441E-05  8.0330E-07  9.3504E-06
  6.0885E-04  1.4710E-05  8.1834E-07  9.5254E-06
  6.1452E-04  1.4985E-05  8.3365E-07  9.7037E-06
  6.2024E-04  1.5265E-05  8.4925E-07  9.8853E-06
  6.2602E-04  1.5551E-05  8.6515E-07  1.0070E-05
  6.3185E-04  1.5841E-05  8.8134E-07  1.0259E-05
  6.3774E-04  1.6137E-05  8.9784E-07  1.0451E-05
  6.4368E-04  1.6439E-05  9.1464E-07  1.0646E-05
  6.4967E-04  1.6746E-05  9.3176E-07  1.0846E-05
  6.5572E-04  1.7058E-05  9.4919E-07  1.1049E-05
  6.6183E-04  1.7377E-05  9.6696E-07  1.1255E-05
  6.6799E-04  1.7702E-05  9.8505E-07  1.1466E-05
  6.7422E-04  1.8032E-05  1.0035E-06  1.1681E-05
  6.8050E-04  1.8369E-05  1.0223E-06  1.1899E-05
  6.8683E-04  1.8712E-05  1.0414E-06  1.2122E-05
  6.9323E-04  1.9062E-05  1.0609E-06  1.2349E-05
  6.9969E-04  1.9418E-05  1.0807E-06  1.2580E-05
  7.0620E-04  1.9780E-05  1.1010E-06  1.2815E-05
  7.1278E-04  2.0150E-05  1.1216E-06  1.3055E-05
  7.1942E-04  2.0526E-05  1.1426E-06  1.3299E-05
  7.2612E-04  2.0909E-05  1.1639E-06  1.3548E-05
  7.3288E-04  2.1300E-05  1.1857E-06  1.3802E-05
  7.3970E-04  2.1698E-05  1.2079E-06  1.4060E-05
  7.4659E-04  2.2103E-05  1.2305E-06  1.4323E-05
  7.5355E-04  2.2516E-05  1.2535E-06  1.4591E-05
  7.6056E-04  2.2936E-05  1.2770E-06  1.4864E-05
  7.6764E-04  2.3364E-05  1.3009E-06  1.5142E-05
  7.7479E-04  2.3800E-05  1.3252E-06  1.5425E-05
  7.8201E-04  2.4245E-05  1.3500E-06  1.5714E-05
  7.8929E-04  2.4697E-05  1.3753E-06  1.6008E-05
  7.9664E-04  2.5158E-05  1.4010E-06  1.6308E-05
  8.0406E-04  2.5628E-05  1.4272E-06  1.6613E-05
  8.1154E-04  2.6107E-05  1.4539E-06  1.6923E-05
  8.1910E-04  2.6594E-05  1.4811E-06  1.7240E-05
  8.2673E-04  2.7090E-05  1.5088E-06  1.7563E-05
  8.3443E-04  2.7596E-05  1.5371E-06  1.7891E-05
  8.4220E-04  2.8111E-05  1.5658E-06  1.8226E-05
  8.5004E-04  2.8636E-05  1.5951E-06  1.8567E-05
  8.5795E-04  2.9170E-05  1.6249E-06  1.8914E-05
  8.6594E-04  2.9715E-05  1.6553E-06  1.9268E-05
  8.7400E-04  3.0269E-05  1.6863E-06  1.9629E-05
  8.8214E-04  3.0834E-05  1.7179E-06  1.9996E-05
  8.9035E-04  3.1410E-05  1.7500E-06  2.0370E-05
  8.9864E-04  3.1996E-05  1.7827E-06  2.0751E-05
  9.0701E-04  3.2593E-05  1.8161E-06  2.1139E-05
  9.1545E-04  3.3201E-05  1.8501E-06  2.1535E-05
  9.2398E-04  3.3820E-05  1.8847E-06  2.1937E-05
  9.3258E-04  3.4451E-05  1.9199E-06  2.2348E-05
  9.4126E-04  3.5094E-05  1.9558E-06  2.2766E-05
  9.5002E-04  3.5749E-05  1.9924E-06  2.3192E-05
  9.5887E-04  3.6416E-05  2.0297E-06  2.3626E-05
  9.6780E-04  3.7095E-05  2.0677E-06  2.4068E-05
  9.7681E-04  3.7787E-05  2.1063E-06  2.4518E-05
  9.8590E-04  3.8492E-05  2.1457E-06  2.4976E-05
  9.9508E-04  3.9210E-05  2.1859E-06  2.5444E-05
  1.0043E-03  3.9942E-05  2.2268E-06  2.5919E-05
  1.0137E-03  4.0687E-05  2.2684E-06  2.6404E-05
  1.0231E-03  4.1446E-05  2.3109E-06  2.6898E-05
  1.0327E-03  4.2219E-05  2.3541E-06  2.7401E-05
  1.0423E-03  4.3006E-05  2.3981E-06  2.7914E-05
  1.0520E-03  4.3808E-05  2.4430E-06  2.8436E-05
  1.0618E-03  4.4625E-05  2.4887E-06  2.8968E-05
  1.0716E-03  4.5458E-05  2.5352E-06  2.9510E-05
  1.0816E-03  4.6305E-05  2.5826E-06  3.0062E-05
  1.0917E-03  4.7169E-05  2.6309E-06  3.0624E-05
  1.1019E-03  4.8048E-05  2.6802E-06  3.1197E-05
  1.1121E-03  4.8944E-05  2.7303E-06  3.1780E-05
  1.1225E-03  4.9857E-05  2.7813E-06  3.2375E-05
  1.1329E-03  5.0787E-05  2.8334E-06  3.2980E-05
  1.1435E-03  5.1733E-05  2.8864E-06  3.3597E-05
  1.1541E-03  5.2698E-05  2.9403E-06  3.4225E-05
  1.1648E-03  5.3680E-05  2.9953E-06  3.4866E-05
  1.1757E-03  5.4681E-05  3.0514E-06  3.5518E-05
  1.1866E-03  5.5700E-05  3.1084E-06  3.6182E-05
  1.1977E-03  5.6739E-05  3.1666E-06  3.6859E-05
  1.2088E-03  5.7796E-05  3.2258E-06  3.7548E-05
  1.2201E-03  5.8874E-05  3.2861E-06  3.8250E-05
  1.2314E-03  5.9971E-05  3.3476E-06  3.8966E-05
  1.2429E-03  6.1089E-05  3.4102E-06  3.9694E-05
  1.2545E-03  6.2227E-05  3.4740E-06  4.0437E-05
  1.2661E-03  6.3387E-05  3.5389E-06  4.1193E-05
  1.2779E-03  6.4568E-05  3.6051E-06  4.1963E-05
  1.2898E-03  6.5772E-05  3.6725E-06  4.2748E-05
  1.3018E-03  6.6997E-05  3.7412E-06  4.3548E-05
  1.3139E-03  6.8246E-05  3.8112E-06  4.4362E-05
  1.3262E-03  6.9517E-05  3.8825E-06  4.5192E-05
  1.3385E-03  7.0813E-05  3.9551E-06  4.6037E-05
  1.3510E-03  7.2132E-05  4.0290E-06  4.6898E-05
  1.3635E-03  7.3476E-05  4.1044E-06  4.7775E-05
  1.3762E-03  7.4845E-05  4.1811E-06  4.8668E-05
  1.3890E-03  7.6239E-05  4.2593E-06  4.9578E-05
  1.4020E-03  7.7659E-05  4.3390E-06  5.0505E-05
  1.4150E-03  7.9106E-05  4.4201E-06  5.1450E-05
  1.4282E-03  8.0579E-05  4.5028E-06  5.2412E-05
  1.4415E-03  8.2080E-05  4.5870E-06  5.3392E-05
  1.4549E-03  8.3609E-05  4.6728E-06  5.4390E-05
  1.4684E-03  8.5166E-05  4.7602E-06  5.5408E-05
  1.4821E-03  8.6752E-05  4.8492E-06  5.6444E-05
  1.4959E-03  8.8368E-05  4.9399E-06  5.7499E-05
  1.5098E-03  9.0013E-05  5.0322E-06  5.8574E-05
  1.5239E-03  9.1689E-05  5.1263E-06  5.9670E-05
  1.5380E-03  9.3397E-05  5.2222E-06  6.0786E-05
  1.5524E-03  9.5136E-05  5.3198E-06  6.1922E-05
  1.5668E-03  9.6907E-05  5.4193E-06  6.3080E-05
  1.5814E-03  9.8711E-05  5.5207E-06  6.4260E-05
  1.5961E-03  1.0055E-04  5.6239E-06  6.5461E-05
  1.6110E-03  1.0242E-04  5.7290E-06  6.6685E-05
  1.6260E-03  1.0433E-04  5.8362E-06  6.7932E-05
  1.6411E-03  1.0627E-04  5.9453E-06  6.9202E-05
  1.6564E-03  1.0825E-04  6.0565E-06  7.0496E-05
  1.6718E-03  1.1026E-04  6.1697E-06  7.1815E-05
  1.6873E-03  1.1231E-04  6.2851E-06  7.3157E-05
  1.7030E-03  1.1440E-04  6.4026E-06  7.4525E-05
  1.7189E-03  1.1653E-04  6.5223E-06  7.5919E-05
  1.7349E-03  1.1870E-04  6.6443E-06  7.7338E-05
  1.7510E-03  1.2091E-04  6.7685E-06  7.8784E-05
  1.7673E-03  1.2316E-04  6.8951E-06  8.0258E-05
  1.7838E-03  1.2545E-04  7.0240E-06  8.1758E-05
  1.8004E-03  1.2779E-04  7.1553E-06  8.3287E-05
  1.8171E-03  1.3016E-04  7.2891E-06  8.4844E-05
  1.8340E-03  1.3259E-04  7.4254E-06  8.6431E-05
  1.8511E-03  1.3505E-04  7.5643E-06  8.8047E-05
  1.8683E-03  1.3756E-04  7.7057E-06  8.9693E-05
  1.8857E-03  1.4012E-04  7.8498E-06  9.1370E-05
  1.9032E-03  1.4273E-04  7.9965E-06  9.3078E-05
  1.9210E-03  1.4538E-04  8.1461E-06  9.4818E-05
  1.9388E-03  1.4809E-04  8.2984E-06  9.6591E-05
  1.9569E-03  1.5084E-04  8.4535E-06  9.8397E-05
  1.9751E-03  1.5365E-04  8.6116E-06  1.0024E-04
  1.9935E-03  1.5650E-04  8.7726E-06  1.0211E-04
  2.0120E-03  1.5941E-04  8.9366E-06  1.0402E-04
  2.0307E-03  1.6238E-04  9.1037E-06  1.0597E-04
  2.0496E-03  1.6540E-04  9.2739E-06  1.0795E-04
  2.0687E-03  1.6847E-04  9.4473E-06  1.0996E-04
  2.0880E-03  1.7160E-04  9.6239E-06  1.1202E-04
  2.1074E-03  1.7479E-04  9.8039E-06  1.1411E-04
  2.1270E-03  1.7804E-04  9.9872E-06  1.1625E-04
  2.1468E-03  1.8135E-04  1.0174E-05  1.1842E-04
  2.1668E-03  1.8472E-04  1.0364E-05  1.2064E-04
  2.1869E-03  1.8815E-04  1.0558E-05  1.2289E-04
  2.2073E-03  1.9165E-04  1.0755E-05  1.2519E-04
  2.2278E-03  1.9521E-04  1.0956E-05  1.2753E-04
  2.2485E-03  1.9884E-04  1.1161E-05  1.2991E-04
  2.2695E-03  2.0253E-04  1.1370E-05  1.3234E-04
  2.2906E-03  2.0629E-04  1.1582E-05  1.3482E-04
  2.3119E-03  2.1013E-04  1.1799E-05  1.3734E-04
  2.3334E-03  2.1403E-04  1.2020E-05  1.3990E-04
  2.3551E-03  2.1800E-04  1.2244E-05  1.4252E-04
  2.3770E-03  2.2205E-04  1.2473E-05  1.4518E-04
  2.3991E-03  2.2618E-04  1.2706E-05  1.4790E-04
  2.4215E-03  2.3038E-04  1.2944E-05  1.5066E-04
  2.4440E-03  2.3466E-04  1.3186E-05  1.5348E-04
  2.4667E-03  2.3901E-04  1.3432E-05  1.5635E-04
  2.4897E-03  2.4345E-04  1.3684E-05  1.5927E-04
  2.5128E-03  2.4797E-04  1.3939E-05  1.6225E-04
  2.5362E-03  2.5257E-04  1.4200E-05  1.6528E-04
  2.5598E-03  2.5726E-04  1.4465E-05  1.6837E-04
  2.5836E-03  2.6204E-04  1.4736E-05  1.7152E-04
  2.6077E-03  2.6690E-04  1.5011E-05  1.7473E-04
  2.6319E-03  2.7186E-04  1.5292E-05  1.7799E-04
  2.6564E-03  2.7690E-04  1.5578E-05  1.8132E-04
  2.6811E-03  2.8204E-04  1.5869E-05  1.8471E-04
  2.7061E-03  2.8727E-04  1.6166E-05  1.8816E-04
  2.7313E-03  2.9260E-04  1.6468E-05  1.9168E-04
  2.7567E-03  2.9803E-04  1.6776E-05  1.9526E-04
  2.7823E-03  3.0356E-04  1.7089E-05  1.9891E-04
  2.8082E-03  3.0919E-04  1.7409E-05  2.0263E-04
  2.8343E-03  3.1493E-04  1.7734E-05  2.0642E-04
  2.8607E-03  3.2077E-04  1.8066E-05  2.1028E-04
  2.8873E-03  3.2672E-04  1.8404E-05  2.1421E-04
  2.9142E-03  3.3277E-04  1.8748E-05  2.1822E-04
  2.9413E-03  3.3894E-04  1.9098E-05  2.2229E-04
  2.9687E-03  3.4523E-04  1.9455E-05  2.2645E-04
  2.9963E-03  3.5163E-04  1.9819E-05  2.3068E-04
  3.0242E-03  3.5815E-04  2.0189E-05  2.3500E-04
  3.0523E-03  3.6479E-04  2.0567E-05  2.3939E-04
  3.0807E-03  3.7155E-04  2.0951E-05  2.4386E-04
  3.1094E-03  3.7843E-04  2.1343E-05  2.4842E-04
  3.1383E-03  3.8545E-04  2.1742E-05  2.5307E-04
  3.1675E-03  3.9259E-04  2.2148E-05  2.5780E-04
  3.1970E-03  3.9987E-04  2.2562E-05  2.6262E-04
  3.2267E-03  4.0727E-04  2.2984E-05  2.6752E-04
  3.2567E-03  4.1482E-04  2.3414E-05  2.7252E-04
  3.2870E-03  4.2250E-04  2.3852E-05  2.7762E-04
  3.3176E-03  4.3033E-04  2.4297E-05  2.8281E-04
  3.3485E-03  4.3830E-04  2.4752E-05  2.8809E-04
  3.3796E-03  4.4642E-04  2.5214E-05  2.9348E-04
  3.4111E-03  4.5468E-04  2.5686E-05  2.9897E-04
  3.4428E-03  4.6310E-04  2.6166E-05  3.0455E-04
  3.4748E-03  4.7168E-04  2.6655E-05  3.1025E-04
  3.5072E-03  4.8041E-04  2.7153E-05  3.1605E-04
  3.5398E-03  4.8930E-04  2.7661E-05  3.2195E-04
  3.5727E-03  4.9836E-04  2.8178E-05  3.2797E-04
  3.6060E-03  5.0758E-04  2.8704E-05  3.3410E-04
  3.6395E-03  5.1697E-04  2.9241E-05  3.4035E-04
  3.6734E-03  5.2654E-04  2.9788E-05  3.4671E-04
  3.7075E-03  5.3628E-04  3.0344E-05  3.5319E-04
  3.7420E-03  5.4620E-04  3.0912E-05  3.5979E-04
  3.7768E-03  5.5631E-04  3.1490E-05  3.6652E-04
  3.8120E-03  5.6660E-04  3.2078E-05  3.7337E-04
  3.8474E-03  5.7708E-04  3.2678E-05  3.8035E-04
  3.8832E-03  5.8775E-04  3.3289E-05  3.8746E-04
  3.9194E-03  5.9862E-04  3.3911E-05  3.9470E-04
  3.9558E-03  6.0969E-04  3.4545E-05  4.0208E-04
  3.9926E-03  6.2096E-04  3.5190E-05  4.0959E-04
  4.0298E-03  6.3244E-04  3.5848E-05  4.1725E-04
  4.0673E-03  6.4413E-04  3.6518E-05  4.2505E-04
  4.1051E-03  6.5603E-04  3.7201E-05  4.3299E-04
  4.1433E-03  6.6815E-04  3.7896E-05  4.4108E-04
  4.1818E-03  6.8050E-04  3.8605E-05  4.4933E-04
  4.2207E-03  6.9307E-04  3.9326E-05  4.5773E-04
  4.2600E-03  7.0587E-04  4.0061E-05  4.6628E-04
  4.2996E-03  7.1891E-04  4.0810E-05  4.7500E-04
  4.3396E-03  7.3219E-04  4.1573E-05  4.8387E-04
  4.3800E-03  7.4571E-04  4.2350E-05  4.9292E-04
  4.4208E-03  7.5948E-04  4.3142E-05  5.0213E-04
  4.4619E-03  7.7350E-04  4.3948E-05  5.1152E-04
  4.5034E-03  7.8778E-04  4.4770E-05  5.2108E-04
  4.5453E-03  8.0232E-04  4.5606E-05  5.3082E-04
  4.5876E-03  8.1713E-04  4.6459E-05  5.4074E-04
  4.6302E-03  8.3221E-04  4.7327E-05  5.5084E-04
  4.6733E-03  8.4757E-04  4.8212E-05  5.6114E-04
  4.7168E-03  8.6321E-04  4.9113E-05  5.7163E-04
  4.7607E-03  8.7913E-04  5.0031E-05  5.8231E-04
  4.8050E-03  8.9534E-04  5.0966E-05  5.9319E-04
  4.8497E-03  9.1186E-04  5.1919E-05  6.0428E-04
  4.8948E-03  9.2867E-04  5.2889E-05  6.1557E-04
  4.9403E-03  9.4579E-04  5.3878E-05  6.2708E-04
  4.9863E-03  9.6323E-04  5.4885E-05  6.3880E-04
  5.0327E-03  9.8099E-04  5.5911E-05  6.5074E-04
  5.0795E-03  9.9907E-04  5.6956E-05  6.6290E-04
  5.1267E-03  1.0175E-03  5.8021E-05  6.7529E-04
  5.1744E-03  1.0362E-03  5.9105E-05  6.8791E-04
  5.2226E-03  1.0553E-03  6.0210E-05  7.0077E-04
  5.2711E-03  1.0748E-03  6.1335E-05  7.1386E-04
  5.3202E-03  1.0946E-03  6.2482E-05  7.2720E-04
  5.3697E-03  1.1147E-03  6.3649E-05  7.4079E-04
  5.4196E-03  1.1352E-03  6.4839E-05  7.5464E-04
  5.4700E-03  1.1561E-03  6.6051E-05  7.6874E-04
  5.5209E-03  1.1774E-03  6.7286E-05  7.8311E-04
  5.5723E-03  1.1991E-03  6.8543E-05  7.9774E-04
  5.6241E-03  1.2212E-03  6.9824E-05  8.1265E-04
  5.6764E-03  1.2436E-03  7.1129E-05  8.2784E-04
  5.7292E-03  1.2665E-03  7.2459E-05  8.4331E-04
  5.7825E-03  1.2898E-03  7.3813E-05  8.5907E-04
  5.8363E-03  1.3135E-03  7.5193E-05  8.7513E-04
  5.8906E-03  1.3377E-03  7.6598E-05  8.9148E-04
  5.9454E-03  1.3623E-03  7.8030E-05  9.0814E-04
  6.0007E-03  1.3873E-03  7.9488E-05  9.2511E-04
  6.0565E-03  1.4128E-03  8.0974E-05  9.4240E-04
  6.1129E-03  1.4388E-03  8.2487E-05  9.6001E-04
  6.1697E-03  1.4652E-03  8.4029E-05  9.7795E-04
  6.2271E-03  1.4921E-03  8.5600E-05  9.9623E-04
  6.2851E-03  1.5195E-03  8.7200E-05  1.0148E-03
  6.3435E-03  1.5474E-03  8.8829E-05  1.0338E-03
  6.4025E-03  1.5759E-03  9.0490E-05  1.0531E-03
  6.4621E-03  1.6048E-03  9.2181E-05  1.0728E-03
  6.5222E-03  1.6342E-03  9.3904E-05  1.0929E-03
  6.5829E-03  1.6642E-03  9.5659E-05  1.1133E-03
  6.6441E-03  1.6948E-03  9.7447E-05  1.1341E-03
  6.7059E-03  1.7259E-03  9.9268E-05  1.1553E-03
  6.7683E-03  1.7575E-03  1.0112E-04  1.1769E-03
  6.8313E-03  1.7898E-03  1.0301E-04  1.1989E-03
  6.8948E-03  1.8226E-03  1.0494E-04  1.2213E-03
  6.9589E-03  1.8560E-03  1.0690E-04  1.2441E-03
  7.0237E-03  1.8900E-03  1.0890E-04  1.2673E-03
  7.0890E-03  1.9247E-03  1.1093E-04  1.2910E-03
  7.1550E-03  1.9599E-03  1.1301E-04  1.3151E-03
  7.2215E-03  1.9958E-03  1.1512E-04  1.3397E-03
  7.2887E-03  2.0324E-03  1.1727E-04  1.3647E-03
  7.3565E-03  2.0696E-03  1.1946E-04  1.3902E-03
  7.4249E-03  2.1075E-03  1.2169E-04  1.4162E-03
  7.4940E-03  2.1461E-03  1.2397E-04  1.4427E-03
  7.5637E-03  2.1854E-03  1.2629E-04  1.4696E-03
  7.6341E-03  2.2254E-03  1.2865E-04  1.4971E-03
  7.7051E-03  2.2661E-03  1.3105E-04  1.5251E-03
  7.7767E-03  2.3075E-03  1.3350E-04  1.5536E-03
  7.8491E-03  2.3497E-03  1.3599E-04  1.5826E-03
  7.9221E-03  2.3927E-03  1.3854E-04  1.6122E-03
  7.9958E-03  2.4364E-03  1.4113E-04  1.6423E-03
  8.0702E-03  2.4810E-03  1.4376E-04  1.6730E-03
  8.1452E-03  2.5263E-03  1.4645E-04  1.7042E-03
  8.2210E-03  2.5725E-03  1.4919E-04  1.7361E-03
  8.2975E-03  2.6194E-03  1.5198E-04  1.7685E-03
  8.3747E-03  2.6673E-03  1.5482E-04  1.8016E-03
  8.4526E-03  2.7160E-03  1.5771E-04  1.8352E-03
  8.5312E-03  2.7655E-03  1.6066E-04  1.8695E-03
  8.6105E-03  2.8160E-03  1.6366E-04  1.9044E-03
  8.6906E-03  2.8674E-03  1.6672E-04  1.9400E-03
  8.7715E-03  2.9197E-03  1.6983E-04  1.9763E-03
  8.8531E-03  2.9729E-03  1.7301E-04  2.0132E-03
  8.9354E-03  3.0272E-03  1.7624E-04  2.0508E-03
  9.0185E-03  3.0823E-03  1.7953E-04  2.0891E-03
  9.1024E-03  3.1385E-03  1.8289E-04  2.1281E-03
  9.1871E-03  3.1957E-03  1.8631E-04  2.1679E-03
  9.2725E-03  3.2539E-03  1.8979E-04  2.2084E-03
  9.3588E-03  3.3132E-03  1.9334E-04  2.2497E-03
  9.4459E-03  3.3735E-03  1.9695E-04  2.2917E-03
  9.5337E-03  3.4349E-03  2.0063E-04  2.3345E-03
  9.6224E-03  3.4974E-03  2.0438E-04  2.3781E-03
  9.7119E-03  3.5610E-03  2.0820E-04  2.4225E-03
  9.8022E-03  3.6258E-03  2.1209E-04  2.4678E-03
  9.8934E-03  3.6917E-03  2.1605E-04  2.5139E-03
  9.9854E-03  3.7588E-03  2.2009E-04  2.5609E-03
  1.0078E-02  3.8272E-03  2.2420E-04  2.6087E-03
  1.0172E-02  3.8967E-03  2.2839E-04  2.6574E-03
  1.0267E-02  3.9675E-03  2.3266E-04  2.7071E-03
  1.0362E-02  4.0395E-03  2.3701E-04  2.7576E-03
  1.0459E-02  4.1129E-03  2.4144E-04  2.8092E-03
  1.0556E-02  4.1875E-03  2.4595E-04  2.8616E-03
  1.0654E-02  4.2635E-03  2.5055E-04  2.9151E-03
  1.0753E-02  4.3408E-03  2.5523E-04  2.9695E-03
  1.0853E-02  4.4196E-03  2.6000E-04  3.0250E-03
  1.0954E-02  4.4997E-03  2.6486E-04  3.0815E-03
  1.1056E-02  4.5813E-03  2.6981E-04  3.1391E-03
  1.1159E-02  4.6643E-03  2.7485E-04  3.1977E-03
  1.1263E-02  4.7488E-03  2.7999E-04  3.2574E-03
  1.1367E-02  4.8348E-03  2.8522E-04  3.3183E-03
  1.1473E-02  4.9223E-03  2.9055E-04  3.3803E-03
  1.1580E-02  5.0114E-03  2.9598E-04  3.4434E-03
  1.1688E-02  5.1020E-03  3.0151E-04  3.5077E-03
  1.1796E-02  5.1943E-03  3.0714E-04  3.5732E-03
  1.1906E-02  5.2882E-03  3.1288E-04  3.6400E-03
  1.2017E-02  5.3838E-03  3.1873E-04  3.7079E-03
  1.2129E-02  5.4811E-03  3.2469E-04  3.7772E-03
  1.2241E-02  5.5801E-03  3.3075E-04  3.8477E-03
  1.2355E-02  5.6809E-03  3.3693E-04  3.9196E-03
  1.2470E-02  5.7835E-03  3.4323E-04  3.9928E-03
  1.2586E-02  5.8879E-03  3.4964E-04  4.0674E-03
  1.2703E-02  5.9941E-03  3.5618E-04  4.1433E-03
  1.2821E-02  6.1022E-03  3.6283E-04  4.2207E-03
  1.2941E-02  6.2122E-03  3.6961E-04  4.2995E-03
  1.3061E-02  6.3242E-03  3.7652E-04  4.3798E-03
  1.3183E-02  6.4381E-03  3.8356E-04  4.4616E-03
  1.3305E-02  6.5541E-03  3.9072E-04  4.5449E-03
  1.3429E-02  6.6721E-03  3.9802E-04  4.6298E-03
  1.3554E-02  6.7922E-03  4.0546E-04  4.7162E-03
  1.3680E-02  6.9144E-03  4.1304E-04  4.8043E-03
  1.3807E-02  7.0388E-03  4.2076E-04  4.8940E-03
  1.3936E-02  7.1653E-03  4.2862E-04  4.9854E-03
  1.4065E-02  7.2941E-03  4.3663E-04  5.0784E-03
  1.4196E-02  7.4251E-03  4.4479E-04  5.1733E-03
  1.4328E-02  7.5585E-03  4.5310E-04  5.2698E-03
  1.4461E-02  7.6942E-03  4.6156E-04  5.3682E-03
  1.4596E-02  7.8323E-03  4.7019E-04  5.4685E-03
  1.4732E-02  7.9728E-03  4.7897E-04  5.5706E-03
  1.4869E-02  8.1158E-03  4.8792E-04  5.6746E-03
  1.5007E-02  8.2612E-03  4.9704E-04  5.7805E-03
  1.5147E-02  8.4093E-03  5.0633E-04  5.8884E-03
  1.5287E-02  8.5599E-03  5.1579E-04  5.9983E-03
  1.5430E-02  8.7132E-03  5.2543E-04  6.1103E-03
  1.5573E-02  8.8691E-03  5.3524E-04  6.2244E-03
  1.5718E-02  9.0278E-03  5.4524E-04  6.3406E-03
  1.5864E-02  9.1892E-03  5.5543E-04  6.4589E-03
  1.6012E-02  9.3535E-03  5.6581E-04  6.5795E-03
  1.6161E-02  9.5206E-03  5.7638E-04  6.7023E-03
  1.6311E-02  9.6906E-03  5.8715E-04  6.8274E-03
  1.6463E-02  9.8636E-03  5.9812E-04  6.9548E-03
  1.6616E-02  1.0040E-02  6.0930E-04  7.0846E-03
  1.6770E-02  1.0219E-02  6.2068E-04  7.2168E-03
  1.6926E-02  1.0401E-02  6.3228E-04  7.3515E-03
  1.7084E-02  1.0586E-02  6.4409E-04  7.4887E-03
  1.7243E-02  1.0775E-02  6.5612E-04  7.6285E-03
  1.7403E-02  1.0967E-02  6.6838E-04  7.7708E-03
  1.7565E-02  1.1162E-02  6.8087E-04  7.9158E-03
  1.7728E-02  1.1360E-02  6.9359E-04  8.0636E-03
  1.7893E-02  1.1563E-02  7.0655E-04  8.2140E-03
  1.8060E-02  1.1768E-02  7.1975E-04  8.3673E-03
  1.8228E-02  1.1977E-02  7.3320E-04  8.5234E-03
  1.8397E-02  1.2190E-02  7.4690E-04  8.6824E-03
  1.8568E-02  1.2406E-02  7.6085E-04  8.8444E-03
  1.8741E-02  1.2626E-02  7.7506E-04  9.0094E-03
  1.8915E-02  1.2850E-02  7.8954E-04  9.1775E-03
  1.9091E-02  1.3078E-02  8.0429E-04  9.3487E-03
  1.9269E-02  1.3309E-02  8.1932E-04  9.5231E-03
  1.9448E-02  1.3545E-02  8.3463E-04  9.7008E-03
  1.9629E-02  1.3785E-02  8.5022E-04  9.8817E-03
  1.9812E-02  1.4028E-02  8.6610E-04  1.0066E-02
  1.9996E-02  1.4276E-02  8.8228E-04  1.0254E-02
  2.0182E-02  1.4529E-02  8.9876E-04  1.0445E-02
  2.0370E-02  1.4785E-02  9.1555E-04  1.0640E-02
  2.0559E-02  1.5046E-02  9.3266E-04  1.0838E-02
  2.0750E-02  1.5312E-02  9.5008E-04  1.1040E-02
  2.0943E-02  1.5582E-02  9.6783E-04  1.1246E-02
  2.1138E-02  1.5856E-02  9.8591E-04  1.1456E-02
  2.1335E-02  1.6135E-02  1.0043E-03  1.1670E-02
  2.1533E-02  1.6419E-02  1.0231E-03  1.1887E-02
  2.1733E-02  1.6708E-02  1.0422E-03  1.2109E-02
  2.1936E-02  1.7002E-02  1.0617E-03  1.2335E-02
  2.2140E-02  1.7301E-02  1.0815E-03  1.2565E-02
  2.2345E-02  1.7604E-02  1.1017E-03  1.2799E-02
  2.2553E-02  1.7913E-02  1.1223E-03  1.3038E-02
  2.2763E-02  1.8228E-02  1.1432E-03  1.3281E-02
  2.2975E-02  1.8547E-02  1.1646E-03  1.3528E-02
  2.3189E-02  1.8872E-02  1.1863E-03  1.3780E-02
  2.3404E-02  1.9202E-02  1.2085E-03  1.4037E-02
  2.3622E-02  1.9538E-02  1.2311E-03  1.4299E-02
  2.3842E-02  1.9880E-02  1.2541E-03  1.4565E-02
  2.4063E-02  2.0228E-02  1.2775E-03  1.4837E-02
  2.4287E-02  2.0581E-02  1.3014E-03  1.5113E-02
  2.4513E-02  2.0940E-02  1.3257E-03  1.5395E-02
  2.4741E-02  2.1305E-02  1.3504E-03  1.5682E-02
  2.4971E-02  2.1677E-02  1.3756E-03  1.5974E-02
  2.5204E-02  2.2054E-02  1.4013E-03  1.6271E-02
  2.5438E-02  2.2438E-02  1.4275E-03  1.6574E-02
  2.5675E-02  2.2829E-02  1.4542E-03  1.6883E-02
  2.5913E-02  2.3225E-02  1.4813E-03  1.7198E-02
  2.6154E-02  2.3629E-02  1.5090E-03  1.7518E-02
  2.6398E-02  2.4039E-02  1.5372E-03  1.7844E-02
  2.6643E-02  2.4456E-02  1.5659E-03  1.8177E-02
  2.6891E-02  2.4880E-02  1.5951E-03  1.8515E-02
  2.7141E-02  2.5311E-02  1.6249E-03  1.8860E-02
  2.7394E-02  2.5749E-02  1.6552E-03  1.9211E-02
  2.7648E-02  2.6195E-02  1.6862E-03  1.9569E-02
  2.7906E-02  2.6648E-02  1.7176E-03  1.9933E-02
  2.8165E-02  2.7108E-02  1.7497E-03  2.0304E-02
  2.8427E-02  2.7576E-02  1.7824E-03  2.0682E-02
  2.8691E-02  2.8052E-02  1.8157E-03  2.1067E-02
  2.8958E-02  2.8535E-02  1.8496E-03  2.1459E-02
  2.9228E-02  2.9027E-02  1.8841E-03  2.1858E-02
  2.9500E-02  2.9526E-02  1.9193E-03  2.2265E-02
  2.9774E-02  3.0034E-02  1.9551E-03  2.2680E-02
  3.0051E-02  3.0550E-02  1.9916E-03  2.3101E-02
  3.0330E-02  3.1075E-02  2.0288E-03  2.3531E-02
  3.0612E-02  3.1608E-02  2.0667E-03  2.3969E-02
  3.0897E-02  3.2150E-02  2.1053E-03  2.4415E-02
  3.1185E-02  3.2700E-02  2.1446E-03  2.4869E-02
  3.1475E-02  3.3260E-02  2.1846E-03  2.5331E-02
  3.1767E-02  3.3829E-02  2.2254E-03  2.5803E-02
  3.2063E-02  3.4407E-02  2.2669E-03  2.6282E-02
  3.2361E-02  3.4994E-02  2.3093E-03  2.6771E-02
  3.2662E-02  3.5591E-02  2.3524E-03  2.7269E-02
  3.2966E-02  3.6198E-02  2.3963E-03  2.7776E-02
  3.3273E-02  3.6814E-02  2.4410E-03  2.8292E-02
  3.3582E-02  3.7440E-02  2.4866E-03  2.8818E-02
  3.3894E-02  3.8077E-02  2.5330E-03  2.9353E-02
  3.4210E-02  3.8723E-02  2.5803E-03  2.9898E-02
  3.4528E-02  3.9380E-02  2.6284E-03  3.0454E-02
  3.4849E-02  4.0048E-02  2.6775E-03  3.1020E-02
  3.5173E-02  4.0726E-02  2.7275E-03  3.1596E-02
  3.5500E-02  4.1415E-02  2.7784E-03  3.2183E-02
  3.5830E-02  4.2115E-02  2.8302E-03  3.2780E-02
  3.6164E-02  4.2827E-02  2.8830E-03  3.3389E-02
  3.6500E-02  4.3549E-02  2.9368E-03  3.4009E-02
  3.6840E-02  4.4283E-02  2.9917E-03  3.4640E-02
  3.7182E-02  4.5029E-02  3.0475E-03  3.5283E-02
  3.7528E-02  4.5787E-02  3.1044E-03  3.5938E-02
  3.7877E-02  4.6556E-02  3.1623E-03  3.6605E-02
  3.8229E-02  4.7338E-02  3.2213E-03  3.7284E-02
  3.8585E-02  4.8132E-02  3.2814E-03  3.7976E-02
  3.8944E-02  4.8938E-02  3.3426E-03  3.8680E-02
  3.9306E-02  4.9757E-02  3.4050E-03  3.9398E-02
  3.9672E-02  5.0590E-02  3.4685E-03  4.0128E-02
  4.0041E-02  5.1435E-02  3.5332E-03  4.0872E-02
  4.0413E-02  5.2293E-02  3.5991E-03  4.1630E-02
  4.0789E-02  5.3164E-02  3.6663E-03  4.2401E-02
  4.1168E-02  5.4050E-02  3.7347E-03  4.3187E-02
  4.1551E-02  5.4949E-02  3.8043E-03  4.3987E-02
  4.1938E-02  5.5862E-02  3.8753E-03  4.4802E-02
  4.2328E-02  5.6789E-02  3.9476E-03  4.5632E-02
  4.2722E-02  5.7730E-02  4.0212E-03  4.6477E-02
  4.3119E-02  5.8686E-02  4.0962E-03  4.7338E-02
  4.3520E-02  5.9657E-02  4.1726E-03  4.8214E-02
  4.3925E-02  6.0642E-02  4.2505E-03  4.9107E-02
  4.4333E-02  6.1643E-02  4.3297E-03  5.0016E-02
  4.4746E-02  6.2659E-02  4.4105E-03  5.0941E-02
  4.5162E-02  6.3690E-02  4.4927E-03  5.1884E-02
  4.5582E-02  6.4738E-02  4.5765E-03  5.2843E-02
  4.6006E-02  6.5801E-02  4.6618E-03  5.3821E-02
  4.6434E-02  6.6880E-02  4.7487E-03  5.4816E-02
  4.6866E-02  6.7976E-02  4.8373E-03  5.5829E-02
  4.7302E-02  6.9088E-02  4.9275E-03  5.6861E-02
  4.7742E-02  7.0217E-02  5.0193E-03  5.7912E-02
  4.8186E-02  7.1363E-02  5.1129E-03  5.8982E-02
  4.8634E-02  7.2526E-02  5.2082E-03  6.0071E-02
  4.9086E-02  7.3707E-02  5.3053E-03  6.1180E-02
  4.9543E-02  7.4905E-02  5.4042E-03  6.2310E-02
  5.0004E-02  7.6122E-02  5.5049E-03  6.3460E-02
  5.0469E-02  7.7356E-02  5.6075E-03  6.4631E-02
  5.0938E-02  7.8609E-02  5.7120E-03  6.5823E-02
  5.1412E-02  7.9880E-02  5.8185E-03  6.7038E-02
  5.1890E-02  8.1170E-02  5.9269E-03  6.8274E-02
  5.2373E-02  8.2479E-02  6.0373E-03  6.9532E-02
  5.2860E-02  8.3807E-02  6.1498E-03  7.0814E-02
  5.3351E-02  8.5155E-02  6.2644E-03  7.2119E-02
  5.3848E-02  8.6522E-02  6.3811E-03  7.3447E-02
  5.4348E-02  8.7910E-02  6.5000E-03  7.4800E-02
  5.4854E-02  8.9317E-02  6.6211E-03  7.6177E-02
  5.5364E-02  9.0745E-02  6.7444E-03  7.7579E-02
  5.5879E-02  9.2194E-02  6.8701E-03  7.9007E-02
  5.6399E-02  9.3664E-02  6.9980E-03  8.0460E-02
  5.6923E-02  9.5155E-02  7.1283E-03  8.1940E-02
  5.7453E-02  9.6667E-02  7.2611E-03  8.3446E-02
  5.7987E-02  9.8201E-02  7.3963E-03  8.4980E-02
  5.8527E-02  9.9757E-02  7.5340E-03  8.6541E-02
  5.9071E-02  1.0134E-01  7.6743E-03  8.8131E-02
  5.9620E-02  1.0294E-01  7.8172E-03  8.9749E-02
  6.0175E-02  1.0456E-01  7.9627E-03  9.1396E-02
  6.0735E-02  1.0621E-01  8.1109E-03  9.3073E-02
  6.1300E-02  1.0787E-01  8.2619E-03  9.4780E-02
  6.1870E-02  1.0957E-01  8.4157E-03  9.6518E-02
  6.2445E-02  1.1128E-01  8.5723E-03  9.8287E-02
  6.3026E-02  1.1302E-01  8.7318E-03  1.0009E-01
  6.3612E-02  1.1479E-01  8.8943E-03  1.0192E-01
  6.4204E-02  1.1658E-01  9.0598E-03  1.0379E-01
  6.4801E-02  1.1839E-01  9.2283E-03  1.0569E-01
  6.5404E-02  1.2023E-01  9.4000E-03  1.0762E-01
  6.6012E-02  1.2210E-01  9.5749E-03  1.0959E-01
  6.6626E-02  1.2399E-01  9.7530E-03  1.1159E-01
  6.7246E-02  1.2590E-01  9.9343E-03  1.1363E-01
  6.7871E-02  1.2784E-01  1.0119E-02  1.1571E-01
  6.8502E-02  1.2981E-01  1.0307E-02  1.1782E-01
  6.9140E-02  1.3181E-01  1.0499E-02  1.1997E-01
  6.9783E-02  1.3383E-01  1.0694E-02  1.2216E-01
  7.0432E-02  1.3588E-01  1.0893E-02  1.2438E-01
  7.1087E-02  1.3795E-01  1.1095E-02  1.2665E-01
  7.1748E-02  1.4005E-01  1.1302E-02  1.2896E-01
  7.2415E-02  1.4219E-01  1.1512E-02  1.3130E-01
  7.3089E-02  1.4435E-01  1.1725E-02  1.3369E-01
  7.3769E-02  1.4653E-01  1.1943E-02  1.3613E-01
  7.4455E-02  1.4875E-01  1.2165E-02  1.3860E-01
  7.5147E-02  1.5100E-01  1.2391E-02  1.4112E-01
  7.5846E-02  1.5327E-01  1.2621E-02  1.4368E-01
  7.6552E-02  1.5558E-01  1.2856E-02  1.4629E-01
  7.7264E-02  1.5791E-01  1.3094E-02  1.4894E-01
  7.7982E-02  1.6028E-01  1.3338E-02  1.5164E-01
  7.8708E-02  1.6267E-01  1.3585E-02  1.5439E-01
  7.9440E-02  1.6510E-01  1.3837E-02  1.5719E-01
  8.0179E-02  1.6755E-01  1.4094E-02  1.6003E-01
  8.0924E-02  1.7004E-01  1.4356E-02  1.6292E-01
  8.1677E-02  1.7256E-01  1.4622E-02  1.6587E-01
  8.2437E-02  1.7511E-01  1.4893E-02  1.6886E-01
  8.3204E-02  1.7769E-01  1.5170E-02  1.7191E-01
  8.3977E-02  1.8031E-01  1.5451E-02  1.7501E-01
  8.4759E-02  1.8295E-01  1.5738E-02  1.7817E-01
  8.5547E-02  1.8563E-01  1.6029E-02  1.8138E-01
  8.6343E-02  1.8835E-01  1.6327E-02  1.8464E-01
  8.7146E-02  1.9109E-01  1.6629E-02  1.8797E-01
  8.7956E-02  1.9387E-01  1.6937E-02  1.9135E-01
  8.8774E-02  1.9668E-01  1.7251E-02  1.9478E-01
  8.9600E-02  1.9953E-01  1.7571E-02  1.9828E-01
  9.0433E-02  2.0241E-01  1.7896E-02  2.0184E-01
  9.1274E-02  2.0532E-01  1.8228E-02  2.0545E-01
  9.2123E-02  2.0827E-01  1.8565E-02  2.0913E-01
  9.2980E-02  2.1125E-01  1.8909E-02  2.1287E-01
  9.3845E-02  2.1427E-01  1.9259E-02  2.1668E-01
  9.4718E-02  2.1733E-01  1.9616E-02  2.2055E-01
  9.5599E-02  2.2042E-01  1.9979E-02  2.2449E-01
  9.6488E-02  2.2354E-01  2.0348E-02  2.2849E-01
  9.7386E-02  2.2670E-01  2.0725E-02  2.3256E-01
  9.8291E-02  2.2990E-01  2.1108E-02  2.3670E-01
  9.9206E-02  2.3313E-01  2.1498E-02  2.4091E-01
  1.0013E-01  2.3640E-01  2.1896E-02  2.4519E-01
  1.0106E-01  2.3970E-01  2.2301E-02  2.4954E-01
  1.0200E-01  2.4305E-01  2.2713E-02  2.5397E-01
  1.0295E-01  2.4643E-01  2.3132E-02  2.5847E-01
  1.0391E-01  2.4984E-01  2.3560E-02  2.6304E-01
  1.0487E-01  2.5330E-01  2.3995E-02  2.6769E-01
  1.0585E-01  2.5679E-01  2.4438E-02  2.7242E-01
  1.0683E-01  2.6032E-01  2.4889E-02  2.7723E-01
  1.0783E-01  2.6388E-01  2.5348E-02  2.8211E-01
  1.0883E-01  2.6749E-01  2.5816E-02  2.8708E-01
  1.0984E-01  2.7113E-01  2.6292E-02  2.9212E-01
  1.1086E-01  2.7481E-01  2.6777E-02  2.9725E-01
  1.1189E-01  2.7853E-01  2.7271E-02  3.0247E-01
  1.1293E-01  2.8228E-01  2.7773E-02  3.0777E-01
  1.1398E-01  2.8608E-01  2.8285E-02  3.1315E-01
  1.1504E-01  2.8991E-01  2.8806E-02  3.1863E-01
  1.1611E-01  2.9379E-01  2.9337E-02  3.2419E-01
  1.1719E-01  2.9770E-01  2.9877E-02  3.2984E-01
  1.1829E-01  3.0165E-01  3.0427E-02  3.3558E-01
  1.1939E-01  3.0564E-01  3.0987E-02  3.4141E-01
  1.2050E-01  3.0966E-01  3.1557E-02  3.4734E-01
  1.2162E-01  3.1373E-01  3.2137E-02  3.5336E-01
  1.2275E-01  3.1784E-01  3.2728E-02  3.5948E-01
  1.2389E-01  3.2198E-01  3.3330E-02  3.6569E-01
  1.2504E-01  3.2616E-01  3.3942E-02  3.7200E-01
  1.2620E-01  3.3039E-01  3.4566E-02  3.7841E-01
  1.2738E-01  3.3465E-01  3.5201E-02  3.8492E-01
  1.2856E-01  3.3895E-01  3.5847E-02  3.9153E-01
  1.2976E-01  3.4329E-01  3.6505E-02  3.9825E-01
  1.3097E-01  3.4767E-01  3.7174E-02  4.0507E-01
  1.3218E-01  3.5209E-01  3.7856E-02  4.1199E-01
  1.3341E-01  3.5654E-01  3.8550E-02  4.1902E-01
  1.3465E-01  3.6104E-01  3.9256E-02  4.2616E-01
  1.3591E-01  3.6557E-01  3.9975E-02  4.3340E-01
  1.3717E-01  3.7014E-01  4.0707E-02  4.4076E-01
  1.3845E-01  3.7476E-01  4.1452E-02  4.4822E-01
  1.3973E-01  3.7941E-01  4.2211E-02  4.5580E-01
  1.4103E-01  3.8409E-01  4.2983E-02  4.6349E-01
  1.4235E-01  3.8882E-01  4.3769E-02  4.7130E-01
  1.4367E-01  3.9358E-01  4.4569E-02  4.7922E-01
  1.4501E-01  3.9838E-01  4.5383E-02  4.8726E-01
  1.4635E-01  4.0322E-01  4.6211E-02  4.9541E-01
  1.4772E-01  4.0810E-01  4.7055E-02  5.0368E-01
  1.4909E-01  4.1301E-01  4.7913E-02  5.1208E-01
  1.5048E-01  4.1796E-01  4.8787E-02  5.2059E-01
  1.5188E-01  4.2295E-01  4.9676E-02  5.2923E-01
  1.5329E-01  4.2797E-01  5.0581E-02  5.3799E-01
  1.5471E-01  4.3303E-01  5.1502E-02  5.4687E-01
  1.5615E-01  4.3813E-01  5.2439E-02  5.5588E-01
  1.5761E-01  4.4326E-01  5.3393E-02  5.6501E-01
  1.5907E-01  4.4842E-01  5.4364E-02  5.7427E-01
  1.6055E-01  4.5362E-01  5.5352E-02  5.8366E-01
  1.6204E-01  4.5886E-01  5.6357E-02  5.9318E-01
  1.6355E-01  4.6413E-01  5.7380E-02  6.0283E-01
  1.6507E-01  4.6943E-01  5.8421E-02  6.1260E-01
  1.6661E-01  4.7476E-01  5.9480E-02  6.2251E-01
  1.6816E-01  4.8013E-01  6.0558E-02  6.3255E-01
  1.6972E-01  4.8553E-01  6.1654E-02  6.4272E-01
  1.7130E-01  4.9097E-01  6.2770E-02  6.5302E-01
  1.7289E-01  4.9643E-01  6.3906E-02  6.6346E-01
  1.7450E-01  5.0192E-01  6.5061E-02  6.7403E-01
  1.7612E-01  5.0745E-01  6.6236E-02  6.8474E-01
  1.7776E-01  5.1300E-01  6.7432E-02  6.9558E-01
  1.7942E-01  5.1859E-01  6.8649E-02  7.0656E-01
  1.8109E-01  5.2420E-01  6.9886E-02  7.1767E-01
  1.8277E-01  5.2984E-01  7.1145E-02  7.2892E-01
  1.8447E-01  5.3551E-01  7.2426E-02  7.4031E-01
  1.8619E-01  5.4120E-01  7.3729E-02  7.5183E-01
  1.8792E-01  5.4692E-01  7.5055E-02  7.6349E-01
  1.8966E-01  5.5267E-01  7.6403E-02  7.7529E-01
  1.9143E-01  5.5844E-01  7.7775E-02  7.8722E-01
  1.9321E-01  5.6423E-01  7.9170E-02  7.9929E-01
  1.9501E-01  5.7005E-01  8.0589E-02  8.1150E-01
  1.9682E-01  5.7589E-01  8.2032E-02  8.2384E-01
  1.9865E-01  5.8175E-01  8.3500E-02  8.3632E-01
  2.0050E-01  5.8763E-01  8.4993E-02  8.4894E-01
  2.0236E-01  5.9354E-01  8.6512E-02  8.6169E-01
  2.0425E-01  5.9946E-01  8.8056E-02  8.7458E-01
  2.0615E-01  6.0540E-01  8.9626E-02  8.8760E-01
  2.0806E-01  6.1135E-01  9.1223E-02  9.0075E-01
  2.1000E-01  6.1733E-01  9.2847E-02  9.1404E-01
  2.1195E-01  6.2332E-01  9.4498E-02  9.2746E-01
  2.1392E-01  6.2932E-01  9.6177E-02  9.4101E-01
  2.1591E-01  6.3533E-01  9.7884E-02  9.5469E-01
  2.1792E-01  6.4136E-01  9.9620E-02  9.6849E-01
  2.1995E-01  6.4740E-01  1.0138E-01  9.8243E-01
  2.2199E-01  6.5345E-01  1.0318E-01  9.9649E-01
  2.2406E-01  6.5951E-01  1.0500E-01  1.0107E+00
  2.2614E-01  6.6558E-01  1.0686E-01  1.0250E+00
  2.2824E-01  6.7166E-01  1.0874E-01  1.0394E+00
  2.3037E-01  6.7774E-01  1.1066E-01  1.0540E+00
  2.3251E-01  6.8382E-01  1.1260E-01  1.0686E+00
  2.3467E-01  6.8991E-01  1.1458E-01  1.0834E+00
  2.3686E-01  6.9601E-01  1.1660E-01  1.0983E+00
  2.3906E-01  7.0210E-01  1.1864E-01  1.1133E+00
  2.4128E-01  7.0819E-01  1.2072E-01  1.1284E+00
  2.4353E-01  7.1428E-01  1.2283E-01  1.1436E+00
  2.4579E-01  7.2037E-01  1.2498E-01  1.1589E+00
  2.4808E-01  7.2646E-01  1.2716E-01  1.1743E+00
  2.5038E-01  7.3254E-01  1.2937E-01  1.1898E+00
  2.5271E-01  7.3861E-01  1.3162E-01  1.2054E+00
  2.5506E-01  7.4467E-01  1.3391E-01  1.2211E+00
  2.5744E-01  7.5073E-01  1.3623E-01  1.2369E+00
  2.5983E-01  7.5677E-01  1.3859E-01  1.2528E+00
  2.6225E-01  7.6281E-01  1.4099E-01  1.2687E+00
  2.6469E-01  7.6882E-01  1.4343E-01  1.2847E+00
  2.6715E-01  7.7483E-01  1.4590E-01  1.3008E+00
  2.6963E-01  7.8081E-01  1.4841E-01  1.3169E+00
  2.7214E-01  7.8678E-01  1.5096E-01  1.3331E+00
  2.7467E-01  7.9273E-01  1.5356E-01  1.3494E+00
  2.7723E-01  7.9866E-01  1.5619E-01  1.3657E+00
  2.7981E-01  8.0456E-01  1.5886E-01  1.3821E+00
  2.8241E-01  8.1044E-01  1.6157E-01  1.3985E+00
  2.8503E-01  8.1629E-01  1.6433E-01  1.4149E+00
  2.8769E-01  8.2212E-01  1.6712E-01  1.4314E+00
  2.9036E-01  8.2792E-01  1.6996E-01  1.4479E+00
  2.9306E-01  8.3368E-01  1.7284E-01  1.4645E+00
  2.9579E-01  8.3942E-01  1.7576E-01  1.4810E+00
  2.9854E-01  8.4511E-01  1.7873E-01  1.4976E+00
  3.0132E-01  8.5078E-01  1.8174E-01  1.5141E+00
  3.0412E-01  8.5640E-01  1.8480E-01  1.5307E+00
  3.0695E-01  8.6199E-01  1.8790E-01  1.5472E+00
  3.0980E-01  8.6753E-01  1.9105E-01  1.5638E+00
  3.1268E-01  8.7303E-01  1.9424E-01  1.5803E+00
  3.1559E-01  8.7849E-01  1.9748E-01  1.5968E+00
  3.1853E-01  8.8390E-01  2.0076E-01  1.6133E+00
  3.2149E-01  8.8926E-01  2.0409E-01  1.6297E+00
  3.2448E-01  8.9458E-01  2.0747E-01  1.6461E+00
  3.2750E-01  8.9984E-01  2.1090E-01  1.6624E+00
  3.3054E-01  9.0505E-01  2.1437E-01  1.6787E+00
  3.3362E-01  9.1020E-01  2.1789E-01  1.6950E+00
  3.3672E-01  9.1530E-01  2.2146E-01  1.7111E+00
  3.3985E-01  9.2033E-01  2.2508E-01  1.7272E+00
  3.4301E-01  9.2531E-01  2.2875E-01  1.7432E+00
  3.4620E-01  9.3022E-01  2.3247E-01  1.7592E+00
  3.4942E-01  9.3507E-01  2.3624E-01  1.7750E+00
  3.5267E-01  9.3986E-01  2.4005E-01  1.7908E+00
  3.5595E-01  9.4457E-01  2.4392E-01  1.8064E+00
  3.5927E-01  9.4922E-01  2.4784E-01  1.8220E+00
  3.6261E-01  9.5380E-01  2.5181E-01  1.8374E+00
  3.6598E-01  9.5830E-01  2.5583E-01  1.8527E+00
  3.6938E-01  9.6273E-01  2.5990E-01  1.8679E+00
  3.7282E-01  9.6708E-01  2.6402E-01  1.8830E+00
  3.7629E-01  9.7135E-01  2.6819E-01  1.8980E+00
  3.7979E-01  9.7554E-01  2.7242E-01  1.9128E+00
  3.8332E-01  9.7965E-01  2.7669E-01  1.9275E+00
  3.8688E-01  9.8368E-01  2.8102E-01  1.9421E+00
  3.9048E-01  9.8762E-01  2.8540E-01  1.9566E+00
  3.9411E-01  9.9148E-01  2.8983E-01  1.9709E+00
  3.9778E-01  9.9524E-01  2.9431E-01  1.9850E+00
  4.0148E-01  9.9892E-01  2.9884E-01  1.9991E+00
  4.0521E-01  1.0025E+00  3.0342E-01  2.0130E+00
  4.0898E-01  1.0060E+00  3.0805E-01  2.0268E+00
  4.1279E-01  1.0094E+00  3.1274E-01  2.0404E+00
  4.1663E-01  1.0127E+00  3.1747E-01  2.0539E+00
  4.2050E-01  1.0159E+00  3.2226E-01  2.0673E+00
  4.2441E-01  1.0190E+00  3.2709E-01  2.0806E+00
  4.2836E-01  1.0220E+00  3.3198E-01  2.0938E+00
  4.3234E-01  1.0249E+00  3.3691E-01  2.1069E+00
  4.3637E-01  1.0277E+00  3.4189E-01  2.1198E+00
  4.4042E-01  1.0304E+00  3.4692E-01  2.1327E+00
  4.4452E-01  1.0329E+00  3.5200E-01  2.1455E+00
  4.4865E-01  1.0354E+00  3.5712E-01  2.1583E+00
  4.5283E-01  1.0378E+00  3.6230E-01  2.1710E+00
  4.5704E-01  1.0400E+00  3.6751E-01  2.1836E+00
  4.6129E-01  1.0421E+00  3.7278E-01  2.1962E+00
  4.6558E-01  1.0442E+00  3.7808E-01  2.2089E+00
  4.6991E-01  1.0461E+00  3.8343E-01  2.2215E+00
  4.7428E-01  1.0479E+00  3.8882E-01  2.2341E+00
  4.7869E-01  1.0495E+00  3.9426E-01  2.2468E+00
  4.8315E-01  1.0511E+00  3.9973E-01  2.2596E+00
  4.8764E-01  1.0525E+00  4.0524E-01  2.2724E+00
  4.9217E-01  1.0538E+00  4.1080E-01  2.2854E+00
  4.9675E-01  1.0550E+00  4.1638E-01  2.2985E+00
  5.0137E-01  1.0561E+00  4.2201E-01  2.3118E+00
  5.0604E-01  1.0571E+00  4.2766E-01  2.3253E+00
  5.1074E-01  1.0579E+00  4.3335E-01  2.3390E+00
  5.1549E-01  1.0586E+00  4.3907E-01  2.3530E+00
  5.2029E-01  1.0592E+00  4.4482E-01  2.3672E+00
  5.2513E-01  1.0596E+00  4.5060E-01  2.3818E+00
  5.3001E-01  1.0599E+00  4.5640E-01  2.3967E+00
  5.3494E-01  1.0601E+00  4.6223E-01  2.4121E+00
  5.3992E-01  1.0602E+00  4.6808E-01  2.4278E+00
  5.4494E-01  1.0601E+00  4.7395E-01  2.4441E+00
  5.5001E-01  1.0599E+00  4.7983E-01  2.4608E+00
  5.5512E-01  1.0596E+00  4.8573E-01  2.4781E+00
  5.6029E-01  1.0591E+00  4.9164E-01  2.4960E+00
  5.6550E-01  1.0586E+00  4.9757E-01  2.5145E+00
  5.7076E-01  1.0578E+00  5.0350E-01  2.5336E+00
  5.7606E-01  1.0570E+00  5.0944E-01  2.5535E+00
  5.8142E-01  1.0560E+00  5.1537E-01  2.5741E+00
  5.8683E-01  1.0549E+00  5.2131E-01  2.5955E+00
  5.9229E-01  1.0537E+00  5.2725E-01  2.6177E+00
  5.9780E-01  1.0523E+00  5.3317E-01  2.6408E+00
  6.0336E-01  1.0508E+00  5.3909E-01  2.6647E+00
  6.0897E-01  1.0492E+00  5.4500E-01  2.6896E+00
  6.1463E-01  1.0474E+00  5.5088E-01  2.7155E+00
  6.2035E-01  1.0455E+00  5.5675E-01  2.7423E+00
  6.2612E-01  1.0435E+00  5.6259E-01  2.7702E+00
  6.3194E-01  1.0413E+00  5.6841E-01  2.7991E+00
  6.3782E-01  1.0390E+00  5.7419E-01  2.8290E+00
  6.4375E-01  1.0366E+00  5.7994E-01  2.8600E+00
  6.4974E-01  1.0341E+00  5.8565E-01  2.8921E+00
  6.5578E-01  1.0314E+00  5.9132E-01  2.9252E+00
  6.6188E-01  1.0286E+00  5.9693E-01  2.9595E+00
  6.6804E-01  1.0257E+00  6.0250E-01  2.9948E+00
  6.7425E-01  1.0226E+00  6.0800E-01  3.0311E+00
  6.8053E-01  1.0194E+00  6.1345E-01  3.0685E+00
  6.8685E-01  1.0161E+00  6.1882E-01  3.1068E+00
  6.9324E-01  1.0127E+00  6.2413E-01  3.1461E+00
  6.9969E-01  1.0091E+00  6.2936E-01  3.1863E+00
  7.0620E-01  1.0054E+00  6.3451E-01  3.2273E+00
  7.1277E-01  1.0016E+00  6.3957E-01  3.2691E+00
  7.1940E-01  9.9771E-01  6.4454E-01  3.3115E+00
  7.2609E-01  9.9367E-01  6.4941E-01  3.3545E+00
  7.3284E-01  9.8951E-01  6.5418E-01  3.3979E+00
  7.3966E-01  9.8523E-01  6.5885E-01  3.4417E+00
  7.4654E-01  9.8084E-01  6.6339E-01  3.4856E+00
  7.5348E-01  9.7632E-01  6.6782E-01  3.5295E+00
  7.6049E-01  9.7170E-01  6.7213E-01  3.5733E+00
  7.6756E-01  9.6696E-01  6.7630E-01  3.6167E+00
  7.7470E-01  9.6211E-01  6.8034E-01  3.6596E+00
  7.8191E-01  9.5716E-01  6.8423E-01  3.7016E+00
  7.8918E-01  9.5209E-01  6.8798E-01  3.7427E+00
  7.9652E-01  9.4691E-01  6.9157E-01  3.7824E+00
  8.0393E-01  9.4163E-01  6.9501E-01  3.8205E+00
  8.1140E-01  9.3625E-01  6.9827E-01  3.8568E+00
  8.1895E-01  9.3076E-01  7.0137E-01  3.8908E+00
  8.2657E-01  9.2518E-01  7.0429E-01  3.9223E+00
  8.3426E-01  9.1949E-01  7.0703E-01  3.9509E+00
  8.4202E-01  9.1371E-01  7.0958E-01  3.9762E+00
  8.4985E-01  9.0783E-01  7.1193E-01  3.9979E+00
  8.5775E-01  9.0185E-01  7.1408E-01  4.0155E+00
  8.6573E-01  8.9579E-01  7.1603E-01  4.0286E+00
  8.7378E-01  8.8963E-01  7.1777E-01  4.0367E+00
  8.8191E-01  8.8339E-01  7.1930E-01  4.0395E+00
  8.9011E-01  8.7706E-01  7.2060E-01  4.0365E+00
  8.9839E-01  8.7064E-01  7.2168E-01  4.0272E+00
  9.0675E-01  8.6414E-01  7.2253E-01  4.0112E+00
  9.1518E-01  8.5757E-01  7.2314E-01  3.9880E+00
  9.2369E-01  8.5091E-01  7.2352E-01  3.9570E+00
  9.3228E-01  8.4417E-01  7.2365E-01  3.9179E+00
  9.4095E-01  8.3736E-01  7.2354E-01  3.8703E+00
  9.4971E-01  8.3048E-01  7.2318E-01  3.8135E+00
  9.5854E-01  8.2353E-01  7.2257E-01  3.7473E+00
  9.6745E-01  8.1651E-01  7.2170E-01  3.6713E+00
  9.7645E-01  8.0942E-01  7.2057E-01  3.5850E+00
  9.8554E-01  8.0227E-01  7.1919E-01  3.4881E+00
  9.9470E-01  7.9505E-01  7.1754E-01  3.3803E+00
  1.0040E+00  7.8778E-01  7.1563E-01  3.2614E+00
  1.0133E+00  7.8045E-01  7.1346E-01  3.1312E+00
  1.0227E+00  7.7306E-01  7.1103E-01  2.9894E+00
  1.0322E+00  7.6562E-01  7.0833E-01  2.8361E+00
  1.0418E+00  7.5813E-01  7.0537E-01  2.6712E+00
  1.0515E+00  7.5059E-01  7.0215E-01  2.4948E+00
  1.0613E+00  7.4300E-01  6.9867E-01  2.3070E+00
  1.0712E+00  7.3537E-01  6.9493E-01  2.1082E+00
  1.0811E+00  7.2770E-01  6.9095E-01  1.8986E+00
  1.0912E+00  7.1998E-01  6.8671E-01  1.6789E+00
  1.1013E+00  7.1223E-01  6.8222E-01  1.4494E+00
  1.1116E+00  7.0445E-01  6.7749E-01  1.2111E+00
  1.1219E+00  6.9663E-01  6.7253E-01  9.6464E-01
  1.1324E+00  6.8878E-01  6.6734E-01  7.1114E-01
  1.1429E+00  6.8090E-01  6.6192E-01  4.5170E-01
  1.1535E+00  6.7299E-01  6.5629E-01  1.8760E-01
  1.1642E+00  6.6507E-01  6.5044E-01 -7.9726E-02
  1.1751E+00  6.5712E-01  6.4440E-01 -3.4869E-01
  1.1860E+00  6.4915E-01  6.3816E-01 -6.1756E-01
  1.1970E+00  6.4116E-01  6.3174E-01 -8.8444E-01
  1.2082E+00  6.3316E-01  6.2515E-01 -1.1473E+00
  1.2194E+00  6.2515E-01  6.1839E-01 -1.4040E+00
  1.2307E+00  6.1713E-01  6.1148E-01 -1.6522E+00
  1.2422E+00  6.0910E-01  6.0443E-01 -1.8896E+00
  1.2537E+00  6.0107E-01  5.9725E-01 -2.1136E+00
  1.2654E+00  5.9303E-01  5.8995E-01 -2.3217E+00
  1.2772E+00  5.8499E-01  5.8254E-01 -2.5112E+00
  1.2891E+00  5.7696E-01  5.7503E-01 -2.6795E+00
  1.3010E+00  5.6892E-01  5.6744E-01 -2.8241E+00
  1.3131E+00  5.6089E-01  5.5978E-01 -2.9424E+00
  1.3254E+00  5.5288E-01  5.5205E-01 -3.0320E+00
  1.3377E+00  5.4487E-01  5.4427E-01 -3.0908E+00
  1.3501E+00  5.3687E-01  5.3646E-01 -3.1169E+00
  1.3627E+00  5.2889E-01  5.2861E-01 -3.1087E+00
  1.3754E+00  5.2093E-01  5.2075E-01 -3.0651E+00
  1.3882E+00  5.1298E-01  5.1287E-01 -2.9856E+00
  1.4011E+00  5.0506E-01  5.0499E-01 -2.8705E+00
  1.4141E+00  4.9716E-01  4.9712E-01 -2.7207E+00
  1.4273E+00  4.8928E-01  4.8926E-01 -2.5385E+00
  1.4405E+00  4.8143E-01  4.8143E-01 -2.3270E+00
  1.4539E+00  4.7361E-01  4.7361E-01 -2.0910E+00
  1.4674E+00  4.6583E-01  4.6583E-01 -1.8369E+00
  1.4811E+00  4.5807E-01  4.5807E-01 -1.5731E+00
  1.4949E+00  4.5035E-01  4.5035E-01 -1.3102E+00
  1.5088E+00  4.4267E-01  4.4267E-01 -1.0613E+00
  1.5228E+00  4.3503E-01  4.3503E-01 -8.4452E-01
  1.5370E+00  4.2743E-01  4.2743E-01 -6.5722E-01
  1.5513E+00  4.1987E-01  4.1987E-01 -4.9805E-01
  1.5657E+00  4.1236E-01  4.1236E-01 -3.6541E-01
  1.5803E+00  4.0490E-01  4.0490E-01 -2.5745E-01
  1.5950E+00  3.9748E-01  3.9748E-01 -1.7212E-01
  1.6098E+00  3.9011E-01  3.9011E-01 -1.0719E-01
  1.6248E+00  3.8280E-01  3.8280E-01 -6.0237E-02
  1.6399E+00  3.7553E-01  3.7553E-01 -2.8687E-02
  1.6551E+00  3.6833E-01  3.6833E-01 -9.8208E-03
  1.6705E+00  3.6118E-01  3.6118E-01 -7.7731E-04
  1.6861E+00  3.5408E-01  3.5408E-01  1.4481E-03
  1.7017E+00  3.4705E-01  3.4705E-01  0.0000E+00
  1.7176E+00  3.4008E-01  3.4008E-01  0.0000E+00
  1.7335E+00  3.3317E-01  3.3317E-01  0.0000E+00
  1.7497E+00  3.2633E-01  3.2633E-01  0.0000E+00
  1.7659E+00  3.1955E-01  3.1955E-01  0.0000E+00
  1.7824E+00  3.1284E-01  3.1284E-01  0.0000E+00
  1.7989E+00  3.0619E-01  3.0619E-01  0.0000E+00
  1.8157E+00  2.9962E-01  2.9962E-01  0.0000E+00
  1.8326E+00  2.9311E-01  2.9311E-01  0.0000E+00
  1.8496E+00  2.8668E-01  2.8668E-01  0.0000E+00
  1.8668E+00  2.8031E-01  2.8031E-01  0.0000E+00
  1.8842E+00  2.7403E-01  2.7403E-01  0.0000E+00
  1.9017E+00  2.6781E-01  2.6781E-01  0.0000E+00
  1.9194E+00  2.6167E-01  2.6167E-01  0.0000E+00
  1.9372E+00  2.5561E-01  2.5561E-01  0.0000E+00
  1.9553E+00  2.4962E-01  2.4962E-01  0.0000E+00
  1.9734E+00  2.4372E-01  2.4372E-01  0.0000E+00
  1.9918E+00  2.3789E-01  2.3789E-01  0.0000E+00
  2.0103E+00  2.3214E-01  2.3214E-01  0.0000E+00
  2.0290E+00  2.2647E-01  2.2647E-01  0.0000E+00
  2.0479E+00  2.2088E-01  2.2088E-01  0.0000E+00
  2.0669E+00  2.1537E-01  2.1537E-01  0.0000E+00
  2.0862E+00  2.0994E-01  2.0994E-01  0.0000E+00
  2.1056E+00  2.0459E-01  2.0459E-01  0.0000E+00
  2.1252E+00  1.9933E-01  1.9933E-01  0.0000E+00
  2.1449E+00  1.9415E-01  1.9415E-01  0.0000E+00
  2.1649E+00  1.8905E-01  1.8905E-01  0.0000E+00
  2.1850E+00  1.8403E-01  1.8403E-01  0.0000E+00
  2.2053E+00  1.7910E-01  1.7910E-01  0.0000E+00
  2.2258E+00  1.7425E-01  1.7425E-01  0.0000E+00
  2.2465E+00  1.6948E-01  1.6948E-01  0.0000E+00
  2.2674E+00  1.6480E-01  1.6480E-01  0.0000E+00
  2.2885E+00  1.6020E-01  1.6020E-01  0.0000E+00
  2.3098E+00  1.5568E-01  1.5568E-01  0.0000E+00
  2.3313E+00  1.5125E-01  1.5125E-01  0.0000E+00
  2.3530E+00  1.4690E-01  1.4690E-01  0.0000E+00
  2.3749E+00  1.4263E-01  1.4263E-01  0.0000E+00
  2.3970E+00  1.3845E-01  1.3845E-01  0.0000E+00
  2.4192E+00  1.3434E-01  1.3434E-01  0.0000E+00
  2.4417E+00  1.3032E-01  1.3032E-01  0.0000E+00
  2.4645E+00  1.2638E-01  1.2638E-01  0.0000E+00
  2.4874E+00  1.2253E-01  1.2253E-01  0.0000E+00
  2.5105E+00  1.1875E-01  1.1875E-01  0.0000E+00
  2.5339E+00  1.1505E-01  1.1505E-01  0.0000E+00
  2.5574E+00  1.1144E-01  1.1144E-01  0.0000E+00
  2.5812E+00  1.0790E-01  1.0790E-01  0.0000E+00
  2.6052E+00  1.0444E-01  1.0444E-01  0.0000E+00
  2.6295E+00  1.0106E-01  1.0106E-01  0.0000E+00
  2.6539E+00  9.7754E-02  9.7754E-02  0.0000E+00
  2.6786E+00  9.4526E-02  9.4526E-02  0.0000E+00
  2.7035E+00  9.1375E-02  9.1375E-02  0.0000E+00
