 # l=           0 energy= -4.999999999999982E-002
  0.0000E+00  0.0000E+00  0.0000E+00  0.0000E+00
  8.4554E-09 -1.0135E-08  1.1364E-07  1.1406E-07
  1.6990E-08 -2.0364E-08  2.2834E-07  2.2919E-07
  2.5603E-08 -3.0689E-08  3.4411E-07  3.4538E-07
  3.4297E-08 -4.1109E-08  4.6096E-07  4.6266E-07
  4.3071E-08 -5.1626E-08  5.7889E-07  5.8102E-07
  5.1927E-08 -6.2241E-08  6.9791E-07  7.0049E-07
  6.0865E-08 -7.2955E-08  8.1805E-07  8.2107E-07
  6.9887E-08 -8.3769E-08  9.3930E-07  9.4277E-07
  7.8992E-08 -9.4683E-08  1.0617E-06  1.0656E-06
  8.8183E-08 -1.0570E-07  1.1852E-06  1.1896E-06
  9.7458E-08 -1.1682E-07  1.3099E-06  1.3147E-06
  1.0682E-07 -1.2804E-07  1.4357E-06  1.4410E-06
  1.1627E-07 -1.3936E-07  1.5627E-06  1.5685E-06
  1.2581E-07 -1.5080E-07  1.6909E-06  1.6971E-06
  1.3543E-07 -1.6233E-07  1.8202E-06  1.8270E-06
  1.4515E-07 -1.7398E-07  1.9508E-06  1.9580E-06
  1.5495E-07 -1.8573E-07  2.0826E-06  2.0903E-06
  1.6485E-07 -1.9759E-07  2.2156E-06  2.2238E-06
  1.7484E-07 -2.0957E-07  2.3499E-06  2.3585E-06
  1.8492E-07 -2.2165E-07  2.4854E-06  2.4945E-06
  1.9509E-07 -2.3385E-07  2.6221E-06  2.6318E-06
  2.0536E-07 -2.4616E-07  2.7602E-06  2.7703E-06
  2.1573E-07 -2.5858E-07  2.8995E-06  2.9102E-06
  2.2619E-07 -2.7112E-07  3.0401E-06  3.0513E-06
  2.3675E-07 -2.8378E-07  3.1820E-06  3.1937E-06
  2.4741E-07 -2.9655E-07  3.3252E-06  3.3375E-06
  2.5817E-07 -3.0945E-07  3.4698E-06  3.4826E-06
  2.6902E-07 -3.2246E-07  3.6157E-06  3.6291E-06
  2.7998E-07 -3.3559E-07  3.7630E-06  3.7769E-06
  2.9104E-07 -3.4885E-07  3.9116E-06  3.9261E-06
  3.0220E-07 -3.6223E-07  4.0617E-06  4.0767E-06
  3.1347E-07 -3.7573E-07  4.2131E-06  4.2286E-06
  3.2484E-07 -3.8936E-07  4.3659E-06  4.3820E-06
  3.3632E-07 -4.0312E-07  4.5202E-06  4.5369E-06
  3.4790E-07 -4.1700E-07  4.6758E-06  4.6931E-06
  3.5959E-07 -4.3102E-07  4.8330E-06  4.8508E-06
  3.7139E-07 -4.4516E-07  4.9916E-06  5.0100E-06
  3.8330E-07 -4.5944E-07  5.1516E-06  5.1707E-06
  3.9532E-07 -4.7384E-07  5.3132E-06  5.3328E-06
  4.0745E-07 -4.8839E-07  5.4763E-06  5.4965E-06
  4.1970E-07 -5.0306E-07  5.6408E-06  5.6617E-06
  4.3206E-07 -5.1788E-07  5.8069E-06  5.8284E-06
  4.4453E-07 -5.3283E-07  5.9746E-06  5.9967E-06
  4.5712E-07 -5.4792E-07  6.1438E-06  6.1665E-06
  4.6983E-07 -5.6315E-07  6.3146E-06  6.3379E-06
  4.8265E-07 -5.7852E-07  6.4870E-06  6.5109E-06
  4.9560E-07 -5.9404E-07  6.6609E-06  6.6855E-06
  5.0866E-07 -6.0970E-07  6.8365E-06  6.8618E-06
  5.2185E-07 -6.2551E-07  7.0138E-06  7.0397E-06
  5.3516E-07 -6.4146E-07  7.1926E-06  7.2192E-06
  5.4859E-07 -6.5756E-07  7.3732E-06  7.4004E-06
  5.6215E-07 -6.7381E-07  7.5554E-06  7.5833E-06
  5.7583E-07 -6.9021E-07  7.7393E-06  7.7679E-06
  5.8964E-07 -7.0677E-07  7.9249E-06  7.9542E-06
  6.0358E-07 -7.2348E-07  8.1123E-06  8.1423E-06
  6.1765E-07 -7.4034E-07  8.3014E-06  8.3320E-06
  6.3185E-07 -7.5736E-07  8.4922E-06  8.5236E-06
  6.4619E-07 -7.7454E-07  8.6849E-06  8.7169E-06
  6.6065E-07 -7.9188E-07  8.8793E-06  8.9121E-06
  6.7525E-07 -8.0938E-07  9.0755E-06  9.1090E-06
  6.8999E-07 -8.2704E-07  9.2736E-06  9.3078E-06
  7.0486E-07 -8.4487E-07  9.4735E-06  9.5084E-06
  7.1987E-07 -8.6286E-07  9.6752E-06  9.7109E-06
  7.3502E-07 -8.8102E-07  9.8789E-06  9.9153E-06
  7.5031E-07 -8.9935E-07  1.0084E-05  1.0122E-05
  7.6575E-07 -9.1785E-07  1.0292E-05  1.0330E-05
  7.8133E-07 -9.3652E-07  1.0501E-05  1.0540E-05
  7.9705E-07 -9.5537E-07  1.0712E-05  1.0752E-05
  8.1292E-07 -9.7439E-07  1.0926E-05  1.0966E-05
  8.2893E-07 -9.9359E-07  1.1141E-05  1.1182E-05
  8.4510E-07 -1.0130E-06  1.1358E-05  1.1400E-05
  8.6142E-07 -1.0325E-06  1.1578E-05  1.1620E-05
  8.7788E-07 -1.0523E-06  1.1799E-05  1.1842E-05
  8.9450E-07 -1.0722E-06  1.2022E-05  1.2067E-05
  9.1128E-07 -1.0923E-06  1.2248E-05  1.2293E-05
  9.2821E-07 -1.1126E-06  1.2475E-05  1.2521E-05
  9.4530E-07 -1.1331E-06  1.2705E-05  1.2752E-05
  9.6255E-07 -1.1537E-06  1.2937E-05  1.2985E-05
  9.7995E-07 -1.1746E-06  1.3171E-05  1.3219E-05
  9.9752E-07 -1.1957E-06  1.3407E-05  1.3456E-05
  1.0153E-06 -1.2169E-06  1.3645E-05  1.3696E-05
  1.0332E-06 -1.2384E-06  1.3886E-05  1.3937E-05
  1.0512E-06 -1.2600E-06  1.4129E-05  1.4181E-05
  1.0695E-06 -1.2819E-06  1.4374E-05  1.4427E-05
  1.0879E-06 -1.3039E-06  1.4621E-05  1.4675E-05
  1.1064E-06 -1.3262E-06  1.4871E-05  1.4925E-05
  1.1252E-06 -1.3487E-06  1.5123E-05  1.5178E-05
  1.1441E-06 -1.3714E-06  1.5377E-05  1.5434E-05
  1.1632E-06 -1.3942E-06  1.5633E-05  1.5691E-05
  1.1825E-06 -1.4173E-06  1.5893E-05  1.5951E-05
  1.2019E-06 -1.4407E-06  1.6154E-05  1.6214E-05
  1.2216E-06 -1.4642E-06  1.6418E-05  1.6478E-05
  1.2414E-06 -1.4880E-06  1.6684E-05  1.6746E-05
  1.2614E-06 -1.5119E-06  1.6953E-05  1.7016E-05
  1.2816E-06 -1.5361E-06  1.7224E-05  1.7288E-05
  1.3019E-06 -1.5605E-06  1.7498E-05  1.7563E-05
  1.3225E-06 -1.5852E-06  1.7775E-05  1.7840E-05
  1.3433E-06 -1.6101E-06  1.8054E-05  1.8120E-05
  1.3642E-06 -1.6352E-06  1.8335E-05  1.8403E-05
  1.3854E-06 -1.6605E-06  1.8619E-05  1.8688E-05
  1.4067E-06 -1.6861E-06  1.8906E-05  1.8976E-05
  1.4282E-06 -1.7119E-06  1.9196E-05  1.9266E-05
  1.4500E-06 -1.7380E-06  1.9488E-05  1.9560E-05
  1.4719E-06 -1.7643E-06  1.9783E-05  1.9856E-05
  1.4941E-06 -1.7908E-06  2.0080E-05  2.0154E-05
  1.5164E-06 -1.8176E-06  2.0381E-05  2.0456E-05
  1.5390E-06 -1.8447E-06  2.0684E-05  2.0760E-05
  1.5617E-06 -1.8719E-06  2.0990E-05  2.1067E-05
  1.5847E-06 -1.8995E-06  2.1299E-05  2.1377E-05
  1.6079E-06 -1.9273E-06  2.1610E-05  2.1690E-05
  1.6313E-06 -1.9554E-06  2.1925E-05  2.2006E-05
  1.6550E-06 -1.9837E-06  2.2243E-05  2.2325E-05
  1.6788E-06 -2.0123E-06  2.2563E-05  2.2646E-05
  1.7029E-06 -2.0411E-06  2.2887E-05  2.2971E-05
  1.7272E-06 -2.0702E-06  2.3213E-05  2.3299E-05
  1.7517E-06 -2.0996E-06  2.3543E-05  2.3630E-05
  1.7764E-06 -2.1293E-06  2.3875E-05  2.3963E-05
  1.8014E-06 -2.1592E-06  2.4211E-05  2.4300E-05
  1.8266E-06 -2.1894E-06  2.4550E-05  2.4640E-05
  1.8521E-06 -2.2199E-06  2.4892E-05  2.4984E-05
  1.8777E-06 -2.2507E-06  2.5237E-05  2.5330E-05
  1.9037E-06 -2.2818E-06  2.5585E-05  2.5680E-05
  1.9298E-06 -2.3132E-06  2.5937E-05  2.6033E-05
  1.9562E-06 -2.3448E-06  2.6292E-05  2.6389E-05
  1.9829E-06 -2.3767E-06  2.6650E-05  2.6748E-05
  2.0098E-06 -2.4090E-06  2.7011E-05  2.7111E-05
  2.0369E-06 -2.4415E-06  2.7376E-05  2.7477E-05
  2.0643E-06 -2.4744E-06  2.7745E-05  2.7847E-05
  2.0920E-06 -2.5075E-06  2.8116E-05  2.8220E-05
  2.1199E-06 -2.5410E-06  2.8491E-05  2.8597E-05
  2.1481E-06 -2.5747E-06  2.8870E-05  2.8977E-05
  2.1765E-06 -2.6088E-06  2.9252E-05  2.9360E-05
  2.2052E-06 -2.6432E-06  2.9638E-05  2.9747E-05
  2.2342E-06 -2.6780E-06  3.0027E-05  3.0138E-05
  2.2634E-06 -2.7130E-06  3.0420E-05  3.0532E-05
  2.2929E-06 -2.7484E-06  3.0817E-05  3.0930E-05
  2.3227E-06 -2.7841E-06  3.1217E-05  3.1332E-05
  2.3528E-06 -2.8201E-06  3.1621E-05  3.1738E-05
  2.3831E-06 -2.8565E-06  3.2029E-05  3.2147E-05
  2.4137E-06 -2.8932E-06  3.2440E-05  3.2560E-05
  2.4446E-06 -2.9302E-06  3.2856E-05  3.2977E-05
  2.4758E-06 -2.9676E-06  3.3275E-05  3.3398E-05
  2.5073E-06 -3.0053E-06  3.3698E-05  3.3822E-05
  2.5391E-06 -3.0434E-06  3.4125E-05  3.4251E-05
  2.5711E-06 -3.0819E-06  3.4556E-05  3.4684E-05
  2.6035E-06 -3.1207E-06  3.4991E-05  3.5120E-05
  2.6362E-06 -3.1598E-06  3.5430E-05  3.5561E-05
  2.6692E-06 -3.1993E-06  3.5873E-05  3.6006E-05
  2.7024E-06 -3.2392E-06  3.6321E-05  3.6455E-05
  2.7360E-06 -3.2795E-06  3.6772E-05  3.6908E-05
  2.7699E-06 -3.3201E-06  3.7228E-05  3.7365E-05
  2.8042E-06 -3.3611E-06  3.7687E-05  3.7827E-05
  2.8387E-06 -3.4025E-06  3.8152E-05  3.8293E-05
  2.8735E-06 -3.4443E-06  3.8620E-05  3.8763E-05
  2.9087E-06 -3.4865E-06  3.9093E-05  3.9237E-05
  2.9442E-06 -3.5291E-06  3.9570E-05  3.9716E-05
  2.9801E-06 -3.5720E-06  4.0052E-05  4.0200E-05
  3.0162E-06 -3.6154E-06  4.0538E-05  4.0688E-05
  3.0528E-06 -3.6591E-06  4.1029E-05  4.1180E-05
  3.0896E-06 -3.7033E-06  4.1524E-05  4.1677E-05
  3.1268E-06 -3.7479E-06  4.2024E-05  4.2179E-05
  3.1643E-06 -3.7929E-06  4.2528E-05  4.2685E-05
  3.2022E-06 -3.8383E-06  4.3037E-05  4.3196E-05
  3.2405E-06 -3.8841E-06  4.3551E-05  4.3712E-05
  3.2791E-06 -3.9304E-06  4.4070E-05  4.4233E-05
  3.3180E-06 -3.9771E-06  4.4593E-05  4.4758E-05
  3.3573E-06 -4.0242E-06  4.5122E-05  4.5288E-05
  3.3970E-06 -4.0718E-06  4.5655E-05  4.5824E-05
  3.4371E-06 -4.1198E-06  4.6193E-05  4.6364E-05
  3.4775E-06 -4.1682E-06  4.6737E-05  4.6909E-05
  3.5183E-06 -4.2171E-06  4.7285E-05  4.7460E-05
  3.5595E-06 -4.2665E-06  4.7838E-05  4.8015E-05
  3.6010E-06 -4.3163E-06  4.8397E-05  4.8576E-05
  3.6430E-06 -4.3666E-06  4.8961E-05  4.9142E-05
  3.6853E-06 -4.4173E-06  4.9530E-05  4.9713E-05
  3.7280E-06 -4.4686E-06  5.0104E-05  5.0289E-05
  3.7712E-06 -4.5203E-06  5.0684E-05  5.0871E-05
  3.8147E-06 -4.5724E-06  5.1269E-05  5.1458E-05
  3.8586E-06 -4.6251E-06  5.1859E-05  5.2051E-05
  3.9030E-06 -4.6782E-06  5.2455E-05  5.2649E-05
  3.9477E-06 -4.7319E-06  5.3057E-05  5.3252E-05
  3.9929E-06 -4.7860E-06  5.3664E-05  5.3862E-05
  4.0385E-06 -4.8407E-06  5.4276E-05  5.4477E-05
  4.0845E-06 -4.8959E-06  5.4895E-05  5.5098E-05
  4.1310E-06 -4.9515E-06  5.5519E-05  5.5724E-05
  4.1779E-06 -5.0077E-06  5.6149E-05  5.6356E-05
  4.2252E-06 -5.0644E-06  5.6785E-05  5.6995E-05
  4.2729E-06 -5.1217E-06  5.7427E-05  5.7639E-05
  4.3211E-06 -5.1794E-06  5.8074E-05  5.8289E-05
  4.3698E-06 -5.2377E-06  5.8728E-05  5.8945E-05
  4.4189E-06 -5.2966E-06  5.9388E-05  5.9607E-05
  4.4684E-06 -5.3560E-06  6.0054E-05  6.0276E-05
  4.5184E-06 -5.4159E-06  6.0726E-05  6.0950E-05
  4.5689E-06 -5.4765E-06  6.1405E-05  6.1631E-05
  4.6199E-06 -5.5375E-06  6.2089E-05  6.2318E-05
  4.6713E-06 -5.5992E-06  6.2780E-05  6.3012E-05
  4.7232E-06 -5.6614E-06  6.3478E-05  6.3712E-05
  4.7756E-06 -5.7242E-06  6.4182E-05  6.4419E-05
  4.8285E-06 -5.7875E-06  6.4892E-05  6.5132E-05
  4.8818E-06 -5.8515E-06  6.5610E-05  6.5852E-05
  4.9357E-06 -5.9161E-06  6.6333E-05  6.6578E-05
  4.9900E-06 -5.9812E-06  6.7064E-05  6.7312E-05
  5.0449E-06 -6.0470E-06  6.7801E-05  6.8052E-05
  5.1003E-06 -6.1134E-06  6.8546E-05  6.8799E-05
  5.1562E-06 -6.1804E-06  6.9297E-05  6.9553E-05
  5.2126E-06 -6.2480E-06  7.0055E-05  7.0313E-05
  5.2695E-06 -6.3162E-06  7.0820E-05  7.1081E-05
  5.3270E-06 -6.3851E-06  7.1592E-05  7.1857E-05
  5.3850E-06 -6.4546E-06  7.2372E-05  7.2639E-05
  5.4435E-06 -6.5248E-06  7.3158E-05  7.3429E-05
  5.5026E-06 -6.5956E-06  7.3952E-05  7.4226E-05
  5.5623E-06 -6.6671E-06  7.4754E-05  7.5030E-05
  5.6224E-06 -6.7393E-06  7.5563E-05  7.5842E-05
  5.6832E-06 -6.8121E-06  7.6379E-05  7.6661E-05
  5.7445E-06 -6.8856E-06  7.7203E-05  7.7488E-05
  5.8064E-06 -6.9597E-06  7.8035E-05  7.8323E-05
  5.8689E-06 -7.0346E-06  7.8874E-05  7.9165E-05
  5.9319E-06 -7.1102E-06  7.9721E-05  8.0016E-05
  5.9955E-06 -7.1864E-06  8.0576E-05  8.0874E-05
  6.0597E-06 -7.2634E-06  8.1439E-05  8.1740E-05
  6.1246E-06 -7.3411E-06  8.2311E-05  8.2614E-05
  6.1900E-06 -7.4195E-06  8.3190E-05  8.3497E-05
  6.2560E-06 -7.4987E-06  8.4077E-05  8.4387E-05
  6.3227E-06 -7.5785E-06  8.4973E-05  8.5286E-05
  6.3899E-06 -7.6592E-06  8.5876E-05  8.6194E-05
  6.4578E-06 -7.7405E-06  8.6789E-05  8.7109E-05
  6.5263E-06 -7.8227E-06  8.7710E-05  8.8033E-05
  6.5955E-06 -7.9056E-06  8.8639E-05  8.8966E-05
  6.6653E-06 -7.9892E-06  8.9577E-05  8.9908E-05
  6.7357E-06 -8.0737E-06  9.0524E-05  9.0858E-05
  6.8068E-06 -8.1589E-06  9.1479E-05  9.1817E-05
  6.8786E-06 -8.2449E-06  9.2444E-05  9.2785E-05
  6.9510E-06 -8.3317E-06  9.3417E-05  9.3762E-05
  7.0241E-06 -8.4194E-06  9.4399E-05  9.4748E-05
  7.0979E-06 -8.5078E-06  9.5391E-05  9.5743E-05
  7.1724E-06 -8.5971E-06  9.6392E-05  9.6748E-05
  7.2476E-06 -8.6872E-06  9.7402E-05  9.7761E-05
  7.3234E-06 -8.7781E-06  9.8421E-05  9.8785E-05
  7.4000E-06 -8.8699E-06  9.9450E-05  9.9817E-05
  7.4773E-06 -8.9625E-06  1.0049E-04  1.0086E-04
  7.5553E-06 -9.0560E-06  1.0154E-04  1.0191E-04
  7.6340E-06 -9.1504E-06  1.0259E-04  1.0297E-04
  7.7135E-06 -9.2456E-06  1.0366E-04  1.0405E-04
  7.7937E-06 -9.3418E-06  1.0474E-04  1.0513E-04
  7.8746E-06 -9.4388E-06  1.0583E-04  1.0622E-04
  7.9563E-06 -9.5367E-06  1.0693E-04  1.0732E-04
  8.0388E-06 -9.6355E-06  1.0803E-04  1.0843E-04
  8.1220E-06 -9.7353E-06  1.0915E-04  1.0956E-04
  8.2060E-06 -9.8360E-06  1.1028E-04  1.1069E-04
  8.2908E-06 -9.9376E-06  1.1142E-04  1.1183E-04
  8.3763E-06 -1.0040E-05  1.1257E-04  1.1299E-04
  8.4627E-06 -1.0144E-05  1.1373E-04  1.1415E-04
  8.5499E-06 -1.0248E-05  1.1490E-04  1.1533E-04
  8.6378E-06 -1.0354E-05  1.1608E-04  1.1651E-04
  8.7266E-06 -1.0460E-05  1.1728E-04  1.1771E-04
  8.8163E-06 -1.0567E-05  1.1848E-04  1.1892E-04
  8.9067E-06 -1.0676E-05  1.1970E-04  1.2014E-04
  8.9980E-06 -1.0785E-05  1.2092E-04  1.2137E-04
  9.0902E-06 -1.0896E-05  1.2216E-04  1.2261E-04
  9.1832E-06 -1.1007E-05  1.2341E-04  1.2387E-04
  9.2770E-06 -1.1120E-05  1.2467E-04  1.2513E-04
  9.3718E-06 -1.1233E-05  1.2595E-04  1.2641E-04
  9.4674E-06 -1.1348E-05  1.2723E-04  1.2770E-04
  9.5639E-06 -1.1464E-05  1.2853E-04  1.2900E-04
  9.6613E-06 -1.1580E-05  1.2984E-04  1.3032E-04
  9.7596E-06 -1.1698E-05  1.3116E-04  1.3164E-04
  9.8589E-06 -1.1817E-05  1.3249E-04  1.3298E-04
  9.9590E-06 -1.1937E-05  1.3384E-04  1.3433E-04
  1.0060E-05 -1.2058E-05  1.3520E-04  1.3570E-04
  1.0162E-05 -1.2181E-05  1.3657E-04  1.3707E-04
  1.0265E-05 -1.2304E-05  1.3795E-04  1.3846E-04
  1.0369E-05 -1.2429E-05  1.3935E-04  1.3986E-04
  1.0474E-05 -1.2554E-05  1.4076E-04  1.4128E-04
  1.0580E-05 -1.2681E-05  1.4218E-04  1.4270E-04
  1.0687E-05 -1.2809E-05  1.4362E-04  1.4415E-04
  1.0795E-05 -1.2939E-05  1.4506E-04  1.4560E-04
  1.0903E-05 -1.3069E-05  1.4653E-04  1.4707E-04
  1.1013E-05 -1.3201E-05  1.4800E-04  1.4855E-04
  1.1124E-05 -1.3334E-05  1.4949E-04  1.5005E-04
  1.1236E-05 -1.3468E-05  1.5100E-04  1.5155E-04
  1.1349E-05 -1.3603E-05  1.5252E-04  1.5308E-04
  1.1463E-05 -1.3740E-05  1.5405E-04  1.5462E-04
  1.1578E-05 -1.3878E-05  1.5559E-04  1.5617E-04
  1.1694E-05 -1.4017E-05  1.5715E-04  1.5773E-04
  1.1811E-05 -1.4158E-05  1.5873E-04  1.5932E-04
  1.1930E-05 -1.4299E-05  1.6032E-04  1.6091E-04
  1.2049E-05 -1.4443E-05  1.6192E-04  1.6252E-04
  1.2170E-05 -1.4587E-05  1.6354E-04  1.6415E-04
  1.2291E-05 -1.4733E-05  1.6518E-04  1.6579E-04
  1.2414E-05 -1.4880E-05  1.6683E-04  1.6744E-04
  1.2538E-05 -1.5029E-05  1.6849E-04  1.6911E-04
  1.2663E-05 -1.5178E-05  1.7017E-04  1.7080E-04
  1.2789E-05 -1.5330E-05  1.7187E-04  1.7250E-04
  1.2917E-05 -1.5482E-05  1.7358E-04  1.7422E-04
  1.3045E-05 -1.5637E-05  1.7531E-04  1.7596E-04
  1.3175E-05 -1.5792E-05  1.7705E-04  1.7771E-04
  1.3306E-05 -1.5949E-05  1.7881E-04  1.7947E-04
  1.3438E-05 -1.6108E-05  1.8059E-04  1.8126E-04
  1.3572E-05 -1.6268E-05  1.8238E-04  1.8306E-04
  1.3706E-05 -1.6429E-05  1.8419E-04  1.8487E-04
  1.3842E-05 -1.6592E-05  1.8602E-04  1.8671E-04
  1.3980E-05 -1.6756E-05  1.8786E-04  1.8856E-04
  1.4118E-05 -1.6922E-05  1.8972E-04  1.9042E-04
  1.4258E-05 -1.7090E-05  1.9160E-04  1.9231E-04
  1.4399E-05 -1.7259E-05  1.9350E-04  1.9421E-04
  1.4541E-05 -1.7430E-05  1.9541E-04  1.9613E-04
  1.4685E-05 -1.7602E-05  1.9734E-04  1.9807E-04
  1.4830E-05 -1.7776E-05  1.9929E-04  2.0002E-04
  1.4976E-05 -1.7951E-05  2.0126E-04  2.0200E-04
  1.5124E-05 -1.8128E-05  2.0324E-04  2.0399E-04
  1.5273E-05 -1.8307E-05  2.0524E-04  2.0600E-04
  1.5424E-05 -1.8488E-05  2.0727E-04  2.0803E-04
  1.5576E-05 -1.8670E-05  2.0931E-04  2.1008E-04
  1.5729E-05 -1.8853E-05  2.1137E-04  2.1215E-04
  1.5884E-05 -1.9039E-05  2.1345E-04  2.1423E-04
  1.6040E-05 -1.9226E-05  2.1554E-04  2.1634E-04
  1.6198E-05 -1.9415E-05  2.1766E-04  2.1847E-04
  1.6357E-05 -1.9606E-05  2.1980E-04  2.2061E-04
  1.6517E-05 -1.9798E-05  2.2196E-04  2.2278E-04
  1.6679E-05 -1.9993E-05  2.2414E-04  2.2496E-04
  1.6843E-05 -2.0189E-05  2.2633E-04  2.2717E-04
  1.7008E-05 -2.0387E-05  2.2855E-04  2.2940E-04
  1.7175E-05 -2.0586E-05  2.3079E-04  2.3164E-04
  1.7343E-05 -2.0788E-05  2.3305E-04  2.3391E-04
  1.7513E-05 -2.0991E-05  2.3533E-04  2.3620E-04
  1.7684E-05 -2.1197E-05  2.3763E-04  2.3851E-04
  1.7857E-05 -2.1404E-05  2.3996E-04  2.4084E-04
  1.8032E-05 -2.1613E-05  2.4230E-04  2.4320E-04
  1.8208E-05 -2.1824E-05  2.4467E-04  2.4557E-04
  1.8386E-05 -2.2038E-05  2.4706E-04  2.4797E-04
  1.8565E-05 -2.2253E-05  2.4947E-04  2.5039E-04
  1.8746E-05 -2.2470E-05  2.5190E-04  2.5283E-04
  1.8929E-05 -2.2689E-05  2.5436E-04  2.5530E-04
  1.9113E-05 -2.2910E-05  2.5684E-04  2.5779E-04
  1.9300E-05 -2.3133E-05  2.5934E-04  2.6030E-04
  1.9488E-05 -2.3359E-05  2.6186E-04  2.6283E-04
  1.9677E-05 -2.3586E-05  2.6441E-04  2.6539E-04
  1.9869E-05 -2.3815E-05  2.6699E-04  2.6797E-04
  2.0062E-05 -2.4047E-05  2.6958E-04  2.7058E-04
  2.0257E-05 -2.4281E-05  2.7220E-04  2.7321E-04
  2.0454E-05 -2.4517E-05  2.7485E-04  2.7586E-04
  2.0653E-05 -2.4755E-05  2.7752E-04  2.7854E-04
  2.0853E-05 -2.4995E-05  2.8021E-04  2.8124E-04
  2.1056E-05 -2.5238E-05  2.8293E-04  2.8397E-04
  2.1260E-05 -2.5483E-05  2.8567E-04  2.8673E-04
  2.1466E-05 -2.5730E-05  2.8844E-04  2.8951E-04
  2.1674E-05 -2.5980E-05  2.9124E-04  2.9231E-04
  2.1884E-05 -2.6231E-05  2.9406E-04  2.9515E-04
  2.2096E-05 -2.6485E-05  2.9691E-04  2.9801E-04
  2.2310E-05 -2.6742E-05  2.9978E-04  3.0089E-04
  2.2526E-05 -2.7001E-05  3.0268E-04  3.0380E-04
  2.2744E-05 -2.7262E-05  3.0561E-04  3.0674E-04
  2.2964E-05 -2.7526E-05  3.0857E-04  3.0971E-04
  2.3186E-05 -2.7792E-05  3.1155E-04  3.1270E-04
  2.3410E-05 -2.8060E-05  3.1456E-04  3.1572E-04
  2.3637E-05 -2.8332E-05  3.1760E-04  3.1877E-04
  2.3865E-05 -2.8605E-05  3.2067E-04  3.2185E-04
  2.4095E-05 -2.8881E-05  3.2376E-04  3.2496E-04
  2.4328E-05 -2.9160E-05  3.2689E-04  3.2809E-04
  2.4563E-05 -2.9442E-05  3.3004E-04  3.3126E-04
  2.4800E-05 -2.9726E-05  3.3322E-04  3.3445E-04
  2.5039E-05 -3.0012E-05  3.3643E-04  3.3768E-04
  2.5280E-05 -3.0301E-05  3.3968E-04  3.4093E-04
  2.5524E-05 -3.0593E-05  3.4295E-04  3.4421E-04
  2.5769E-05 -3.0888E-05  3.4625E-04  3.4753E-04
  2.6018E-05 -3.1185E-05  3.4958E-04  3.5087E-04
  2.6268E-05 -3.1486E-05  3.5295E-04  3.5425E-04
  2.6521E-05 -3.1789E-05  3.5634E-04  3.5766E-04
  2.6776E-05 -3.2094E-05  3.5977E-04  3.6110E-04
  2.7033E-05 -3.2403E-05  3.6323E-04  3.6457E-04
  2.7293E-05 -3.2715E-05  3.6672E-04  3.6807E-04
  2.7556E-05 -3.3029E-05  3.7024E-04  3.7161E-04
  2.7820E-05 -3.3346E-05  3.7380E-04  3.7518E-04
  2.8088E-05 -3.3667E-05  3.7739E-04  3.7878E-04
  2.8357E-05 -3.3990E-05  3.8101E-04  3.8242E-04
  2.8629E-05 -3.4316E-05  3.8467E-04  3.8609E-04
  2.8904E-05 -3.4646E-05  3.8836E-04  3.8979E-04
  2.9181E-05 -3.4978E-05  3.9208E-04  3.9353E-04
  2.9461E-05 -3.5313E-05  3.9584E-04  3.9730E-04
  2.9744E-05 -3.5652E-05  3.9964E-04  4.0111E-04
  3.0029E-05 -3.5994E-05  4.0346E-04  4.0495E-04
  3.0317E-05 -3.6339E-05  4.0733E-04  4.0883E-04
  3.0607E-05 -3.6687E-05  4.1123E-04  4.1275E-04
  3.0900E-05 -3.7038E-05  4.1517E-04  4.1670E-04
  3.1196E-05 -3.7393E-05  4.1914E-04  4.2069E-04
  3.1495E-05 -3.7751E-05  4.2315E-04  4.2471E-04
  3.1796E-05 -3.8112E-05  4.2720E-04  4.2878E-04
  3.2100E-05 -3.8476E-05  4.3129E-04  4.3288E-04
  3.2407E-05 -3.8844E-05  4.3541E-04  4.3702E-04
  3.2717E-05 -3.9216E-05  4.3957E-04  4.4119E-04
  3.3030E-05 -3.9591E-05  4.4377E-04  4.4541E-04
  3.3346E-05 -3.9969E-05  4.4801E-04  4.4967E-04
  3.3664E-05 -4.0351E-05  4.5229E-04  4.5396E-04
  3.3986E-05 -4.0736E-05  4.5661E-04  4.5829E-04
  3.4310E-05 -4.1126E-05  4.6097E-04  4.6267E-04
  3.4638E-05 -4.1518E-05  4.6537E-04  4.6709E-04
  3.4969E-05 -4.1914E-05  4.6981E-04  4.7154E-04
  3.5302E-05 -4.2314E-05  4.7429E-04  4.7604E-04
  3.5639E-05 -4.2718E-05  4.7881E-04  4.8058E-04
  3.5979E-05 -4.3126E-05  4.8338E-04  4.8516E-04
  3.6322E-05 -4.3537E-05  4.8798E-04  4.8979E-04
  3.6668E-05 -4.3952E-05  4.9264E-04  4.9445E-04
  3.7018E-05 -4.4371E-05  4.9733E-04  4.9917E-04
  3.7371E-05 -4.4794E-05  5.0207E-04  5.0392E-04
  3.7727E-05 -4.5220E-05  5.0685E-04  5.0872E-04
  3.8086E-05 -4.5651E-05  5.1167E-04  5.1356E-04
  3.8449E-05 -4.6086E-05  5.1654E-04  5.1845E-04
  3.8815E-05 -4.6525E-05  5.2146E-04  5.2339E-04
  3.9184E-05 -4.6968E-05  5.2642E-04  5.2836E-04
  3.9557E-05 -4.7415E-05  5.3143E-04  5.3339E-04
  3.9934E-05 -4.7866E-05  5.3648E-04  5.3846E-04
  4.0313E-05 -4.8321E-05  5.4158E-04  5.4358E-04
  4.0697E-05 -4.8781E-05  5.4673E-04  5.4875E-04
  4.1084E-05 -4.9244E-05  5.5193E-04  5.5397E-04
  4.1474E-05 -4.9713E-05  5.5717E-04  5.5923E-04
  4.1869E-05 -5.0185E-05  5.6247E-04  5.6454E-04
  4.2266E-05 -5.0662E-05  5.6781E-04  5.6991E-04
  4.2668E-05 -5.1143E-05  5.7320E-04  5.7532E-04
  4.3073E-05 -5.1629E-05  5.7864E-04  5.8078E-04
  4.3482E-05 -5.2119E-05  5.8414E-04  5.8629E-04
  4.3895E-05 -5.2614E-05  5.8968E-04  5.9186E-04
  4.4312E-05 -5.3114E-05  5.9528E-04  5.9747E-04
  4.4733E-05 -5.3618E-05  6.0092E-04  6.0314E-04
  4.5157E-05 -5.4127E-05  6.0662E-04  6.0886E-04
  4.5586E-05 -5.4640E-05  6.1238E-04  6.1464E-04
  4.6018E-05 -5.5159E-05  6.1818E-04  6.2047E-04
  4.6455E-05 -5.5682E-05  6.2404E-04  6.2635E-04
  4.6895E-05 -5.6210E-05  6.2996E-04  6.3228E-04
  4.7340E-05 -5.6743E-05  6.3593E-04  6.3828E-04
  4.7788E-05 -5.7281E-05  6.4195E-04  6.4432E-04
  4.8241E-05 -5.7824E-05  6.4803E-04  6.5043E-04
  4.8698E-05 -5.8372E-05  6.5417E-04  6.5659E-04
  4.9160E-05 -5.8925E-05  6.6037E-04  6.6281E-04
  4.9626E-05 -5.9483E-05  6.6662E-04  6.6908E-04
  5.0096E-05 -6.0046E-05  6.7293E-04  6.7541E-04
  5.0570E-05 -6.0615E-05  6.7930E-04  6.8181E-04
  5.1049E-05 -6.1189E-05  6.8573E-04  6.8826E-04
  5.1532E-05 -6.1768E-05  6.9221E-04  6.9477E-04
  5.2020E-05 -6.2353E-05  6.9876E-04  7.0134E-04
  5.2512E-05 -6.2943E-05  7.0537E-04  7.0798E-04
  5.3009E-05 -6.3538E-05  7.1204E-04  7.1467E-04
  5.3510E-05 -6.4139E-05  7.1877E-04  7.2143E-04
  5.4017E-05 -6.4746E-05  7.2557E-04  7.2825E-04
  5.4527E-05 -6.5358E-05  7.3243E-04  7.3513E-04
  5.5043E-05 -6.5976E-05  7.3935E-04  7.4208E-04
  5.5564E-05 -6.6600E-05  7.4633E-04  7.4909E-04
  5.6089E-05 -6.7230E-05  7.5339E-04  7.5617E-04
  5.6619E-05 -6.7865E-05  7.6050E-04  7.6331E-04
  5.7154E-05 -6.8507E-05  7.6768E-04  7.7052E-04
  5.7694E-05 -6.9154E-05  7.7493E-04  7.7779E-04
  5.8239E-05 -6.9807E-05  7.8225E-04  7.8514E-04
  5.8789E-05 -7.0467E-05  7.8963E-04  7.9255E-04
  5.9344E-05 -7.1132E-05  7.9709E-04  8.0003E-04
  5.9905E-05 -7.1804E-05  8.0461E-04  8.0758E-04
  6.0471E-05 -7.2482E-05  8.1220E-04  8.1520E-04
  6.1041E-05 -7.3166E-05  8.1986E-04  8.2289E-04
  6.1618E-05 -7.3857E-05  8.2760E-04  8.3065E-04
  6.2199E-05 -7.4554E-05  8.3540E-04  8.3849E-04
  6.2786E-05 -7.5258E-05  8.4328E-04  8.4640E-04
  6.3379E-05 -7.5968E-05  8.5123E-04  8.5438E-04
  6.3977E-05 -7.6684E-05  8.5926E-04  8.6243E-04
  6.4580E-05 -7.7408E-05  8.6736E-04  8.7056E-04
  6.5189E-05 -7.8138E-05  8.7553E-04  8.7877E-04
  6.5804E-05 -7.8875E-05  8.8378E-04  8.8705E-04
  6.6424E-05 -7.9618E-05  8.9211E-04  8.9541E-04
  6.7051E-05 -8.0369E-05  9.0052E-04  9.0384E-04
  6.7683E-05 -8.1127E-05  9.0900E-04  9.1236E-04
  6.8321E-05 -8.1891E-05  9.1756E-04  9.2095E-04
  6.8965E-05 -8.2663E-05  9.2620E-04  9.2962E-04
  6.9615E-05 -8.3442E-05  9.3492E-04  9.3838E-04
  7.0270E-05 -8.4229E-05  9.4373E-04  9.4721E-04
  7.0933E-05 -8.5022E-05  9.5261E-04  9.5613E-04
  7.1601E-05 -8.5823E-05  9.6158E-04  9.6513E-04
  7.2275E-05 -8.6631E-05  9.7063E-04  9.7421E-04
  7.2956E-05 -8.7447E-05  9.7976E-04  9.8338E-04
  7.3643E-05 -8.8271E-05  9.8898E-04  9.9263E-04
  7.4336E-05 -8.9102E-05  9.9828E-04  1.0020E-03
  7.5036E-05 -8.9941E-05  1.0077E-03  1.0114E-03
  7.5742E-05 -9.0787E-05  1.0172E-03  1.0209E-03
  7.6455E-05 -9.1642E-05  1.0267E-03  1.0305E-03
  7.7175E-05 -9.2504E-05  1.0364E-03  1.0402E-03
  7.7901E-05 -9.3375E-05  1.0461E-03  1.0500E-03
  7.8634E-05 -9.4254E-05  1.0560E-03  1.0599E-03
  7.9374E-05 -9.5140E-05  1.0659E-03  1.0698E-03
  8.0121E-05 -9.6035E-05  1.0759E-03  1.0799E-03
  8.0874E-05 -9.6939E-05  1.0860E-03  1.0900E-03
  8.1635E-05 -9.7851E-05  1.0962E-03  1.1003E-03
  8.2403E-05 -9.8771E-05  1.1065E-03  1.1106E-03
  8.3178E-05 -9.9700E-05  1.1169E-03  1.1210E-03
  8.3960E-05 -1.0064E-04  1.1274E-03  1.1316E-03
  8.4749E-05 -1.0158E-04  1.1380E-03  1.1422E-03
  8.5546E-05 -1.0254E-04  1.1487E-03  1.1529E-03
  8.6350E-05 -1.0350E-04  1.1595E-03  1.1637E-03
  8.7162E-05 -1.0447E-04  1.1704E-03  1.1747E-03
  8.7981E-05 -1.0546E-04  1.1813E-03  1.1857E-03
  8.8807E-05 -1.0645E-04  1.1924E-03  1.1968E-03
  8.9642E-05 -1.0745E-04  1.2036E-03  1.2081E-03
  9.0484E-05 -1.0846E-04  1.2149E-03  1.2194E-03
  9.1334E-05 -1.0948E-04  1.2263E-03  1.2309E-03
  9.2192E-05 -1.1050E-04  1.2378E-03  1.2424E-03
  9.3058E-05 -1.1154E-04  1.2494E-03  1.2541E-03
  9.3932E-05 -1.1259E-04  1.2612E-03  1.2658E-03
  9.4814E-05 -1.1365E-04  1.2730E-03  1.2777E-03
  9.5705E-05 -1.1471E-04  1.2849E-03  1.2897E-03
  9.6603E-05 -1.1579E-04  1.2970E-03  1.3018E-03
  9.7510E-05 -1.1688E-04  1.3092E-03  1.3140E-03
  9.8425E-05 -1.1798E-04  1.3214E-03  1.3263E-03
  9.9349E-05 -1.1908E-04  1.3338E-03  1.3388E-03
  1.0028E-04 -1.2020E-04  1.3463E-03  1.3513E-03
  1.0122E-04 -1.2133E-04  1.3590E-03  1.3640E-03
  1.0217E-04 -1.2247E-04  1.3717E-03  1.3768E-03
  1.0313E-04 -1.2362E-04  1.3845E-03  1.3897E-03
  1.0410E-04 -1.2478E-04  1.3975E-03  1.4027E-03
  1.0508E-04 -1.2595E-04  1.4106E-03  1.4158E-03
  1.0606E-04 -1.2713E-04  1.4238E-03  1.4291E-03
  1.0706E-04 -1.2832E-04  1.4372E-03  1.4425E-03
  1.0806E-04 -1.2953E-04  1.4506E-03  1.4560E-03
  1.0907E-04 -1.3074E-04  1.4642E-03  1.4696E-03
  1.1010E-04 -1.3197E-04  1.4780E-03  1.4834E-03
  1.1113E-04 -1.3320E-04  1.4918E-03  1.4973E-03
  1.1217E-04 -1.3445E-04  1.5058E-03  1.5113E-03
  1.1322E-04 -1.3571E-04  1.5199E-03  1.5255E-03
  1.1429E-04 -1.3699E-04  1.5341E-03  1.5398E-03
  1.1536E-04 -1.3827E-04  1.5485E-03  1.5542E-03
  1.1644E-04 -1.3957E-04  1.5630E-03  1.5687E-03
  1.1753E-04 -1.4087E-04  1.5776E-03  1.5834E-03
  1.1863E-04 -1.4220E-04  1.5924E-03  1.5982E-03
  1.1974E-04 -1.4353E-04  1.6073E-03  1.6132E-03
  1.2087E-04 -1.4487E-04  1.6223E-03  1.6283E-03
  1.2200E-04 -1.4623E-04  1.6375E-03  1.6435E-03
  1.2314E-04 -1.4760E-04  1.6528E-03  1.6589E-03
  1.2429E-04 -1.4898E-04  1.6683E-03  1.6744E-03
  1.2546E-04 -1.5038E-04  1.6839E-03  1.6901E-03
  1.2663E-04 -1.5179E-04  1.6996E-03  1.7059E-03
  1.2782E-04 -1.5321E-04  1.7155E-03  1.7219E-03
  1.2902E-04 -1.5465E-04  1.7316E-03  1.7380E-03
  1.3023E-04 -1.5609E-04  1.7478E-03  1.7542E-03
  1.3145E-04 -1.5756E-04  1.7641E-03  1.7706E-03
  1.3268E-04 -1.5903E-04  1.7806E-03  1.7872E-03
  1.3392E-04 -1.6052E-04  1.7973E-03  1.8039E-03
  1.3517E-04 -1.6202E-04  1.8141E-03  1.8208E-03
  1.3644E-04 -1.6354E-04  1.8310E-03  1.8378E-03
  1.3772E-04 -1.6507E-04  1.8482E-03  1.8550E-03
  1.3901E-04 -1.6662E-04  1.8654E-03  1.8723E-03
  1.4031E-04 -1.6818E-04  1.8829E-03  1.8898E-03
  1.4162E-04 -1.6975E-04  1.9005E-03  1.9075E-03
  1.4295E-04 -1.7134E-04  1.9182E-03  1.9253E-03
  1.4428E-04 -1.7294E-04  1.9362E-03  1.9433E-03
  1.4564E-04 -1.7456E-04  1.9542E-03  1.9615E-03
  1.4700E-04 -1.7620E-04  1.9725E-03  1.9798E-03
  1.4837E-04 -1.7785E-04  1.9909E-03  1.9983E-03
  1.4976E-04 -1.7951E-04  2.0095E-03  2.0170E-03
  1.5116E-04 -1.8119E-04  2.0283E-03  2.0358E-03
  1.5258E-04 -1.8289E-04  2.0473E-03  2.0548E-03
  1.5401E-04 -1.8460E-04  2.0664E-03  2.0740E-03
  1.5545E-04 -1.8632E-04  2.0857E-03  2.0934E-03
  1.5690E-04 -1.8807E-04  2.1052E-03  2.1129E-03
  1.5837E-04 -1.8983E-04  2.1248E-03  2.1327E-03
  1.5985E-04 -1.9160E-04  2.1447E-03  2.1526E-03
  1.6135E-04 -1.9339E-04  2.1647E-03  2.1727E-03
  1.6285E-04 -1.9520E-04  2.1849E-03  2.1930E-03
  1.6438E-04 -1.9703E-04  2.2053E-03  2.2134E-03
  1.6592E-04 -1.9887E-04  2.2259E-03  2.2341E-03
  1.6747E-04 -2.0073E-04  2.2467E-03  2.2550E-03
  1.6903E-04 -2.0261E-04  2.2676E-03  2.2760E-03
  1.7061E-04 -2.0450E-04  2.2888E-03  2.2972E-03
  1.7221E-04 -2.0642E-04  2.3102E-03  2.3187E-03
  1.7382E-04 -2.0835E-04  2.3317E-03  2.3403E-03
  1.7544E-04 -2.1029E-04  2.3535E-03  2.3622E-03
  1.7708E-04 -2.1226E-04  2.3754E-03  2.3842E-03
  1.7874E-04 -2.1424E-04  2.3976E-03  2.4065E-03
  1.8041E-04 -2.1625E-04  2.4200E-03  2.4289E-03
  1.8210E-04 -2.1827E-04  2.4425E-03  2.4516E-03
  1.8380E-04 -2.2031E-04  2.4653E-03  2.4744E-03
  1.8552E-04 -2.2237E-04  2.4883E-03  2.4975E-03
  1.8725E-04 -2.2445E-04  2.5115E-03  2.5208E-03
  1.8900E-04 -2.2654E-04  2.5350E-03  2.5443E-03
  1.9077E-04 -2.2866E-04  2.5586E-03  2.5680E-03
  1.9255E-04 -2.3080E-04  2.5825E-03  2.5920E-03
  1.9435E-04 -2.3295E-04  2.6065E-03  2.6162E-03
  1.9617E-04 -2.3513E-04  2.6308E-03  2.6406E-03
  1.9800E-04 -2.3733E-04  2.6554E-03  2.6652E-03
  1.9985E-04 -2.3955E-04  2.6801E-03  2.6900E-03
  2.0172E-04 -2.4178E-04  2.7051E-03  2.7151E-03
  2.0360E-04 -2.4404E-04  2.7303E-03  2.7404E-03
  2.0550E-04 -2.4632E-04  2.7558E-03  2.7660E-03
  2.0742E-04 -2.4862E-04  2.7815E-03  2.7917E-03
  2.0936E-04 -2.5095E-04  2.8074E-03  2.8178E-03
  2.1132E-04 -2.5329E-04  2.8336E-03  2.8440E-03
  2.1329E-04 -2.5566E-04  2.8600E-03  2.8705E-03
  2.1528E-04 -2.5804E-04  2.8866E-03  2.8973E-03
  2.1729E-04 -2.6045E-04  2.9135E-03  2.9243E-03
  2.1932E-04 -2.6289E-04  2.9407E-03  2.9515E-03
  2.2137E-04 -2.6534E-04  2.9681E-03  2.9790E-03
  2.2344E-04 -2.6782E-04  2.9957E-03  3.0068E-03
  2.2553E-04 -2.7032E-04  3.0236E-03  3.0348E-03
  2.2763E-04 -2.7285E-04  3.0518E-03  3.0631E-03
  2.2976E-04 -2.7539E-04  3.0802E-03  3.0916E-03
  2.3190E-04 -2.7797E-04  3.1089E-03  3.1204E-03
  2.3407E-04 -2.8056E-04  3.1378E-03  3.1494E-03
  2.3625E-04 -2.8318E-04  3.1671E-03  3.1788E-03
  2.3846E-04 -2.8582E-04  3.1966E-03  3.2084E-03
  2.4069E-04 -2.8849E-04  3.2263E-03  3.2382E-03
  2.4293E-04 -2.9119E-04  3.2564E-03  3.2684E-03
  2.4520E-04 -2.9391E-04  3.2867E-03  3.2988E-03
  2.4749E-04 -2.9665E-04  3.3173E-03  3.3295E-03
  2.4980E-04 -2.9942E-04  3.3482E-03  3.3605E-03
  2.5213E-04 -3.0221E-04  3.3793E-03  3.3918E-03
  2.5449E-04 -3.0503E-04  3.4108E-03  3.4234E-03
  2.5686E-04 -3.0788E-04  3.4425E-03  3.4553E-03
  2.5926E-04 -3.1076E-04  3.4746E-03  3.4874E-03
  2.6168E-04 -3.1366E-04  3.5069E-03  3.5199E-03
  2.6412E-04 -3.1658E-04  3.5396E-03  3.5526E-03
  2.6659E-04 -3.1954E-04  3.5725E-03  3.5857E-03
  2.6907E-04 -3.2252E-04  3.6057E-03  3.6191E-03
  2.7158E-04 -3.2553E-04  3.6393E-03  3.6527E-03
  2.7412E-04 -3.2857E-04  3.6731E-03  3.6867E-03
  2.7668E-04 -3.3163E-04  3.7073E-03  3.7210E-03
  2.7926E-04 -3.3473E-04  3.7418E-03  3.7556E-03
  2.8186E-04 -3.3785E-04  3.7766E-03  3.7906E-03
  2.8449E-04 -3.4100E-04  3.8117E-03  3.8258E-03
  2.8715E-04 -3.4419E-04  3.8472E-03  3.8614E-03
  2.8983E-04 -3.4740E-04  3.8830E-03  3.8973E-03
  2.9253E-04 -3.5064E-04  3.9191E-03  3.9336E-03
  2.9526E-04 -3.5391E-04  3.9555E-03  3.9701E-03
  2.9802E-04 -3.5721E-04  3.9923E-03  4.0071E-03
  3.0080E-04 -3.6055E-04  4.0294E-03  4.0443E-03
  3.0360E-04 -3.6391E-04  4.0669E-03  4.0819E-03
  3.0644E-04 -3.6730E-04  4.1047E-03  4.1199E-03
  3.0929E-04 -3.7073E-04  4.1429E-03  4.1582E-03
  3.1218E-04 -3.7419E-04  4.1814E-03  4.1968E-03
  3.1509E-04 -3.7768E-04  4.2203E-03  4.2358E-03
  3.1803E-04 -3.8120E-04  4.2595E-03  4.2752E-03
  3.2100E-04 -3.8476E-04  4.2991E-03  4.3150E-03
  3.2399E-04 -3.8835E-04  4.3390E-03  4.3551E-03
  3.2701E-04 -3.9197E-04  4.3794E-03  4.3955E-03
  3.3006E-04 -3.9562E-04  4.4200E-03  4.4364E-03
  3.3314E-04 -3.9931E-04  4.4611E-03  4.4776E-03
  3.3625E-04 -4.0304E-04  4.5026E-03  4.5192E-03
  3.3938E-04 -4.0680E-04  4.5444E-03  4.5612E-03
  3.4255E-04 -4.1059E-04  4.5866E-03  4.6036E-03
  3.4574E-04 -4.1442E-04  4.6292E-03  4.6463E-03
  3.4897E-04 -4.1828E-04  4.6722E-03  4.6895E-03
  3.5222E-04 -4.2218E-04  4.7156E-03  4.7331E-03
  3.5551E-04 -4.2612E-04  4.7594E-03  4.7770E-03
  3.5882E-04 -4.3010E-04  4.8037E-03  4.8214E-03
  3.6217E-04 -4.3411E-04  4.8483E-03  4.8662E-03
  3.6554E-04 -4.3815E-04  4.8933E-03  4.9114E-03
  3.6895E-04 -4.4224E-04  4.9387E-03  4.9570E-03
  3.7239E-04 -4.4636E-04  4.9846E-03  5.0030E-03
  3.7586E-04 -4.5052E-04  5.0309E-03  5.0495E-03
  3.7937E-04 -4.5472E-04  5.0776E-03  5.0963E-03
  3.8291E-04 -4.5896E-04  5.1247E-03  5.1437E-03
  3.8648E-04 -4.6324E-04  5.1723E-03  5.1914E-03
  3.9008E-04 -4.6756E-04  5.2203E-03  5.2396E-03
  3.9372E-04 -4.7192E-04  5.2688E-03  5.2882E-03
  3.9739E-04 -4.7632E-04  5.3177E-03  5.3373E-03
  4.0109E-04 -4.8076E-04  5.3670E-03  5.3869E-03
  4.0483E-04 -4.8524E-04  5.4168E-03  5.4368E-03
  4.0860E-04 -4.8977E-04  5.4671E-03  5.4873E-03
  4.1241E-04 -4.9433E-04  5.5178E-03  5.5382E-03
  4.1626E-04 -4.9894E-04  5.5690E-03  5.5896E-03
  4.2014E-04 -5.0359E-04  5.6207E-03  5.6415E-03
  4.2405E-04 -5.0828E-04  5.6728E-03  5.6938E-03
  4.2801E-04 -5.1302E-04  5.7255E-03  5.7466E-03
  4.3199E-04 -5.1780E-04  5.7786E-03  5.7999E-03
  4.3602E-04 -5.2263E-04  5.8322E-03  5.8537E-03
  4.4008E-04 -5.2750E-04  5.8863E-03  5.9080E-03
  4.4419E-04 -5.3242E-04  5.9409E-03  5.9628E-03
  4.4833E-04 -5.3738E-04  5.9960E-03  6.0181E-03
  4.5250E-04 -5.4239E-04  6.0516E-03  6.0739E-03
  4.5672E-04 -5.4744E-04  6.1077E-03  6.1303E-03
  4.6098E-04 -5.5254E-04  6.1643E-03  6.1871E-03
  4.6527E-04 -5.5769E-04  6.2215E-03  6.2445E-03
  4.6961E-04 -5.6289E-04  6.2791E-03  6.3024E-03
  4.7399E-04 -5.6814E-04  6.3374E-03  6.3608E-03
  4.7840E-04 -5.7343E-04  6.3961E-03  6.4197E-03
  4.8286E-04 -5.7877E-04  6.4554E-03  6.4792E-03
  4.8736E-04 -5.8417E-04  6.5152E-03  6.5393E-03
  4.9190E-04 -5.8961E-04  6.5756E-03  6.5999E-03
  4.9649E-04 -5.9510E-04  6.6365E-03  6.6611E-03
  5.0111E-04 -6.0065E-04  6.6980E-03  6.7228E-03
  5.0578E-04 -6.0625E-04  6.7601E-03  6.7851E-03
  5.1049E-04 -6.1190E-04  6.8227E-03  6.8480E-03
  5.1525E-04 -6.1760E-04  6.8859E-03  6.9114E-03
  5.2005E-04 -6.2335E-04  6.9497E-03  6.9754E-03
  5.2490E-04 -6.2916E-04  7.0141E-03  7.0400E-03
  5.2979E-04 -6.3502E-04  7.0791E-03  7.1052E-03
  5.3472E-04 -6.4094E-04  7.1446E-03  7.1711E-03
  5.3971E-04 -6.4691E-04  7.2108E-03  7.2375E-03
  5.4473E-04 -6.5294E-04  7.2776E-03  7.3045E-03
  5.4981E-04 -6.5902E-04  7.3450E-03  7.3721E-03
  5.5493E-04 -6.6516E-04  7.4130E-03  7.4404E-03
  5.6010E-04 -6.7136E-04  7.4816E-03  7.5093E-03
  5.6532E-04 -6.7761E-04  7.5509E-03  7.5788E-03
  5.7059E-04 -6.8392E-04  7.6208E-03  7.6490E-03
  5.7590E-04 -6.9029E-04  7.6913E-03  7.7198E-03
  5.8127E-04 -6.9672E-04  7.7625E-03  7.7912E-03
  5.8668E-04 -7.0321E-04  7.8344E-03  7.8633E-03
  5.9215E-04 -7.0976E-04  7.9069E-03  7.9361E-03
  5.9766E-04 -7.1638E-04  7.9800E-03  8.0096E-03
  6.0323E-04 -7.2305E-04  8.0539E-03  8.0837E-03
  6.0885E-04 -7.2978E-04  8.1284E-03  8.1585E-03
  6.1452E-04 -7.3658E-04  8.2036E-03  8.2339E-03
  6.2024E-04 -7.4344E-04  8.2795E-03  8.3101E-03
  6.2602E-04 -7.5037E-04  8.3561E-03  8.3870E-03
  6.3185E-04 -7.5736E-04  8.4334E-03  8.4646E-03
  6.3774E-04 -7.6441E-04  8.5114E-03  8.5429E-03
  6.4368E-04 -7.7153E-04  8.5901E-03  8.6219E-03
  6.4967E-04 -7.7872E-04  8.6695E-03  8.7016E-03
  6.5572E-04 -7.8597E-04  8.7497E-03  8.7820E-03
  6.6183E-04 -7.9329E-04  8.8306E-03  8.8632E-03
  6.6799E-04 -8.0068E-04  8.9122E-03  8.9452E-03
  6.7422E-04 -8.0814E-04  8.9946E-03  9.0279E-03
  6.8050E-04 -8.1566E-04  9.0778E-03  9.1113E-03
  6.8683E-04 -8.2326E-04  9.1617E-03  9.1955E-03
  6.9323E-04 -8.3093E-04  9.2463E-03  9.2805E-03
  6.9969E-04 -8.3867E-04  9.3318E-03  9.3663E-03
  7.0620E-04 -8.4648E-04  9.4180E-03  9.4529E-03
  7.1278E-04 -8.5436E-04  9.5050E-03  9.5402E-03
  7.1942E-04 -8.6232E-04  9.5929E-03  9.6283E-03
  7.2612E-04 -8.7035E-04  9.6815E-03  9.7173E-03
  7.3288E-04 -8.7845E-04  9.7709E-03  9.8070E-03
  7.3970E-04 -8.8663E-04  9.8612E-03  9.8976E-03
  7.4659E-04 -8.9489E-04  9.9522E-03  9.9890E-03
  7.5355E-04 -9.0322E-04  1.0044E-02  1.0081E-02
  7.6056E-04 -9.1163E-04  1.0137E-02  1.0174E-02
  7.6764E-04 -9.2012E-04  1.0230E-02  1.0268E-02
  7.7479E-04 -9.2869E-04  1.0325E-02  1.0363E-02
  7.8201E-04 -9.3734E-04  1.0420E-02  1.0459E-02
  7.8929E-04 -9.4607E-04  1.0516E-02  1.0555E-02
  7.9664E-04 -9.5488E-04  1.0614E-02  1.0653E-02
  8.0406E-04 -9.6377E-04  1.0711E-02  1.0751E-02
  8.1154E-04 -9.7274E-04  1.0810E-02  1.0850E-02
  8.1910E-04 -9.8180E-04  1.0910E-02  1.0950E-02
  8.2673E-04 -9.9094E-04  1.1011E-02  1.1051E-02
  8.3443E-04 -1.0002E-03  1.1112E-02  1.1153E-02
  8.4220E-04 -1.0095E-03  1.1215E-02  1.1256E-02
  8.5004E-04 -1.0189E-03  1.1318E-02  1.1360E-02
  8.5795E-04 -1.0284E-03  1.1423E-02  1.1465E-02
  8.6594E-04 -1.0379E-03  1.1528E-02  1.1571E-02
  8.7400E-04 -1.0476E-03  1.1634E-02  1.1677E-02
  8.8214E-04 -1.0574E-03  1.1742E-02  1.1785E-02
  8.9035E-04 -1.0672E-03  1.1850E-02  1.1894E-02
  8.9864E-04 -1.0771E-03  1.1959E-02  1.2003E-02
  9.0701E-04 -1.0872E-03  1.2069E-02  1.2114E-02
  9.1545E-04 -1.0973E-03  1.2180E-02  1.2226E-02
  9.2398E-04 -1.1075E-03  1.2293E-02  1.2338E-02
  9.3258E-04 -1.1178E-03  1.2406E-02  1.2452E-02
  9.4126E-04 -1.1282E-03  1.2520E-02  1.2567E-02
  9.5002E-04 -1.1387E-03  1.2636E-02  1.2682E-02
  9.5887E-04 -1.1493E-03  1.2752E-02  1.2799E-02
  9.6780E-04 -1.1600E-03  1.2870E-02  1.2917E-02
  9.7681E-04 -1.1708E-03  1.2988E-02  1.3036E-02
  9.8590E-04 -1.1817E-03  1.3108E-02  1.3156E-02
  9.9508E-04 -1.1927E-03  1.3228E-02  1.3277E-02
  1.0043E-03 -1.2038E-03  1.3350E-02  1.3399E-02
  1.0137E-03 -1.2150E-03  1.3473E-02  1.3523E-02
  1.0231E-03 -1.2264E-03  1.3597E-02  1.3647E-02
  1.0327E-03 -1.2378E-03  1.3722E-02  1.3773E-02
  1.0423E-03 -1.2493E-03  1.3848E-02  1.3900E-02
  1.0520E-03 -1.2609E-03  1.3976E-02  1.4028E-02
  1.0618E-03 -1.2727E-03  1.4104E-02  1.4157E-02
  1.0716E-03 -1.2845E-03  1.4234E-02  1.4287E-02
  1.0816E-03 -1.2965E-03  1.4365E-02  1.4418E-02
  1.0917E-03 -1.3085E-03  1.4497E-02  1.4551E-02
  1.1019E-03 -1.3207E-03  1.4630E-02  1.4685E-02
  1.1121E-03 -1.3330E-03  1.4765E-02  1.4820E-02
  1.1225E-03 -1.3454E-03  1.4901E-02  1.4956E-02
  1.1329E-03 -1.3579E-03  1.5038E-02  1.5093E-02
  1.1435E-03 -1.3706E-03  1.5176E-02  1.5232E-02
  1.1541E-03 -1.3833E-03  1.5315E-02  1.5372E-02
  1.1648E-03 -1.3962E-03  1.5456E-02  1.5513E-02
  1.1757E-03 -1.4092E-03  1.5598E-02  1.5656E-02
  1.1866E-03 -1.4223E-03  1.5741E-02  1.5800E-02
  1.1977E-03 -1.4356E-03  1.5886E-02  1.5945E-02
  1.2088E-03 -1.4489E-03  1.6032E-02  1.6091E-02
  1.2201E-03 -1.4624E-03  1.6179E-02  1.6239E-02
  1.2314E-03 -1.4760E-03  1.6328E-02  1.6388E-02
  1.2429E-03 -1.4898E-03  1.6478E-02  1.6539E-02
  1.2545E-03 -1.5036E-03  1.6629E-02  1.6690E-02
  1.2661E-03 -1.5176E-03  1.6781E-02  1.6844E-02
  1.2779E-03 -1.5318E-03  1.6935E-02  1.6998E-02
  1.2898E-03 -1.5460E-03  1.7091E-02  1.7154E-02
  1.3018E-03 -1.5604E-03  1.7248E-02  1.7311E-02
  1.3139E-03 -1.5749E-03  1.7406E-02  1.7470E-02
  1.3262E-03 -1.5896E-03  1.7565E-02  1.7630E-02
  1.3385E-03 -1.6044E-03  1.7726E-02  1.7792E-02
  1.3510E-03 -1.6193E-03  1.7889E-02  1.7955E-02
  1.3635E-03 -1.6344E-03  1.8053E-02  1.8120E-02
  1.3762E-03 -1.6496E-03  1.8218E-02  1.8286E-02
  1.3890E-03 -1.6649E-03  1.8385E-02  1.8454E-02
  1.4020E-03 -1.6804E-03  1.8554E-02  1.8623E-02
  1.4150E-03 -1.6961E-03  1.8724E-02  1.8793E-02
  1.4282E-03 -1.7119E-03  1.8895E-02  1.8965E-02
  1.4415E-03 -1.7278E-03  1.9068E-02  1.9139E-02
  1.4549E-03 -1.7439E-03  1.9243E-02  1.9314E-02
  1.4684E-03 -1.7601E-03  1.9419E-02  1.9491E-02
  1.4821E-03 -1.7765E-03  1.9597E-02  1.9670E-02
  1.4959E-03 -1.7930E-03  1.9776E-02  1.9850E-02
  1.5098E-03 -1.8097E-03  1.9957E-02  2.0031E-02
  1.5239E-03 -1.8265E-03  2.0140E-02  2.0215E-02
  1.5380E-03 -1.8435E-03  2.0324E-02  2.0400E-02
  1.5524E-03 -1.8607E-03  2.0510E-02  2.0586E-02
  1.5668E-03 -1.8780E-03  2.0698E-02  2.0774E-02
  1.5814E-03 -1.8955E-03  2.0887E-02  2.0964E-02
  1.5961E-03 -1.9131E-03  2.1078E-02  2.1156E-02
  1.6110E-03 -1.9309E-03  2.1271E-02  2.1349E-02
  1.6260E-03 -1.9489E-03  2.1465E-02  2.1545E-02
  1.6411E-03 -1.9670E-03  2.1661E-02  2.1741E-02
  1.6564E-03 -1.9854E-03  2.1859E-02  2.1940E-02
  1.6718E-03 -2.0038E-03  2.2059E-02  2.2140E-02
  1.6873E-03 -2.0225E-03  2.2260E-02  2.2343E-02
  1.7030E-03 -2.0413E-03  2.2463E-02  2.2547E-02
  1.7189E-03 -2.0603E-03  2.2668E-02  2.2752E-02
  1.7349E-03 -2.0795E-03  2.2875E-02  2.2960E-02
  1.7510E-03 -2.0988E-03  2.3084E-02  2.3170E-02
  1.7673E-03 -2.1184E-03  2.3295E-02  2.3381E-02
  1.7838E-03 -2.1381E-03  2.3507E-02  2.3594E-02
  1.8004E-03 -2.1580E-03  2.3722E-02  2.3810E-02
  1.8171E-03 -2.1780E-03  2.3938E-02  2.4027E-02
  1.8340E-03 -2.1983E-03  2.4156E-02  2.4246E-02
  1.8511E-03 -2.2188E-03  2.4376E-02  2.4467E-02
  1.8683E-03 -2.2394E-03  2.4599E-02  2.4690E-02
  1.8857E-03 -2.2602E-03  2.4823E-02  2.4915E-02
  1.9032E-03 -2.2813E-03  2.5049E-02  2.5142E-02
  1.9210E-03 -2.3025E-03  2.5277E-02  2.5371E-02
  1.9388E-03 -2.3239E-03  2.5507E-02  2.5602E-02
  1.9569E-03 -2.3456E-03  2.5739E-02  2.5835E-02
  1.9751E-03 -2.3674E-03  2.5974E-02  2.6070E-02
  1.9935E-03 -2.3894E-03  2.6210E-02  2.6307E-02
  2.0120E-03 -2.4116E-03  2.6448E-02  2.6547E-02
  2.0307E-03 -2.4341E-03  2.6689E-02  2.6788E-02
  2.0496E-03 -2.4567E-03  2.6932E-02  2.7032E-02
  2.0687E-03 -2.4796E-03  2.7177E-02  2.7277E-02
  2.0880E-03 -2.5027E-03  2.7424E-02  2.7525E-02
  2.1074E-03 -2.5260E-03  2.7673E-02  2.7776E-02
  2.1270E-03 -2.5495E-03  2.7924E-02  2.8028E-02
  2.1468E-03 -2.5732E-03  2.8178E-02  2.8283E-02
  2.1668E-03 -2.5971E-03  2.8434E-02  2.8539E-02
  2.1869E-03 -2.6213E-03  2.8692E-02  2.8799E-02
  2.2073E-03 -2.6457E-03  2.8953E-02  2.9060E-02
  2.2278E-03 -2.6703E-03  2.9215E-02  2.9324E-02
  2.2485E-03 -2.6951E-03  2.9480E-02  2.9590E-02
  2.2695E-03 -2.7202E-03  2.9748E-02  2.9858E-02
  2.2906E-03 -2.7455E-03  3.0018E-02  3.0129E-02
  2.3119E-03 -2.7711E-03  3.0290E-02  3.0402E-02
  2.3334E-03 -2.7969E-03  3.0564E-02  3.0678E-02
  2.3551E-03 -2.8229E-03  3.0841E-02  3.0956E-02
  2.3770E-03 -2.8492E-03  3.1121E-02  3.1236E-02
  2.3991E-03 -2.8757E-03  3.1403E-02  3.1519E-02
  2.4215E-03 -2.9024E-03  3.1687E-02  3.1805E-02
  2.4440E-03 -2.9294E-03  3.1974E-02  3.2093E-02
  2.4667E-03 -2.9567E-03  3.2263E-02  3.2383E-02
  2.4897E-03 -2.9842E-03  3.2555E-02  3.2676E-02
  2.5128E-03 -3.0120E-03  3.2850E-02  3.2972E-02
  2.5362E-03 -3.0400E-03  3.3147E-02  3.3270E-02
  2.5598E-03 -3.0683E-03  3.3446E-02  3.3571E-02
  2.5836E-03 -3.0968E-03  3.3749E-02  3.3874E-02
  2.6077E-03 -3.1256E-03  3.4054E-02  3.4180E-02
  2.6319E-03 -3.1547E-03  3.4361E-02  3.4489E-02
  2.6564E-03 -3.1841E-03  3.4672E-02  3.4800E-02
  2.6811E-03 -3.2137E-03  3.4985E-02  3.5114E-02
  2.7061E-03 -3.2436E-03  3.5300E-02  3.5431E-02
  2.7313E-03 -3.2738E-03  3.5619E-02  3.5751E-02
  2.7567E-03 -3.3042E-03  3.5940E-02  3.6074E-02
  2.7823E-03 -3.3350E-03  3.6264E-02  3.6399E-02
  2.8082E-03 -3.3660E-03  3.6591E-02  3.6727E-02
  2.8343E-03 -3.3973E-03  3.6921E-02  3.7058E-02
  2.8607E-03 -3.4289E-03  3.7253E-02  3.7392E-02
  2.8873E-03 -3.4608E-03  3.7589E-02  3.7729E-02
  2.9142E-03 -3.4930E-03  3.7927E-02  3.8068E-02
  2.9413E-03 -3.5255E-03  3.8269E-02  3.8411E-02
  2.9687E-03 -3.5583E-03  3.8613E-02  3.8757E-02
  2.9963E-03 -3.5914E-03  3.8961E-02  3.9105E-02
  3.0242E-03 -3.6248E-03  3.9311E-02  3.9457E-02
  3.0523E-03 -3.6585E-03  3.9664E-02  3.9812E-02
  3.0807E-03 -3.6926E-03  4.0021E-02  4.0169E-02
  3.1094E-03 -3.7269E-03  4.0380E-02  4.0530E-02
  3.1383E-03 -3.7616E-03  4.0743E-02  4.0894E-02
  3.1675E-03 -3.7966E-03  4.1109E-02  4.1261E-02
  3.1970E-03 -3.8319E-03  4.1477E-02  4.1632E-02
  3.2267E-03 -3.8676E-03  4.1850E-02  4.2005E-02
  3.2567E-03 -3.9036E-03  4.2225E-02  4.2382E-02
  3.2870E-03 -3.9399E-03  4.2603E-02  4.2762E-02
  3.3176E-03 -3.9765E-03  4.2985E-02  4.3145E-02
  3.3485E-03 -4.0135E-03  4.3370E-02  4.3532E-02
  3.3796E-03 -4.0509E-03  4.3759E-02  4.3921E-02
  3.4111E-03 -4.0886E-03  4.4150E-02  4.4315E-02
  3.4428E-03 -4.1266E-03  4.4545E-02  4.4711E-02
  3.4748E-03 -4.1650E-03  4.4944E-02  4.5111E-02
  3.5072E-03 -4.2037E-03  4.5346E-02  4.5514E-02
  3.5398E-03 -4.2428E-03  4.5751E-02  4.5921E-02
  3.5727E-03 -4.2823E-03  4.6160E-02  4.6332E-02
  3.6060E-03 -4.3221E-03  4.6572E-02  4.6745E-02
  3.6395E-03 -4.3623E-03  4.6988E-02  4.7163E-02
  3.6734E-03 -4.4029E-03  4.7407E-02  4.7584E-02
  3.7075E-03 -4.4439E-03  4.7830E-02  4.8008E-02
  3.7420E-03 -4.4852E-03  4.8257E-02  4.8436E-02
  3.7768E-03 -4.5270E-03  4.8687E-02  4.8868E-02
  3.8120E-03 -4.5691E-03  4.9121E-02  4.9303E-02
  3.8474E-03 -4.6116E-03  4.9558E-02  4.9742E-02
  3.8832E-03 -4.6545E-03  4.9999E-02  5.0185E-02
  3.9194E-03 -4.6978E-03  5.0444E-02  5.0632E-02
  3.9558E-03 -4.7415E-03  5.0893E-02  5.1082E-02
  3.9926E-03 -4.7856E-03  5.1345E-02  5.1536E-02
  4.0298E-03 -4.8301E-03  5.1802E-02  5.1994E-02
  4.0673E-03 -4.8750E-03  5.2262E-02  5.2456E-02
  4.1051E-03 -4.9204E-03  5.2726E-02  5.2922E-02
  4.1433E-03 -4.9662E-03  5.3194E-02  5.3392E-02
  4.1818E-03 -5.0124E-03  5.3666E-02  5.3866E-02
  4.2207E-03 -5.0590E-03  5.4141E-02  5.4343E-02
  4.2600E-03 -5.1060E-03  5.4621E-02  5.4825E-02
  4.2996E-03 -5.1535E-03  5.5105E-02  5.5311E-02
  4.3396E-03 -5.2015E-03  5.5593E-02  5.5800E-02
  4.3800E-03 -5.2499E-03  5.6085E-02  5.6294E-02
  4.4208E-03 -5.2987E-03  5.6581E-02  5.6792E-02
  4.4619E-03 -5.3480E-03  5.7082E-02  5.7294E-02
  4.5034E-03 -5.3978E-03  5.7586E-02  5.7801E-02
  4.5453E-03 -5.4480E-03  5.8095E-02  5.8311E-02
  4.5876E-03 -5.4986E-03  5.8608E-02  5.8826E-02
  4.6302E-03 -5.5498E-03  5.9125E-02  5.9345E-02
  4.6733E-03 -5.6014E-03  5.9646E-02  5.9869E-02
  4.7168E-03 -5.6535E-03  6.0172E-02  6.0396E-02
  4.7607E-03 -5.7061E-03  6.0702E-02  6.0929E-02
  4.8050E-03 -5.7592E-03  6.1237E-02  6.1465E-02
  4.8497E-03 -5.8128E-03  6.1776E-02  6.2006E-02
  4.8948E-03 -5.8668E-03  6.2319E-02  6.2551E-02
  4.9403E-03 -5.9214E-03  6.2867E-02  6.3101E-02
  4.9863E-03 -5.9765E-03  6.3419E-02  6.3656E-02
  5.0327E-03 -6.0321E-03  6.3976E-02  6.4215E-02
  5.0795E-03 -6.0882E-03  6.4538E-02  6.4779E-02
  5.1267E-03 -6.1448E-03  6.5104E-02  6.5347E-02
  5.1744E-03 -6.2020E-03  6.5675E-02  6.5920E-02
  5.2226E-03 -6.2597E-03  6.6250E-02  6.6497E-02
  5.2711E-03 -6.3179E-03  6.6830E-02  6.7080E-02
  5.3202E-03 -6.3767E-03  6.7415E-02  6.7667E-02
  5.3697E-03 -6.4360E-03  6.8005E-02  6.8259E-02
  5.4196E-03 -6.4958E-03  6.8599E-02  6.8855E-02
  5.4700E-03 -6.5563E-03  6.9198E-02  6.9457E-02
  5.5209E-03 -6.6173E-03  6.9803E-02  7.0063E-02
  5.5723E-03 -6.6788E-03  7.0412E-02  7.0675E-02
  5.6241E-03 -6.7409E-03  7.1026E-02  7.1291E-02
  5.6764E-03 -6.8036E-03  7.1645E-02  7.1912E-02
  5.7292E-03 -6.8669E-03  7.2269E-02  7.2539E-02
  5.7825E-03 -6.9308E-03  7.2897E-02  7.3170E-02
  5.8363E-03 -6.9953E-03  7.3532E-02  7.3806E-02
  5.8906E-03 -7.0603E-03  7.4171E-02  7.4448E-02
  5.9454E-03 -7.1260E-03  7.4815E-02  7.5095E-02
  6.0007E-03 -7.1923E-03  7.5464E-02  7.5747E-02
  6.0565E-03 -7.2592E-03  7.6119E-02  7.6404E-02
  6.1129E-03 -7.3267E-03  7.6779E-02  7.7066E-02
  6.1697E-03 -7.3948E-03  7.7444E-02  7.7734E-02
  6.2271E-03 -7.4636E-03  7.8114E-02  7.8407E-02
  6.2851E-03 -7.5330E-03  7.8790E-02  7.9085E-02
  6.3435E-03 -7.6031E-03  7.9471E-02  7.9768E-02
  6.4025E-03 -7.6738E-03  8.0157E-02  8.0458E-02
  6.4621E-03 -7.7452E-03  8.0849E-02  8.1152E-02
  6.5222E-03 -7.8172E-03  8.1547E-02  8.1852E-02
  6.5829E-03 -7.8899E-03  8.2250E-02  8.2558E-02
  6.6441E-03 -7.9633E-03  8.2958E-02  8.3269E-02
  6.7059E-03 -8.0374E-03  8.3672E-02  8.3985E-02
  6.7683E-03 -8.1122E-03  8.4391E-02  8.4708E-02
  6.8313E-03 -8.1876E-03  8.5116E-02  8.5435E-02
  6.8948E-03 -8.2638E-03  8.5847E-02  8.6169E-02
  6.9589E-03 -8.3406E-03  8.6584E-02  8.6908E-02
  7.0237E-03 -8.4182E-03  8.7326E-02  8.7653E-02
  7.0890E-03 -8.4965E-03  8.8074E-02  8.8404E-02
  7.1550E-03 -8.5755E-03  8.8828E-02  8.9161E-02
  7.2215E-03 -8.6553E-03  8.9587E-02  8.9923E-02
  7.2887E-03 -8.7358E-03  9.0353E-02  9.0692E-02
  7.3565E-03 -8.8170E-03  9.1124E-02  9.1466E-02
  7.4249E-03 -8.8990E-03  9.1902E-02  9.2246E-02
  7.4940E-03 -8.9818E-03  9.2685E-02  9.3033E-02
  7.5637E-03 -9.0653E-03  9.3474E-02  9.3825E-02
  7.6341E-03 -9.1496E-03  9.4269E-02  9.4623E-02
  7.7051E-03 -9.2347E-03  9.5071E-02  9.5428E-02
  7.7767E-03 -9.3206E-03  9.5878E-02  9.6238E-02
  7.8491E-03 -9.4073E-03  9.6692E-02  9.7055E-02
  7.9221E-03 -9.4948E-03  9.7511E-02  9.7878E-02
  7.9958E-03 -9.5831E-03  9.8337E-02  9.8707E-02
  8.0702E-03 -9.6722E-03  9.9169E-02  9.9542E-02
  8.1452E-03 -9.7622E-03  1.0001E-01  1.0038E-01
  8.2210E-03 -9.8530E-03  1.0085E-01  1.0123E-01
  8.2975E-03 -9.9446E-03  1.0170E-01  1.0209E-01
  8.3747E-03 -1.0037E-02  1.0256E-01  1.0295E-01
  8.4526E-03 -1.0130E-02  1.0342E-01  1.0381E-01
  8.5312E-03 -1.0225E-02  1.0429E-01  1.0469E-01
  8.6105E-03 -1.0320E-02  1.0517E-01  1.0557E-01
  8.6906E-03 -1.0416E-02  1.0605E-01  1.0645E-01
  8.7715E-03 -1.0513E-02  1.0694E-01  1.0735E-01
  8.8531E-03 -1.0610E-02  1.0784E-01  1.0825E-01
  8.9354E-03 -1.0709E-02  1.0874E-01  1.0915E-01
  9.0185E-03 -1.0809E-02  1.0965E-01  1.1006E-01
  9.1024E-03 -1.0909E-02  1.1057E-01  1.1098E-01
  9.1871E-03 -1.1011E-02  1.1149E-01  1.1191E-01
  9.2725E-03 -1.1113E-02  1.1242E-01  1.1284E-01
  9.3588E-03 -1.1216E-02  1.1335E-01  1.1378E-01
  9.4459E-03 -1.1321E-02  1.1430E-01  1.1473E-01
  9.5337E-03 -1.1426E-02  1.1525E-01  1.1568E-01
  9.6224E-03 -1.1532E-02  1.1620E-01  1.1664E-01
  9.7119E-03 -1.1639E-02  1.1717E-01  1.1761E-01
  9.8022E-03 -1.1748E-02  1.1813E-01  1.1858E-01
  9.8934E-03 -1.1857E-02  1.1911E-01  1.1956E-01
  9.9854E-03 -1.1967E-02  1.2010E-01  1.2055E-01
  1.0078E-02 -1.2078E-02  1.2109E-01  1.2154E-01
  1.0172E-02 -1.2191E-02  1.2208E-01  1.2254E-01
  1.0267E-02 -1.2304E-02  1.2309E-01  1.2355E-01
  1.0362E-02 -1.2418E-02  1.2410E-01  1.2457E-01
  1.0459E-02 -1.2534E-02  1.2512E-01  1.2559E-01
  1.0556E-02 -1.2651E-02  1.2614E-01  1.2662E-01
  1.0654E-02 -1.2768E-02  1.2718E-01  1.2766E-01
  1.0753E-02 -1.2887E-02  1.2822E-01  1.2870E-01
  1.0853E-02 -1.3007E-02  1.2926E-01  1.2975E-01
  1.0954E-02 -1.3128E-02  1.3032E-01  1.3081E-01
  1.1056E-02 -1.3250E-02  1.3138E-01  1.3187E-01
  1.1159E-02 -1.3373E-02  1.3245E-01  1.3295E-01
  1.1263E-02 -1.3497E-02  1.3352E-01  1.3403E-01
  1.1367E-02 -1.3623E-02  1.3460E-01  1.3511E-01
  1.1473E-02 -1.3749E-02  1.3569E-01  1.3621E-01
  1.1580E-02 -1.3877E-02  1.3679E-01  1.3731E-01
  1.1688E-02 -1.4006E-02  1.3790E-01  1.3842E-01
  1.1796E-02 -1.4137E-02  1.3901E-01  1.3953E-01
  1.1906E-02 -1.4268E-02  1.4013E-01  1.4066E-01
  1.2017E-02 -1.4401E-02  1.4125E-01  1.4179E-01
  1.2129E-02 -1.4535E-02  1.4239E-01  1.4293E-01
  1.2241E-02 -1.4670E-02  1.4353E-01  1.4407E-01
  1.2355E-02 -1.4806E-02  1.4468E-01  1.4523E-01
  1.2470E-02 -1.4944E-02  1.4583E-01  1.4639E-01
  1.2586E-02 -1.5083E-02  1.4700E-01  1.4755E-01
  1.2703E-02 -1.5223E-02  1.4817E-01  1.4873E-01
  1.2821E-02 -1.5364E-02  1.4935E-01  1.4991E-01
  1.2941E-02 -1.5507E-02  1.5053E-01  1.5110E-01
  1.3061E-02 -1.5651E-02  1.5172E-01  1.5230E-01
  1.3183E-02 -1.5797E-02  1.5293E-01  1.5351E-01
  1.3305E-02 -1.5944E-02  1.5413E-01  1.5472E-01
  1.3429E-02 -1.6092E-02  1.5535E-01  1.5594E-01
  1.3554E-02 -1.6242E-02  1.5657E-01  1.5717E-01
  1.3680E-02 -1.6393E-02  1.5780E-01  1.5840E-01
  1.3807E-02 -1.6545E-02  1.5904E-01  1.5965E-01
  1.3936E-02 -1.6699E-02  1.6029E-01  1.6090E-01
  1.4065E-02 -1.6854E-02  1.6154E-01  1.6215E-01
  1.4196E-02 -1.7011E-02  1.6280E-01  1.6342E-01
  1.4328E-02 -1.7169E-02  1.6407E-01  1.6469E-01
  1.4461E-02 -1.7328E-02  1.6534E-01  1.6597E-01
  1.4596E-02 -1.7490E-02  1.6663E-01  1.6726E-01
  1.4732E-02 -1.7652E-02  1.6792E-01  1.6856E-01
  1.4869E-02 -1.7816E-02  1.6921E-01  1.6986E-01
  1.5007E-02 -1.7982E-02  1.7052E-01  1.7117E-01
  1.5147E-02 -1.8149E-02  1.7183E-01  1.7249E-01
  1.5287E-02 -1.8318E-02  1.7315E-01  1.7382E-01
  1.5430E-02 -1.8488E-02  1.7448E-01  1.7515E-01
  1.5573E-02 -1.8660E-02  1.7582E-01  1.7649E-01
  1.5718E-02 -1.8833E-02  1.7716E-01  1.7784E-01
  1.5864E-02 -1.9008E-02  1.7851E-01  1.7919E-01
  1.6012E-02 -1.9185E-02  1.7987E-01  1.8056E-01
  1.6161E-02 -1.9363E-02  1.8123E-01  1.8193E-01
  1.6311E-02 -1.9543E-02  1.8260E-01  1.8330E-01
  1.6463E-02 -1.9725E-02  1.8398E-01  1.8469E-01
  1.6616E-02 -1.9908E-02  1.8537E-01  1.8608E-01
  1.6770E-02 -2.0093E-02  1.8676E-01  1.8748E-01
  1.6926E-02 -2.0280E-02  1.8817E-01  1.8889E-01
  1.7084E-02 -2.0468E-02  1.8957E-01  1.9030E-01
  1.7243E-02 -2.0659E-02  1.9099E-01  1.9172E-01
  1.7403E-02 -2.0851E-02  1.9241E-01  1.9315E-01
  1.7565E-02 -2.1044E-02  1.9384E-01  1.9459E-01
  1.7728E-02 -2.1240E-02  1.9528E-01  1.9603E-01
  1.7893E-02 -2.1437E-02  1.9672E-01  1.9748E-01
  1.8060E-02 -2.1636E-02  1.9818E-01  1.9894E-01
  1.8228E-02 -2.1838E-02  1.9963E-01  2.0040E-01
  1.8397E-02 -2.2040E-02  2.0110E-01  2.0187E-01
  1.8568E-02 -2.2245E-02  2.0257E-01  2.0335E-01
  1.8741E-02 -2.2452E-02  2.0405E-01  2.0484E-01
  1.8915E-02 -2.2661E-02  2.0554E-01  2.0633E-01
  1.9091E-02 -2.2871E-02  2.0703E-01  2.0783E-01
  1.9269E-02 -2.3084E-02  2.0853E-01  2.0934E-01
  1.9448E-02 -2.3298E-02  2.1004E-01  2.1085E-01
  1.9629E-02 -2.3515E-02  2.1155E-01  2.1237E-01
  1.9812E-02 -2.3733E-02  2.1307E-01  2.1389E-01
  1.9996E-02 -2.3953E-02  2.1460E-01  2.1542E-01
  2.0182E-02 -2.4176E-02  2.1613E-01  2.1696E-01
  2.0370E-02 -2.4401E-02  2.1767E-01  2.1851E-01
  2.0559E-02 -2.4627E-02  2.1921E-01  2.2006E-01
  2.0750E-02 -2.4856E-02  2.2076E-01  2.2162E-01
  2.0943E-02 -2.5087E-02  2.2232E-01  2.2318E-01
  2.1138E-02 -2.5320E-02  2.2388E-01  2.2475E-01
  2.1335E-02 -2.5555E-02  2.2545E-01  2.2633E-01
  2.1533E-02 -2.5793E-02  2.2703E-01  2.2791E-01
  2.1733E-02 -2.6032E-02  2.2861E-01  2.2950E-01
  2.1936E-02 -2.6274E-02  2.3020E-01  2.3109E-01
  2.2140E-02 -2.6518E-02  2.3179E-01  2.3269E-01
  2.2345E-02 -2.6764E-02  2.3339E-01  2.3430E-01
  2.2553E-02 -2.7013E-02  2.3499E-01  2.3591E-01
  2.2763E-02 -2.7264E-02  2.3660E-01  2.3753E-01
  2.2975E-02 -2.7517E-02  2.3822E-01  2.3915E-01
  2.3189E-02 -2.7772E-02  2.3984E-01  2.4077E-01
  2.3404E-02 -2.8030E-02  2.4146E-01  2.4241E-01
  2.3622E-02 -2.8291E-02  2.4309E-01  2.4404E-01
  2.3842E-02 -2.8553E-02  2.4473E-01  2.4569E-01
  2.4063E-02 -2.8818E-02  2.4637E-01  2.4733E-01
  2.4287E-02 -2.9086E-02  2.4801E-01  2.4898E-01
  2.4513E-02 -2.9356E-02  2.4966E-01  2.5064E-01
  2.4741E-02 -2.9629E-02  2.5132E-01  2.5230E-01
  2.4971E-02 -2.9904E-02  2.5297E-01  2.5397E-01
  2.5204E-02 -3.0181E-02  2.5464E-01  2.5563E-01
  2.5438E-02 -3.0462E-02  2.5630E-01  2.5731E-01
  2.5675E-02 -3.0744E-02  2.5797E-01  2.5898E-01
  2.5913E-02 -3.1030E-02  2.5965E-01  2.6067E-01
  2.6154E-02 -3.1318E-02  2.6132E-01  2.6235E-01
  2.6398E-02 -3.1608E-02  2.6300E-01  2.6404E-01
  2.6643E-02 -3.1902E-02  2.6469E-01  2.6573E-01
  2.6891E-02 -3.2198E-02  2.6638E-01  2.6742E-01
  2.7141E-02 -3.2497E-02  2.6807E-01  2.6912E-01
  2.7394E-02 -3.2798E-02  2.6976E-01  2.7082E-01
  2.7648E-02 -3.3103E-02  2.7146E-01  2.7253E-01
  2.7906E-02 -3.3410E-02  2.7315E-01  2.7423E-01
  2.8165E-02 -3.3720E-02  2.7485E-01  2.7594E-01
  2.8427E-02 -3.4033E-02  2.7656E-01  2.7765E-01
  2.8691E-02 -3.4349E-02  2.7826E-01  2.7936E-01
  2.8958E-02 -3.4667E-02  2.7997E-01  2.8108E-01
  2.9228E-02 -3.4989E-02  2.8168E-01  2.8279E-01
  2.9500E-02 -3.5314E-02  2.8339E-01  2.8451E-01
  2.9774E-02 -3.5641E-02  2.8510E-01  2.8623E-01
  3.0051E-02 -3.5972E-02  2.8681E-01  2.8795E-01
  3.0330E-02 -3.6305E-02  2.8852E-01  2.8967E-01
  3.0612E-02 -3.6642E-02  2.9023E-01  2.9139E-01
  3.0897E-02 -3.6982E-02  2.9195E-01  2.9311E-01
  3.1185E-02 -3.7325E-02  2.9366E-01  2.9483E-01
  3.1475E-02 -3.7671E-02  2.9537E-01  2.9655E-01
  3.1767E-02 -3.8021E-02  2.9709E-01  2.9827E-01
  3.2063E-02 -3.8373E-02  2.9880E-01  2.9999E-01
  3.2361E-02 -3.8729E-02  3.0051E-01  3.0171E-01
  3.2662E-02 -3.9088E-02  3.0222E-01  3.0343E-01
  3.2966E-02 -3.9450E-02  3.0393E-01  3.0514E-01
  3.3273E-02 -3.9816E-02  3.0564E-01  3.0686E-01
  3.3582E-02 -4.0185E-02  3.0734E-01  3.0857E-01
  3.3894E-02 -4.0558E-02  3.0905E-01  3.1029E-01
  3.4210E-02 -4.0934E-02  3.1075E-01  3.1199E-01
  3.4528E-02 -4.1313E-02  3.1244E-01  3.1370E-01
  3.4849E-02 -4.1696E-02  3.1414E-01  3.1540E-01
  3.5173E-02 -4.2082E-02  3.1583E-01  3.1710E-01
  3.5500E-02 -4.2472E-02  3.1752E-01  3.1880E-01
  3.5830E-02 -4.2866E-02  3.1921E-01  3.2049E-01
  3.6164E-02 -4.3263E-02  3.2089E-01  3.2218E-01
  3.6500E-02 -4.3664E-02  3.2256E-01  3.2387E-01
  3.6840E-02 -4.4068E-02  3.2423E-01  3.2555E-01
  3.7182E-02 -4.4477E-02  3.2590E-01  3.2722E-01
  3.7528E-02 -4.4889E-02  3.2756E-01  3.2889E-01
  3.7877E-02 -4.5304E-02  3.2922E-01  3.3055E-01
  3.8229E-02 -4.5724E-02  3.3087E-01  3.3221E-01
  3.8585E-02 -4.6147E-02  3.3251E-01  3.3386E-01
  3.8944E-02 -4.6575E-02  3.3414E-01  3.3551E-01
  3.9306E-02 -4.7006E-02  3.3577E-01  3.3714E-01
  3.9672E-02 -4.7441E-02  3.3739E-01  3.3877E-01
  4.0041E-02 -4.7880E-02  3.3901E-01  3.4039E-01
  4.0413E-02 -4.8323E-02  3.4061E-01  3.4201E-01
  4.0789E-02 -4.8771E-02  3.4221E-01  3.4361E-01
  4.1168E-02 -4.9222E-02  3.4380E-01  3.4521E-01
  4.1551E-02 -4.9677E-02  3.4538E-01  3.4679E-01
  4.1938E-02 -5.0137E-02  3.4694E-01  3.4837E-01
  4.2328E-02 -5.0601E-02  3.4850E-01  3.4994E-01
  4.2722E-02 -5.1069E-02  3.5005E-01  3.5149E-01
  4.3119E-02 -5.1542E-02  3.5159E-01  3.5304E-01
  4.3520E-02 -5.2018E-02  3.5311E-01  3.5457E-01
  4.3925E-02 -5.2499E-02  3.5462E-01  3.5609E-01
  4.4333E-02 -5.2985E-02  3.5612E-01  3.5760E-01
  4.4746E-02 -5.3475E-02  3.5761E-01  3.5909E-01
  4.5162E-02 -5.3969E-02  3.5909E-01  3.6058E-01
  4.5582E-02 -5.4468E-02  3.6055E-01  3.6205E-01
  4.6006E-02 -5.4971E-02  3.6199E-01  3.6350E-01
  4.6434E-02 -5.5479E-02  3.6343E-01  3.6494E-01
  4.6866E-02 -5.5992E-02  3.6484E-01  3.6637E-01
  4.7302E-02 -5.6509E-02  3.6624E-01  3.6778E-01
  4.7742E-02 -5.7032E-02  3.6763E-01  3.6917E-01
  4.8186E-02 -5.7558E-02  3.6900E-01  3.7054E-01
  4.8634E-02 -5.8090E-02  3.7035E-01  3.7190E-01
  4.9086E-02 -5.8626E-02  3.7168E-01  3.7325E-01
  4.9543E-02 -5.9168E-02  3.7300E-01  3.7457E-01
  5.0004E-02 -5.9714E-02  3.7430E-01  3.7587E-01
  5.0469E-02 -6.0265E-02  3.7557E-01  3.7716E-01
  5.0938E-02 -6.0822E-02  3.7683E-01  3.7843E-01
  5.1412E-02 -6.1383E-02  3.7807E-01  3.7967E-01
  5.1890E-02 -6.1949E-02  3.7929E-01  3.8090E-01
  5.2373E-02 -6.2521E-02  3.8048E-01  3.8210E-01
  5.2860E-02 -6.3097E-02  3.8166E-01  3.8328E-01
  5.3351E-02 -6.3679E-02  3.8281E-01  3.8444E-01
  5.3848E-02 -6.4267E-02  3.8393E-01  3.8558E-01
  5.4348E-02 -6.4859E-02  3.8504E-01  3.8669E-01
  5.4854E-02 -6.5457E-02  3.8612E-01  3.8777E-01
  5.5364E-02 -6.6060E-02  3.8717E-01  3.8884E-01
  5.5879E-02 -6.6669E-02  3.8820E-01  3.8987E-01
  5.6399E-02 -6.7283E-02  3.8921E-01  3.9088E-01
  5.6923E-02 -6.7903E-02  3.9018E-01  3.9187E-01
  5.7453E-02 -6.8529E-02  3.9113E-01  3.9283E-01
  5.7987E-02 -6.9160E-02  3.9205E-01  3.9375E-01
  5.8527E-02 -6.9796E-02  3.9295E-01  3.9465E-01
  5.9071E-02 -7.0439E-02  3.9381E-01  3.9552E-01
  5.9620E-02 -7.1087E-02  3.9464E-01  3.9636E-01
  6.0175E-02 -7.1741E-02  3.9544E-01  3.9717E-01
  6.0735E-02 -7.2401E-02  3.9622E-01  3.9795E-01
  6.1300E-02 -7.3067E-02  3.9696E-01  3.9870E-01
  6.1870E-02 -7.3739E-02  3.9766E-01  3.9941E-01
  6.2445E-02 -7.4417E-02  3.9834E-01  4.0009E-01
  6.3026E-02 -7.5101E-02  3.9898E-01  4.0074E-01
  6.3612E-02 -7.5791E-02  3.9958E-01  4.0135E-01
  6.4204E-02 -7.6488E-02  4.0015E-01  4.0193E-01
  6.4801E-02 -7.7190E-02  4.0068E-01  4.0247E-01
  6.5404E-02 -7.7899E-02  4.0118E-01  4.0297E-01
  6.6012E-02 -7.8614E-02  4.0164E-01  4.0344E-01
  6.6626E-02 -7.9336E-02  4.0206E-01  4.0386E-01
  6.7246E-02 -8.0064E-02  4.0244E-01  4.0425E-01
  6.7871E-02 -8.0798E-02  4.0278E-01  4.0460E-01
  6.8502E-02 -8.1539E-02  4.0308E-01  4.0491E-01
  6.9140E-02 -8.2287E-02  4.0334E-01  4.0517E-01
  6.9783E-02 -8.3042E-02  4.0356E-01  4.0540E-01
  7.0432E-02 -8.3803E-02  4.0374E-01  4.0558E-01
  7.1087E-02 -8.4570E-02  4.0387E-01  4.0571E-01
  7.1748E-02 -8.5345E-02  4.0396E-01  4.0581E-01
  7.2415E-02 -8.6126E-02  4.0400E-01  4.0586E-01
  7.3089E-02 -8.6915E-02  4.0399E-01  4.0586E-01
  7.3769E-02 -8.7710E-02  4.0394E-01  4.0581E-01
  7.4455E-02 -8.8513E-02  4.0385E-01  4.0572E-01
  7.5147E-02 -8.9322E-02  4.0370E-01  4.0558E-01
  7.5846E-02 -9.0139E-02  4.0351E-01  4.0539E-01
  7.6552E-02 -9.0963E-02  4.0326E-01  4.0515E-01
  7.7264E-02 -9.1794E-02  4.0297E-01  4.0486E-01
  7.7982E-02 -9.2632E-02  4.0262E-01  4.0452E-01
  7.8708E-02 -9.3478E-02  4.0222E-01  4.0413E-01
  7.9440E-02 -9.4331E-02  4.0177E-01  4.0368E-01
  8.0179E-02 -9.5192E-02  4.0127E-01  4.0318E-01
  8.0924E-02 -9.6060E-02  4.0071E-01  4.0262E-01
  8.1677E-02 -9.6936E-02  4.0009E-01  4.0201E-01
  8.2437E-02 -9.7819E-02  3.9942E-01  4.0134E-01
  8.3204E-02 -9.8710E-02  3.9869E-01  4.0062E-01
  8.3977E-02 -9.9609E-02  3.9791E-01  3.9984E-01
  8.4759E-02 -1.0052E-01  3.9706E-01  3.9900E-01
  8.5547E-02 -1.0143E-01  3.9616E-01  3.9809E-01
  8.6343E-02 -1.0235E-01  3.9519E-01  3.9713E-01
  8.7146E-02 -1.0328E-01  3.9417E-01  3.9611E-01
  8.7956E-02 -1.0422E-01  3.9308E-01  3.9503E-01
  8.8774E-02 -1.0517E-01  3.9193E-01  3.9388E-01
  8.9600E-02 -1.0612E-01  3.9071E-01  3.9267E-01
  9.0433E-02 -1.0709E-01  3.8943E-01  3.9139E-01
  9.1274E-02 -1.0806E-01  3.8809E-01  3.9005E-01
  9.2123E-02 -1.0904E-01  3.8668E-01  3.8864E-01
  9.2980E-02 -1.1003E-01  3.8520E-01  3.8717E-01
  9.3845E-02 -1.1102E-01  3.8366E-01  3.8562E-01
  9.4718E-02 -1.1203E-01  3.8205E-01  3.8401E-01
  9.5599E-02 -1.1304E-01  3.8037E-01  3.8233E-01
  9.6488E-02 -1.1406E-01  3.7861E-01  3.8058E-01
  9.7386E-02 -1.1510E-01  3.7679E-01  3.7876E-01
  9.8291E-02 -1.1614E-01  3.7490E-01  3.7687E-01
  9.9206E-02 -1.1718E-01  3.7293E-01  3.7490E-01
  1.0013E-01 -1.1824E-01  3.7089E-01  3.7286E-01
  1.0106E-01 -1.1931E-01  3.6878E-01  3.7075E-01
  1.0200E-01 -1.2038E-01  3.6659E-01  3.6856E-01
  1.0295E-01 -1.2147E-01  3.6432E-01  3.6630E-01
  1.0391E-01 -1.2256E-01  3.6198E-01  3.6396E-01
  1.0487E-01 -1.2366E-01  3.5957E-01  3.6154E-01
  1.0585E-01 -1.2478E-01  3.5707E-01  3.5905E-01
  1.0683E-01 -1.2590E-01  3.5450E-01  3.5647E-01
  1.0783E-01 -1.2703E-01  3.5185E-01  3.5382E-01
  1.0883E-01 -1.2817E-01  3.4911E-01  3.5108E-01
  1.0984E-01 -1.2932E-01  3.4630E-01  3.4827E-01
  1.1086E-01 -1.3048E-01  3.4341E-01  3.4537E-01
  1.1189E-01 -1.3164E-01  3.4043E-01  3.4240E-01
  1.1293E-01 -1.3282E-01  3.3737E-01  3.3934E-01
  1.1398E-01 -1.3401E-01  3.3423E-01  3.3619E-01
  1.1504E-01 -1.3521E-01  3.3101E-01  3.3296E-01
  1.1611E-01 -1.3641E-01  3.2770E-01  3.2965E-01
  1.1719E-01 -1.3763E-01  3.2430E-01  3.2625E-01
  1.1829E-01 -1.3886E-01  3.2082E-01  3.2277E-01
  1.1939E-01 -1.4009E-01  3.1725E-01  3.1920E-01
  1.2050E-01 -1.4134E-01  3.1360E-01  3.1554E-01
  1.2162E-01 -1.4260E-01  3.0986E-01  3.1180E-01
  1.2275E-01 -1.4386E-01  3.0603E-01  3.0796E-01
  1.2389E-01 -1.4514E-01  3.0211E-01  3.0404E-01
  1.2504E-01 -1.4643E-01  2.9810E-01  3.0003E-01
  1.2620E-01 -1.4772E-01  2.9401E-01  2.9593E-01
  1.2738E-01 -1.4903E-01  2.8982E-01  2.9174E-01
  1.2856E-01 -1.5035E-01  2.8554E-01  2.8745E-01
  1.2976E-01 -1.5168E-01  2.8117E-01  2.8308E-01
  1.3097E-01 -1.5302E-01  2.7672E-01  2.7862E-01
  1.3218E-01 -1.5437E-01  2.7217E-01  2.7406E-01
  1.3341E-01 -1.5573E-01  2.6752E-01  2.6941E-01
  1.3465E-01 -1.5709E-01  2.6279E-01  2.6467E-01
  1.3591E-01 -1.5848E-01  2.5796E-01  2.5984E-01
  1.3717E-01 -1.5987E-01  2.5304E-01  2.5491E-01
  1.3845E-01 -1.6127E-01  2.4803E-01  2.4989E-01
  1.3973E-01 -1.6268E-01  2.4292E-01  2.4478E-01
  1.4103E-01 -1.6410E-01  2.3772E-01  2.3957E-01
  1.4235E-01 -1.6554E-01  2.3243E-01  2.3427E-01
  1.4367E-01 -1.6698E-01  2.2704E-01  2.2887E-01
  1.4501E-01 -1.6844E-01  2.2156E-01  2.2338E-01
  1.4635E-01 -1.6990E-01  2.1598E-01  2.1780E-01
  1.4772E-01 -1.7138E-01  2.1031E-01  2.1212E-01
  1.4909E-01 -1.7287E-01  2.0455E-01  2.0635E-01
  1.5048E-01 -1.7437E-01  1.9869E-01  2.0048E-01
  1.5188E-01 -1.7588E-01  1.9274E-01  1.9452E-01
  1.5329E-01 -1.7740E-01  1.8669E-01  1.8846E-01
  1.5471E-01 -1.7893E-01  1.8055E-01  1.8231E-01
  1.5615E-01 -1.8047E-01  1.7432E-01  1.7606E-01
  1.5761E-01 -1.8202E-01  1.6799E-01  1.6973E-01
  1.5907E-01 -1.8359E-01  1.6157E-01  1.6329E-01
  1.6055E-01 -1.8516E-01  1.5505E-01  1.5677E-01
  1.6204E-01 -1.8675E-01  1.4845E-01  1.5015E-01
  1.6355E-01 -1.8835E-01  1.4175E-01  1.4343E-01
  1.6507E-01 -1.8996E-01  1.3495E-01  1.3663E-01
  1.6661E-01 -1.9158E-01  1.2807E-01  1.2973E-01
  1.6816E-01 -1.9321E-01  1.2109E-01  1.2274E-01
  1.6972E-01 -1.9485E-01  1.1403E-01  1.1566E-01
  1.7130E-01 -1.9650E-01  1.0687E-01  1.0849E-01
  1.7289E-01 -1.9816E-01  9.9621E-02  1.0123E-01
  1.7450E-01 -1.9984E-01  9.2284E-02  9.3881E-02
  1.7612E-01 -2.0152E-01  8.4859E-02  8.6442E-02
  1.7776E-01 -2.0322E-01  7.7346E-02  7.8914E-02
  1.7942E-01 -2.0492E-01  6.9745E-02  7.1298E-02
  1.8109E-01 -2.0664E-01  6.2058E-02  6.3596E-02
  1.8277E-01 -2.0837E-01  5.4285E-02  5.5808E-02
  1.8447E-01 -2.1011E-01  4.6428E-02  4.7935E-02
  1.8619E-01 -2.1186E-01  3.8486E-02  3.9978E-02
  1.8792E-01 -2.1362E-01  3.0462E-02  3.1938E-02
  1.8966E-01 -2.1539E-01  2.2356E-02  2.3816E-02
  1.9143E-01 -2.1717E-01  1.4169E-02  1.5613E-02
  1.9321E-01 -2.1896E-01  5.9028E-03  7.3294E-03
  1.9501E-01 -2.2076E-01 -2.4422E-03 -1.0326E-03
  1.9682E-01 -2.2257E-01 -1.0864E-02 -9.4721E-03
  1.9865E-01 -2.2439E-01 -1.9363E-02 -1.7988E-02
  2.0050E-01 -2.2623E-01 -2.7936E-02 -2.6579E-02
  2.0236E-01 -2.2807E-01 -3.6582E-02 -3.5243E-02
  2.0425E-01 -2.2992E-01 -4.5300E-02 -4.3979E-02
  2.0615E-01 -2.3178E-01 -5.4089E-02 -5.2786E-02
  2.0806E-01 -2.3366E-01 -6.2946E-02 -6.1663E-02
  2.1000E-01 -2.3554E-01 -7.1871E-02 -7.0606E-02
  2.1195E-01 -2.3743E-01 -8.0861E-02 -7.9616E-02
  2.1392E-01 -2.3933E-01 -8.9916E-02 -8.8690E-02
  2.1591E-01 -2.4124E-01 -9.9032E-02 -9.7826E-02
  2.1792E-01 -2.4316E-01 -1.0821E-01 -1.0702E-01
  2.1995E-01 -2.4508E-01 -1.1744E-01 -1.1628E-01
  2.2199E-01 -2.4702E-01 -1.2674E-01 -1.2559E-01
  2.2406E-01 -2.4896E-01 -1.3608E-01 -1.3496E-01
  2.2614E-01 -2.5092E-01 -1.4548E-01 -1.4438E-01
  2.2824E-01 -2.5288E-01 -1.5493E-01 -1.5385E-01
  2.3037E-01 -2.5485E-01 -1.6443E-01 -1.6337E-01
  2.3251E-01 -2.5683E-01 -1.7398E-01 -1.7293E-01
  2.3467E-01 -2.5881E-01 -1.8356E-01 -1.8254E-01
  2.3686E-01 -2.6080E-01 -1.9319E-01 -1.9220E-01
  2.3906E-01 -2.6280E-01 -2.0286E-01 -2.0189E-01
  2.4128E-01 -2.6481E-01 -2.1257E-01 -2.1161E-01
  2.4353E-01 -2.6682E-01 -2.2231E-01 -2.2138E-01
  2.4579E-01 -2.6884E-01 -2.3208E-01 -2.3117E-01
  2.4808E-01 -2.7087E-01 -2.4188E-01 -2.4099E-01
  2.5038E-01 -2.7290E-01 -2.5171E-01 -2.5085E-01
  2.5271E-01 -2.7493E-01 -2.6156E-01 -2.6072E-01
  2.5506E-01 -2.7698E-01 -2.7144E-01 -2.7062E-01
  2.5744E-01 -2.7902E-01 -2.8133E-01 -2.8053E-01
  2.5983E-01 -2.8108E-01 -2.9123E-01 -2.9046E-01
  2.6225E-01 -2.8313E-01 -3.0115E-01 -3.0040E-01
  2.6469E-01 -2.8519E-01 -3.1108E-01 -3.1035E-01
  2.6715E-01 -2.8726E-01 -3.2101E-01 -3.2031E-01
  2.6963E-01 -2.8932E-01 -3.3095E-01 -3.3027E-01
  2.7214E-01 -2.9139E-01 -3.4089E-01 -3.4023E-01
  2.7467E-01 -2.9347E-01 -3.5083E-01 -3.5019E-01
  2.7723E-01 -2.9554E-01 -3.6075E-01 -3.6014E-01
  2.7981E-01 -2.9762E-01 -3.7067E-01 -3.7009E-01
  2.8241E-01 -2.9969E-01 -3.8058E-01 -3.8002E-01
  2.8503E-01 -3.0177E-01 -3.9047E-01 -3.8993E-01
  2.8769E-01 -3.0385E-01 -4.0034E-01 -3.9982E-01
  2.9036E-01 -3.0593E-01 -4.1019E-01 -4.0969E-01
  2.9306E-01 -3.0800E-01 -4.2000E-01 -4.1954E-01
  2.9579E-01 -3.1008E-01 -4.2979E-01 -4.2935E-01
  2.9854E-01 -3.1215E-01 -4.3955E-01 -4.3913E-01
  3.0132E-01 -3.1422E-01 -4.4927E-01 -4.4887E-01
  3.0412E-01 -3.1629E-01 -4.5894E-01 -4.5857E-01
  3.0695E-01 -3.1835E-01 -4.6857E-01 -4.6822E-01
  3.0980E-01 -3.2041E-01 -4.7815E-01 -4.7783E-01
  3.1268E-01 -3.2247E-01 -4.8768E-01 -4.8738E-01
  3.1559E-01 -3.2452E-01 -4.9715E-01 -4.9687E-01
  3.1853E-01 -3.2656E-01 -5.0656E-01 -5.0631E-01
  3.2149E-01 -3.2860E-01 -5.1590E-01 -5.1568E-01
  3.2448E-01 -3.3063E-01 -5.2518E-01 -5.2497E-01
  3.2750E-01 -3.3264E-01 -5.3438E-01 -5.3420E-01
  3.3054E-01 -3.3465E-01 -5.4351E-01 -5.4335E-01
  3.3362E-01 -3.3665E-01 -5.5255E-01 -5.5242E-01
  3.3672E-01 -3.3864E-01 -5.6151E-01 -5.6140E-01
  3.3985E-01 -3.4062E-01 -5.7038E-01 -5.7029E-01
  3.4301E-01 -3.4259E-01 -5.7916E-01 -5.7909E-01
  3.4620E-01 -3.4454E-01 -5.8784E-01 -5.8779E-01
  3.4942E-01 -3.4647E-01 -5.9641E-01 -5.9639E-01
  3.5267E-01 -3.4839E-01 -6.0488E-01 -6.0488E-01
  3.5595E-01 -3.5030E-01 -6.1324E-01 -6.1327E-01
  3.5927E-01 -3.5219E-01 -6.2149E-01 -6.2153E-01
  3.6261E-01 -3.5405E-01 -6.2961E-01 -6.2968E-01
  3.6598E-01 -3.5590E-01 -6.3761E-01 -6.3770E-01
  3.6938E-01 -3.5773E-01 -6.4549E-01 -6.4560E-01
  3.7282E-01 -3.5954E-01 -6.5323E-01 -6.5336E-01
  3.7629E-01 -3.6132E-01 -6.6083E-01 -6.6098E-01
  3.7979E-01 -3.6308E-01 -6.6830E-01 -6.6847E-01
  3.8332E-01 -3.6481E-01 -6.7562E-01 -6.7581E-01
  3.8688E-01 -3.6652E-01 -6.8279E-01 -6.8300E-01
  3.9048E-01 -3.6820E-01 -6.8980E-01 -6.9003E-01
  3.9411E-01 -3.6985E-01 -6.9666E-01 -6.9691E-01
  3.9778E-01 -3.7147E-01 -7.0336E-01 -7.0362E-01
  4.0148E-01 -3.7306E-01 -7.0988E-01 -7.1017E-01
  4.0521E-01 -3.7461E-01 -7.1624E-01 -7.1654E-01
  4.0898E-01 -3.7613E-01 -7.2242E-01 -7.2274E-01
  4.1279E-01 -3.7761E-01 -7.2843E-01 -7.2876E-01
  4.1663E-01 -3.7905E-01 -7.3424E-01 -7.3460E-01
  4.2050E-01 -3.8046E-01 -7.3987E-01 -7.4024E-01
  4.2441E-01 -3.8182E-01 -7.4531E-01 -7.4570E-01
  4.2836E-01 -3.8314E-01 -7.5055E-01 -7.5095E-01
  4.3234E-01 -3.8442E-01 -7.5559E-01 -7.5601E-01
  4.3637E-01 -3.8565E-01 -7.6043E-01 -7.6086E-01
  4.4042E-01 -3.8683E-01 -7.6505E-01 -7.6550E-01
  4.4452E-01 -3.8796E-01 -7.6947E-01 -7.6993E-01
  4.4865E-01 -3.8904E-01 -7.7367E-01 -7.7414E-01
  4.5283E-01 -3.9006E-01 -7.7764E-01 -7.7812E-01
  4.5704E-01 -3.9103E-01 -7.8139E-01 -7.8189E-01
  4.6129E-01 -3.9194E-01 -7.8492E-01 -7.8542E-01
  4.6558E-01 -3.9279E-01 -7.8821E-01 -7.8872E-01
  4.6991E-01 -3.9358E-01 -7.9126E-01 -7.9179E-01
  4.7428E-01 -3.9431E-01 -7.9408E-01 -7.9461E-01
  4.7869E-01 -3.9497E-01 -7.9665E-01 -7.9719E-01
  4.8315E-01 -3.9556E-01 -7.9897E-01 -7.9953E-01
  4.8764E-01 -3.9608E-01 -8.0105E-01 -8.0161E-01
  4.9217E-01 -3.9652E-01 -8.0287E-01 -8.0343E-01
  4.9675E-01 -3.9689E-01 -8.0443E-01 -8.0500E-01
  5.0137E-01 -3.9718E-01 -8.0573E-01 -8.0631E-01
  5.0604E-01 -3.9739E-01 -8.0677E-01 -8.0735E-01
  5.1074E-01 -3.9752E-01 -8.0754E-01 -8.0813E-01
  5.1549E-01 -3.9756E-01 -8.0804E-01 -8.0863E-01
  5.2029E-01 -3.9752E-01 -8.0827E-01 -8.0886E-01
  5.2513E-01 -3.9738E-01 -8.0822E-01 -8.0882E-01
  5.3001E-01 -3.9715E-01 -8.0789E-01 -8.0849E-01
  5.3494E-01 -3.9682E-01 -8.0729E-01 -8.0788E-01
  5.3992E-01 -3.9639E-01 -8.0639E-01 -8.0699E-01
  5.4494E-01 -3.9586E-01 -8.0521E-01 -8.0581E-01
  5.5001E-01 -3.9522E-01 -8.0374E-01 -8.0433E-01
  5.5512E-01 -3.9447E-01 -8.0198E-01 -8.0257E-01
  5.6029E-01 -3.9362E-01 -7.9993E-01 -8.0051E-01
  5.6550E-01 -3.9264E-01 -7.9757E-01 -7.9815E-01
  5.7076E-01 -3.9155E-01 -7.9492E-01 -7.9550E-01
  5.7606E-01 -3.9034E-01 -7.9197E-01 -7.9254E-01
  5.8142E-01 -3.8901E-01 -7.8872E-01 -7.8928E-01
  5.8683E-01 -3.8754E-01 -7.8516E-01 -7.8572E-01
  5.9229E-01 -3.8595E-01 -7.8130E-01 -7.8184E-01
  5.9780E-01 -3.8422E-01 -7.7712E-01 -7.7766E-01
  6.0336E-01 -3.8235E-01 -7.7264E-01 -7.7317E-01
  6.0897E-01 -3.8034E-01 -7.6785E-01 -7.6837E-01
  6.1463E-01 -3.7818E-01 -7.6275E-01 -7.6325E-01
  6.2035E-01 -3.7587E-01 -7.5733E-01 -7.5783E-01
  6.2612E-01 -3.7342E-01 -7.5160E-01 -7.5208E-01
  6.3194E-01 -3.7080E-01 -7.4556E-01 -7.4602E-01
  6.3782E-01 -3.6803E-01 -7.3920E-01 -7.3965E-01
  6.4375E-01 -3.6509E-01 -7.3252E-01 -7.3295E-01
  6.4974E-01 -3.6198E-01 -7.2552E-01 -7.2594E-01
  6.5578E-01 -3.5870E-01 -7.1821E-01 -7.1861E-01
  6.6188E-01 -3.5525E-01 -7.1058E-01 -7.1096E-01
  6.6804E-01 -3.5161E-01 -7.0263E-01 -7.0299E-01
  6.7425E-01 -3.4779E-01 -6.9436E-01 -6.9470E-01
  6.8053E-01 -3.4379E-01 -6.8577E-01 -6.8610E-01
  6.8685E-01 -3.3959E-01 -6.7687E-01 -6.7717E-01
  6.9324E-01 -3.3520E-01 -6.6764E-01 -6.6792E-01
  6.9969E-01 -3.3060E-01 -6.5810E-01 -6.5836E-01
  7.0620E-01 -3.2580E-01 -6.4824E-01 -6.4848E-01
  7.1277E-01 -3.2080E-01 -6.3806E-01 -6.3828E-01
  7.1940E-01 -3.1558E-01 -6.2757E-01 -6.2776E-01
  7.2609E-01 -3.1014E-01 -6.1676E-01 -6.1692E-01
  7.3284E-01 -3.0448E-01 -6.0563E-01 -6.0577E-01
  7.3966E-01 -2.9860E-01 -5.9420E-01 -5.9431E-01
  7.4654E-01 -2.9249E-01 -5.8244E-01 -5.8253E-01
  7.5348E-01 -2.8614E-01 -5.7038E-01 -5.7044E-01
  7.6049E-01 -2.7956E-01 -5.5801E-01 -5.5804E-01
  7.6756E-01 -2.7274E-01 -5.4532E-01 -5.4533E-01
  7.7470E-01 -2.6567E-01 -5.3233E-01 -5.3232E-01
  7.8191E-01 -2.5835E-01 -5.1904E-01 -5.1900E-01
  7.8918E-01 -2.5077E-01 -5.0544E-01 -5.0537E-01
  7.9652E-01 -2.4294E-01 -4.9154E-01 -4.9144E-01
  8.0393E-01 -2.3485E-01 -4.7734E-01 -4.7722E-01
  8.1140E-01 -2.2649E-01 -4.6284E-01 -4.6269E-01
  8.1895E-01 -2.1786E-01 -4.4805E-01 -4.4787E-01
  8.2657E-01 -2.0895E-01 -4.3296E-01 -4.3276E-01
  8.3426E-01 -1.9977E-01 -4.1759E-01 -4.1736E-01
  8.4202E-01 -1.9031E-01 -4.0192E-01 -4.0167E-01
  8.4985E-01 -1.8057E-01 -3.8598E-01 -3.8570E-01
  8.5775E-01 -1.7054E-01 -3.6975E-01 -3.6945E-01
  8.6573E-01 -1.6022E-01 -3.5324E-01 -3.5291E-01
  8.7378E-01 -1.4960E-01 -3.3645E-01 -3.3611E-01
  8.8191E-01 -1.3869E-01 -3.1940E-01 -3.1903E-01
  8.9011E-01 -1.2747E-01 -3.0207E-01 -3.0168E-01
  8.9839E-01 -1.1596E-01 -2.8448E-01 -2.8407E-01
  9.0675E-01 -1.0413E-01 -2.6662E-01 -2.6619E-01
  9.1518E-01 -9.2005E-02 -2.4851E-01 -2.4806E-01
  9.2369E-01 -7.9566E-02 -2.3014E-01 -2.2968E-01
  9.3228E-01 -6.6815E-02 -2.1153E-01 -2.1105E-01
  9.4095E-01 -5.3750E-02 -1.9266E-01 -1.9217E-01
  9.4971E-01 -4.0371E-02 -1.7355E-01 -1.7305E-01
  9.5854E-01 -2.6674E-02 -1.5421E-01 -1.5369E-01
  9.6745E-01 -1.2660E-02 -1.3463E-01 -1.3410E-01
  9.7645E-01  1.6731E-03 -1.1482E-01 -1.1428E-01
  9.8554E-01  1.6325E-02 -9.4788E-02 -9.4242E-02
  9.9470E-01  3.1297E-02 -7.4534E-02 -7.3983E-02
  1.0040E+00  4.6588E-02 -5.4066E-02 -5.3510E-02
  1.0133E+00  6.2199E-02 -3.3387E-02 -3.2829E-02
  1.0227E+00  7.8128E-02 -1.2503E-02 -1.1944E-02
  1.0322E+00  9.4376E-02  8.5805E-03  9.1385E-03
  1.0418E+00  1.1094E-01  2.9859E-02  3.0414E-02
  1.0515E+00  1.2782E-01  5.1327E-02  5.1878E-02
  1.0613E+00  1.4501E-01  7.2978E-02  7.3524E-02
  1.0712E+00  1.6251E-01  9.4808E-02  9.5346E-02
  1.0811E+00  1.8032E-01  1.1681E-01  1.1734E-01
  1.0912E+00  1.9843E-01  1.3898E-01  1.3950E-01
  1.1013E+00  2.1685E-01  1.6131E-01  1.6181E-01
  1.1116E+00  2.3556E-01  1.8379E-01  1.8428E-01
  1.1219E+00  2.5457E-01  2.0642E-01  2.0690E-01
  1.1324E+00  2.7386E-01  2.2920E-01  2.2966E-01
  1.1429E+00  2.9343E-01  2.5211E-01  2.5255E-01
  1.1535E+00  3.1329E-01  2.7515E-01  2.7557E-01
  1.1642E+00  3.3341E-01  2.9831E-01  2.9871E-01
  1.1751E+00  3.5379E-01  3.2158E-01  3.2197E-01
  1.1860E+00  3.7443E-01  3.4497E-01  3.4534E-01
  1.1970E+00  3.9533E-01  3.6846E-01  3.6880E-01
  1.2082E+00  4.1646E-01  3.9204E-01  3.9237E-01
  1.2194E+00  4.3782E-01  4.1572E-01  4.1602E-01
  1.2307E+00  4.5941E-01  4.3947E-01  4.3975E-01
  1.2422E+00  4.8121E-01  4.6330E-01  4.6355E-01
  1.2537E+00  5.0321E-01  4.8719E-01  4.8743E-01
  1.2654E+00  5.2541E-01  5.1115E-01  5.1136E-01
  1.2772E+00  5.4779E-01  5.3515E-01  5.3534E-01
  1.2891E+00  5.7034E-01  5.5920E-01  5.5937E-01
  1.3010E+00  5.9305E-01  5.8329E-01  5.8344E-01
  1.3131E+00  6.1591E-01  6.0740E-01  6.0754E-01
  1.3254E+00  6.3891E-01  6.3154E-01  6.3166E-01
  1.3377E+00  6.6203E-01  6.5569E-01  6.5579E-01
  1.3501E+00  6.8526E-01  6.7984E-01  6.7993E-01
  1.3627E+00  7.0858E-01  7.0400E-01  7.0407E-01
  1.3754E+00  7.3199E-01  7.2814E-01  7.2820E-01
  1.3882E+00  7.5547E-01  7.5227E-01  7.5232E-01
  1.4011E+00  7.7900E-01  7.7637E-01  7.7641E-01
  1.4141E+00  8.0258E-01  8.0044E-01  8.0047E-01
  1.4273E+00  8.2618E-01  8.2446E-01  8.2449E-01
  1.4405E+00  8.4980E-01  8.4844E-01  8.4846E-01
  1.4539E+00  8.7342E-01  8.7236E-01  8.7237E-01
  1.4674E+00  8.9702E-01  8.9621E-01  8.9622E-01
  1.4811E+00  9.2060E-01  9.1999E-01  9.2000E-01
  1.4949E+00  9.4413E-01  9.4368E-01  9.4369E-01
  1.5088E+00  9.6761E-01  9.6729E-01  9.6730E-01
  1.5228E+00  9.9102E-01  9.9080E-01  9.9081E-01
  1.5370E+00  1.0144E+00  1.0142E+00  1.0142E+00
  1.5513E+00  1.0376E+00  1.0375E+00  1.0375E+00
  1.5657E+00  1.0607E+00  1.0607E+00  1.0607E+00
  1.5803E+00  1.0837E+00  1.0837E+00  1.0837E+00
  1.5950E+00  1.1066E+00  1.1066E+00  1.1066E+00
  1.6098E+00  1.1293E+00  1.1293E+00  1.1293E+00
  1.6248E+00  1.1519E+00  1.1519E+00  1.1519E+00
  1.6399E+00  1.1744E+00  1.1744E+00  1.1744E+00
  1.6551E+00  1.1966E+00  1.1966E+00  1.1966E+00
  1.6705E+00  1.2187E+00  1.2187E+00  1.2187E+00
  1.6861E+00  1.2406E+00  1.2406E+00  1.2406E+00
  1.7017E+00  1.2622E+00  1.2622E+00  1.2622E+00
  1.7176E+00  1.2837E+00  1.2837E+00  1.2837E+00
  1.7335E+00  1.3050E+00  1.3050E+00  1.3050E+00
  1.7497E+00  1.3260E+00  1.3260E+00  1.3260E+00
  1.7659E+00  1.3468E+00  1.3468E+00  1.3468E+00
  1.7824E+00  1.3674E+00  1.3674E+00  1.3674E+00
  1.7989E+00  1.3877E+00  1.3877E+00  1.3877E+00
  1.8157E+00  1.4077E+00  1.4077E+00  1.4077E+00
  1.8326E+00  1.4275E+00  1.4275E+00  1.4275E+00
  1.8496E+00  1.4470E+00  1.4470E+00  1.4470E+00
  1.8668E+00  1.4663E+00  1.4663E+00  1.4663E+00
