 # l=           1 energy=  -5.00000000000000     
  0.0000E+00  0.0000E+00  0.0000E+00  0.0000E+00
  8.4554E-09  1.2656E-16  4.5074E-16  7.2817E-16
  1.6990E-08  5.1097E-16  1.8198E-15  2.9398E-15
  2.5603E-08  1.1604E-15  4.1327E-15  6.6764E-15
  3.4297E-08  2.0823E-15  7.4158E-15  1.1980E-14
  4.3071E-08  3.2840E-15  1.1696E-14  1.8894E-14
  5.1927E-08  4.7733E-15  1.7000E-14  2.7463E-14
  6.0865E-08  6.5581E-15  2.3356E-14  3.7731E-14
  6.9887E-08  8.6463E-15  3.0793E-14  4.9745E-14
  7.8992E-08  1.1046E-14  3.9339E-14  6.3552E-14
  8.8183E-08  1.3766E-14  4.9026E-14  7.9200E-14
  9.7458E-08  1.6814E-14  5.9882E-14  9.6738E-14
  1.0682E-07  2.0200E-14  7.1939E-14  1.1622E-13
  1.1627E-07  2.3931E-14  8.5229E-14  1.3769E-13
  1.2581E-07  2.8018E-14  9.9784E-14  1.6120E-13
  1.3543E-07  3.2469E-14  1.1564E-13  1.8681E-13
  1.4515E-07  3.7295E-14  1.3282E-13  2.1457E-13
  1.5495E-07  4.2504E-14  1.5137E-13  2.4454E-13
  1.6485E-07  4.8107E-14  1.7133E-13  2.7678E-13
  1.7484E-07  5.4113E-14  1.9272E-13  3.1133E-13
  1.8492E-07  6.0534E-14  2.1559E-13  3.4827E-13
  1.9509E-07  6.7379E-14  2.3996E-13  3.8766E-13
  2.0536E-07  7.4660E-14  2.6589E-13  4.2954E-13
  2.1573E-07  8.2387E-14  2.9341E-13  4.7400E-13
  2.2619E-07  9.0571E-14  3.2256E-13  5.2109E-13
  2.3675E-07  9.9225E-14  3.5338E-13  5.7088E-13
  2.4741E-07  1.0836E-13  3.8591E-13  6.2343E-13
  2.5817E-07  1.1799E-13  4.2020E-13  6.7882E-13
  2.6902E-07  1.2812E-13  4.5628E-13  7.3711E-13
  2.7998E-07  1.3877E-13  4.9421E-13  7.9838E-13
  2.9104E-07  1.4995E-13  5.3402E-13  8.6270E-13
  3.0220E-07  1.6167E-13  5.7577E-13  9.3015E-13
  3.1347E-07  1.7395E-13  6.1950E-13  1.0008E-12
  3.2484E-07  1.8680E-13  6.6526E-13  1.0747E-12
  3.3632E-07  2.0023E-13  7.1310E-13  1.1520E-12
  3.4790E-07  2.1426E-13  7.6307E-13  1.2327E-12
  3.5959E-07  2.2890E-13  8.1521E-13  1.3170E-12
  3.7139E-07  2.4417E-13  8.6960E-13  1.4048E-12
  3.8330E-07  2.6008E-13  9.2626E-13  1.4964E-12
  3.9532E-07  2.7665E-13  9.8527E-13  1.5917E-12
  4.0745E-07  2.9389E-13  1.0467E-12  1.6909E-12
  4.1970E-07  3.1182E-13  1.1105E-12  1.7940E-12
  4.3206E-07  3.3046E-13  1.1769E-12  1.9013E-12
  4.4453E-07  3.4982E-13  1.2458E-12  2.0126E-12
  4.5712E-07  3.6991E-13  1.3174E-12  2.1282E-12
  4.6983E-07  3.9076E-13  1.3917E-12  2.2482E-12
  4.8265E-07  4.1239E-13  1.4687E-12  2.3726E-12
  4.9560E-07  4.3480E-13  1.5485E-12  2.5016E-12
  5.0866E-07  4.5803E-13  1.6312E-12  2.6352E-12
  5.2185E-07  4.8209E-13  1.7169E-12  2.7736E-12
  5.3516E-07  5.0699E-13  1.8056E-12  2.9169E-12
  5.4859E-07  5.3276E-13  1.8974E-12  3.0652E-12
  5.6215E-07  5.5942E-13  1.9923E-12  3.2186E-12
  5.7583E-07  5.8699E-13  2.0905E-12  3.3772E-12
  5.8964E-07  6.1548E-13  2.1920E-12  3.5411E-12
  6.0358E-07  6.4493E-13  2.2968E-12  3.7105E-12
  6.1765E-07  6.7534E-13  2.4052E-12  3.8855E-12
  6.3185E-07  7.0675E-13  2.5170E-12  4.0662E-12
  6.4619E-07  7.3918E-13  2.6325E-12  4.2528E-12
  6.6065E-07  7.7265E-13  2.7517E-12  4.4453E-12
  6.7525E-07  8.0717E-13  2.8747E-12  4.6440E-12
  6.8999E-07  8.4279E-13  3.0015E-12  4.8489E-12
  7.0486E-07  8.7951E-13  3.1323E-12  5.0602E-12
  7.1987E-07  9.1737E-13  3.2671E-12  5.2780E-12
  7.3502E-07  9.5640E-13  3.4061E-12  5.5025E-12
  7.5031E-07  9.9660E-13  3.5493E-12  5.7338E-12
  7.6575E-07  1.0380E-12  3.6968E-12  5.9721E-12
  7.8133E-07  1.0807E-12  3.8488E-12  6.2176E-12
  7.9705E-07  1.1246E-12  4.0052E-12  6.4703E-12
  8.1292E-07  1.1698E-12  4.1663E-12  6.7305E-12
  8.2893E-07  1.2164E-12  4.3321E-12  6.9984E-12
  8.4510E-07  1.2643E-12  4.5027E-12  7.2740E-12
  8.6142E-07  1.3136E-12  4.6782E-12  7.5576E-12
  8.7788E-07  1.3643E-12  4.8588E-12  7.8493E-12
  8.9450E-07  1.4164E-12  5.0445E-12  8.1493E-12
  9.1128E-07  1.4701E-12  5.2355E-12  8.4578E-12
  9.2821E-07  1.5252E-12  5.4319E-12  8.7750E-12
  9.4530E-07  1.5819E-12  5.6337E-12  9.1011E-12
  9.6255E-07  1.6401E-12  5.8412E-12  9.4363E-12
  9.7995E-07  1.7000E-12  6.0543E-12  9.7807E-12
  9.9752E-07  1.7615E-12  6.2734E-12  1.0135E-11
  1.0153E-06  1.8247E-12  6.4984E-12  1.0498E-11
  1.0332E-06  1.8896E-12  6.7296E-12  1.0871E-11
  1.0512E-06  1.9562E-12  6.9670E-12  1.1255E-11
  1.0695E-06  2.0247E-12  7.2107E-12  1.1649E-11
  1.0879E-06  2.0950E-12  7.4610E-12  1.2053E-11
  1.1064E-06  2.1671E-12  7.7180E-12  1.2468E-11
  1.1252E-06  2.2412E-12  7.9817E-12  1.2894E-11
  1.1441E-06  2.3172E-12  8.2524E-12  1.3332E-11
  1.1632E-06  2.3952E-12  8.5302E-12  1.3780E-11
  1.1825E-06  2.4752E-12  8.8152E-12  1.4241E-11
  1.2019E-06  2.5573E-12  9.1077E-12  1.4713E-11
  1.2216E-06  2.6416E-12  9.4077E-12  1.5198E-11
  1.2414E-06  2.7280E-12  9.7154E-12  1.5695E-11
  1.2614E-06  2.8166E-12  1.0031E-11  1.6205E-11
  1.2816E-06  2.9075E-12  1.0355E-11  1.6728E-11
  1.3019E-06  3.0007E-12  1.0686E-11  1.7264E-11
  1.3225E-06  3.0962E-12  1.1027E-11  1.7813E-11
  1.3433E-06  3.1941E-12  1.1376E-11  1.8377E-11
  1.3642E-06  3.2945E-12  1.1733E-11  1.8955E-11
  1.3854E-06  3.3975E-12  1.2100E-11  1.9547E-11
  1.4067E-06  3.5029E-12  1.2475E-11  2.0154E-11
  1.4282E-06  3.6110E-12  1.2860E-11  2.0776E-11
  1.4500E-06  3.7218E-12  1.3255E-11  2.1413E-11
  1.4719E-06  3.8353E-12  1.3659E-11  2.2066E-11
  1.4941E-06  3.9516E-12  1.4073E-11  2.2735E-11
  1.5164E-06  4.0707E-12  1.4497E-11  2.3420E-11
  1.5390E-06  4.1927E-12  1.4932E-11  2.4122E-11
  1.5617E-06  4.3177E-12  1.5377E-11  2.4841E-11
  1.5847E-06  4.4457E-12  1.5833E-11  2.5578E-11
  1.6079E-06  4.5768E-12  1.6300E-11  2.6332E-11
  1.6313E-06  4.7110E-12  1.6778E-11  2.7104E-11
  1.6550E-06  4.8485E-12  1.7267E-11  2.7895E-11
  1.6788E-06  4.9892E-12  1.7769E-11  2.8705E-11
  1.7029E-06  5.1333E-12  1.8282E-11  2.9534E-11
  1.7272E-06  5.2808E-12  1.8807E-11  3.0382E-11
  1.7517E-06  5.4318E-12  1.9345E-11  3.1251E-11
  1.7764E-06  5.5864E-12  1.9895E-11  3.2140E-11
  1.8014E-06  5.7446E-12  2.0459E-11  3.3051E-11
  1.8266E-06  5.9065E-12  2.1035E-11  3.3982E-11
  1.8521E-06  6.0722E-12  2.1625E-11  3.4935E-11
  1.8777E-06  6.2418E-12  2.2229E-11  3.5911E-11
  1.9037E-06  6.4153E-12  2.2847E-11  3.6909E-11
  1.9298E-06  6.5928E-12  2.3480E-11  3.7931E-11
  1.9562E-06  6.7745E-12  2.4127E-11  3.8976E-11
  1.9829E-06  6.9603E-12  2.4788E-11  4.0045E-11
  2.0098E-06  7.1504E-12  2.5465E-11  4.1139E-11
  2.0369E-06  7.3449E-12  2.6158E-11  4.2258E-11
  2.0643E-06  7.5439E-12  2.6867E-11  4.3402E-11
  2.0920E-06  7.7474E-12  2.7591E-11  4.4573E-11
  2.1199E-06  7.9555E-12  2.8332E-11  4.5770E-11
  2.1481E-06  8.1683E-12  2.9090E-11  4.6995E-11
  2.1765E-06  8.3860E-12  2.9866E-11  4.8247E-11
  2.2052E-06  8.6086E-12  3.0659E-11  4.9528E-11
  2.2342E-06  8.8363E-12  3.1469E-11  5.0838E-11
  2.2634E-06  9.0690E-12  3.2298E-11  5.2177E-11
  2.2929E-06  9.3070E-12  3.3146E-11  5.3546E-11
  2.3227E-06  9.5504E-12  3.4012E-11  5.4946E-11
  2.3528E-06  9.7992E-12  3.4898E-11  5.6378E-11
  2.3831E-06  1.0054E-11  3.5804E-11  5.7841E-11
  2.4137E-06  1.0314E-11  3.6730E-11  5.9337E-11
  2.4446E-06  1.0579E-11  3.7677E-11  6.0866E-11
  2.4758E-06  1.0851E-11  3.8644E-11  6.2429E-11
  2.5073E-06  1.1129E-11  3.9634E-11  6.4027E-11
  2.5391E-06  1.1413E-11  4.0645E-11  6.5660E-11
  2.5711E-06  1.1703E-11  4.1678E-11  6.7329E-11
  2.6035E-06  1.1999E-11  4.2734E-11  6.9035E-11
  2.6362E-06  1.2302E-11  4.3813E-11  7.0779E-11
  2.6692E-06  1.2612E-11  4.4916E-11  7.2561E-11
  2.7024E-06  1.2928E-11  4.6043E-11  7.4381E-11
  2.7360E-06  1.3252E-11  4.7195E-11  7.6242E-11
  2.7699E-06  1.3582E-11  4.8372E-11  7.8143E-11
  2.8042E-06  1.3920E-11  4.9574E-11  8.0086E-11
  2.8387E-06  1.4265E-11  5.0803E-11  8.2071E-11
  2.8735E-06  1.4617E-11  5.2058E-11  8.4098E-11
  2.9087E-06  1.4978E-11  5.3341E-11  8.6170E-11
  2.9442E-06  1.5346E-11  5.4651E-11  8.8287E-11
  2.9801E-06  1.5721E-11  5.5989E-11  9.0450E-11
  3.0162E-06  1.6105E-11  5.7357E-11  9.2659E-11
  3.0528E-06  1.6498E-11  5.8754E-11  9.4915E-11
  3.0896E-06  1.6898E-11  6.0181E-11  9.7221E-11
  3.1268E-06  1.7308E-11  6.1638E-11  9.9575E-11
  3.1643E-06  1.7726E-11  6.3127E-11  1.0198E-10
  3.2022E-06  1.8153E-11  6.4648E-11  1.0444E-10
  3.2405E-06  1.8589E-11  6.6201E-11  1.0695E-10
  3.2791E-06  1.9034E-11  6.7787E-11  1.0951E-10
  3.3180E-06  1.9489E-11  6.9408E-11  1.1213E-10
  3.3573E-06  1.9954E-11  7.1062E-11  1.1480E-10
  3.3970E-06  2.0428E-11  7.2752E-11  1.1753E-10
  3.4371E-06  2.0913E-11  7.4477E-11  1.2032E-10
  3.4775E-06  2.1408E-11  7.6240E-11  1.2316E-10
  3.5183E-06  2.1913E-11  7.8039E-11  1.2607E-10
  3.5595E-06  2.2429E-11  7.9877E-11  1.2904E-10
  3.6010E-06  2.2956E-11  8.1753E-11  1.3207E-10
  3.6430E-06  2.3494E-11  8.3669E-11  1.3516E-10
  3.6853E-06  2.4043E-11  8.5625E-11  1.3832E-10
  3.7280E-06  2.4604E-11  8.7622E-11  1.4155E-10
  3.7712E-06  2.5176E-11  8.9661E-11  1.4484E-10
  3.8147E-06  2.5761E-11  9.1743E-11  1.4821E-10
  3.8586E-06  2.6358E-11  9.3868E-11  1.5164E-10
  3.9030E-06  2.6967E-11  9.6038E-11  1.5515E-10
  3.9477E-06  2.7589E-11  9.8253E-11  1.5873E-10
  3.9929E-06  2.8224E-11  1.0051E-10  1.6238E-10
  4.0385E-06  2.8872E-11  1.0282E-10  1.6611E-10
  4.0845E-06  2.9534E-11  1.0518E-10  1.6992E-10
  4.1310E-06  3.0209E-11  1.0759E-10  1.7380E-10
  4.1779E-06  3.0899E-11  1.1004E-10  1.7777E-10
  4.2252E-06  3.1603E-11  1.1255E-10  1.8182E-10
  4.2729E-06  3.2321E-11  1.1511E-10  1.8595E-10
  4.3211E-06  3.3054E-11  1.1772E-10  1.9017E-10
  4.3698E-06  3.3803E-11  1.2038E-10  1.9448E-10
  4.4189E-06  3.4567E-11  1.2310E-10  1.9887E-10
  4.4684E-06  3.5346E-11  1.2588E-10  2.0336E-10
  4.5184E-06  3.6142E-11  1.2871E-10  2.0793E-10
  4.5689E-06  3.6954E-11  1.3161E-10  2.1261E-10
  4.6199E-06  3.7783E-11  1.3456E-10  2.1737E-10
  4.6713E-06  3.8629E-11  1.3757E-10  2.2224E-10
  4.7232E-06  3.9492E-11  1.4064E-10  2.2721E-10
  4.7756E-06  4.0373E-11  1.4378E-10  2.3227E-10
  4.8285E-06  4.1272E-11  1.4698E-10  2.3745E-10
  4.8818E-06  4.2189E-11  1.5025E-10  2.4272E-10
  4.9357E-06  4.3125E-11  1.5358E-10  2.4811E-10
  4.9900E-06  4.4080E-11  1.5698E-10  2.5360E-10
  5.0449E-06  4.5055E-11  1.6045E-10  2.5921E-10
  5.1003E-06  4.6049E-11  1.6400E-10  2.6493E-10
  5.1562E-06  4.7064E-11  1.6761E-10  2.7077E-10
  5.2126E-06  4.8100E-11  1.7130E-10  2.7673E-10
  5.2695E-06  4.9156E-11  1.7506E-10  2.8281E-10
  5.3270E-06  5.0234E-11  1.7890E-10  2.8901E-10
  5.3850E-06  5.1334E-11  1.8282E-10  2.9534E-10
  5.4435E-06  5.2456E-11  1.8681E-10  3.0179E-10
  5.5026E-06  5.3601E-11  1.9089E-10  3.0838E-10
  5.5623E-06  5.4769E-11  1.9505E-10  3.1510E-10
  5.6224E-06  5.5961E-11  1.9930E-10  3.2196E-10
  5.6832E-06  5.7177E-11  2.0363E-10  3.2895E-10
  5.7445E-06  5.8417E-11  2.0804E-10  3.3609E-10
  5.8064E-06  5.9683E-11  2.1255E-10  3.4337E-10
  5.8689E-06  6.0974E-11  2.1715E-10  3.5079E-10
  5.9319E-06  6.2291E-11  2.2184E-10  3.5837E-10
  5.9955E-06  6.3634E-11  2.2662E-10  3.6610E-10
  6.0597E-06  6.5005E-11  2.3150E-10  3.7398E-10
  6.1246E-06  6.6403E-11  2.3648E-10  3.8203E-10
  6.1900E-06  6.7829E-11  2.4156E-10  3.9023E-10
  6.2560E-06  6.9284E-11  2.4674E-10  3.9860E-10
  6.3227E-06  7.0768E-11  2.5202E-10  4.0714E-10
  6.3899E-06  7.2281E-11  2.5742E-10  4.1585E-10
  6.4578E-06  7.3825E-11  2.6291E-10  4.2473E-10
  6.5263E-06  7.5400E-11  2.6852E-10  4.3379E-10
  6.5955E-06  7.7007E-11  2.7424E-10  4.4303E-10
  6.6653E-06  7.8645E-11  2.8008E-10  4.5246E-10
  6.7357E-06  8.0317E-11  2.8603E-10  4.6208E-10
  6.8068E-06  8.2021E-11  2.9210E-10  4.7188E-10
  6.8786E-06  8.3760E-11  2.9829E-10  4.8188E-10
  6.9510E-06  8.5533E-11  3.0461E-10  4.9209E-10
  7.0241E-06  8.7342E-11  3.1105E-10  5.0249E-10
  7.0979E-06  8.9186E-11  3.1762E-10  5.1310E-10
  7.1724E-06  9.1068E-11  3.2432E-10  5.2393E-10
  7.2476E-06  9.2987E-11  3.3115E-10  5.3497E-10
  7.3234E-06  9.4943E-11  3.3812E-10  5.4622E-10
  7.4000E-06  9.6939E-11  3.4523E-10  5.5771E-10
  7.4773E-06  9.8975E-11  3.5248E-10  5.6942E-10
  7.5553E-06  1.0105E-10  3.5987E-10  5.8136E-10
  7.6340E-06  1.0317E-10  3.6741E-10  5.9354E-10
  7.7135E-06  1.0533E-10  3.7509E-10  6.0596E-10
  7.7937E-06  1.0753E-10  3.8294E-10  6.1862E-10
  7.8746E-06  1.0977E-10  3.9093E-10  6.3154E-10
  7.9563E-06  1.1206E-10  3.9908E-10  6.4471E-10
  8.0388E-06  1.1440E-10  4.0740E-10  6.5814E-10
  8.1220E-06  1.1678E-10  4.1588E-10  6.7184E-10
  8.2060E-06  1.1921E-10  4.2452E-10  6.8581E-10
  8.2908E-06  1.2168E-10  4.3334E-10  7.0005E-10
  8.3763E-06  1.2421E-10  4.4233E-10  7.1457E-10
  8.4627E-06  1.2678E-10  4.5150E-10  7.2939E-10
  8.5499E-06  1.2941E-10  4.6085E-10  7.4449E-10
  8.6378E-06  1.3208E-10  4.7038E-10  7.5989E-10
  8.7266E-06  1.3481E-10  4.8010E-10  7.7559E-10
  8.8163E-06  1.3760E-10  4.9001E-10  7.9160E-10
  8.9067E-06  1.4043E-10  5.0012E-10  8.0793E-10
  8.9980E-06  1.4333E-10  5.1042E-10  8.2458E-10
  9.0902E-06  1.4628E-10  5.2093E-10  8.4155E-10
  9.1832E-06  1.4929E-10  5.3165E-10  8.5886E-10
  9.2770E-06  1.5235E-10  5.4257E-10  8.7651E-10
  9.3718E-06  1.5548E-10  5.5371E-10  8.9450E-10
  9.4674E-06  1.5867E-10  5.6507E-10  9.1285E-10
  9.5639E-06  1.6192E-10  5.7664E-10  9.3155E-10
  9.6613E-06  1.6524E-10  5.8845E-10  9.5062E-10
  9.7596E-06  1.6862E-10  6.0049E-10  9.7007E-10
  9.8589E-06  1.7206E-10  6.1276E-10  9.8990E-10
  9.9590E-06  1.7558E-10  6.2527E-10  1.0101E-09
  1.0060E-05  1.7916E-10  6.3803E-10  1.0307E-09
  1.0162E-05  1.8281E-10  6.5104E-10  1.0517E-09
  1.0265E-05  1.8654E-10  6.6430E-10  1.0732E-09
  1.0369E-05  1.9033E-10  6.7782E-10  1.0950E-09
  1.0474E-05  1.9420E-10  6.9160E-10  1.1173E-09
  1.0580E-05  1.9815E-10  7.0565E-10  1.1400E-09
  1.0687E-05  2.0217E-10  7.1998E-10  1.1631E-09
  1.0795E-05  2.0627E-10  7.3458E-10  1.1867E-09
  1.0903E-05  2.1045E-10  7.4947E-10  1.2107E-09
  1.1013E-05  2.1472E-10  7.6465E-10  1.2353E-09
  1.1124E-05  2.1906E-10  7.8013E-10  1.2603E-09
  1.1236E-05  2.2349E-10  7.9590E-10  1.2858E-09
  1.1349E-05  2.2801E-10  8.1199E-10  1.3117E-09
  1.1463E-05  2.3261E-10  8.2838E-10  1.3382E-09
  1.1578E-05  2.3731E-10  8.4510E-10  1.3652E-09
  1.1694E-05  2.4209E-10  8.6214E-10  1.3928E-09
  1.1811E-05  2.4697E-10  8.7951E-10  1.4208E-09
  1.1930E-05  2.5194E-10  8.9721E-10  1.4494E-09
  1.2049E-05  2.5701E-10  9.1526E-10  1.4786E-09
  1.2170E-05  2.6218E-10  9.3367E-10  1.5083E-09
  1.2291E-05  2.6745E-10  9.5242E-10  1.5386E-09
  1.2414E-05  2.7282E-10  9.7155E-10  1.5695E-09
  1.2538E-05  2.7829E-10  9.9104E-10  1.6010E-09
  1.2663E-05  2.8387E-10  1.0109E-09  1.6331E-09
  1.2789E-05  2.8956E-10  1.0312E-09  1.6658E-09
  1.2917E-05  2.9535E-10  1.0518E-09  1.6992E-09
  1.3045E-05  3.0126E-10  1.0729E-09  1.7332E-09
  1.3175E-05  3.0729E-10  1.0943E-09  1.7678E-09
  1.3306E-05  3.1343E-10  1.1162E-09  1.8032E-09
  1.3438E-05  3.1969E-10  1.1385E-09  1.8392E-09
  1.3572E-05  3.2607E-10  1.1612E-09  1.8759E-09
  1.3706E-05  3.3257E-10  1.1844E-09  1.9133E-09
  1.3842E-05  3.3920E-10  1.2080E-09  1.9514E-09
  1.3980E-05  3.4596E-10  1.2320E-09  1.9903E-09
  1.4118E-05  3.5285E-10  1.2566E-09  2.0299E-09
  1.4258E-05  3.5987E-10  1.2816E-09  2.0703E-09
  1.4399E-05  3.6703E-10  1.3070E-09  2.1115E-09
  1.4541E-05  3.7432E-10  1.3330E-09  2.1534E-09
  1.4685E-05  3.8176E-10  1.3595E-09  2.1962E-09
  1.4830E-05  3.8933E-10  1.3865E-09  2.2398E-09
  1.4976E-05  3.9706E-10  1.4140E-09  2.2842E-09
  1.5124E-05  4.0493E-10  1.4420E-09  2.3295E-09
  1.5273E-05  4.1296E-10  1.4706E-09  2.3757E-09
  1.5424E-05  4.2114E-10  1.4997E-09  2.4227E-09
  1.5576E-05  4.2947E-10  1.5294E-09  2.4707E-09
  1.5729E-05  4.3797E-10  1.5597E-09  2.5196E-09
  1.5884E-05  4.4663E-10  1.5905E-09  2.5694E-09
  1.6040E-05  4.5546E-10  1.6219E-09  2.6202E-09
  1.6198E-05  4.6445E-10  1.6540E-09  2.6719E-09
  1.6357E-05  4.7362E-10  1.6866E-09  2.7247E-09
  1.6517E-05  4.8297E-10  1.7199E-09  2.7784E-09
  1.6679E-05  4.9249E-10  1.7538E-09  2.8332E-09
  1.6843E-05  5.0220E-10  1.7884E-09  2.8891E-09
  1.7008E-05  5.1210E-10  1.8236E-09  2.9460E-09
  1.7175E-05  5.2218E-10  1.8595E-09  3.0040E-09
  1.7343E-05  5.3246E-10  1.8961E-09  3.0631E-09
  1.7513E-05  5.4293E-10  1.9334E-09  3.1234E-09
  1.7684E-05  5.5361E-10  1.9715E-09  3.1848E-09
  1.7857E-05  5.6449E-10  2.0102E-09  3.2474E-09
  1.8032E-05  5.7558E-10  2.0497E-09  3.3112E-09
  1.8208E-05  5.8688E-10  2.0899E-09  3.3762E-09
  1.8386E-05  5.9840E-10  2.1309E-09  3.4425E-09
  1.8565E-05  6.1014E-10  2.1727E-09  3.5100E-09
  1.8746E-05  6.2210E-10  2.2153E-09  3.5788E-09
  1.8929E-05  6.3429E-10  2.2588E-09  3.6489E-09
  1.9113E-05  6.4672E-10  2.3030E-09  3.7204E-09
  1.9300E-05  6.5938E-10  2.3481E-09  3.7933E-09
  1.9488E-05  6.7229E-10  2.3941E-09  3.8675E-09
  1.9677E-05  6.8544E-10  2.4409E-09  3.9432E-09
  1.9869E-05  6.9885E-10  2.4886E-09  4.0203E-09
  2.0062E-05  7.1251E-10  2.5373E-09  4.0989E-09
  2.0257E-05  7.2643E-10  2.5868E-09  4.1790E-09
  2.0454E-05  7.4062E-10  2.6374E-09  4.2606E-09
  2.0653E-05  7.5508E-10  2.6889E-09  4.3437E-09
  2.0853E-05  7.6981E-10  2.7413E-09  4.4285E-09
  2.1056E-05  7.8483E-10  2.7948E-09  4.5149E-09
  2.1260E-05  8.0013E-10  2.8493E-09  4.6029E-09
  2.1466E-05  8.1573E-10  2.9048E-09  4.6926E-09
  2.1674E-05  8.3162E-10  2.9614E-09  4.7841E-09
  2.1884E-05  8.4782E-10  3.0191E-09  4.8772E-09
  2.2096E-05  8.6432E-10  3.0779E-09  4.9722E-09
  2.2310E-05  8.8114E-10  3.1378E-09  5.0689E-09
  2.2526E-05  8.9829E-10  3.1988E-09  5.1675E-09
  2.2744E-05  9.1575E-10  3.2610E-09  5.2680E-09
  2.2964E-05  9.3356E-10  3.3244E-09  5.3704E-09
  2.3186E-05  9.5170E-10  3.3890E-09  5.4748E-09
  2.3410E-05  9.7018E-10  3.4548E-09  5.5811E-09
  2.3637E-05  9.8902E-10  3.5219E-09  5.6895E-09
  2.3865E-05  1.0082E-09  3.5902E-09  5.7999E-09
  2.4095E-05  1.0278E-09  3.6599E-09  5.9124E-09
  2.4328E-05  1.0477E-09  3.7309E-09  6.0271E-09
  2.4563E-05  1.0680E-09  3.8032E-09  6.1440E-09
  2.4800E-05  1.0887E-09  3.8770E-09  6.2631E-09
  2.5039E-05  1.1098E-09  3.9521E-09  6.3844E-09
  2.5280E-05  1.1313E-09  4.0286E-09  6.5081E-09
  2.5524E-05  1.1532E-09  4.1066E-09  6.6341E-09
  2.5769E-05  1.1756E-09  4.1861E-09  6.7625E-09
  2.6018E-05  1.1983E-09  4.2671E-09  6.8933E-09
  2.6268E-05  1.2215E-09  4.3496E-09  7.0267E-09
  2.6521E-05  1.2451E-09  4.4338E-09  7.1626E-09
  2.6776E-05  1.2692E-09  4.5195E-09  7.3010E-09
  2.7033E-05  1.2937E-09  4.6068E-09  7.4421E-09
  2.7293E-05  1.3187E-09  4.6958E-09  7.5859E-09
  2.7556E-05  1.3442E-09  4.7865E-09  7.7324E-09
  2.7820E-05  1.3701E-09  4.8789E-09  7.8817E-09
  2.8088E-05  1.3966E-09  4.9731E-09  8.0338E-09
  2.8357E-05  1.4235E-09  5.0690E-09  8.1888E-09
  2.8629E-05  1.4510E-09  5.1668E-09  8.3467E-09
  2.8904E-05  1.4790E-09  5.2664E-09  8.5077E-09
  2.9181E-05  1.5075E-09  5.3680E-09  8.6717E-09
  2.9461E-05  1.5365E-09  5.4714E-09  8.8388E-09
  2.9744E-05  1.5661E-09  5.5768E-09  9.0091E-09
  3.0029E-05  1.5963E-09  5.6842E-09  9.1826E-09
  3.0317E-05  1.6270E-09  5.7937E-09  9.3594E-09
  3.0607E-05  1.6584E-09  5.9052E-09  9.5396E-09
  3.0900E-05  1.6903E-09  6.0189E-09  9.7232E-09
  3.1196E-05  1.7228E-09  6.1347E-09  9.9103E-09
  3.1495E-05  1.7559E-09  6.2527E-09  1.0101E-08
  3.1796E-05  1.7897E-09  6.3729E-09  1.0295E-08
  3.2100E-05  1.8241E-09  6.4954E-09  1.0493E-08
  3.2407E-05  1.8592E-09  6.6202E-09  1.0695E-08
  3.2717E-05  1.8949E-09  6.7474E-09  1.0900E-08
  3.3030E-05  1.9313E-09  6.8770E-09  1.1110E-08
  3.3346E-05  1.9684E-09  7.0091E-09  1.1323E-08
  3.3664E-05  2.0062E-09  7.1437E-09  1.1540E-08
  3.3986E-05  2.0447E-09  7.2808E-09  1.1762E-08
  3.4310E-05  2.0839E-09  7.4205E-09  1.1987E-08
  3.4638E-05  2.1239E-09  7.5629E-09  1.2217E-08
  3.4969E-05  2.1647E-09  7.7079E-09  1.2452E-08
  3.5302E-05  2.2062E-09  7.8557E-09  1.2691E-08
  3.5639E-05  2.2485E-09  8.0063E-09  1.2934E-08
  3.5979E-05  2.2916E-09  8.1597E-09  1.3182E-08
  3.6322E-05  2.3355E-09  8.3161E-09  1.3434E-08
  3.6668E-05  2.3802E-09  8.4754E-09  1.3692E-08
  3.7018E-05  2.4258E-09  8.6377E-09  1.3954E-08
  3.7371E-05  2.4723E-09  8.8031E-09  1.4221E-08
  3.7727E-05  2.5196E-09  8.9716E-09  1.4493E-08
  3.8086E-05  2.5678E-09  9.1434E-09  1.4771E-08
  3.8449E-05  2.6170E-09  9.3183E-09  1.5053E-08
  3.8815E-05  2.6670E-09  9.4966E-09  1.5341E-08
  3.9184E-05  2.7181E-09  9.6782E-09  1.5635E-08
  3.9557E-05  2.7700E-09  9.8633E-09  1.5934E-08
  3.9934E-05  2.8230E-09  1.0052E-08  1.6238E-08
  4.0313E-05  2.8770E-09  1.0244E-08  1.6549E-08
  4.0697E-05  2.9319E-09  1.0440E-08  1.6865E-08
  4.1084E-05  2.9880E-09  1.0639E-08  1.7187E-08
  4.1474E-05  3.0451E-09  1.0842E-08  1.7515E-08
  4.1869E-05  3.1032E-09  1.1049E-08  1.7850E-08
  4.2266E-05  3.1625E-09  1.1260E-08  1.8191E-08
  4.2668E-05  3.2229E-09  1.1475E-08  1.8538E-08
  4.3073E-05  3.2844E-09  1.1694E-08  1.8892E-08
  4.3482E-05  3.3471E-09  1.1918E-08  1.9252E-08
  4.3895E-05  3.4109E-09  1.2145E-08  1.9620E-08
  4.4312E-05  3.4760E-09  1.2377E-08  1.9994E-08
  4.4733E-05  3.5423E-09  1.2613E-08  2.0375E-08
  4.5157E-05  3.6098E-09  1.2853E-08  2.0764E-08
  4.5586E-05  3.6787E-09  1.3098E-08  2.1159E-08
  4.6018E-05  3.7488E-09  1.3348E-08  2.1563E-08
  4.6455E-05  3.8202E-09  1.3602E-08  2.1974E-08
  4.6895E-05  3.8930E-09  1.3861E-08  2.2392E-08
  4.7340E-05  3.9672E-09  1.4126E-08  2.2819E-08
  4.7788E-05  4.0428E-09  1.4395E-08  2.3254E-08
  4.8241E-05  4.1198E-09  1.4669E-08  2.3696E-08
  4.8698E-05  4.1982E-09  1.4948E-08  2.4148E-08
  4.9160E-05  4.2782E-09  1.5233E-08  2.4607E-08
  4.9626E-05  4.3596E-09  1.5522E-08  2.5076E-08
  5.0096E-05  4.4426E-09  1.5818E-08  2.5553E-08
  5.0570E-05  4.5271E-09  1.6119E-08  2.6039E-08
  5.1049E-05  4.6132E-09  1.6425E-08  2.6534E-08
  5.1532E-05  4.7010E-09  1.6738E-08  2.7039E-08
  5.2020E-05  4.7904E-09  1.7056E-08  2.7553E-08
  5.2512E-05  4.8815E-09  1.7380E-08  2.8077E-08
  5.3009E-05  4.9743E-09  1.7711E-08  2.8611E-08
  5.3510E-05  5.0689E-09  1.8048E-08  2.9155E-08
  5.4017E-05  5.1652E-09  1.8391E-08  2.9709E-08
  5.4527E-05  5.2634E-09  1.8740E-08  3.0273E-08
  5.5043E-05  5.3634E-09  1.9096E-08  3.0848E-08
  5.5564E-05  5.4653E-09  1.9459E-08  3.1434E-08
  5.6089E-05  5.5691E-09  1.9828E-08  3.2031E-08
  5.6619E-05  5.6749E-09  2.0205E-08  3.2640E-08
  5.7154E-05  5.7827E-09  2.0589E-08  3.3259E-08
  5.7694E-05  5.8925E-09  2.0979E-08  3.3891E-08
  5.8239E-05  6.0043E-09  2.1378E-08  3.4534E-08
  5.8789E-05  6.1183E-09  2.1783E-08  3.5190E-08
  5.9344E-05  6.2344E-09  2.2197E-08  3.5857E-08
  5.9905E-05  6.3527E-09  2.2618E-08  3.6538E-08
  6.0471E-05  6.4733E-09  2.3047E-08  3.7231E-08
  6.1041E-05  6.5961E-09  2.3484E-08  3.7937E-08
  6.1618E-05  6.7212E-09  2.3929E-08  3.8656E-08
  6.2199E-05  6.8486E-09  2.4383E-08  3.9389E-08
  6.2786E-05  6.9785E-09  2.4846E-08  4.0136E-08
  6.3379E-05  7.1108E-09  2.5317E-08  4.0897E-08
  6.3977E-05  7.2456E-09  2.5796E-08  4.1672E-08
  6.4580E-05  7.3830E-09  2.6285E-08  4.2462E-08
  6.5189E-05  7.5229E-09  2.6783E-08  4.3267E-08
  6.5804E-05  7.6655E-09  2.7291E-08  4.4086E-08
  6.6424E-05  7.8107E-09  2.7808E-08  4.4922E-08
  6.7051E-05  7.9587E-09  2.8335E-08  4.5773E-08
  6.7683E-05  8.1095E-09  2.8871E-08  4.6639E-08
  6.8321E-05  8.2631E-09  2.9418E-08  4.7523E-08
  6.8965E-05  8.4195E-09  2.9975E-08  4.8422E-08
  6.9615E-05  8.5790E-09  3.0543E-08  4.9339E-08
  7.0270E-05  8.7414E-09  3.1121E-08  5.0273E-08
  7.0933E-05  8.9069E-09  3.1710E-08  5.1225E-08
  7.1601E-05  9.0755E-09  3.2310E-08  5.2194E-08
  7.2275E-05  9.2473E-09  3.2921E-08  5.3182E-08
  7.2956E-05  9.4223E-09  3.3544E-08  5.4188E-08
  7.3643E-05  9.6006E-09  3.4179E-08  5.5213E-08
  7.4336E-05  9.7822E-09  3.4825E-08  5.6258E-08
  7.5036E-05  9.9673E-09  3.5484E-08  5.7322E-08
  7.5742E-05  1.0156E-08  3.6155E-08  5.8406E-08
  7.6455E-05  1.0348E-08  3.6839E-08  5.9510E-08
  7.7175E-05  1.0544E-08  3.7535E-08  6.0636E-08
  7.7901E-05  1.0743E-08  3.8245E-08  6.1782E-08
  7.8634E-05  1.0946E-08  3.8968E-08  6.2950E-08
  7.9374E-05  1.1153E-08  3.9705E-08  6.4140E-08
  8.0121E-05  1.1364E-08  4.0455E-08  6.5352E-08
  8.0874E-05  1.1579E-08  4.1220E-08  6.6587E-08
  8.1635E-05  1.1797E-08  4.1998E-08  6.7845E-08
  8.2403E-05  1.2020E-08  4.2792E-08  6.9127E-08
  8.3178E-05  1.2248E-08  4.3600E-08  7.0433E-08
  8.3960E-05  1.2479E-08  4.4424E-08  7.1763E-08
  8.4749E-05  1.2715E-08  4.5263E-08  7.3119E-08
  8.5546E-05  1.2955E-08  4.6118E-08  7.4499E-08
  8.6350E-05  1.3200E-08  4.6989E-08  7.5906E-08
  8.7162E-05  1.3449E-08  4.7876E-08  7.7339E-08
  8.7981E-05  1.3703E-08  4.8780E-08  7.8800E-08
  8.8807E-05  1.3962E-08  4.9701E-08  8.0287E-08
  8.9642E-05  1.4225E-08  5.0639E-08  8.1803E-08
  9.0484E-05  1.4494E-08  5.1595E-08  8.3347E-08
  9.1334E-05  1.4767E-08  5.2568E-08  8.4920E-08
  9.2192E-05  1.5046E-08  5.3560E-08  8.6522E-08
  9.3058E-05  1.5330E-08  5.4571E-08  8.8155E-08
  9.3932E-05  1.5619E-08  5.5601E-08  8.9818E-08
  9.4814E-05  1.5914E-08  5.6650E-08  9.1512E-08
  9.5705E-05  1.6214E-08  5.7718E-08  9.3238E-08
  9.6603E-05  1.6520E-08  5.8807E-08  9.4997E-08
  9.7510E-05  1.6832E-08  5.9916E-08  9.6789E-08
  9.8425E-05  1.7149E-08  6.1046E-08  9.8614E-08
  9.9349E-05  1.7473E-08  6.2197E-08  1.0047E-07
  1.0028E-04  1.7802E-08  6.3370E-08  1.0237E-07
  1.0122E-04  1.8138E-08  6.4565E-08  1.0430E-07
  1.0217E-04  1.8480E-08  6.5782E-08  1.0626E-07
  1.0313E-04  1.8829E-08  6.7022E-08  1.0827E-07
  1.0410E-04  1.9184E-08  6.8285E-08  1.1031E-07
  1.0508E-04  1.9545E-08  6.9572E-08  1.1239E-07
  1.0606E-04  1.9914E-08  7.0883E-08  1.1450E-07
  1.0706E-04  2.0289E-08  7.2219E-08  1.1666E-07
  1.0806E-04  2.0672E-08  7.3580E-08  1.1886E-07
  1.0907E-04  2.1061E-08  7.4966E-08  1.2110E-07
  1.1010E-04  2.1458E-08  7.6379E-08  1.2338E-07
  1.1113E-04  2.1862E-08  7.7817E-08  1.2571E-07
  1.1217E-04  2.2274E-08  7.9283E-08  1.2807E-07
  1.1322E-04  2.2694E-08  8.0777E-08  1.3049E-07
  1.1429E-04  2.3122E-08  8.2298E-08  1.3294E-07
  1.1536E-04  2.3557E-08  8.3848E-08  1.3545E-07
  1.1644E-04  2.4001E-08  8.5427E-08  1.3800E-07
  1.1753E-04  2.4453E-08  8.7035E-08  1.4060E-07
  1.1863E-04  2.4913E-08  8.8674E-08  1.4324E-07
  1.1974E-04  2.5383E-08  9.0343E-08  1.4594E-07
  1.2087E-04  2.5861E-08  9.2044E-08  1.4869E-07
  1.2200E-04  2.6348E-08  9.3777E-08  1.5149E-07
  1.2314E-04  2.6844E-08  9.5542E-08  1.5434E-07
  1.2429E-04  2.7349E-08  9.7340E-08  1.5724E-07
  1.2546E-04  2.7864E-08  9.9172E-08  1.6020E-07
  1.2663E-04  2.8388E-08  1.0104E-07  1.6322E-07
  1.2782E-04  2.8923E-08  1.0294E-07  1.6629E-07
  1.2902E-04  2.9467E-08  1.0488E-07  1.6942E-07
  1.3023E-04  3.0022E-08  1.0685E-07  1.7260E-07
  1.3145E-04  3.0587E-08  1.0886E-07  1.7585E-07
  1.3268E-04  3.1162E-08  1.1091E-07  1.7916E-07
  1.3392E-04  3.1749E-08  1.1299E-07  1.8253E-07
  1.3517E-04  3.2346E-08  1.1512E-07  1.8596E-07
  1.3644E-04  3.2955E-08  1.1728E-07  1.8946E-07
  1.3772E-04  3.3575E-08  1.1949E-07  1.9302E-07
  1.3901E-04  3.4206E-08  1.2174E-07  1.9665E-07
  1.4031E-04  3.4850E-08  1.2403E-07  2.0035E-07
  1.4162E-04  3.5505E-08  1.2636E-07  2.0412E-07
  1.4295E-04  3.6173E-08  1.2873E-07  2.0795E-07
  1.4428E-04  3.6853E-08  1.3115E-07  2.1186E-07
  1.4564E-04  3.7547E-08  1.3362E-07  2.1585E-07
  1.4700E-04  3.8253E-08  1.3613E-07  2.1990E-07
  1.4837E-04  3.8972E-08  1.3869E-07  2.2404E-07
  1.4976E-04  3.9705E-08  1.4130E-07  2.2825E-07
  1.5116E-04  4.0451E-08  1.4395E-07  2.3254E-07
  1.5258E-04  4.1212E-08  1.4666E-07  2.3691E-07
  1.5401E-04  4.1987E-08  1.4942E-07  2.4136E-07
  1.5545E-04  4.2776E-08  1.5222E-07  2.4590E-07
  1.5690E-04  4.3580E-08  1.5508E-07  2.5052E-07
  1.5837E-04  4.4399E-08  1.5800E-07  2.5522E-07
  1.5985E-04  4.5234E-08  1.6097E-07  2.6002E-07
  1.6135E-04  4.6084E-08  1.6399E-07  2.6490E-07
  1.6285E-04  4.6950E-08  1.6707E-07  2.6988E-07
  1.6438E-04  4.7832E-08  1.7021E-07  2.7495E-07
  1.6592E-04  4.8731E-08  1.7341E-07  2.8011E-07
  1.6747E-04  4.9647E-08  1.7666E-07  2.8538E-07
  1.6903E-04  5.0580E-08  1.7998E-07  2.9074E-07
  1.7061E-04  5.1530E-08  1.8336E-07  2.9620E-07
  1.7221E-04  5.2498E-08  1.8681E-07  3.0176E-07
  1.7382E-04  5.3485E-08  1.9031E-07  3.0742E-07
  1.7544E-04  5.4490E-08  1.9389E-07  3.1320E-07
  1.7708E-04  5.5513E-08  1.9753E-07  3.1908E-07
  1.7874E-04  5.6556E-08  2.0124E-07  3.2507E-07
  1.8041E-04  5.7618E-08  2.0502E-07  3.3117E-07
  1.8210E-04  5.8701E-08  2.0887E-07  3.3739E-07
  1.8380E-04  5.9803E-08  2.1279E-07  3.4372E-07
  1.8552E-04  6.0926E-08  2.1678E-07  3.5018E-07
  1.8725E-04  6.2071E-08  2.2085E-07  3.5675E-07
  1.8900E-04  6.3236E-08  2.2500E-07  3.6344E-07
  1.9077E-04  6.4424E-08  2.2922E-07  3.7027E-07
  1.9255E-04  6.5633E-08  2.3352E-07  3.7721E-07
  1.9435E-04  6.6866E-08  2.3790E-07  3.8429E-07
  1.9617E-04  6.8121E-08  2.4237E-07  3.9151E-07
  1.9800E-04  6.9400E-08  2.4692E-07  3.9885E-07
  1.9985E-04  7.0703E-08  2.5155E-07  4.0634E-07
  2.0172E-04  7.2031E-08  2.5627E-07  4.1396E-07
  2.0360E-04  7.3383E-08  2.6108E-07  4.2173E-07
  2.0550E-04  7.4761E-08  2.6598E-07  4.2964E-07
  2.0742E-04  7.6164E-08  2.7097E-07  4.3770E-07
  2.0936E-04  7.7594E-08  2.7605E-07  4.4591E-07
  2.1132E-04  7.9050E-08  2.8123E-07  4.5428E-07
  2.1329E-04  8.0534E-08  2.8651E-07  4.6280E-07
  2.1528E-04  8.2045E-08  2.9188E-07  4.7148E-07
  2.1729E-04  8.3585E-08  2.9735E-07  4.8032E-07
  2.1932E-04  8.5154E-08  3.0293E-07  4.8933E-07
  2.2137E-04  8.6752E-08  3.0861E-07  4.9851E-07
  2.2344E-04  8.8380E-08  3.1440E-07  5.0786E-07
  2.2553E-04  9.0038E-08  3.2030E-07  5.1738E-07
  2.2763E-04  9.1728E-08  3.2630E-07  5.2708E-07
  2.2976E-04  9.3449E-08  3.3242E-07  5.3697E-07
  2.3190E-04  9.5202E-08  3.3866E-07  5.4704E-07
  2.3407E-04  9.6988E-08  3.4501E-07  5.5729E-07
  2.3625E-04  9.8808E-08  3.5148E-07  5.6774E-07
  2.3846E-04  1.0066E-07  3.5807E-07  5.7839E-07
  2.4069E-04  1.0255E-07  3.6478E-07  5.8923E-07
  2.4293E-04  1.0447E-07  3.7162E-07  6.0028E-07
  2.4520E-04  1.0643E-07  3.7859E-07  6.1153E-07
  2.4749E-04  1.0843E-07  3.8568E-07  6.2299E-07
  2.4980E-04  1.1046E-07  3.9291E-07  6.3467E-07
  2.5213E-04  1.1254E-07  4.0028E-07  6.4656E-07
  2.5449E-04  1.1465E-07  4.0778E-07  6.5868E-07
  2.5686E-04  1.1680E-07  4.1542E-07  6.7103E-07
  2.5926E-04  1.1899E-07  4.2321E-07  6.8360E-07
  2.6168E-04  1.2122E-07  4.3114E-07  6.9642E-07
  2.6412E-04  1.2349E-07  4.3922E-07  7.0947E-07
  2.6659E-04  1.2581E-07  4.4745E-07  7.2276E-07
  2.6907E-04  1.2817E-07  4.5584E-07  7.3631E-07
  2.7158E-04  1.3057E-07  4.6438E-07  7.5010E-07
  2.7412E-04  1.3302E-07  4.7308E-07  7.6416E-07
  2.7668E-04  1.3551E-07  4.8195E-07  7.7847E-07
  2.7926E-04  1.3805E-07  4.9098E-07  7.9306E-07
  2.8186E-04  1.4064E-07  5.0017E-07  8.0792E-07
  2.8449E-04  1.4328E-07  5.0955E-07  8.2305E-07
  2.8715E-04  1.4597E-07  5.1909E-07  8.3847E-07
  2.8983E-04  1.4870E-07  5.2882E-07  8.5418E-07
  2.9253E-04  1.5149E-07  5.3872E-07  8.7018E-07
  2.9526E-04  1.5433E-07  5.4882E-07  8.8648E-07
  2.9802E-04  1.5722E-07  5.5910E-07  9.0308E-07
  3.0080E-04  1.6017E-07  5.6957E-07  9.2000E-07
  3.0360E-04  1.6317E-07  5.8024E-07  9.3723E-07
  3.0644E-04  1.6623E-07  5.9110E-07  9.5478E-07
  3.0929E-04  1.6935E-07  6.0218E-07  9.7266E-07
  3.1218E-04  1.7252E-07  6.1345E-07  9.9088E-07
  3.1509E-04  1.7576E-07  6.2494E-07  1.0094E-06
  3.1803E-04  1.7905E-07  6.3665E-07  1.0283E-06
  3.2100E-04  1.8241E-07  6.4857E-07  1.0476E-06
  3.2399E-04  1.8582E-07  6.6071E-07  1.0672E-06
  3.2701E-04  1.8931E-07  6.7309E-07  1.0872E-06
  3.3006E-04  1.9285E-07  6.8569E-07  1.1076E-06
  3.3314E-04  1.9647E-07  6.9853E-07  1.1283E-06
  3.3625E-04  2.0015E-07  7.1161E-07  1.1494E-06
  3.3938E-04  2.0390E-07  7.2493E-07  1.1709E-06
  3.4255E-04  2.0772E-07  7.3850E-07  1.1929E-06
  3.4574E-04  2.1161E-07  7.5233E-07  1.2152E-06
  3.4897E-04  2.1558E-07  7.6642E-07  1.2379E-06
  3.5222E-04  2.1962E-07  7.8076E-07  1.2611E-06
  3.5551E-04  2.2373E-07  7.9538E-07  1.2847E-06
  3.5882E-04  2.2793E-07  8.1027E-07  1.3088E-06
  3.6217E-04  2.3220E-07  8.2544E-07  1.3333E-06
  3.6554E-04  2.3655E-07  8.4089E-07  1.3582E-06
  3.6895E-04  2.4098E-07  8.5663E-07  1.3836E-06
  3.7239E-04  2.4549E-07  8.7266E-07  1.4095E-06
  3.7586E-04  2.5009E-07  8.8899E-07  1.4359E-06
  3.7937E-04  2.5478E-07  9.0563E-07  1.4628E-06
  3.8291E-04  2.5955E-07  9.2258E-07  1.4901E-06
  3.8648E-04  2.6441E-07  9.3985E-07  1.5180E-06
  3.9008E-04  2.6936E-07  9.5743E-07  1.5464E-06
  3.9372E-04  2.7441E-07  9.7535E-07  1.5754E-06
  3.9739E-04  2.7955E-07  9.9360E-07  1.6049E-06
  4.0109E-04  2.8479E-07  1.0122E-06  1.6349E-06
  4.0483E-04  2.9012E-07  1.0311E-06  1.6655E-06
  4.0860E-04  2.9556E-07  1.0504E-06  1.6966E-06
  4.1241E-04  3.0109E-07  1.0701E-06  1.7284E-06
  4.1626E-04  3.0673E-07  1.0901E-06  1.7607E-06
  4.2014E-04  3.1248E-07  1.1105E-06  1.7936E-06
  4.2405E-04  3.1833E-07  1.1313E-06  1.8272E-06
  4.2801E-04  3.2429E-07  1.1524E-06  1.8614E-06
  4.3199E-04  3.3036E-07  1.1740E-06  1.8962E-06
  4.3602E-04  3.3655E-07  1.1960E-06  1.9317E-06
  4.4008E-04  3.4285E-07  1.2183E-06  1.9678E-06
  4.4419E-04  3.4927E-07  1.2411E-06  2.0046E-06
  4.4833E-04  3.5581E-07  1.2643E-06  2.0421E-06
  4.5250E-04  3.6248E-07  1.2880E-06  2.0803E-06
  4.5672E-04  3.6927E-07  1.3121E-06  2.1192E-06
  4.6098E-04  3.7618E-07  1.3366E-06  2.1588E-06
  4.6527E-04  3.8322E-07  1.3616E-06  2.1992E-06
  4.6961E-04  3.9040E-07  1.3871E-06  2.2403E-06
  4.7399E-04  3.9771E-07  1.4130E-06  2.2822E-06
  4.7840E-04  4.0516E-07  1.4395E-06  2.3249E-06
  4.8286E-04  4.1274E-07  1.4664E-06  2.3684E-06
  4.8736E-04  4.2047E-07  1.4938E-06  2.4127E-06
  4.9190E-04  4.2834E-07  1.5217E-06  2.4578E-06
  4.9649E-04  4.3636E-07  1.5502E-06  2.5037E-06
  5.0111E-04  4.4453E-07  1.5792E-06  2.5505E-06
  5.0578E-04  4.5286E-07  1.6087E-06  2.5982E-06
  5.1049E-04  4.6134E-07  1.6388E-06  2.6468E-06
  5.1525E-04  4.6997E-07  1.6694E-06  2.6963E-06
  5.2005E-04  4.7877E-07  1.7006E-06  2.7467E-06
  5.2490E-04  4.8773E-07  1.7324E-06  2.7980E-06
  5.2979E-04  4.9687E-07  1.7648E-06  2.8503E-06
  5.3472E-04  5.0617E-07  1.7978E-06  2.9036E-06
  5.3971E-04  5.1564E-07  1.8314E-06  2.9579E-06
  5.4473E-04  5.2530E-07  1.8657E-06  3.0132E-06
  5.4981E-04  5.3513E-07  1.9005E-06  3.0695E-06
  5.5493E-04  5.4515E-07  1.9361E-06  3.1269E-06
  5.6010E-04  5.5535E-07  1.9723E-06  3.1853E-06
  5.6532E-04  5.6575E-07  2.0091E-06  3.2449E-06
  5.7059E-04  5.7634E-07  2.0467E-06  3.3055E-06
  5.7590E-04  5.8713E-07  2.0849E-06  3.3673E-06
  5.8127E-04  5.9812E-07  2.1239E-06  3.4302E-06
  5.8668E-04  6.0931E-07  2.1636E-06  3.4943E-06
  5.9215E-04  6.2072E-07  2.2040E-06  3.5596E-06
  5.9766E-04  6.3233E-07  2.2452E-06  3.6261E-06
  6.0323E-04  6.4417E-07  2.2872E-06  3.6939E-06
  6.0885E-04  6.5623E-07  2.3299E-06  3.7629E-06
  6.1452E-04  6.6851E-07  2.3735E-06  3.8332E-06
  6.2024E-04  6.8102E-07  2.4178E-06  3.9048E-06
  6.2602E-04  6.9377E-07  2.4630E-06  3.9778E-06
  6.3185E-04  7.0675E-07  2.5090E-06  4.0521E-06
  6.3774E-04  7.1998E-07  2.5559E-06  4.1278E-06
  6.4368E-04  7.3345E-07  2.6037E-06  4.2049E-06
  6.4967E-04  7.4718E-07  2.6523E-06  4.2835E-06
  6.5572E-04  7.6116E-07  2.7019E-06  4.3635E-06
  6.6183E-04  7.7541E-07  2.7523E-06  4.4450E-06
  6.6799E-04  7.8992E-07  2.8038E-06  4.5280E-06
  6.7422E-04  8.0470E-07  2.8561E-06  4.6126E-06
  6.8050E-04  8.1976E-07  2.9095E-06  4.6988E-06
  6.8683E-04  8.3510E-07  2.9639E-06  4.7865E-06
  6.9323E-04  8.5073E-07  3.0192E-06  4.8759E-06
  6.9969E-04  8.6665E-07  3.0756E-06  4.9670E-06
  7.0620E-04  8.8286E-07  3.1331E-06  5.0598E-06
  7.1278E-04  8.9938E-07  3.1916E-06  5.1543E-06
  7.1942E-04  9.1621E-07  3.2512E-06  5.2505E-06
  7.2612E-04  9.3336E-07  3.3119E-06  5.3486E-06
  7.3288E-04  9.5082E-07  3.3738E-06  5.4485E-06
  7.3970E-04  9.6862E-07  3.4368E-06  5.5502E-06
  7.4659E-04  9.8674E-07  3.5010E-06  5.6538E-06
  7.5355E-04  1.0052E-06  3.5664E-06  5.7594E-06
  7.6056E-04  1.0240E-06  3.6330E-06  5.8670E-06
  7.6764E-04  1.0432E-06  3.7008E-06  5.9765E-06
  7.7479E-04  1.0627E-06  3.7699E-06  6.0881E-06
  7.8201E-04  1.0826E-06  3.8403E-06  6.2017E-06
  7.8929E-04  1.1028E-06  3.9120E-06  6.3175E-06
  7.9664E-04  1.1235E-06  3.9851E-06  6.4355E-06
  8.0406E-04  1.1445E-06  4.0595E-06  6.5556E-06
  8.1154E-04  1.1659E-06  4.1353E-06  6.6780E-06
  8.1910E-04  1.1877E-06  4.2125E-06  6.8026E-06
  8.2673E-04  1.2099E-06  4.2912E-06  6.9296E-06
  8.3443E-04  1.2326E-06  4.3713E-06  7.0590E-06
  8.4220E-04  1.2556E-06  4.4529E-06  7.1907E-06
  8.5004E-04  1.2791E-06  4.5360E-06  7.3250E-06
  8.5795E-04  1.3030E-06  4.6207E-06  7.4617E-06
  8.6594E-04  1.3274E-06  4.7069E-06  7.6009E-06
  8.7400E-04  1.3523E-06  4.7948E-06  7.7428E-06
  8.8214E-04  1.3776E-06  4.8843E-06  7.8873E-06
  8.9035E-04  1.4033E-06  4.9755E-06  8.0345E-06
  8.9864E-04  1.4296E-06  5.0683E-06  8.1844E-06
  9.0701E-04  1.4563E-06  5.1629E-06  8.3371E-06
  9.1545E-04  1.4836E-06  5.2593E-06  8.4927E-06
  9.2398E-04  1.5113E-06  5.3575E-06  8.6512E-06
  9.3258E-04  1.5396E-06  5.4574E-06  8.8126E-06
  9.4126E-04  1.5684E-06  5.5593E-06  8.9770E-06
  9.5002E-04  1.5977E-06  5.6630E-06  9.1445E-06
  9.5887E-04  1.6276E-06  5.7687E-06  9.3151E-06
  9.6780E-04  1.6581E-06  5.8764E-06  9.4889E-06
  9.7681E-04  1.6891E-06  5.9860E-06  9.6659E-06
  9.8590E-04  1.7207E-06  6.0977E-06  9.8462E-06
  9.9508E-04  1.7529E-06  6.2115E-06  1.0030E-05
  1.0043E-03  1.7857E-06  6.3274E-06  1.0217E-05
  1.0137E-03  1.8191E-06  6.4454E-06  1.0408E-05
  1.0231E-03  1.8531E-06  6.5657E-06  1.0602E-05
  1.0327E-03  1.8877E-06  6.6882E-06  1.0799E-05
  1.0423E-03  1.9231E-06  6.8129E-06  1.1001E-05
  1.0520E-03  1.9590E-06  6.9400E-06  1.1206E-05
  1.0618E-03  1.9957E-06  7.0695E-06  1.1415E-05
  1.0716E-03  2.0330E-06  7.2014E-06  1.1628E-05
  1.0816E-03  2.0710E-06  7.3357E-06  1.1845E-05
  1.0917E-03  2.1098E-06  7.4725E-06  1.2066E-05
  1.1019E-03  2.1492E-06  7.6119E-06  1.2291E-05
  1.1121E-03  2.1894E-06  7.7539E-06  1.2520E-05
  1.1225E-03  2.2304E-06  7.8985E-06  1.2753E-05
  1.1329E-03  2.2721E-06  8.0458E-06  1.2991E-05
  1.1435E-03  2.3146E-06  8.1959E-06  1.3233E-05
  1.1541E-03  2.3579E-06  8.3487E-06  1.3480E-05
  1.1648E-03  2.4020E-06  8.5044E-06  1.3731E-05
  1.1757E-03  2.4469E-06  8.6630E-06  1.3987E-05
  1.1866E-03  2.4927E-06  8.8245E-06  1.4248E-05
  1.1977E-03  2.5393E-06  8.9891E-06  1.4514E-05
  1.2088E-03  2.5868E-06  9.1567E-06  1.4784E-05
  1.2201E-03  2.6352E-06  9.3274E-06  1.5060E-05
  1.2314E-03  2.6844E-06  9.5013E-06  1.5340E-05
  1.2429E-03  2.7346E-06  9.6784E-06  1.5626E-05
  1.2545E-03  2.7858E-06  9.8589E-06  1.5918E-05
  1.2661E-03  2.8379E-06  1.0043E-05  1.6214E-05
  1.2779E-03  2.8910E-06  1.0230E-05  1.6516E-05
  1.2898E-03  2.9450E-06  1.0421E-05  1.6824E-05
  1.3018E-03  3.0001E-06  1.0615E-05  1.7138E-05
  1.3139E-03  3.0562E-06  1.0813E-05  1.7457E-05
  1.3262E-03  3.1134E-06  1.1014E-05  1.7782E-05
  1.3385E-03  3.1716E-06  1.1219E-05  1.8114E-05
  1.3510E-03  3.2309E-06  1.1429E-05  1.8451E-05
  1.3635E-03  3.2913E-06  1.1642E-05  1.8795E-05
  1.3762E-03  3.3529E-06  1.1859E-05  1.9145E-05
  1.3890E-03  3.4156E-06  1.2080E-05  1.9502E-05
  1.4020E-03  3.4794E-06  1.2305E-05  1.9865E-05
  1.4150E-03  3.5445E-06  1.2534E-05  2.0235E-05
  1.4282E-03  3.6108E-06  1.2767E-05  2.0612E-05
  1.4415E-03  3.6783E-06  1.3005E-05  2.0996E-05
  1.4549E-03  3.7471E-06  1.3248E-05  2.1387E-05
  1.4684E-03  3.8172E-06  1.3494E-05  2.1785E-05
  1.4821E-03  3.8886E-06  1.3746E-05  2.2191E-05
  1.4959E-03  3.9613E-06  1.4002E-05  2.2604E-05
  1.5098E-03  4.0354E-06  1.4263E-05  2.3025E-05
  1.5239E-03  4.1108E-06  1.4528E-05  2.3454E-05
  1.5380E-03  4.1877E-06  1.4799E-05  2.3891E-05
  1.5524E-03  4.2660E-06  1.5075E-05  2.4335E-05
  1.5668E-03  4.3458E-06  1.5355E-05  2.4789E-05
  1.5814E-03  4.4270E-06  1.5641E-05  2.5250E-05
  1.5961E-03  4.5098E-06  1.5933E-05  2.5720E-05
  1.6110E-03  4.5941E-06  1.6230E-05  2.6199E-05
  1.6260E-03  4.6800E-06  1.6532E-05  2.6687E-05
  1.6411E-03  4.7676E-06  1.6840E-05  2.7183E-05
  1.6564E-03  4.8567E-06  1.7153E-05  2.7689E-05
  1.6718E-03  4.9475E-06  1.7473E-05  2.8205E-05
  1.6873E-03  5.0400E-06  1.7798E-05  2.8730E-05
  1.7030E-03  5.1343E-06  1.8129E-05  2.9264E-05
  1.7189E-03  5.2303E-06  1.8467E-05  2.9809E-05
  1.7349E-03  5.3281E-06  1.8811E-05  3.0364E-05
  1.7510E-03  5.4277E-06  1.9161E-05  3.0929E-05
  1.7673E-03  5.5292E-06  1.9517E-05  3.1504E-05
  1.7838E-03  5.6326E-06  1.9881E-05  3.2090E-05
  1.8004E-03  5.7379E-06  2.0251E-05  3.2687E-05
  1.8171E-03  5.8452E-06  2.0628E-05  3.3296E-05
  1.8340E-03  5.9545E-06  2.1012E-05  3.3915E-05
  1.8511E-03  6.0658E-06  2.1403E-05  3.4546E-05
  1.8683E-03  6.1792E-06  2.1801E-05  3.5188E-05
  1.8857E-03  6.2947E-06  2.2207E-05  3.5843E-05
  1.9032E-03  6.4124E-06  2.2620E-05  3.6510E-05
  1.9210E-03  6.5323E-06  2.3041E-05  3.7189E-05
  1.9388E-03  6.6545E-06  2.3469E-05  3.7880E-05
  1.9569E-03  6.7789E-06  2.3906E-05  3.8585E-05
  1.9751E-03  6.9056E-06  2.4351E-05  3.9302E-05
  1.9935E-03  7.0348E-06  2.4804E-05  4.0033E-05
  2.0120E-03  7.1663E-06  2.5265E-05  4.0777E-05
  2.0307E-03  7.3003E-06  2.5735E-05  4.1535E-05
  2.0496E-03  7.4368E-06  2.6214E-05  4.2308E-05
  2.0687E-03  7.5758E-06  2.6701E-05  4.3094E-05
  2.0880E-03  7.7174E-06  2.7198E-05  4.3895E-05
  2.1074E-03  7.8617E-06  2.7704E-05  4.4711E-05
  2.1270E-03  8.0087E-06  2.8219E-05  4.5542E-05
  2.1468E-03  8.1585E-06  2.8744E-05  4.6389E-05
  2.1668E-03  8.3110E-06  2.9278E-05  4.7251E-05
  2.1869E-03  8.4664E-06  2.9822E-05  4.8129E-05
  2.2073E-03  8.6247E-06  3.0377E-05  4.9023E-05
  2.2278E-03  8.7859E-06  3.0942E-05  4.9934E-05
  2.2485E-03  8.9502E-06  3.1517E-05  5.0862E-05
  2.2695E-03  9.1175E-06  3.2103E-05  5.1807E-05
  2.2906E-03  9.2880E-06  3.2699E-05  5.2769E-05
  2.3119E-03  9.4616E-06  3.3307E-05  5.3750E-05
  2.3334E-03  9.6385E-06  3.3926E-05  5.4748E-05
  2.3551E-03  9.8187E-06  3.4557E-05  5.5765E-05
  2.3770E-03  1.0002E-05  3.5199E-05  5.6801E-05
  2.3991E-03  1.0189E-05  3.5853E-05  5.7856E-05
  2.4215E-03  1.0380E-05  3.6519E-05  5.8930E-05
  2.4440E-03  1.0574E-05  3.7198E-05  6.0024E-05
  2.4667E-03  1.0771E-05  3.7889E-05  6.1139E-05
  2.4897E-03  1.0973E-05  3.8593E-05  6.2274E-05
  2.5128E-03  1.1178E-05  3.9310E-05  6.3430E-05
  2.5362E-03  1.1387E-05  4.0040E-05  6.4608E-05
  2.5598E-03  1.1600E-05  4.0784E-05  6.5807E-05
  2.5836E-03  1.1817E-05  4.1541E-05  6.7029E-05
  2.6077E-03  1.2038E-05  4.2313E-05  6.8273E-05
  2.6319E-03  1.2263E-05  4.3098E-05  6.9540E-05
  2.6564E-03  1.2492E-05  4.3899E-05  7.0830E-05
  2.6811E-03  1.2725E-05  4.4714E-05  7.2145E-05
  2.7061E-03  1.2963E-05  4.5544E-05  7.3484E-05
  2.7313E-03  1.3206E-05  4.6390E-05  7.4847E-05
  2.7567E-03  1.3453E-05  4.7251E-05  7.6236E-05
  2.7823E-03  1.3704E-05  4.8128E-05  7.7650E-05
  2.8082E-03  1.3960E-05  4.9021E-05  7.9090E-05
  2.8343E-03  1.4221E-05  4.9931E-05  8.0557E-05
  2.8607E-03  1.4487E-05  5.0858E-05  8.2051E-05
  2.8873E-03  1.4758E-05  5.1802E-05  8.3573E-05
  2.9142E-03  1.5034E-05  5.2763E-05  8.5123E-05
  2.9413E-03  1.5315E-05  5.3742E-05  8.6701E-05
  2.9687E-03  1.5601E-05  5.4739E-05  8.8309E-05
  2.9963E-03  1.5893E-05  5.5755E-05  8.9946E-05
  3.0242E-03  1.6190E-05  5.6789E-05  9.1614E-05
  3.0523E-03  1.6492E-05  5.7843E-05  9.3312E-05
  3.0807E-03  1.6801E-05  5.8916E-05  9.5041E-05
  3.1094E-03  1.7115E-05  6.0009E-05  9.6803E-05
  3.1383E-03  1.7435E-05  6.1121E-05  9.8597E-05
  3.1675E-03  1.7761E-05  6.2255E-05  1.0042E-04
  3.1970E-03  1.8093E-05  6.3409E-05  1.0228E-04
  3.2267E-03  1.8431E-05  6.4585E-05  1.0418E-04
  3.2567E-03  1.8775E-05  6.5783E-05  1.0611E-04
  3.2870E-03  1.9126E-05  6.7002E-05  1.0808E-04
  3.3176E-03  1.9484E-05  6.8244E-05  1.1008E-04
  3.3485E-03  1.9848E-05  6.9509E-05  1.1212E-04
  3.3796E-03  2.0219E-05  7.0797E-05  1.1419E-04
  3.4111E-03  2.0597E-05  7.2110E-05  1.1631E-04
  3.4428E-03  2.0982E-05  7.3446E-05  1.1846E-04
  3.4748E-03  2.1374E-05  7.4807E-05  1.2065E-04
  3.5072E-03  2.1774E-05  7.6193E-05  1.2289E-04
  3.5398E-03  2.2181E-05  7.7604E-05  1.2516E-04
  3.5727E-03  2.2596E-05  7.9042E-05  1.2748E-04
  3.6060E-03  2.3018E-05  8.0506E-05  1.2984E-04
  3.6395E-03  2.3448E-05  8.1997E-05  1.3224E-04
  3.6734E-03  2.3887E-05  8.3516E-05  1.3469E-04
  3.7075E-03  2.4333E-05  8.5063E-05  1.3718E-04
  3.7420E-03  2.4788E-05  8.6638E-05  1.3972E-04
  3.7768E-03  2.5251E-05  8.8242E-05  1.4230E-04
  3.8120E-03  2.5723E-05  8.9876E-05  1.4493E-04
  3.8474E-03  2.6204E-05  9.1539E-05  1.4762E-04
  3.8832E-03  2.6694E-05  9.3234E-05  1.5035E-04
  3.9194E-03  2.7193E-05  9.4959E-05  1.5313E-04
  3.9558E-03  2.7701E-05  9.6717E-05  1.5596E-04
  3.9926E-03  2.8219E-05  9.8507E-05  1.5884E-04
  4.0298E-03  2.8747E-05  1.0033E-04  1.6178E-04
  4.0673E-03  2.9284E-05  1.0219E-04  1.6477E-04
  4.1051E-03  2.9831E-05  1.0408E-04  1.6781E-04
  4.1433E-03  3.0389E-05  1.0600E-04  1.7091E-04
  4.1818E-03  3.0957E-05  1.0796E-04  1.7407E-04
  4.2207E-03  3.1536E-05  1.0996E-04  1.7729E-04
  4.2600E-03  3.2125E-05  1.1199E-04  1.8056E-04
  4.2996E-03  3.2726E-05  1.1406E-04  1.8390E-04
  4.3396E-03  3.3337E-05  1.1617E-04  1.8729E-04
  4.3800E-03  3.3960E-05  1.1832E-04  1.9075E-04
  4.4208E-03  3.4595E-05  1.2051E-04  1.9427E-04
  4.4619E-03  3.5242E-05  1.2273E-04  1.9786E-04
  4.5034E-03  3.5900E-05  1.2500E-04  2.0151E-04
  4.5453E-03  3.6572E-05  1.2731E-04  2.0523E-04
  4.5876E-03  3.7255E-05  1.2966E-04  2.0902E-04
  4.6302E-03  3.7951E-05  1.3206E-04  2.1288E-04
  4.6733E-03  3.8661E-05  1.3450E-04  2.1681E-04
  4.7168E-03  3.9383E-05  1.3698E-04  2.2081E-04
  4.7607E-03  4.0120E-05  1.3951E-04  2.2488E-04
  4.8050E-03  4.0869E-05  1.4209E-04  2.2903E-04
  4.8497E-03  4.1633E-05  1.4471E-04  2.3325E-04
  4.8948E-03  4.2412E-05  1.4739E-04  2.3755E-04
  4.9403E-03  4.3204E-05  1.5011E-04  2.4193E-04
  4.9863E-03  4.4012E-05  1.5288E-04  2.4639E-04
  5.0327E-03  4.4834E-05  1.5570E-04  2.5094E-04
  5.0795E-03  4.5672E-05  1.5857E-04  2.5556E-04
  5.1267E-03  4.6526E-05  1.6150E-04  2.6027E-04
  5.1744E-03  4.7396E-05  1.6448E-04  2.6507E-04
  5.2226E-03  4.8282E-05  1.6751E-04  2.6995E-04
  5.2711E-03  4.9184E-05  1.7060E-04  2.7492E-04
  5.3202E-03  5.0103E-05  1.7375E-04  2.7999E-04
  5.3697E-03  5.1040E-05  1.7695E-04  2.8514E-04
  5.4196E-03  5.1994E-05  1.8021E-04  2.9039E-04
  5.4700E-03  5.2966E-05  1.8354E-04  2.9574E-04
  5.5209E-03  5.3956E-05  1.8692E-04  3.0118E-04
  5.5723E-03  5.4964E-05  1.9036E-04  3.0673E-04
  5.6241E-03  5.5991E-05  1.9387E-04  3.1237E-04
  5.6764E-03  5.7038E-05  1.9744E-04  3.1812E-04
  5.7292E-03  5.8104E-05  2.0108E-04  3.2397E-04
  5.7825E-03  5.9190E-05  2.0479E-04  3.2993E-04
  5.8363E-03  6.0296E-05  2.0856E-04  3.3600E-04
  5.8906E-03  6.1423E-05  2.1240E-04  3.4218E-04
  5.9454E-03  6.2571E-05  2.1631E-04  3.4847E-04
  6.0007E-03  6.3741E-05  2.2029E-04  3.5487E-04
  6.0565E-03  6.4932E-05  2.2435E-04  3.6140E-04
  6.1129E-03  6.6145E-05  2.2848E-04  3.6804E-04
  6.1697E-03  6.7382E-05  2.3268E-04  3.7480E-04
  6.2271E-03  6.8641E-05  2.3696E-04  3.8169E-04
  6.2851E-03  6.9924E-05  2.4132E-04  3.8870E-04
  6.3435E-03  7.1231E-05  2.4576E-04  3.9584E-04
  6.4025E-03  7.2562E-05  2.5028E-04  4.0311E-04
  6.4621E-03  7.3918E-05  2.5488E-04  4.1051E-04
  6.5222E-03  7.5300E-05  2.5957E-04  4.1804E-04
  6.5829E-03  7.6707E-05  2.6434E-04  4.2571E-04
  6.6441E-03  7.8141E-05  2.6920E-04  4.3353E-04
  6.7059E-03  7.9601E-05  2.7415E-04  4.4148E-04
  6.7683E-03  8.1089E-05  2.7918E-04  4.4958E-04
  6.8313E-03  8.2605E-05  2.8431E-04  4.5782E-04
  6.8948E-03  8.4148E-05  2.8953E-04  4.6622E-04
  6.9589E-03  8.5721E-05  2.9485E-04  4.7477E-04
  7.0237E-03  8.7323E-05  3.0027E-04  4.8347E-04
  7.0890E-03  8.8955E-05  3.0578E-04  4.9233E-04
  7.1550E-03  9.0618E-05  3.1139E-04  5.0135E-04
  7.2215E-03  9.2311E-05  3.1711E-04  5.1054E-04
  7.2887E-03  9.4036E-05  3.2293E-04  5.1989E-04
  7.3565E-03  9.5794E-05  3.2885E-04  5.2941E-04
  7.4249E-03  9.7584E-05  3.3488E-04  5.3910E-04
  7.4940E-03  9.9408E-05  3.4103E-04  5.4897E-04
  7.5637E-03  1.0127E-04  3.4728E-04  5.5902E-04
  7.6341E-03  1.0316E-04  3.5365E-04  5.6925E-04
  7.7051E-03  1.0509E-04  3.6013E-04  5.7967E-04
  7.7767E-03  1.0705E-04  3.6673E-04  5.9027E-04
  7.8491E-03  1.0905E-04  3.7345E-04  6.0106E-04
  7.9221E-03  1.1109E-04  3.8029E-04  6.1206E-04
  7.9958E-03  1.1316E-04  3.8726E-04  6.2324E-04
  8.0702E-03  1.1528E-04  3.9435E-04  6.3464E-04
  8.1452E-03  1.1743E-04  4.0157E-04  6.4623E-04
  8.2210E-03  1.1963E-04  4.0892E-04  6.5804E-04
  8.2975E-03  1.2186E-04  4.1641E-04  6.7006E-04
  8.3747E-03  1.2414E-04  4.2403E-04  6.8230E-04
  8.4526E-03  1.2646E-04  4.3179E-04  6.9475E-04
  8.5312E-03  1.2883E-04  4.3969E-04  7.0743E-04
  8.6105E-03  1.3123E-04  4.4773E-04  7.2034E-04
  8.6906E-03  1.3369E-04  4.5591E-04  7.3349E-04
  8.7715E-03  1.3618E-04  4.6425E-04  7.4687E-04
  8.8531E-03  1.3873E-04  4.7274E-04  7.6049E-04
  8.9354E-03  1.4132E-04  4.8137E-04  7.7436E-04
  9.0185E-03  1.4396E-04  4.9017E-04  7.8847E-04
  9.1024E-03  1.4665E-04  4.9912E-04  8.0284E-04
  9.1871E-03  1.4939E-04  5.0824E-04  8.1747E-04
  9.2725E-03  1.5219E-04  5.1752E-04  8.3236E-04
  9.3588E-03  1.5503E-04  5.2697E-04  8.4752E-04
  9.4459E-03  1.5793E-04  5.3658E-04  8.6295E-04
  9.5337E-03  1.6088E-04  5.4637E-04  8.7866E-04
  9.6224E-03  1.6388E-04  5.5634E-04  8.9465E-04
  9.7119E-03  1.6695E-04  5.6649E-04  9.1093E-04
  9.8022E-03  1.7007E-04  5.7682E-04  9.2749E-04
  9.8934E-03  1.7324E-04  5.8734E-04  9.4436E-04
  9.9854E-03  1.7648E-04  5.9804E-04  9.6153E-04
  1.0078E-02  1.7978E-04  6.0894E-04  9.7900E-04
  1.0172E-02  1.8314E-04  6.2003E-04  9.9679E-04
  1.0267E-02  1.8656E-04  6.3132E-04  1.0149E-03
  1.0362E-02  1.9005E-04  6.4282E-04  1.0333E-03
  1.0459E-02  1.9360E-04  6.5452E-04  1.0521E-03
  1.0556E-02  1.9722E-04  6.6644E-04  1.0712E-03
  1.0654E-02  2.0090E-04  6.7856E-04  1.0906E-03
  1.0753E-02  2.0466E-04  6.9091E-04  1.1104E-03
  1.0853E-02  2.0848E-04  7.0347E-04  1.1306E-03
  1.0954E-02  2.1238E-04  7.1626E-04  1.1510E-03
  1.1056E-02  2.1634E-04  7.2928E-04  1.1719E-03
  1.1159E-02  2.2039E-04  7.4254E-04  1.1931E-03
  1.1263E-02  2.2451E-04  7.5603E-04  1.2148E-03
  1.1367E-02  2.2870E-04  7.6976E-04  1.2368E-03
  1.1473E-02  2.3297E-04  7.8374E-04  1.2592E-03
  1.1580E-02  2.3733E-04  7.9796E-04  1.2819E-03
  1.1688E-02  2.4176E-04  8.1245E-04  1.3051E-03
  1.1796E-02  2.4628E-04  8.2719E-04  1.3287E-03
  1.1906E-02  2.5088E-04  8.4219E-04  1.3528E-03
  1.2017E-02  2.5557E-04  8.5746E-04  1.3772E-03
  1.2129E-02  2.6034E-04  8.7301E-04  1.4021E-03
  1.2241E-02  2.6521E-04  8.8883E-04  1.4274E-03
  1.2355E-02  2.7016E-04  9.0494E-04  1.4532E-03
  1.2470E-02  2.7521E-04  9.2133E-04  1.4795E-03
  1.2586E-02  2.8036E-04  9.3801E-04  1.5062E-03
  1.2703E-02  2.8559E-04  9.5499E-04  1.5333E-03
  1.2821E-02  2.9093E-04  9.7227E-04  1.5610E-03
  1.2941E-02  2.9637E-04  9.8987E-04  1.5891E-03
  1.3061E-02  3.0190E-04  1.0078E-03  1.6178E-03
  1.3183E-02  3.0754E-04  1.0260E-03  1.6469E-03
  1.3305E-02  3.1329E-04  1.0445E-03  1.6766E-03
  1.3429E-02  3.1914E-04  1.0634E-03  1.7068E-03
  1.3554E-02  3.2511E-04  1.0826E-03  1.7375E-03
  1.3680E-02  3.3118E-04  1.1022E-03  1.7688E-03
  1.3807E-02  3.3737E-04  1.1221E-03  1.8006E-03
  1.3936E-02  3.4367E-04  1.1423E-03  1.8330E-03
  1.4065E-02  3.5009E-04  1.1629E-03  1.8659E-03
  1.4196E-02  3.5663E-04  1.1839E-03  1.8994E-03
  1.4328E-02  3.6330E-04  1.2053E-03  1.9336E-03
  1.4461E-02  3.7008E-04  1.2270E-03  1.9683E-03
  1.4596E-02  3.7700E-04  1.2491E-03  2.0036E-03
  1.4732E-02  3.8404E-04  1.2716E-03  2.0395E-03
  1.4869E-02  3.9122E-04  1.2945E-03  2.0761E-03
  1.5007E-02  3.9853E-04  1.3178E-03  2.1133E-03
  1.5147E-02  4.0597E-04  1.3415E-03  2.1512E-03
  1.5287E-02  4.1356E-04  1.3656E-03  2.1897E-03
  1.5430E-02  4.2128E-04  1.3902E-03  2.2290E-03
  1.5573E-02  4.2915E-04  1.4152E-03  2.2689E-03
  1.5718E-02  4.3717E-04  1.4406E-03  2.3094E-03
  1.5864E-02  4.4534E-04  1.4665E-03  2.3507E-03
  1.6012E-02  4.5366E-04  1.4928E-03  2.3928E-03
  1.6161E-02  4.6213E-04  1.5196E-03  2.4355E-03
  1.6311E-02  4.7077E-04  1.5468E-03  2.4790E-03
  1.6463E-02  4.7956E-04  1.5746E-03  2.5233E-03
  1.6616E-02  4.8852E-04  1.6028E-03  2.5683E-03
  1.6770E-02  4.9764E-04  1.6315E-03  2.6141E-03
  1.6926E-02  5.0694E-04  1.6608E-03  2.6608E-03
  1.7084E-02  5.1641E-04  1.6905E-03  2.7082E-03
  1.7243E-02  5.2606E-04  1.7208E-03  2.7564E-03
  1.7403E-02  5.3588E-04  1.7516E-03  2.8055E-03
  1.7565E-02  5.4589E-04  1.7829E-03  2.8555E-03
  1.7728E-02  5.5609E-04  1.8148E-03  2.9063E-03
  1.7893E-02  5.6648E-04  1.8472E-03  2.9579E-03
  1.8060E-02  5.7706E-04  1.8802E-03  3.0105E-03
  1.8228E-02  5.8784E-04  1.9138E-03  3.0640E-03
  1.8397E-02  5.9882E-04  1.9479E-03  3.1184E-03
  1.8568E-02  6.1001E-04  1.9827E-03  3.1738E-03
  1.8741E-02  6.2140E-04  2.0181E-03  3.2301E-03
  1.8915E-02  6.3301E-04  2.0540E-03  3.2873E-03
  1.9091E-02  6.4483E-04  2.0906E-03  3.3456E-03
  1.9269E-02  6.5687E-04  2.1279E-03  3.4049E-03
  1.9448E-02  6.6914E-04  2.1657E-03  3.4652E-03
  1.9629E-02  6.8164E-04  2.2043E-03  3.5265E-03
  1.9812E-02  6.9437E-04  2.2435E-03  3.5889E-03
  1.9996E-02  7.0734E-04  2.2834E-03  3.6523E-03
  2.0182E-02  7.2055E-04  2.3240E-03  3.7168E-03
  2.0370E-02  7.3401E-04  2.3652E-03  3.7825E-03
  2.0559E-02  7.4772E-04  2.4072E-03  3.8493E-03
  2.0750E-02  7.6168E-04  2.4500E-03  3.9172E-03
  2.0943E-02  7.7591E-04  2.4934E-03  3.9862E-03
  2.1138E-02  7.9040E-04  2.5376E-03  4.0565E-03
  2.1335E-02  8.0516E-04  2.5826E-03  4.1279E-03
  2.1533E-02  8.2019E-04  2.6283E-03  4.2006E-03
  2.1733E-02  8.3551E-04  2.6749E-03  4.2745E-03
  2.1936E-02  8.5111E-04  2.7222E-03  4.3497E-03
  2.2140E-02  8.6701E-04  2.7703E-03  4.4261E-03
  2.2345E-02  8.8320E-04  2.8193E-03  4.5038E-03
  2.2553E-02  8.9969E-04  2.8691E-03  4.5829E-03
  2.2763E-02  9.1649E-04  2.9198E-03  4.6633E-03
  2.2975E-02  9.3360E-04  2.9713E-03  4.7450E-03
  2.3189E-02  9.5104E-04  3.0237E-03  4.8282E-03
  2.3404E-02  9.6879E-04  3.0771E-03  4.9127E-03
  2.3622E-02  9.8688E-04  3.1313E-03  4.9987E-03
  2.3842E-02  1.0053E-03  3.1864E-03  5.0861E-03
  2.4063E-02  1.0241E-03  3.2425E-03  5.1750E-03
  2.4287E-02  1.0432E-03  3.2996E-03  5.2654E-03
  2.4513E-02  1.0627E-03  3.3576E-03  5.3573E-03
  2.4741E-02  1.0825E-03  3.4166E-03  5.4508E-03
  2.4971E-02  1.1027E-03  3.4766E-03  5.5458E-03
  2.5204E-02  1.1233E-03  3.5376E-03  5.6425E-03
  2.5438E-02  1.1443E-03  3.5997E-03  5.7407E-03
  2.5675E-02  1.1657E-03  3.6628E-03  5.8406E-03
  2.5913E-02  1.1874E-03  3.7270E-03  5.9422E-03
  2.6154E-02  1.2096E-03  3.7923E-03  6.0454E-03
  2.6398E-02  1.2322E-03  3.8587E-03  6.1504E-03
  2.6643E-02  1.2552E-03  3.9262E-03  6.2571E-03
  2.6891E-02  1.2786E-03  3.9948E-03  6.3657E-03
  2.7141E-02  1.3025E-03  4.0646E-03  6.4760E-03
  2.7394E-02  1.3268E-03  4.1356E-03  6.5881E-03
  2.7648E-02  1.3515E-03  4.2077E-03  6.7021E-03
  2.7906E-02  1.3768E-03  4.2811E-03  6.8180E-03
  2.8165E-02  1.4025E-03  4.3557E-03  6.9358E-03
  2.8427E-02  1.4286E-03  4.4316E-03  7.0556E-03
  2.8691E-02  1.4553E-03  4.5088E-03  7.1773E-03
  2.8958E-02  1.4825E-03  4.5872E-03  7.3011E-03
  2.9228E-02  1.5101E-03  4.6669E-03  7.4268E-03
  2.9500E-02  1.5383E-03  4.7480E-03  7.5547E-03
  2.9774E-02  1.5670E-03  4.8304E-03  7.6847E-03
  3.0051E-02  1.5963E-03  4.9142E-03  7.8167E-03
  3.0330E-02  1.6260E-03  4.9995E-03  7.9510E-03
  3.0612E-02  1.6564E-03  5.0861E-03  8.0874E-03
  3.0897E-02  1.6873E-03  5.1741E-03  8.2261E-03
  3.1185E-02  1.7188E-03  5.2637E-03  8.3671E-03
  3.1475E-02  1.7508E-03  5.3547E-03  8.5103E-03
  3.1767E-02  1.7835E-03  5.4472E-03  8.6559E-03
  3.2063E-02  1.8168E-03  5.5413E-03  8.8038E-03
  3.2361E-02  1.8507E-03  5.6369E-03  8.9542E-03
  3.2662E-02  1.8852E-03  5.7340E-03  9.1070E-03
  3.2966E-02  1.9204E-03  5.8328E-03  9.2622E-03
  3.3273E-02  1.9562E-03  5.9333E-03  9.4200E-03
  3.3582E-02  1.9927E-03  6.0353E-03  9.5803E-03
  3.3894E-02  2.0299E-03  6.1391E-03  9.7432E-03
  3.4210E-02  2.0677E-03  6.2445E-03  9.9088E-03
  3.4528E-02  2.1063E-03  6.3517E-03  1.0077E-02
  3.4849E-02  2.1456E-03  6.4607E-03  1.0248E-02
  3.5173E-02  2.1856E-03  6.5714E-03  1.0421E-02
  3.5500E-02  2.2264E-03  6.6839E-03  1.0598E-02
  3.5830E-02  2.2679E-03  6.7983E-03  1.0777E-02
  3.6164E-02  2.3102E-03  6.9146E-03  1.0959E-02
  3.6500E-02  2.3533E-03  7.0327E-03  1.1144E-02
  3.6840E-02  2.3971E-03  7.1527E-03  1.1332E-02
  3.7182E-02  2.4418E-03  7.2747E-03  1.1523E-02
  3.7528E-02  2.4874E-03  7.3987E-03  1.1717E-02
  3.7877E-02  2.5337E-03  7.5247E-03  1.1914E-02
  3.8229E-02  2.5810E-03  7.6527E-03  1.2114E-02
  3.8585E-02  2.6291E-03  7.7829E-03  1.2318E-02
  3.8944E-02  2.6781E-03  7.9151E-03  1.2524E-02
  3.9306E-02  2.7280E-03  8.0494E-03  1.2734E-02
  3.9672E-02  2.7789E-03  8.1859E-03  1.2947E-02
  4.0041E-02  2.8307E-03  8.3246E-03  1.3163E-02
  4.0413E-02  2.8834E-03  8.4655E-03  1.3383E-02
  4.0789E-02  2.9372E-03  8.6086E-03  1.3606E-02
  4.1168E-02  2.9919E-03  8.7541E-03  1.3833E-02
  4.1551E-02  3.0477E-03  8.9019E-03  1.4063E-02
  4.1938E-02  3.1045E-03  9.0520E-03  1.4297E-02
  4.2328E-02  3.1623E-03  9.2046E-03  1.4534E-02
  4.2722E-02  3.2212E-03  9.3596E-03  1.4775E-02
  4.3119E-02  3.2813E-03  9.5170E-03  1.5020E-02
  4.3520E-02  3.3424E-03  9.6769E-03  1.5269E-02
  4.3925E-02  3.4047E-03  9.8394E-03  1.5521E-02
  4.4333E-02  3.4681E-03  1.0004E-02  1.5778E-02
  4.4746E-02  3.5327E-03  1.0172E-02  1.6038E-02
  4.5162E-02  3.5985E-03  1.0342E-02  1.6302E-02
  4.5582E-02  3.6655E-03  1.0515E-02  1.6570E-02
  4.6006E-02  3.7338E-03  1.0691E-02  1.6843E-02
  4.6434E-02  3.8033E-03  1.0869E-02  1.7119E-02
  4.6866E-02  3.8741E-03  1.1051E-02  1.7400E-02
  4.7302E-02  3.9463E-03  1.1235E-02  1.7685E-02
  4.7742E-02  4.0197E-03  1.1422E-02  1.7974E-02
  4.8186E-02  4.0946E-03  1.1612E-02  1.8267E-02
  4.8634E-02  4.1708E-03  1.1804E-02  1.8565E-02
  4.9086E-02  4.2484E-03  1.2000E-02  1.8868E-02
  4.9543E-02  4.3275E-03  1.2199E-02  1.9175E-02
  5.0004E-02  4.4080E-03  1.2401E-02  1.9487E-02
  5.0469E-02  4.4901E-03  1.2606E-02  1.9803E-02
  5.0938E-02  4.5736E-03  1.2814E-02  2.0124E-02
  5.1412E-02  4.6587E-03  1.3026E-02  2.0450E-02
  5.1890E-02  4.7454E-03  1.3240E-02  2.0780E-02
  5.2373E-02  4.8337E-03  1.3458E-02  2.1116E-02
  5.2860E-02  4.9236E-03  1.3680E-02  2.1456E-02
  5.3351E-02  5.0152E-03  1.3905E-02  2.1801E-02
  5.3848E-02  5.1085E-03  1.4133E-02  2.2152E-02
  5.4348E-02  5.2035E-03  1.4364E-02  2.2507E-02
  5.4854E-02  5.3003E-03  1.4600E-02  2.2868E-02
  5.5364E-02  5.3988E-03  1.4838E-02  2.3234E-02
  5.5879E-02  5.4992E-03  1.5081E-02  2.3606E-02
  5.6399E-02  5.6014E-03  1.5327E-02  2.3982E-02
  5.6923E-02  5.7056E-03  1.5576E-02  2.4365E-02
  5.7453E-02  5.8116E-03  1.5830E-02  2.4752E-02
  5.7987E-02  5.9196E-03  1.6087E-02  2.5146E-02
  5.8527E-02  6.0296E-03  1.6348E-02  2.5545E-02
  5.9071E-02  6.1417E-03  1.6614E-02  2.5949E-02
  5.9620E-02  6.2558E-03  1.6883E-02  2.6360E-02
  6.0175E-02  6.3720E-03  1.7156E-02  2.6776E-02
  6.0735E-02  6.4904E-03  1.7433E-02  2.7198E-02
  6.1300E-02  6.6109E-03  1.7714E-02  2.7626E-02
  6.1870E-02  6.7337E-03  1.8000E-02  2.8060E-02
  6.2445E-02  6.8587E-03  1.8289E-02  2.8501E-02
  6.3026E-02  6.9861E-03  1.8583E-02  2.8947E-02
  6.3612E-02  7.1158E-03  1.8882E-02  2.9400E-02
  6.4204E-02  7.2479E-03  1.9184E-02  2.9859E-02
  6.4801E-02  7.3824E-03  1.9491E-02  3.0324E-02
  6.5404E-02  7.5194E-03  1.9803E-02  3.0796E-02
  6.6012E-02  7.6589E-03  2.0119E-02  3.1274E-02
  6.6626E-02  7.8010E-03  2.0440E-02  3.1759E-02
  6.7246E-02  7.9457E-03  2.0766E-02  3.2251E-02
  6.7871E-02  8.0931E-03  2.1096E-02  3.2749E-02
  6.8502E-02  8.2432E-03  2.1431E-02  3.3254E-02
  6.9140E-02  8.3960E-03  2.1771E-02  3.3766E-02
  6.9783E-02  8.5517E-03  2.2115E-02  3.4285E-02
  7.0432E-02  8.7102E-03  2.2465E-02  3.4811E-02
  7.1087E-02  8.8716E-03  2.2820E-02  3.5344E-02
  7.1748E-02  9.0360E-03  2.3180E-02  3.5884E-02
  7.2415E-02  9.2034E-03  2.3545E-02  3.6431E-02
  7.3089E-02  9.3739E-03  2.3915E-02  3.6986E-02
  7.3769E-02  9.5476E-03  2.4290E-02  3.7547E-02
  7.4455E-02  9.7244E-03  2.4671E-02  3.8117E-02
  7.5147E-02  9.9044E-03  2.5057E-02  3.8694E-02
  7.5846E-02  1.0088E-02  2.5449E-02  3.9278E-02
  7.6552E-02  1.0274E-02  2.5846E-02  3.9870E-02
  7.7264E-02  1.0465E-02  2.6248E-02  4.0470E-02
  7.7982E-02  1.0658E-02  2.6657E-02  4.1077E-02
  7.8708E-02  1.0855E-02  2.7071E-02  4.1693E-02
  7.9440E-02  1.1056E-02  2.7490E-02  4.2316E-02
  8.0179E-02  1.1261E-02  2.7916E-02  4.2947E-02
  8.0924E-02  1.1469E-02  2.8348E-02  4.3587E-02
  8.1677E-02  1.1681E-02  2.8785E-02  4.4234E-02
  8.2437E-02  1.1897E-02  2.9229E-02  4.4890E-02
  8.3204E-02  1.2117E-02  2.9678E-02  4.5554E-02
  8.3977E-02  1.2340E-02  3.0134E-02  4.6226E-02
  8.4759E-02  1.2568E-02  3.0596E-02  4.6906E-02
  8.5547E-02  1.2800E-02  3.1065E-02  4.7595E-02
  8.6343E-02  1.3037E-02  3.1539E-02  4.8293E-02
  8.7146E-02  1.3277E-02  3.2021E-02  4.8999E-02
  8.7956E-02  1.3522E-02  3.2508E-02  4.9714E-02
  8.8774E-02  1.3772E-02  3.3003E-02  5.0438E-02
  8.9600E-02  1.4026E-02  3.3504E-02  5.1170E-02
  9.0433E-02  1.4284E-02  3.4011E-02  5.1911E-02
  9.1274E-02  1.4548E-02  3.4526E-02  5.2662E-02
  9.2123E-02  1.4816E-02  3.5047E-02  5.3421E-02
  9.2980E-02  1.5089E-02  3.5575E-02  5.4189E-02
  9.3845E-02  1.5367E-02  3.6111E-02  5.4966E-02
  9.4718E-02  1.5650E-02  3.6653E-02  5.5753E-02
  9.5599E-02  1.5938E-02  3.7202E-02  5.6548E-02
  9.6488E-02  1.6231E-02  3.7759E-02  5.7353E-02
  9.7386E-02  1.6530E-02  3.8323E-02  5.8168E-02
  9.8291E-02  1.6834E-02  3.8895E-02  5.8991E-02
  9.9206E-02  1.7143E-02  3.9473E-02  5.9825E-02
  1.0013E-01  1.7459E-02  4.0060E-02  6.0667E-02
  1.0106E-01  1.7779E-02  4.0654E-02  6.1520E-02
  1.0200E-01  1.8106E-02  4.1255E-02  6.2381E-02
  1.0295E-01  1.8439E-02  4.1865E-02  6.3253E-02
  1.0391E-01  1.8777E-02  4.2482E-02  6.4134E-02
  1.0487E-01  1.9122E-02  4.3107E-02  6.5025E-02
  1.0585E-01  1.9473E-02  4.3740E-02  6.5926E-02
  1.0683E-01  1.9830E-02  4.4381E-02  6.6837E-02
  1.0783E-01  2.0193E-02  4.5030E-02  6.7758E-02
  1.0883E-01  2.0564E-02  4.5687E-02  6.8689E-02
  1.0984E-01  2.0940E-02  4.6353E-02  6.9629E-02
  1.1086E-01  2.1324E-02  4.7027E-02  7.0580E-02
  1.1189E-01  2.1714E-02  4.7709E-02  7.1541E-02
  1.1293E-01  2.2112E-02  4.8400E-02  7.2512E-02
  1.1398E-01  2.2516E-02  4.9100E-02  7.3493E-02
  1.1504E-01  2.2928E-02  4.9808E-02  7.4484E-02
  1.1611E-01  2.3347E-02  5.0525E-02  7.5486E-02
  1.1719E-01  2.3774E-02  5.1250E-02  7.6497E-02
  1.1829E-01  2.4208E-02  5.1985E-02  7.7519E-02
  1.1939E-01  2.4650E-02  5.2728E-02  7.8552E-02
  1.2050E-01  2.5100E-02  5.3481E-02  7.9595E-02
  1.2162E-01  2.5558E-02  5.4242E-02  8.0648E-02
  1.2275E-01  2.6024E-02  5.5013E-02  8.1711E-02
  1.2389E-01  2.6498E-02  5.5793E-02  8.2785E-02
  1.2504E-01  2.6981E-02  5.6582E-02  8.3869E-02
  1.2620E-01  2.7472E-02  5.7381E-02  8.4964E-02
  1.2738E-01  2.7972E-02  5.8189E-02  8.6069E-02
  1.2856E-01  2.8481E-02  5.9007E-02  8.7185E-02
  1.2976E-01  2.8998E-02  5.9834E-02  8.8311E-02
  1.3097E-01  2.9525E-02  6.0672E-02  8.9448E-02
  1.3218E-01  3.0062E-02  6.1519E-02  9.0595E-02
  1.3341E-01  3.0607E-02  6.2375E-02  9.1753E-02
  1.3465E-01  3.1163E-02  6.3242E-02  9.2921E-02
  1.3591E-01  3.1728E-02  6.4119E-02  9.4099E-02
  1.3717E-01  3.2303E-02  6.5006E-02  9.5288E-02
  1.3845E-01  3.2888E-02  6.5903E-02  9.6488E-02
  1.3973E-01  3.3483E-02  6.6810E-02  9.7698E-02
  1.4103E-01  3.4089E-02  6.7728E-02  9.8918E-02
  1.4235E-01  3.4705E-02  6.8656E-02  1.0015E-01
  1.4367E-01  3.5332E-02  6.9595E-02  1.0139E-01
  1.4501E-01  3.5970E-02  7.0544E-02  1.0264E-01
  1.4635E-01  3.6620E-02  7.1504E-02  1.0390E-01
  1.4772E-01  3.7280E-02  7.2474E-02  1.0518E-01
  1.4909E-01  3.7952E-02  7.3455E-02  1.0646E-01
  1.5048E-01  3.8636E-02  7.4448E-02  1.0775E-01
  1.5188E-01  3.9331E-02  7.5451E-02  1.0905E-01
  1.5329E-01  4.0038E-02  7.6465E-02  1.1037E-01
  1.5471E-01  4.0758E-02  7.7490E-02  1.1169E-01
  1.5615E-01  4.1490E-02  7.8526E-02  1.1302E-01
  1.5761E-01  4.2235E-02  7.9574E-02  1.1437E-01
  1.5907E-01  4.2992E-02  8.0633E-02  1.1572E-01
  1.6055E-01  4.3763E-02  8.1703E-02  1.1708E-01
  1.6204E-01  4.4546E-02  8.2785E-02  1.1846E-01
  1.6355E-01  4.5343E-02  8.3878E-02  1.1984E-01
  1.6507E-01  4.6154E-02  8.4983E-02  1.2123E-01
  1.6661E-01  4.6979E-02  8.6099E-02  1.2263E-01
  1.6816E-01  4.7817E-02  8.7227E-02  1.2404E-01
  1.6972E-01  4.8670E-02  8.8367E-02  1.2547E-01
  1.7130E-01  4.9537E-02  8.9519E-02  1.2690E-01
  1.7289E-01  5.0419E-02  9.0683E-02  1.2834E-01
  1.7450E-01  5.1316E-02  9.1859E-02  1.2978E-01
  1.7612E-01  5.2228E-02  9.3047E-02  1.3124E-01
  1.7776E-01  5.3155E-02  9.4248E-02  1.3271E-01
  1.7942E-01  5.4098E-02  9.5460E-02  1.3418E-01
  1.8109E-01  5.5057E-02  9.6685E-02  1.3567E-01
  1.8277E-01  5.6032E-02  9.7922E-02  1.3716E-01
  1.8447E-01  5.7023E-02  9.9171E-02  1.3866E-01
  1.8619E-01  5.8030E-02  1.0043E-01  1.4017E-01
  1.8792E-01  5.9054E-02  1.0171E-01  1.4169E-01
  1.8966E-01  6.0096E-02  1.0300E-01  1.4322E-01
  1.9143E-01  6.1154E-02  1.0430E-01  1.4475E-01
  1.9321E-01  6.2230E-02  1.0561E-01  1.4629E-01
  1.9501E-01  6.3324E-02  1.0693E-01  1.4784E-01
  1.9682E-01  6.4436E-02  1.0827E-01  1.4940E-01
  1.9865E-01  6.5566E-02  1.0962E-01  1.5097E-01
  2.0050E-01  6.6714E-02  1.1099E-01  1.5254E-01
  2.0236E-01  6.7881E-02  1.1237E-01  1.5412E-01
  2.0425E-01  6.9067E-02  1.1376E-01  1.5570E-01
  2.0615E-01  7.0273E-02  1.1516E-01  1.5730E-01
  2.0806E-01  7.1497E-02  1.1658E-01  1.5890E-01
  2.1000E-01  7.2742E-02  1.1801E-01  1.6050E-01
  2.1195E-01  7.4007E-02  1.1945E-01  1.6212E-01
  2.1392E-01  7.5292E-02  1.2091E-01  1.6373E-01
  2.1591E-01  7.6597E-02  1.2238E-01  1.6536E-01
  2.1792E-01  7.7924E-02  1.2387E-01  1.6699E-01
  2.1995E-01  7.9271E-02  1.2537E-01  1.6862E-01
  2.2199E-01  8.0640E-02  1.2688E-01  1.7027E-01
  2.2406E-01  8.2031E-02  1.2841E-01  1.7191E-01
  2.2614E-01  8.3443E-02  1.2995E-01  1.7356E-01
  2.2824E-01  8.4878E-02  1.3150E-01  1.7522E-01
  2.3037E-01  8.6335E-02  1.3307E-01  1.7688E-01
  2.3251E-01  8.7814E-02  1.3465E-01  1.7854E-01
  2.3467E-01  8.9317E-02  1.3625E-01  1.8021E-01
  2.3686E-01  9.0843E-02  1.3786E-01  1.8188E-01
  2.3906E-01  9.2393E-02  1.3948E-01  1.8356E-01
  2.4128E-01  9.3967E-02  1.4112E-01  1.8524E-01
  2.4353E-01  9.5564E-02  1.4277E-01  1.8692E-01
  2.4579E-01  9.7186E-02  1.4444E-01  1.8860E-01
  2.4808E-01  9.8833E-02  1.4612E-01  1.9029E-01
  2.5038E-01  1.0050E-01  1.4782E-01  1.9198E-01
  2.5271E-01  1.0220E-01  1.4953E-01  1.9367E-01
  2.5506E-01  1.0392E-01  1.5125E-01  1.9537E-01
  2.5744E-01  1.0567E-01  1.5299E-01  1.9706E-01
  2.5983E-01  1.0745E-01  1.5475E-01  1.9876E-01
  2.6225E-01  1.0925E-01  1.5652E-01  2.0046E-01
  2.6469E-01  1.1107E-01  1.5830E-01  2.0216E-01
  2.6715E-01  1.1293E-01  1.6010E-01  2.0386E-01
  2.6963E-01  1.1481E-01  1.6192E-01  2.0556E-01
  2.7214E-01  1.1672E-01  1.6375E-01  2.0726E-01
  2.7467E-01  1.1865E-01  1.6559E-01  2.0896E-01
  2.7723E-01  1.2062E-01  1.6745E-01  2.1066E-01
  2.7981E-01  1.2261E-01  1.6932E-01  2.1235E-01
  2.8241E-01  1.2463E-01  1.7121E-01  2.1405E-01
  2.8503E-01  1.2668E-01  1.7312E-01  2.1575E-01
  2.8769E-01  1.2876E-01  1.7504E-01  2.1744E-01
  2.9036E-01  1.3087E-01  1.7697E-01  2.1913E-01
  2.9306E-01  1.3301E-01  1.7892E-01  2.2083E-01
  2.9579E-01  1.3517E-01  1.8089E-01  2.2251E-01
  2.9854E-01  1.3737E-01  1.8287E-01  2.2420E-01
  3.0132E-01  1.3960E-01  1.8486E-01  2.2588E-01
  3.0412E-01  1.4186E-01  1.8688E-01  2.2756E-01
  3.0695E-01  1.4414E-01  1.8890E-01  2.2924E-01
  3.0980E-01  1.4646E-01  1.9095E-01  2.3091E-01
  3.1268E-01  1.4881E-01  1.9300E-01  2.3258E-01
  3.1559E-01  1.5120E-01  1.9508E-01  2.3424E-01
  3.1853E-01  1.5361E-01  1.9717E-01  2.3590E-01
  3.2149E-01  1.5605E-01  1.9927E-01  2.3755E-01
  3.2448E-01  1.5853E-01  2.0139E-01  2.3920E-01
  3.2750E-01  1.6104E-01  2.0353E-01  2.4084E-01
  3.3054E-01  1.6358E-01  2.0568E-01  2.4248E-01
  3.3362E-01  1.6616E-01  2.0785E-01  2.4411E-01
  3.3672E-01  1.6876E-01  2.1004E-01  2.4574E-01
  3.3985E-01  1.7140E-01  2.1224E-01  2.4736E-01
  3.4301E-01  1.7407E-01  2.1446E-01  2.4897E-01
  3.4620E-01  1.7678E-01  2.1669E-01  2.5057E-01
  3.4942E-01  1.7952E-01  2.1894E-01  2.5217E-01
  3.5267E-01  1.8229E-01  2.2120E-01  2.5376E-01
  3.5595E-01  1.8510E-01  2.2348E-01  2.5535E-01
  3.5927E-01  1.8794E-01  2.2578E-01  2.5692E-01
  3.6261E-01  1.9081E-01  2.2809E-01  2.5849E-01
  3.6598E-01  1.9372E-01  2.3042E-01  2.6005E-01
  3.6938E-01  1.9666E-01  2.3277E-01  2.6160E-01
  3.7282E-01  1.9963E-01  2.3513E-01  2.6314E-01
  3.7629E-01  2.0264E-01  2.3751E-01  2.6467E-01
  3.7979E-01  2.0569E-01  2.3990E-01  2.6619E-01
  3.8332E-01  2.0876E-01  2.4232E-01  2.6771E-01
  3.8688E-01  2.1188E-01  2.4474E-01  2.6921E-01
  3.9048E-01  2.1502E-01  2.4719E-01  2.7071E-01
  3.9411E-01  2.1820E-01  2.4965E-01  2.7219E-01
  3.9778E-01  2.2142E-01  2.5213E-01  2.7367E-01
  4.0148E-01  2.2466E-01  2.5462E-01  2.7513E-01
  4.0521E-01  2.2795E-01  2.5713E-01  2.7659E-01
  4.0898E-01  2.3126E-01  2.5966E-01  2.7803E-01
  4.1279E-01  2.3461E-01  2.6220E-01  2.7947E-01
  4.1663E-01  2.3800E-01  2.6477E-01  2.8089E-01
  4.2050E-01  2.4141E-01  2.6734E-01  2.8230E-01
  4.2441E-01  2.4487E-01  2.6994E-01  2.8371E-01
  4.2836E-01  2.4835E-01  2.7255E-01  2.8510E-01
  4.3234E-01  2.5187E-01  2.7518E-01  2.8648E-01
  4.3637E-01  2.5542E-01  2.7783E-01  2.8785E-01
  4.4042E-01  2.5901E-01  2.8049E-01  2.8921E-01
  4.4452E-01  2.6262E-01  2.8317E-01  2.9056E-01
  4.4865E-01  2.6627E-01  2.8587E-01  2.9190E-01
  4.5283E-01  2.6996E-01  2.8858E-01  2.9323E-01
  4.5704E-01  2.7367E-01  2.9131E-01  2.9455E-01
  4.6129E-01  2.7742E-01  2.9406E-01  2.9586E-01
  4.6558E-01  2.8119E-01  2.9683E-01  2.9716E-01
  4.6991E-01  2.8500E-01  2.9961E-01  2.9845E-01
  4.7428E-01  2.8884E-01  3.0242E-01  2.9973E-01
  4.7869E-01  2.9271E-01  3.0523E-01  3.0100E-01
  4.8315E-01  2.9661E-01  3.0807E-01  3.0226E-01
  4.8764E-01  3.0053E-01  3.1092E-01  3.0351E-01
  4.9217E-01  3.0449E-01  3.1379E-01  3.0475E-01
  4.9675E-01  3.0848E-01  3.1668E-01  3.0598E-01
  5.0137E-01  3.1249E-01  3.1959E-01  3.0720E-01
  5.0604E-01  3.1653E-01  3.2251E-01  3.0842E-01
  5.1074E-01  3.2060E-01  3.2545E-01  3.0963E-01
  5.1549E-01  3.2469E-01  3.2841E-01  3.1083E-01
  5.2029E-01  3.2881E-01  3.3139E-01  3.1202E-01
  5.2513E-01  3.3295E-01  3.3438E-01  3.1321E-01
  5.3001E-01  3.3712E-01  3.3739E-01  3.1438E-01
  5.3494E-01  3.4131E-01  3.4042E-01  3.1556E-01
  5.3992E-01  3.4552E-01  3.4346E-01  3.1673E-01
  5.4494E-01  3.4975E-01  3.4653E-01  3.1789E-01
  5.5001E-01  3.5400E-01  3.4961E-01  3.1905E-01
  5.5512E-01  3.5827E-01  3.5270E-01  3.2020E-01
  5.6029E-01  3.6257E-01  3.5581E-01  3.2136E-01
  5.6550E-01  3.6687E-01  3.5894E-01  3.2251E-01
  5.7076E-01  3.7120E-01  3.6209E-01  3.2365E-01
  5.7606E-01  3.7554E-01  3.6525E-01  3.2480E-01
  5.8142E-01  3.7989E-01  3.6842E-01  3.2595E-01
  5.8683E-01  3.8425E-01  3.7162E-01  3.2709E-01
  5.9229E-01  3.8863E-01  3.7482E-01  3.2824E-01
  5.9780E-01  3.9301E-01  3.7804E-01  3.2939E-01
  6.0336E-01  3.9741E-01  3.8128E-01  3.3054E-01
  6.0897E-01  4.0181E-01  3.8453E-01  3.3170E-01
  6.1463E-01  4.0621E-01  3.8779E-01  3.3286E-01
  6.2035E-01  4.1062E-01  3.9106E-01  3.3402E-01
  6.2612E-01  4.1503E-01  3.9435E-01  3.3520E-01
  6.3194E-01  4.1944E-01  3.9765E-01  3.3638E-01
  6.3782E-01  4.2384E-01  4.0096E-01  3.3756E-01
  6.4375E-01  4.2824E-01  4.0427E-01  3.3876E-01
  6.4974E-01  4.3264E-01  4.0760E-01  3.3997E-01
  6.5578E-01  4.3702E-01  4.1093E-01  3.4120E-01
  6.6188E-01  4.4140E-01  4.1427E-01  3.4243E-01
  6.6804E-01  4.4576E-01  4.1762E-01  3.4368E-01
  6.7425E-01  4.5010E-01  4.2096E-01  3.4495E-01
  6.8053E-01  4.5443E-01  4.2432E-01  3.4623E-01
  6.8685E-01  4.5873E-01  4.2767E-01  3.4754E-01
  6.9324E-01  4.6301E-01  4.3102E-01  3.4886E-01
  6.9969E-01  4.6726E-01  4.3437E-01  3.5021E-01
  7.0620E-01  4.7148E-01  4.3772E-01  3.5158E-01
  7.1277E-01  4.7567E-01  4.4106E-01  3.5298E-01
  7.1940E-01  4.7982E-01  4.4440E-01  3.5440E-01
  7.2609E-01  4.8393E-01  4.4772E-01  3.5585E-01
  7.3284E-01  4.8800E-01  4.5104E-01  3.5734E-01
  7.3966E-01  4.9202E-01  4.5434E-01  3.5885E-01
  7.4654E-01  4.9599E-01  4.5762E-01  3.6040E-01
  7.5348E-01  4.9990E-01  4.6089E-01  3.6199E-01
  7.6049E-01  5.0376E-01  4.6414E-01  3.6362E-01
  7.6756E-01  5.0755E-01  4.6736E-01  3.6529E-01
  7.7470E-01  5.1128E-01  4.7056E-01  3.6700E-01
  7.8191E-01  5.1494E-01  4.7372E-01  3.6876E-01
  7.8918E-01  5.1853E-01  4.7686E-01  3.7056E-01
  7.9652E-01  5.2204E-01  4.7996E-01  3.7242E-01
  8.0393E-01  5.2547E-01  4.8303E-01  3.7433E-01
  8.1140E-01  5.2881E-01  4.8605E-01  3.7629E-01
  8.1895E-01  5.3206E-01  4.8903E-01  3.7832E-01
  8.2657E-01  5.3522E-01  4.9196E-01  3.8040E-01
  8.3426E-01  5.3829E-01  4.9485E-01  3.8256E-01
  8.4202E-01  5.4125E-01  4.9768E-01  3.8477E-01
  8.4985E-01  5.4410E-01  5.0045E-01  3.8706E-01
  8.5775E-01  5.4685E-01  5.0317E-01  3.8942E-01
  8.6573E-01  5.4949E-01  5.0583E-01  3.9186E-01
  8.7378E-01  5.5202E-01  5.0842E-01  3.9438E-01
  8.8191E-01  5.5442E-01  5.1095E-01  3.9699E-01
  8.9011E-01  5.5671E-01  5.1341E-01  3.9968E-01
  8.9839E-01  5.5888E-01  5.1580E-01  4.0247E-01
  9.0675E-01  5.6093E-01  5.1812E-01  4.0535E-01
  9.1518E-01  5.6285E-01  5.2037E-01  4.0832E-01
  9.2369E-01  5.6465E-01  5.2254E-01  4.1141E-01
  9.3228E-01  5.6632E-01  5.2464E-01  4.1460E-01
  9.4095E-01  5.6787E-01  5.2667E-01  4.1791E-01
  9.4971E-01  5.6930E-01  5.2863E-01  4.2133E-01
  9.5854E-01  5.7061E-01  5.3051E-01  4.2488E-01
  9.6745E-01  5.7181E-01  5.3233E-01  4.2855E-01
  9.7645E-01  5.7289E-01  5.3409E-01  4.3236E-01
  9.8554E-01  5.7387E-01  5.3578E-01  4.3630E-01
  9.9470E-01  5.7474E-01  5.3742E-01  4.4039E-01
  1.0040E+00  5.7553E-01  5.3900E-01  4.4463E-01
  1.0133E+00  5.7622E-01  5.4055E-01  4.4903E-01
  1.0227E+00  5.7685E-01  5.4206E-01  4.5359E-01
  1.0322E+00  5.7741E-01  5.4354E-01  4.5831E-01
  1.0418E+00  5.7793E-01  5.4502E-01  4.6322E-01
  1.0515E+00  5.7841E-01  5.4649E-01  4.6830E-01
  1.0613E+00  5.7887E-01  5.4797E-01  4.7358E-01
  1.0712E+00  5.7933E-01  5.4949E-01  4.7906E-01
  1.0811E+00  5.7981E-01  5.5104E-01  4.8474E-01
  1.0912E+00  5.8034E-01  5.5267E-01  4.9063E-01
  1.1013E+00  5.8093E-01  5.5438E-01  4.9675E-01
  1.1116E+00  5.8161E-01  5.5619E-01  5.0310E-01
  1.1219E+00  5.8241E-01  5.5814E-01  5.0969E-01
  1.1324E+00  5.8336E-01  5.6025E-01  5.1654E-01
  1.1429E+00  5.8449E-01  5.6254E-01  5.2364E-01
  1.1535E+00  5.8584E-01  5.6505E-01  5.3102E-01
  1.1642E+00  5.8743E-01  5.6780E-01  5.3868E-01
  1.1751E+00  5.8932E-01  5.7084E-01  5.4663E-01
  1.1860E+00  5.9153E-01  5.7420E-01  5.5489E-01
  1.1970E+00  5.9410E-01  5.7790E-01  5.6347E-01
  1.2082E+00  5.9709E-01  5.8201E-01  5.7238E-01
  1.2194E+00  6.0053E-01  5.8654E-01  5.8164E-01
  1.2307E+00  6.0447E-01  5.9155E-01  5.9126E-01
  1.2422E+00  6.0895E-01  5.9708E-01  6.0126E-01
  1.2537E+00  6.1402E-01  6.0316E-01  6.1165E-01
  1.2654E+00  6.1974E-01  6.0985E-01  6.2244E-01
  1.2772E+00  6.2614E-01  6.1719E-01  6.3366E-01
  1.2891E+00  6.3327E-01  6.2521E-01  6.4532E-01
  1.3010E+00  6.4118E-01  6.3398E-01  6.5745E-01
  1.3131E+00  6.4992E-01  6.4352E-01  6.7006E-01
  1.3254E+00  6.5952E-01  6.5388E-01  6.8317E-01
  1.3377E+00  6.7004E-01  6.6510E-01  6.9680E-01
  1.3501E+00  6.8151E-01  6.7722E-01  7.1099E-01
  1.3627E+00  6.9396E-01  6.9028E-01  7.2574E-01
  1.3754E+00  7.0744E-01  7.0430E-01  7.4109E-01
  1.3882E+00  7.2196E-01  7.1932E-01  7.5706E-01
  1.4011E+00  7.3757E-01  7.3537E-01  7.7369E-01
  1.4141E+00  7.5427E-01  7.5246E-01  7.9099E-01
  1.4273E+00  7.7210E-01  7.7063E-01  8.0900E-01
  1.4405E+00  7.9105E-01  7.8988E-01  8.2776E-01
  1.4539E+00  8.1115E-01  8.1023E-01  8.4729E-01
  1.4674E+00  8.3239E-01  8.3168E-01  8.6764E-01
  1.4811E+00  8.5479E-01  8.5425E-01  8.8883E-01
  1.4949E+00  8.7834E-01  8.7795E-01  9.1092E-01
  1.5088E+00  9.0306E-01  9.0277E-01  9.3394E-01
  1.5228E+00  9.2894E-01  9.2874E-01  9.5793E-01
  1.5370E+00  9.5600E-01  9.5586E-01  9.8294E-01
  1.5513E+00  9.8425E-01  9.8416E-01  1.0090E+00
  1.5657E+00  1.0137E+00  1.0137E+00  1.0362E+00
  1.5803E+00  1.0445E+00  1.0444E+00  1.0646E+00
  1.5950E+00  1.0765E+00  1.0765E+00  1.0942E+00
  1.6098E+00  1.1098E+00  1.1098E+00  1.1251E+00
  1.6248E+00  1.1446E+00  1.1446E+00  1.1574E+00
  1.6399E+00  1.1808E+00  1.1808E+00  1.1911E+00
  1.6551E+00  1.2185E+00  1.2185E+00  1.2263E+00
  1.6705E+00  1.2578E+00  1.2578E+00  1.2630E+00
  1.6861E+00  1.2988E+00  1.2988E+00  1.3014E+00
  1.7017E+00  1.3416E+00  1.3416E+00  1.3416E+00
  1.7176E+00  1.3862E+00  1.3862E+00  1.3836E+00
  1.7335E+00  1.4327E+00  1.4327E+00  1.4274E+00
  1.7497E+00  1.4813E+00  1.4813E+00  1.4734E+00
  1.7659E+00  1.5321E+00  1.5321E+00  1.5214E+00
  1.7824E+00  1.5851E+00  1.5851E+00  1.5717E+00
  1.7989E+00  1.6405E+00  1.6405E+00  1.6243E+00
  1.8157E+00  1.6985E+00  1.6985E+00  1.6795E+00
  1.8326E+00  1.7592E+00  1.7592E+00  1.7372E+00
  1.8496E+00  1.8226E+00  1.8226E+00  1.7977E+00
  1.8668E+00  1.8891E+00  1.8891E+00  1.8612E+00
