 -1.0000E+01  2.8520E+00  2.8523E+00
 -9.9500E+00  2.8426E+00  2.8429E+00
 -9.9000E+00  2.8331E+00  2.8334E+00
 -9.8500E+00  2.8236E+00  2.8239E+00
 -9.8000E+00  2.8140E+00  2.8143E+00
 -9.7500E+00  2.8044E+00  2.8047E+00
 -9.7000E+00  2.7948E+00  2.7951E+00
 -9.6500E+00  2.7851E+00  2.7854E+00
 -9.6000E+00  2.7753E+00  2.7756E+00
 -9.5500E+00  2.7655E+00  2.7658E+00
 -9.5000E+00  2.7557E+00  2.7560E+00
 -9.4500E+00  2.7458E+00  2.7461E+00
 -9.4000E+00  2.7359E+00  2.7362E+00
 -9.3500E+00  2.7259E+00  2.7262E+00
 -9.3000E+00  2.7158E+00  2.7161E+00
 -9.2500E+00  2.7057E+00  2.7060E+00
 -9.2000E+00  2.6956E+00  2.6959E+00
 -9.1500E+00  2.6853E+00  2.6857E+00
 -9.1000E+00  2.6751E+00  2.6754E+00
 -9.0500E+00  2.6647E+00  2.6651E+00
 -9.0000E+00  2.6544E+00  2.6547E+00
 -8.9500E+00  2.6439E+00  2.6442E+00
 -8.9000E+00  2.6334E+00  2.6337E+00
 -8.8500E+00  2.6228E+00  2.6231E+00
 -8.8000E+00  2.6122E+00  2.6125E+00
 -8.7500E+00  2.6015E+00  2.6018E+00
 -8.7000E+00  2.5907E+00  2.5910E+00
 -8.6500E+00  2.5798E+00  2.5802E+00
 -8.6000E+00  2.5689E+00  2.5692E+00
 -8.5500E+00  2.5579E+00  2.5583E+00
 -8.5000E+00  2.5469E+00  2.5472E+00
 -8.4500E+00  2.5357E+00  2.5360E+00
 -8.4000E+00  2.5245E+00  2.5248E+00
 -8.3500E+00  2.5132E+00  2.5135E+00
 -8.3000E+00  2.5018E+00  2.5021E+00
 -8.2500E+00  2.4903E+00  2.4907E+00
 -8.2000E+00  2.4788E+00  2.4791E+00
 -8.1500E+00  2.4671E+00  2.4674E+00
 -8.1000E+00  2.4554E+00  2.4557E+00
 -8.0500E+00  2.4435E+00  2.4439E+00
 -8.0000E+00  2.4316E+00  2.4319E+00
 -7.9500E+00  2.4196E+00  2.4199E+00
 -7.9000E+00  2.4074E+00  2.4077E+00
 -7.8500E+00  2.3952E+00  2.3955E+00
 -7.8000E+00  2.3828E+00  2.3831E+00
 -7.7500E+00  2.3703E+00  2.3707E+00
 -7.7000E+00  2.3577E+00  2.3581E+00
 -7.6500E+00  2.3450E+00  2.3454E+00
 -7.6000E+00  2.3322E+00  2.3325E+00
 -7.5500E+00  2.3192E+00  2.3196E+00
 -7.5000E+00  2.3061E+00  2.3065E+00
 -7.4500E+00  2.2929E+00  2.2932E+00
 -7.4000E+00  2.2795E+00  2.2798E+00
 -7.3500E+00  2.2660E+00  2.2663E+00
 -7.3000E+00  2.2523E+00  2.2526E+00
 -7.2500E+00  2.2385E+00  2.2388E+00
 -7.2000E+00  2.2244E+00  2.2248E+00
 -7.1500E+00  2.2103E+00  2.2106E+00
 -7.1000E+00  2.1959E+00  2.1962E+00
 -7.0500E+00  2.1814E+00  2.1817E+00
 -7.0000E+00  2.1666E+00  2.1669E+00
 -6.9500E+00  2.1517E+00  2.1520E+00
 -6.9000E+00  2.1365E+00  2.1368E+00
 -6.8500E+00  2.1211E+00  2.1214E+00
 -6.8000E+00  2.1055E+00  2.1058E+00
 -6.7500E+00  2.0897E+00  2.0900E+00
 -6.7000E+00  2.0736E+00  2.0739E+00
 -6.6500E+00  2.0572E+00  2.0575E+00
 -6.6000E+00  2.0406E+00  2.0409E+00
 -6.5500E+00  2.0236E+00  2.0239E+00
 -6.5000E+00  2.0064E+00  2.0067E+00
 -6.4500E+00  1.9888E+00  1.9891E+00
 -6.4000E+00  1.9709E+00  1.9712E+00
 -6.3500E+00  1.9527E+00  1.9530E+00
 -6.3000E+00  1.9340E+00  1.9343E+00
 -6.2500E+00  1.9150E+00  1.9153E+00
 -6.2000E+00  1.8955E+00  1.8958E+00
 -6.1500E+00  1.8756E+00  1.8759E+00
 -6.1000E+00  1.8552E+00  1.8555E+00
 -6.0500E+00  1.8344E+00  1.8346E+00
 -6.0000E+00  1.8129E+00  1.8132E+00
 -5.9500E+00  1.7909E+00  1.7912E+00
 -5.9000E+00  1.7683E+00  1.7686E+00
 -5.8500E+00  1.7450E+00  1.7453E+00
 -5.8000E+00  1.7210E+00  1.7213E+00
 -5.7500E+00  1.6963E+00  1.6966E+00
 -5.7000E+00  1.6707E+00  1.6710E+00
 -5.6500E+00  1.6443E+00  1.6445E+00
 -5.6000E+00  1.6169E+00  1.6171E+00
 -5.5500E+00  1.5885E+00  1.5887E+00
 -5.5000E+00  1.5589E+00  1.5592E+00
 -5.4500E+00  1.5281E+00  1.5284E+00
 -5.4000E+00  1.4960E+00  1.4963E+00
 -5.3500E+00  1.4625E+00  1.4627E+00
 -5.3000E+00  1.4273E+00  1.4275E+00
 -5.2500E+00  1.3903E+00  1.3905E+00
 -5.2000E+00  1.3514E+00  1.3516E+00
 -5.1500E+00  1.3103E+00  1.3105E+00
 -5.1000E+00  1.2667E+00  1.2669E+00
 -5.0500E+00  1.2205E+00  1.2207E+00
 -5.0000E+00  1.1711E+00  1.1713E+00
 -4.9500E+00  1.1183E+00  1.1185E+00
 -4.9000E+00  1.0616E+00  1.0617E+00
 -4.8500E+00  1.0003E+00  1.0004E+00
 -4.8000E+00  9.3377E-01  9.3393E-01
 -4.7500E+00  8.6122E-01  8.6137E-01
 -4.7000E+00  7.8160E-01  7.8174E-01
 -4.6500E+00  6.9362E-01  6.9376E-01
 -4.6000E+00  5.9570E-01  5.9582E-01
 -4.5500E+00  4.8577E-01  4.8588E-01
 -4.5000E+00  3.6121E-01  3.6131E-01
 -4.4500E+00  2.1852E-01  2.1860E-01
 -4.4000E+00  5.2996E-02  5.3069E-02
 -4.3500E+00 -1.4182E-01 -1.4176E-01
 -4.3000E+00 -3.7512E-01 -3.7508E-01
 -4.2500E+00 -6.6038E-01 -6.6035E-01
 -4.2000E+00 -1.0182E+00 -1.0182E+00
 -4.1500E+00 -1.4818E+00 -1.4818E+00
 -4.1000E+00 -2.1082E+00 -2.1082E+00
 -4.0500E+00 -3.0045E+00 -3.0045E+00
 -4.0000E+00 -4.3985E+00 -4.3983E+00
 -3.9500E+00 -6.8739E+00 -6.8733E+00
 -3.9000E+00 -1.2514E+01 -1.2511E+01
 -3.8500E+00 -3.8364E+01 -3.8333E+01
 -3.8000E+00  5.2447E+01  5.2512E+01
 -3.7500E+00  1.7374E+01  1.7382E+01
 -3.7000E+00  1.1005E+01  1.1009E+01
 -3.6500E+00  8.3291E+00  8.3312E+00
 -3.6000E+00  6.8522E+00  6.8538E+00
 -3.5500E+00  5.9136E+00  5.9148E+00
 -3.5000E+00  5.2626E+00  5.2636E+00
 -3.4500E+00  4.7833E+00  4.7841E+00
 -3.4000E+00  4.4146E+00  4.4154E+00
 -3.3500E+00  4.1214E+00  4.1221E+00
 -3.3000E+00  3.8820E+00  3.8826E+00
 -3.2500E+00  3.6822E+00  3.6828E+00
 -3.2000E+00  3.5125E+00  3.5130E+00
 -3.1500E+00  3.3662E+00  3.3667E+00
 -3.1000E+00  3.2384E+00  3.2388E+00
 -3.0500E+00  3.1254E+00  3.1259E+00
 -3.0000E+00  3.0247E+00  3.0251E+00
 -2.9500E+00  2.9339E+00  2.9343E+00
 -2.9000E+00  2.8516E+00  2.8520E+00
 -2.8500E+00  2.7765E+00  2.7768E+00
 -2.8000E+00  2.7073E+00  2.7076E+00
 -2.7500E+00  2.6434E+00  2.6437E+00
 -2.7000E+00  2.5839E+00  2.5842E+00
 -2.6500E+00  2.5284E+00  2.5287E+00
 -2.6000E+00  2.4763E+00  2.4765E+00
 -2.5500E+00  2.4271E+00  2.4274E+00
 -2.5000E+00  2.3807E+00  2.3809E+00
 -2.4500E+00  2.3366E+00  2.3368E+00
 -2.4000E+00  2.2946E+00  2.2949E+00
 -2.3500E+00  2.2545E+00  2.2547E+00
 -2.3000E+00  2.2161E+00  2.2163E+00
 -2.2500E+00  2.1792E+00  2.1794E+00
 -2.2000E+00  2.1437E+00  2.1439E+00
 -2.1500E+00  2.1094E+00  2.1096E+00
 -2.1000E+00  2.0762E+00  2.0764E+00
 -2.0500E+00  2.0441E+00  2.0443E+00
 -2.0000E+00  2.0129E+00  2.0131E+00
 -1.9500E+00  1.9826E+00  1.9827E+00
 -1.9000E+00  1.9530E+00  1.9532E+00
 -1.8500E+00  1.9242E+00  1.9243E+00
 -1.8000E+00  1.8960E+00  1.8961E+00
 -1.7500E+00  1.8684E+00  1.8685E+00
 -1.7000E+00  1.8413E+00  1.8414E+00
 -1.6500E+00  1.8148E+00  1.8149E+00
 -1.6000E+00  1.7887E+00  1.7888E+00
 -1.5500E+00  1.7630E+00  1.7631E+00
 -1.5000E+00  1.7378E+00  1.7379E+00
 -1.4500E+00  1.7129E+00  1.7130E+00
 -1.4000E+00  1.6883E+00  1.6884E+00
 -1.3500E+00  1.6641E+00  1.6641E+00
 -1.3000E+00  1.6401E+00  1.6402E+00
 -1.2500E+00  1.6164E+00  1.6164E+00
 -1.2000E+00  1.5929E+00  1.5929E+00
 -1.1500E+00  1.5696E+00  1.5697E+00
 -1.1000E+00  1.5466E+00  1.5466E+00
 -1.0500E+00  1.5237E+00  1.5237E+00
 -1.0000E+00  1.5010E+00  1.5010E+00
 -9.5000E-01  1.4784E+00  1.4785E+00
 -9.0000E-01  1.4560E+00  1.4560E+00
 -8.5000E-01  1.4337E+00  1.4337E+00
 -8.0000E-01  1.4115E+00  1.4115E+00
 -7.5000E-01  1.3894E+00  1.3894E+00
 -7.0000E-01  1.3674E+00  1.3674E+00
 -6.5000E-01  1.3455E+00  1.3455E+00
 -6.0000E-01  1.3236E+00  1.3237E+00
 -5.5000E-01  1.3018E+00  1.3018E+00
 -5.0000E-01  1.2801E+00  1.2801E+00
 -4.5000E-01  1.2584E+00  1.2584E+00
 -4.0000E-01  1.2367E+00  1.2367E+00
 -3.5000E-01  1.2150E+00  1.2150E+00
 -3.0000E-01  1.1934E+00  1.1934E+00
 -2.5000E-01  1.1718E+00  1.1718E+00
 -2.0000E-01  1.1501E+00  1.1501E+00
 -1.5000E-01  1.1285E+00  1.1285E+00
 -1.0000E-01  1.1068E+00  1.1068E+00
 -5.0000E-02  1.0852E+00  1.0852E+00
  0.0000E+00  1.0635E+00  1.0635E+00
  5.0000E-02  1.0417E+00  1.0417E+00
  1.0000E-01  1.0200E+00  1.0200E+00
  1.5000E-01  9.9815E-01  9.9816E-01
  2.0000E-01  9.7629E-01  9.7631E-01
  2.5000E-01  9.5437E-01  9.5439E-01
  3.0000E-01  9.3239E-01  9.3242E-01
  3.5000E-01  9.1035E-01  9.1038E-01
  4.0000E-01  8.8823E-01  8.8827E-01
  4.5000E-01  8.6604E-01  8.6609E-01
  5.0000E-01  8.4377E-01  8.4382E-01
  5.5000E-01  8.2141E-01  8.2147E-01
  6.0000E-01  7.9895E-01  7.9903E-01
  6.5000E-01  7.7640E-01  7.7649E-01
  7.0000E-01  7.5375E-01  7.5385E-01
  7.5000E-01  7.3100E-01  7.3110E-01
  8.0000E-01  7.0812E-01  7.0825E-01
  8.5000E-01  6.8514E-01  6.8527E-01
  9.0000E-01  6.6203E-01  6.6218E-01
  9.5000E-01  6.3879E-01  6.3896E-01
  1.0000E+00  6.1543E-01  6.1561E-01
  1.0500E+00  5.9192E-01  5.9213E-01
  1.1000E+00  5.6828E-01  5.6850E-01
  1.1500E+00  5.4449E-01  5.4473E-01
  1.2000E+00  5.2055E-01  5.2081E-01
  1.2500E+00  4.9645E-01  4.9674E-01
  1.3000E+00  4.7218E-01  4.7250E-01
  1.3500E+00  4.4775E-01  4.4810E-01
  1.4000E+00  4.2315E-01  4.2353E-01
  1.4500E+00  3.9837E-01  3.9878E-01
  1.5000E+00  3.7341E-01  3.7385E-01
  1.5500E+00  3.4826E-01  3.4874E-01
  1.6000E+00  3.2292E-01  3.2343E-01
  1.6500E+00  2.9737E-01  2.9793E-01
  1.7000E+00  2.7162E-01  2.7222E-01
  1.7500E+00  2.4566E-01  2.4630E-01
  1.8000E+00  2.1948E-01  2.2017E-01
  1.8500E+00  1.9308E-01  1.9382E-01
  1.9000E+00  1.6645E-01  1.6724E-01
  1.9500E+00  1.3958E-01  1.4042E-01
  2.0000E+00  1.1247E-01  1.1337E-01
  2.0500E+00  8.5113E-02  8.6073E-02
  2.1000E+00  5.7499E-02  5.8522E-02
  2.1500E+00  2.9622E-02  3.0712E-02
  2.2000E+00  1.4748E-03  2.6351E-03
  2.2500E+00 -2.6949E-02 -2.5715E-02
  2.3000E+00 -5.5657E-02 -5.4345E-02
  2.3500E+00 -8.4657E-02 -8.3263E-02
  2.4000E+00 -1.1396E-01 -1.1248E-01
  2.4500E+00 -1.4357E-01 -1.4199E-01
  2.5000E+00 -1.7349E-01 -1.7182E-01
  2.5500E+00 -2.0374E-01 -2.0197E-01
  2.6000E+00 -2.3432E-01 -2.3245E-01
  2.6500E+00 -2.6524E-01 -2.6326E-01
  2.7000E+00 -2.9652E-01 -2.9442E-01
  2.7500E+00 -3.2816E-01 -3.2594E-01
  2.8000E+00 -3.6017E-01 -3.5782E-01
  2.8500E+00 -3.9255E-01 -3.9008E-01
  2.9000E+00 -4.2534E-01 -4.2272E-01
  2.9500E+00 -4.5852E-01 -4.5575E-01
  3.0000E+00 -4.9211E-01 -4.8920E-01
  3.0500E+00 -5.2614E-01 -5.2306E-01
  3.1000E+00 -5.6059E-01 -5.5734E-01
  3.1500E+00 -5.9550E-01 -5.9207E-01
  3.2000E+00 -6.3087E-01 -6.2726E-01
  3.2500E+00 -6.6671E-01 -6.6290E-01
  3.3000E+00 -7.0305E-01 -6.9903E-01
  3.3500E+00 -7.3988E-01 -7.3565E-01
  3.4000E+00 -7.7724E-01 -7.7278E-01
  3.4500E+00 -8.1512E-01 -8.1042E-01
  3.5000E+00 -8.5355E-01 -8.4861E-01
  3.5500E+00 -8.9255E-01 -8.8734E-01
  3.6000E+00 -9.3213E-01 -9.2665E-01
  3.6500E+00 -9.7231E-01 -9.6654E-01
  3.7000E+00 -1.0131E+00 -1.0070E+00
  3.7500E+00 -1.0545E+00 -1.0481E+00
  3.8000E+00 -1.0966E+00 -1.0899E+00
  3.8500E+00 -1.1394E+00 -1.1323E+00
  3.9000E+00 -1.1828E+00 -1.1754E+00
  3.9500E+00 -1.2270E+00 -1.2192E+00
  4.0000E+00 -1.2719E+00 -1.2637E+00
  4.0500E+00 -1.3176E+00 -1.3090E+00
  4.1000E+00 -1.3641E+00 -1.3550E+00
  4.1500E+00 -1.4114E+00 -1.4018E+00
  4.2000E+00 -1.4595E+00 -1.4495E+00
  4.2500E+00 -1.5086E+00 -1.4980E+00
  4.3000E+00 -1.5585E+00 -1.5474E+00
  4.3500E+00 -1.6093E+00 -1.5976E+00
  4.4000E+00 -1.6612E+00 -1.6489E+00
  4.4500E+00 -1.7140E+00 -1.7011E+00
  4.5000E+00 -1.7679E+00 -1.7543E+00
  4.5500E+00 -1.8228E+00 -1.8085E+00
  4.6000E+00 -1.8788E+00 -1.8638E+00
  4.6500E+00 -1.9361E+00 -1.9202E+00
  4.7000E+00 -1.9945E+00 -1.9778E+00
  4.7500E+00 -2.0541E+00 -2.0366E+00
  4.8000E+00 -2.1151E+00 -2.0966E+00
  4.8500E+00 -2.1773E+00 -2.1580E+00
  4.9000E+00 -2.2410E+00 -2.2206E+00
  4.9500E+00 -2.3062E+00 -2.2847E+00
  5.0000E+00 -2.3728E+00 -2.3502E+00
  5.0500E+00 -2.4410E+00 -2.4172E+00
  5.1000E+00 -2.5109E+00 -2.4858E+00
  5.1500E+00 -2.5824E+00 -2.5560E+00
  5.2000E+00 -2.6558E+00 -2.6280E+00
  5.2500E+00 -2.7309E+00 -2.7016E+00
  5.3000E+00 -2.8081E+00 -2.7772E+00
  5.3500E+00 -2.8872E+00 -2.8547E+00
  5.4000E+00 -2.9685E+00 -2.9342E+00
  5.4500E+00 -3.0520E+00 -3.0158E+00
  5.5000E+00 -3.1378E+00 -3.0996E+00
  5.5500E+00 -3.2260E+00 -3.1857E+00
  5.6000E+00 -3.3167E+00 -3.2742E+00
  5.6500E+00 -3.4102E+00 -3.3652E+00
  5.7000E+00 -3.5064E+00 -3.4589E+00
  5.7500E+00 -3.6056E+00 -3.5554E+00
  5.8000E+00 -3.7078E+00 -3.6548E+00
  5.8500E+00 -3.8134E+00 -3.7572E+00
  5.9000E+00 -3.9223E+00 -3.8629E+00
  5.9500E+00 -4.0349E+00 -3.9720E+00
  6.0000E+00 -4.1513E+00 -4.0846E+00
  6.0500E+00 -4.2717E+00 -4.2011E+00
  6.1000E+00 -4.3964E+00 -4.3215E+00
  6.1500E+00 -4.5256E+00 -4.4461E+00
  6.2000E+00 -4.6596E+00 -4.5752E+00
  6.2500E+00 -4.7987E+00 -4.7090E+00
  6.3000E+00 -4.9432E+00 -4.8478E+00
  6.3500E+00 -5.0934E+00 -4.9919E+00
  6.4000E+00 -5.2498E+00 -5.1417E+00
  6.4500E+00 -5.4126E+00 -5.2975E+00
  6.5000E+00 -5.5825E+00 -5.4597E+00
  6.5500E+00 -5.7597E+00 -5.6287E+00
  6.6000E+00 -5.9450E+00 -5.8050E+00
  6.6500E+00 -6.1389E+00 -5.9891E+00
  6.7000E+00 -6.3419E+00 -6.1816E+00
  6.7500E+00 -6.5549E+00 -6.3831E+00
  6.8000E+00 -6.7786E+00 -6.5942E+00
  6.8500E+00 -7.0139E+00 -6.8158E+00
  6.9000E+00 -7.2617E+00 -7.0486E+00
  6.9500E+00 -7.5231E+00 -7.2936E+00
  7.0000E+00 -7.7993E+00 -7.5518E+00
  7.0500E+00 -8.0917E+00 -7.8243E+00
  7.1000E+00 -8.4019E+00 -8.1125E+00
  7.1500E+00 -8.7314E+00 -8.4176E+00
  7.2000E+00 -9.0822E+00 -8.7415E+00
  7.2500E+00 -9.4566E+00 -9.0858E+00
  7.3000E+00 -9.8571E+00 -9.4527E+00
  7.3500E+00 -1.0287E+01 -9.8445E+00
  7.4000E+00 -1.0748E+01 -1.0264E+01
  7.4500E+00 -1.1247E+01 -1.0714E+01
  7.5000E+00 -1.1785E+01 -1.1199E+01
  7.5500E+00 -1.2370E+01 -1.1722E+01
  7.6000E+00 -1.3008E+01 -1.2288E+01
  7.6500E+00 -1.3705E+01 -1.2904E+01
  7.7000E+00 -1.4472E+01 -1.3575E+01
  7.7500E+00 -1.5318E+01 -1.4311E+01
  7.8000E+00 -1.6257E+01 -1.5121E+01
  7.8500E+00 -1.7307E+01 -1.6016E+01
  7.9000E+00 -1.8487E+01 -1.7012E+01
  7.9500E+00 -1.9823E+01 -1.8127E+01
  8.0000E+00 -2.1351E+01 -1.9382E+01
  8.0500E+00 -2.3113E+01 -2.0809E+01
  8.1000E+00 -2.5169E+01 -2.2443E+01
  8.1500E+00 -2.7600E+01 -2.4334E+01
  8.2000E+00 -3.0519E+01 -2.6549E+01
  8.2500E+00 -3.4090E+01 -2.9179E+01
  8.3000E+00 -3.8562E+01 -3.2353E+01
  8.3500E+00 -4.4323E+01 -3.6262E+01
  8.4000E+00 -5.2029E+01 -4.1194E+01
  8.4500E+00 -6.2867E+01 -4.7612E+01
  8.5000E+00 -7.9236E+01 -5.6311E+01
  8.5500E+00 -1.0683E+02 -6.8772E+01
  8.6000E+00 -1.6324E+02 -8.8112E+01
  8.6500E+00 -3.4300E+02 -1.2221E+02
  8.7000E+00  3.6790E+03 -1.9842E+02
  8.7500E+00  2.9097E+02 -5.2071E+02
  8.8000E+00  1.5197E+02  8.4978E+02
  8.8500E+00  1.0306E+02  2.3515E+02
  8.9000E+00  7.8084E+01  1.3683E+02
  8.9500E+00  6.2928E+01  9.6675E+01
  9.0000E+00  5.2748E+01  7.4845E+01
  9.0500E+00  4.5439E+01  6.1124E+01
  9.1000E+00  3.9935E+01  5.1701E+01
  9.1500E+00  3.5640E+01  4.4828E+01
  9.2000E+00  3.2194E+01  3.9592E+01
  9.2500E+00  2.9367E+01  3.5470E+01
  9.3000E+00  2.7007E+01  3.2140E+01
  9.3500E+00  2.5005E+01  2.9393E+01
  9.4000E+00  2.3286E+01  2.7087E+01
  9.4500E+00  2.1794E+01  2.5125E+01
  9.5000E+00  2.0485E+01  2.3434E+01
  9.5500E+00  1.9328E+01  2.1961E+01
  9.6000E+00  1.8298E+01  2.0666E+01
  9.6500E+00  1.7374E+01  1.9519E+01
  9.7000E+00  1.6541E+01  1.8496E+01
  9.7500E+00  1.5786E+01  1.7577E+01
  9.8000E+00  1.5099E+01  1.6746E+01
  9.8500E+00  1.4469E+01  1.5993E+01
  9.9000E+00  1.3891E+01  1.5305E+01
  9.9500E+00  1.3358E+01  1.4675E+01
  1.0000E+01  1.2865E+01  1.4096E+01
