 -5.0000E+00  1.1711E+00  1.1741E+00
 -4.9500E+00  1.1183E+00  1.1212E+00
 -4.9000E+00  1.0616E+00  1.0643E+00
 -4.8500E+00  1.0003E+00  1.0029E+00
 -4.8000E+00  9.3377E-01  9.3623E-01
 -4.7500E+00  8.6122E-01  8.6354E-01
 -4.7000E+00  7.8160E-01  7.8376E-01
 -4.6500E+00  6.9362E-01  6.9562E-01
 -4.6000E+00  5.9570E-01  5.9753E-01
 -4.5500E+00  4.8577E-01  4.8742E-01
 -4.5000E+00  3.6121E-01  3.6267E-01
 -4.4500E+00  2.1852E-01  2.1978E-01
 -4.4000E+00  5.2996E-02  5.4046E-02
 -4.3500E+00 -1.4182E-01 -1.4099E-01
 -4.3000E+00 -3.7512E-01 -3.7452E-01
 -4.2500E+00 -6.6038E-01 -6.6001E-01
 -4.2000E+00 -1.0182E+00 -1.0180E+00
 -4.1500E+00 -1.4818E+00 -1.4818E+00
 -4.1000E+00 -2.1082E+00 -2.1081E+00
 -4.0500E+00 -3.0045E+00 -3.0041E+00
 -4.0000E+00 -4.3985E+00 -4.3965E+00
 -3.9500E+00 -6.8739E+00 -6.8662E+00
 -3.9000E+00 -1.2514E+01 -1.2480E+01
 -3.8500E+00 -3.8364E+01 -3.7980E+01
 -3.8000E+00  5.2447E+01  5.3301E+01
 -3.7500E+00  1.7374E+01  1.7478E+01
 -3.7000E+00  1.1005E+01  1.1051E+01
 -3.6500E+00  8.3291E+00  8.3573E+00
 -3.6000E+00  6.8522E+00  6.8725E+00
 -3.5500E+00  5.9136E+00  5.9295E+00
 -3.5000E+00  5.2626E+00  5.2757E+00
 -3.4500E+00  4.7833E+00  4.7945E+00
 -3.4000E+00  4.4146E+00  4.4245E+00
 -3.3500E+00  4.1214E+00  4.1302E+00
 -3.3000E+00  3.8820E+00  3.8900E+00
 -3.2500E+00  3.6822E+00  3.6895E+00
 -3.2000E+00  3.5125E+00  3.5193E+00
 -3.1500E+00  3.3662E+00  3.3725E+00
 -3.1000E+00  3.2384E+00  3.2443E+00
 -3.0500E+00  3.1254E+00  3.1310E+00
 -3.0000E+00  3.0247E+00  3.0299E+00
 -2.9500E+00  2.9339E+00  2.9389E+00
 -2.9000E+00  2.8516E+00  2.8563E+00
 -2.8500E+00  2.7765E+00  2.7809E+00
 -2.8000E+00  2.7073E+00  2.7115E+00
 -2.7500E+00  2.6434E+00  2.6474E+00
 -2.7000E+00  2.5839E+00  2.5877E+00
 -2.6500E+00  2.5284E+00  2.5320E+00
 -2.6000E+00  2.4763E+00  2.4797E+00
 -2.5500E+00  2.4271E+00  2.4305E+00
 -2.5000E+00  2.3807E+00  2.3839E+00
 -2.4500E+00  2.3366E+00  2.3396E+00
 -2.4000E+00  2.2946E+00  2.2975E+00
 -2.3500E+00  2.2545E+00  2.2573E+00
 -2.3000E+00  2.2161E+00  2.2187E+00
 -2.2500E+00  2.1792E+00  2.1817E+00
 -2.2000E+00  2.1437E+00  2.1461E+00
 -2.1500E+00  2.1094E+00  2.1117E+00
 -2.1000E+00  2.0762E+00  2.0784E+00
 -2.0500E+00  2.0441E+00  2.0462E+00
 -2.0000E+00  2.0129E+00  2.0149E+00
 -1.9500E+00  1.9826E+00  1.9844E+00
 -1.9000E+00  1.9530E+00  1.9548E+00
 -1.8500E+00  1.9242E+00  1.9258E+00
 -1.8000E+00  1.8960E+00  1.8975E+00
 -1.7500E+00  1.8684E+00  1.8698E+00
 -1.7000E+00  1.8413E+00  1.8427E+00
 -1.6500E+00  1.8148E+00  1.8161E+00
 -1.6000E+00  1.7887E+00  1.7899E+00
 -1.5500E+00  1.7630E+00  1.7642E+00
 -1.5000E+00  1.7378E+00  1.7388E+00
 -1.4500E+00  1.7129E+00  1.7139E+00
 -1.4000E+00  1.6883E+00  1.6892E+00
 -1.3500E+00  1.6641E+00  1.6649E+00
 -1.3000E+00  1.6401E+00  1.6409E+00
 -1.2500E+00  1.6164E+00  1.6171E+00
 -1.2000E+00  1.5929E+00  1.5936E+00
 -1.1500E+00  1.5696E+00  1.5702E+00
 -1.1000E+00  1.5466E+00  1.5471E+00
 -1.0500E+00  1.5237E+00  1.5242E+00
 -1.0000E+00  1.5010E+00  1.5014E+00
 -9.5000E-01  1.4784E+00  1.4788E+00
 -9.0000E-01  1.4560E+00  1.4563E+00
 -8.5000E-01  1.4337E+00  1.4340E+00
 -8.0000E-01  1.4115E+00  1.4118E+00
 -7.5000E-01  1.3894E+00  1.3896E+00
 -7.0000E-01  1.3674E+00  1.3676E+00
 -6.5000E-01  1.3455E+00  1.3456E+00
 -6.0000E-01  1.3236E+00  1.3238E+00
 -5.5000E-01  1.3018E+00  1.3019E+00
 -5.0000E-01  1.2801E+00  1.2802E+00
 -4.5000E-01  1.2584E+00  1.2584E+00
 -4.0000E-01  1.2367E+00  1.2367E+00
 -3.5000E-01  1.2150E+00  1.2151E+00
 -3.0000E-01  1.1934E+00  1.1934E+00
 -2.5000E-01  1.1718E+00  1.1718E+00
 -2.0000E-01  1.1501E+00  1.1501E+00
 -1.5000E-01  1.1285E+00  1.1285E+00
 -1.0000E-01  1.1068E+00  1.1068E+00
 -5.0000E-02  1.0852E+00  1.0852E+00
  0.0000E+00  1.0635E+00  1.0635E+00
  5.0000E-02  1.0417E+00  1.0418E+00
  1.0000E-01  1.0200E+00  1.0200E+00
  1.5000E-01  9.9815E-01  9.9827E-01
  2.0000E-01  9.7629E-01  9.7644E-01
  2.5000E-01  9.5437E-01  9.5456E-01
  3.0000E-01  9.3239E-01  9.3263E-01
  3.5000E-01  9.1035E-01  9.1064E-01
  4.0000E-01  8.8823E-01  8.8858E-01
  4.5000E-01  8.6604E-01  8.6646E-01
  5.0000E-01  8.4377E-01  8.4426E-01
  5.5000E-01  8.2141E-01  8.2197E-01
  6.0000E-01  7.9895E-01  7.9961E-01
  6.5000E-01  7.7640E-01  7.7715E-01
  7.0000E-01  7.5375E-01  7.5460E-01
  7.5000E-01  7.3100E-01  7.3195E-01
  8.0000E-01  7.0812E-01  7.0920E-01
  8.5000E-01  6.8514E-01  6.8634E-01
  9.0000E-01  6.6203E-01  6.6336E-01
  9.5000E-01  6.3879E-01  6.4027E-01
  1.0000E+00  6.1543E-01  6.1706E-01
  1.0500E+00  5.9192E-01  5.9372E-01
  1.1000E+00  5.6828E-01  5.7025E-01
  1.1500E+00  5.4449E-01  5.4664E-01
  1.2000E+00  5.2055E-01  5.2289E-01
  1.2500E+00  4.9645E-01  4.9900E-01
  1.3000E+00  4.7218E-01  4.7495E-01
  1.3500E+00  4.4775E-01  4.5076E-01
  1.4000E+00  4.2315E-01  4.2640E-01
  1.4500E+00  3.9837E-01  4.0188E-01
  1.5000E+00  3.7341E-01  3.7719E-01
  1.5500E+00  3.4826E-01  3.5232E-01
  1.6000E+00  3.2292E-01  3.2728E-01
  1.6500E+00  2.9737E-01  3.0205E-01
  1.7000E+00  2.7162E-01  2.7663E-01
  1.7500E+00  2.4566E-01  2.5102E-01
  1.8000E+00  2.1948E-01  2.2521E-01
  1.8500E+00  1.9308E-01  1.9919E-01
  1.9000E+00  1.6645E-01  1.7296E-01
  1.9500E+00  1.3958E-01  1.4652E-01
  2.0000E+00  1.1247E-01  1.1985E-01
  2.0500E+00  8.5113E-02  9.2956E-02
  2.1000E+00  5.7499E-02  6.5829E-02
  2.1500E+00  2.9622E-02  3.8462E-02
  2.2000E+00  1.4748E-03  1.0850E-02
  2.2500E+00 -2.6949E-02 -1.7015E-02
  2.3000E+00 -5.5657E-02 -4.5138E-02
  2.3500E+00 -8.4657E-02 -7.3525E-02
  2.4000E+00 -1.1396E-01 -1.0219E-01
  2.4500E+00 -1.4357E-01 -1.3112E-01
  2.5000E+00 -1.7349E-01 -1.6035E-01
  2.5500E+00 -2.0374E-01 -1.8986E-01
  2.6000E+00 -2.3432E-01 -2.1968E-01
  2.6500E+00 -2.6524E-01 -2.4981E-01
  2.7000E+00 -2.9652E-01 -2.8025E-01
  2.7500E+00 -3.2816E-01 -3.1101E-01
  2.8000E+00 -3.6017E-01 -3.4211E-01
  2.8500E+00 -3.9255E-01 -3.7354E-01
  2.9000E+00 -4.2534E-01 -4.0533E-01
  2.9500E+00 -4.5852E-01 -4.3747E-01
  3.0000E+00 -4.9211E-01 -4.6998E-01
  3.0500E+00 -5.2614E-01 -5.0287E-01
  3.1000E+00 -5.6059E-01 -5.3614E-01
  3.1500E+00 -5.9550E-01 -5.6981E-01
  3.2000E+00 -6.3087E-01 -6.0389E-01
  3.2500E+00 -6.6671E-01 -6.3838E-01
  3.3000E+00 -7.0305E-01 -6.7330E-01
  3.3500E+00 -7.3988E-01 -7.0867E-01
  3.4000E+00 -7.7724E-01 -7.4448E-01
  3.4500E+00 -8.1512E-01 -7.8076E-01
  3.5000E+00 -8.5355E-01 -8.1752E-01
  3.5500E+00 -8.9255E-01 -8.5476E-01
  3.6000E+00 -9.3213E-01 -8.9251E-01
  3.6500E+00 -9.7231E-01 -9.3077E-01
  3.7000E+00 -1.0131E+00 -9.6957E-01
  3.7500E+00 -1.0545E+00 -1.0089E+00
  3.8000E+00 -1.0966E+00 -1.0488E+00
  3.8500E+00 -1.1394E+00 -1.0893E+00
  3.9000E+00 -1.1828E+00 -1.1304E+00
  3.9500E+00 -1.2270E+00 -1.1720E+00
  4.0000E+00 -1.2719E+00 -1.2144E+00
  4.0500E+00 -1.3176E+00 -1.2573E+00
  4.1000E+00 -1.3641E+00 -1.3009E+00
  4.1500E+00 -1.4114E+00 -1.3453E+00
  4.2000E+00 -1.4595E+00 -1.3903E+00
  4.2500E+00 -1.5086E+00 -1.4360E+00
  4.3000E+00 -1.5585E+00 -1.4825E+00
  4.3500E+00 -1.6093E+00 -1.5298E+00
  4.4000E+00 -1.6612E+00 -1.5779E+00
  4.4500E+00 -1.7140E+00 -1.6268E+00
  4.5000E+00 -1.7679E+00 -1.6765E+00
  4.5500E+00 -1.8228E+00 -1.7271E+00
  4.6000E+00 -1.8788E+00 -1.7786E+00
  4.6500E+00 -1.9361E+00 -1.8311E+00
  4.7000E+00 -1.9945E+00 -1.8845E+00
  4.7500E+00 -2.0541E+00 -1.9390E+00
  4.8000E+00 -2.1151E+00 -1.9944E+00
  4.8500E+00 -2.1773E+00 -2.0509E+00
  4.9000E+00 -2.2410E+00 -2.1086E+00
  4.9500E+00 -2.3062E+00 -2.1673E+00
