  0.0000000E+00  0.0000000E+00  0.0000000E+00
  8.4554393E-09 -1.5873136E-07 -1.5242423E-08
  1.6989523E-08 -3.1893905E-07 -3.0626616E-08
  2.5602981E-08 -4.8063681E-07 -4.6153897E-08
  3.4296553E-08 -6.4383850E-07 -6.1825597E-08
  4.3070984E-08 -8.0855811E-07 -7.7643059E-08
  5.1927026E-08 -9.7480975E-07 -9.3607639E-08
  6.0865438E-08 -1.1426077E-06 -1.0972071E-07
  6.9886986E-08 -1.3119663E-06 -1.2598364E-07
  7.8992443E-08 -1.4829000E-06 -1.4239783E-07
  8.8182589E-08 -1.6554236E-06 -1.5896470E-07
  9.7458214E-08 -1.8295518E-06 -1.7568565E-07
  1.0682011E-07 -2.0052996E-06 -1.9256212E-07
  1.1626908E-07 -2.1826819E-06 -2.0959556E-07
  1.2580594E-07 -2.3617141E-06 -2.2678743E-07
  1.3543150E-07 -2.5424114E-06 -2.4413920E-07
  1.4514658E-07 -2.7247893E-06 -2.6165236E-07
  1.5495203E-07 -2.9088635E-06 -2.7932840E-07
  1.6484867E-07 -3.0946498E-06 -2.9716886E-07
  1.7483737E-07 -3.2821640E-06 -3.1517524E-07
  1.8491896E-07 -3.4714223E-06 -3.3334911E-07
  1.9509433E-07 -3.6624408E-06 -3.5169200E-07
  2.0536434E-07 -3.8552359E-06 -3.7020551E-07
  2.1572987E-07 -4.0498243E-06 -3.8889121E-07
  2.2619181E-07 -4.2462224E-06 -4.0775070E-07
  2.3675106E-07 -4.4444472E-06 -4.2678561E-07
  2.4740851E-07 -4.6445157E-06 -4.4599756E-07
  2.5816509E-07 -4.8464449E-06 -4.6538819E-07
  2.6902172E-07 -5.0502523E-06 -4.8495919E-07
  2.7997933E-07 -5.2559553E-06 -5.0471221E-07
  2.9103885E-07 -5.4635714E-06 -5.2464895E-07
  3.0220124E-07 -5.6731186E-06 -5.4477112E-07
  3.1346745E-07 -5.8846147E-06 -5.6508045E-07
  3.2483844E-07 -6.0980779E-06 -5.8557868E-07
  3.3631520E-07 -6.3135265E-06 -6.0626756E-07
  3.4789870E-07 -6.5309789E-06 -6.2714887E-07
  3.5958994E-07 -6.7504538E-06 -6.4822439E-07
  3.7138992E-07 -6.9719701E-06 -6.6949594E-07
  3.8329965E-07 -7.1955466E-06 -6.9096534E-07
  3.9532015E-07 -7.4212025E-06 -7.1263442E-07
  4.0745246E-07 -7.6489572E-06 -7.3450504E-07
  4.1969760E-07 -7.8788302E-06 -7.5657908E-07
  4.3205664E-07 -8.1108413E-06 -7.7885843E-07
  4.4453063E-07 -8.3450102E-06 -8.0134501E-07
  4.5712065E-07 -8.5813570E-06 -8.2404073E-07
  4.6982776E-07 -8.8199021E-06 -8.4694754E-07
  4.8265306E-07 -9.0606659E-06 -8.7006741E-07
  4.9559764E-07 -9.3036689E-06 -8.9340231E-07
  5.0866263E-07 -9.5489321E-06 -9.1695426E-07
  5.2184913E-07 -9.7964764E-06 -9.4072526E-07
  5.3515828E-07 -1.0046323E-05 -9.6471735E-07
  5.4859122E-07 -1.0298493E-05 -9.8893259E-07
  5.6214909E-07 -1.0553009E-05 -1.0133731E-06
  5.7583307E-07 -1.0809892E-05 -1.0380409E-06
  5.8964433E-07 -1.1069165E-05 -1.0629381E-06
  6.0358404E-07 -1.1330848E-05 -1.0880669E-06
  6.1765340E-07 -1.1594966E-05 -1.1134294E-06
  6.3185362E-07 -1.1861540E-05 -1.1390278E-06
  6.4618592E-07 -1.2130593E-05 -1.1648643E-06
  6.6065153E-07 -1.2402149E-05 -1.1909411E-06
  6.7525168E-07 -1.2676230E-05 -1.2172604E-06
  6.8998762E-07 -1.2952861E-05 -1.2438246E-06
  7.0486062E-07 -1.3232064E-05 -1.2706358E-06
  7.1987196E-07 -1.3513865E-05 -1.2976964E-06
  7.3502291E-07 -1.3798286E-05 -1.3250087E-06
  7.5031479E-07 -1.4085352E-05 -1.3525750E-06
  7.6574889E-07 -1.4375089E-05 -1.3803977E-06
  7.8132655E-07 -1.4667520E-05 -1.4084792E-06
  7.9704910E-07 -1.4962671E-05 -1.4368218E-06
  8.1291788E-07 -1.5260568E-05 -1.4654281E-06
  8.2893425E-07 -1.5561235E-05 -1.4943004E-06
  8.4509959E-07 -1.5864698E-05 -1.5234413E-06
  8.6141529E-07 -1.6170984E-05 -1.5528533E-06
  8.7788274E-07 -1.6480118E-05 -1.5825387E-06
  8.9450335E-07 -1.6792128E-05 -1.6125003E-06
  9.1127855E-07 -1.7107039E-05 -1.6427406E-06
  9.2820978E-07 -1.7424880E-05 -1.6732621E-06
  9.4529848E-07 -1.7745676E-05 -1.7040675E-06
  9.6254612E-07 -1.8069457E-05 -1.7351595E-06
  9.7995419E-07 -1.8396248E-05 -1.7665406E-06
  9.9752417E-07 -1.8726079E-05 -1.7982136E-06
  1.0152576E-06 -1.9058978E-05 -1.8301811E-06
  1.0331559E-06 -1.9394973E-05 -1.8624460E-06
  1.0512207E-06 -1.9734093E-05 -1.8950110E-06
  1.0694535E-06 -2.0076367E-05 -1.9278789E-06
  1.0878559E-06 -2.0421824E-05 -1.9610525E-06
  1.1064295E-06 -2.0770495E-05 -1.9945347E-06
  1.1251758E-06 -2.1122408E-05 -2.0283282E-06
  1.1440965E-06 -2.1477594E-05 -2.0624361E-06
  1.1631932E-06 -2.1836084E-05 -2.0968612E-06
  1.1824674E-06 -2.2197908E-05 -2.1316065E-06
  1.2019210E-06 -2.2563097E-05 -2.1666749E-06
  1.2215555E-06 -2.2931683E-05 -2.2020696E-06
  1.2413726E-06 -2.3303697E-05 -2.2377934E-06
  1.2613740E-06 -2.3679170E-05 -2.2738495E-06
  1.2815615E-06 -2.4058136E-05 -2.3102410E-06
  1.3019367E-06 -2.4440627E-05 -2.3469709E-06
  1.3225014E-06 -2.4826675E-05 -2.3840425E-06
  1.3432574E-06 -2.5216314E-05 -2.4214588E-06
  1.3642065E-06 -2.5609576E-05 -2.4592232E-06
  1.3853504E-06 -2.6006496E-05 -2.4973388E-06
  1.4066909E-06 -2.6407108E-05 -2.5358090E-06
  1.4282300E-06 -2.6811445E-05 -2.5746369E-06
  1.4499694E-06 -2.7219544E-05 -2.6138260E-06
  1.4719110E-06 -2.7631437E-05 -2.6533795E-06
  1.4940566E-06 -2.8047162E-05 -2.6933010E-06
  1.5164082E-06 -2.8466753E-05 -2.7335938E-06
  1.5389678E-06 -2.8890247E-05 -2.7742613E-06
  1.5617371E-06 -2.9317680E-05 -2.8153071E-06
  1.5847183E-06 -2.9749087E-05 -2.8567346E-06
  1.6079131E-06 -3.0184508E-05 -2.8985475E-06
  1.6313237E-06 -3.0623978E-05 -2.9407493E-06
  1.6549521E-06 -3.1067535E-05 -2.9833436E-06
  1.6788002E-06 -3.1515217E-05 -3.0263340E-06
  1.7028702E-06 -3.1967064E-05 -3.0697243E-06
  1.7271640E-06 -3.2423113E-05 -3.1135182E-06
  1.7516837E-06 -3.2883403E-05 -3.1577194E-06
  1.7764315E-06 -3.3347974E-05 -3.2023317E-06
  1.8014095E-06 -3.3816867E-05 -3.2473590E-06
  1.8266199E-06 -3.4290120E-05 -3.2928050E-06
  1.8520647E-06 -3.4767774E-05 -3.3386738E-06
  1.8777461E-06 -3.5249872E-05 -3.3849691E-06
  1.9036664E-06 -3.5736453E-05 -3.4316951E-06
  1.9298279E-06 -3.6227559E-05 -3.4788557E-06
  1.9562326E-06 -3.6723233E-05 -3.5264549E-06
  1.9828829E-06 -3.7223517E-05 -3.5744968E-06
  2.0097811E-06 -3.7728454E-05 -3.6229855E-06
  2.0369295E-06 -3.8238087E-05 -3.6719253E-06
  2.0643304E-06 -3.8752461E-05 -3.7213202E-06
  2.0919861E-06 -3.9271618E-05 -3.7711746E-06
  2.1198991E-06 -3.9795603E-05 -3.8214927E-06
  2.1480717E-06 -4.0324462E-05 -3.8722787E-06
  2.1765063E-06 -4.0858240E-05 -3.9235371E-06
  2.2052054E-06 -4.1396982E-05 -3.9752723E-06
  2.2341714E-06 -4.1940735E-05 -4.0274887E-06
  2.2634068E-06 -4.2489544E-05 -4.0801907E-06
  2.2929142E-06 -4.3043458E-05 -4.1333829E-06
  2.3226960E-06 -4.3602524E-05 -4.1870699E-06
  2.3527548E-06 -4.4166790E-05 -4.2412562E-06
  2.3830931E-06 -4.4736303E-05 -4.2959464E-06
  2.4137137E-06 -4.5311113E-05 -4.3511454E-06
  2.4446190E-06 -4.5891270E-05 -4.4068577E-06
  2.4758118E-06 -4.6476821E-05 -4.4630883E-06
  2.5072948E-06 -4.7067819E-05 -4.5198418E-06
  2.5390705E-06 -4.7664314E-05 -4.5771232E-06
  2.5711418E-06 -4.8266356E-05 -4.6349374E-06
  2.6035114E-06 -4.8873998E-05 -4.6932893E-06
  2.6361820E-06 -4.9487291E-05 -4.7521839E-06
  2.6691566E-06 -5.0106287E-05 -4.8116263E-06
  2.7024378E-06 -5.0731041E-05 -4.8716216E-06
  2.7360286E-06 -5.1361605E-05 -4.9321749E-06
  2.7699318E-06 -5.1998034E-05 -4.9932914E-06
  2.8041503E-06 -5.2640382E-05 -5.0549763E-06
  2.8386871E-06 -5.3288704E-05 -5.1172350E-06
  2.8735451E-06 -5.3943056E-05 -5.1800727E-06
  2.9087273E-06 -5.4603494E-05 -5.2434949E-06
  2.9442368E-06 -5.5270074E-05 -5.3075070E-06
  2.9800765E-06 -5.5942853E-05 -5.3721145E-06
  3.0162496E-06 -5.6621890E-05 -5.4373228E-06
  3.0527591E-06 -5.7307242E-05 -5.5031377E-06
  3.0896082E-06 -5.7998968E-05 -5.5695647E-06
  3.1268001E-06 -5.8697127E-05 -5.6366096E-06
  3.1643378E-06 -5.9401780E-05 -5.7042780E-06
  3.2022247E-06 -6.0112986E-05 -5.7725758E-06
  3.2404640E-06 -6.0830807E-05 -5.8415089E-06
  3.2790589E-06 -6.1555304E-05 -5.9110831E-06
  3.3180128E-06 -6.2286539E-05 -5.9813044E-06
  3.3573291E-06 -6.3024574E-05 -6.0521788E-06
  3.3970110E-06 -6.3769474E-05 -6.1237125E-06
  3.4370620E-06 -6.4521301E-05 -6.1959114E-06
  3.4774854E-06 -6.5280121E-05 -6.2687819E-06
  3.5182849E-06 -6.6045998E-05 -6.3423302E-06
  3.5594639E-06 -6.6818999E-05 -6.4165625E-06
  3.6010258E-06 -6.7599188E-05 -6.4914853E-06
  3.6429743E-06 -6.8386633E-05 -6.5671049E-06
  3.6853130E-06 -6.9181402E-05 -6.6434278E-06
  3.7280455E-06 -6.9983563E-05 -6.7204607E-06
  3.7711754E-06 -7.0793184E-05 -6.7982100E-06
  3.8147065E-06 -7.1610334E-05 -6.8766825E-06
  3.8586425E-06 -7.2435085E-05 -6.9558848E-06
  3.9029871E-06 -7.3267506E-05 -7.0358238E-06
  3.9477441E-06 -7.4107668E-05 -7.1165063E-06
  3.9929175E-06 -7.4955645E-05 -7.1979392E-06
  4.0385110E-06 -7.5811508E-05 -7.2801295E-06
  4.0845285E-06 -7.6675330E-05 -7.3630843E-06
  4.1309741E-06 -7.7547187E-05 -7.4468107E-06
  4.1778517E-06 -7.8427152E-05 -7.5313158E-06
  4.2251652E-06 -7.9315301E-05 -7.6166068E-06
  4.2729189E-06 -8.0211710E-05 -7.7026912E-06
  4.3211166E-06 -8.1116456E-05 -7.7895762E-06
  4.3697627E-06 -8.2029616E-05 -7.8772694E-06
  4.4188613E-06 -8.2951269E-05 -7.9657781E-06
  4.4684164E-06 -8.3881494E-05 -8.0551101E-06
  4.5184326E-06 -8.4820370E-05 -8.1452730E-06
  4.5689139E-06 -8.5767977E-05 -8.2362745E-06
  4.6198647E-06 -8.6724398E-05 -8.3281223E-06
  4.6712894E-06 -8.7689713E-05 -8.4208245E-06
  4.7231924E-06 -8.8664007E-05 -8.5143889E-06
  4.7755782E-06 -8.9647361E-05 -8.6088235E-06
  4.8284512E-06 -9.0639861E-05 -8.7041364E-06
  4.8818160E-06 -9.1641591E-05 -8.8003359E-06
  4.9356771E-06 -9.2652637E-05 -8.8974301E-06
  4.9900392E-06 -9.3673087E-05 -8.9954273E-06
  5.0449069E-06 -9.4703027E-05 -9.0943361E-06
  5.1002850E-06 -9.5742545E-05 -9.1941648E-06
  5.1561781E-06 -9.6791731E-05 -9.2949220E-06
  5.2125910E-06 -9.7850675E-05 -9.3966163E-06
  5.2695287E-06 -9.8919467E-05 -9.4992565E-06
  5.3269959E-06 -9.9998199E-05 -9.6028513E-06
  5.3849977E-06 -1.0108696E-04 -9.7074097E-06
  5.4435389E-06 -1.0218585E-04 -9.8129406E-06
  5.5026246E-06 -1.0329496E-04 -9.9194530E-06
  5.5622598E-06 -1.0441439E-04 -1.0026956E-05
  5.6224498E-06 -1.0554422E-04 -1.0135459E-05
  5.6831995E-06 -1.0668457E-04 -1.0244971E-05
  5.7445143E-06 -1.0783551E-04 -1.0355502E-05
  5.8063994E-06 -1.0899717E-04 -1.0467061E-05
  5.8688600E-06 -1.1016962E-04 -1.0579657E-05
  5.9319016E-06 -1.1135298E-04 -1.0693301E-05
  5.9955296E-06 -1.1254735E-04 -1.0808001E-05
  6.0597494E-06 -1.1375282E-04 -1.0923769E-05
  6.1245664E-06 -1.1496950E-04 -1.1040613E-05
  6.1899864E-06 -1.1619750E-04 -1.1158544E-05
  6.2560148E-06 -1.1743692E-04 -1.1277572E-05
  6.3226573E-06 -1.1868787E-04 -1.1397707E-05
  6.3899197E-06 -1.1995045E-04 -1.1518959E-05
  6.4578076E-06 -1.2122477E-04 -1.1641339E-05
  6.5263270E-06 -1.2251094E-04 -1.1764858E-05
  6.5954837E-06 -1.2380907E-04 -1.1889525E-05
  6.6652837E-06 -1.2511928E-04 -1.2015351E-05
  6.7357328E-06 -1.2644167E-04 -1.2142348E-05
  6.8068372E-06 -1.2777636E-04 -1.2270527E-05
  6.8786029E-06 -1.2912346E-04 -1.2399897E-05
  6.9510361E-06 -1.3048309E-04 -1.2530471E-05
  7.0241430E-06 -1.3185537E-04 -1.2662259E-05
  7.0979299E-06 -1.3324041E-04 -1.2795273E-05
  7.1724030E-06 -1.3463832E-04 -1.2929524E-05
  7.2475689E-06 -1.3604924E-04 -1.3065023E-05
  7.3234338E-06 -1.3747328E-04 -1.3201783E-05
  7.4000044E-06 -1.3891056E-04 -1.3339815E-05
  7.4772872E-06 -1.4036121E-04 -1.3479131E-05
  7.5552887E-06 -1.4182535E-04 -1.3619743E-05
  7.6340158E-06 -1.4330311E-04 -1.3761662E-05
  7.7134751E-06 -1.4479461E-04 -1.3904902E-05
  7.7936734E-06 -1.4629998E-04 -1.4049473E-05
  7.8746177E-06 -1.4781935E-04 -1.4195390E-05
  7.9563148E-06 -1.4935284E-04 -1.4342663E-05
  8.0387718E-06 -1.5090060E-04 -1.4491306E-05
  8.1219957E-06 -1.5246276E-04 -1.4641332E-05
  8.2059937E-06 -1.5403944E-04 -1.4792753E-05
  8.2907730E-06 -1.5563079E-04 -1.4945583E-05
  8.3763407E-06 -1.5723693E-04 -1.5099834E-05
  8.4627044E-06 -1.5885801E-04 -1.5255520E-05
  8.5498713E-06 -1.6049417E-04 -1.5412654E-05
  8.6378489E-06 -1.6214554E-04 -1.5571249E-05
  8.7266449E-06 -1.6381227E-04 -1.5731319E-05
  8.8162667E-06 -1.6549450E-04 -1.5892878E-05
  8.9067221E-06 -1.6719237E-04 -1.6055940E-05
  8.9980188E-06 -1.6890603E-04 -1.6220519E-05
  9.0901646E-06 -1.7063563E-04 -1.6386628E-05
  9.1831676E-06 -1.7238131E-04 -1.6554282E-05
  9.2770355E-06 -1.7414323E-04 -1.6723496E-05
  9.3717765E-06 -1.7592154E-04 -1.6894283E-05
  9.4673987E-06 -1.7771638E-04 -1.7066659E-05
  9.5639102E-06 -1.7952791E-04 -1.7240638E-05
  9.6613194E-06 -1.8135629E-04 -1.7416235E-05
  9.7596346E-06 -1.8320167E-04 -1.7593466E-05
  9.8588643E-06 -1.8506421E-04 -1.7772345E-05
  9.9590168E-06 -1.8694407E-04 -1.7952887E-05
  1.0060101E-05 -1.8884142E-04 -1.8135109E-05
  1.0162125E-05 -1.9075641E-04 -1.8319026E-05
  1.0265098E-05 -1.9268921E-04 -1.8504653E-05
  1.0369029E-05 -1.9463998E-04 -1.8692007E-05
  1.0473927E-05 -1.9660889E-04 -1.8881104E-05
  1.0579800E-05 -1.9859612E-04 -1.9071959E-05
  1.0686658E-05 -2.0060182E-04 -1.9264589E-05
  1.0794510E-05 -2.0262617E-04 -1.9459012E-05
  1.0903365E-05 -2.0466935E-04 -1.9655242E-05
  1.1013233E-05 -2.0673153E-04 -1.9853297E-05
  1.1124122E-05 -2.0881289E-04 -2.0053195E-05
  1.1236043E-05 -2.1091360E-04 -2.0254952E-05
  1.1349004E-05 -2.1303385E-04 -2.0458585E-05
  1.1463017E-05 -2.1517382E-04 -2.0664113E-05
  1.1578089E-05 -2.1733368E-04 -2.0871552E-05
  1.1694232E-05 -2.1951363E-04 -2.1080920E-05
  1.1811456E-05 -2.2171386E-04 -2.1292236E-05
  1.1929769E-05 -2.2393454E-04 -2.1505517E-05
  1.2049183E-05 -2.2617587E-04 -2.1720782E-05
  1.2169708E-05 -2.2843805E-04 -2.1938049E-05
  1.2291354E-05 -2.3072126E-04 -2.2157337E-05
  1.2414131E-05 -2.3302570E-04 -2.2378664E-05
  1.2538050E-05 -2.3535158E-04 -2.2602050E-05
  1.2663121E-05 -2.3769908E-04 -2.2827514E-05
  1.2789356E-05 -2.4006841E-04 -2.3055075E-05
  1.2916765E-05 -2.4245978E-04 -2.3284752E-05
  1.3045359E-05 -2.4487338E-04 -2.3516565E-05
  1.3175150E-05 -2.4730943E-04 -2.3750535E-05
  1.3306147E-05 -2.4976813E-04 -2.3986681E-05
  1.3438363E-05 -2.5224969E-04 -2.4225023E-05
  1.3571808E-05 -2.5475433E-04 -2.4465582E-05
  1.3706495E-05 -2.5728226E-04 -2.4708378E-05
  1.3842434E-05 -2.5983370E-04 -2.4953433E-05
  1.3979638E-05 -2.6240886E-04 -2.5200767E-05
  1.4118117E-05 -2.6500797E-04 -2.5450401E-05
  1.4257885E-05 -2.6763125E-04 -2.5702357E-05
  1.4398953E-05 -2.7027892E-04 -2.5956657E-05
  1.4541333E-05 -2.7295122E-04 -2.6213322E-05
  1.4685037E-05 -2.7564836E-04 -2.6472374E-05
  1.4830078E-05 -2.7837058E-04 -2.6733835E-05
  1.4976467E-05 -2.8111812E-04 -2.6997729E-05
  1.5124219E-05 -2.8389120E-04 -2.7264077E-05
  1.5273344E-05 -2.8669008E-04 -2.7532902E-05
  1.5423857E-05 -2.8951497E-04 -2.7804227E-05
  1.5575769E-05 -2.9236614E-04 -2.8078076E-05
  1.5729095E-05 -2.9524382E-04 -2.8354472E-05
  1.5883846E-05 -2.9814825E-04 -2.8633439E-05
  1.6040037E-05 -3.0107970E-04 -2.8915001E-05
  1.6197681E-05 -3.0403840E-04 -2.9199181E-05
  1.6356790E-05 -3.0702462E-04 -2.9486005E-05
  1.6517380E-05 -3.1003860E-04 -2.9775496E-05
  1.6679463E-05 -3.1308061E-04 -3.0067680E-05
  1.6843054E-05 -3.1615090E-04 -3.0362581E-05
  1.7008167E-05 -3.1924975E-04 -3.0660225E-05
  1.7174815E-05 -3.2237741E-04 -3.0960638E-05
  1.7343013E-05 -3.2553415E-04 -3.1263845E-05
  1.7512775E-05 -3.2872024E-04 -3.1569872E-05
  1.7684117E-05 -3.3193596E-04 -3.1878745E-05
  1.7857052E-05 -3.3518158E-04 -3.2190491E-05
  1.8031596E-05 -3.3845739E-04 -3.2505137E-05
  1.8207763E-05 -3.4176365E-04 -3.2822709E-05
  1.8385568E-05 -3.4510065E-04 -3.3143235E-05
  1.8565027E-05 -3.4846868E-04 -3.3466742E-05
  1.8746156E-05 -3.5186803E-04 -3.3793258E-05
  1.8928969E-05 -3.5529899E-04 -3.4122811E-05
  1.9113482E-05 -3.5876185E-04 -3.4455429E-05
  1.9299712E-05 -3.6225691E-04 -3.4791141E-05
  1.9487674E-05 -3.6578447E-04 -3.5129975E-05
  1.9677384E-05 -3.6934482E-04 -3.5471961E-05
  1.9868858E-05 -3.7293828E-04 -3.5817127E-05
  2.0062114E-05 -3.7656516E-04 -3.6165504E-05
  2.0257166E-05 -3.8022575E-04 -3.6517122E-05
  2.0454033E-05 -3.8392039E-04 -3.6872009E-05
  2.0652731E-05 -3.8764938E-04 -3.7230197E-05
  2.0853278E-05 -3.9141303E-04 -3.7591717E-05
  2.1055689E-05 -3.9521169E-04 -3.7956600E-05
  2.1259983E-05 -3.9904566E-04 -3.8324876E-05
  2.1466177E-05 -4.0291528E-04 -3.8696577E-05
  2.1674289E-05 -4.0682089E-04 -3.9071736E-05
  2.1884337E-05 -4.1076280E-04 -3.9450384E-05
  2.2096338E-05 -4.1474137E-04 -3.9832554E-05
  2.2310311E-05 -4.1875693E-04 -4.0218278E-05
  2.2526275E-05 -4.2280982E-04 -4.0607590E-05
  2.2744247E-05 -4.2690040E-04 -4.1000523E-05
  2.2964246E-05 -4.3102901E-04 -4.1397110E-05
  2.3186291E-05 -4.3519601E-04 -4.1797387E-05
  2.3410402E-05 -4.3940175E-04 -4.2201386E-05
  2.3636597E-05 -4.4364660E-04 -4.2609143E-05
  2.3864896E-05 -4.4793091E-04 -4.3020692E-05
  2.4095319E-05 -4.5225506E-04 -4.3436069E-05
  2.4327884E-05 -4.5661941E-04 -4.3855310E-05
  2.4562613E-05 -4.6102434E-04 -4.4278450E-05
  2.4799525E-05 -4.6547022E-04 -4.4705525E-05
  2.5038640E-05 -4.6995744E-04 -4.5136573E-05
  2.5279980E-05 -4.7448638E-04 -4.5571630E-05
  2.5523564E-05 -4.7905743E-04 -4.6010733E-05
  2.5769414E-05 -4.8367097E-04 -4.6453921E-05
  2.6017550E-05 -4.8832741E-04 -4.6901230E-05
  2.6267994E-05 -4.9302715E-04 -4.7352700E-05
  2.6520768E-05 -4.9777057E-04 -4.7808370E-05
  2.6775892E-05 -5.0255810E-04 -4.8268277E-05
  2.7033390E-05 -5.0739014E-04 -4.8732462E-05
  2.7293283E-05 -5.1226710E-04 -4.9200964E-05
  2.7555592E-05 -5.1718941E-04 -4.9673824E-05
  2.7820342E-05 -5.2215747E-04 -5.0151082E-05
  2.8087554E-05 -5.2717173E-04 -5.0632778E-05
  2.8357251E-05 -5.3223261E-04 -5.1118955E-05
  2.8629457E-05 -5.3734053E-04 -5.1609654E-05
  2.8904194E-05 -5.4249595E-04 -5.2104917E-05
  2.9181487E-05 -5.4769929E-04 -5.2604787E-05
  2.9461359E-05 -5.5295101E-04 -5.3109305E-05
  2.9743834E-05 -5.5825155E-04 -5.3618517E-05
  3.0028937E-05 -5.6360137E-04 -5.4132464E-05
  3.0316691E-05 -5.6900093E-04 -5.4651191E-05
  3.0607121E-05 -5.7445069E-04 -5.5174744E-05
  3.0900253E-05 -5.7995111E-04 -5.5703165E-05
  3.1196111E-05 -5.8550266E-04 -5.6236502E-05
  3.1494721E-05 -5.9110583E-04 -5.6774799E-05
  3.1796108E-05 -5.9676109E-04 -5.7318103E-05
  3.2100299E-05 -6.0246892E-04 -5.7866460E-05
  3.2407319E-05 -6.0822981E-04 -5.8419918E-05
  3.2717194E-05 -6.1404426E-04 -5.8978523E-05
  3.3029952E-05 -6.1991277E-04 -5.9542323E-05
  3.3345618E-05 -6.2583583E-04 -6.0111368E-05
  3.3664221E-05 -6.3181395E-04 -6.0685705E-05
  3.3985786E-05 -6.3784765E-04 -6.1265384E-05
  3.4310343E-05 -6.4393744E-04 -6.1850455E-05
  3.4637918E-05 -6.5008384E-04 -6.2440968E-05
  3.4968540E-05 -6.5628738E-04 -6.3036972E-05
  3.5302238E-05 -6.6254858E-04 -6.3638521E-05
  3.5639039E-05 -6.6886800E-04 -6.4245664E-05
  3.5978972E-05 -6.7524615E-04 -6.4858454E-05
  3.6322067E-05 -6.8168360E-04 -6.5476944E-05
  3.6668354E-05 -6.8818089E-04 -6.6101186E-05
  3.7017861E-05 -6.9473858E-04 -6.6731235E-05
  3.7370619E-05 -7.0135723E-04 -6.7367143E-05
  3.7726658E-05 -7.0803740E-04 -6.8008967E-05
  3.8086008E-05 -7.1477968E-04 -6.8656759E-05
  3.8448701E-05 -7.2158462E-04 -6.9310577E-05
  3.8814767E-05 -7.2845282E-04 -6.9970476E-05
  3.9184238E-05 -7.3538487E-04 -7.0636513E-05
  3.9557146E-05 -7.4238135E-04 -7.1308744E-05
  3.9933521E-05 -7.4944287E-04 -7.1987228E-05
  4.0313398E-05 -7.5657003E-04 -7.2672022E-05
  4.0696808E-05 -7.6376344E-04 -7.3363186E-05
  4.1083783E-05 -7.7102371E-04 -7.4060778E-05
  4.1474358E-05 -7.7835147E-04 -7.4764859E-05
  4.1868566E-05 -7.8574735E-04 -7.5475488E-05
  4.2266440E-05 -7.9321196E-04 -7.6192726E-05
  4.2668015E-05 -8.0074597E-04 -7.6916636E-05
  4.3073325E-05 -8.0835000E-04 -7.7647279E-05
  4.3482405E-05 -8.1602472E-04 -7.8384717E-05
  4.3895289E-05 -8.2377077E-04 -7.9129015E-05
  4.4312014E-05 -8.3158881E-04 -7.9880235E-05
  4.4732615E-05 -8.3947953E-04 -8.0638442E-05
  4.5157128E-05 -8.4744359E-04 -8.1403701E-05
  4.5585589E-05 -8.5548167E-04 -8.2176078E-05
  4.6018035E-05 -8.6359446E-04 -8.2955639E-05
  4.6454504E-05 -8.7178266E-04 -8.3742450E-05
  4.6895032E-05 -8.8004697E-04 -8.4536580E-05
  4.7339657E-05 -8.8838809E-04 -8.5338096E-05
  4.7788418E-05 -8.9680673E-04 -8.6147066E-05
  4.8241352E-05 -9.0530362E-04 -8.6963561E-05
  4.8698500E-05 -9.1387948E-04 -8.7787650E-05
  4.9159899E-05 -9.2253505E-04 -8.8619404E-05
  4.9625590E-05 -9.3127107E-04 -8.9458894E-05
  5.0095612E-05 -9.4008828E-04 -9.0306192E-05
  5.0570006E-05 -9.4898744E-04 -9.1161371E-05
  5.1048812E-05 -9.5796930E-04 -9.2024504E-05
  5.1532072E-05 -9.6703465E-04 -9.2895665E-05
  5.2019826E-05 -9.7618424E-04 -9.3774928E-05
  5.2512117E-05 -9.8541887E-04 -9.4662369E-05
  5.3008987E-05 -9.9473933E-04 -9.5558065E-05
  5.3510478E-05 -1.0041464E-03 -9.6462091E-05
  5.4016634E-05 -1.0136409E-03 -9.7374526E-05
  5.4527497E-05 -1.0232236E-03 -9.8295447E-05
  5.5043112E-05 -1.0328954E-03 -9.9224934E-05
  5.5563522E-05 -1.0426571E-03 -1.0016307E-04
  5.6088773E-05 -1.0525095E-03 -1.0110992E-04
  5.6618909E-05 -1.0624535E-03 -1.0206559E-04
  5.7153976E-05 -1.0724898E-03 -1.0303014E-04
  5.7694020E-05 -1.0826195E-03 -1.0400366E-04
  5.8239086E-05 -1.0928433E-03 -1.0498624E-04
  5.8789223E-05 -1.1031620E-03 -1.0597796E-04
  5.9344476E-05 -1.1135767E-03 -1.0697890E-04
  5.9904893E-05 -1.1240882E-03 -1.0798915E-04
  6.0470523E-05 -1.1346973E-03 -1.0900880E-04
  6.1041414E-05 -1.1454050E-03 -1.1003793E-04
  6.1617614E-05 -1.1562123E-03 -1.1107664E-04
  6.2199174E-05 -1.1671199E-03 -1.1212500E-04
  6.2786143E-05 -1.1781289E-03 -1.1318312E-04
  6.3378571E-05 -1.1892402E-03 -1.1425107E-04
  6.3976510E-05 -1.2004548E-03 -1.1532896E-04
  6.4580010E-05 -1.2117736E-03 -1.1641688E-04
  6.5189123E-05 -1.2231975E-03 -1.1751491E-04
  6.5803901E-05 -1.2347276E-03 -1.1862316E-04
  6.6424398E-05 -1.2463649E-03 -1.1974171E-04
  6.7050665E-05 -1.2581102E-03 -1.2087067E-04
  6.7682758E-05 -1.2699647E-03 -1.2201013E-04
  6.8320729E-05 -1.2819294E-03 -1.2316019E-04
  6.8964635E-05 -1.2940052E-03 -1.2432094E-04
  6.9614529E-05 -1.3061932E-03 -1.2549249E-04
  7.0270468E-05 -1.3184945E-03 -1.2667493E-04
  7.0932508E-05 -1.3309100E-03 -1.2786838E-04
  7.1600706E-05 -1.3434410E-03 -1.2907292E-04
  7.2275118E-05 -1.3560883E-03 -1.3028867E-04
  7.2955803E-05 -1.3688532E-03 -1.3151573E-04
  7.3642819E-05 -1.3817366E-03 -1.3275419E-04
  7.4336225E-05 -1.3947398E-03 -1.3400418E-04
  7.5036081E-05 -1.4078637E-03 -1.3526579E-04
  7.5742445E-05 -1.4211096E-03 -1.3653914E-04
  7.6455380E-05 -1.4344786E-03 -1.3782433E-04
  7.7174946E-05 -1.4479717E-03 -1.3912148E-04
  7.7901204E-05 -1.4615902E-03 -1.4043068E-04
  7.8634217E-05 -1.4753353E-03 -1.4175207E-04
  7.9374048E-05 -1.4892080E-03 -1.4308575E-04
  8.0120760E-05 -1.5032096E-03 -1.4443183E-04
  8.0874418E-05 -1.5173413E-03 -1.4579043E-04
  8.1635085E-05 -1.5316042E-03 -1.4716166E-04
  8.2402827E-05 -1.5459997E-03 -1.4854565E-04
  8.3177709E-05 -1.5605289E-03 -1.4994252E-04
  8.3959799E-05 -1.5751931E-03 -1.5135237E-04
  8.4749164E-05 -1.5899934E-03 -1.5277534E-04
  8.5545870E-05 -1.6049313E-03 -1.5421154E-04
  8.6349986E-05 -1.6200079E-03 -1.5566111E-04
  8.7161581E-05 -1.6352246E-03 -1.5712415E-04
  8.7980725E-05 -1.6505827E-03 -1.5860080E-04
  8.8807487E-05 -1.6660834E-03 -1.6009119E-04
  8.9641940E-05 -1.6817280E-03 -1.6159543E-04
  9.0484153E-05 -1.6975180E-03 -1.6311367E-04
  9.1334200E-05 -1.7134547E-03 -1.6464603E-04
  9.2192154E-05 -1.7295394E-03 -1.6619265E-04
  9.3058087E-05 -1.7457735E-03 -1.6775364E-04
  9.3932074E-05 -1.7621583E-03 -1.6932916E-04
  9.4814190E-05 -1.7786954E-03 -1.7091933E-04
  9.5704511E-05 -1.7953861E-03 -1.7252429E-04
  9.6603112E-05 -1.8122317E-03 -1.7414418E-04
  9.7510072E-05 -1.8292339E-03 -1.7577913E-04
  9.8425467E-05 -1.8463939E-03 -1.7742929E-04
  9.9349376E-05 -1.8637133E-03 -1.7909480E-04
  1.0028188E-04 -1.8811936E-03 -1.8077580E-04
  1.0122305E-04 -1.8988362E-03 -1.8247244E-04
  1.0217298E-04 -1.9166427E-03 -1.8418485E-04
  1.0313175E-04 -1.9346145E-03 -1.8591320E-04
  1.0409943E-04 -1.9527533E-03 -1.8765761E-04
  1.0507611E-04 -1.9710605E-03 -1.8941826E-04
  1.0606188E-04 -1.9895377E-03 -1.9119528E-04
  1.0705681E-04 -2.0081865E-03 -1.9298882E-04
  1.0806100E-04 -2.0270084E-03 -1.9479905E-04
  1.0907453E-04 -2.0460052E-03 -1.9662612E-04
  1.1009749E-04 -2.0651784E-03 -1.9847017E-04
  1.1112996E-04 -2.0845296E-03 -2.0033139E-04
  1.1217203E-04 -2.1040605E-03 -2.0220991E-04
  1.1322380E-04 -2.1237727E-03 -2.0410590E-04
  1.1428535E-04 -2.1436680E-03 -2.0601953E-04
  1.1535677E-04 -2.1637480E-03 -2.0795095E-04
  1.1643815E-04 -2.1840145E-03 -2.0990035E-04
  1.1752960E-04 -2.2044691E-03 -2.1186787E-04
  1.1863119E-04 -2.2251137E-03 -2.1385369E-04
  1.1974304E-04 -2.2459500E-03 -2.1585798E-04
  1.2086522E-04 -2.2669797E-03 -2.1788092E-04
  1.2199784E-04 -2.2882046E-03 -2.1992266E-04
  1.2314100E-04 -2.3096266E-03 -2.2198340E-04
  1.2429478E-04 -2.3312475E-03 -2.2406331E-04
  1.2545930E-04 -2.3530692E-03 -2.2616256E-04
  1.2663465E-04 -2.3750934E-03 -2.2828134E-04
  1.2782094E-04 -2.3973221E-03 -2.3041982E-04
  1.2901825E-04 -2.4197571E-03 -2.3257820E-04
  1.3022670E-04 -2.4424004E-03 -2.3475664E-04
  1.3144640E-04 -2.4652540E-03 -2.3695535E-04
  1.3267743E-04 -2.4883196E-03 -2.3917451E-04
  1.3391992E-04 -2.5115994E-03 -2.4141431E-04
  1.3517396E-04 -2.5350953E-03 -2.4367495E-04
  1.3643967E-04 -2.5588093E-03 -2.4595661E-04
  1.3771714E-04 -2.5827434E-03 -2.4825949E-04
  1.3900650E-04 -2.6068997E-03 -2.5058379E-04
  1.4030786E-04 -2.6312802E-03 -2.5292970E-04
  1.4162131E-04 -2.6558870E-03 -2.5529744E-04
  1.4294699E-04 -2.6807221E-03 -2.5768720E-04
  1.4428499E-04 -2.7057878E-03 -2.6009919E-04
  1.4563544E-04 -2.7310862E-03 -2.6253361E-04
  1.4699845E-04 -2.7566193E-03 -2.6499067E-04
  1.4837413E-04 -2.7823894E-03 -2.6747059E-04
  1.4976261E-04 -2.8083987E-03 -2.6997357E-04
  1.5116401E-04 -2.8346493E-03 -2.7249983E-04
  1.5257844E-04 -2.8611436E-03 -2.7504959E-04
  1.5400602E-04 -2.8878837E-03 -2.7762307E-04
  1.5544688E-04 -2.9148720E-03 -2.8022048E-04
  1.5690115E-04 -2.9421107E-03 -2.8284204E-04
  1.5836894E-04 -2.9696022E-03 -2.8548800E-04
  1.5985038E-04 -2.9973488E-03 -2.8815856E-04
  1.6134560E-04 -3.0253529E-03 -2.9085396E-04
  1.6285473E-04 -3.0536168E-03 -2.9357443E-04
  1.6437790E-04 -3.0821430E-03 -2.9632020E-04
  1.6591523E-04 -3.1109338E-03 -2.9909151E-04
  1.6746686E-04 -3.1399918E-03 -3.0188860E-04
  1.6903292E-04 -3.1693194E-03 -3.0471170E-04
  1.7061355E-04 -3.1989191E-03 -3.0756107E-04
  1.7220888E-04 -3.2287934E-03 -3.1043693E-04
  1.7381904E-04 -3.2589449E-03 -3.1333954E-04
  1.7544419E-04 -3.2893761E-03 -3.1626915E-04
  1.7708445E-04 -3.3200896E-03 -3.1922600E-04
  1.7873996E-04 -3.3510880E-03 -3.2221036E-04
  1.8041087E-04 -3.3823740E-03 -3.2522248E-04
  1.8209733E-04 -3.4139502E-03 -3.2826261E-04
  1.8379947E-04 -3.4458194E-03 -3.3133102E-04
  1.8551744E-04 -3.4779841E-03 -3.3442796E-04
  1.8725139E-04 -3.5104472E-03 -3.3755372E-04
  1.8900147E-04 -3.5432114E-03 -3.4070854E-04
  1.9076782E-04 -3.5762795E-03 -3.4389271E-04
  1.9255060E-04 -3.6096543E-03 -3.4710649E-04
  1.9434997E-04 -3.6433386E-03 -3.5035016E-04
  1.9616607E-04 -3.6773354E-03 -3.5362401E-04
  1.9799906E-04 -3.7116474E-03 -3.5692830E-04
  1.9984910E-04 -3.7462777E-03 -3.6026333E-04
  2.0171635E-04 -3.7812291E-03 -3.6362937E-04
  2.0360097E-04 -3.8165047E-03 -3.6702673E-04
  2.0550311E-04 -3.8521073E-03 -3.7045568E-04
  2.0742295E-04 -3.8880401E-03 -3.7391652E-04
  2.0936064E-04 -3.9243061E-03 -3.7740956E-04
  2.1131636E-04 -3.9609084E-03 -3.8093508E-04
  2.1329026E-04 -3.9978501E-03 -3.8449339E-04
  2.1528253E-04 -4.0351342E-03 -3.8808480E-04
  2.1729332E-04 -4.0727641E-03 -3.9170961E-04
  2.1932282E-04 -4.1107429E-03 -3.9536814E-04
  2.2137119E-04 -4.1490737E-03 -3.9906070E-04
  2.2343862E-04 -4.1877599E-03 -4.0278760E-04
  2.2552527E-04 -4.2268048E-03 -4.0654916E-04
  2.2763134E-04 -4.2662116E-03 -4.1034571E-04
  2.2975699E-04 -4.3059837E-03 -4.1417757E-04
  2.3190241E-04 -4.3461245E-03 -4.1804507E-04
  2.3406778E-04 -4.3866374E-03 -4.2194854E-04
  2.3625330E-04 -4.4275258E-03 -4.2588832E-04
  2.3845914E-04 -4.4687932E-03 -4.2986475E-04
  2.4068550E-04 -4.5104431E-03 -4.3387815E-04
  2.4293257E-04 -4.5524790E-03 -4.3792889E-04
  2.4520054E-04 -4.5949045E-03 -4.4201730E-04
  2.4748960E-04 -4.6377231E-03 -4.4614374E-04
  2.4979995E-04 -4.6809386E-03 -4.5030856E-04
  2.5213179E-04 -4.7245546E-03 -4.5451211E-04
  2.5448532E-04 -4.7685747E-03 -4.5875476E-04
  2.5686074E-04 -4.8130028E-03 -4.6303688E-04
  2.5925825E-04 -4.8578425E-03 -4.6735882E-04
  2.6167806E-04 -4.9030977E-03 -4.7172096E-04
  2.6412038E-04 -4.9487722E-03 -4.7612367E-04
  2.6658542E-04 -4.9948698E-03 -4.8056733E-04
  2.6907338E-04 -5.0413946E-03 -4.8505232E-04
  2.7158448E-04 -5.0883504E-03 -4.8957903E-04
  2.7411894E-04 -5.1357411E-03 -4.9414784E-04
  2.7667697E-04 -5.1835709E-03 -4.9875914E-04
  2.7925879E-04 -5.2318438E-03 -5.0341333E-04
  2.8186463E-04 -5.2805638E-03 -5.0811082E-04
  2.8449470E-04 -5.3297351E-03 -5.1285199E-04
  2.8714924E-04 -5.3793618E-03 -5.1763726E-04
  2.8982847E-04 -5.4294482E-03 -5.2246704E-04
  2.9253261E-04 -5.4799985E-03 -5.2734174E-04
  2.9526191E-04 -5.5310169E-03 -5.3226178E-04
  2.9801659E-04 -5.5825077E-03 -5.3722758E-04
  3.0079689E-04 -5.6344754E-03 -5.4223956E-04
  3.0360305E-04 -5.6869244E-03 -5.4729817E-04
  3.0643532E-04 -5.7398590E-03 -5.5240382E-04
  3.0929392E-04 -5.7932837E-03 -5.5755696E-04
  3.1217912E-04 -5.8472031E-03 -5.6275803E-04
  3.1509114E-04 -5.9016217E-03 -5.6800748E-04
  3.1803026E-04 -5.9565441E-03 -5.7330575E-04
  3.2099671E-04 -6.0119750E-03 -5.7865330E-04
  3.2399075E-04 -6.0679190E-03 -5.8405059E-04
  3.2701263E-04 -6.1243809E-03 -5.8949808E-04
  3.3006263E-04 -6.1813655E-03 -5.9499623E-04
  3.3314099E-04 -6.2388774E-03 -6.0054552E-04
  3.3624799E-04 -6.2969218E-03 -6.0614643E-04
  3.3938388E-04 -6.3555033E-03 -6.1179943E-04
  3.4254894E-04 -6.4146270E-03 -6.1750501E-04
  3.4574343E-04 -6.4742978E-03 -6.2326366E-04
  3.4896764E-04 -6.5345208E-03 -6.2907587E-04
  3.5222184E-04 -6.5953011E-03 -6.3494213E-04
  3.5550631E-04 -6.6566439E-03 -6.4086296E-04
  3.5882132E-04 -6.7185542E-03 -6.4683886E-04
  3.6216717E-04 -6.7810373E-03 -6.5287034E-04
  3.6554413E-04 -6.8440985E-03 -6.5895792E-04
  3.6895251E-04 -6.9077431E-03 -6.6510212E-04
  3.7239258E-04 -6.9719764E-03 -6.7130347E-04
  3.7586466E-04 -7.0368040E-03 -6.7756249E-04
  3.7936902E-04 -7.1022311E-03 -6.8387973E-04
  3.8290598E-04 -7.1682635E-03 -6.9025573E-04
  3.8647584E-04 -7.2349066E-03 -6.9669103E-04
  3.9007890E-04 -7.3021660E-03 -7.0318619E-04
  3.9371547E-04 -7.3700474E-03 -7.0974175E-04
  3.9738587E-04 -7.4385566E-03 -7.1635829E-04
  4.0109041E-04 -7.5076993E-03 -7.2303637E-04
  4.0482940E-04 -7.5774813E-03 -7.2977656E-04
  4.0860316E-04 -7.6479085E-03 -7.3657945E-04
  4.1241203E-04 -7.7189868E-03 -7.4344560E-04
  4.1625632E-04 -7.7907223E-03 -7.5037562E-04
  4.2013637E-04 -7.8631209E-03 -7.5737010E-04
  4.2405251E-04 -7.9361887E-03 -7.6442963E-04
  4.2800507E-04 -8.0099320E-03 -7.7155482E-04
  4.3199439E-04 -8.0843568E-03 -7.7874628E-04
  4.3602082E-04 -8.1594695E-03 -7.8600463E-04
  4.4008470E-04 -8.2352764E-03 -7.9333049E-04
  4.4418637E-04 -8.3117838E-03 -8.0072449E-04
  4.4832620E-04 -8.3889982E-03 -8.0818726E-04
  4.5250453E-04 -8.4669260E-03 -8.1571944E-04
  4.5672172E-04 -8.5455739E-03 -8.2332167E-04
  4.6097814E-04 -8.6249484E-03 -8.3099462E-04
  4.6527414E-04 -8.7050562E-03 -8.3873893E-04
  4.6961011E-04 -8.7859040E-03 -8.4655527E-04
  4.7398640E-04 -8.8674986E-03 -8.5444431E-04
  4.7840339E-04 -8.9498468E-03 -8.6240673E-04
  4.8286147E-04 -9.0329557E-03 -8.7044320E-04
  4.8736101E-04 -9.1168320E-03 -8.7855442E-04
  4.9190240E-04 -9.2014830E-03 -8.8674109E-04
  4.9648604E-04 -9.2869156E-03 -8.9500389E-04
  5.0111230E-04 -9.3731371E-03 -9.0334355E-04
  5.0578159E-04 -9.4601546E-03 -9.1176078E-04
  5.1049431E-04 -9.5479755E-03 -9.2025630E-04
  5.1525087E-04 -9.6366072E-03 -9.2883083E-04
  5.2005166E-04 -9.7260570E-03 -9.3748512E-04
  5.2489711E-04 -9.8163324E-03 -9.4621989E-04
  5.2978762E-04 -9.9074411E-03 -9.5503591E-04
  5.3472363E-04 -9.9993906E-03 -9.6393393E-04
  5.3970554E-04 -1.0092189E-02 -9.7291471E-04
  5.4473378E-04 -1.0185843E-02 -9.8197902E-04
  5.4980880E-04 -1.0280362E-02 -9.9112763E-04
  5.5493102E-04 -1.0375752E-02 -1.0003613E-03
  5.6010088E-04 -1.0472023E-02 -1.0096809E-03
  5.6531882E-04 -1.0569181E-02 -1.0190872E-03
  5.7058530E-04 -1.0667236E-02 -1.0285810E-03
  5.7590076E-04 -1.0766195E-02 -1.0381630E-03
  5.8126566E-04 -1.0866067E-02 -1.0478342E-03
  5.8668045E-04 -1.0966860E-02 -1.0575953E-03
  5.9214561E-04 -1.1068583E-02 -1.0674473E-03
  5.9766161E-04 -1.1171243E-02 -1.0773908E-03
  6.0322890E-04 -1.1274850E-02 -1.0874268E-03
  6.0884798E-04 -1.1379412E-02 -1.0975562E-03
  6.1451932E-04 -1.1484938E-02 -1.1077798E-03
  6.2024341E-04 -1.1591437E-02 -1.1180985E-03
  6.2602074E-04 -1.1698917E-02 -1.1285132E-03
  6.3185180E-04 -1.1807387E-02 -1.1390247E-03
  6.3773710E-04 -1.1916858E-02 -1.1496340E-03
  6.4367714E-04 -1.2027337E-02 -1.1603420E-03
  6.4967242E-04 -1.2138833E-02 -1.1711495E-03
  6.5572347E-04 -1.2251357E-02 -1.1820576E-03
  6.6183080E-04 -1.2364918E-02 -1.1930672E-03
  6.6799493E-04 -1.2479525E-02 -1.2041791E-03
  6.7421640E-04 -1.2595187E-02 -1.2153944E-03
  6.8049573E-04 -1.2711914E-02 -1.2267140E-03
  6.8683346E-04 -1.2829716E-02 -1.2381389E-03
  6.9323015E-04 -1.2948603E-02 -1.2496701E-03
  6.9968632E-04 -1.3068585E-02 -1.2613085E-03
  7.0620255E-04 -1.3189671E-02 -1.2730551E-03
  7.1277938E-04 -1.3311871E-02 -1.2849111E-03
  7.1941739E-04 -1.3435197E-02 -1.2968772E-03
  7.2611713E-04 -1.3559657E-02 -1.3089547E-03
  7.3287919E-04 -1.3685263E-02 -1.3211445E-03
  7.3970414E-04 -1.3812024E-02 -1.3334477E-03
  7.4659257E-04 -1.3939952E-02 -1.3458654E-03
  7.5354508E-04 -1.4069056E-02 -1.3583985E-03
  7.6056224E-04 -1.4199348E-02 -1.3710482E-03
  7.6764467E-04 -1.4330839E-02 -1.3838155E-03
  7.7479298E-04 -1.4463539E-02 -1.3967016E-03
  7.8200777E-04 -1.4597459E-02 -1.4097075E-03
  7.8928967E-04 -1.4732610E-02 -1.4228345E-03
  7.9663929E-04 -1.4869004E-02 -1.4360835E-03
  8.0405728E-04 -1.5006652E-02 -1.4494557E-03
  8.1154426E-04 -1.5145565E-02 -1.4629523E-03
  8.1910087E-04 -1.5285755E-02 -1.4765745E-03
  8.2672777E-04 -1.5427233E-02 -1.4903233E-03
  8.3442561E-04 -1.5570011E-02 -1.5042000E-03
  8.4219504E-04 -1.5714100E-02 -1.5182058E-03
  8.5003674E-04 -1.5859514E-02 -1.5323419E-03
  8.5795137E-04 -1.6006263E-02 -1.5466094E-03
  8.6593962E-04 -1.6154360E-02 -1.5610097E-03
  8.7400216E-04 -1.6303817E-02 -1.5755438E-03
  8.8213970E-04 -1.6454646E-02 -1.5902132E-03
  8.9035292E-04 -1.6606860E-02 -1.6050190E-03
  8.9864253E-04 -1.6760472E-02 -1.6199625E-03
  9.0700925E-04 -1.6915493E-02 -1.6350450E-03
  9.1545378E-04 -1.7071937E-02 -1.6502678E-03
  9.2397686E-04 -1.7229817E-02 -1.6656322E-03
  9.3257920E-04 -1.7389145E-02 -1.6811394E-03
  9.4126156E-04 -1.7549935E-02 -1.6967909E-03
  9.5002468E-04 -1.7712200E-02 -1.7125880E-03
  9.5886930E-04 -1.7875953E-02 -1.7285320E-03
  9.6779618E-04 -1.8041208E-02 -1.7446243E-03
  9.7680609E-04 -1.8207979E-02 -1.7608663E-03
  9.8589980E-04 -1.8376278E-02 -1.7772593E-03
  9.9507810E-04 -1.8546120E-02 -1.7938049E-03
  1.0043418E-03 -1.8717519E-02 -1.8105043E-03
  1.0136916E-03 -1.8890488E-02 -1.8273590E-03
  1.0231284E-03 -1.9065042E-02 -1.8443705E-03
  1.0326529E-03 -1.9241196E-02 -1.8615402E-03
  1.0422661E-03 -1.9418964E-02 -1.8788696E-03
  1.0519686E-03 -1.9598359E-02 -1.8963602E-03
  1.0617614E-03 -1.9779398E-02 -1.9140135E-03
  1.0716453E-03 -1.9962094E-02 -1.9318310E-03
  1.0816211E-03 -2.0146463E-02 -1.9498141E-03
  1.0916897E-03 -2.0332519E-02 -1.9679646E-03
  1.1018519E-03 -2.0520278E-02 -1.9862839E-03
  1.1121087E-03 -2.0709756E-02 -2.0047735E-03
  1.1224609E-03 -2.0900967E-02 -2.0234351E-03
  1.1329093E-03 -2.1093928E-02 -2.0422703E-03
  1.1434549E-03 -2.1288653E-02 -2.0612807E-03
  1.1540986E-03 -2.1485160E-02 -2.0804679E-03
  1.1648414E-03 -2.1683463E-02 -2.0998336E-03
  1.1756840E-03 -2.1883579E-02 -2.1193794E-03
  1.1866274E-03 -2.2085525E-02 -2.1391070E-03
  1.1976727E-03 -2.2289316E-02 -2.1590180E-03
  1.2088207E-03 -2.2494969E-02 -2.1791143E-03
  1.2200724E-03 -2.2702502E-02 -2.1993975E-03
  1.2314287E-03 -2.2911930E-02 -2.2198693E-03
  1.2428907E-03 -2.3123271E-02 -2.2405315E-03
  1.2544592E-03 -2.3336542E-02 -2.2613859E-03
  1.2661354E-03 -2.3551760E-02 -2.2824343E-03
  1.2779201E-03 -2.3768943E-02 -2.3036785E-03
  1.2898145E-03 -2.3988108E-02 -2.3251202E-03
  1.3018195E-03 -2.4209273E-02 -2.3467614E-03
  1.3139362E-03 -2.4432456E-02 -2.3686039E-03
  1.3261655E-03 -2.4657675E-02 -2.3906495E-03
  1.3385086E-03 -2.4884948E-02 -2.4129002E-03
  1.3509665E-03 -2.5114293E-02 -2.4353578E-03
  1.3635403E-03 -2.5345730E-02 -2.4580243E-03
  1.3762310E-03 -2.5579276E-02 -2.4809016E-03
  1.3890398E-03 -2.5814950E-02 -2.5039917E-03
  1.4019677E-03 -2.6052772E-02 -2.5272966E-03
  1.4150158E-03 -2.6292761E-02 -2.5508182E-03
  1.4281853E-03 -2.6534936E-02 -2.5745586E-03
  1.4414773E-03 -2.6779315E-02 -2.5985198E-03
  1.4548929E-03 -2.7025920E-02 -2.6227039E-03
  1.4684333E-03 -2.7274770E-02 -2.6471129E-03
  1.4820996E-03 -2.7525885E-02 -2.6717489E-03
  1.4958930E-03 -2.7779284E-02 -2.6966141E-03
  1.5098148E-03 -2.8034989E-02 -2.7217106E-03
  1.5238660E-03 -2.8293019E-02 -2.7470405E-03
  1.5380479E-03 -2.8553396E-02 -2.7726059E-03
  1.5523617E-03 -2.8816140E-02 -2.7984092E-03
  1.5668086E-03 -2.9081273E-02 -2.8244525E-03
  1.5813900E-03 -2.9348815E-02 -2.8507379E-03
  1.5961069E-03 -2.9618787E-02 -2.8772679E-03
  1.6109607E-03 -2.9891212E-02 -2.9040446E-03
  1.6259527E-03 -3.0166111E-02 -2.9310704E-03
  1.6410841E-03 -3.0443506E-02 -2.9583475E-03
  1.6563563E-03 -3.0723419E-02 -2.9858784E-03
  1.6717705E-03 -3.1005872E-02 -3.0136653E-03
  1.6873280E-03 -3.1290888E-02 -3.0417107E-03
  1.7030303E-03 -3.1578490E-02 -3.0700169E-03
  1.7188786E-03 -3.1868699E-02 -3.0985864E-03
  1.7348743E-03 -3.2161540E-02 -3.1274216E-03
  1.7510188E-03 -3.2457036E-02 -3.1565250E-03
  1.7673135E-03 -3.2755209E-02 -3.1858991E-03
  1.7837597E-03 -3.3056084E-02 -3.2155464E-03
  1.8003588E-03 -3.3359684E-02 -3.2454695E-03
  1.8171124E-03 -3.3666034E-02 -3.2756709E-03
  1.8340218E-03 -3.3975157E-02 -3.3061532E-03
  1.8510885E-03 -3.4287078E-02 -3.3369190E-03
  1.8683139E-03 -3.4601821E-02 -3.3679710E-03
  1.8856995E-03 -3.4919412E-02 -3.3993118E-03
  1.9032468E-03 -3.5239875E-02 -3.4309440E-03
  1.9209573E-03 -3.5563235E-02 -3.4628705E-03
  1.9388325E-03 -3.5889519E-02 -3.4950940E-03
  1.9568741E-03 -3.6218750E-02 -3.5276171E-03
  1.9750834E-03 -3.6550957E-02 -3.5604428E-03
  1.9934620E-03 -3.6886163E-02 -3.5935738E-03
  2.0120116E-03 -3.7224396E-02 -3.6270129E-03
  2.0307338E-03 -3.7565683E-02 -3.6607631E-03
  2.0496301E-03 -3.7910049E-02 -3.6948271E-03
  2.0687021E-03 -3.8257522E-02 -3.7292080E-03
  2.0879515E-03 -3.8608128E-02 -3.7639087E-03
  2.1073800E-03 -3.8961896E-02 -3.7989321E-03
  2.1269891E-03 -3.9318853E-02 -3.8342813E-03
  2.1467807E-03 -3.9679026E-02 -3.8699593E-03
  2.1667563E-03 -4.0042443E-02 -3.9059691E-03
  2.1869177E-03 -4.0409133E-02 -3.9423139E-03
  2.2072667E-03 -4.0779125E-02 -3.9789966E-03
  2.2278049E-03 -4.1152446E-02 -4.0160206E-03
  2.2485341E-03 -4.1529126E-02 -4.0533890E-03
  2.2694561E-03 -4.1909194E-02 -4.0911049E-03
  2.2905728E-03 -4.2292679E-02 -4.1291716E-03
  2.3118858E-03 -4.2679611E-02 -4.1675924E-03
  2.3333971E-03 -4.3070020E-02 -4.2063705E-03
  2.3551084E-03 -4.3463936E-02 -4.2455093E-03
  2.3770217E-03 -4.3861389E-02 -4.2850122E-03
  2.3991388E-03 -4.4262410E-02 -4.3248825E-03
  2.4214616E-03 -4.4667029E-02 -4.3651236E-03
  2.4439920E-03 -4.5075278E-02 -4.4057390E-03
  2.4667320E-03 -4.5487188E-02 -4.4467321E-03
  2.4896835E-03 -4.5902790E-02 -4.4881066E-03
  2.5128484E-03 -4.6322116E-02 -4.5298658E-03
  2.5362289E-03 -4.6745199E-02 -4.5720135E-03
  2.5598267E-03 -4.7172070E-02 -4.6145532E-03
  2.5836441E-03 -4.7602762E-02 -4.6574886E-03
  2.6076830E-03 -4.8037308E-02 -4.7008233E-03
  2.6319455E-03 -4.8475741E-02 -4.7445611E-03
  2.6564336E-03 -4.8918094E-02 -4.7887057E-03
  2.6811495E-03 -4.9364401E-02 -4.8332609E-03
  2.7060953E-03 -4.9814696E-02 -4.8782305E-03
  2.7312731E-03 -5.0269012E-02 -4.9236184E-03
  2.7566851E-03 -5.0727385E-02 -4.9694284E-03
  2.7823334E-03 -5.1189848E-02 -5.0156646E-03
  2.8082203E-03 -5.1656436E-02 -5.0623307E-03
  2.8343480E-03 -5.2127185E-02 -5.1094310E-03
  2.8607186E-03 -5.2602130E-02 -5.1569693E-03
  2.8873346E-03 -5.3081307E-02 -5.2049498E-03
  2.9141981E-03 -5.3564751E-02 -5.2533765E-03
  2.9413115E-03 -5.4052500E-02 -5.3022537E-03
  2.9686770E-03 -5.4544588E-02 -5.3515855E-03
  2.9962971E-03 -5.5041054E-02 -5.4013761E-03
  3.0241740E-03 -5.5541934E-02 -5.4516299E-03
  3.0523103E-03 -5.6047266E-02 -5.5023511E-03
  3.0807082E-03 -5.6557086E-02 -5.5535440E-03
  3.1093703E-03 -5.7071434E-02 -5.6052131E-03
  3.1382989E-03 -5.7590346E-02 -5.6573628E-03
  3.1674967E-03 -5.8113863E-02 -5.7099975E-03
  3.1969660E-03 -5.8642021E-02 -5.7631218E-03
  3.2267093E-03 -5.9174861E-02 -5.8167403E-03
  3.2567294E-03 -5.9712421E-02 -5.8708574E-03
  3.2870286E-03 -6.0254742E-02 -5.9254779E-03
  3.3176097E-03 -6.0801863E-02 -5.9806065E-03
  3.3484751E-03 -6.1353823E-02 -6.0362478E-03
  3.3796277E-03 -6.1910665E-02 -6.0924066E-03
  3.4110700E-03 -6.2472428E-02 -6.1490878E-03
  3.4428048E-03 -6.3039154E-02 -6.2062962E-03
  3.4748347E-03 -6.3610883E-02 -6.2640367E-03
  3.5071626E-03 -6.4187658E-02 -6.3223143E-03
  3.5397911E-03 -6.4769521E-02 -6.3811339E-03
  3.5727231E-03 -6.5356513E-02 -6.4405006E-03
  3.6059614E-03 -6.5948677E-02 -6.5004195E-03
  3.6395088E-03 -6.6546057E-02 -6.5608958E-03
  3.6733683E-03 -6.7148695E-02 -6.6219345E-03
  3.7075427E-03 -6.7756634E-02 -6.6835410E-03
  3.7420349E-03 -6.8369919E-02 -6.7457205E-03
  3.7768480E-03 -6.8988593E-02 -6.8084784E-03
  3.8119848E-03 -6.9612702E-02 -6.8718200E-03
  3.8474485E-03 -7.0242288E-02 -6.9357507E-03
  3.8832420E-03 -7.0877399E-02 -7.0002761E-03
  3.9193684E-03 -7.1518078E-02 -7.0654017E-03
  3.9558308E-03 -7.2164372E-02 -7.1311330E-03
  3.9926324E-03 -7.2816326E-02 -7.1974757E-03
  4.0297763E-03 -7.3473987E-02 -7.2644355E-03
  4.0672656E-03 -7.4137401E-02 -7.3320181E-03
  4.1051036E-03 -7.4806615E-02 -7.4002293E-03
  4.1432936E-03 -7.5481677E-02 -7.4690750E-03
  4.1818388E-03 -7.6162633E-02 -7.5385611E-03
  4.2207424E-03 -7.6849532E-02 -7.6086934E-03
  4.2600079E-03 -7.7542421E-02 -7.6794781E-03
  4.2996387E-03 -7.8241350E-02 -7.7509212E-03
  4.3396380E-03 -7.8946367E-02 -7.8230288E-03
  4.3800093E-03 -7.9657520E-02 -7.8958072E-03
  4.4207562E-03 -8.0374861E-02 -7.9692624E-03
  4.4618820E-03 -8.1098437E-02 -8.0434009E-03
  4.5033904E-03 -8.1828300E-02 -8.1182290E-03
  4.5452848E-03 -8.2564500E-02 -8.1937532E-03
  4.5875688E-03 -8.3307087E-02 -8.2699798E-03
  4.6302462E-03 -8.4056112E-02 -8.3469154E-03
  4.6733205E-03 -8.4811627E-02 -8.4245666E-03
  4.7167954E-03 -8.5573684E-02 -8.5029402E-03
  4.7606747E-03 -8.6342334E-02 -8.5820427E-03
  4.8049621E-03 -8.7117630E-02 -8.6618810E-03
  4.8496615E-03 -8.7899625E-02 -8.7424619E-03
  4.8947765E-03 -8.8688371E-02 -8.8237923E-03
  4.9403112E-03 -8.9483922E-02 -8.9058792E-03
  4.9862694E-03 -9.0286331E-02 -8.9887297E-03
  5.0326551E-03 -9.1095653E-02 -9.0723508E-03
  5.0794722E-03 -9.1911941E-02 -9.1567498E-03
  5.1267247E-03 -9.2735251E-02 -9.2419337E-03
  5.1744168E-03 -9.3565637E-02 -9.3279101E-03
  5.2225524E-03 -9.4403155E-02 -9.4146861E-03
  5.2711357E-03 -9.5247860E-02 -9.5022693E-03
  5.3201709E-03 -9.6099808E-02 -9.5906672E-03
  5.3696622E-03 -9.6959055E-02 -9.6798873E-03
  5.4196138E-03 -9.7825658E-02 -9.7699373E-03
  5.4700300E-03 -9.8699674E-02 -9.8608250E-03
  5.5209151E-03 -9.9581160E-02 -9.9525580E-03
  5.5722735E-03 -1.0047017E-01 -1.0045144E-02
  5.6241096E-03 -1.0136677E-01 -1.0138592E-02
  5.6764278E-03 -1.0227102E-01 -1.0232909E-02
  5.7292326E-03 -1.0318296E-01 -1.0328103E-02
  5.7825285E-03 -1.0410267E-01 -1.0424182E-02
  5.8363202E-03 -1.0503019E-01 -1.0521156E-02
  5.8906122E-03 -1.0596560E-01 -1.0619031E-02
  5.9454091E-03 -1.0690894E-01 -1.0717817E-02
  6.0007157E-03 -1.0786029E-01 -1.0817521E-02
  6.0565367E-03 -1.0881969E-01 -1.0918153E-02
  6.1128769E-03 -1.0978722E-01 -1.1019721E-02
  6.1697412E-03 -1.1076292E-01 -1.1122234E-02
  6.2271343E-03 -1.1174687E-01 -1.1225701E-02
  6.2850612E-03 -1.1273913E-01 -1.1330130E-02
  6.3435269E-03 -1.1373975E-01 -1.1435530E-02
  6.4025364E-03 -1.1474880E-01 -1.1541911E-02
  6.4620947E-03 -1.1576634E-01 -1.1649281E-02
  6.5222070E-03 -1.1679244E-01 -1.1757650E-02
  6.5828784E-03 -1.1782715E-01 -1.1867027E-02
  6.6441141E-03 -1.1887055E-01 -1.1977422E-02
  6.7059194E-03 -1.1992269E-01 -1.2088843E-02
  6.7682995E-03 -1.2098364E-01 -1.2201301E-02
  6.8312598E-03 -1.2205346E-01 -1.2314805E-02
  6.8948056E-03 -1.2313223E-01 -1.2429365E-02
  6.9589426E-03 -1.2421999E-01 -1.2544990E-02
  7.0236760E-03 -1.2531682E-01 -1.2661691E-02
  7.0890116E-03 -1.2642279E-01 -1.2779478E-02
  7.1549548E-03 -1.2753796E-01 -1.2898360E-02
  7.2215114E-03 -1.2866239E-01 -1.3018348E-02
  7.2886870E-03 -1.2979615E-01 -1.3139452E-02
  7.3564874E-03 -1.3093932E-01 -1.3261683E-02
  7.4249184E-03 -1.3209195E-01 -1.3385051E-02
  7.4939859E-03 -1.3325411E-01 -1.3509567E-02
  7.5636958E-03 -1.3442587E-01 -1.3635240E-02
  7.6340541E-03 -1.3560730E-01 -1.3762083E-02
  7.7050668E-03 -1.3679847E-01 -1.3890106E-02
  7.7767399E-03 -1.3799944E-01 -1.4019320E-02
  7.8490797E-03 -1.3921028E-01 -1.4149735E-02
  7.9220923E-03 -1.4043107E-01 -1.4281364E-02
  7.9957840E-03 -1.4166186E-01 -1.4414218E-02
  8.0701611E-03 -1.4290274E-01 -1.4548307E-02
  8.1452300E-03 -1.4415376E-01 -1.4683644E-02
  8.2209971E-03 -1.4541500E-01 -1.4820239E-02
  8.2974689E-03 -1.4668653E-01 -1.4958106E-02
  8.3746520E-03 -1.4796841E-01 -1.5097254E-02
  8.4525530E-03 -1.4926073E-01 -1.5237698E-02
  8.5311785E-03 -1.5056354E-01 -1.5379448E-02
  8.6105353E-03 -1.5187692E-01 -1.5522516E-02
  8.6906302E-03 -1.5320094E-01 -1.5666916E-02
  8.7714700E-03 -1.5453568E-01 -1.5812658E-02
  8.8530618E-03 -1.5588119E-01 -1.5959757E-02
  8.9354124E-03 -1.5723756E-01 -1.6108224E-02
  9.0185290E-03 -1.5860485E-01 -1.6258072E-02
  9.1024186E-03 -1.5998314E-01 -1.6409314E-02
  9.1870885E-03 -1.6137250E-01 -1.6561964E-02
  9.2725459E-03 -1.6277300E-01 -1.6716033E-02
  9.3587982E-03 -1.6418471E-01 -1.6871536E-02
  9.4458527E-03 -1.6560771E-01 -1.7028485E-02
  9.5337168E-03 -1.6704206E-01 -1.7186894E-02
  9.6223982E-03 -1.6848784E-01 -1.7346778E-02
  9.7119045E-03 -1.6994513E-01 -1.7508148E-02
  9.8022432E-03 -1.7141399E-01 -1.7671020E-02
  9.8934221E-03 -1.7289449E-01 -1.7835407E-02
  9.9854491E-03 -1.7438672E-01 -1.8001324E-02
  1.0078332E-02 -1.7589074E-01 -1.8168784E-02
  1.0172079E-02 -1.7740663E-01 -1.8337802E-02
  1.0266698E-02 -1.7893445E-01 -1.8508393E-02
  1.0362197E-02 -1.8047429E-01 -1.8680570E-02
  1.0458584E-02 -1.8202621E-01 -1.8854350E-02
  1.0555867E-02 -1.8359029E-01 -1.9029746E-02
  1.0654056E-02 -1.8516661E-01 -1.9206774E-02
  1.0753157E-02 -1.8675522E-01 -1.9385449E-02
  1.0853181E-02 -1.8835622E-01 -1.9565787E-02
  1.0954134E-02 -1.8996967E-01 -1.9747802E-02
  1.1056027E-02 -1.9159564E-01 -1.9931511E-02
  1.1158867E-02 -1.9323421E-01 -2.0116929E-02
  1.1262664E-02 -1.9488544E-01 -2.0304072E-02
  1.1367427E-02 -1.9654942E-01 -2.0492957E-02
  1.1473163E-02 -1.9822622E-01 -2.0683598E-02
  1.1579883E-02 -1.9991591E-01 -2.0876014E-02
  1.1687596E-02 -2.0161855E-01 -2.1070220E-02
  1.1796311E-02 -2.0333423E-01 -2.1266233E-02
  1.1906037E-02 -2.0506302E-01 -2.1464069E-02
  1.2016783E-02 -2.0680499E-01 -2.1663747E-02
  1.2128559E-02 -2.0856020E-01 -2.1865282E-02
  1.2241375E-02 -2.1032874E-01 -2.2068692E-02
  1.2355240E-02 -2.1211068E-01 -2.2273995E-02
  1.2470165E-02 -2.1390608E-01 -2.2481209E-02
  1.2586158E-02 -2.1571502E-01 -2.2690350E-02
  1.2703230E-02 -2.1753756E-01 -2.2901438E-02
  1.2821391E-02 -2.1937379E-01 -2.3114490E-02
  1.2940651E-02 -2.2122376E-01 -2.3329524E-02
  1.3061020E-02 -2.2308756E-01 -2.3546559E-02
  1.3182509E-02 -2.2496525E-01 -2.3765613E-02
  1.3305128E-02 -2.2685689E-01 -2.3986706E-02
  1.3428887E-02 -2.2876257E-01 -2.4209857E-02
  1.3553797E-02 -2.3068235E-01 -2.4435083E-02
  1.3679870E-02 -2.3261629E-01 -2.4662406E-02
  1.3807114E-02 -2.3456447E-01 -2.4891844E-02
  1.3935542E-02 -2.3652695E-01 -2.5123417E-02
  1.4065165E-02 -2.3850380E-01 -2.5357145E-02
  1.4195993E-02 -2.4049509E-01 -2.5593048E-02
  1.4328039E-02 -2.4250089E-01 -2.5831147E-02
  1.4461312E-02 -2.4452126E-01 -2.6071461E-02
  1.4595825E-02 -2.4655626E-01 -2.6314011E-02
  1.4731589E-02 -2.4860597E-01 -2.6558819E-02
  1.4868616E-02 -2.5067044E-01 -2.6805905E-02
  1.5006917E-02 -2.5274974E-01 -2.7055291E-02
  1.5146504E-02 -2.5484393E-01 -2.7306997E-02
  1.5287390E-02 -2.5695308E-01 -2.7561046E-02
  1.5429586E-02 -2.5907725E-01 -2.7817459E-02
  1.5573105E-02 -2.6121650E-01 -2.8076259E-02
  1.5717959E-02 -2.6337089E-01 -2.8337467E-02
  1.5864160E-02 -2.6554048E-01 -2.8601107E-02
  1.6011720E-02 -2.6772533E-01 -2.8867200E-02
  1.6160654E-02 -2.6992550E-01 -2.9135770E-02
  1.6310972E-02 -2.7214105E-01 -2.9406839E-02
  1.6462689E-02 -2.7437203E-01 -2.9680431E-02
  1.6615816E-02 -2.7661849E-01 -2.9956570E-02
  1.6770368E-02 -2.7888051E-01 -3.0235279E-02
  1.6926357E-02 -2.8115812E-01 -3.0516583E-02
  1.7083798E-02 -2.8345138E-01 -3.0800504E-02
  1.7242702E-02 -2.8576035E-01 -3.1087069E-02
  1.7403085E-02 -2.8808508E-01 -3.1376301E-02
  1.7564959E-02 -2.9042561E-01 -3.1668225E-02
  1.7728339E-02 -2.9278200E-01 -3.1962866E-02
  1.7893238E-02 -2.9515430E-01 -3.2260251E-02
  1.8059671E-02 -2.9754255E-01 -3.2560403E-02
  1.8227653E-02 -2.9994680E-01 -3.2863350E-02
  1.8397196E-02 -3.0236709E-01 -3.3169117E-02
  1.8568317E-02 -3.0480347E-01 -3.3477730E-02
  1.8741029E-02 -3.0725598E-01 -3.3789217E-02
  1.8915347E-02 -3.0972466E-01 -3.4103603E-02
  1.9091287E-02 -3.1220955E-01 -3.4420916E-02
  1.9268863E-02 -3.1471070E-01 -3.4741183E-02
  1.9448091E-02 -3.1722813E-01 -3.5064432E-02
  1.9628986E-02 -3.1976189E-01 -3.5390690E-02
  1.9811563E-02 -3.2231201E-01 -3.5719986E-02
  1.9995839E-02 -3.2487851E-01 -3.6052348E-02
  2.0181828E-02 -3.2746145E-01 -3.6387805E-02
  2.0369547E-02 -3.3006083E-01 -3.6726385E-02
  2.0559013E-02 -3.3267670E-01 -3.7068117E-02
  2.0750240E-02 -3.3530908E-01 -3.7413031E-02
  2.0943246E-02 -3.3795799E-01 -3.7761158E-02
  2.1138047E-02 -3.4062346E-01 -3.8112525E-02
  2.1334660E-02 -3.4330551E-01 -3.8467165E-02
  2.1533102E-02 -3.4600416E-01 -3.8825107E-02
  2.1733390E-02 -3.4871942E-01 -3.9186383E-02
  2.1935540E-02 -3.5145133E-01 -3.9551022E-02
  2.2139571E-02 -3.5419988E-01 -3.9919058E-02
  2.2345499E-02 -3.5696509E-01 -4.0290521E-02
  2.2553342E-02 -3.5974697E-01 -4.0665444E-02
  2.2763119E-02 -3.6254554E-01 -4.1043858E-02
  2.2974847E-02 -3.6536079E-01 -4.1425797E-02
  2.3188544E-02 -3.6819273E-01 -4.1811293E-02
  2.3404229E-02 -3.7104137E-01 -4.2200380E-02
  2.3621920E-02 -3.7390670E-01 -4.2593090E-02
  2.3841635E-02 -3.7678872E-01 -4.2989459E-02
  2.4063394E-02 -3.7968743E-01 -4.3389520E-02
  2.4287216E-02 -3.8260282E-01 -4.3793307E-02
  2.4513119E-02 -3.8553488E-01 -4.4200856E-02
  2.4741124E-02 -3.8848360E-01 -4.4612202E-02
  2.4971249E-02 -3.9144896E-01 -4.5027379E-02
  2.5203515E-02 -3.9443095E-01 -4.5446425E-02
  2.5437941E-02 -3.9742954E-01 -4.5869374E-02
  2.5674547E-02 -4.0044473E-01 -4.6296264E-02
  2.5913354E-02 -4.0347647E-01 -4.6727131E-02
  2.6154382E-02 -4.0652475E-01 -4.7162013E-02
  2.6397652E-02 -4.0958953E-01 -4.7600947E-02
  2.6643185E-02 -4.1267078E-01 -4.8043971E-02
  2.6891001E-02 -4.1576847E-01 -4.8491123E-02
  2.7141122E-02 -4.1888256E-01 -4.8942442E-02
  2.7393570E-02 -4.2201299E-01 -4.9397967E-02
  2.7648365E-02 -4.2515974E-01 -4.9857737E-02
  2.7905531E-02 -4.2832274E-01 -5.0321791E-02
  2.8165088E-02 -4.3150196E-01 -5.0790171E-02
  2.8427060E-02 -4.3469732E-01 -5.1262916E-02
  2.8691468E-02 -4.3790879E-01 -5.1740068E-02
  2.8958335E-02 -4.4113629E-01 -5.2221667E-02
  2.9227684E-02 -4.4437976E-01 -5.2707755E-02
  2.9499539E-02 -4.4763914E-01 -5.3198374E-02
  2.9773922E-02 -4.5091434E-01 -5.3693567E-02
  3.0050857E-02 -4.5420530E-01 -5.4193376E-02
  3.0330368E-02 -4.5751194E-01 -5.4697845E-02
  3.0612479E-02 -4.6083417E-01 -5.5207018E-02
  3.0897214E-02 -4.6417192E-01 -5.5720938E-02
  3.1184597E-02 -4.6752508E-01 -5.6239649E-02
  3.1474653E-02 -4.7089356E-01 -5.6763198E-02
  3.1767406E-02 -4.7427728E-01 -5.7291628E-02
  3.2062883E-02 -4.7767612E-01 -5.7824986E-02
  3.2361108E-02 -4.8108997E-01 -5.8363319E-02
  3.2662106E-02 -4.8451874E-01 -5.8906672E-02
  3.2965904E-02 -4.8796230E-01 -5.9455093E-02
  3.3272528E-02 -4.9142054E-01 -6.0008629E-02
  3.3582004E-02 -4.9489334E-01 -6.0567328E-02
  3.3894358E-02 -4.9838056E-01 -6.1131240E-02
  3.4209617E-02 -5.0188208E-01 -6.1700411E-02
  3.4527809E-02 -5.0539776E-01 -6.2274893E-02
  3.4848960E-02 -5.0892746E-01 -6.2854734E-02
  3.5173098E-02 -5.1247103E-01 -6.3439986E-02
  3.5500251E-02 -5.1602833E-01 -6.4030699E-02
  3.5830446E-02 -5.1959920E-01 -6.4626923E-02
  3.6163713E-02 -5.2318348E-01 -6.5228712E-02
  3.6500080E-02 -5.2678101E-01 -6.5836117E-02
  3.6839575E-02 -5.3039162E-01 -6.6449191E-02
  3.7182228E-02 -5.3401513E-01 -6.7067987E-02
  3.7528067E-02 -5.3765137E-01 -6.7692560E-02
  3.7877124E-02 -5.4130015E-01 -6.8322962E-02
  3.8229427E-02 -5.4496129E-01 -6.8959250E-02
  3.8585006E-02 -5.4863458E-01 -6.9601478E-02
  3.8943893E-02 -5.5231983E-01 -7.0249703E-02
  3.9306118E-02 -5.5601683E-01 -7.0903980E-02
  3.9671712E-02 -5.5972538E-01 -7.1564367E-02
  4.0040707E-02 -5.6344526E-01 -7.2230922E-02
  4.0413133E-02 -5.6717624E-01 -7.2903702E-02
  4.0789023E-02 -5.7091810E-01 -7.3582765E-02
  4.1168410E-02 -5.7467061E-01 -7.4268172E-02
  4.1551325E-02 -5.7843352E-01 -7.4959982E-02
  4.1937802E-02 -5.8220660E-01 -7.5658255E-02
  4.2327873E-02 -5.8598960E-01 -7.6363051E-02
  4.2721572E-02 -5.8978225E-01 -7.7074434E-02
  4.3118933E-02 -5.9358430E-01 -7.7792464E-02
  4.3519990E-02 -5.9739548E-01 -7.8517204E-02
  4.3924777E-02 -6.0121551E-01 -7.9248719E-02
  4.4333329E-02 -6.0504413E-01 -7.9987070E-02
  4.4745681E-02 -6.0888103E-01 -8.0732324E-02
  4.5161869E-02 -6.1272593E-01 -8.1484545E-02
  4.5581927E-02 -6.1657853E-01 -8.2243799E-02
  4.6005892E-02 -6.2043852E-01 -8.3010153E-02
  4.6433801E-02 -6.2430560E-01 -8.3783673E-02
  4.6865689E-02 -6.2817945E-01 -8.4564427E-02
  4.7301594E-02 -6.3205974E-01 -8.5352485E-02
  4.7741554E-02 -6.3594615E-01 -8.6147913E-02
  4.8185606E-02 -6.3983833E-01 -8.6950784E-02
  4.8633788E-02 -6.4373595E-01 -8.7761166E-02
  4.9086139E-02 -6.4763865E-01 -8.8579130E-02
  4.9542696E-02 -6.5154609E-01 -8.9404750E-02
  5.0003501E-02 -6.5545788E-01 -9.0238097E-02
  5.0468591E-02 -6.5937368E-01 -9.1079244E-02
  5.0938007E-02 -6.6329309E-01 -9.1928266E-02
  5.1411789E-02 -6.6721574E-01 -9.2785236E-02
  5.1889977E-02 -6.7114124E-01 -9.3650231E-02
  5.2372614E-02 -6.7506919E-01 -9.4523326E-02
  5.2859739E-02 -6.7899919E-01 -9.5404599E-02
  5.3351395E-02 -6.8293083E-01 -9.6294126E-02
  5.3847624E-02 -6.8686368E-01 -9.7191987E-02
  5.4348468E-02 -6.9079734E-01 -9.8098259E-02
  5.4853971E-02 -6.9473136E-01 -9.9013025E-02
  5.5364175E-02 -6.9866531E-01 -9.9936363E-02
  5.5879125E-02 -7.0259874E-01 -1.0086836E-01
  5.6398864E-02 -7.0653121E-01 -1.0180909E-01
  5.6923437E-02 -7.1046225E-01 -1.0275864E-01
  5.7452890E-02 -7.1439141E-01 -1.0371709E-01
  5.7987267E-02 -7.1831820E-01 -1.0468453E-01
  5.8526614E-02 -7.2224216E-01 -1.0566105E-01
  5.9070977E-02 -7.2616279E-01 -1.0664673E-01
  5.9620404E-02 -7.3007960E-01 -1.0764165E-01
  6.0174941E-02 -7.3399210E-01 -1.0864591E-01
  6.0734635E-02 -7.3789978E-01 -1.0965960E-01
  6.1299536E-02 -7.4180212E-01 -1.1068281E-01
  6.1869690E-02 -7.4569861E-01 -1.1171562E-01
  6.2445147E-02 -7.4958873E-01 -1.1275812E-01
  6.3025957E-02 -7.5347194E-01 -1.1381042E-01
  6.3612169E-02 -7.5734769E-01 -1.1487261E-01
  6.4203833E-02 -7.6121546E-01 -1.1594477E-01
  6.4801000E-02 -7.6507468E-01 -1.1702700E-01
  6.5403722E-02 -7.6892480E-01 -1.1811941E-01
  6.6012049E-02 -7.7276525E-01 -1.1922209E-01
  6.6626035E-02 -7.7659547E-01 -1.2033513E-01
  6.7245731E-02 -7.8041487E-01 -1.2145864E-01
  6.7871191E-02 -7.8422289E-01 -1.2259272E-01
  6.8502468E-02 -7.8801892E-01 -1.2373746E-01
  6.9139617E-02 -7.9180237E-01 -1.2489298E-01
  6.9782691E-02 -7.9557265E-01 -1.2605937E-01
  7.0431748E-02 -7.9932916E-01 -1.2723673E-01
  7.1086841E-02 -8.0307127E-01 -1.2842519E-01
  7.1748026E-02 -8.0679838E-01 -1.2962483E-01
  7.2415362E-02 -8.1050987E-01 -1.3083577E-01
  7.3088905E-02 -8.1420510E-01 -1.3205812E-01
  7.3768712E-02 -8.1788346E-01 -1.3329199E-01
  7.4454842E-02 -8.2154430E-01 -1.3453748E-01
  7.5147353E-02 -8.2518699E-01 -1.3579472E-01
  7.5846306E-02 -8.2881089E-01 -1.3706381E-01
  7.6551760E-02 -8.3241534E-01 -1.3834487E-01
  7.7263775E-02 -8.3599970E-01 -1.3963802E-01
  7.7982413E-02 -8.3956332E-01 -1.4094336E-01
  7.8707734E-02 -8.4310552E-01 -1.4226103E-01
  7.9439802E-02 -8.4662566E-01 -1.4359114E-01
  8.0178679E-02 -8.5012308E-01 -1.4493380E-01
  8.0924428E-02 -8.5359710E-01 -1.4628915E-01
  8.1677113E-02 -8.5704705E-01 -1.4765730E-01
  8.2436799E-02 -8.6047228E-01 -1.4903838E-01
  8.3203550E-02 -8.6387209E-01 -1.5043251E-01
  8.3977434E-02 -8.6724583E-01 -1.5183982E-01
  8.4758515E-02 -8.7059282E-01 -1.5326045E-01
  8.5546861E-02 -8.7391239E-01 -1.5469451E-01
  8.6342539E-02 -8.7720385E-01 -1.5614214E-01
  8.7145618E-02 -8.8046654E-01 -1.5760348E-01
  8.7956167E-02 -8.8369979E-01 -1.5907865E-01
  8.8774254E-02 -8.8690290E-01 -1.6056779E-01
  8.9599950E-02 -8.9007523E-01 -1.6207105E-01
  9.0433326E-02 -8.9321610E-01 -1.6358854E-01
  9.1274454E-02 -8.9632483E-01 -1.6512042E-01
  9.2123404E-02 -8.9940077E-01 -1.6666683E-01
  9.2980251E-02 -9.0244325E-01 -1.6822790E-01
  9.3845067E-02 -9.0545163E-01 -1.6980379E-01
  9.4717927E-02 -9.0842523E-01 -1.7139463E-01
  9.5598905E-02 -9.1136342E-01 -1.7300058E-01
  9.6488078E-02 -9.1426556E-01 -1.7462178E-01
  9.7385520E-02 -9.1713101E-01 -1.7625838E-01
  9.8291310E-02 -9.1995913E-01 -1.7791054E-01
  9.9205524E-02 -9.2274931E-01 -1.7957840E-01
  1.0012824E-01 -9.2550093E-01 -1.8126213E-01
  1.0105954E-01 -9.2821339E-01 -1.8296187E-01
  1.0199950E-01 -9.3088610E-01 -1.8467779E-01
  1.0294821E-01 -9.3351846E-01 -1.8641005E-01
  1.0390573E-01 -9.3610991E-01 -1.8815880E-01
  1.0487217E-01 -9.3865988E-01 -1.8992421E-01
  1.0584759E-01 -9.4116782E-01 -1.9170646E-01
  1.0683209E-01 -9.4363320E-01 -1.9350569E-01
  1.0782574E-01 -9.4605550E-01 -1.9532208E-01
  1.0882863E-01 -9.4843422E-01 -1.9715581E-01
  1.0984085E-01 -9.5076885E-01 -1.9900704E-01
  1.1086249E-01 -9.5305894E-01 -2.0087594E-01
  1.1189363E-01 -9.5530403E-01 -2.0276270E-01
  1.1293436E-01 -9.5750369E-01 -2.0466749E-01
  1.1398477E-01 -9.5965750E-01 -2.0659050E-01
  1.1504495E-01 -9.6176507E-01 -2.0853189E-01
  1.1611499E-01 -9.6382604E-01 -2.1049186E-01
  1.1719498E-01 -9.6584006E-01 -2.1247059E-01
  1.1828501E-01 -9.6780681E-01 -2.1446827E-01
  1.1938519E-01 -9.6972601E-01 -2.1648509E-01
  1.2049560E-01 -9.7159738E-01 -2.1852123E-01
  1.2161633E-01 -9.7342071E-01 -2.2057690E-01
  1.2274749E-01 -9.7519577E-01 -2.2265229E-01
  1.2388917E-01 -9.7692240E-01 -2.2474760E-01
  1.2504147E-01 -9.7860047E-01 -2.2686302E-01
  1.2620449E-01 -9.8022986E-01 -2.2899877E-01
  1.2737833E-01 -9.8181053E-01 -2.3115503E-01
  1.2856308E-01 -9.8334243E-01 -2.3333203E-01
  1.2975885E-01 -9.8482559E-01 -2.3552996E-01
  1.3096574E-01 -9.8626006E-01 -2.3774905E-01
  1.3218386E-01 -9.8764593E-01 -2.3998949E-01
  1.3341331E-01 -9.8898335E-01 -2.4225152E-01
  1.3465419E-01 -9.9027251E-01 -2.4453534E-01
  1.3590662E-01 -9.9151366E-01 -2.4684118E-01
  1.3717069E-01 -9.9270708E-01 -2.4916926E-01
  1.3844652E-01 -9.9385311E-01 -2.5151980E-01
  1.3973422E-01 -9.9495216E-01 -2.5389303E-01
  1.4103389E-01 -9.9600468E-01 -2.5628918E-01
  1.4234566E-01 -9.9701119E-01 -2.5870849E-01
  1.4366962E-01 -9.9797225E-01 -2.6115119E-01
  1.4500590E-01 -9.9888851E-01 -2.6361751E-01
  1.4635460E-01 -9.9976067E-01 -2.6610769E-01
  1.4771585E-01 -1.0005895E+00 -2.6862199E-01
  1.4908976E-01 -1.0013758E+00 -2.7116064E-01
  1.5047645E-01 -1.0021206E+00 -2.7372388E-01
  1.5187604E-01 -1.0028248E+00 -2.7631198E-01
  1.5328865E-01 -1.0034894E+00 -2.7892518E-01
  1.5471439E-01 -1.0041156E+00 -2.8156374E-01
  1.5615339E-01 -1.0047047E+00 -2.8422792E-01
  1.5760578E-01 -1.0052579E+00 -2.8691798E-01
  1.5907168E-01 -1.0057766E+00 -2.8963418E-01
  1.6055121E-01 -1.0062622E+00 -2.9237678E-01
  1.6204450E-01 -1.0067164E+00 -2.9514606E-01
  1.6355169E-01 -1.0071408E+00 -2.9794230E-01
  1.6507289E-01 -1.0075372E+00 -3.0076575E-01
  1.6660823E-01 -1.0079073E+00 -3.0361671E-01
  1.6815786E-01 -1.0082531E+00 -3.0649545E-01
  1.6972190E-01 -1.0085767E+00 -3.0940225E-01
  1.7130049E-01 -1.0088801E+00 -3.1233741E-01
  1.7289376E-01 -1.0091655E+00 -3.1530120E-01
  1.7450186E-01 -1.0094354E+00 -3.1829393E-01
  1.7612490E-01 -1.0096922E+00 -3.2131588E-01
  1.7776305E-01 -1.0099383E+00 -3.2436736E-01
  1.7941643E-01 -1.0101764E+00 -3.2744866E-01
  1.8108518E-01 -1.0104092E+00 -3.3056009E-01
  1.8276946E-01 -1.0106397E+00 -3.3370196E-01
  1.8446941E-01 -1.0108706E+00 -3.3687457E-01
  1.8618516E-01 -1.0111052E+00 -3.4007823E-01
  1.8791687E-01 -1.0113464E+00 -3.4331327E-01
  1.8966470E-01 -1.0115975E+00 -3.4658000E-01
  1.9142877E-01 -1.0118620E+00 -3.4987874E-01
  1.9320926E-01 -1.0121431E+00 -3.5320982E-01
  1.9500630E-01 -1.0124445E+00 -3.5657356E-01
  1.9682006E-01 -1.0127697E+00 -3.5997029E-01
  1.9865069E-01 -1.0131224E+00 -3.6340034E-01
  2.0049834E-01 -1.0135065E+00 -3.6686406E-01
  2.0236318E-01 -1.0139257E+00 -3.7036178E-01
  2.0424537E-01 -1.0143839E+00 -3.7389384E-01
  2.0614506E-01 -1.0148852E+00 -3.7746058E-01
  2.0806242E-01 -1.0154336E+00 -3.8106236E-01
  2.0999761E-01 -1.0160331E+00 -3.8469953E-01
  2.1195081E-01 -1.0166879E+00 -3.8837242E-01
  2.1392217E-01 -1.0174022E+00 -3.9208141E-01
  2.1591186E-01 -1.0181801E+00 -3.9582685E-01
  2.1792006E-01 -1.0190257E+00 -3.9960910E-01
  2.1994694E-01 -1.0199434E+00 -4.0342853E-01
  2.2199267E-01 -1.0209373E+00 -4.0728549E-01
  2.2405743E-01 -1.0220116E+00 -4.1118037E-01
  2.2614139E-01 -1.0231703E+00 -4.1511352E-01
  2.2824474E-01 -1.0244177E+00 -4.1908533E-01
  2.3036765E-01 -1.0257577E+00 -4.2309617E-01
  2.3251030E-01 -1.0271944E+00 -4.2714641E-01
  2.3467288E-01 -1.0287316E+00 -4.3123644E-01
  2.3685558E-01 -1.0303731E+00 -4.3536664E-01
  2.3905858E-01 -1.0321227E+00 -4.3953740E-01
  2.4128207E-01 -1.0339838E+00 -4.4374910E-01
  2.4352624E-01 -1.0359601E+00 -4.4800212E-01
  2.4579128E-01 -1.0380547E+00 -4.5229686E-01
  2.4807739E-01 -1.0402707E+00 -4.5663371E-01
  2.5038476E-01 -1.0426113E+00 -4.6101306E-01
  2.5271359E-01 -1.0450791E+00 -4.6543531E-01
  2.5506409E-01 -1.0476768E+00 -4.6990085E-01
  2.5743644E-01 -1.0504068E+00 -4.7441007E-01
  2.5983086E-01 -1.0532712E+00 -4.7896338E-01
  2.6224755E-01 -1.0562719E+00 -4.8356117E-01
  2.6468672E-01 -1.0594108E+00 -4.8820385E-01
  2.6714858E-01 -1.0626893E+00 -4.9289180E-01
  2.6963333E-01 -1.0661087E+00 -4.9762543E-01
  2.7214119E-01 -1.0696699E+00 -5.0240513E-01
  2.7467238E-01 -1.0733737E+00 -5.0723131E-01
  2.7722711E-01 -1.0772206E+00 -5.1210437E-01
  2.7980561E-01 -1.0812108E+00 -5.1702470E-01
  2.8240808E-01 -1.0853442E+00 -5.2199269E-01
  2.8503476E-01 -1.0896206E+00 -5.2700875E-01
  2.8768588E-01 -1.0940394E+00 -5.3207326E-01
  2.9036165E-01 -1.0985998E+00 -5.3718663E-01
  2.9306230E-01 -1.1033007E+00 -5.4234923E-01
  2.9578808E-01 -1.1081409E+00 -5.4756146E-01
  2.9853921E-01 -1.1131187E+00 -5.5282370E-01
  3.0131593E-01 -1.1182325E+00 -5.5813634E-01
  3.0411847E-01 -1.1234800E+00 -5.6349975E-01
  3.0694708E-01 -1.1288593E+00 -5.6891430E-01
  3.0980200E-01 -1.1343676E+00 -5.7438038E-01
  3.1268347E-01 -1.1400025E+00 -5.7989834E-01
  3.1559174E-01 -1.1457610E+00 -5.8546854E-01
  3.1852706E-01 -1.1516401E+00 -5.9109134E-01
  3.2148968E-01 -1.1576366E+00 -5.9676710E-01
  3.2447986E-01 -1.1637471E+00 -6.0249615E-01
  3.2749785E-01 -1.1699681E+00 -6.0827883E-01
  3.3054391E-01 -1.1762958E+00 -6.1411547E-01
  3.3361831E-01 -1.1827265E+00 -6.2000639E-01
  3.3672129E-01 -1.1892562E+00 -6.2595191E-01
  3.3985314E-01 -1.1958809E+00 -6.3195232E-01
  3.4301412E-01 -1.2025964E+00 -6.3800793E-01
  3.4620449E-01 -1.2093985E+00 -6.4411901E-01
  3.4942454E-01 -1.2162828E+00 -6.5028585E-01
  3.5267454E-01 -1.2232449E+00 -6.5650869E-01
  3.5595477E-01 -1.2302805E+00 -6.6278780E-01
  3.5926551E-01 -1.2373848E+00 -6.6912340E-01
  3.6260704E-01 -1.2445535E+00 -6.7551572E-01
  3.6597965E-01 -1.2517819E+00 -6.8196497E-01
  3.6938363E-01 -1.2590653E+00 -6.8847133E-01
  3.7281927E-01 -1.2663991E+00 -6.9503499E-01
  3.7628687E-01 -1.2737787E+00 -7.0165611E-01
  3.7978671E-01 -1.2811994E+00 -7.0833482E-01
  3.8331911E-01 -1.2886565E+00 -7.1507125E-01
  3.8688436E-01 -1.2961454E+00 -7.2186550E-01
  3.9048278E-01 -1.3036613E+00 -7.2871765E-01
  3.9411466E-01 -1.3111997E+00 -7.3562776E-01
  3.9778032E-01 -1.3187560E+00 -7.4259588E-01
  4.0148008E-01 -1.3263255E+00 -7.4962200E-01
  4.0521425E-01 -1.3339037E+00 -7.5670613E-01
  4.0898314E-01 -1.3414860E+00 -7.6384822E-01
  4.1278710E-01 -1.3490680E+00 -7.7104821E-01
  4.1662643E-01 -1.3566453E+00 -7.7830600E-01
  4.2050148E-01 -1.3642133E+00 -7.8562147E-01
  4.2441256E-01 -1.3717678E+00 -7.9299447E-01
  4.2836003E-01 -1.3793044E+00 -8.0042480E-01
  4.3234420E-01 -1.3868188E+00 -8.0791225E-01
  4.3636544E-01 -1.3943069E+00 -8.1545657E-01
  4.4042407E-01 -1.4017645E+00 -8.2305745E-01
  4.4452046E-01 -1.4091875E+00 -8.3071456E-01
  4.4865494E-01 -1.4165718E+00 -8.3842755E-01
  4.5282789E-01 -1.4239135E+00 -8.4619599E-01
  4.5703964E-01 -1.4312086E+00 -8.5401942E-01
  4.6129057E-01 -1.4384533E+00 -8.6189737E-01
  4.6558103E-01 -1.4456437E+00 -8.6982927E-01
  4.6991140E-01 -1.4527761E+00 -8.7781453E-01
  4.7428205E-01 -1.4598468E+00 -8.8585252E-01
  4.7869334E-01 -1.4668522E+00 -8.9394254E-01
  4.8314567E-01 -1.4737888E+00 -9.0208385E-01
  4.8763941E-01 -1.4806529E+00 -9.1027564E-01
  4.9217494E-01 -1.4874414E+00 -9.1851706E-01
  4.9675266E-01 -1.4941506E+00 -9.2680719E-01
  5.0137296E-01 -1.5007774E+00 -9.3514506E-01
  5.0603623E-01 -1.5073185E+00 -9.4352962E-01
  5.1074287E-01 -1.5137707E+00 -9.5195978E-01
  5.1549329E-01 -1.5201309E+00 -9.6043437E-01
  5.2028789E-01 -1.5263960E+00 -9.6895214E-01
  5.2512709E-01 -1.5325632E+00 -9.7751179E-01
  5.3001130E-01 -1.5386294E+00 -9.8611194E-01
  5.3494093E-01 -1.5445918E+00 -9.9475112E-01
  5.3991642E-01 -1.5504475E+00 -1.0034278E+00
  5.4493818E-01 -1.5561940E+00 -1.0121404E+00
  5.5000665E-01 -1.5618284E+00 -1.0208872E+00
  5.5512226E-01 -1.5673483E+00 -1.0296664E+00
  5.6028545E-01 -1.5727510E+00 -1.0384761E+00
  5.6549667E-01 -1.5780340E+00 -1.0473144E+00
  5.7075635E-01 -1.5831950E+00 -1.0561793E+00
  5.7606495E-01 -1.5882316E+00 -1.0650687E+00
  5.8142293E-01 -1.5931416E+00 -1.0739802E+00
  5.8683075E-01 -1.5979225E+00 -1.0829115E+00
  5.9228886E-01 -1.6025724E+00 -1.0918603E+00
  5.9779773E-01 -1.6070890E+00 -1.1008240E+00
  6.0335785E-01 -1.6114704E+00 -1.1098000E+00
  6.0896968E-01 -1.6157145E+00 -1.1187854E+00
  6.1463370E-01 -1.6198195E+00 -1.1277776E+00
  6.2035041E-01 -1.6237834E+00 -1.1367735E+00
  6.2612029E-01 -1.6276044E+00 -1.1457700E+00
  6.3194383E-01 -1.6312809E+00 -1.1547639E+00
  6.3782154E-01 -1.6348110E+00 -1.1637520E+00
  6.4375391E-01 -1.6381932E+00 -1.1727309E+00
  6.4974147E-01 -1.6414260E+00 -1.1816969E+00
  6.5578471E-01 -1.6445077E+00 -1.1906464E+00
  6.6188416E-01 -1.6474371E+00 -1.1995757E+00
  6.6804034E-01 -1.6502125E+00 -1.2084808E+00
  6.7425378E-01 -1.6528329E+00 -1.2173577E+00
  6.8052502E-01 -1.6552968E+00 -1.2262021E+00
  6.8685458E-01 -1.6576030E+00 -1.2350099E+00
  6.9324301E-01 -1.6597505E+00 -1.2437766E+00
  6.9969086E-01 -1.6617381E+00 -1.2524976E+00
  7.0619868E-01 -1.6635647E+00 -1.2611682E+00
  7.1276703E-01 -1.6652295E+00 -1.2697836E+00
  7.1939647E-01 -1.6667314E+00 -1.2783389E+00
  7.2608757E-01 -1.6680697E+00 -1.2868289E+00
  7.3284091E-01 -1.6692434E+00 -1.2952485E+00
  7.3965706E-01 -1.6702520E+00 -1.3035922E+00
  7.4653661E-01 -1.6710946E+00 -1.3118547E+00
  7.5348014E-01 -1.6717707E+00 -1.3200302E+00
  7.6048826E-01 -1.6722797E+00 -1.3281131E+00
  7.6756155E-01 -1.6726211E+00 -1.3360975E+00
  7.7470064E-01 -1.6727944E+00 -1.3439774E+00
  7.8190612E-01 -1.6727992E+00 -1.3517466E+00
  7.8917863E-01 -1.6726352E+00 -1.3593990E+00
  7.9651877E-01 -1.6723022E+00 -1.3669281E+00
  8.0392719E-01 -1.6717999E+00 -1.3743276E+00
  8.1140451E-01 -1.6711281E+00 -1.3815908E+00
  8.1895138E-01 -1.6702867E+00 -1.3887111E+00
  8.2656844E-01 -1.6692757E+00 -1.3956817E+00
  8.3425635E-01 -1.6680952E+00 -1.4024957E+00
  8.4201576E-01 -1.6667451E+00 -1.4091462E+00
  8.4984734E-01 -1.6652256E+00 -1.4156261E+00
  8.5775177E-01 -1.6635369E+00 -1.4219284E+00
  8.6572971E-01 -1.6616793E+00 -1.4280460E+00
  8.7378186E-01 -1.6596530E+00 -1.4339715E+00
  8.8190890E-01 -1.6574584E+00 -1.4396977E+00
  8.9011153E-01 -1.6550960E+00 -1.4452174E+00
  8.9839045E-01 -1.6525662E+00 -1.4505232E+00
  9.0674637E-01 -1.6498695E+00 -1.4556079E+00
  9.1518001E-01 -1.6470066E+00 -1.4604642E+00
  9.2369209E-01 -1.6439782E+00 -1.4650847E+00
  9.3228335E-01 -1.6407849E+00 -1.4694622E+00
  9.4095451E-01 -1.6374276E+00 -1.4735896E+00
  9.4970632E-01 -1.6339070E+00 -1.4774597E+00
  9.5853953E-01 -1.6302242E+00 -1.4810655E+00
  9.6745490E-01 -1.6263800E+00 -1.4844001E+00
  9.7645319E-01 -1.6223755E+00 -1.4874566E+00
  9.8553517E-01 -1.6182118E+00 -1.4902286E+00
  9.9470163E-01 -1.6138901E+00 -1.4927095E+00
  1.0039533E+00 -1.6094115E+00 -1.4948931E+00
  1.0132911E+00 -1.6047774E+00 -1.4967733E+00
  1.0227157E+00 -1.5999891E+00 -1.4983444E+00
  1.0322280E+00 -1.5950481E+00 -1.4996009E+00
  1.0418287E+00 -1.5899557E+00 -1.5005376E+00
  1.0515188E+00 -1.5847136E+00 -1.5011498E+00
  1.0612989E+00 -1.5793234E+00 -1.5014328E+00
  1.0711701E+00 -1.5737868E+00 -1.5013828E+00
  1.0811330E+00 -1.5681055E+00 -1.5009961E+00
  1.0911886E+00 -1.5622813E+00 -1.5002695E+00
  1.1013378E+00 -1.5563162E+00 -1.4992005E+00
  1.1115813E+00 -1.5502122E+00 -1.4977869E+00
  1.1219201E+00 -1.5439712E+00 -1.4960272E+00
  1.1323551E+00 -1.5375954E+00 -1.4939207E+00
  1.1428871E+00 -1.5310871E+00 -1.4914670E+00
  1.1535171E+00 -1.5244484E+00 -1.4886667E+00
  1.1642459E+00 -1.5176818E+00 -1.4855210E+00
  1.1750746E+00 -1.5107896E+00 -1.4820318E+00
  1.1860039E+00 -1.5037745E+00 -1.4782019E+00
  1.1970349E+00 -1.4966390E+00 -1.4740349E+00
  1.2081685E+00 -1.4893859E+00 -1.4695354E+00
  1.2194057E+00 -1.4820179E+00 -1.4647087E+00
  1.2307474E+00 -1.4745379E+00 -1.4595610E+00
  1.2421945E+00 -1.4669488E+00 -1.4540996E+00
  1.2537482E+00 -1.4592538E+00 -1.4483327E+00
  1.2654093E+00 -1.4514561E+00 -1.4422695E+00
  1.2771788E+00 -1.4435588E+00 -1.4359200E+00
  1.2890579E+00 -1.4355654E+00 -1.4292953E+00
  1.3010474E+00 -1.4274793E+00 -1.4224075E+00
  1.3131484E+00 -1.4193042E+00 -1.4152694E+00
  1.3253620E+00 -1.4110437E+00 -1.4078948E+00
  1.3376892E+00 -1.4027018E+00 -1.4002985E+00
  1.3501310E+00 -1.3942822E+00 -1.3924957E+00
  1.3626886E+00 -1.3857891E+00 -1.3845026E+00
  1.3753629E+00 -1.3772267E+00 -1.3763358E+00
  1.3881551E+00 -1.3685993E+00 -1.3680122E+00
  1.4010664E+00 -1.3599114E+00 -1.3595492E+00
  1.4140977E+00 -1.3511675E+00 -1.3509642E+00
  1.4272502E+00 -1.3423724E+00 -1.3422745E+00
  1.4405250E+00 -1.3335310E+00 -1.3334970E+00
  1.4539233E+00 -1.3246483E+00 -1.3246479E+00
  1.4674462E+00 -1.3157295E+00 -1.3157425E+00
  1.4810949E+00 -1.3067799E+00 -1.3067948E+00
  1.4948706E+00 -1.2978051E+00 -1.2978172E+00
  1.5087744E+00 -1.2888107E+00 -1.2888199E+00
  1.5228075E+00 -1.2798026E+00 -1.2798095E+00
  1.5369711E+00 -1.2707867E+00 -1.2707918E+00
  1.5512664E+00 -1.2617693E+00 -1.2617729E+00
  1.5656947E+00 -1.2527568E+00 -1.2527591E+00
  1.5802573E+00 -1.2437555E+00 -1.2437571E+00
  1.5949552E+00 -1.2347724E+00 -1.2347733E+00
  1.6097899E+00 -1.2258143E+00 -1.2258148E+00
  1.6247625E+00 -1.2168883E+00 -1.2168885E+00
  1.6398744E+00 -1.2080016E+00 -1.2080017E+00
  1.6551269E+00 -1.1991618E+00 -1.1991618E+00
  1.6705212E+00 -1.1903764E+00 -1.1903764E+00
  1.6860587E+00 -1.1816533E+00 -1.1816533E+00
  1.7017407E+00 -1.1730005E+00 -1.1730005E+00
  1.7175685E+00 -1.1644260E+00 -1.1644260E+00
  1.7335436E+00 -1.1559383E+00 -1.1559383E+00
  1.7496673E+00 -1.1475457E+00 -1.1475457E+00
  1.7659409E+00 -1.1392568E+00 -1.1392568E+00
  1.7823659E+00 -1.1310803E+00 -1.1310803E+00
  1.7989437E+00 -1.1230250E+00 -1.1230250E+00
  1.8156757E+00 -1.1150999E+00 -1.1150999E+00
  1.8325632E+00 -1.1073138E+00 -1.1073138E+00
  1.8496079E+00 -1.0996757E+00 -1.0996757E+00
  1.8668111E+00 -1.0921947E+00 -1.0921947E+00
  1.8841742E+00 -1.0848796E+00 -1.0848796E+00
  1.9016989E+00 -1.0777395E+00 -1.0777395E+00
  1.9193866E+00 -1.0707831E+00 -1.0707831E+00
  1.9372388E+00 -1.0640192E+00 -1.0640192E+00
  1.9552570E+00 -1.0574562E+00 -1.0574562E+00
  1.9734428E+00 -1.0511026E+00 -1.0511026E+00
  1.9917978E+00 -1.0449664E+00 -1.0449664E+00
  2.0103235E+00 -1.0390553E+00 -1.0390553E+00
  2.0290215E+00 -1.0333767E+00 -1.0333767E+00
  2.0478934E+00 -1.0279377E+00 -1.0279377E+00
  2.0669408E+00 -1.0227449E+00 -1.0227449E+00
  2.0861654E+00 -1.0178042E+00 -1.0178042E+00
  2.1055688E+00 -1.0131213E+00 -1.0131213E+00
  2.1251527E+00 -1.0087009E+00 -1.0087009E+00
  2.1449187E+00 -1.0045475E+00 -1.0045475E+00
  2.1648686E+00 -1.0006646E+00 -1.0006646E+00
  2.1850040E+00 -9.9705520E-01 -9.9705520E-01
  2.2053267E+00 -9.9372135E-01 -9.9372135E-01
  2.2258384E+00 -9.9066449E-01 -9.9066449E-01
  2.2465409E+00 -9.8788523E-01 -9.8788523E-01
  2.2674359E+00 -9.8538337E-01 -9.8538337E-01
  2.2885253E+00 -9.8315791E-01 -9.8315791E-01
  2.3098109E+00 -9.8120706E-01 -9.8120706E-01
  2.3312944E+00 -9.7952820E-01 -9.7952820E-01
  2.3529777E+00 -9.7811794E-01 -9.7811794E-01
  2.3748627E+00 -9.7697213E-01 -9.7697213E-01
  2.3969513E+00 -9.7608587E-01 -9.7608587E-01
  2.4192453E+00 -9.7545357E-01 -9.7545357E-01
  2.4417467E+00 -9.7506894E-01 -9.7506894E-01
  2.4644573E+00 -9.7492512E-01 -9.7492512E-01
  2.4873792E+00 -9.7501461E-01 -9.7501461E-01
  2.5105143E+00 -9.7532943E-01 -9.7532943E-01
  2.5338646E+00 -9.7586109E-01 -9.7586109E-01
  2.5574320E+00 -9.7660071E-01 -9.7660071E-01
  2.5812187E+00 -9.7753901E-01 -9.7753901E-01
  2.6052265E+00 -9.7866641E-01 -9.7866641E-01
  2.6294577E+00 -9.7997308E-01 -9.7997308E-01
  2.6539143E+00 -9.8144895E-01 -9.8144895E-01
  2.6785983E+00 -9.8308385E-01 -9.8308385E-01
  2.7035119E+00 -9.8486744E-01 -9.8486744E-01
  2.7286572E+00 -9.8678936E-01 -9.8678936E-01
  2.7540364E+00 -9.8883922E-01 -9.8883922E-01
  2.7796517E+00 -9.9100664E-01 -9.9100664E-01
  2.8055052E+00 -9.9328133E-01 -9.9328133E-01
  2.8315991E+00 -9.9565306E-01 -9.9565306E-01
  2.8579358E+00 -9.9811174E-01 -9.9811174E-01
  2.8845174E+00 -1.0006474E+00 -1.0006474E+00
  2.9113463E+00 -1.0032503E+00 -1.0032503E+00
  2.9384247E+00 -1.0059109E+00 -1.0059109E+00
  2.9657549E+00 -1.0086197E+00 -1.0086197E+00
  2.9933394E+00 -1.0113676E+00 -1.0113676E+00
  3.0211804E+00 -1.0141457E+00 -1.0141457E+00
  3.0492803E+00 -1.0169454E+00 -1.0169454E+00
  3.0776416E+00 -1.0197581E+00 -1.0197581E+00
  3.1062667E+00 -1.0225759E+00 -1.0225759E+00
  3.1351581E+00 -1.0253906E+00 -1.0253906E+00
  3.1643182E+00 -1.0281947E+00 -1.0281947E+00
  3.1937494E+00 -1.0309808E+00 -1.0309808E+00
  3.2234544E+00 -1.0337418E+00 -1.0337418E+00
  3.2534358E+00 -1.0364708E+00 -1.0364708E+00
  3.2836959E+00 -1.0391612E+00 -1.0391612E+00
  3.3142375E+00 -1.0418065E+00 -1.0418065E+00
  3.3450632E+00 -1.0444008E+00 -1.0444008E+00
  3.3761756E+00 -1.0469379E+00 -1.0469379E+00
  3.4075773E+00 -1.0494125E+00 -1.0494125E+00
  3.4392712E+00 -1.0518188E+00 -1.0518188E+00
  3.4712598E+00 -1.0541519E+00 -1.0541519E+00
  3.5035459E+00 -1.0564066E+00 -1.0564066E+00
  3.5361324E+00 -1.0585782E+00 -1.0585782E+00
  3.5690219E+00 -1.0606620E+00 -1.0606620E+00
  3.6022173E+00 -1.0626537E+00 -1.0626537E+00
  3.6357215E+00 -1.0645490E+00 -1.0645490E+00
  3.6695373E+00 -1.0663440E+00 -1.0663440E+00
  3.7036676E+00 -1.0680347E+00 -1.0680347E+00
  3.7381153E+00 -1.0696175E+00 -1.0696175E+00
  3.7728835E+00 -1.0710888E+00 -1.0710888E+00
  3.8079750E+00 -1.0724453E+00 -1.0724453E+00
  3.8433929E+00 -1.0736837E+00 -1.0736837E+00
  3.8791403E+00 -1.0748010E+00 -1.0748010E+00
  3.9152201E+00 -1.0757943E+00 -1.0757943E+00
  3.9516355E+00 -1.0766607E+00 -1.0766607E+00
  3.9883896E+00 -1.0773976E+00 -1.0773976E+00
  4.0254856E+00 -1.0780025E+00 -1.0780025E+00
  4.0629266E+00 -1.0784729E+00 -1.0784729E+00
  4.1007158E+00 -1.0788066E+00 -1.0788066E+00
  4.1388565E+00 -1.0790014E+00 -1.0790014E+00
  4.1773519E+00 -1.0790553E+00 -1.0790553E+00
  4.2162054E+00 -1.0789664E+00 -1.0789664E+00
  4.2554203E+00 -1.0787327E+00 -1.0787327E+00
  4.2949999E+00 -1.0783526E+00 -1.0783526E+00
  4.3349476E+00 -1.0778245E+00 -1.0778245E+00
  4.3752669E+00 -1.0771468E+00 -1.0771468E+00
  4.4159612E+00 -1.0763181E+00 -1.0763181E+00
  4.4570340E+00 -1.0753372E+00 -1.0753372E+00
  4.4984888E+00 -1.0742028E+00 -1.0742028E+00
  4.5403291E+00 -1.0729137E+00 -1.0729137E+00
  4.5825587E+00 -1.0714690E+00 -1.0714690E+00
  4.6251810E+00 -1.0698677E+00 -1.0698677E+00
  4.6681997E+00 -1.0681090E+00 -1.0681090E+00
  4.7116186E+00 -1.0661921E+00 -1.0661921E+00
  4.7554413E+00 -1.0641164E+00 -1.0641164E+00
  4.7996716E+00 -1.0618812E+00 -1.0618812E+00
  4.8443132E+00 -1.0594861E+00 -1.0594861E+00
  4.8893701E+00 -1.0569308E+00 -1.0569308E+00
  4.9348461E+00 -1.0542148E+00 -1.0542148E+00
  4.9807450E+00 -1.0513380E+00 -1.0513380E+00
  5.0270709E+00 -1.0483003E+00 -1.0483003E+00
  5.0738276E+00 -1.0451016E+00 -1.0451016E+00
  5.1210192E+00 -1.0417420E+00 -1.0417420E+00
  5.1686497E+00 -1.0382215E+00 -1.0382215E+00
  5.2167232E+00 -1.0345405E+00 -1.0345405E+00
  5.2652439E+00 -1.0306991E+00 -1.0306991E+00
  5.3142158E+00 -1.0266979E+00 -1.0266979E+00
  5.3636433E+00 -1.0225373E+00 -1.0225373E+00
  5.4135304E+00 -1.0182178E+00 -1.0182178E+00
  5.4638816E+00 -1.0137402E+00 -1.0137402E+00
  5.5147011E+00 -1.0091051E+00 -1.0091051E+00
  5.5659932E+00 -1.0043134E+00 -1.0043134E+00
  5.6177624E+00 -9.9936603E-01 -9.9936603E-01
  5.6700132E+00 -9.9426398E-01 -9.9426398E-01
  5.7227499E+00 -9.8900837E-01 -9.8900837E-01
  5.7759771E+00 -9.8360035E-01 -9.8360035E-01
  5.8296994E+00 -9.7804122E-01 -9.7804122E-01
  5.8839213E+00 -9.7233232E-01 -9.7233232E-01
  5.9386476E+00 -9.6647511E-01 -9.6647511E-01
  5.9938828E+00 -9.6047113E-01 -9.6047113E-01
  6.0496318E+00 -9.5432199E-01 -9.5432199E-01
  6.1058994E+00 -9.4802940E-01 -9.4802940E-01
  6.1626903E+00 -9.4159518E-01 -9.4159518E-01
  6.2200093E+00 -9.3502119E-01 -9.3502119E-01
  6.2778616E+00 -9.2830941E-01 -9.2830941E-01
  6.3362518E+00 -9.2146190E-01 -9.2146190E-01
  6.3951852E+00 -9.1448080E-01 -9.1448080E-01
  6.4546667E+00 -9.0736833E-01 -9.0736833E-01
  6.5147015E+00 -9.0012682E-01 -9.0012682E-01
  6.5752946E+00 -8.9275865E-01 -8.9275865E-01
  6.6364514E+00 -8.8526631E-01 -8.8526631E-01
  6.6981769E+00 -8.7765234E-01 -8.7765234E-01
  6.7604765E+00 -8.6991940E-01 -8.6991940E-01
  6.8233556E+00 -8.6207020E-01 -8.6207020E-01
  6.8868195E+00 -8.5410754E-01 -8.5410754E-01
  6.9508737E+00 -8.4603429E-01 -8.4603429E-01
  7.0155237E+00 -8.3785341E-01 -8.3785341E-01
  7.0807750E+00 -8.2956792E-01 -8.2956792E-01
  7.1466332E+00 -8.2118091E-01 -8.2118091E-01
  7.2131039E+00 -8.1269556E-01 -8.1269556E-01
  7.2801929E+00 -8.0411511E-01 -8.0411511E-01
  7.3479058E+00 -7.9544286E-01 -7.9544286E-01
  7.4162486E+00 -7.8668217E-01 -7.8668217E-01
  7.4852270E+00 -7.7783649E-01 -7.7783649E-01
  7.5548470E+00 -7.6890930E-01 -7.6890930E-01
  7.6251145E+00 -7.5990416E-01 -7.5990416E-01
  7.6960356E+00 -7.5082468E-01 -7.5082468E-01
  7.7676163E+00 -7.4167453E-01 -7.4167453E-01
  7.8398627E+00 -7.3245740E-01 -7.3245740E-01
  7.9127812E+00 -7.2317708E-01 -7.2317708E-01
  7.9863778E+00 -7.1383737E-01 -7.1383737E-01
  8.0606590E+00 -7.0444211E-01 -7.0444211E-01
  8.1356311E+00 -6.9499520E-01 -6.9499520E-01
  8.2113004E+00 -6.8550056E-01 -6.8550056E-01
  8.2876736E+00 -6.7596216E-01 -6.7596216E-01
  8.3647571E+00 -6.6638399E-01 -6.6638399E-01
  8.4425576E+00 -6.5677006E-01 -6.5677006E-01
  8.5210817E+00 -6.4712443E-01 -6.4712443E-01
  8.6003362E+00 -6.3745114E-01 -6.3745114E-01
  8.6803278E+00 -6.2775428E-01 -6.2775428E-01
  8.7610633E+00 -6.1803794E-01 -6.1803794E-01
  8.8425499E+00 -6.0830622E-01 -6.0830622E-01
  8.9247943E+00 -5.9856323E-01 -5.9856323E-01
  9.0078036E+00 -5.8881308E-01 -5.8881308E-01
  9.0915851E+00 -5.7905987E-01 -5.7905987E-01
  9.1761458E+00 -5.6930770E-01 -5.6930770E-01
  9.2614930E+00 -5.5956067E-01 -5.5956067E-01
  9.3476340E+00 -5.4982286E-01 -5.4982286E-01
  9.4345762E+00 -5.4009832E-01 -5.4009832E-01
  9.5223270E+00 -5.3039110E-01 -5.3039110E-01
  9.6108940E+00 -5.2070521E-01 -5.2070521E-01
  9.7002848E+00 -5.1104463E-01 -5.1104463E-01
  9.7905070E+00 -5.0141333E-01 -5.0141333E-01
  9.8815683E+00 -4.9181522E-01 -4.9181522E-01
  9.9734766E+00 -4.8225417E-01 -4.8225417E-01
  1.0066240E+01 -4.7273402E-01 -4.7273402E-01
  1.0159866E+01 -4.6325855E-01 -4.6325855E-01
  1.0254362E+01 -4.5383149E-01 -4.5383149E-01
  1.0349738E+01 -4.4445653E-01 -4.4445653E-01
  1.0446001E+01 -4.3513727E-01 -4.3513727E-01
  1.0543159E+01 -4.2587728E-01 -4.2587728E-01
  1.0641221E+01 -4.1668005E-01 -4.1668005E-01
  1.0740195E+01 -4.0754899E-01 -4.0754899E-01
  1.0840089E+01 -3.9848745E-01 -3.9848745E-01
  1.0940912E+01 -3.8949870E-01 -3.8949870E-01
  1.1042674E+01 -3.8058595E-01 -3.8058595E-01
  1.1145381E+01 -3.7175229E-01 -3.7175229E-01
  1.1249044E+01 -3.6300075E-01 -3.6300075E-01
  1.1353672E+01 -3.5433428E-01 -3.5433428E-01
  1.1459272E+01 -3.4575571E-01 -3.4575571E-01
  1.1565854E+01 -3.3726781E-01 -3.3726781E-01
  1.1673428E+01 -3.2887323E-01 -3.2887323E-01
  1.1782003E+01 -3.2057453E-01 -3.2057453E-01
  1.1891587E+01 -3.1237418E-01 -3.1237418E-01
  1.2002190E+01 -3.0427454E-01 -3.0427454E-01
  1.2113822E+01 -2.9627786E-01 -2.9627786E-01
  1.2226493E+01 -2.8838629E-01 -2.8838629E-01
  1.2340211E+01 -2.8060188E-01 -2.8060188E-01
  1.2454987E+01 -2.7292657E-01 -2.7292657E-01
  1.2570831E+01 -2.6536218E-01 -2.6536218E-01
  1.2687752E+01 -2.5791042E-01 -2.5791042E-01
  1.2805761E+01 -2.5057291E-01 -2.5057291E-01
  1.2924867E+01 -2.4335112E-01 -2.4335112E-01
  1.3045081E+01 -2.3624646E-01 -2.3624646E-01
  1.3166413E+01 -2.2926017E-01 -2.2926017E-01
  1.3288874E+01 -2.2239342E-01 -2.2239342E-01
  1.3412473E+01 -2.1564723E-01 -2.1564723E-01
  1.3537222E+01 -2.0902255E-01 -2.0902255E-01
  1.3663132E+01 -2.0252018E-01 -2.0252018E-01
  1.3790212E+01 -1.9614082E-01 -1.9614082E-01
  1.3918475E+01 -1.8988506E-01 -1.8988506E-01
  1.4047931E+01 -1.8375338E-01 -1.8375338E-01
  1.4178590E+01 -1.7774615E-01 -1.7774615E-01
  1.4310465E+01 -1.7186361E-01 -1.7186361E-01
  1.4443566E+01 -1.6610593E-01 -1.6610593E-01
  1.4577906E+01 -1.6047314E-01 -1.6047314E-01
  1.4713495E+01 -1.5496518E-01 -1.5496518E-01
  1.4850345E+01 -1.4958188E-01 -1.4958188E-01
  1.4988467E+01 -1.4432298E-01 -1.4432298E-01
  1.5127875E+01 -1.3918810E-01 -1.3918810E-01
  1.5268579E+01 -1.3417679E-01 -1.3417679E-01
  1.5410592E+01 -1.2928848E-01 -1.2928848E-01
  1.5553925E+01 -1.2452252E-01 -1.2452252E-01
  1.5698592E+01 -1.1987816E-01 -1.1987816E-01
  1.5844605E+01 -1.1535458E-01 -1.1535458E-01
  1.5991975E+01 -1.1095084E-01 -1.1095084E-01
  1.6140716E+01 -1.0666596E-01 -1.0666596E-01
  1.6290841E+01 -1.0249884E-01 -1.0249884E-01
  1.6442362E+01 -9.8448342E-02 -9.8448342E-02
  1.6595292E+01 -9.4513222E-02 -9.4513222E-02
  1.6749644E+01 -9.0692181E-02 -9.0692181E-02
  1.6905432E+01 -8.6983850E-02 -8.6983850E-02
  1.7062670E+01 -8.3386794E-02 -8.3386794E-02
  1.7221369E+01 -7.9899516E-02 -7.9899516E-02
  1.7381545E+01 -7.6520465E-02 -7.6520465E-02
  1.7543210E+01 -7.3248031E-02 -7.3248031E-02
  1.7706379E+01 -7.0080556E-02 -7.0080556E-02
  1.7871066E+01 -6.7016331E-02 -6.7016331E-02
  1.8037285E+01 -6.4053606E-02 -6.4053606E-02
  1.8205049E+01 -6.1190588E-02 -6.1190588E-02
  1.8374374E+01 -5.8425446E-02 -5.8425446E-02
  1.8545274E+01 -5.5756315E-02 -5.5756315E-02
  1.8717763E+01 -5.3181300E-02 -5.3181300E-02
  1.8891857E+01 -5.0698476E-02 -5.0698476E-02
  1.9067569E+01 -4.8305897E-02 -4.8305897E-02
  1.9244917E+01 -4.6001593E-02 -4.6001593E-02
  1.9423913E+01 -4.3783577E-02 -4.3783577E-02
  1.9604575E+01 -4.1649848E-02 -4.1649848E-02
  1.9786917E+01 -3.9598392E-02 -3.9598392E-02
  1.9970954E+01 -3.7627188E-02 -3.7627188E-02
  2.0156704E+01 -3.5734210E-02 -3.5734210E-02
  2.0344181E+01 -3.3917425E-02 -3.3917425E-02
  2.0533402E+01 -3.2174806E-02 -3.2174806E-02
  2.0724383E+01 -3.0504326E-02 -3.0504326E-02
  2.0917140E+01 -2.8903962E-02 -2.8903962E-02
  2.1111690E+01 -2.7371704E-02 -2.7371704E-02
  2.1308049E+01 -2.5905547E-02 -2.5905547E-02
  2.1506235E+01 -2.4503504E-02 -2.4503504E-02
  2.1706264E+01 -2.3163601E-02 -2.3163601E-02
  2.1908154E+01 -2.1883881E-02 -2.1883881E-02
  2.2111921E+01 -2.0662409E-02 -2.0662409E-02
  2.2317584E+01 -1.9497269E-02 -1.9497269E-02
  2.2525160E+01 -1.8386571E-02 -1.8386571E-02
  2.2734666E+01 -1.7328450E-02 -1.7328450E-02
  2.2946120E+01 -1.6321066E-02 -1.6321066E-02
  2.3159542E+01 -1.5362610E-02 -1.5362610E-02
  2.3374948E+01 -1.4451301E-02 -1.4451301E-02
  2.3592358E+01 -1.3585392E-02 -1.3585392E-02
  2.3811791E+01 -1.2763165E-02 -1.2763165E-02
  2.4033264E+01 -1.1982940E-02 -1.1982940E-02
  2.4256797E+01 -1.1243068E-02 -1.1243068E-02
  2.4482409E+01 -1.0541938E-02 -1.0541938E-02
  2.4710119E+01 -9.8779754E-03 -9.8779754E-03
  2.4939948E+01 -9.2496412E-03 -9.2496412E-03
  2.5171914E+01 -8.6554358E-03 -8.6554358E-03
  2.5406037E+01 -8.0938974E-03 -8.0938974E-03
  2.5642338E+01 -7.5636029E-03 -7.5636029E-03
  2.5880837E+01 -7.0631684E-03 -7.0631684E-03
  2.6121555E+01 -6.5912495E-03 -6.5912495E-03
  2.6364511E+01 -6.1465409E-03 -6.1465409E-03
  2.6609727E+01 -5.7277771E-03 -5.7277771E-03
  2.6857223E+01 -5.3337320E-03 -5.3337320E-03
  2.7107022E+01 -4.9632190E-03 -4.9632190E-03
  2.7359144E+01 -4.6150908E-03 -4.6150908E-03
  2.7613611E+01 -4.2882389E-03 -4.2882389E-03
  2.7870444E+01 -3.9815938E-03 -3.9815938E-03
  2.8129667E+01 -3.6941242E-03 -3.6941242E-03
  2.8391301E+01 -3.4248367E-03 -3.4248367E-03
  2.8655368E+01 -3.1727753E-03 -3.1727753E-03
  2.8921891E+01 -2.9370212E-03 -2.9370212E-03
  2.9190893E+01 -2.7166916E-03 -2.7166916E-03
  2.9462397E+01 -2.5109395E-03 -2.5109395E-03
  2.9736426E+01 -2.3189530E-03 -2.3189530E-03
  3.0013004E+01 -2.1399545E-03 -2.1399545E-03
  3.0292154E+01 -1.9731998E-03 -1.9731998E-03
  3.0573901E+01 -1.8179778E-03 -1.8179778E-03
  3.0858269E+01 -1.6736094E-03 -1.6736094E-03
  3.1145281E+01 -1.5394465E-03 -1.5394465E-03
  3.1434963E+01 -1.4148715E-03 -1.4148715E-03
  3.1727339E+01 -1.2992963E-03 -1.2992963E-03
  3.2022434E+01 -1.1921616E-03 -1.1921616E-03
  3.2320274E+01 -1.0929356E-03 -1.0929356E-03
  3.2620885E+01 -1.0011137E-03 -1.0011137E-03
  3.2924291E+01 -9.1621698E-04 -9.1621698E-04
  3.3230519E+01 -8.3779186E-04 -8.3779186E-04
  3.3539596E+01 -7.6540891E-04 -7.6540891E-04
  3.3851547E+01 -6.9866201E-04 -6.9866201E-04
  3.4166400E+01 -6.3716753E-04 -6.3716753E-04
  3.4484181E+01 -5.8056338E-04 -5.8056338E-04
  3.4804918E+01 -5.2850813E-04 -5.2850813E-04
  3.5128638E+01 -4.8068028E-04 -4.8068028E-04
  3.5455368E+01 -4.3677722E-04 -4.3677722E-04
  3.5785138E+01 -3.9651462E-04 -3.9651462E-04
  3.6117975E+01 -3.5962541E-04 -3.5962541E-04
  3.6453908E+01 -3.2585911E-04 -3.2585911E-04
  3.6792965E+01 -2.9498100E-04 -2.9498100E-04
  3.7135176E+01 -2.6677135E-04 -2.6677135E-04
  3.7480569E+01 -2.4102471E-04 -2.4102471E-04
  3.7829176E+01 -2.1754914E-04 -2.1754914E-04
  3.8181024E+01 -1.9616566E-04 -1.9616566E-04
  3.8536145E+01 -1.7670723E-04 -1.7670723E-04
  3.8894569E+01 -1.5901844E-04 -1.5901844E-04
  3.9256327E+01 -1.4295474E-04 -1.4295474E-04
  3.9621449E+01 -1.2838192E-04 -1.2838192E-04
  3.9989968E+01 -1.1517531E-04 -1.1517531E-04
  4.0361914E+01 -1.0321914E-04 -1.0321914E-04
  4.0737319E+01 -9.2406672E-05 -9.2406672E-05
  4.1116217E+01 -8.2638783E-05 -8.2638783E-05
  4.1498638E+01 -7.3824217E-05 -7.3824217E-05
  4.1884616E+01 -6.5878185E-05 -6.5878185E-05
  4.2274184E+01 -5.8723282E-05 -5.8723282E-05
  4.2667376E+01 -5.2287645E-05 -5.2287645E-05
  4.3064224E+01 -4.6505742E-05 -4.6505742E-05
  4.3464764E+01 -4.1316283E-05 -4.1316283E-05
  4.3869029E+01 -3.6664598E-05 -3.6664598E-05
  4.4277054E+01 -3.2499658E-05 -3.2499658E-05
  4.4688874E+01 -2.8774174E-05 -2.8774174E-05
  4.5104525E+01 -2.5446207E-05 -2.5446207E-05
  4.5524041E+01 -2.2477111E-05 -2.2477111E-05
  4.5947459E+01 -1.9830305E-05 -1.9830305E-05
  4.6374816E+01 -1.7474348E-05 -1.7474348E-05
  4.6806147E+01 -1.5379863E-05 -1.5379863E-05
  4.7241491E+01 -1.3520576E-05 -1.3520576E-05
  4.7680883E+01 -1.1870781E-05 -1.1870781E-05
  4.8124362E+01 -1.0409341E-05 -1.0409341E-05
  4.8571966E+01 -9.1150523E-06 -9.1150523E-06
  4.9023733E+01 -7.9750773E-06 -7.9750773E-06
  4.9479702E+01 -6.9654974E-06 -6.9654974E-06
  4.9939912E+01 -6.0777722E-06 -6.0777722E-06
  5.0404402E+01 -5.2959881E-06 -5.2959881E-06
  5.0873213E+01 -4.6066927E-06 -4.6066927E-06
  5.1346383E+01 -4.0038918E-06 -4.0038918E-06
  5.1823955E+01 -3.4761240E-06 -3.4761240E-06
  5.2305969E+01 -3.0104089E-06 -3.0104089E-06
  5.2792466E+01 -2.6031284E-06 -2.6031284E-06
  5.3283488E+01 -2.2475758E-06 -2.2475758E-06
  5.3779077E+01 -1.9449389E-06 -1.9449389E-06
  5.4279275E+01 -1.6797442E-06 -1.6797442E-06
  5.4784126E+01 -1.4422491E-06 -1.4422491E-06
  5.5293672E+01 -1.2383650E-06 -1.2383650E-06
  5.5807957E+01 -1.0518706E-06 -1.0518706E-06
  5.6327026E+01 -9.1808593E-07 -9.1808593E-07
  5.6850923E+01 -7.8440431E-07 -7.8440431E-07
  5.7379692E+01 -6.8948151E-07 -6.8948151E-07
  5.7913380E+01 -5.9607538E-07 -5.9607538E-07
  5.8452031E+01 -4.9875196E-07 -4.9875196E-07
  5.8995693E+01 -3.9104190E-07 -3.9104190E-07
  5.9544411E+01 -3.5017400E-07 -3.5017400E-07
  6.0098232E+01 -2.9694962E-07 -2.9694962E-07
  6.0657205E+01 -2.5142180E-07 -2.5142180E-07
  6.1221377E+01 -2.1253873E-07 -2.1253873E-07
  6.1790796E+01 -1.7938323E-07 -1.7938323E-07
  6.2365511E+01 -1.5115685E-07 -1.5115685E-07
  6.2945571E+01 -1.2716558E-07 -1.2716558E-07
  6.3531027E+01 -1.0680719E-07 -1.0680719E-07
  6.4121928E+01 -8.9559987E-08 -8.9559987E-08
  6.4718325E+01 -7.4972760E-08 -7.4972760E-08
  6.5320269E+01 -6.2655932E-08 -6.2655932E-08
  6.5927812E+01 -5.2273710E-08 -5.2273710E-08
  6.6541005E+01 -4.3537154E-08 -4.3537154E-08
  6.7159902E+01 -3.6198070E-08 -3.6198070E-08
  6.7784555E+01 -3.0043635E-08 -3.0043635E-08
  6.8415018E+01 -2.4891679E-08 -2.4891679E-08
  6.9051345E+01 -2.0586543E-08 -2.0586543E-08
  6.9693591E+01 -1.6995463E-08 -1.6995463E-08
  7.0341810E+01 -1.4005406E-08 -1.4005406E-08
  7.0996058E+01 -1.1520310E-08 -1.1520310E-08
  7.1656391E+01 -9.4586917E-09 -9.4586917E-09
  7.2322866E+01 -7.7515564E-09 -7.7515564E-09
  7.2995540E+01 -6.3405975E-09 -6.3405975E-09
  7.3674470E+01 -5.1766321E-09 -5.1766321E-09
  7.4359715E+01 -4.2182527E-09 -4.2182527E-09
  7.5051333E+01 -3.4306652E-09 -3.4306652E-09
  7.5749385E+01 -2.7846890E-09 -2.7846890E-09
  7.6453928E+01 -2.2558999E-09 -2.2558999E-09
  7.7165025E+01 -1.8238947E-09 -1.8238947E-09
  7.7882736E+01 -1.4716633E-09 -1.4716633E-09
  7.8607122E+01 -1.1850531E-09 -1.1850531E-09
  7.9338245E+01 -9.5231290E-10 -9.5231290E-10
  8.0076169E+01 -7.6370521E-10 -7.6370521E-10
  8.0820956E+01 -6.1117804E-10 -6.1117804E-10
  8.1572670E+01 -4.8808697E-10 -4.8808697E-10
  8.2331376E+01 -3.8896067E-10 -3.8896067E-10
  8.3097139E+01 -3.0930332E-10 -3.0930332E-10
  8.3870024E+01 -2.4542866E-10 -2.4542866E-10
  8.4650098E+01 -1.9432067E-10 -1.9432067E-10
  8.5437427E+01 -1.5351718E-10 -1.5351718E-10
  8.6232079E+01 -1.2101252E-10 -1.2101252E-10
  8.7034122E+01 -9.5176558E-11 -9.5176558E-11
  8.7843625E+01 -7.4687341E-11 -7.4687341E-11
  8.8660657E+01 -5.8475260E-11 -5.8475260E-11
  8.9485289E+01 -4.5676863E-11 -4.5676863E-11
  9.0317590E+01 -3.5596720E-11 -3.5596720E-11
  9.1157632E+01 -2.7676038E-11 -2.7676038E-11
  9.2005488E+01 -2.1466863E-11 -2.1466863E-11
  9.2861229E+01 -1.6610947E-11 -1.6610947E-11
  9.3724930E+01 -1.2822469E-11 -1.2822469E-11
  9.4596664E+01 -9.8739448E-12 -9.8739448E-12
  9.5476506E+01 -7.5847563E-12 -7.5847563E-12
  9.6364532E+01 -5.8118528E-12 -5.8118528E-12
  9.7260816E+01 -4.4422168E-12 -4.4422168E-12
  9.8165438E+01 -3.3867823E-12 -3.3867823E-12
  9.9078473E+01 -2.5755372E-12 -2.5755372E-12
  1.0000000E+02 -1.9535885E-12 -1.9535885E-12
