  0.0000000E+00  1.02738228004520302E-01
  8.4554393E-09  1.02738228004128573E-01
  1.6989523E-08  1.02738228004110393E-01
  2.5602981E-08  1.02738228004212603E-01
  3.4296553E-08  1.02738228004204429E-01
  4.3070984E-08  1.02738228003877483E-01
  5.1927026E-08  1.02738228004320836E-01
  6.0865438E-08  1.02738228004081764E-01
  6.9886986E-08  1.02738228004194007E-01
  7.8992443E-08  1.02738228004526796E-01
  8.8182589E-08  1.02738228003806650E-01
  9.7458214E-08  1.02738228004180157E-01
  1.0682011E-07  1.02738228004175605E-01
  1.1626908E-07  1.02738228004041851E-01
  1.2580594E-07  1.02738228004507770E-01
  1.3543150E-07  1.02738228003978430E-01
  1.4514658E-07  1.02738228004521287E-01
  1.5495203E-07  1.02738228003833837E-01
  1.6484867E-07  1.02738228003989018E-01
  1.7483737E-07  1.02738228003934368E-01
  1.8491896E-07  1.02738228004075782E-01
  1.9509433E-07  1.02738228004312357E-01
  2.0536434E-07  1.02738228003952811E-01
  2.1572987E-07  1.02738228004096155E-01
  2.2619181E-07  1.02738228003889293E-01
  2.3675106E-07  1.02738228003665208E-01
  2.4740851E-07  1.02738228004042753E-01
  2.5816509E-07  1.02738228004045681E-01
  2.6902172E-07  1.02738228003564899E-01
  2.7997933E-07  1.02738228003661849E-01
  2.9103885E-07  1.02738228003784668E-01
  3.0220124E-07  1.02738228003232651E-01
  3.1346745E-07  1.02738228003954407E-01
  3.2483844E-07  1.02738228003483062E-01
  3.3631520E-07  1.02738228003836612E-01
  3.4789870E-07  1.02738228003776091E-01
  3.5958994E-07  1.02738228003208573E-01
  3.7138992E-07  1.02738228002900445E-01
  3.8329965E-07  1.02738228003222465E-01
  3.9532015E-07  1.02738228003358176E-01
  4.0745246E-07  1.02738228003419821E-01
  4.1969760E-07  1.02738228003130497E-01
  4.3205664E-07  1.02738228003328880E-01
  4.4453063E-07  1.02738228002822951E-01
  4.5712065E-07  1.02738228002937929E-01
  4.6982776E-07  1.02738228003036197E-01
  4.8265306E-07  1.02738228002955290E-01
  4.9559764E-07  1.02738228002342724E-01
  5.0866263E-07  1.02738228002857160E-01
  5.2184913E-07  1.02738228002384580E-01
  5.3515828E-07  1.02738228002501403E-01
  5.4859122E-07  1.02738228002913795E-01
  5.6214909E-07  1.02738228002675444E-01
  5.7583307E-07  1.02738228002365470E-01
  5.8964433E-07  1.02738228001491391E-01
  6.0358404E-07  1.02738228001595017E-01
  6.1765340E-07  1.02738228001621398E-01
  6.3185362E-07  1.02738228002101750E-01
  6.4618592E-07  1.02738228001379370E-01
  6.6065153E-07  1.02738228001209464E-01
  6.7525168E-07  1.02738228001238469E-01
  6.8998762E-07  1.02738228001132248E-01
  7.0486062E-07  1.02738228000851986E-01
  7.1987196E-07  1.02738228000912590E-01
  7.3502291E-07  1.02738228000579024E-01
  7.5031479E-07  1.02738228000718135E-01
  7.6574889E-07  1.02738228000548368E-01
  7.8132655E-07  1.02738228000399279E-01
  7.9704910E-07  1.02738227999783036E-01
  8.1291788E-07  1.02738228000109386E-01
  8.2893425E-07  1.02738227999614851E-01
  8.4509959E-07  1.02738227999349896E-01
  8.6141529E-07  1.02738227998839096E-01
  8.7788274E-07  1.02738227999320392E-01
  8.9450335E-07  1.02738227998861370E-01
  9.1127855E-07  1.02738227998722745E-01
  9.2820978E-07  1.02738227998277851E-01
  9.4529848E-07  1.02738227998308548E-01
  9.6254612E-07  1.02738227997827808E-01
  9.7995419E-07  1.02738227998032436E-01
  9.9752417E-07  1.02738227997192011E-01
  1.0152576E-06  1.02738227997133585E-01
  1.0331559E-06  1.02738227996967899E-01
  1.0512207E-06  1.02738227996412634E-01
  1.0694535E-06  1.02738227996077749E-01
  1.0878559E-06  1.02738227996022516E-01
  1.1064295E-06  1.02738227995218534E-01
  1.1251758E-06  1.02738227995383513E-01
  1.1440965E-06  1.02738227995065323E-01
  1.1631932E-06  1.02738227994465359E-01
  1.1824674E-06  1.02738227994468329E-01
  1.2019210E-06  1.02738227993999967E-01
  1.2215555E-06  1.02738227992941328E-01
  1.2413726E-06  1.02738227993029757E-01
  1.2613740E-06  1.02738227992514461E-01
  1.2815615E-06  1.02738227992122108E-01
  1.3019367E-06  1.02738227991590186E-01
  1.3225014E-06  1.02738227991622980E-01
  1.3432574E-06  1.02738227990828754E-01
  1.3642065E-06  1.02738227990637962E-01
  1.3853504E-06  1.02738227990063546E-01
  1.4066909E-06  1.02738227989793346E-01
  1.4282300E-06  1.02738227989258413E-01
  1.4499694E-06  1.02738227988178846E-01
  1.4719110E-06  1.02738227987812167E-01
  1.4940566E-06  1.02738227987234629E-01
  1.5164082E-06  1.02738227987007325E-01
  1.5389678E-06  1.02738227986000352E-01
  1.5617371E-06  1.02738227985631397E-01
  1.5847183E-06  1.02738227984550401E-01
  1.6079131E-06  1.02738227984000494E-01
  1.6313237E-06  1.02738227983637950E-01
  1.6549521E-06  1.02738227983370636E-01
  1.6788002E-06  1.02738227982544436E-01
  1.7028702E-06  1.02738227982039243E-01
  1.7271640E-06  1.02738227980879990E-01
  1.7516837E-06  1.02738227980499877E-01
  1.7764315E-06  1.02738227979314076E-01
  1.8014095E-06  1.02738227978535476E-01
  1.8266199E-06  1.02738227977936317E-01
  1.8520647E-06  1.02738227977401689E-01
  1.8777461E-06  1.02738227976210947E-01
  1.9036664E-06  1.02738227975615215E-01
  1.9298279E-06  1.02738227974764867E-01
  1.9562326E-06  1.02738227973376631E-01
  1.9828829E-06  1.02738227972595478E-01
  2.0097811E-06  1.02738227971934132E-01
  2.0369295E-06  1.02738227970616644E-01
  2.0643304E-06  1.02738227969567775E-01
  2.0919861E-06  1.02738227968678306E-01
  2.1198991E-06  1.02738227967741444E-01
  2.1480717E-06  1.02738227966892137E-01
  2.1765063E-06  1.02738227965868748E-01
  2.2052054E-06  1.02738227964286472E-01
  2.2341714E-06  1.02738227963637740E-01
  2.2634068E-06  1.02738227962444195E-01
  2.2929142E-06  1.02738227961503073E-01
  2.3226960E-06  1.02738227960012321E-01
  2.3527548E-06  1.02738227959286083E-01
  2.3830931E-06  1.02738227956770067E-01
  2.4137137E-06  1.02738227956573017E-01
  2.4446190E-06  1.02738227954275202E-01
  2.4758118E-06  1.02738227953112216E-01
  2.5072948E-06  1.02738227951908317E-01
  2.5390705E-06  1.02738227950082375E-01
  2.5711418E-06  1.02738227949128610E-01
  2.6035114E-06  1.02738227947970287E-01
  2.6361820E-06  1.02738227945584779E-01
  2.6691566E-06  1.02738227944347671E-01
  2.7024378E-06  1.02738227942559490E-01
  2.7360286E-06  1.02738227941375743E-01
  2.7699318E-06  1.02738227939326937E-01
  2.8041503E-06  1.02738227937420601E-01
  2.8386871E-06  1.02738227935697632E-01
  2.8735451E-06  1.02738227934291049E-01
  2.9087273E-06  1.02738227932360981E-01
  2.9442368E-06  1.02738227930497208E-01
  2.9800765E-06  1.02738227928455272E-01
  3.0162496E-06  1.02738227926545744E-01
  3.0527591E-06  1.02738227924260739E-01
  3.0896082E-06  1.02738227922445413E-01
  3.1268001E-06  1.02738227920629324E-01
  3.1643378E-06  1.02738227918247396E-01
  3.2022247E-06  1.02738227915596239E-01
  3.2404640E-06  1.02738227913287128E-01
  3.2790589E-06  1.02738227911285993E-01
  3.3180128E-06  1.02738227908638916E-01
  3.3573291E-06  1.02738227906737589E-01
  3.3970110E-06  1.02738227903777984E-01
  3.4370620E-06  1.02738227901420287E-01
  3.4774854E-06  1.02738227898831538E-01
  3.5182849E-06  1.02738227896605583E-01
  3.5594639E-06  1.02738227893287848E-01
  3.6010258E-06  1.02738227890994779E-01
  3.6429743E-06  1.02738227888145781E-01
  3.6853130E-06  1.02738227885174394E-01
  3.7280455E-06  1.02738227882339897E-01
  3.7711754E-06  1.02738227879180258E-01
  3.8147065E-06  1.02738227876525506E-01
  3.8586425E-06  1.02738227873339152E-01
  3.9029871E-06  1.02738227869645440E-01
  3.9477441E-06  1.02738227866881082E-01
  3.9929175E-06  1.02738227863580764E-01
  4.0385110E-06  1.02738227859760875E-01
  4.0845285E-06  1.02738227856571288E-01
  4.1309741E-06  1.02738227852418956E-01
  4.1778517E-06  1.02738227849283131E-01
  4.2251652E-06  1.02738227845735788E-01
  4.2729189E-06  1.02738227841357471E-01
  4.3211166E-06  1.02738227838156712E-01
  4.3697627E-06  1.02738227833773621E-01
  4.4188613E-06  1.02738227829533013E-01
  4.4684164E-06  1.02738227826014106E-01
  4.5184326E-06  1.02738227821594225E-01
  4.5689139E-06  1.02738227817344624E-01
  4.6198647E-06  1.02738227812391072E-01
  4.6712894E-06  1.02738227808604116E-01
  4.7231924E-06  1.02738227803367665E-01
  4.7755782E-06  1.02738227799038032E-01
  4.8284512E-06  1.02738227794283266E-01
  4.8818160E-06  1.02738227789708578E-01
  4.9356771E-06  1.02738227784116190E-01
  4.9900392E-06  1.02738227779491959E-01
  5.0449069E-06  1.02738227773875368E-01
  5.1002850E-06  1.02738227769114288E-01
  5.1561781E-06  1.02738227763512296E-01
  5.2125910E-06  1.02738227758454662E-01
  5.2695287E-06  1.02738227752723552E-01
  5.3269959E-06  1.02738227746721283E-01
  5.3849977E-06  1.02738227741070665E-01
  5.4435389E-06  1.02738227734992152E-01
  5.5026246E-06  1.02738227728886633E-01
  5.5622598E-06  1.02738227722436404E-01
  5.6224498E-06  1.02738227716475047E-01
  5.6831995E-06  1.02738227709494354E-01
  5.7445143E-06  1.02738227703085966E-01
  5.8063994E-06  1.02738227696009779E-01
  5.8688600E-06  1.02738227689019884E-01
  5.9319016E-06  1.02738227682089192E-01
  5.9955296E-06  1.02738227674774488E-01
  6.0597494E-06  1.02738227667475590E-01
  6.1245664E-06  1.02738227659764786E-01
  6.1899864E-06  1.02738227652666672E-01
  6.2560148E-06  1.02738227644488228E-01
  6.3226573E-06  1.02738227637040366E-01
  6.3899197E-06  1.02738227628498019E-01
  6.4578076E-06  1.02738227620276068E-01
  6.5263270E-06  1.02738227611631330E-01
  6.5954837E-06  1.02738227603092203E-01
  6.6652837E-06  1.02738227594583412E-01
  6.7357328E-06  1.02738227585489492E-01
  6.8068372E-06  1.02738227576555985E-01
  6.8786029E-06  1.02738227566900528E-01
  6.9510361E-06  1.02738227556855924E-01
  7.0241430E-06  1.02738227547643973E-01
  7.0979299E-06  1.02738227537640295E-01
  7.1724030E-06  1.02738227527561538E-01
  7.2475689E-06  1.02738227516861139E-01
  7.3234338E-06  1.02738227506480359E-01
  7.4000044E-06  1.02738227496046483E-01
  7.4772872E-06  1.02738227484889519E-01
  7.5552887E-06  1.02738227473657531E-01
  7.6340158E-06  1.02738227462394097E-01
  7.7134751E-06  1.02738227450405534E-01
  7.7936734E-06  1.02738227438337729E-01
  7.8746177E-06  1.02738227426703466E-01
  7.9563148E-06  1.02738227414351457E-01
  8.0387718E-06  1.02738227402073362E-01
  8.1219957E-06  1.02738227388631045E-01
  8.2059937E-06  1.02738227375697030E-01
  8.2907730E-06  1.02738227362104945E-01
  8.3763407E-06  1.02738227348505712E-01
  8.4627044E-06  1.02738227334800911E-01
  8.5498713E-06  1.02738227320563327E-01
  8.6378489E-06  1.02738227306143251E-01
  8.7266449E-06  1.02738227291588102E-01
  8.8162667E-06  1.02738227276575111E-01
  8.9067221E-06  1.02738227261394616E-01
  8.9980188E-06  1.02738227245310496E-01
  9.0901646E-06  1.02738227229200577E-01
  9.1831676E-06  1.02738227213254291E-01
  9.2770355E-06  1.02738227196299617E-01
  9.3717765E-06  1.02738227179175814E-01
  9.4673987E-06  1.02738227161904783E-01
  9.5639102E-06  1.02738227144971328E-01
  9.6613194E-06  1.02738227126357676E-01
  9.7596346E-06  1.02738227108137570E-01
  9.8588643E-06  1.02738227089587561E-01
  9.9590168E-06  1.02738227070297394E-01
  1.0060101E-05  1.02738227050883452E-01
  1.0162125E-05  1.02738227031111087E-01
  1.0265098E-05  1.02738227010717678E-01
  1.0369029E-05  1.02738226990346349E-01
  1.0473927E-05  1.02738226969137258E-01
  1.0579800E-05  1.02738226947298866E-01
  1.0686658E-05  1.02738226925867648E-01
  1.0794510E-05  1.02738226903791377E-01
  1.0903365E-05  1.02738226881083750E-01
  1.1013233E-05  1.02738226857831599E-01
  1.1124122E-05  1.02738226834378554E-01
  1.1236043E-05  1.02738226809822975E-01
  1.1349004E-05  1.02738226785636391E-01
  1.1463017E-05  1.02738226760093587E-01
  1.1578089E-05  1.02738226734339091E-01
  1.1694232E-05  1.02738226709459632E-01
  1.1811456E-05  1.02738226682611733E-01
  1.1929769E-05  1.02738226655246012E-01
  1.2049183E-05  1.02738226627835258E-01
  1.2169708E-05  1.02738226599723217E-01
  1.2291354E-05  1.02738226571026756E-01
  1.2414131E-05  1.02738226541973204E-01
  1.2538050E-05  1.02738226512146716E-01
  1.2663121E-05  1.02738226481933620E-01
  1.2789356E-05  1.02738226450687115E-01
  1.2916765E-05  1.02738226418938747E-01
  1.3045359E-05  1.02738226387061940E-01
  1.3175150E-05  1.02738226353991893E-01
  1.3306147E-05  1.02738226320518142E-01
  1.3438363E-05  1.02738226286480189E-01
  1.3571808E-05  1.02738226252235165E-01
  1.3706495E-05  1.02738226216513379E-01
  1.3842434E-05  1.02738226180492664E-01
  1.3979638E-05  1.02738226143517797E-01
  1.4118117E-05  1.02738226105644218E-01
  1.4257885E-05  1.02738226067526847E-01
  1.4398953E-05  1.02738226028579585E-01
  1.4541333E-05  1.02738225988856874E-01
  1.4685037E-05  1.02738225948450529E-01
  1.4830078E-05  1.02738225907285485E-01
  1.4976467E-05  1.02738225865199470E-01
  1.5124219E-05  1.02738225822048154E-01
  1.5273344E-05  1.02738225778172279E-01
  1.5423857E-05  1.02738225733609551E-01
  1.5575769E-05  1.02738225688038337E-01
  1.5729095E-05  1.02738225642046335E-01
  1.5883846E-05  1.02738225594685331E-01
  1.6040037E-05  1.02738225546681022E-01
  1.6197681E-05  1.02738225497966004E-01
  1.6356790E-05  1.02738225447702447E-01
  1.6517380E-05  1.02738225396527175E-01
  1.6679463E-05  1.02738225344829071E-01
  1.6843054E-05  1.02738225291687482E-01
  1.7008167E-05  1.02738225237190159E-01
  1.7174815E-05  1.02738225182450835E-01
  1.7343013E-05  1.02738225126485866E-01
  1.7512775E-05  1.02738225069541320E-01
  1.7684117E-05  1.02738225011364190E-01
  1.7857052E-05  1.02738224952092908E-01
  1.8031596E-05  1.02738224891553043E-01
  1.8207763E-05  1.02738224830120115E-01
  1.8385568E-05  1.02738224766729128E-01
  1.8565027E-05  1.02738224702793160E-01
  1.8746156E-05  1.02738224636746284E-01
  1.8928969E-05  1.02738224570301614E-01
  1.9113482E-05  1.02738224502607167E-01
  1.9299712E-05  1.02738224433664732E-01
  1.9487674E-05  1.02738224363046401E-01
  1.9677384E-05  1.02738224291151092E-01
  1.9868858E-05  1.02738224218300589E-01
  2.0062114E-05  1.02738224143598914E-01
  2.0257166E-05  1.02738224067482703E-01
  2.0454033E-05  1.02738223990063243E-01
  2.0652731E-05  1.02738223910880028E-01
  2.0853278E-05  1.02738223830705272E-01
  2.1055689E-05  1.02738223748158816E-01
  2.1259983E-05  1.02738223664850331E-01
  2.1466177E-05  1.02738223579606242E-01
  2.1674289E-05  1.02738223492501668E-01
  2.1884337E-05  1.02738223404388290E-01
  2.2096338E-05  1.02738223313710714E-01
  2.2310311E-05  1.02738223222059250E-01
  2.2526275E-05  1.02738223128269593E-01
  2.2744247E-05  1.02738223032891429E-01
  2.2964246E-05  1.02738222935727833E-01
  2.3186291E-05  1.02738222837118878E-01
  2.3410402E-05  1.02738222735313148E-01
  2.3636597E-05  1.02738222632809240E-01
  2.3864896E-05  1.02738222527627238E-01
  2.4095319E-05  1.02738222420397901E-01
  2.4327884E-05  1.02738222311838351E-01
  2.4562613E-05  1.02738222200914386E-01
  2.4799525E-05  1.02738222087254721E-01
  2.5038640E-05  1.02738221971482913E-01
  2.5279980E-05  1.02738221854396072E-01
  2.5523564E-05  1.02738221734489862E-01
  2.5769414E-05  1.02738221612505107E-01
  2.6017550E-05  1.02738221488430218E-01
  2.6267994E-05  1.02738221361554222E-01
  2.6520768E-05  1.02738221232499705E-01
  2.6775892E-05  1.02738221100888594E-01
  2.7033390E-05  1.02738220966802490E-01
  2.7293283E-05  1.02738220829833332E-01
  2.7555592E-05  1.02738220690564361E-01
  2.7820342E-05  1.02738220548710374E-01
  2.8087554E-05  1.02738220403876243E-01
  2.8357251E-05  1.02738220256743895E-01
  2.8629457E-05  1.02738220106294048E-01
  2.8904194E-05  1.02738219953227003E-01
  2.9181487E-05  1.02738219797309266E-01
  2.9461359E-05  1.02738219638693881E-01
  2.9743834E-05  1.02738219476477932E-01
  3.0028937E-05  1.02738219311426640E-01
  3.0316691E-05  1.02738219143207965E-01
  3.0607121E-05  1.02738218972065434E-01
  3.0900253E-05  1.02738218797364528E-01
  3.1196111E-05  1.02738218619460989E-01
  3.1494721E-05  1.02738218438148149E-01
  3.1796108E-05  1.02738218253013644E-01
  3.2100299E-05  1.02738218065498876E-01
  3.2407319E-05  1.02738217873224194E-01
  3.2717194E-05  1.02738217678078475E-01
  3.3029952E-05  1.02738217478979113E-01
  3.3345618E-05  1.02738217275796628E-01
  3.3664221E-05  1.02738217068891094E-01
  3.3985786E-05  1.02738216858127562E-01
  3.4310343E-05  1.02738216643066774E-01
  3.4637918E-05  1.02738216425054929E-01
  3.4968540E-05  1.02738216201734289E-01
  3.5302238E-05  1.02738215974772729E-01
  3.5639039E-05  1.02738215742853203E-01
  3.5978972E-05  1.02738215507534356E-01
  3.6322067E-05  1.02738215266974020E-01
  3.6668354E-05  1.02738215022259646E-01
  3.7017861E-05  1.02738214772963313E-01
  3.7370619E-05  1.02738214518596091E-01
  3.7726658E-05  1.02738214259447277E-01
  3.8086008E-05  1.02738213995383451E-01
  3.8448701E-05  1.02738213726044247E-01
  3.8814767E-05  1.02738213452428492E-01
  3.9184238E-05  1.02738213172868742E-01
  3.9557146E-05  1.02738212888503794E-01
  3.9933521E-05  1.02738212598863760E-01
  4.0313398E-05  1.02738212303594950E-01
  4.0696808E-05  1.02738212002583804E-01
  4.1083783E-05  1.02738211695866805E-01
  4.1474358E-05  1.02738211383448338E-01
  4.1868566E-05  1.02738211064991758E-01
  4.2266440E-05  1.02738210741072075E-01
  4.2668015E-05  1.02738210410544595E-01
  4.3073325E-05  1.02738210073659325E-01
  4.3482405E-05  1.02738209729842031E-01
  4.3895289E-05  1.02738209380360740E-01
  4.4312014E-05  1.02738209024545821E-01
  4.4732615E-05  1.02738208661579553E-01
  4.5157128E-05  1.02738208292058403E-01
  4.5585589E-05  1.02738207914387314E-01
  4.6018035E-05  1.02738207530807077E-01
  4.6454504E-05  1.02738207139670884E-01
  4.6895032E-05  1.02738206740987770E-01
  4.7339657E-05  1.02738206335104207E-01
  4.7788418E-05  1.02738205921215325E-01
  4.8241352E-05  1.02738205499548915E-01
  4.8698500E-05  1.02738205070544097E-01
  4.9159899E-05  1.02738204632663171E-01
  4.9625590E-05  1.02738204186912041E-01
  5.0095612E-05  1.02738203732588143E-01
  5.0570006E-05  1.02738203269845327E-01
  5.1048812E-05  1.02738202798163286E-01
  5.1532072E-05  1.02738202317951902E-01
  5.2019826E-05  1.02738201828244488E-01
  5.2512117E-05  1.02738201329500428E-01
  5.3008987E-05  1.02738200821424555E-01
  5.3510478E-05  1.02738200303576582E-01
  5.4016634E-05  1.02738199775266978E-01
  5.4527497E-05  1.02738199238499889E-01
  5.5043112E-05  1.02738198690396978E-01
  5.5563522E-05  1.02738198132446640E-01
  5.6088773E-05  1.02738197564637562E-01
  5.6618909E-05  1.02738196985120503E-01
  5.7153976E-05  1.02738196395253639E-01
  5.7694020E-05  1.02738195793451628E-01
  5.8239086E-05  1.02738195181078476E-01
  5.8789223E-05  1.02738194556873469E-01
  5.9344476E-05  1.02738193921318013E-01
  5.9904893E-05  1.02738193273165995E-01
  6.0470523E-05  1.02738192613274548E-01
  6.1041414E-05  1.02738191940953891E-01
  6.1617614E-05  1.02738191255620101E-01
  6.2199174E-05  1.02738190557147738E-01
  6.2786143E-05  1.02738189846441105E-01
  6.3378571E-05  1.02738189121743526E-01
  6.3976510E-05  1.02738188383929688E-01
  6.4580010E-05  1.02738187631844474E-01
  6.5189123E-05  1.02738186865439965E-01
  6.5803901E-05  1.02738186084590954E-01
  6.6424398E-05  1.02738185289346487E-01
  6.7050665E-05  1.02738184478701380E-01
  6.7682758E-05  1.02738183653541273E-01
  6.8320729E-05  1.02738182812519979E-01
  6.8964635E-05  1.02738181955335378E-01
  6.9614529E-05  1.02738181082449628E-01
  7.0270468E-05  1.02738180192100084E-01
  7.0932508E-05  1.02738179285526116E-01
  7.1600706E-05  1.02738178362772214E-01
  7.2275118E-05  1.02738177421537180E-01
  7.2955803E-05  1.02738176463181230E-01
  7.3642819E-05  1.02738175487388436E-01
  7.4336225E-05  1.02738174492068179E-01
  7.5036081E-05  1.02738173477994785E-01
  7.5742445E-05  1.02738172446734763E-01
  7.6455380E-05  1.02738171393866429E-01
  7.7174946E-05  1.02738170322446393E-01
  7.7901204E-05  1.02738169230654000E-01
  7.8634217E-05  1.02738168118077164E-01
  7.9374048E-05  1.02738166984061505E-01
  8.0120760E-05  1.02738165829853900E-01
  8.0874418E-05  1.02738164653658551E-01
  8.1635085E-05  1.02738163454999934E-01
  8.2402827E-05  1.02738162233689784E-01
  8.3177709E-05  1.02738160990150498E-01
  8.3959799E-05  1.02738159722928768E-01
  8.4749164E-05  1.02738158431556176E-01
  8.5545870E-05  1.02738157115355846E-01
  8.6349986E-05  1.02738155775573506E-01
  8.7161581E-05  1.02738154410510679E-01
  8.7980725E-05  1.02738153019322501E-01
  8.8807487E-05  1.02738151602324093E-01
  8.9641940E-05  1.02738150158648817E-01
  9.0484153E-05  1.02738148687217007E-01
  9.1334200E-05  1.02738147188914469E-01
  9.2192154E-05  1.02738145662943689E-01
  9.3058087E-05  1.02738144106612084E-01
  9.3932074E-05  1.02738142522267484E-01
  9.4814190E-05  1.02738140908361739E-01
  9.5704511E-05  1.02738139263437625E-01
  9.6603112E-05  1.02738137587226469E-01
  9.7510072E-05  1.02738135880380901E-01
  9.8425467E-05  1.02738134141294998E-01
  9.9349376E-05  1.02738132369430690E-01
  1.0028188E-04  1.02738130564715979E-01
  1.0122305E-04  1.02738128726000105E-01
  1.0217298E-04  1.02738126851986453E-01
  1.0313175E-04  1.02738124944004555E-01
  1.0409943E-04  1.02738122999214643E-01
  1.0507611E-04  1.02738121018010733E-01
  1.0606188E-04  1.02738118999809280E-01
  1.0705681E-04  1.02738116943798349E-01
  1.0806100E-04  1.02738114849673379E-01
  1.0907453E-04  1.02738112715630284E-01
  1.1009749E-04  1.02738110541964758E-01
  1.1112996E-04  1.02738108327068783E-01
  1.1217203E-04  1.02738106070462049E-01
  1.1322380E-04  1.02738103771989359E-01
  1.1428535E-04  1.02738101430138243E-01
  1.1535677E-04  1.02738099044576522E-01
  1.1643815E-04  1.02738096613443783E-01
  1.1752960E-04  1.02738094137422409E-01
  1.1863119E-04  1.02738091614891114E-01
  1.1974304E-04  1.02738089044764419E-01
  1.2086522E-04  1.02738086426940892E-01
  1.2199784E-04  1.02738083759342111E-01
  1.2314100E-04  1.02738081042153831E-01
  1.2429478E-04  1.02738078274158359E-01
  1.2545930E-04  1.02738075453906355E-01
  1.2663465E-04  1.02738072580155382E-01
  1.2782094E-04  1.02738069653688618E-01
  1.2901825E-04  1.02738066671499720E-01
  1.3022670E-04  1.02738063633523669E-01
  1.3144640E-04  1.02738060538405035E-01
  1.3267743E-04  1.02738057385762679E-01
  1.3391992E-04  1.02738054173862656E-01
  1.3517396E-04  1.02738050901581460E-01
  1.3643967E-04  1.02738047568117871E-01
  1.3771714E-04  1.02738044172337367E-01
  1.3900650E-04  1.02738040711998643E-01
  1.4030786E-04  1.02738037187242864E-01
  1.4162131E-04  1.02738033596471309E-01
  1.4294699E-04  1.02738029937957734E-01
  1.4428499E-04  1.02738026211587938E-01
  1.4563544E-04  1.02738022415890889E-01
  1.4699845E-04  1.02738018547129994E-01
  1.4837413E-04  1.02738014607146197E-01
  1.4976261E-04  1.02738010593106777E-01
  1.5116401E-04  1.02738006503787074E-01
  1.5257844E-04  1.02738002337354570E-01
  1.5400602E-04  1.02737998093204330E-01
  1.5544688E-04  1.02737993769624628E-01
  1.5690115E-04  1.02737989364627760E-01
  1.5836894E-04  1.02737984877499661E-01
  1.5985038E-04  1.02737980306372240E-01
  1.6134560E-04  1.02737975648628063E-01
  1.6285473E-04  1.02737970904807241E-01
  1.6437790E-04  1.02737966071548933E-01
  1.6591523E-04  1.02737961147235490E-01
  1.6746686E-04  1.02737956131018687E-01
  1.6903292E-04  1.02737951021103224E-01
  1.7061355E-04  1.02737945814633747E-01
  1.7220888E-04  1.02737940511460846E-01
  1.7381904E-04  1.02737935109059653E-01
  1.7544419E-04  1.02737929604476211E-01
  1.7708445E-04  1.02737923996843158E-01
  1.7873996E-04  1.02737918284635119E-01
  1.8041087E-04  1.02737912465434775E-01
  1.8209733E-04  1.02737906536709944E-01
  1.8379947E-04  1.02737900497675200E-01
  1.8551744E-04  1.02737894344449049E-01
  1.8725139E-04  1.02737888077059428E-01
  1.8900147E-04  1.02737881691588762E-01
  1.9076782E-04  1.02737875186367622E-01
  1.9255060E-04  1.02737868559457352E-01
  1.9434997E-04  1.02737861808907843E-01
  1.9616607E-04  1.02737854931243974E-01
  1.9799906E-04  1.02737847924571635E-01
  1.9984910E-04  1.02737840787275783E-01
  2.0171635E-04  1.02737833516136634E-01
  2.0360097E-04  1.02737826108532979E-01
  2.0550311E-04  1.02737818562126007E-01
  2.0742295E-04  1.02737810874946128E-01
  2.0936064E-04  1.02737803043285253E-01
  2.1131636E-04  1.02737795065242152E-01
  2.1329026E-04  1.02737786937371331E-01
  2.1528253E-04  1.02737778657422382E-01
  2.1729332E-04  1.02737770222214003E-01
  2.1932282E-04  1.02737761629638422E-01
  2.2137119E-04  1.02737752875453212E-01
  2.2343862E-04  1.02737743957901834E-01
  2.2552527E-04  1.02737734873538808E-01
  2.2763134E-04  1.02737725618440731E-01
  2.2975699E-04  1.02737716190415843E-01
  2.3190241E-04  1.02737706585220065E-01
  2.3406778E-04  1.02737696800291892E-01
  2.3625330E-04  1.02737686832611350E-01
  2.3845914E-04  1.02737676678517173E-01
  2.4068550E-04  1.02737666333375610E-01
  2.4293257E-04  1.02737655794863630E-01
  2.4520054E-04  1.02737645059021498E-01
  2.4748960E-04  1.02737634122821275E-01
  2.4979995E-04  1.02737622980717480E-01
  2.5213179E-04  1.02737611630866005E-01
  2.5448532E-04  1.02737600068163987E-01
  2.5686074E-04  1.02737588289348952E-01
  2.5925825E-04  1.02737576289514368E-01
  2.6167806E-04  1.02737564065855033E-01
  2.6412038E-04  1.02737551612245237E-01
  2.6658542E-04  1.02737538925833871E-01
  2.6907338E-04  1.02737526002011109E-01
  2.7158448E-04  1.02737512836447428E-01
  2.7411894E-04  1.02737499424289572E-01
  2.7667697E-04  1.02737485760991620E-01
  2.7925879E-04  1.02737471841701858E-01
  2.8186463E-04  1.02737457662000417E-01
  2.8449470E-04  1.02737443217603530E-01
  2.8714924E-04  1.02737428501524244E-01
  2.8982847E-04  1.02737413510575970E-01
  2.9253261E-04  1.02737398239072644E-01
  2.9526191E-04  1.02737382681676134E-01
  2.9801659E-04  1.02737366833448571E-01
  3.0079689E-04  1.02737350688174633E-01
  3.0360305E-04  1.02737334241894393E-01
  3.0643532E-04  1.02737317485940879E-01
  3.0929392E-04  1.02737300416825300E-01
  3.1217912E-04  1.02737283028743853E-01
  3.1509114E-04  1.02737265314978982E-01
  3.1803026E-04  1.02737247270035845E-01
  3.2099671E-04  1.02737228885919865E-01
  3.2399075E-04  1.02737210159497716E-01
  3.2701263E-04  1.02737191081370000E-01
  3.3006263E-04  1.02737171647577522E-01
  3.3314099E-04  1.02737151849091296E-01
  3.3624799E-04  1.02737131680701407E-01
  3.3938388E-04  1.02737111134523482E-01
  3.4254894E-04  1.02737090203705264E-01
  3.4574343E-04  1.02737068881198185E-01
  3.4896764E-04  1.02737047159286179E-01
  3.5222184E-04  1.02737025031473708E-01
  3.5550631E-04  1.02737002489210499E-01
  3.5882132E-04  1.02736979526191916E-01
  3.6216717E-04  1.02736956131911319E-01
  3.6554413E-04  1.02736932301466188E-01
  3.6895251E-04  1.02736908023561571E-01
  3.7239258E-04  1.02736883292135719E-01
  3.7586466E-04  1.02736858098027101E-01
  3.7936902E-04  1.02736832432226310E-01
  3.8290598E-04  1.02736806286140084E-01
  3.8647584E-04  1.02736779650638599E-01
  3.9007890E-04  1.02736752518103922E-01
  3.9371547E-04  1.02736724876528518E-01
  3.9738587E-04  1.02736696718063042E-01
  4.0109041E-04  1.02736668032553283E-01
  4.0482940E-04  1.02736638810943151E-01
  4.0860316E-04  1.02736609042092628E-01
  4.1241203E-04  1.02736578716547344E-01
  4.1625632E-04  1.02736547823400443E-01
  4.2013637E-04  1.02736516352886761E-01
  4.2405251E-04  1.02736484292720184E-01
  4.2800507E-04  1.02736451633615902E-01
  4.3199439E-04  1.02736418362872076E-01
  4.3602082E-04  1.02736384469598346E-01
  4.4008470E-04  1.02736349942454508E-01
  4.4418637E-04  1.02736314769249867E-01
  4.4832620E-04  1.02736278938708084E-01
  4.5250453E-04  1.02736242436724634E-01
  4.5672172E-04  1.02736205253138604E-01
  4.6097814E-04  1.02736167372961401E-01
  4.6527414E-04  1.02736128784599701E-01
  4.6961011E-04  1.02736089473719788E-01
  4.7398640E-04  1.02736049428938547E-01
  4.7840339E-04  1.02736008633121753E-01
  4.8286147E-04  1.02735967075291937E-01
  4.8736101E-04  1.02735924739953577E-01
  4.9190240E-04  1.02735881613091162E-01
  4.9648604E-04  1.02735837678666897E-01
  5.0111230E-04  1.02735792922810529E-01
  5.0578159E-04  1.02735747329596477E-01
  5.1049431E-04  1.02735700884379000E-01
  5.1525087E-04  1.02735653569768423E-01
  5.2005166E-04  1.02735605369529664E-01
  5.2489711E-04  1.02735556268112746E-01
  5.2978762E-04  1.02735506249087408E-01
  5.3472363E-04  1.02735455293625239E-01
  5.3970554E-04  1.02735403384595483E-01
  5.4473378E-04  1.02735350505135908E-01
  5.4980880E-04  1.02735296636690426E-01
  5.5493102E-04  1.02735241761662932E-01
  5.6010088E-04  1.02735185858630090E-01
  5.6531882E-04  1.02735128910052820E-01
  5.7058530E-04  1.02735070897618533E-01
  5.7590076E-04  1.02735011798895978E-01
  5.8126566E-04  1.02734951595333454E-01
  5.8668045E-04  1.02734890266338627E-01
  5.9214561E-04  1.02734827789955366E-01
  5.9766161E-04  1.02734764145064023E-01
  6.0322890E-04  1.02734699309379091E-01
  6.0884798E-04  1.02734633261001157E-01
  6.1451932E-04  1.02734565977390377E-01
  6.2024341E-04  1.02734497436892211E-01
  6.2602074E-04  1.02734427613046242E-01
  6.3185180E-04  1.02734356483034972E-01
  6.3773710E-04  1.02734284023969460E-01
  6.4367714E-04  1.02734210208639667E-01
  6.4967242E-04  1.02734135013421199E-01
  6.5572347E-04  1.02734058412255053E-01
  6.6183080E-04  1.02733980378223344E-01
  6.6799493E-04  1.02733900884200743E-01
  6.7421640E-04  1.02733819904345103E-01
  6.8049573E-04  1.02733737410194592E-01
  6.8683346E-04  1.02733653372901509E-01
  6.9323015E-04  1.02733567763863193E-01
  6.9968632E-04  1.02733480553675718E-01
  7.0620255E-04  1.02733391712918870E-01
  7.1277938E-04  1.02733301211430997E-01
  7.1941739E-04  1.02733209016292001E-01
  7.2611713E-04  1.02733115098213618E-01
  7.3287919E-04  1.02733019423007332E-01
  7.3970414E-04  1.02732921959523382E-01
  7.4659257E-04  1.02732822672611426E-01
  7.5354508E-04  1.02732721529510934E-01
  7.6056224E-04  1.02732618494382671E-01
  7.6764467E-04  1.02732513533339870E-01
  7.7479298E-04  1.02732406608677149E-01
  7.8200777E-04  1.02732297685848281E-01
  7.8928967E-04  1.02732186725033703E-01
  7.9663929E-04  1.02732073689845660E-01
  8.0405728E-04  1.02731958540715096E-01
  8.1154426E-04  1.02731841238665175E-01
  8.1910087E-04  1.02731721742782250E-01
  8.2672777E-04  1.02731600013472105E-01
  8.3442561E-04  1.02731476006870784E-01
  8.4219504E-04  1.02731349682587569E-01
  8.5003674E-04  1.02731220994775510E-01
  8.5795137E-04  1.02731089901527045E-01
  8.6593962E-04  1.02730956357468553E-01
  8.7400216E-04  1.02730820315868998E-01
  8.8213970E-04  1.02730681730435314E-01
  8.9035292E-04  1.02730540553735553E-01
  8.9864253E-04  1.02730396737295226E-01
  9.0700925E-04  1.02730250231692993E-01
  9.1545378E-04  1.02730100987064074E-01
  9.2397686E-04  1.02729948952017050E-01
  9.3257920E-04  1.02729794073633779E-01
  9.4126156E-04  1.02729636299954311E-01
  9.5002468E-04  1.02729475575346285E-01
  9.5886930E-04  1.02729311846735435E-01
  9.6779618E-04  1.02729145056360646E-01
  9.7680609E-04  1.02728975147537510E-01
  9.8589980E-04  1.02728802061554020E-01
  9.9507810E-04  1.02728625739753263E-01
  1.0043418E-03  1.02728446120645203E-01
  1.0136916E-03  1.02728263144350213E-01
  1.0231284E-03  1.02728076746214703E-01
  1.0326529E-03  1.02727886862966009E-01
  1.0422661E-03  1.02727693428929318E-01
  1.0519686E-03  1.02727496379961175E-01
  1.0617614E-03  1.02727295645296327E-01
  1.0716453E-03  1.02727091158300435E-01
  1.0816211E-03  1.02726882848709844E-01
  1.0916897E-03  1.02726670643290802E-01
  1.1018519E-03  1.02726454471009893E-01
  1.1121087E-03  1.02726234257287094E-01
  1.1224609E-03  1.02726009925855497E-01
  1.1329093E-03  1.02725781401455510E-01
  1.1434549E-03  1.02725548603368244E-01
  1.1540986E-03  1.02725311453601850E-01
  1.1648414E-03  1.02725069869757185E-01
  1.1756840E-03  1.02724823769229437E-01
  1.1866274E-03  1.02724573068351310E-01
  1.1976727E-03  1.02724317679664737E-01
  1.2088207E-03  1.02724057516451722E-01
  1.2200724E-03  1.02723792490147917E-01
  1.2314287E-03  1.02723522508521764E-01
  1.2428907E-03  1.02723247479152277E-01
  1.2544592E-03  1.02722967309005805E-01
  1.2661354E-03  1.02722681899938037E-01
  1.2779201E-03  1.02722391155294773E-01
  1.2898145E-03  1.02722094975171860E-01
  1.3018195E-03  1.02721793259070993E-01
  1.3139362E-03  1.02721485900662338E-01
  1.3261655E-03  1.02721172797248558E-01
  1.3385086E-03  1.02720853840946855E-01
  1.3509665E-03  1.02720528920489482E-01
  1.3635403E-03  1.02720197926646190E-01
  1.3762310E-03  1.02719860745088057E-01
  1.3890398E-03  1.02719517259182866E-01
  1.4019677E-03  1.02719167352180979E-01
  1.4150158E-03  1.02718810904234695E-01
  1.4281853E-03  1.02718447792391018E-01
  1.4414773E-03  1.02718077892450535E-01
  1.4548929E-03  1.02717701078197901E-01
  1.4684333E-03  1.02717317218903217E-01
  1.4820996E-03  1.02716926183957169E-01
  1.4958930E-03  1.02716527838883215E-01
  1.5098148E-03  1.02716122046705605E-01
  1.5238660E-03  1.02715708669235836E-01
  1.5380479E-03  1.02715287564110760E-01
  1.5523617E-03  1.02714858586680363E-01
  1.5668086E-03  1.02714421589804206E-01
  1.5813900E-03  1.02713976424324338E-01
  1.5961069E-03  1.02713522936435195E-01
  1.6109607E-03  1.02713060971751341E-01
  1.6259527E-03  1.02712590371006510E-01
  1.6410841E-03  1.02712110972960999E-01
  1.6563563E-03  1.02711622613354300E-01
  1.6717705E-03  1.02711125124565275E-01
  1.6873280E-03  1.02710618336145601E-01
  1.7030303E-03  1.02710102073877360E-01
  1.7188786E-03  1.02709576161295807E-01
  1.7348743E-03  1.02709040417007846E-01
  1.7510188E-03  1.02708494658513616E-01
  1.7673135E-03  1.02707938697994897E-01
  1.7837597E-03  1.02707372345053588E-01
  1.8003588E-03  1.02706795405296106E-01
  1.8171124E-03  1.02706207680235265E-01
  1.8340218E-03  1.02705608968956322E-01
  1.8510885E-03  1.02704999065855132E-01
  1.8683139E-03  1.02704377762306870E-01
  1.8856995E-03  1.02703744844423822E-01
  1.9032468E-03  1.02703100096121686E-01
  1.9209573E-03  1.02702443295267856E-01
  1.9388325E-03  1.02701774217113073E-01
  1.9568741E-03  1.02701092631782662E-01
  1.9750834E-03  1.02700398306006635E-01
  1.9934620E-03  1.02699691002889046E-01
  2.0120116E-03  1.02698970476741314E-01
  2.0307338E-03  1.02698236482748936E-01
  2.0496301E-03  1.02697488768015835E-01
  2.0687021E-03  1.02696727077804695E-01
  2.0879515E-03  1.02695951148772738E-01
  2.1073800E-03  1.02695160717190606E-01
  2.1269891E-03  1.02694355509817439E-01
  2.1467807E-03  1.02693535251092594E-01
  2.1667563E-03  1.02692699660005299E-01
  2.1869177E-03  1.02691848450581852E-01
  2.2072667E-03  1.02690981329914721E-01
  2.2278049E-03  1.02690098000835256E-01
  2.2485341E-03  1.02689198160393097E-01
  2.2694561E-03  1.02688281501135778E-01
  2.2905728E-03  1.02687347706893362E-01
  2.3118858E-03  1.02686396458030460E-01
  2.3333971E-03  1.02685427428185469E-01
  2.3551084E-03  1.02684440287291914E-01
  2.3770217E-03  1.02683434693615419E-01
  2.3991388E-03  1.02682410304106464E-01
  2.4214616E-03  1.02681366765960694E-01
  2.4439920E-03  1.02680303724196578E-01
  2.4667320E-03  1.02679220811676505E-01
  2.4896835E-03  1.02678117658193888E-01
  2.5128484E-03  1.02676993883847129E-01
  2.5362289E-03  1.02675849105595129E-01
  2.5598267E-03  1.02674682929323122E-01
  2.5836441E-03  1.02673494956068062E-01
  2.6076830E-03  1.02672284777504522E-01
  2.6319455E-03  1.02671051979322664E-01
  2.6564336E-03  1.02669796139013780E-01
  2.6811495E-03  1.02668516824972827E-01
  2.7060953E-03  1.02667213599239998E-01
  2.7312731E-03  1.02665886014104993E-01
  2.7566851E-03  1.02664533615212869E-01
  2.7823334E-03  1.02663155939314077E-01
  2.8082203E-03  1.02661752512474946E-01
  2.8343480E-03  1.02660322853521821E-01
  2.8607186E-03  1.02658866473724547E-01
  2.8873346E-03  1.02657382872485367E-01
  2.9141981E-03  1.02655871541856569E-01
  2.9413115E-03  1.02654331962725706E-01
  2.9686770E-03  1.02652763607710792E-01
  2.9962971E-03  1.02651165939405861E-01
  3.0241740E-03  1.02649538409467792E-01
  3.0523103E-03  1.02647880458794041E-01
  3.0807082E-03  1.02646191520824007E-01
  3.1093703E-03  1.02644471014884456E-01
  3.1382989E-03  1.02642718352108059E-01
  3.1674967E-03  1.02640932931166440E-01
  3.1969660E-03  1.02639114139457546E-01
  3.2267093E-03  1.02637261353341336E-01
  3.2567294E-03  1.02635373938832236E-01
  3.2870286E-03  1.02633451246419469E-01
  3.3176097E-03  1.02631492619199877E-01
  3.3484751E-03  1.02629497384081711E-01
  3.3796277E-03  1.02627464857751385E-01
  3.4110700E-03  1.02625394342363341E-01
  3.4428048E-03  1.02623285129438843E-01
  3.4748347E-03  1.02621136494328524E-01
  3.5071626E-03  1.02618947701675151E-01
  3.5397911E-03  1.02616717999395937E-01
  3.5727231E-03  1.02614446624342270E-01
  3.6059614E-03  1.02612132796664535E-01
  3.6395088E-03  1.02609775723410193E-01
  3.6733683E-03  1.02607374597297893E-01
  3.7075427E-03  1.02604928593809000E-01
  3.7420349E-03  1.02602436875200126E-01
  3.7768480E-03  1.02599898586171523E-01
  3.8119848E-03  1.02597312857611367E-01
  3.8474485E-03  1.02594678801872771E-01
  3.8832420E-03  1.02591995516981088E-01
  3.9193684E-03  1.02589262081320937E-01
  3.9558308E-03  1.02586477559392167E-01
  3.9926324E-03  1.02583640995979219E-01
  4.0297763E-03  1.02580751418042820E-01
  4.0672656E-03  1.02577807835397494E-01
  4.1051036E-03  1.02574809238139650E-01
  4.1432936E-03  1.02571754599643641E-01
  4.1818388E-03  1.02568642871458518E-01
  4.2207424E-03  1.02565472987004011E-01
  4.2600079E-03  1.02562243858512023E-01
  4.2996387E-03  1.02558954381438458E-01
  4.3396380E-03  1.02555603424979935E-01
  4.3800093E-03  1.02552189842772798E-01
  4.4207562E-03  1.02548712463038164E-01
  4.4618820E-03  1.02545170094174590E-01
  4.5033904E-03  1.02541561521721336E-01
  4.5452848E-03  1.02537885508868776E-01
  4.5875688E-03  1.02534140795176434E-01
  4.6302462E-03  1.02530326096176239E-01
  4.6733205E-03  1.02526440104254823E-01
  4.7167954E-03  1.02522481488534697E-01
  4.7606747E-03  1.02518448889740696E-01
  4.8049621E-03  1.02514340927565131E-01
  4.8496615E-03  1.02510156191309709E-01
  4.8947765E-03  1.02505893248912724E-01
  4.9403112E-03  1.02501550637956698E-01
  4.9862694E-03  1.02497126869744354E-01
  5.0326551E-03  1.02492620426647946E-01
  5.0794722E-03  1.02488029765854763E-01
  5.1267247E-03  1.02483353312580655E-01
  5.1744168E-03  1.02478589462943470E-01
  5.2225524E-03  1.02473736584849082E-01
  5.2711357E-03  1.02468793015269150E-01
  5.3201709E-03  1.02463757058409655E-01
  5.3696622E-03  1.02458626988678247E-01
  5.4196138E-03  1.02453401046623663E-01
  5.4700300E-03  1.02448077443132876E-01
  5.5209151E-03  1.02442654350609494E-01
  5.5722735E-03  1.02437129910798189E-01
  5.6241096E-03  1.02431502231449700E-01
  5.6764278E-03  1.02425769381067983E-01
  5.7292326E-03  1.02419929397176687E-01
  5.7825285E-03  1.02413980276877772E-01
  5.8363202E-03  1.02407919979496734E-01
  5.8906122E-03  1.02401746429625989E-01
  5.9454091E-03  1.02395457511746543E-01
  6.0007157E-03  1.02389051067510325E-01
  6.0565367E-03  1.02382524903399177E-01
  6.1128769E-03  1.02375876782131739E-01
  6.1697412E-03  1.02369104423781887E-01
  6.2271343E-03  1.02362205508262985E-01
  6.2850612E-03  1.02355177670030537E-01
  6.3435269E-03  1.02348018501632387E-01
  6.4025364E-03  1.02340725548755340E-01
  6.4620947E-03  1.02333296311234750E-01
  6.5222070E-03  1.02325728243489331E-01
  6.5828784E-03  1.02318018750265097E-01
  6.6441141E-03  1.02310165191000280E-01
  6.7059194E-03  1.02302164872728307E-01
  6.7682995E-03  1.02294015054472387E-01
  6.8312598E-03  1.02285712942947860E-01
  6.8948056E-03  1.02277255692577979E-01
  6.9589426E-03  1.02268640404937522E-01
  7.0236760E-03  1.02259864127689587E-01
  7.0890116E-03  1.02250923852349379E-01
  7.1549548E-03  1.02241816516289011E-01
  7.2215114E-03  1.02232538997938813E-01
  7.2886870E-03  1.02223088116880675E-01
  7.3564874E-03  1.02213460635645959E-01
  7.4249184E-03  1.02203653253641058E-01
  7.4939859E-03  1.02193662611929637E-01
  7.5636958E-03  1.02183485285816195E-01
  7.6340541E-03  1.02173117787020720E-01
  7.7050668E-03  1.02162556564079632E-01
  7.7767399E-03  1.02151797997056121E-01
  7.8490797E-03  1.02140838399738601E-01
  7.9220923E-03  1.02129674016454897E-01
  7.9957840E-03  1.02118301021849642E-01
  8.0701611E-03  1.02106715519329913E-01
  8.1452300E-03  1.02094913538344864E-01
  8.2209971E-03  1.02082891036014020E-01
  8.2974689E-03  1.02070643892001114E-01
  8.3746520E-03  1.02058167909736625E-01
  8.4525530E-03  1.02045458815061690E-01
  8.5311785E-03  1.02032512254425542E-01
  8.6105353E-03  1.02019323791091077E-01
  8.6906302E-03  1.02005888905265824E-01
  8.7714700E-03  1.01992202997071110E-01
  8.8530618E-03  1.01978261374672446E-01
  8.9354124E-03  1.01964059263426457E-01
  9.0185290E-03  1.01949591798225964E-01
  9.1024186E-03  1.01934854020294549E-01
  9.1870885E-03  1.01919840882362875E-01
  9.2725459E-03  1.01904547241636945E-01
  9.3587982E-03  1.01888967857877238E-01
  9.4458527E-03  1.01873097394886813E-01
  9.5337168E-03  1.01856930415155866E-01
  9.6223982E-03  1.01840461381842648E-01
  9.7119045E-03  1.01823684653308738E-01
  9.8022432E-03  1.01806594481520185E-01
  9.8934221E-03  1.01789185014225653E-01
  9.9854491E-03  1.01771450287027831E-01
  1.0078332E-02  1.01753384225875501E-01
  1.0172079E-02  1.01734980643249623E-01
  1.0266698E-02  1.01716233233958606E-01
  1.0362197E-02  1.01697135579363676E-01
  1.0458584E-02  1.01677681137966172E-01
  1.0555867E-02  1.01657863246117877E-01
  1.0654056E-02  1.01637675116996853E-01
  1.0753157E-02  1.01617109837716643E-01
  1.0853181E-02  1.01596160364153934E-01
  1.0954134E-02  1.01574819522121454E-01
  1.1056027E-02  1.01553080004318536E-01
  1.1158867E-02  1.01530934365128611E-01
  1.1262664E-02  1.01508375022456271E-01
  1.1367427E-02  1.01485394251161862E-01
  1.1473163E-02  1.01461984181817497E-01
  1.1579883E-02  1.01438136799259948E-01
  1.1687596E-02  1.01413843937598877E-01
  1.1796311E-02  1.01389097279823495E-01
  1.1906037E-02  1.01363888353164427E-01
  1.2016783E-02  1.01338208526597612E-01
  1.2128559E-02  1.01312049008823998E-01
  1.2241375E-02  1.01285400843569767E-01
  1.2355240E-02  1.01258254908681289E-01
  1.2470165E-02  1.01230601911612664E-01
  1.2586158E-02  1.01202432384992699E-01
  1.2703230E-02  1.01173736687252255E-01
  1.2821391E-02  1.01144504996091719E-01
  1.2940651E-02  1.01114727305028934E-01
  1.3061020E-02  1.01084393422062588E-01
  1.3182509E-02  1.01053492966277400E-01
  1.3305128E-02  1.01022015360333436E-01
  1.3428887E-02  1.00989949831502307E-01
  1.3553797E-02  1.00957285406452629E-01
  1.3679870E-02  1.00924010907479961E-01
  1.3807114E-02  1.00890114946702747E-01
  1.3935542E-02  1.00855585926001717E-01
  1.4065165E-02  1.00820412029847498E-01
  1.4195993E-02  1.00784581223242187E-01
  1.4328039E-02  1.00748081246323840E-01
  1.4461312E-02  1.00710899611025986E-01
  1.4595825E-02  1.00673023597028830E-01
  1.4731589E-02  1.00634440245221862E-01
  1.4868616E-02  1.00595136358998014E-01
  1.5006917E-02  1.00555098490704917E-01
  1.5146504E-02  1.00514312945107126E-01
  1.5287390E-02  1.00472765772258027E-01
  1.5429586E-02  1.00430442760477870E-01
  1.5573105E-02  1.00387329435300626E-01
  1.5717959E-02  1.00343411051723633E-01
  1.5864160E-02  1.00298672588710183E-01
  1.6011720E-02  1.00253098748611907E-01
  1.6160654E-02  1.00206673946651628E-01
  1.6310972E-02  1.00159382308063608E-01
  1.6462689E-02  1.00111207662835169E-01
  1.6615816E-02  1.00062133540878298E-01
  1.6770368E-02  1.00012143162265837E-01
  1.6926357E-02  9.99612194391558267E-02
  1.7083798E-02  9.99093449627670438E-02
  1.7242702E-02  9.98565020007133042E-02
  1.7403085E-02  9.98026724903725709E-02
  1.7564959E-02  9.97478380342499832E-02
  1.7728339E-02  9.96919798906179960E-02
  1.7893238E-02  9.96350789710988005E-02
  1.8059671E-02  9.95771158300087778E-02
  1.8227653E-02  9.95180706615981930E-02
  1.8397196E-02  9.94579232914965666E-02
  1.8568317E-02  9.93966531684096349E-02
  1.8741029E-02  9.93342393598805606E-02
  1.8915347E-02  9.92706605462562452E-02
  1.9091287E-02  9.92058950078836405E-02
  1.9268863E-02  9.91399206230600544E-02
  1.9448091E-02  9.90727148593564255E-02
  1.9628986E-02  9.90042547633265407E-02
  1.9811563E-02  9.89345169563808358E-02
  1.9995839E-02  9.88634776261501369E-02
  2.0181828E-02  9.87911125162539150E-02
  2.0369547E-02  9.87173969198869711E-02
  2.0559013E-02  9.86423056710745982E-02
  2.0750240E-02  9.85658131371962426E-02
  2.0943246E-02  9.84878932086422354E-02
  2.1138047E-02  9.84085192903017131E-02
  2.1334660E-02  9.83276642942090412E-02
  2.1533102E-02  9.82453006298886627E-02
  2.1733390E-02  9.81614001917626849E-02
  2.1935540E-02  9.80759343556895091E-02
  2.2139571E-02  9.79888739640910889E-02
  2.2345499E-02  9.79001893183102934E-02
  2.2553342E-02  9.78098501710142343E-02
  2.2763119E-02  9.77178257094115932E-02
  2.2974847E-02  9.76240845521182399E-02
  2.3188544E-02  9.75285947345940624E-02
  2.3404229E-02  9.74313236991335152E-02
  2.3621920E-02  9.73322382850227291E-02
  2.3841635E-02  9.72313047161915273E-02
  2.4063394E-02  9.71284885893154287E-02
  2.4287216E-02  9.70237548643877040E-02
  2.4513119E-02  9.69170678535147961E-02
  2.4741124E-02  9.68083912035902910E-02
  2.4971249E-02  9.66976878900458192E-02
  2.5203515E-02  9.65849202038908256E-02
  2.5437941E-02  9.64700497339139595E-02
  2.5674547E-02  9.63530373613343261E-02
  2.5913354E-02  9.62338432398409382E-02
  2.6154382E-02  9.61124267880559408E-02
  2.6397652E-02  9.59887466713541110E-02
  2.6643185E-02  9.58627607916505420E-02
  2.6891001E-02  9.57344262708448440E-02
  2.7141122E-02  9.56036994371833176E-02
  2.7393570E-02  9.54705358125053360E-02
  2.7648365E-02  9.53348900960294676E-02
  2.7905531E-02  9.51967161471967832E-02
  2.8165088E-02  9.50559669744127228E-02
  2.8427060E-02  9.49125947189077140E-02
  2.8691468E-02  9.47665506333289914E-02
  2.8958335E-02  9.46177850741801857E-02
  2.9227684E-02  9.44662474784654649E-02
  2.9499539E-02  9.43118863489296189E-02
  2.9773922E-02  9.41546492404228552E-02
  3.0050857E-02  9.39944827374601666E-02
  3.0330368E-02  9.38313324406183508E-02
  3.0612479E-02  9.36651429432041188E-02
  3.0897214E-02  9.34958578223641090E-02
  3.1184597E-02  9.33234196085777484E-02
  3.1474653E-02  9.31477697773488572E-02
  3.1767406E-02  9.29688487243189171E-02
  3.2062883E-02  9.27865957462289254E-02
  3.2361108E-02  9.26009490212471587E-02
  3.2662106E-02  9.24118455914958448E-02
  3.2965904E-02  9.22192213375791908E-02
  3.3272528E-02  9.20230109607229618E-02
  3.3582004E-02  9.18231479604116885E-02
  3.3894358E-02  9.16195646137242387E-02
  3.4209617E-02  9.14121919505176544E-02
  3.4527809E-02  9.12009597364255575E-02
  3.4848960E-02  9.09857964436411037E-02
  3.5173098E-02  9.07666292305399081E-02
  3.5500251E-02  9.05433839162960441E-02
  3.5830446E-02  9.03159849618791893E-02
  3.6163713E-02  9.00843554393394863E-02
  3.6500080E-02  8.98484170109754288E-02
  3.6839575E-02  8.96080898979749879E-02
  3.7182228E-02  8.93632928653136371E-02
  3.7528067E-02  8.91139431831520085E-02
  3.7877124E-02  8.88599566126360013E-02
  3.8229427E-02  8.86012473661628580E-02
  3.8585006E-02  8.83377280889410116E-02
  3.8943893E-02  8.80693098266047275E-02
  3.9306118E-02  8.77959019971972926E-02
  3.9671712E-02  8.75174123644433255E-02
  4.0040707E-02  8.72337470058962144E-02
  4.0413133E-02  8.69448102816011009E-02
  4.0789023E-02  8.66505048056556010E-02
  4.1168410E-02  8.63507314168311946E-02
  4.1551325E-02  8.60453891433581031E-02
  4.1937802E-02  8.57343751709330609E-02
  4.2327873E-02  8.54175848139976240E-02
  4.2721572E-02  8.50949114775771676E-02
  4.3118933E-02  8.47662466262971287E-02
  4.3519990E-02  8.44314797515798715E-02
  4.3924777E-02  8.40904983310479526E-02
  4.4333329E-02  8.37431877987896284E-02
  4.4745681E-02  8.33894315073934744E-02
  4.5161869E-02  8.30291106881829583E-02
  4.5581927E-02  8.26621044215228723E-02
  4.6005892E-02  8.22882895894289229E-02
  4.6433801E-02  8.19075408448182579E-02
  4.6865689E-02  8.15197305677508727E-02
  4.7301594E-02  8.11247288278570816E-02
  4.7741554E-02  8.07224033422558190E-02
  4.8185606E-02  8.03126194373766922E-02
  4.8633788E-02  7.98952400029518395E-02
  4.9086139E-02  7.94701254565571696E-02
  4.9542696E-02  7.90371336898388066E-02
  5.0003501E-02  7.85961200351357747E-02
  5.0468591E-02  7.81469372164411702E-02
  5.0938007E-02  7.76894353033275586E-02
  5.1411789E-02  7.72234616675357283E-02
  5.1889977E-02  7.67488609349936818E-02
  5.2372614E-02  7.62654749392763093E-02
  5.2859739E-02  7.57731426726461210E-02
  5.3351395E-02  7.52717002384452466E-02
  5.3847624E-02  7.47609807991537478E-02
  5.4348468E-02  7.42408145292449001E-02
  5.4853971E-02  7.37110285650277169E-02
  5.5364175E-02  7.31714469459725791E-02
  5.5879125E-02  7.26218905701462858E-02
  5.6398864E-02  7.20621771362708330E-02
  5.6923437E-02  7.14921210899086695E-02
  5.7452890E-02  7.09115335717556416E-02
  5.7987267E-02  7.03202223564094592E-02
  5.8526614E-02  6.97179918002457238E-02
  5.9070977E-02  6.91046427823925752E-02
  5.9620404E-02  6.84799726468706682E-02
  6.0174941E-02  6.78437751410466833E-02
  6.0734635E-02  6.71958403615661309E-02
  6.1299536E-02  6.65359546846222560E-02
  6.1869690E-02  6.58639007142272775E-02
  6.2445147E-02  6.51794572121103394E-02
  6.3025957E-02  6.44823990373380451E-02
  6.3612169E-02  6.37724970836830302E-02
  6.4203833E-02  6.30495182084238048E-02
  6.4801000E-02  6.23132251774527884E-02
  6.5403722E-02  6.15633765835987001E-02
  6.6012049E-02  6.07997267913243100E-02
  6.6626035E-02  6.00220258624602696E-02
  6.7245731E-02  5.92300194878636471E-02
  6.7871191E-02  5.84234489149203645E-02
  6.8502468E-02  5.76020508798590139E-02
  6.9139617E-02  5.67655575334812743E-02
  6.9782691E-02  5.59136963640425519E-02
  7.0431748E-02  5.50461901333897247E-02
  7.1086841E-02  5.41627567907869839E-02
  7.1748026E-02  5.32631094045928968E-02
  7.2415362E-02  5.23469560787531499E-02
  7.3088905E-02  5.14139998859460060E-02
  7.3768712E-02  5.04639387761674982E-02
  7.4454842E-02  4.94964655057877900E-02
  7.5147353E-02  4.85112675547330341E-02
  7.5846306E-02  4.75080270441426006E-02
  7.6551760E-02  4.64864206567584537E-02
  7.7263775E-02  4.54461195515906691E-02
  7.7982413E-02  4.43867892817731771E-02
  7.8707734E-02  4.33080897078105057E-02
  7.9439802E-02  4.22096749150578932E-02
  8.0178679E-02  4.10911931255284468E-02
  8.0924428E-02  3.99522866090968320E-02
  8.1677113E-02  3.87925916005323820E-02
  8.2436799E-02  3.76117382047913909E-02
  8.3203550E-02  3.64093503117301764E-02
  8.3977434E-02  3.51850455043331845E-02
  8.4758515E-02  3.39384349683914399E-02
  8.5546861E-02  3.26691233991462104E-02
  8.6342539E-02  3.13767089112683001E-02
  8.7145618E-02  3.00607829447845677E-02
  8.7956167E-02  2.87209301709958863E-02
  8.8774254E-02  2.73567283962285711E-02
  8.9599950E-02  2.59677484748601257E-02
  9.0433326E-02  2.45535542034345626E-02
  9.1274454E-02  2.31137022315389060E-02
  9.2123404E-02  2.16477419637231029E-02
  9.2980251E-02  2.01552154640274664E-02
  9.3845067E-02  1.86356573545881643E-02
  9.4717927E-02  1.70885947250083367E-02
  9.5598905E-02  1.55135470256433320E-02
  9.6488078E-02  1.39100259800942795E-02
  9.7385520E-02  1.22775354763181681E-02
  9.8291310E-02  1.06155714768085187E-02
  9.9205524E-02  8.92362191524446319E-03
  1.0012824E-01  7.20116660032445958E-03
  1.0105954E-01  5.44767711528879820E-03
  1.0199950E-01  3.66261672181612168E-03
  1.0294821E-01  1.84544026132651344E-03
  1.0390573E-01 -4.40594513403378567E-06
  1.0487217E-01 -1.88748419100773527E-03
  1.0584759E-01 -3.80436548410051758E-03
  1.0683209E-01 -5.75562964074100708E-03
  1.0782574E-01 -7.74186538372182570E-03
  1.0882863E-01 -9.76367043582402304E-03
  1.0984085E-01 -1.18216516157503282E-02
  1.1086249E-01 -1.39164249321133728E-02
  1.1189363E-01 -1.60486156736979711E-02
  1.1293436E-01 -1.82188585005224855E-02
  1.1398477E-01 -2.04277975390814055E-02
  1.1504495E-01 -2.26760864688032512E-02
  1.1611499E-01 -2.49643885954504430E-02
  1.1719498E-01 -2.72933769596696435E-02
  1.1828501E-01 -2.96637344009232327E-02
  1.1938519E-01 -3.20761536691531873E-02
  1.2049560E-01 -3.45313374622781000E-02
  1.2161633E-01 -3.70299985276223917E-02
  1.2274749E-01 -3.95728597375045801E-02
  1.2388917E-01 -4.21606541532633175E-02
  1.2504147E-01 -4.47941251086183684E-02
  1.2620449E-01 -4.74740262393730586E-02
  1.2737833E-01 -5.02011215980865330E-02
  1.2856308E-01 -5.29761856755849650E-02
  1.2975885E-01 -5.58000034677543014E-02
  1.3096574E-01 -5.86733705402019343E-02
  1.3218386E-01 -6.15970930486357607E-02
  1.3341331E-01 -6.45719878011605242E-02
  1.3465419E-01 -6.75988822942518303E-02
  1.3590662E-01 -7.06786147428379863E-02
  1.3717069E-01 -7.38120341068949637E-02
  1.3844652E-01 -7.70000001187518129E-02
  1.3973422E-01 -8.02433832963410365E-02
  1.4103389E-01 -8.35430649544920967E-02
  1.4234566E-01 -8.68999372077795124E-02
  1.4366962E-01 -9.03149029670934633E-02
  1.4500590E-01 -9.37888759337405509E-02
  1.4635460E-01 -9.73227805744957680E-02
  1.4771585E-01 -1.00917552097129035E-01
  1.4908976E-01 -1.04574136421578506E-01
  1.5047645E-01 -1.08293490128635192E-01
  1.5187604E-01 -1.12076580411453408E-01
  1.5328865E-01 -1.15924385012932507E-01
  1.5471439E-01 -1.19837892153380837E-01
  1.5615339E-01 -1.23818100440829193E-01
  1.5760578E-01 -1.27866018785158853E-01
  1.5907168E-01 -1.31982666286876493E-01
  1.6055121E-01 -1.36169072116315737E-01
  1.6204450E-01 -1.40426275389356509E-01
  1.6355169E-01 -1.44755325010530372E-01
  1.6507289E-01 -1.49157279526802633E-01
  1.6660823E-01 -1.53633206942893563E-01
  1.6815786E-01 -1.58184184537610073E-01
  1.6972190E-01 -1.62811298659724463E-01
  1.7130049E-01 -1.67515644499656169E-01
  1.7289376E-01 -1.72298325856362927E-01
  1.7450186E-01 -1.77160454878399404E-01
  1.7612490E-01 -1.82103151783352540E-01
  1.7776305E-01 -1.87127544569773763E-01
  1.7941643E-01 -1.92234768692110702E-01
  1.8108518E-01 -1.97425966727476532E-01
  1.8276946E-01 -2.02702288018087401E-01
  1.8446941E-01 -2.08064888278404136E-01
  1.8618516E-01 -2.13514929200352033E-01
  1.8791687E-01 -2.19053578010094285E-01
  1.8966470E-01 -2.24682007019433805E-01
  1.9142877E-01 -2.30401393130521964E-01
  1.9320926E-01 -2.36212917333796624E-01
  1.9500630E-01 -2.42117764160463683E-01
  1.9682006E-01 -2.48117121104263705E-01
  1.9865069E-01 -2.54212178032011182E-01
  2.0049834E-01 -2.60404126531278757E-01
  2.0236318E-01 -2.66694159258830499E-01
  2.0424537E-01 -2.73083469218612984E-01
  2.0614506E-01 -2.79573249037940397E-01
  2.0806242E-01 -2.86164690175681469E-01
  2.0999761E-01 -2.92858982114040989E-01
  2.1195081E-01 -2.99657311496229983E-01
  2.1392217E-01 -3.06560861236378823E-01
  2.1591186E-01 -3.13570809570122788E-01
  2.1792006E-01 -3.20688329077993217E-01
  2.1994694E-01 -3.27914585647731516E-01
  2.2199267E-01 -3.35250737396127152E-01
  2.2405743E-01 -3.42697933549864608E-01
  2.2614139E-01 -3.50257313256949809E-01
  2.2824474E-01 -3.57930004362864873E-01
  2.3036765E-01 -3.65717122129981420E-01
  2.3251030E-01 -3.73619767893131616E-01
  2.3467288E-01 -3.81639027665837405E-01
  2.3685558E-01 -3.89775970686615847E-01
  2.3905858E-01 -3.98031647899457108E-01
  2.4128207E-01 -4.06407090383882008E-01
  2.4352624E-01 -4.14903307703480828E-01
  2.4579128E-01 -4.23521286203723923E-01
  2.4807739E-01 -4.32261987233857725E-01
  2.5038476E-01 -4.41126345286078914E-01
  2.5271359E-01 -4.50115266133494452E-01
  2.5506409E-01 -4.59229624755957411E-01
  2.5743644E-01 -4.68470263355151628E-01
  2.5983086E-01 -4.77837989089970161E-01
  2.6224755E-01 -4.87333572002570437E-01
  2.6468672E-01 -4.96957742619006548E-01
  2.6714858E-01 -5.06711189573126997E-01
  2.6963333E-01 -5.16594557143121635E-01
  2.7214119E-01 -5.26608442680195465E-01
  2.7467238E-01 -5.36753393930867184E-01
  2.7722711E-01 -5.47029906402218491E-01
  2.7980561E-01 -5.57438420359815168E-01
  2.8240808E-01 -5.67979318023406732E-01
  2.8503476E-01 -5.78652920447294661E-01
  2.8768588E-01 -5.89459484477140028E-01
  2.9036165E-01 -6.00399199462181010E-01
  2.9306230E-01 -6.11472183942446734E-01
  2.9578808E-01 -6.22678482207240314E-01
  2.9853921E-01 -6.34018060756013746E-01
  3.0131593E-01 -6.45490804645976524E-01
  3.0411847E-01 -6.57096513735021426E-01
  3.0694708E-01 -6.68834898811818457E-01
  3.0980200E-01 -6.80705577616928736E-01
  3.1268347E-01 -6.92708070746387738E-01
  3.1559174E-01 -7.04841797451780439E-01
  3.1852706E-01 -7.17106071310260162E-01
  3.2148968E-01 -7.29500095797188775E-01
  3.2447986E-01 -7.42022959724806586E-01
  3.2749785E-01 -7.54673632585238785E-01
  3.3054391E-01 -7.67450959758222639E-01
  3.3361831E-01 -7.80353657609635265E-01
  3.3672129E-01 -7.93380308484019303E-01
  3.3985314E-01 -8.06529355565059780E-01
  3.4301412E-01 -8.19799097632991636E-01
  3.4620449E-01 -8.33187683704411874E-01
  3.4942454E-01 -8.46693107561594771E-01
  3.5267454E-01 -8.60313202172047764E-01
  3.5595477E-01 -8.74045634000069627E-01
  3.5926551E-01 -8.87887897208533672E-01
  3.6260704E-01 -9.01837307767169527E-01
  3.6597965E-01 -9.15890997452163957E-01
  3.6938363E-01 -9.30045907758683565E-01
  3.7281927E-01 -9.44298783716516543E-01
  3.7628687E-01 -9.58646167622301593E-01
  3.7978671E-01 -9.73084392691305200E-01
  3.8331911E-01 -9.87609576632751174E-01
  3.8688436E-01 -1.00221761516396790E+00
  3.9048278E-01 -1.01690417544980227E+00
  3.9411466E-01 -1.03166468950339985E+00
  3.9778032E-01 -1.04649434754245463E+00
  4.0148008E-01 -1.06138809129222378E+00
  4.0521425E-01 -1.07634060729481185E+00
  4.0898314E-01 -1.09134632017288169E+00
  4.1278710E-01 -1.10639938592356146E+00
  4.1662643E-01 -1.12149368519599957E+00
  4.2050148E-01 -1.13662281661419184E+00
  4.2441256E-01 -1.15178009013237093E+00
  4.2836003E-01 -1.16695852044479431E+00
  4.3234420E-01 -1.18215082047774822E+00
  4.3636544E-01 -1.19734939496514836E+00
  4.4042407E-01 -1.21254633413571589E+00
  4.4452046E-01 -1.22773340754083127E+00
  4.4865494E-01 -1.24290205802191878E+00
  4.5282789E-01 -1.25804339586684422E+00
  4.5703964E-01 -1.27314819316467198E+00
  4.6129057E-01 -1.28820687837969095E+00
  4.6558103E-01 -1.30320953119276406E+00
  4.6991140E-01 -1.31814587761604796E+00
  4.7428205E-01 -1.33300528542962238E+00
  4.7869334E-01 -1.34777675995626356E+00
  4.8314567E-01 -1.36244894022065899E+00
  4.8763941E-01 -1.37701009552480547E+00
  4.9217494E-01 -1.39144812246668104E+00
  4.9675266E-01 -1.40575054246026698E+00
  5.0137296E-01 -1.41990449977758693E+00
  5.0603623E-01 -1.43389676016432821E+00
  5.1074287E-01 -1.44771371007276040E+00
  5.1549329E-01 -1.46134135655753594E+00
  5.2028789E-01 -1.47476532787136949E+00
  5.2512709E-01 -1.48797087483006707E+00
  5.3001130E-01 -1.50094287297428974E+00
  5.3494093E-01 -1.51366582559861262E+00
  5.3991642E-01 -1.52612386768936004E+00
  5.4493818E-01 -1.53830077083367267E+00
  5.5000665E-01 -1.55017994915586721E+00
  5.5512226E-01 -1.56174446633475217E+00
  5.6028545E-01 -1.57297704377288272E+00
  5.6549667E-01 -1.58386006996330786E+00
  5.7075635E-01 -1.59437561113247939E+00
  5.7606495E-01 -1.60450542320859446E+00
  5.8142293E-01 -1.61423096519540699E+00
  5.8683075E-01 -1.62353341400028905E+00
  5.9228886E-01 -1.63239368079718572E+00
  5.9779773E-01 -1.64079242898072031E+00
  6.0335785E-01 -1.64871009378600042E+00
  6.0896968E-01 -1.65612690363610482E+00
  6.1463370E-01 -1.66302290328639812E+00
  6.2035041E-01 -1.66937797883216588E+00
  6.2612029E-01 -1.67517188464080857E+00
  6.3194383E-01 -1.68038427228443377E+00
  6.3782154E-01 -1.68499472152074636E+00
  6.4375391E-01 -1.68898277339598213E+00
  6.4974147E-01 -1.69232796552391407E+00
  6.5578471E-01 -1.69500986959822897E+00
  6.6188416E-01 -1.69700813118859517E+00
  6.6804034E-01 -1.69830251188222325E+00
  6.7425378E-01 -1.69887293380208848E+00
  6.8052502E-01 -1.69869952654968870E+00
  6.8685458E-01 -1.69776267661609248E+00
  6.9324301E-01 -1.69604307927976738E+00
  6.9969086E-01 -1.69352179302678230E+00
  7.0619868E-01 -1.69018029649835855E+00
  7.1276703E-01 -1.68600054799398191E+00
  7.1939647E-01 -1.68096504751135045E+00
  7.2608757E-01 -1.67505690133375995E+00
  7.3284091E-01 -1.66825988913758305E+00
  7.3965706E-01 -1.66055853359108796E+00
  7.4653661E-01 -1.65193817241484275E+00
  7.5348014E-01 -1.64238503284539128E+00
  7.6048826E-01 -1.63188630843843208E+00
  7.6756155E-01 -1.62043023813271270E+00
  7.7470064E-01 -1.60800618748885737E+00
  7.8190612E-01 -1.59460473198373220E+00
  7.8917863E-01 -1.58021774223847133E+00
  7.9651877E-01 -1.56483847104144846E+00
  8.0392719E-01 -1.54846164200319847E+00
  8.1140451E-01 -1.53108353964464539E+00
  8.1895138E-01 -1.51270210074623734E+00
  8.2656844E-01 -1.49331700670743683E+00
  8.3425635E-01 -1.47292977667581382E+00
  8.4201576E-01 -1.45154386118318879E+00
  8.4984734E-01 -1.42916473597304150E+00
  8.5775177E-01 -1.40579999571437719E+00
  8.6572971E-01 -1.38145944722985115E+00
  8.7378186E-01 -1.35615520187261596E+00
  8.8190890E-01 -1.32990176662657955E+00
  8.9011153E-01 -1.30271613348622606E+00
  8.9839045E-01 -1.27461786664130017E+00
  9.0674637E-01 -1.24562918693605673E+00
  9.1518001E-01 -1.21577505306437050E+00
  9.2369209E-01 -1.18508323888084655E+00
  9.3228335E-01 -1.15358440621741365E+00
  9.4095451E-01 -1.12131217249022375E+00
  9.4970632E-01 -1.08830317238479668E+00
  9.5853953E-01 -1.05459711282374480E+00
  9.6745490E-01 -1.02023682038195229E+00
  9.7645319E-01 -9.85268280243059347E-01
  9.8553517E-01 -9.49740665744420509E-01
  9.9470163E-01 -9.13706357485682297E-01
  1.0039533E+00 -8.77220950888412010E-01
  1.0132911E+00 -8.40343251059568974E-01
  1.0227157E+00 -8.03135253672231930E-01
  1.0322280E+00 -7.65662110573280819E-01
  1.0418287E+00 -7.27992078641804485E-01
  1.0515188E+00 -6.90196450425879182E-01
  1.0612989E+00 -6.52349464908210774E-01
  1.0711701E+00 -6.14528196708084007E-01
  1.0811330E+00 -5.76812421878159176E-01
  1.0911886E+00 -5.39284458401463995E-01
  1.1013378E+00 -5.02028979317956980E-01
  1.1115813E+00 -4.65132796400442861E-01
  1.1219201E+00 -4.28684612110853569E-01
  1.1323551E+00 -3.92774737546849606E-01
  1.1428871E+00 -3.57494773990935266E-01
  1.1535171E+00 -3.22937255605906248E-01
  1.1642459E+00 -2.89195250834638651E-01
  1.1750746E+00 -2.56361920002408650E-01
  1.1860039E+00 -2.24530026734090504E-01
  1.1970349E+00 -1.93791400852902945E-01
  1.2081685E+00 -1.64236350621718347E-01
  1.2194057E+00 -1.35953022418204839E-01
  1.2307474E+00 -1.09026706308607502E-01
  1.2421945E+00 -8.35390864329357968E-02
  1.2537482E+00 -5.95674357536306043E-02
  1.2654093E+00 -3.71837554563963363E-02
  1.2771788E+00 -1.64538603274445687E-02
  1.2890579E+00  2.56358741352756807E-03
  1.3010474E+00  1.98180918399387188E-02
  1.3131484E+00  3.52683788739371479E-02
  1.3253620E+00  4.88834857814864562E-02
  1.3376892E+00  6.06438742446037196E-02
  1.3501310E+00  7.05425536670544751E-02
  1.3626886E+00  7.85861979005966216E-02
  1.3753629E+00  8.47962346137469403E-02
  1.3881551E+00  8.92098818585899400E-02
  1.4010664E+00  9.18811010747620505E-02
  1.4140977E+00  9.28814297597531924E-02
  1.4272502E+00  9.23006500722169387E-02
  1.4405250E+00  9.02472418970874102E-02
  1.4539233E+00  8.68485600675699410E-02
  1.4674462E+00  8.22506655917173285E-02
  1.4810949E+00  7.66177296240417721E-02
  1.4948706E+00  7.01309165755384101E-02
  1.5087744E+00  6.29868274258358757E-02
  1.5228075E+00  5.53939368307720462E-02
  1.5369711E+00  4.75716885301322862E-02
  1.5512664E+00  3.97468626192616706E-02
  1.5656947E+00  3.21478632047104834E-02
  1.5802573E+00  2.49976949390492940E-02
  1.5949552E+00  1.85052674026894293E-02
  1.6097899E+00  1.28547633046310773E-02
  1.6247625E+00  8.19277193224760003E-03
  1.6398744E+00  4.61285017975483769E-03
  1.6551269E+00  2.13712911934781568E-03
  1.6705212E+00  6.94533718581799640E-04
  1.6860587E+00  9.51262157776954994E-05
  1.7017407E+00  0.00000000000000000E+00
  1.7175685E+00  0.00000000000000000E+00
  1.7335436E+00  0.00000000000000000E+00
  1.7496673E+00  0.00000000000000000E+00
  1.7659409E+00  0.00000000000000000E+00
  1.7823659E+00  0.00000000000000000E+00
  1.7989437E+00  0.00000000000000000E+00
  1.8156757E+00  0.00000000000000000E+00
  1.8325632E+00  0.00000000000000000E+00
  1.8496079E+00  0.00000000000000000E+00
  1.8668111E+00  0.00000000000000000E+00
