 # l=           0 energy= -4.999999999999982E-002
  0.0000E+00  0.0000E+00  0.0000E+00  0.0000E+00
  8.4554E-09 -1.1514E-08  1.1380E-07  1.1404E-07
  1.6990E-08 -2.3136E-08  2.2866E-07  2.2914E-07
  2.5603E-08 -3.4865E-08  3.4459E-07  3.4532E-07
  3.4297E-08 -4.6704E-08  4.6160E-07  4.6257E-07
  4.3071E-08 -5.8653E-08  5.7969E-07  5.8091E-07
  5.1927E-08 -7.0713E-08  6.9888E-07  7.0036E-07
  6.0865E-08 -8.2885E-08  8.1918E-07  8.2091E-07
  6.9887E-08 -9.5170E-08  9.4060E-07  9.4259E-07
  7.8992E-08 -1.0757E-07  1.0632E-06  1.0654E-06
  8.8183E-08 -1.2008E-07  1.1868E-06  1.1893E-06
  9.7458E-08 -1.3272E-07  1.3117E-06  1.3144E-06
  1.0682E-07 -1.4546E-07  1.4377E-06  1.4407E-06
  1.1627E-07 -1.5833E-07  1.5649E-06  1.5682E-06
  1.2581E-07 -1.7132E-07  1.6932E-06  1.6968E-06
  1.3543E-07 -1.8443E-07  1.8228E-06  1.8266E-06
  1.4515E-07 -1.9766E-07  1.9535E-06  1.9576E-06
  1.5495E-07 -2.1101E-07  2.0855E-06  2.0899E-06
  1.6485E-07 -2.2449E-07  2.2187E-06  2.2234E-06
  1.7484E-07 -2.3809E-07  2.3531E-06  2.3581E-06
  1.8492E-07 -2.5182E-07  2.4888E-06  2.4941E-06
  1.9509E-07 -2.6567E-07  2.6258E-06  2.6313E-06
  2.0536E-07 -2.7966E-07  2.7640E-06  2.7698E-06
  2.1573E-07 -2.9378E-07  2.9035E-06  2.9096E-06
  2.2619E-07 -3.0802E-07  3.0443E-06  3.0507E-06
  2.3675E-07 -3.2240E-07  3.1864E-06  3.1931E-06
  2.4741E-07 -3.3691E-07  3.3298E-06  3.3369E-06
  2.5817E-07 -3.5156E-07  3.4746E-06  3.4819E-06
  2.6902E-07 -3.6635E-07  3.6207E-06  3.6284E-06
  2.7998E-07 -3.8127E-07  3.7682E-06  3.7762E-06
  2.9104E-07 -3.9633E-07  3.9171E-06  3.9253E-06
  3.0220E-07 -4.1153E-07  4.0673E-06  4.0759E-06
  3.1347E-07 -4.2687E-07  4.2189E-06  4.2278E-06
  3.2484E-07 -4.4236E-07  4.3720E-06  4.3812E-06
  3.3632E-07 -4.5799E-07  4.5264E-06  4.5360E-06
  3.4790E-07 -4.7376E-07  4.6823E-06  4.6922E-06
  3.5959E-07 -4.8968E-07  4.8397E-06  4.8499E-06
  3.7139E-07 -5.0575E-07  4.9985E-06  5.0090E-06
  3.8330E-07 -5.2197E-07  5.1588E-06  5.1697E-06
  3.9532E-07 -5.3834E-07  5.3206E-06  5.3318E-06
  4.0745E-07 -5.5486E-07  5.4839E-06  5.4954E-06
  4.1970E-07 -5.7153E-07  5.6487E-06  5.6606E-06
  4.3206E-07 -5.8836E-07  5.8150E-06  5.8273E-06
  4.4453E-07 -6.0535E-07  5.9829E-06  5.9955E-06
  4.5712E-07 -6.2249E-07  6.1523E-06  6.1653E-06
  4.6983E-07 -6.3980E-07  6.3234E-06  6.3367E-06
  4.8265E-07 -6.5726E-07  6.4960E-06  6.5097E-06
  4.9560E-07 -6.7489E-07  6.6702E-06  6.6842E-06
  5.0866E-07 -6.9268E-07  6.8460E-06  6.8605E-06
  5.2185E-07 -7.1064E-07  7.0235E-06  7.0383E-06
  5.3516E-07 -7.2876E-07  7.2026E-06  7.2178E-06
  5.4859E-07 -7.4706E-07  7.3834E-06  7.3990E-06
  5.6215E-07 -7.6552E-07  7.5659E-06  7.5818E-06
  5.7583E-07 -7.8415E-07  7.7501E-06  7.7664E-06
  5.8964E-07 -8.0296E-07  7.9359E-06  7.9527E-06
  6.0358E-07 -8.2194E-07  8.1236E-06  8.1407E-06
  6.1765E-07 -8.4110E-07  8.3129E-06  8.3304E-06
  6.3185E-07 -8.6044E-07  8.5040E-06  8.5219E-06
  6.4619E-07 -8.7996E-07  8.6969E-06  8.7152E-06
  6.6065E-07 -8.9966E-07  8.8916E-06  8.9103E-06
  6.7525E-07 -9.1954E-07  9.0881E-06  9.1073E-06
  6.8999E-07 -9.3961E-07  9.2864E-06  9.3060E-06
  7.0486E-07 -9.5986E-07  9.4866E-06  9.5066E-06
  7.1987E-07 -9.8030E-07  9.6886E-06  9.7091E-06
  7.3502E-07 -1.0009E-06  9.8926E-06  9.9134E-06
  7.5031E-07 -1.0218E-06  1.0098E-05  1.0120E-05
  7.6575E-07 -1.0428E-06  1.0306E-05  1.0328E-05
  7.8133E-07 -1.0640E-06  1.0516E-05  1.0538E-05
  7.9705E-07 -1.0854E-06  1.0727E-05  1.0750E-05
  8.1292E-07 -1.1070E-06  1.0941E-05  1.0964E-05
  8.2893E-07 -1.1288E-06  1.1156E-05  1.1180E-05
  8.4510E-07 -1.1508E-06  1.1374E-05  1.1398E-05
  8.6142E-07 -1.1731E-06  1.1594E-05  1.1618E-05
  8.7788E-07 -1.1955E-06  1.1815E-05  1.1840E-05
  8.9450E-07 -1.2181E-06  1.2039E-05  1.2064E-05
  9.1128E-07 -1.2410E-06  1.2265E-05  1.2291E-05
  9.2821E-07 -1.2640E-06  1.2493E-05  1.2519E-05
  9.4530E-07 -1.2873E-06  1.2723E-05  1.2749E-05
  9.6255E-07 -1.3108E-06  1.2955E-05  1.2982E-05
  9.7995E-07 -1.3345E-06  1.3189E-05  1.3217E-05
  9.9752E-07 -1.3584E-06  1.3425E-05  1.3454E-05
  1.0153E-06 -1.3826E-06  1.3664E-05  1.3693E-05
  1.0332E-06 -1.4069E-06  1.3905E-05  1.3934E-05
  1.0512E-06 -1.4315E-06  1.4148E-05  1.4178E-05
  1.0695E-06 -1.4564E-06  1.4394E-05  1.4424E-05
  1.0879E-06 -1.4814E-06  1.4641E-05  1.4672E-05
  1.1064E-06 -1.5067E-06  1.4891E-05  1.4923E-05
  1.1252E-06 -1.5322E-06  1.5143E-05  1.5175E-05
  1.1441E-06 -1.5580E-06  1.5398E-05  1.5431E-05
  1.1632E-06 -1.5840E-06  1.5655E-05  1.5688E-05
  1.1825E-06 -1.6103E-06  1.5915E-05  1.5948E-05
  1.2019E-06 -1.6367E-06  1.6176E-05  1.6210E-05
  1.2216E-06 -1.6635E-06  1.6441E-05  1.6475E-05
  1.2414E-06 -1.6905E-06  1.6707E-05  1.6743E-05
  1.2614E-06 -1.7177E-06  1.6977E-05  1.7012E-05
  1.2816E-06 -1.7452E-06  1.7248E-05  1.7285E-05
  1.3019E-06 -1.7729E-06  1.7522E-05  1.7559E-05
  1.3225E-06 -1.8009E-06  1.7799E-05  1.7837E-05
  1.3433E-06 -1.8292E-06  1.8079E-05  1.8117E-05
  1.3642E-06 -1.8577E-06  1.8361E-05  1.8399E-05
  1.3854E-06 -1.8865E-06  1.8645E-05  1.8684E-05
  1.4067E-06 -1.9156E-06  1.8932E-05  1.8972E-05
  1.4282E-06 -1.9449E-06  1.9222E-05  1.9263E-05
  1.4500E-06 -1.9745E-06  1.9515E-05  1.9556E-05
  1.4719E-06 -2.0044E-06  1.9810E-05  1.9852E-05
  1.4941E-06 -2.0346E-06  2.0108E-05  2.0150E-05
  1.5164E-06 -2.0650E-06  2.0409E-05  2.0452E-05
  1.5390E-06 -2.0957E-06  2.0713E-05  2.0756E-05
  1.5617E-06 -2.1267E-06  2.1019E-05  2.1063E-05
  1.5847E-06 -2.1580E-06  2.1328E-05  2.1373E-05
  1.6079E-06 -2.1896E-06  2.1640E-05  2.1686E-05
  1.6313E-06 -2.2215E-06  2.1956E-05  2.2002E-05
  1.6550E-06 -2.2537E-06  2.2274E-05  2.2320E-05
  1.6788E-06 -2.2861E-06  2.2594E-05  2.2642E-05
  1.7029E-06 -2.3189E-06  2.2918E-05  2.2967E-05
  1.7272E-06 -2.3520E-06  2.3245E-05  2.3294E-05
  1.7517E-06 -2.3854E-06  2.3575E-05  2.3625E-05
  1.7764E-06 -2.4191E-06  2.3908E-05  2.3959E-05
  1.8014E-06 -2.4531E-06  2.4245E-05  2.4296E-05
  1.8266E-06 -2.4874E-06  2.4584E-05  2.4636E-05
  1.8521E-06 -2.5221E-06  2.4926E-05  2.4979E-05
  1.8777E-06 -2.5571E-06  2.5272E-05  2.5325E-05
  1.9037E-06 -2.5924E-06  2.5621E-05  2.5675E-05
  1.9298E-06 -2.6280E-06  2.5973E-05  2.6028E-05
  1.9562E-06 -2.6639E-06  2.6328E-05  2.6384E-05
  1.9829E-06 -2.7002E-06  2.6687E-05  2.6743E-05
  2.0098E-06 -2.7369E-06  2.7049E-05  2.7106E-05
  2.0369E-06 -2.7738E-06  2.7414E-05  2.7472E-05
  2.0643E-06 -2.8112E-06  2.7783E-05  2.7842E-05
  2.0920E-06 -2.8488E-06  2.8155E-05  2.8215E-05
  2.1199E-06 -2.8868E-06  2.8531E-05  2.8591E-05
  2.1481E-06 -2.9252E-06  2.8910E-05  2.8971E-05
  2.1765E-06 -2.9639E-06  2.9293E-05  2.9355E-05
  2.2052E-06 -3.0030E-06  2.9679E-05  2.9742E-05
  2.2342E-06 -3.0424E-06  3.0069E-05  3.0132E-05
  2.2634E-06 -3.0822E-06  3.0462E-05  3.0527E-05
  2.2929E-06 -3.1224E-06  3.0859E-05  3.0924E-05
  2.3227E-06 -3.1630E-06  3.1260E-05  3.1326E-05
  2.3528E-06 -3.2039E-06  3.1665E-05  3.1732E-05
  2.3831E-06 -3.2452E-06  3.2073E-05  3.2141E-05
  2.4137E-06 -3.2869E-06  3.2485E-05  3.2554E-05
  2.4446E-06 -3.3290E-06  3.2901E-05  3.2970E-05
  2.4758E-06 -3.3715E-06  3.3321E-05  3.3391E-05
  2.5073E-06 -3.4144E-06  3.3745E-05  3.3816E-05
  2.5391E-06 -3.4576E-06  3.4172E-05  3.4244E-05
  2.5711E-06 -3.5013E-06  3.4604E-05  3.4677E-05
  2.6035E-06 -3.5454E-06  3.5040E-05  3.5113E-05
  2.6362E-06 -3.5899E-06  3.5479E-05  3.5554E-05
  2.6692E-06 -3.6348E-06  3.5923E-05  3.5999E-05
  2.7024E-06 -3.6801E-06  3.6371E-05  3.6448E-05
  2.7360E-06 -3.7259E-06  3.6823E-05  3.6901E-05
  2.7699E-06 -3.7720E-06  3.7279E-05  3.7358E-05
  2.8042E-06 -3.8186E-06  3.7740E-05  3.7819E-05
  2.8387E-06 -3.8656E-06  3.8205E-05  3.8285E-05
  2.8735E-06 -3.9131E-06  3.8674E-05  3.8755E-05
  2.9087E-06 -3.9610E-06  3.9147E-05  3.9230E-05
  2.9442E-06 -4.0094E-06  3.9625E-05  3.9709E-05
  2.9801E-06 -4.0582E-06  4.0107E-05  4.0192E-05
  3.0162E-06 -4.1074E-06  4.0594E-05  4.0680E-05
  3.0528E-06 -4.1572E-06  4.1086E-05  4.1172E-05
  3.0896E-06 -4.2073E-06  4.1581E-05  4.1669E-05
  3.1268E-06 -4.2580E-06  4.2082E-05  4.2171E-05
  3.1643E-06 -4.3091E-06  4.2587E-05  4.2677E-05
  3.2022E-06 -4.3607E-06  4.3097E-05  4.3188E-05
  3.2405E-06 -4.4128E-06  4.3612E-05  4.3704E-05
  3.2791E-06 -4.4653E-06  4.4131E-05  4.4224E-05
  3.3180E-06 -4.5184E-06  4.4655E-05  4.4749E-05
  3.3573E-06 -4.5719E-06  4.5184E-05  4.5280E-05
  3.3970E-06 -4.6260E-06  4.5718E-05  4.5815E-05
  3.4371E-06 -4.6805E-06  4.6257E-05  4.6355E-05
  3.4775E-06 -4.7355E-06  4.6802E-05  4.6900E-05
  3.5183E-06 -4.7911E-06  4.7351E-05  4.7450E-05
  3.5595E-06 -4.8472E-06  4.7905E-05  4.8006E-05
  3.6010E-06 -4.9038E-06  4.8464E-05  4.8566E-05
  3.6430E-06 -4.9609E-06  4.9029E-05  4.9132E-05
  3.6853E-06 -5.0186E-06  4.9598E-05  4.9703E-05
  3.7280E-06 -5.0768E-06  5.0174E-05  5.0279E-05
  3.7712E-06 -5.1355E-06  5.0754E-05  5.0861E-05
  3.8147E-06 -5.1948E-06  5.1340E-05  5.1448E-05
  3.8586E-06 -5.2546E-06  5.1931E-05  5.2040E-05
  3.9030E-06 -5.3150E-06  5.2528E-05  5.2639E-05
  3.9477E-06 -5.3759E-06  5.3130E-05  5.3242E-05
  3.9929E-06 -5.4375E-06  5.3738E-05  5.3851E-05
  4.0385E-06 -5.4995E-06  5.4352E-05  5.4466E-05
  4.0845E-06 -5.5622E-06  5.4971E-05  5.5087E-05
  4.1310E-06 -5.6255E-06  5.5596E-05  5.5713E-05
  4.1779E-06 -5.6893E-06  5.6227E-05  5.6345E-05
  4.2252E-06 -5.7537E-06  5.6864E-05  5.6983E-05
  4.2729E-06 -5.8187E-06  5.7506E-05  5.7627E-05
  4.3211E-06 -5.8844E-06  5.8155E-05  5.8277E-05
  4.3698E-06 -5.9506E-06  5.8810E-05  5.8933E-05
  4.4189E-06 -6.0175E-06  5.9470E-05  5.9596E-05
  4.4684E-06 -6.0850E-06  6.0137E-05  6.0264E-05
  4.5184E-06 -6.1531E-06  6.0810E-05  6.0938E-05
  4.5689E-06 -6.2218E-06  6.1490E-05  6.1619E-05
  4.6199E-06 -6.2912E-06  6.2175E-05  6.2306E-05
  4.6713E-06 -6.3612E-06  6.2867E-05  6.3000E-05
  4.7232E-06 -6.4319E-06  6.3566E-05  6.3700E-05
  4.7756E-06 -6.5033E-06  6.4271E-05  6.4406E-05
  4.8285E-06 -6.5753E-06  6.4982E-05  6.5119E-05
  4.8818E-06 -6.6479E-06  6.5701E-05  6.5839E-05
  4.9357E-06 -6.7213E-06  6.6425E-05  6.6565E-05
  4.9900E-06 -6.7953E-06  6.7157E-05  6.7298E-05
  5.0449E-06 -6.8700E-06  6.7895E-05  6.8038E-05
  5.1003E-06 -6.9454E-06  6.8641E-05  6.8785E-05
  5.1562E-06 -7.0215E-06  6.9393E-05  6.9539E-05
  5.2126E-06 -7.0984E-06  7.0152E-05  7.0300E-05
  5.2695E-06 -7.1759E-06  7.0918E-05  7.1068E-05
  5.3270E-06 -7.2542E-06  7.1692E-05  7.1843E-05
  5.3850E-06 -7.3331E-06  7.2472E-05  7.2625E-05
  5.4435E-06 -7.4129E-06  7.3260E-05  7.3414E-05
  5.5026E-06 -7.4933E-06  7.4055E-05  7.4211E-05
  5.5623E-06 -7.5745E-06  7.4858E-05  7.5015E-05
  5.6224E-06 -7.6565E-06  7.5668E-05  7.5827E-05
  5.6832E-06 -7.7392E-06  7.6485E-05  7.6646E-05
  5.7445E-06 -7.8227E-06  7.7310E-05  7.7473E-05
  5.8064E-06 -7.9070E-06  7.8143E-05  7.8308E-05
  5.8689E-06 -7.9921E-06  7.8984E-05  7.9150E-05
  5.9319E-06 -8.0779E-06  7.9832E-05  8.0000E-05
  5.9955E-06 -8.1646E-06  8.0688E-05  8.0858E-05
  6.0597E-06 -8.2520E-06  8.1552E-05  8.1724E-05
  6.1246E-06 -8.3403E-06  8.2425E-05  8.2598E-05
  6.1900E-06 -8.4294E-06  8.3305E-05  8.3481E-05
  6.2560E-06 -8.5193E-06  8.4194E-05  8.4371E-05
  6.3227E-06 -8.6100E-06  8.5090E-05  8.5270E-05
  6.3899E-06 -8.7016E-06  8.5996E-05  8.6177E-05
  6.4578E-06 -8.7941E-06  8.6909E-05  8.7092E-05
  6.5263E-06 -8.8874E-06  8.7831E-05  8.8016E-05
  6.5955E-06 -8.9816E-06  8.8762E-05  8.8949E-05
  6.6653E-06 -9.0766E-06  8.9701E-05  8.9890E-05
  6.7357E-06 -9.1725E-06  9.0649E-05  9.0840E-05
  6.8068E-06 -9.2694E-06  9.1606E-05  9.1799E-05
  6.8786E-06 -9.3671E-06  9.2572E-05  9.2767E-05
  6.9510E-06 -9.4657E-06  9.3546E-05  9.3744E-05
  7.0241E-06 -9.5653E-06  9.4530E-05  9.4729E-05
  7.0979E-06 -9.6658E-06  9.5523E-05  9.5724E-05
  7.1724E-06 -9.7672E-06  9.6525E-05  9.6729E-05
  7.2476E-06 -9.8695E-06  9.7537E-05  9.7742E-05
  7.3234E-06 -9.9729E-06  9.8558E-05  9.8765E-05
  7.4000E-06 -1.0077E-05  9.9588E-05  9.9798E-05
  7.4773E-06 -1.0182E-05  1.0063E-04  1.0084E-04
  7.5553E-06 -1.0289E-05  1.0168E-04  1.0189E-04
  7.6340E-06 -1.0396E-05  1.0274E-04  1.0295E-04
  7.7135E-06 -1.0504E-05  1.0381E-04  1.0403E-04
  7.7937E-06 -1.0613E-05  1.0489E-04  1.0511E-04
  7.8746E-06 -1.0723E-05  1.0597E-04  1.0620E-04
  7.9563E-06 -1.0835E-05  1.0707E-04  1.0730E-04
  8.0388E-06 -1.0947E-05  1.0818E-04  1.0841E-04
  8.1220E-06 -1.1060E-05  1.0930E-04  1.0953E-04
  8.2060E-06 -1.1175E-05  1.1043E-04  1.1067E-04
  8.2908E-06 -1.1290E-05  1.1157E-04  1.1181E-04
  8.3763E-06 -1.1407E-05  1.1273E-04  1.1296E-04
  8.4627E-06 -1.1524E-05  1.1389E-04  1.1413E-04
  8.5499E-06 -1.1643E-05  1.1506E-04  1.1530E-04
  8.6378E-06 -1.1763E-05  1.1625E-04  1.1649E-04
  8.7266E-06 -1.1884E-05  1.1744E-04  1.1769E-04
  8.8163E-06 -1.2006E-05  1.1865E-04  1.1890E-04
  8.9067E-06 -1.2129E-05  1.1986E-04  1.2012E-04
  8.9980E-06 -1.2253E-05  1.2109E-04  1.2135E-04
  9.0902E-06 -1.2379E-05  1.2233E-04  1.2259E-04
  9.1832E-06 -1.2505E-05  1.2358E-04  1.2384E-04
  9.2770E-06 -1.2633E-05  1.2485E-04  1.2511E-04
  9.3718E-06 -1.2762E-05  1.2612E-04  1.2639E-04
  9.4674E-06 -1.2892E-05  1.2741E-04  1.2768E-04
  9.5639E-06 -1.3024E-05  1.2871E-04  1.2898E-04
  9.6613E-06 -1.3157E-05  1.3002E-04  1.3029E-04
  9.7596E-06 -1.3290E-05  1.3134E-04  1.3162E-04
  9.8589E-06 -1.3426E-05  1.3268E-04  1.3296E-04
  9.9590E-06 -1.3562E-05  1.3402E-04  1.3431E-04
  1.0060E-05 -1.3700E-05  1.3538E-04  1.3567E-04
  1.0162E-05 -1.3839E-05  1.3676E-04  1.3704E-04
  1.0265E-05 -1.3979E-05  1.3814E-04  1.3843E-04
  1.0369E-05 -1.4120E-05  1.3954E-04  1.3983E-04
  1.0474E-05 -1.4263E-05  1.4095E-04  1.4125E-04
  1.0580E-05 -1.4407E-05  1.4238E-04  1.4268E-04
  1.0687E-05 -1.4553E-05  1.4381E-04  1.4412E-04
  1.0795E-05 -1.4700E-05  1.4527E-04  1.4557E-04
  1.0903E-05 -1.4848E-05  1.4673E-04  1.4704E-04
  1.1013E-05 -1.4998E-05  1.4821E-04  1.4852E-04
  1.1124E-05 -1.5149E-05  1.4970E-04  1.5002E-04
  1.1236E-05 -1.5301E-05  1.5121E-04  1.5153E-04
  1.1349E-05 -1.5455E-05  1.5273E-04  1.5305E-04
  1.1463E-05 -1.5610E-05  1.5426E-04  1.5459E-04
  1.1578E-05 -1.5767E-05  1.5581E-04  1.5614E-04
  1.1694E-05 -1.5925E-05  1.5737E-04  1.5770E-04
  1.1811E-05 -1.6085E-05  1.5895E-04  1.5928E-04
  1.1930E-05 -1.6246E-05  1.6054E-04  1.6088E-04
  1.2049E-05 -1.6408E-05  1.6215E-04  1.6249E-04
  1.2170E-05 -1.6572E-05  1.6377E-04  1.6411E-04
  1.2291E-05 -1.6738E-05  1.6541E-04  1.6575E-04
  1.2414E-05 -1.6905E-05  1.6706E-04  1.6741E-04
  1.2538E-05 -1.7074E-05  1.6873E-04  1.6908E-04
  1.2663E-05 -1.7244E-05  1.7041E-04  1.7077E-04
  1.2789E-05 -1.7416E-05  1.7211E-04  1.7247E-04
  1.2917E-05 -1.7590E-05  1.7382E-04  1.7419E-04
  1.3045E-05 -1.7765E-05  1.7555E-04  1.7592E-04
  1.3175E-05 -1.7942E-05  1.7730E-04  1.7767E-04
  1.3306E-05 -1.8120E-05  1.7906E-04  1.7944E-04
  1.3438E-05 -1.8300E-05  1.8084E-04  1.8122E-04
  1.3572E-05 -1.8482E-05  1.8263E-04  1.8302E-04
  1.3706E-05 -1.8665E-05  1.8445E-04  1.8484E-04
  1.3842E-05 -1.8850E-05  1.8628E-04  1.8667E-04
  1.3980E-05 -1.9037E-05  1.8812E-04  1.8852E-04
  1.4118E-05 -1.9226E-05  1.8999E-04  1.9039E-04
  1.4258E-05 -1.9416E-05  1.9187E-04  1.9227E-04
  1.4399E-05 -1.9608E-05  1.9376E-04  1.9417E-04
  1.4541E-05 -1.9802E-05  1.9568E-04  1.9609E-04
  1.4685E-05 -1.9998E-05  1.9761E-04  1.9803E-04
  1.4830E-05 -2.0195E-05  1.9956E-04  1.9999E-04
  1.4976E-05 -2.0395E-05  2.0153E-04  2.0196E-04
  1.5124E-05 -2.0596E-05  2.0352E-04  2.0395E-04
  1.5273E-05 -2.0799E-05  2.0553E-04  2.0596E-04
  1.5424E-05 -2.1004E-05  2.0755E-04  2.0799E-04
  1.5576E-05 -2.1211E-05  2.0960E-04  2.1004E-04
  1.5729E-05 -2.1419E-05  2.1166E-04  2.1211E-04
  1.5884E-05 -2.1630E-05  2.1374E-04  2.1419E-04
  1.6040E-05 -2.1843E-05  2.1584E-04  2.1630E-04
  1.6198E-05 -2.2058E-05  2.1796E-04  2.1842E-04
  1.6357E-05 -2.2274E-05  2.2011E-04  2.2057E-04
  1.6517E-05 -2.2493E-05  2.2227E-04  2.2273E-04
  1.6679E-05 -2.2714E-05  2.2445E-04  2.2492E-04
  1.6843E-05 -2.2936E-05  2.2665E-04  2.2713E-04
  1.7008E-05 -2.3161E-05  2.2887E-04  2.2935E-04
  1.7175E-05 -2.3388E-05  2.3111E-04  2.3160E-04
  1.7343E-05 -2.3617E-05  2.3337E-04  2.3387E-04
  1.7513E-05 -2.3848E-05  2.3566E-04  2.3615E-04
  1.7684E-05 -2.4082E-05  2.3796E-04  2.3846E-04
  1.7857E-05 -2.4317E-05  2.4029E-04  2.4080E-04
  1.8032E-05 -2.4555E-05  2.4264E-04  2.4315E-04
  1.8208E-05 -2.4795E-05  2.4501E-04  2.4552E-04
  1.8386E-05 -2.5037E-05  2.4740E-04  2.4792E-04
  1.8565E-05 -2.5281E-05  2.4981E-04  2.5034E-04
  1.8746E-05 -2.5528E-05  2.5225E-04  2.5278E-04
  1.8929E-05 -2.5777E-05  2.5471E-04  2.5525E-04
  1.9113E-05 -2.6028E-05  2.5719E-04  2.5774E-04
  1.9300E-05 -2.6282E-05  2.5970E-04  2.6025E-04
  1.9488E-05 -2.6538E-05  2.6223E-04  2.6278E-04
  1.9677E-05 -2.6796E-05  2.6478E-04  2.6534E-04
  1.9869E-05 -2.7057E-05  2.6736E-04  2.6792E-04
  2.0062E-05 -2.7320E-05  2.6996E-04  2.7052E-04
  2.0257E-05 -2.7586E-05  2.7258E-04  2.7315E-04
  2.0454E-05 -2.7854E-05  2.7523E-04  2.7581E-04
  2.0653E-05 -2.8124E-05  2.7790E-04  2.7849E-04
  2.0853E-05 -2.8397E-05  2.8060E-04  2.8119E-04
  2.1056E-05 -2.8673E-05  2.8332E-04  2.8392E-04
  2.1260E-05 -2.8951E-05  2.8607E-04  2.8667E-04
  2.1466E-05 -2.9232E-05  2.8884E-04  2.8945E-04
  2.1674E-05 -2.9515E-05  2.9164E-04  2.9226E-04
  2.1884E-05 -2.9802E-05  2.9447E-04  2.9509E-04
  2.2096E-05 -3.0090E-05  2.9732E-04  2.9795E-04
  2.2310E-05 -3.0382E-05  3.0020E-04  3.0083E-04
  2.2526E-05 -3.0676E-05  3.0310E-04  3.0374E-04
  2.2744E-05 -3.0973E-05  3.0604E-04  3.0668E-04
  2.2964E-05 -3.1272E-05  3.0900E-04  3.0965E-04
  2.3186E-05 -3.1574E-05  3.1198E-04  3.1264E-04
  2.3410E-05 -3.1880E-05  3.1500E-04  3.1566E-04
  2.3637E-05 -3.2188E-05  3.1804E-04  3.1871E-04
  2.3865E-05 -3.2499E-05  3.2111E-04  3.2179E-04
  2.4095E-05 -3.2812E-05  3.2421E-04  3.2489E-04
  2.4328E-05 -3.3129E-05  3.2734E-04  3.2803E-04
  2.4563E-05 -3.3449E-05  3.3050E-04  3.3119E-04
  2.4800E-05 -3.3771E-05  3.3368E-04  3.3439E-04
  2.5039E-05 -3.4097E-05  3.3690E-04  3.3761E-04
  2.5280E-05 -3.4426E-05  3.4015E-04  3.4086E-04
  2.5524E-05 -3.4757E-05  3.4342E-04  3.4415E-04
  2.5769E-05 -3.5092E-05  3.4673E-04  3.4746E-04
  2.6018E-05 -3.5430E-05  3.5007E-04  3.5081E-04
  2.6268E-05 -3.5771E-05  3.5344E-04  3.5418E-04
  2.6521E-05 -3.6115E-05  3.5684E-04  3.5759E-04
  2.6776E-05 -3.6463E-05  3.6027E-04  3.6103E-04
  2.7033E-05 -3.6813E-05  3.6373E-04  3.6450E-04
  2.7293E-05 -3.7167E-05  3.6723E-04  3.6800E-04
  2.7556E-05 -3.7524E-05  3.7076E-04  3.7154E-04
  2.7820E-05 -3.7885E-05  3.7432E-04  3.7511E-04
  2.8088E-05 -3.8249E-05  3.7791E-04  3.7871E-04
  2.8357E-05 -3.8616E-05  3.8154E-04  3.8234E-04
  2.8629E-05 -3.8987E-05  3.8520E-04  3.8601E-04
  2.8904E-05 -3.9361E-05  3.8890E-04  3.8972E-04
  2.9181E-05 -3.9739E-05  3.9263E-04  3.9345E-04
  2.9461E-05 -4.0120E-05  3.9639E-04  3.9723E-04
  2.9744E-05 -4.0504E-05  4.0019E-04  4.0103E-04
  3.0029E-05 -4.0893E-05  4.0402E-04  4.0488E-04
  3.0317E-05 -4.1284E-05  4.0789E-04  4.0875E-04
  3.0607E-05 -4.1680E-05  4.1180E-04  4.1267E-04
  3.0900E-05 -4.2079E-05  4.1574E-04  4.1662E-04
  3.1196E-05 -4.2482E-05  4.1972E-04  4.2061E-04
  3.1495E-05 -4.2889E-05  4.2374E-04  4.2463E-04
  3.1796E-05 -4.3299E-05  4.2779E-04  4.2869E-04
  3.2100E-05 -4.3713E-05  4.3188E-04  4.3279E-04
  3.2407E-05 -4.4131E-05  4.3601E-04  4.3693E-04
  3.2717E-05 -4.4553E-05  4.4018E-04  4.4111E-04
  3.3030E-05 -4.4979E-05  4.4439E-04  4.4532E-04
  3.3346E-05 -4.5409E-05  4.4863E-04  4.4958E-04
  3.3664E-05 -4.5843E-05  4.5292E-04  4.5387E-04
  3.3986E-05 -4.6281E-05  4.5724E-04  4.5821E-04
  3.4310E-05 -4.6723E-05  4.6161E-04  4.6258E-04
  3.4638E-05 -4.7169E-05  4.6601E-04  4.6699E-04
  3.4969E-05 -4.7619E-05  4.7046E-04  4.7145E-04
  3.5302E-05 -4.8074E-05  4.7495E-04  4.7595E-04
  3.5639E-05 -4.8532E-05  4.7948E-04  4.8049E-04
  3.5979E-05 -4.8995E-05  4.8405E-04  4.8507E-04
  3.6322E-05 -4.9462E-05  4.8866E-04  4.8969E-04
  3.6668E-05 -4.9934E-05  4.9332E-04  4.9436E-04
  3.7018E-05 -5.0410E-05  4.9802E-04  4.9907E-04
  3.7371E-05 -5.0890E-05  5.0276E-04  5.0382E-04
  3.7727E-05 -5.1375E-05  5.0755E-04  5.0862E-04
  3.8086E-05 -5.1865E-05  5.1238E-04  5.1346E-04
  3.8449E-05 -5.2358E-05  5.1726E-04  5.1835E-04
  3.8815E-05 -5.2857E-05  5.2218E-04  5.2328E-04
  3.9184E-05 -5.3360E-05  5.2715E-04  5.2826E-04
  3.9557E-05 -5.3868E-05  5.3217E-04  5.3329E-04
  3.9934E-05 -5.4380E-05  5.3723E-04  5.3836E-04
  4.0313E-05 -5.4898E-05  5.4234E-04  5.4348E-04
  4.0697E-05 -5.5420E-05  5.4749E-04  5.4864E-04
  4.1084E-05 -5.5947E-05  5.5269E-04  5.5386E-04
  4.1474E-05 -5.6479E-05  5.5795E-04  5.5912E-04
  4.1869E-05 -5.7016E-05  5.6325E-04  5.6443E-04
  4.2266E-05 -5.7557E-05  5.6860E-04  5.6980E-04
  4.2668E-05 -5.8104E-05  5.7400E-04  5.7521E-04
  4.3073E-05 -5.8656E-05  5.7945E-04  5.8067E-04
  4.3482E-05 -5.9213E-05  5.8495E-04  5.8618E-04
  4.3895E-05 -5.9775E-05  5.9050E-04  5.9174E-04
  4.4312E-05 -6.0343E-05  5.9610E-04  5.9736E-04
  4.4733E-05 -6.0916E-05  6.0176E-04  6.0303E-04
  4.5157E-05 -6.1494E-05  6.0747E-04  6.0875E-04
  4.5586E-05 -6.2077E-05  6.1323E-04  6.1452E-04
  4.6018E-05 -6.2666E-05  6.1904E-04  6.2035E-04
  4.6455E-05 -6.3261E-05  6.2491E-04  6.2623E-04
  4.6895E-05 -6.3860E-05  6.3083E-04  6.3216E-04
  4.7340E-05 -6.4466E-05  6.3681E-04  6.3815E-04
  4.7788E-05 -6.5077E-05  6.4284E-04  6.4420E-04
  4.8241E-05 -6.5694E-05  6.4893E-04  6.5030E-04
  4.8698E-05 -6.6316E-05  6.5508E-04  6.5646E-04
  4.9160E-05 -6.6945E-05  6.6128E-04  6.6268E-04
  4.9626E-05 -6.7579E-05  6.6754E-04  6.6895E-04
  5.0096E-05 -6.8219E-05  6.7386E-04  6.7528E-04
  5.0570E-05 -6.8865E-05  6.8024E-04  6.8167E-04
  5.1049E-05 -6.9517E-05  6.8668E-04  6.8812E-04
  5.1532E-05 -7.0175E-05  6.9317E-04  6.9463E-04
  5.2020E-05 -7.0839E-05  6.9973E-04  7.0121E-04
  5.2512E-05 -7.1510E-05  7.0635E-04  7.0784E-04
  5.3009E-05 -7.2186E-05  7.1303E-04  7.1453E-04
  5.3510E-05 -7.2869E-05  7.1977E-04  7.2129E-04
  5.4017E-05 -7.3558E-05  7.2658E-04  7.2811E-04
  5.4527E-05 -7.4254E-05  7.3344E-04  7.3499E-04
  5.5043E-05 -7.4956E-05  7.4037E-04  7.4193E-04
  5.5564E-05 -7.5665E-05  7.4737E-04  7.4894E-04
  5.6089E-05 -7.6380E-05  7.5443E-04  7.5602E-04
  5.6619E-05 -7.7102E-05  7.6156E-04  7.6316E-04
  5.7154E-05 -7.7831E-05  7.6875E-04  7.7037E-04
  5.7694E-05 -7.8566E-05  7.7601E-04  7.7764E-04
  5.8239E-05 -7.9308E-05  7.8333E-04  7.8499E-04
  5.8789E-05 -8.0058E-05  7.9073E-04  7.9240E-04
  5.9344E-05 -8.0814E-05  7.9819E-04  7.9987E-04
  5.9905E-05 -8.1577E-05  8.0573E-04  8.0742E-04
  6.0471E-05 -8.2347E-05  8.1333E-04  8.1504E-04
  6.1041E-05 -8.3125E-05  8.2100E-04  8.2273E-04
  6.1618E-05 -8.3909E-05  8.2875E-04  8.3049E-04
  6.2199E-05 -8.4701E-05  8.3656E-04  8.3833E-04
  6.2786E-05 -8.5501E-05  8.4445E-04  8.4623E-04
  6.3379E-05 -8.6307E-05  8.5241E-04  8.5421E-04
  6.3977E-05 -8.7122E-05  8.6045E-04  8.6226E-04
  6.4580E-05 -8.7943E-05  8.6856E-04  8.7039E-04
  6.5189E-05 -8.8773E-05  8.7675E-04  8.7860E-04
  6.5804E-05 -8.9610E-05  8.8501E-04  8.8688E-04
  6.6424E-05 -9.0455E-05  8.9335E-04  8.9523E-04
  6.7051E-05 -9.1308E-05  9.0177E-04  9.0367E-04
  6.7683E-05 -9.2169E-05  9.1026E-04  9.1218E-04
  6.8321E-05 -9.3037E-05  9.1883E-04  9.2077E-04
  6.8965E-05 -9.3914E-05  9.2749E-04  9.2944E-04
  6.9615E-05 -9.4799E-05  9.3622E-04  9.3819E-04
  7.0270E-05 -9.5692E-05  9.4504E-04  9.4703E-04
  7.0933E-05 -9.6594E-05  9.5393E-04  9.5594E-04
  7.1601E-05 -9.7504E-05  9.6291E-04  9.6494E-04
  7.2275E-05 -9.8422E-05  9.7197E-04  9.7402E-04
  7.2956E-05 -9.9349E-05  9.8112E-04  9.8319E-04
  7.3643E-05 -1.0028E-04  9.9035E-04  9.9244E-04
  7.4336E-05 -1.0123E-04  9.9967E-04  1.0018E-03
  7.5036E-05 -1.0218E-04  1.0091E-03  1.0112E-03
  7.5742E-05 -1.0314E-04  1.0186E-03  1.0207E-03
  7.6455E-05 -1.0411E-04  1.0281E-03  1.0303E-03
  7.7175E-05 -1.0509E-04  1.0378E-03  1.0400E-03
  7.7901E-05 -1.0608E-04  1.0476E-03  1.0498E-03
  7.8634E-05 -1.0708E-04  1.0574E-03  1.0596E-03
  7.9374E-05 -1.0809E-04  1.0674E-03  1.0696E-03
  8.0121E-05 -1.0911E-04  1.0774E-03  1.0797E-03
  8.0874E-05 -1.1013E-04  1.0875E-03  1.0898E-03
  8.1635E-05 -1.1117E-04  1.0977E-03  1.1000E-03
  8.2403E-05 -1.1221E-04  1.1081E-03  1.1104E-03
  8.3178E-05 -1.1327E-04  1.1185E-03  1.1208E-03
  8.3960E-05 -1.1433E-04  1.1290E-03  1.1313E-03
  8.4749E-05 -1.1541E-04  1.1396E-03  1.1420E-03
  8.5546E-05 -1.1649E-04  1.1503E-03  1.1527E-03
  8.6350E-05 -1.1759E-04  1.1611E-03  1.1635E-03
  8.7162E-05 -1.1869E-04  1.1720E-03  1.1744E-03
  8.7981E-05 -1.1981E-04  1.1830E-03  1.1855E-03
  8.8807E-05 -1.2094E-04  1.1941E-03  1.1966E-03
  8.9642E-05 -1.2207E-04  1.2053E-03  1.2078E-03
  9.0484E-05 -1.2322E-04  1.2166E-03  1.2192E-03
  9.1334E-05 -1.2438E-04  1.2280E-03  1.2306E-03
  9.2192E-05 -1.2554E-04  1.2396E-03  1.2422E-03
  9.3058E-05 -1.2672E-04  1.2512E-03  1.2538E-03
  9.3932E-05 -1.2791E-04  1.2629E-03  1.2656E-03
  9.4814E-05 -1.2912E-04  1.2748E-03  1.2775E-03
  9.5705E-05 -1.3033E-04  1.2867E-03  1.2894E-03
  9.6603E-05 -1.3155E-04  1.2988E-03  1.3015E-03
  9.7510E-05 -1.3279E-04  1.3110E-03  1.3137E-03
  9.8425E-05 -1.3403E-04  1.3233E-03  1.3261E-03
  9.9349E-05 -1.3529E-04  1.3357E-03  1.3385E-03
  1.0028E-04 -1.3656E-04  1.3482E-03  1.3510E-03
  1.0122E-04 -1.3784E-04  1.3608E-03  1.3637E-03
  1.0217E-04 -1.3914E-04  1.3736E-03  1.3765E-03
  1.0313E-04 -1.4044E-04  1.3865E-03  1.3894E-03
  1.0410E-04 -1.4176E-04  1.3995E-03  1.4024E-03
  1.0508E-04 -1.4309E-04  1.4126E-03  1.4156E-03
  1.0606E-04 -1.4443E-04  1.4258E-03  1.4288E-03
  1.0706E-04 -1.4579E-04  1.4392E-03  1.4422E-03
  1.0806E-04 -1.4715E-04  1.4527E-03  1.4557E-03
  1.0907E-04 -1.4853E-04  1.4663E-03  1.4694E-03
  1.1010E-04 -1.4993E-04  1.4800E-03  1.4831E-03
  1.1113E-04 -1.5133E-04  1.4939E-03  1.4970E-03
  1.1217E-04 -1.5275E-04  1.5079E-03  1.5110E-03
  1.1322E-04 -1.5419E-04  1.5220E-03  1.5252E-03
  1.1429E-04 -1.5563E-04  1.5362E-03  1.5395E-03
  1.1536E-04 -1.5709E-04  1.5506E-03  1.5539E-03
  1.1644E-04 -1.5856E-04  1.5651E-03  1.5684E-03
  1.1753E-04 -1.6005E-04  1.5798E-03  1.5831E-03
  1.1863E-04 -1.6155E-04  1.5946E-03  1.5979E-03
  1.1974E-04 -1.6306E-04  1.6095E-03  1.6129E-03
  1.2087E-04 -1.6459E-04  1.6246E-03  1.6280E-03
  1.2200E-04 -1.6613E-04  1.6398E-03  1.6432E-03
  1.2314E-04 -1.6769E-04  1.6551E-03  1.6586E-03
  1.2429E-04 -1.6926E-04  1.6706E-03  1.6741E-03
  1.2546E-04 -1.7085E-04  1.6862E-03  1.6898E-03
  1.2663E-04 -1.7245E-04  1.7020E-03  1.7056E-03
  1.2782E-04 -1.7406E-04  1.7179E-03  1.7215E-03
  1.2902E-04 -1.7569E-04  1.7340E-03  1.7376E-03
  1.3023E-04 -1.7734E-04  1.7502E-03  1.7539E-03
  1.3145E-04 -1.7900E-04  1.7666E-03  1.7703E-03
  1.3268E-04 -1.8068E-04  1.7831E-03  1.7869E-03
  1.3392E-04 -1.8237E-04  1.7998E-03  1.8036E-03
  1.3517E-04 -1.8408E-04  1.8166E-03  1.8204E-03
  1.3644E-04 -1.8580E-04  1.8336E-03  1.8374E-03
  1.3772E-04 -1.8754E-04  1.8507E-03  1.8546E-03
  1.3901E-04 -1.8930E-04  1.8680E-03  1.8720E-03
  1.4031E-04 -1.9107E-04  1.8855E-03  1.8895E-03
  1.4162E-04 -1.9286E-04  1.9031E-03  1.9071E-03
  1.4295E-04 -1.9466E-04  1.9209E-03  1.9249E-03
  1.4428E-04 -1.9648E-04  1.9388E-03  1.9429E-03
  1.4564E-04 -1.9832E-04  1.9570E-03  1.9611E-03
  1.4700E-04 -2.0018E-04  1.9752E-03  1.9794E-03
  1.4837E-04 -2.0205E-04  1.9937E-03  1.9979E-03
  1.4976E-04 -2.0394E-04  2.0123E-03  2.0166E-03
  1.5116E-04 -2.0585E-04  2.0311E-03  2.0354E-03
  1.5258E-04 -2.0778E-04  2.0501E-03  2.0544E-03
  1.5401E-04 -2.0972E-04  2.0692E-03  2.0736E-03
  1.5545E-04 -2.1168E-04  2.0886E-03  2.0930E-03
  1.5690E-04 -2.1366E-04  2.1081E-03  2.1125E-03
  1.5837E-04 -2.1566E-04  2.1278E-03  2.1323E-03
  1.5985E-04 -2.1768E-04  2.1476E-03  2.1522E-03
  1.6135E-04 -2.1972E-04  2.1677E-03  2.1723E-03
  1.6285E-04 -2.2177E-04  2.1879E-03  2.1925E-03
  1.6438E-04 -2.2385E-04  2.2084E-03  2.2130E-03
  1.6592E-04 -2.2594E-04  2.2290E-03  2.2337E-03
  1.6747E-04 -2.2805E-04  2.2498E-03  2.2545E-03
  1.6903E-04 -2.3018E-04  2.2708E-03  2.2756E-03
  1.7061E-04 -2.3234E-04  2.2920E-03  2.2968E-03
  1.7221E-04 -2.3451E-04  2.3134E-03  2.3182E-03
  1.7382E-04 -2.3670E-04  2.3350E-03  2.3399E-03
  1.7544E-04 -2.3892E-04  2.3567E-03  2.3617E-03
  1.7708E-04 -2.4115E-04  2.3787E-03  2.3837E-03
  1.7874E-04 -2.4340E-04  2.4009E-03  2.4060E-03
  1.8041E-04 -2.4568E-04  2.4233E-03  2.4284E-03
  1.8210E-04 -2.4798E-04  2.4459E-03  2.4511E-03
  1.8380E-04 -2.5029E-04  2.4687E-03  2.4740E-03
  1.8552E-04 -2.5263E-04  2.4918E-03  2.4970E-03
  1.8725E-04 -2.5499E-04  2.5150E-03  2.5203E-03
  1.8900E-04 -2.5738E-04  2.5385E-03  2.5438E-03
  1.9077E-04 -2.5978E-04  2.5621E-03  2.5675E-03
  1.9255E-04 -2.6221E-04  2.5860E-03  2.5915E-03
  1.9435E-04 -2.6466E-04  2.6102E-03  2.6157E-03
  1.9617E-04 -2.6713E-04  2.6345E-03  2.6400E-03
  1.9800E-04 -2.6963E-04  2.6591E-03  2.6647E-03
  1.9985E-04 -2.7215E-04  2.6838E-03  2.6895E-03
  2.0172E-04 -2.7469E-04  2.7089E-03  2.7146E-03
  2.0360E-04 -2.7726E-04  2.7341E-03  2.7399E-03
  2.0550E-04 -2.7985E-04  2.7596E-03  2.7654E-03
  2.0742E-04 -2.8246E-04  2.7853E-03  2.7912E-03
  2.0936E-04 -2.8510E-04  2.8113E-03  2.8172E-03
  2.1132E-04 -2.8777E-04  2.8375E-03  2.8435E-03
  2.1329E-04 -2.9045E-04  2.8639E-03  2.8700E-03
  2.1528E-04 -2.9317E-04  2.8906E-03  2.8967E-03
  2.1729E-04 -2.9590E-04  2.9176E-03  2.9237E-03
  2.1932E-04 -2.9867E-04  2.9447E-03  2.9509E-03
  2.2137E-04 -3.0146E-04  2.9722E-03  2.9784E-03
  2.2344E-04 -3.0427E-04  2.9999E-03  3.0062E-03
  2.2553E-04 -3.0711E-04  3.0278E-03  3.0342E-03
  2.2763E-04 -3.0998E-04  3.0560E-03  3.0625E-03
  2.2976E-04 -3.1288E-04  3.0845E-03  3.0910E-03
  2.3190E-04 -3.1580E-04  3.1132E-03  3.1198E-03
  2.3407E-04 -3.1875E-04  3.1422E-03  3.1488E-03
  2.3625E-04 -3.2172E-04  3.1715E-03  3.1781E-03
  2.3846E-04 -3.2473E-04  3.2010E-03  3.2077E-03
  2.4069E-04 -3.2776E-04  3.2308E-03  3.2376E-03
  2.4293E-04 -3.3082E-04  3.2609E-03  3.2678E-03
  2.4520E-04 -3.3391E-04  3.2912E-03  3.2982E-03
  2.4749E-04 -3.3702E-04  3.3219E-03  3.3289E-03
  2.4980E-04 -3.4017E-04  3.3528E-03  3.3599E-03
  2.5213E-04 -3.4335E-04  3.3840E-03  3.3912E-03
  2.5449E-04 -3.4655E-04  3.4155E-03  3.4227E-03
  2.5686E-04 -3.4979E-04  3.4473E-03  3.4546E-03
  2.5926E-04 -3.5305E-04  3.4794E-03  3.4867E-03
  2.6168E-04 -3.5635E-04  3.5118E-03  3.5192E-03
  2.6412E-04 -3.5967E-04  3.5445E-03  3.5519E-03
  2.6659E-04 -3.6303E-04  3.5774E-03  3.5850E-03
  2.6907E-04 -3.6642E-04  3.6107E-03  3.6183E-03
  2.7158E-04 -3.6984E-04  3.6443E-03  3.6520E-03
  2.7412E-04 -3.7329E-04  3.6782E-03  3.6860E-03
  2.7668E-04 -3.7677E-04  3.7125E-03  3.7203E-03
  2.7926E-04 -3.8029E-04  3.7470E-03  3.7549E-03
  2.8186E-04 -3.8384E-04  3.7819E-03  3.7898E-03
  2.8449E-04 -3.8742E-04  3.8170E-03  3.8251E-03
  2.8715E-04 -3.9103E-04  3.8525E-03  3.8607E-03
  2.8983E-04 -3.9468E-04  3.8884E-03  3.8966E-03
  2.9253E-04 -3.9836E-04  3.9245E-03  3.9328E-03
  2.9526E-04 -4.0208E-04  3.9610E-03  3.9694E-03
  2.9802E-04 -4.0583E-04  3.9979E-03  4.0063E-03
  3.0080E-04 -4.0962E-04  4.0350E-03  4.0435E-03
  3.0360E-04 -4.1344E-04  4.0725E-03  4.0811E-03
  3.0644E-04 -4.1730E-04  4.1104E-03  4.1191E-03
  3.0929E-04 -4.2119E-04  4.1486E-03  4.1574E-03
  3.1218E-04 -4.2512E-04  4.1872E-03  4.1960E-03
  3.1509E-04 -4.2908E-04  4.2261E-03  4.2350E-03
  3.1803E-04 -4.3309E-04  4.2654E-03  4.2744E-03
  3.2100E-04 -4.3712E-04  4.3050E-03  4.3141E-03
  3.2399E-04 -4.4120E-04  4.3451E-03  4.3542E-03
  3.2701E-04 -4.4532E-04  4.3854E-03  4.3947E-03
  3.3006E-04 -4.4947E-04  4.4262E-03  4.4355E-03
  3.3314E-04 -4.5366E-04  4.4673E-03  4.4767E-03
  3.3625E-04 -4.5789E-04  4.5088E-03  4.5183E-03
  3.3938E-04 -4.6216E-04  4.5507E-03  4.5603E-03
  3.4255E-04 -4.6647E-04  4.5930E-03  4.6027E-03
  3.4574E-04 -4.7082E-04  4.6357E-03  4.6454E-03
  3.4897E-04 -4.7521E-04  4.6787E-03  4.6886E-03
  3.5222E-04 -4.7965E-04  4.7222E-03  4.7321E-03
  3.5551E-04 -4.8412E-04  4.7661E-03  4.7761E-03
  3.5882E-04 -4.8863E-04  4.8103E-03  4.8205E-03
  3.6217E-04 -4.9319E-04  4.8550E-03  4.8652E-03
  3.6554E-04 -4.9779E-04  4.9001E-03  4.9104E-03
  3.6895E-04 -5.0243E-04  4.9456E-03  4.9560E-03
  3.7239E-04 -5.0711E-04  4.9915E-03  5.0020E-03
  3.7586E-04 -5.1184E-04  5.0379E-03  5.0485E-03
  3.7937E-04 -5.1661E-04  5.0846E-03  5.0954E-03
  3.8291E-04 -5.2143E-04  5.1318E-03  5.1427E-03
  3.8648E-04 -5.2629E-04  5.1795E-03  5.1904E-03
  3.9008E-04 -5.3120E-04  5.2276E-03  5.2386E-03
  3.9372E-04 -5.3615E-04  5.2761E-03  5.2872E-03
  3.9739E-04 -5.4115E-04  5.3251E-03  5.3363E-03
  4.0109E-04 -5.4619E-04  5.3745E-03  5.3858E-03
  4.0483E-04 -5.5129E-04  5.4244E-03  5.4358E-03
  4.0860E-04 -5.5642E-04  5.4747E-03  5.4862E-03
  4.1241E-04 -5.6161E-04  5.5255E-03  5.5371E-03
  4.1626E-04 -5.6685E-04  5.5768E-03  5.5885E-03
  4.2014E-04 -5.7213E-04  5.6285E-03  5.6404E-03
  4.2405E-04 -5.7746E-04  5.6807E-03  5.6927E-03
  4.2801E-04 -5.8285E-04  5.7334E-03  5.7455E-03
  4.3199E-04 -5.8828E-04  5.7866E-03  5.7988E-03
  4.3602E-04 -5.9376E-04  5.8403E-03  5.8526E-03
  4.4008E-04 -5.9930E-04  5.8945E-03  5.9069E-03
  4.4419E-04 -6.0488E-04  5.9491E-03  5.9617E-03
  4.4833E-04 -6.1052E-04  6.0043E-03  6.0170E-03
  4.5250E-04 -6.1621E-04  6.0600E-03  6.0728E-03
  4.5672E-04 -6.2195E-04  6.1162E-03  6.1291E-03
  4.6098E-04 -6.2775E-04  6.1729E-03  6.1859E-03
  4.6527E-04 -6.3360E-04  6.2301E-03  6.2432E-03
  4.6961E-04 -6.3950E-04  6.2879E-03  6.3011E-03
  4.7399E-04 -6.4546E-04  6.3462E-03  6.3595E-03
  4.7840E-04 -6.5148E-04  6.4050E-03  6.4185E-03
  4.8286E-04 -6.5755E-04  6.4644E-03  6.4780E-03
  4.8736E-04 -6.6368E-04  6.5243E-03  6.5380E-03
  4.9190E-04 -6.6986E-04  6.5847E-03  6.5986E-03
  4.9649E-04 -6.7610E-04  6.6458E-03  6.6598E-03
  5.0111E-04 -6.8240E-04  6.7073E-03  6.7215E-03
  5.0578E-04 -6.8876E-04  6.7695E-03  6.7838E-03
  5.1049E-04 -6.9518E-04  6.8322E-03  6.8466E-03
  5.1525E-04 -7.0165E-04  6.8955E-03  6.9100E-03
  5.2005E-04 -7.0819E-04  6.9594E-03  6.9741E-03
  5.2490E-04 -7.1479E-04  7.0239E-03  7.0387E-03
  5.2979E-04 -7.2145E-04  7.0889E-03  7.1039E-03
  5.3472E-04 -7.2817E-04  7.1546E-03  7.1697E-03
  5.3971E-04 -7.3496E-04  7.2208E-03  7.2361E-03
  5.4473E-04 -7.4180E-04  7.2877E-03  7.3031E-03
  5.4981E-04 -7.4871E-04  7.3552E-03  7.3707E-03
  5.5493E-04 -7.5569E-04  7.4233E-03  7.4390E-03
  5.6010E-04 -7.6273E-04  7.4920E-03  7.5078E-03
  5.6532E-04 -7.6984E-04  7.5614E-03  7.5773E-03
  5.7059E-04 -7.7701E-04  7.6314E-03  7.6475E-03
  5.7590E-04 -7.8425E-04  7.7020E-03  7.7183E-03
  5.8127E-04 -7.9155E-04  7.7733E-03  7.7897E-03
  5.8668E-04 -7.9893E-04  7.8453E-03  7.8618E-03
  5.9215E-04 -8.0637E-04  7.9179E-03  7.9346E-03
  5.9766E-04 -8.1388E-04  7.9911E-03  8.0080E-03
  6.0323E-04 -8.2146E-04  8.0651E-03  8.0821E-03
  6.0885E-04 -8.2911E-04  8.1397E-03  8.1569E-03
  6.1452E-04 -8.3684E-04  8.2150E-03  8.2323E-03
  6.2024E-04 -8.4463E-04  8.2910E-03  8.3085E-03
  6.2602E-04 -8.5250E-04  8.3677E-03  8.3854E-03
  6.3185E-04 -8.6044E-04  8.4451E-03  8.4629E-03
  6.3774E-04 -8.6845E-04  8.5232E-03  8.5412E-03
  6.4368E-04 -8.7654E-04  8.6020E-03  8.6202E-03
  6.4967E-04 -8.8471E-04  8.6816E-03  8.6999E-03
  6.5572E-04 -8.9295E-04  8.7619E-03  8.7803E-03
  6.6183E-04 -9.0126E-04  8.8429E-03  8.8615E-03
  6.6799E-04 -9.0966E-04  8.9246E-03  8.9434E-03
  6.7422E-04 -9.1813E-04  9.0071E-03  9.0261E-03
  6.8050E-04 -9.2668E-04  9.0904E-03  9.1096E-03
  6.8683E-04 -9.3531E-04  9.1744E-03  9.1938E-03
  6.9323E-04 -9.4402E-04  9.2592E-03  9.2787E-03
  6.9969E-04 -9.5281E-04  9.3448E-03  9.3645E-03
  7.0620E-04 -9.6169E-04  9.4311E-03  9.4510E-03
  7.1278E-04 -9.7064E-04  9.5183E-03  9.5383E-03
  7.1942E-04 -9.7968E-04  9.6062E-03  9.6265E-03
  7.2612E-04 -9.8881E-04  9.6949E-03  9.7154E-03
  7.3288E-04 -9.9801E-04  9.7845E-03  9.8051E-03
  7.3970E-04 -1.0073E-03  9.8749E-03  9.8957E-03
  7.4659E-04 -1.0167E-03  9.9661E-03  9.9871E-03
  7.5355E-04 -1.0262E-03  1.0058E-02  1.0079E-02
  7.6056E-04 -1.0357E-03  1.0151E-02  1.0172E-02
  7.6764E-04 -1.0454E-03  1.0245E-02  1.0266E-02
  7.7479E-04 -1.0551E-03  1.0339E-02  1.0361E-02
  7.8201E-04 -1.0649E-03  1.0435E-02  1.0457E-02
  7.8929E-04 -1.0748E-03  1.0531E-02  1.0553E-02
  7.9664E-04 -1.0848E-03  1.0628E-02  1.0651E-02
  8.0406E-04 -1.0949E-03  1.0726E-02  1.0749E-02
  8.1154E-04 -1.1051E-03  1.0825E-02  1.0848E-02
  8.1910E-04 -1.1154E-03  1.0925E-02  1.0948E-02
  8.2673E-04 -1.1258E-03  1.1026E-02  1.1049E-02
  8.3443E-04 -1.1363E-03  1.1128E-02  1.1151E-02
  8.4220E-04 -1.1469E-03  1.1230E-02  1.1254E-02
  8.5004E-04 -1.1576E-03  1.1334E-02  1.1358E-02
  8.5795E-04 -1.1683E-03  1.1439E-02  1.1463E-02
  8.6594E-04 -1.1792E-03  1.1544E-02  1.1568E-02
  8.7400E-04 -1.1902E-03  1.1650E-02  1.1675E-02
  8.8214E-04 -1.2013E-03  1.1758E-02  1.1783E-02
  8.9035E-04 -1.2125E-03  1.1866E-02  1.1891E-02
  8.9864E-04 -1.2237E-03  1.1976E-02  1.2001E-02
  9.0701E-04 -1.2351E-03  1.2086E-02  1.2112E-02
  9.1545E-04 -1.2466E-03  1.2197E-02  1.2223E-02
  9.2398E-04 -1.2582E-03  1.2310E-02  1.2336E-02
  9.3258E-04 -1.2700E-03  1.2423E-02  1.2449E-02
  9.4126E-04 -1.2818E-03  1.2538E-02  1.2564E-02
  9.5002E-04 -1.2937E-03  1.2653E-02  1.2680E-02
  9.5887E-04 -1.3058E-03  1.2770E-02  1.2797E-02
  9.6780E-04 -1.3179E-03  1.2887E-02  1.2915E-02
  9.7681E-04 -1.3302E-03  1.3006E-02  1.3034E-02
  9.8590E-04 -1.3426E-03  1.3126E-02  1.3154E-02
  9.9508E-04 -1.3551E-03  1.3247E-02  1.3275E-02
  1.0043E-03 -1.3677E-03  1.3369E-02  1.3397E-02
  1.0137E-03 -1.3804E-03  1.3492E-02  1.3520E-02
  1.0231E-03 -1.3933E-03  1.3616E-02  1.3645E-02
  1.0327E-03 -1.4062E-03  1.3741E-02  1.3770E-02
  1.0423E-03 -1.4193E-03  1.3868E-02  1.3897E-02
  1.0520E-03 -1.4325E-03  1.3995E-02  1.4025E-02
  1.0618E-03 -1.4459E-03  1.4124E-02  1.4154E-02
  1.0716E-03 -1.4593E-03  1.4254E-02  1.4284E-02
  1.0816E-03 -1.4729E-03  1.4385E-02  1.4415E-02
  1.0917E-03 -1.4866E-03  1.4517E-02  1.4548E-02
  1.1019E-03 -1.5005E-03  1.4651E-02  1.4682E-02
  1.1121E-03 -1.5144E-03  1.4786E-02  1.4817E-02
  1.1225E-03 -1.5285E-03  1.4921E-02  1.4953E-02
  1.1329E-03 -1.5428E-03  1.5059E-02  1.5090E-02
  1.1435E-03 -1.5571E-03  1.5197E-02  1.5229E-02
  1.1541E-03 -1.5716E-03  1.5337E-02  1.5369E-02
  1.1648E-03 -1.5862E-03  1.5478E-02  1.5510E-02
  1.1757E-03 -1.6010E-03  1.5620E-02  1.5653E-02
  1.1866E-03 -1.6159E-03  1.5763E-02  1.5797E-02
  1.1977E-03 -1.6310E-03  1.5908E-02  1.5942E-02
  1.2088E-03 -1.6461E-03  1.6054E-02  1.6088E-02
  1.2201E-03 -1.6615E-03  1.6202E-02  1.6236E-02
  1.2314E-03 -1.6769E-03  1.6350E-02  1.6385E-02
  1.2429E-03 -1.6925E-03  1.6500E-02  1.6535E-02
  1.2545E-03 -1.7083E-03  1.6652E-02  1.6687E-02
  1.2661E-03 -1.7242E-03  1.6805E-02  1.6840E-02
  1.2779E-03 -1.7402E-03  1.6959E-02  1.6995E-02
  1.2898E-03 -1.7564E-03  1.7115E-02  1.7151E-02
  1.3018E-03 -1.7728E-03  1.7272E-02  1.7308E-02
  1.3139E-03 -1.7893E-03  1.7430E-02  1.7467E-02
  1.3262E-03 -1.8059E-03  1.7590E-02  1.7627E-02
  1.3385E-03 -1.8227E-03  1.7751E-02  1.7789E-02
  1.3510E-03 -1.8397E-03  1.7914E-02  1.7952E-02
  1.3635E-03 -1.8568E-03  1.8078E-02  1.8116E-02
  1.3762E-03 -1.8741E-03  1.8244E-02  1.8282E-02
  1.3890E-03 -1.8916E-03  1.8411E-02  1.8450E-02
  1.4020E-03 -1.9092E-03  1.8580E-02  1.8619E-02
  1.4150E-03 -1.9269E-03  1.8750E-02  1.8790E-02
  1.4282E-03 -1.9449E-03  1.8922E-02  1.8962E-02
  1.4415E-03 -1.9630E-03  1.9095E-02  1.9135E-02
  1.4549E-03 -1.9812E-03  1.9270E-02  1.9311E-02
  1.4684E-03 -1.9997E-03  1.9446E-02  1.9487E-02
  1.4821E-03 -2.0183E-03  1.9624E-02  1.9666E-02
  1.4959E-03 -2.0371E-03  1.9804E-02  1.9846E-02
  1.5098E-03 -2.0560E-03  1.9985E-02  2.0027E-02
  1.5239E-03 -2.0752E-03  2.0168E-02  2.0211E-02
  1.5380E-03 -2.0945E-03  2.0353E-02  2.0396E-02
  1.5524E-03 -2.1140E-03  2.0539E-02  2.0582E-02
  1.5668E-03 -2.1336E-03  2.0727E-02  2.0770E-02
  1.5814E-03 -2.1535E-03  2.0916E-02  2.0960E-02
  1.5961E-03 -2.1735E-03  2.1107E-02  2.1152E-02
  1.6110E-03 -2.1938E-03  2.1300E-02  2.1345E-02
  1.6260E-03 -2.2142E-03  2.1495E-02  2.1540E-02
  1.6411E-03 -2.2348E-03  2.1691E-02  2.1737E-02
  1.6564E-03 -2.2556E-03  2.1890E-02  2.1936E-02
  1.6718E-03 -2.2766E-03  2.2089E-02  2.2136E-02
  1.6873E-03 -2.2977E-03  2.2291E-02  2.2338E-02
  1.7030E-03 -2.3191E-03  2.2495E-02  2.2542E-02
  1.7189E-03 -2.3407E-03  2.2700E-02  2.2748E-02
  1.7349E-03 -2.3625E-03  2.2907E-02  2.2956E-02
  1.7510E-03 -2.3845E-03  2.3116E-02  2.3165E-02
  1.7673E-03 -2.4067E-03  2.3327E-02  2.3377E-02
  1.7838E-03 -2.4291E-03  2.3540E-02  2.3590E-02
  1.8004E-03 -2.4517E-03  2.3755E-02  2.3805E-02
  1.8171E-03 -2.4745E-03  2.3971E-02  2.4022E-02
  1.8340E-03 -2.4975E-03  2.4190E-02  2.4241E-02
  1.8511E-03 -2.5208E-03  2.4410E-02  2.4462E-02
  1.8683E-03 -2.5442E-03  2.4633E-02  2.4685E-02
  1.8857E-03 -2.5679E-03  2.4857E-02  2.4910E-02
  1.9032E-03 -2.5918E-03  2.5084E-02  2.5137E-02
  1.9210E-03 -2.6159E-03  2.5312E-02  2.5366E-02
  1.9388E-03 -2.6402E-03  2.5543E-02  2.5597E-02
  1.9569E-03 -2.6648E-03  2.5775E-02  2.5830E-02
  1.9751E-03 -2.6896E-03  2.6010E-02  2.6065E-02
  1.9935E-03 -2.7146E-03  2.6247E-02  2.6302E-02
  2.0120E-03 -2.7399E-03  2.6485E-02  2.6541E-02
  2.0307E-03 -2.7654E-03  2.6726E-02  2.6783E-02
  2.0496E-03 -2.7911E-03  2.6969E-02  2.7026E-02
  2.0687E-03 -2.8171E-03  2.7215E-02  2.7272E-02
  2.0880E-03 -2.8433E-03  2.7462E-02  2.7520E-02
  2.1074E-03 -2.8698E-03  2.7712E-02  2.7770E-02
  2.1270E-03 -2.8965E-03  2.7963E-02  2.8022E-02
  2.1468E-03 -2.9234E-03  2.8217E-02  2.8277E-02
  2.1668E-03 -2.9506E-03  2.8474E-02  2.8534E-02
  2.1869E-03 -2.9781E-03  2.8732E-02  2.8793E-02
  2.2073E-03 -3.0058E-03  2.8993E-02  2.9054E-02
  2.2278E-03 -3.0337E-03  2.9256E-02  2.9318E-02
  2.2485E-03 -3.0620E-03  2.9522E-02  2.9584E-02
  2.2695E-03 -3.0905E-03  2.9789E-02  2.9852E-02
  2.2906E-03 -3.1192E-03  3.0060E-02  3.0123E-02
  2.3119E-03 -3.1482E-03  3.0332E-02  3.0396E-02
  2.3334E-03 -3.1775E-03  3.0607E-02  3.0672E-02
  2.3551E-03 -3.2071E-03  3.0884E-02  3.0950E-02
  2.3770E-03 -3.2369E-03  3.1164E-02  3.1230E-02
  2.3991E-03 -3.2671E-03  3.1447E-02  3.1513E-02
  2.4215E-03 -3.2975E-03  3.1731E-02  3.1798E-02
  2.4440E-03 -3.3281E-03  3.2019E-02  3.2086E-02
  2.4667E-03 -3.3591E-03  3.2308E-02  3.2377E-02
  2.4897E-03 -3.3904E-03  3.2601E-02  3.2670E-02
  2.5128E-03 -3.4219E-03  3.2896E-02  3.2965E-02
  2.5362E-03 -3.4537E-03  3.3193E-02  3.3263E-02
  2.5598E-03 -3.4859E-03  3.3493E-02  3.3564E-02
  2.5836E-03 -3.5183E-03  3.3796E-02  3.3867E-02
  2.6077E-03 -3.5510E-03  3.4101E-02  3.4173E-02
  2.6319E-03 -3.5841E-03  3.4409E-02  3.4482E-02
  2.6564E-03 -3.6174E-03  3.4720E-02  3.4794E-02
  2.6811E-03 -3.6511E-03  3.5033E-02  3.5108E-02
  2.7061E-03 -3.6850E-03  3.5350E-02  3.5425E-02
  2.7313E-03 -3.7193E-03  3.5669E-02  3.5744E-02
  2.7567E-03 -3.7539E-03  3.5990E-02  3.6067E-02
  2.7823E-03 -3.7889E-03  3.6315E-02  3.6392E-02
  2.8082E-03 -3.8241E-03  3.6642E-02  3.6720E-02
  2.8343E-03 -3.8597E-03  3.6973E-02  3.7051E-02
  2.8607E-03 -3.8956E-03  3.7306E-02  3.7385E-02
  2.8873E-03 -3.9318E-03  3.7642E-02  3.7721E-02
  2.9142E-03 -3.9684E-03  3.7981E-02  3.8061E-02
  2.9413E-03 -4.0053E-03  3.8322E-02  3.8404E-02
  2.9687E-03 -4.0426E-03  3.8667E-02  3.8749E-02
  2.9963E-03 -4.0802E-03  3.9015E-02  3.9098E-02
  3.0242E-03 -4.1182E-03  3.9366E-02  3.9449E-02
  3.0523E-03 -4.1565E-03  3.9720E-02  3.9804E-02
  3.0807E-03 -4.1952E-03  4.0077E-02  4.0162E-02
  3.1094E-03 -4.2342E-03  4.0437E-02  4.0522E-02
  3.1383E-03 -4.2736E-03  4.0800E-02  4.0886E-02
  3.1675E-03 -4.3133E-03  4.1166E-02  4.1253E-02
  3.1970E-03 -4.3535E-03  4.1536E-02  4.1624E-02
  3.2267E-03 -4.3940E-03  4.1908E-02  4.1997E-02
  3.2567E-03 -4.4349E-03  4.2284E-02  4.2374E-02
  3.2870E-03 -4.4761E-03  4.2663E-02  4.2753E-02
  3.3176E-03 -4.5178E-03  4.3045E-02  4.3137E-02
  3.3485E-03 -4.5598E-03  4.3431E-02  4.3523E-02
  3.3796E-03 -4.6022E-03  4.3820E-02  4.3913E-02
  3.4111E-03 -4.6450E-03  4.4212E-02  4.4306E-02
  3.4428E-03 -4.6882E-03  4.4608E-02  4.4702E-02
  3.4748E-03 -4.7319E-03  4.5007E-02  4.5102E-02
  3.5072E-03 -4.7759E-03  4.5409E-02  4.5506E-02
  3.5398E-03 -4.8203E-03  4.5815E-02  4.5912E-02
  3.5727E-03 -4.8651E-03  4.6225E-02  4.6323E-02
  3.6060E-03 -4.9104E-03  4.6637E-02  4.6736E-02
  3.6395E-03 -4.9561E-03  4.7054E-02  4.7154E-02
  3.6734E-03 -5.0022E-03  4.7474E-02  4.7574E-02
  3.7075E-03 -5.0487E-03  4.7897E-02  4.7999E-02
  3.7420E-03 -5.0957E-03  4.8324E-02  4.8427E-02
  3.7768E-03 -5.1431E-03  4.8755E-02  4.8858E-02
  3.8120E-03 -5.1909E-03  4.9190E-02  4.9294E-02
  3.8474E-03 -5.2392E-03  4.9628E-02  4.9733E-02
  3.8832E-03 -5.2880E-03  5.0069E-02  5.0176E-02
  3.9194E-03 -5.3372E-03  5.0515E-02  5.0622E-02
  3.9558E-03 -5.3868E-03  5.0964E-02  5.1072E-02
  3.9926E-03 -5.4369E-03  5.1417E-02  5.1526E-02
  4.0298E-03 -5.4875E-03  5.1874E-02  5.1984E-02
  4.0673E-03 -5.5386E-03  5.2335E-02  5.2446E-02
  4.1051E-03 -5.5901E-03  5.2800E-02  5.2912E-02
  4.1433E-03 -5.6421E-03  5.3268E-02  5.3381E-02
  4.1818E-03 -5.6946E-03  5.3741E-02  5.3855E-02
  4.2207E-03 -5.7475E-03  5.4218E-02  5.4333E-02
  4.2600E-03 -5.8010E-03  5.4698E-02  5.4814E-02
  4.2996E-03 -5.8550E-03  5.5183E-02  5.5300E-02
  4.3396E-03 -5.9094E-03  5.5671E-02  5.5789E-02
  4.3800E-03 -5.9644E-03  5.6164E-02  5.6283E-02
  4.4208E-03 -6.0199E-03  5.6661E-02  5.6781E-02
  4.4619E-03 -6.0759E-03  5.7162E-02  5.7283E-02
  4.5034E-03 -6.1324E-03  5.7667E-02  5.7789E-02
  4.5453E-03 -6.1895E-03  5.8176E-02  5.8300E-02
  4.5876E-03 -6.2470E-03  5.8690E-02  5.8815E-02
  4.6302E-03 -6.3051E-03  5.9208E-02  5.9334E-02
  4.6733E-03 -6.3638E-03  5.9730E-02  5.9857E-02
  4.7168E-03 -6.4230E-03  6.0257E-02  6.0385E-02
  4.7607E-03 -6.4827E-03  6.0788E-02  6.0917E-02
  4.8050E-03 -6.5430E-03  6.1323E-02  6.1453E-02
  4.8497E-03 -6.6039E-03  6.1863E-02  6.1994E-02
  4.8948E-03 -6.6653E-03  6.2407E-02  6.2539E-02
  4.9403E-03 -6.7273E-03  6.2955E-02  6.3089E-02
  4.9863E-03 -6.7899E-03  6.3509E-02  6.3644E-02
  5.0327E-03 -6.8531E-03  6.4066E-02  6.4202E-02
  5.0795E-03 -6.9168E-03  6.4629E-02  6.4766E-02
  5.1267E-03 -6.9812E-03  6.5196E-02  6.5334E-02
  5.1744E-03 -7.0461E-03  6.5767E-02  6.5907E-02
  5.2226E-03 -7.1116E-03  6.6343E-02  6.6484E-02
  5.2711E-03 -7.1778E-03  6.6924E-02  6.7067E-02
  5.3202E-03 -7.2446E-03  6.7510E-02  6.7654E-02
  5.3697E-03 -7.3119E-03  6.8101E-02  6.8245E-02
  5.4196E-03 -7.3800E-03  6.8696E-02  6.8842E-02
  5.4700E-03 -7.4486E-03  6.9296E-02  6.9443E-02
  5.5209E-03 -7.5179E-03  6.9901E-02  7.0050E-02
  5.5723E-03 -7.5878E-03  7.0511E-02  7.0661E-02
  5.6241E-03 -7.6584E-03  7.1126E-02  7.1277E-02
  5.6764E-03 -7.7296E-03  7.1746E-02  7.1898E-02
  5.7292E-03 -7.8015E-03  7.2371E-02  7.2525E-02
  5.7825E-03 -7.8741E-03  7.3000E-02  7.3156E-02
  5.8363E-03 -7.9473E-03  7.3635E-02  7.3792E-02
  5.8906E-03 -8.0213E-03  7.4275E-02  7.4433E-02
  5.9454E-03 -8.0959E-03  7.4921E-02  7.5080E-02
  6.0007E-03 -8.1712E-03  7.5571E-02  7.5732E-02
  6.0565E-03 -8.2472E-03  7.6227E-02  7.6389E-02
  6.1129E-03 -8.3239E-03  7.6887E-02  7.7051E-02
  6.1697E-03 -8.4013E-03  7.7553E-02  7.7718E-02
  6.2271E-03 -8.4794E-03  7.8225E-02  7.8391E-02
  6.2851E-03 -8.5583E-03  7.8901E-02  7.9069E-02
  6.3435E-03 -8.6379E-03  7.9583E-02  7.9753E-02
  6.4025E-03 -8.7183E-03  8.0271E-02  8.0442E-02
  6.4621E-03 -8.7994E-03  8.0964E-02  8.1136E-02
  6.5222E-03 -8.8812E-03  8.1662E-02  8.1836E-02
  6.5829E-03 -8.9638E-03  8.2366E-02  8.2541E-02
  6.6441E-03 -9.0472E-03  8.3075E-02  8.3252E-02
  6.7059E-03 -9.1313E-03  8.3790E-02  8.3969E-02
  6.7683E-03 -9.2163E-03  8.4511E-02  8.4691E-02
  6.8313E-03 -9.3020E-03  8.5237E-02  8.5419E-02
  6.8948E-03 -9.3885E-03  8.5969E-02  8.6152E-02
  6.9589E-03 -9.4758E-03  8.6707E-02  8.6891E-02
  7.0237E-03 -9.5639E-03  8.7450E-02  8.7636E-02
  7.0890E-03 -9.6529E-03  8.8199E-02  8.8387E-02
  7.1550E-03 -9.7427E-03  8.8954E-02  8.9144E-02
  7.2215E-03 -9.8333E-03  8.9715E-02  8.9906E-02
  7.2887E-03 -9.9247E-03  9.0481E-02  9.0674E-02
  7.3565E-03 -1.0017E-02  9.1254E-02  9.1448E-02
  7.4249E-03 -1.0110E-02  9.2032E-02  9.2228E-02
  7.4940E-03 -1.0204E-02  9.2817E-02  9.3014E-02
  7.5637E-03 -1.0299E-02  9.3607E-02  9.3807E-02
  7.6341E-03 -1.0395E-02  9.4403E-02  9.4605E-02
  7.7051E-03 -1.0492E-02  9.5206E-02  9.5409E-02
  7.7767E-03 -1.0589E-02  9.6014E-02  9.6219E-02
  7.8491E-03 -1.0688E-02  9.6829E-02  9.7036E-02
  7.9221E-03 -1.0787E-02  9.7650E-02  9.7858E-02
  7.9958E-03 -1.0887E-02  9.8477E-02  9.8687E-02
  8.0702E-03 -1.0989E-02  9.9310E-02  9.9522E-02
  8.1452E-03 -1.1091E-02  1.0015E-01  1.0036E-01
  8.2210E-03 -1.1194E-02  1.0100E-01  1.0121E-01
  8.2975E-03 -1.1298E-02  1.0185E-01  1.0207E-01
  8.3747E-03 -1.1403E-02  1.0271E-01  1.0293E-01
  8.4526E-03 -1.1509E-02  1.0357E-01  1.0379E-01
  8.5312E-03 -1.1616E-02  1.0444E-01  1.0467E-01
  8.6105E-03 -1.1724E-02  1.0532E-01  1.0555E-01
  8.6906E-03 -1.1833E-02  1.0620E-01  1.0643E-01
  8.7715E-03 -1.1943E-02  1.0710E-01  1.0732E-01
  8.8531E-03 -1.2054E-02  1.0799E-01  1.0822E-01
  8.9354E-03 -1.2167E-02  1.0890E-01  1.0913E-01
  9.0185E-03 -1.2280E-02  1.0981E-01  1.1004E-01
  9.1024E-03 -1.2394E-02  1.1072E-01  1.1096E-01
  9.1871E-03 -1.2509E-02  1.1165E-01  1.1189E-01
  9.2725E-03 -1.2625E-02  1.1258E-01  1.1282E-01
  9.3588E-03 -1.2743E-02  1.1352E-01  1.1376E-01
  9.4459E-03 -1.2861E-02  1.1446E-01  1.1471E-01
  9.5337E-03 -1.2981E-02  1.1541E-01  1.1566E-01
  9.6224E-03 -1.3102E-02  1.1637E-01  1.1662E-01
  9.7119E-03 -1.3224E-02  1.1733E-01  1.1758E-01
  9.8022E-03 -1.3346E-02  1.1830E-01  1.1856E-01
  9.8934E-03 -1.3471E-02  1.1928E-01  1.1954E-01
  9.9854E-03 -1.3596E-02  1.2027E-01  1.2052E-01
  1.0078E-02 -1.3722E-02  1.2126E-01  1.2152E-01
  1.0172E-02 -1.3850E-02  1.2226E-01  1.2252E-01
  1.0267E-02 -1.3979E-02  1.2326E-01  1.2353E-01
  1.0362E-02 -1.4109E-02  1.2428E-01  1.2454E-01
  1.0459E-02 -1.4240E-02  1.2530E-01  1.2557E-01
  1.0556E-02 -1.4372E-02  1.2632E-01  1.2660E-01
  1.0654E-02 -1.4506E-02  1.2736E-01  1.2763E-01
  1.0753E-02 -1.4641E-02  1.2840E-01  1.2867E-01
  1.0853E-02 -1.4777E-02  1.2945E-01  1.2973E-01
  1.0954E-02 -1.4914E-02  1.3050E-01  1.3078E-01
  1.1056E-02 -1.5053E-02  1.3157E-01  1.3185E-01
  1.1159E-02 -1.5193E-02  1.3264E-01  1.3292E-01
  1.1263E-02 -1.5334E-02  1.3371E-01  1.3400E-01
  1.1367E-02 -1.5477E-02  1.3480E-01  1.3509E-01
  1.1473E-02 -1.5621E-02  1.3589E-01  1.3618E-01
  1.1580E-02 -1.5766E-02  1.3699E-01  1.3728E-01
  1.1688E-02 -1.5913E-02  1.3809E-01  1.3839E-01
  1.1796E-02 -1.6061E-02  1.3921E-01  1.3951E-01
  1.1906E-02 -1.6210E-02  1.4033E-01  1.4063E-01
  1.2017E-02 -1.6361E-02  1.4146E-01  1.4176E-01
  1.2129E-02 -1.6513E-02  1.4259E-01  1.4290E-01
  1.2241E-02 -1.6666E-02  1.4374E-01  1.4405E-01
  1.2355E-02 -1.6821E-02  1.4489E-01  1.4520E-01
  1.2470E-02 -1.6978E-02  1.4604E-01  1.4636E-01
  1.2586E-02 -1.7135E-02  1.4721E-01  1.4753E-01
  1.2703E-02 -1.7295E-02  1.4838E-01  1.4870E-01
  1.2821E-02 -1.7455E-02  1.4956E-01  1.4988E-01
  1.2941E-02 -1.7618E-02  1.5075E-01  1.5107E-01
  1.3061E-02 -1.7782E-02  1.5194E-01  1.5227E-01
  1.3183E-02 -1.7947E-02  1.5315E-01  1.5348E-01
  1.3305E-02 -1.8114E-02  1.5436E-01  1.5469E-01
  1.3429E-02 -1.8282E-02  1.5557E-01  1.5591E-01
  1.3554E-02 -1.8452E-02  1.5680E-01  1.5714E-01
  1.3680E-02 -1.8624E-02  1.5803E-01  1.5837E-01
  1.3807E-02 -1.8797E-02  1.5927E-01  1.5962E-01
  1.3936E-02 -1.8971E-02  1.6052E-01  1.6087E-01
  1.4065E-02 -1.9148E-02  1.6177E-01  1.6212E-01
  1.4196E-02 -1.9326E-02  1.6304E-01  1.6339E-01
  1.4328E-02 -1.9505E-02  1.6431E-01  1.6466E-01
  1.4461E-02 -1.9687E-02  1.6558E-01  1.6594E-01
  1.4596E-02 -1.9870E-02  1.6687E-01  1.6723E-01
  1.4732E-02 -2.0054E-02  1.6816E-01  1.6852E-01
  1.4869E-02 -2.0241E-02  1.6946E-01  1.6983E-01
  1.5007E-02 -2.0429E-02  1.7077E-01  1.7114E-01
  1.5147E-02 -2.0619E-02  1.7208E-01  1.7246E-01
  1.5287E-02 -2.0811E-02  1.7341E-01  1.7378E-01
  1.5430E-02 -2.1004E-02  1.7474E-01  1.7511E-01
  1.5573E-02 -2.1199E-02  1.7607E-01  1.7645E-01
  1.5718E-02 -2.1396E-02  1.7742E-01  1.7780E-01
  1.5864E-02 -2.1595E-02  1.7877E-01  1.7916E-01
  1.6012E-02 -2.1796E-02  1.8013E-01  1.8052E-01
  1.6161E-02 -2.1998E-02  1.8150E-01  1.8189E-01
  1.6311E-02 -2.2203E-02  1.8287E-01  1.8327E-01
  1.6463E-02 -2.2409E-02  1.8425E-01  1.8465E-01
  1.6616E-02 -2.2618E-02  1.8564E-01  1.8604E-01
  1.6770E-02 -2.2828E-02  1.8704E-01  1.8744E-01
  1.6926E-02 -2.3040E-02  1.8844E-01  1.8885E-01
  1.7084E-02 -2.3254E-02  1.8985E-01  1.9026E-01
  1.7243E-02 -2.3470E-02  1.9127E-01  1.9169E-01
  1.7403E-02 -2.3688E-02  1.9270E-01  1.9311E-01
  1.7565E-02 -2.3908E-02  1.9413E-01  1.9455E-01
  1.7728E-02 -2.4130E-02  1.9557E-01  1.9599E-01
  1.7893E-02 -2.4355E-02  1.9701E-01  1.9744E-01
  1.8060E-02 -2.4581E-02  1.9847E-01  1.9890E-01
  1.8228E-02 -2.4809E-02  1.9993E-01  2.0036E-01
  1.8397E-02 -2.5040E-02  2.0140E-01  2.0184E-01
  1.8568E-02 -2.5273E-02  2.0287E-01  2.0331E-01
  1.8741E-02 -2.5507E-02  2.0435E-01  2.0480E-01
  1.8915E-02 -2.5744E-02  2.0584E-01  2.0629E-01
  1.9091E-02 -2.5984E-02  2.0734E-01  2.0779E-01
  1.9269E-02 -2.6225E-02  2.0884E-01  2.0929E-01
  1.9448E-02 -2.6469E-02  2.1035E-01  2.1081E-01
  1.9629E-02 -2.6715E-02  2.1186E-01  2.1233E-01
  1.9812E-02 -2.6963E-02  2.1339E-01  2.1385E-01
  1.9996E-02 -2.7213E-02  2.1491E-01  2.1538E-01
  2.0182E-02 -2.7466E-02  2.1645E-01  2.1692E-01
  2.0370E-02 -2.7721E-02  2.1799E-01  2.1847E-01
  2.0559E-02 -2.7979E-02  2.1954E-01  2.2002E-01
  2.0750E-02 -2.8239E-02  2.2109E-01  2.2157E-01
  2.0943E-02 -2.8501E-02  2.2265E-01  2.2314E-01
  2.1138E-02 -2.8766E-02  2.2422E-01  2.2471E-01
  2.1335E-02 -2.9033E-02  2.2579E-01  2.2628E-01
  2.1533E-02 -2.9303E-02  2.2737E-01  2.2787E-01
  2.1733E-02 -2.9575E-02  2.2895E-01  2.2945E-01
  2.1936E-02 -2.9849E-02  2.3054E-01  2.3105E-01
  2.2140E-02 -3.0127E-02  2.3214E-01  2.3265E-01
  2.2345E-02 -3.0406E-02  2.3374E-01  2.3425E-01
  2.2553E-02 -3.0689E-02  2.3535E-01  2.3586E-01
  2.2763E-02 -3.0974E-02  2.3696E-01  2.3748E-01
  2.2975E-02 -3.1261E-02  2.3858E-01  2.3910E-01
  2.3189E-02 -3.1552E-02  2.4020E-01  2.4073E-01
  2.3404E-02 -3.1845E-02  2.4183E-01  2.4236E-01
  2.3622E-02 -3.2140E-02  2.4346E-01  2.4400E-01
  2.3842E-02 -3.2439E-02  2.4510E-01  2.4564E-01
  2.4063E-02 -3.2740E-02  2.4674E-01  2.4728E-01
  2.4287E-02 -3.3044E-02  2.4839E-01  2.4894E-01
  2.4513E-02 -3.3351E-02  2.5004E-01  2.5059E-01
  2.4741E-02 -3.3661E-02  2.5170E-01  2.5225E-01
  2.4971E-02 -3.3973E-02  2.5336E-01  2.5392E-01
  2.5204E-02 -3.4288E-02  2.5502E-01  2.5558E-01
  2.5438E-02 -3.4607E-02  2.5669E-01  2.5726E-01
  2.5675E-02 -3.4928E-02  2.5836E-01  2.5893E-01
  2.5913E-02 -3.5252E-02  2.6004E-01  2.6062E-01
  2.6154E-02 -3.5579E-02  2.6172E-01  2.6230E-01
  2.6398E-02 -3.5910E-02  2.6341E-01  2.6399E-01
  2.6643E-02 -3.6243E-02  2.6509E-01  2.6568E-01
  2.6891E-02 -3.6579E-02  2.6678E-01  2.6737E-01
  2.7141E-02 -3.6919E-02  2.6848E-01  2.6907E-01
  2.7394E-02 -3.7261E-02  2.7017E-01  2.7077E-01
  2.7648E-02 -3.7607E-02  2.7187E-01  2.7247E-01
  2.7906E-02 -3.7956E-02  2.7357E-01  2.7418E-01
  2.8165E-02 -3.8308E-02  2.7528E-01  2.7589E-01
  2.8427E-02 -3.8664E-02  2.7698E-01  2.7760E-01
  2.8691E-02 -3.9022E-02  2.7869E-01  2.7931E-01
  2.8958E-02 -3.9385E-02  2.8040E-01  2.8102E-01
  2.9228E-02 -3.9750E-02  2.8211E-01  2.8274E-01
  2.9500E-02 -4.0119E-02  2.8382E-01  2.8445E-01
  2.9774E-02 -4.0491E-02  2.8554E-01  2.8617E-01
  3.0051E-02 -4.0866E-02  2.8725E-01  2.8789E-01
  3.0330E-02 -4.1245E-02  2.8897E-01  2.8961E-01
  3.0612E-02 -4.1628E-02  2.9068E-01  2.9133E-01
  3.0897E-02 -4.2014E-02  2.9240E-01  2.9305E-01
  3.1185E-02 -4.2404E-02  2.9412E-01  2.9477E-01
  3.1475E-02 -4.2797E-02  2.9583E-01  2.9649E-01
  3.1767E-02 -4.3194E-02  2.9755E-01  2.9821E-01
  3.2063E-02 -4.3594E-02  2.9926E-01  2.9993E-01
  3.2361E-02 -4.3998E-02  3.0098E-01  3.0165E-01
  3.2662E-02 -4.4406E-02  3.0269E-01  3.0337E-01
  3.2966E-02 -4.4818E-02  3.0440E-01  3.0509E-01
  3.3273E-02 -4.5234E-02  3.0612E-01  3.0680E-01
  3.3582E-02 -4.5653E-02  3.0782E-01  3.0851E-01
  3.3894E-02 -4.6076E-02  3.0953E-01  3.1022E-01
  3.4210E-02 -4.6503E-02  3.1124E-01  3.1193E-01
  3.4528E-02 -4.6934E-02  3.1294E-01  3.1364E-01
  3.4849E-02 -4.7369E-02  3.1464E-01  3.1534E-01
  3.5173E-02 -4.7808E-02  3.1633E-01  3.1704E-01
  3.5500E-02 -4.8251E-02  3.1802E-01  3.1874E-01
  3.5830E-02 -4.8698E-02  3.1971E-01  3.2043E-01
  3.6164E-02 -4.9149E-02  3.2140E-01  3.2212E-01
  3.6500E-02 -4.9604E-02  3.2308E-01  3.2380E-01
  3.6840E-02 -5.0064E-02  3.2475E-01  3.2548E-01
  3.7182E-02 -5.0528E-02  3.2642E-01  3.2716E-01
  3.7528E-02 -5.0996E-02  3.2808E-01  3.2883E-01
  3.7877E-02 -5.1468E-02  3.2974E-01  3.3049E-01
  3.8229E-02 -5.1944E-02  3.3140E-01  3.3215E-01
  3.8585E-02 -5.2425E-02  3.3304E-01  3.3380E-01
  3.8944E-02 -5.2911E-02  3.3468E-01  3.3544E-01
  3.9306E-02 -5.3401E-02  3.3631E-01  3.3708E-01
  3.9672E-02 -5.3895E-02  3.3794E-01  3.3871E-01
  4.0041E-02 -5.4394E-02  3.3956E-01  3.4033E-01
  4.0413E-02 -5.4897E-02  3.4116E-01  3.4194E-01
  4.0789E-02 -5.5405E-02  3.4276E-01  3.4354E-01
  4.1168E-02 -5.5918E-02  3.4436E-01  3.4514E-01
  4.1551E-02 -5.6435E-02  3.4594E-01  3.4673E-01
  4.1938E-02 -5.6957E-02  3.4751E-01  3.4830E-01
  4.2328E-02 -5.7484E-02  3.4907E-01  3.4987E-01
  4.2722E-02 -5.8016E-02  3.5062E-01  3.5142E-01
  4.3119E-02 -5.8553E-02  3.5216E-01  3.5297E-01
  4.3520E-02 -5.9094E-02  3.5369E-01  3.5450E-01
  4.3925E-02 -5.9641E-02  3.5521E-01  3.5602E-01
  4.4333E-02 -6.0192E-02  3.5671E-01  3.5753E-01
  4.4746E-02 -6.0748E-02  3.5820E-01  3.5902E-01
  4.5162E-02 -6.1310E-02  3.5968E-01  3.6051E-01
  4.5582E-02 -6.1877E-02  3.6114E-01  3.6198E-01
  4.6006E-02 -6.2448E-02  3.6259E-01  3.6343E-01
  4.6434E-02 -6.3026E-02  3.6403E-01  3.6487E-01
  4.6866E-02 -6.3608E-02  3.6545E-01  3.6629E-01
  4.7302E-02 -6.4195E-02  3.6686E-01  3.6770E-01
  4.7742E-02 -6.4788E-02  3.6824E-01  3.6910E-01
  4.8186E-02 -6.5387E-02  3.6962E-01  3.7047E-01
  4.8634E-02 -6.5991E-02  3.7097E-01  3.7183E-01
  4.9086E-02 -6.6600E-02  3.7231E-01  3.7317E-01
  4.9543E-02 -6.7215E-02  3.7363E-01  3.7450E-01
  5.0004E-02 -6.7835E-02  3.7493E-01  3.7580E-01
  5.0469E-02 -6.8461E-02  3.7621E-01  3.7709E-01
  5.0938E-02 -6.9093E-02  3.7747E-01  3.7835E-01
  5.1412E-02 -6.9731E-02  3.7871E-01  3.7960E-01
  5.1890E-02 -7.0374E-02  3.7993E-01  3.8082E-01
  5.2373E-02 -7.1023E-02  3.8113E-01  3.8203E-01
  5.2860E-02 -7.1678E-02  3.8231E-01  3.8321E-01
  5.3351E-02 -7.2339E-02  3.8347E-01  3.8436E-01
  5.3848E-02 -7.3006E-02  3.8460E-01  3.8550E-01
  5.4348E-02 -7.3679E-02  3.8570E-01  3.8661E-01
  5.4854E-02 -7.4358E-02  3.8679E-01  3.8770E-01
  5.5364E-02 -7.5043E-02  3.8785E-01  3.8876E-01
  5.5879E-02 -7.5734E-02  3.8888E-01  3.8980E-01
  5.6399E-02 -7.6432E-02  3.8989E-01  3.9081E-01
  5.6923E-02 -7.7136E-02  3.9087E-01  3.9179E-01
  5.7453E-02 -7.7846E-02  3.9182E-01  3.9275E-01
  5.7987E-02 -7.8563E-02  3.9274E-01  3.9368E-01
  5.8527E-02 -7.9286E-02  3.9364E-01  3.9458E-01
  5.9071E-02 -8.0016E-02  3.9451E-01  3.9545E-01
  5.9620E-02 -8.0752E-02  3.9534E-01  3.9629E-01
  6.0175E-02 -8.1495E-02  3.9615E-01  3.9710E-01
  6.0735E-02 -8.2244E-02  3.9693E-01  3.9788E-01
  6.1300E-02 -8.3001E-02  3.9767E-01  3.9862E-01
  6.1870E-02 -8.3764E-02  3.9838E-01  3.9934E-01
  6.2445E-02 -8.4534E-02  3.9906E-01  4.0002E-01
  6.3026E-02 -8.5310E-02  3.9970E-01  4.0066E-01
  6.3612E-02 -8.6094E-02  4.0031E-01  4.0127E-01
  6.4204E-02 -8.6885E-02  4.0088E-01  4.0185E-01
  6.4801E-02 -8.7683E-02  4.0142E-01  4.0239E-01
  6.5404E-02 -8.8488E-02  4.0192E-01  4.0289E-01
  6.6012E-02 -8.9300E-02  4.0238E-01  4.0336E-01
  6.6626E-02 -9.0119E-02  4.0280E-01  4.0378E-01
  6.7246E-02 -9.0946E-02  4.0319E-01  4.0417E-01
  6.7871E-02 -9.1780E-02  4.0353E-01  4.0452E-01
  6.8502E-02 -9.2622E-02  4.0384E-01  4.0483E-01
  6.9140E-02 -9.3471E-02  4.0410E-01  4.0509E-01
  6.9783E-02 -9.4327E-02  4.0432E-01  4.0532E-01
  7.0432E-02 -9.5191E-02  4.0450E-01  4.0550E-01
  7.1087E-02 -9.6063E-02  4.0464E-01  4.0564E-01
  7.1748E-02 -9.6943E-02  4.0473E-01  4.0573E-01
  7.2415E-02 -9.7830E-02  4.0477E-01  4.0578E-01
  7.3089E-02 -9.8725E-02  4.0477E-01  4.0578E-01
  7.3769E-02 -9.9628E-02  4.0473E-01  4.0573E-01
  7.4455E-02 -1.0054E-01  4.0463E-01  4.0564E-01
  7.5147E-02 -1.0146E-01  4.0449E-01  4.0550E-01
  7.5846E-02 -1.0239E-01  4.0430E-01  4.0531E-01
  7.6552E-02 -1.0332E-01  4.0406E-01  4.0507E-01
  7.7264E-02 -1.0426E-01  4.0376E-01  4.0478E-01
  7.7982E-02 -1.0522E-01  4.0342E-01  4.0444E-01
  7.8708E-02 -1.0618E-01  4.0303E-01  4.0405E-01
  7.9440E-02 -1.0715E-01  4.0258E-01  4.0360E-01
  8.0179E-02 -1.0812E-01  4.0208E-01  4.0310E-01
  8.0924E-02 -1.0911E-01  4.0152E-01  4.0254E-01
  8.1677E-02 -1.1010E-01  4.0091E-01  4.0193E-01
  8.2437E-02 -1.1111E-01  4.0024E-01  4.0127E-01
  8.3204E-02 -1.1212E-01  3.9951E-01  4.0054E-01
  8.3977E-02 -1.1314E-01  3.9873E-01  3.9976E-01
  8.4759E-02 -1.1417E-01  3.9789E-01  3.9892E-01
  8.5547E-02 -1.1521E-01  3.9698E-01  3.9802E-01
  8.6343E-02 -1.1625E-01  3.9602E-01  3.9706E-01
  8.7146E-02 -1.1731E-01  3.9500E-01  3.9603E-01
  8.7956E-02 -1.1837E-01  3.9391E-01  3.9495E-01
  8.8774E-02 -1.1945E-01  3.9277E-01  3.9380E-01
  8.9600E-02 -1.2053E-01  3.9155E-01  3.9259E-01
  9.0433E-02 -1.2163E-01  3.9028E-01  3.9131E-01
  9.1274E-02 -1.2273E-01  3.8894E-01  3.8997E-01
  9.2123E-02 -1.2384E-01  3.8753E-01  3.8857E-01
  9.2980E-02 -1.2496E-01  3.8606E-01  3.8709E-01
  9.3845E-02 -1.2609E-01  3.8451E-01  3.8555E-01
  9.4718E-02 -1.2723E-01  3.8290E-01  3.8394E-01
  9.5599E-02 -1.2838E-01  3.8122E-01  3.8226E-01
  9.6488E-02 -1.2954E-01  3.7948E-01  3.8051E-01
  9.7386E-02 -1.3072E-01  3.7765E-01  3.7869E-01
  9.8291E-02 -1.3190E-01  3.7576E-01  3.7680E-01
  9.9206E-02 -1.3309E-01  3.7380E-01  3.7483E-01
  1.0013E-01 -1.3429E-01  3.7176E-01  3.7279E-01
  1.0106E-01 -1.3550E-01  3.6965E-01  3.7068E-01
  1.0200E-01 -1.3672E-01  3.6746E-01  3.6849E-01
  1.0295E-01 -1.3795E-01  3.6520E-01  3.6623E-01
  1.0391E-01 -1.3919E-01  3.6286E-01  3.6389E-01
  1.0487E-01 -1.4044E-01  3.6045E-01  3.6147E-01
  1.0585E-01 -1.4170E-01  3.5795E-01  3.5898E-01
  1.0683E-01 -1.4297E-01  3.5538E-01  3.5640E-01
  1.0783E-01 -1.4425E-01  3.5273E-01  3.5375E-01
  1.0883E-01 -1.4555E-01  3.5000E-01  3.5102E-01
  1.0984E-01 -1.4685E-01  3.4719E-01  3.4820E-01
  1.1086E-01 -1.4817E-01  3.4430E-01  3.4531E-01
  1.1189E-01 -1.4949E-01  3.4132E-01  3.4233E-01
  1.1293E-01 -1.5083E-01  3.3826E-01  3.3927E-01
  1.1398E-01 -1.5218E-01  3.3512E-01  3.3613E-01
  1.1504E-01 -1.5353E-01  3.3190E-01  3.3290E-01
  1.1611E-01 -1.5490E-01  3.2859E-01  3.2959E-01
  1.1719E-01 -1.5628E-01  3.2520E-01  3.2619E-01
  1.1829E-01 -1.5768E-01  3.2172E-01  3.2271E-01
  1.1939E-01 -1.5908E-01  3.1815E-01  3.1914E-01
  1.2050E-01 -1.6049E-01  3.1450E-01  3.1548E-01
  1.2162E-01 -1.6192E-01  3.1076E-01  3.1174E-01
  1.2275E-01 -1.6335E-01  3.0693E-01  3.0790E-01
  1.2389E-01 -1.6480E-01  3.0301E-01  3.0398E-01
  1.2504E-01 -1.6626E-01  2.9900E-01  2.9997E-01
  1.2620E-01 -1.6773E-01  2.9491E-01  2.9587E-01
  1.2738E-01 -1.6922E-01  2.9072E-01  2.9168E-01
  1.2856E-01 -1.7071E-01  2.8644E-01  2.8740E-01
  1.2976E-01 -1.7222E-01  2.8208E-01  2.8303E-01
  1.3097E-01 -1.7373E-01  2.7762E-01  2.7856E-01
  1.3218E-01 -1.7526E-01  2.7307E-01  2.7401E-01
  1.3341E-01 -1.7681E-01  2.6843E-01  2.6936E-01
  1.3465E-01 -1.7836E-01  2.6369E-01  2.6462E-01
  1.3591E-01 -1.7992E-01  2.5886E-01  2.5979E-01
  1.3717E-01 -1.8150E-01  2.5394E-01  2.5486E-01
  1.3845E-01 -1.8309E-01  2.4893E-01  2.4984E-01
  1.3973E-01 -1.8469E-01  2.4382E-01  2.4473E-01
  1.4103E-01 -1.8630E-01  2.3862E-01  2.3952E-01
  1.4235E-01 -1.8793E-01  2.3333E-01  2.3422E-01
  1.4367E-01 -1.8957E-01  2.2794E-01  2.2883E-01
  1.4501E-01 -1.9122E-01  2.2246E-01  2.2334E-01
  1.4635E-01 -1.9288E-01  2.1688E-01  2.1776E-01
  1.4772E-01 -1.9455E-01  2.1121E-01  2.1208E-01
  1.4909E-01 -1.9624E-01  2.0545E-01  2.0631E-01
  1.5048E-01 -1.9794E-01  1.9959E-01  2.0044E-01
  1.5188E-01 -1.9965E-01  1.9363E-01  1.9448E-01
  1.5329E-01 -2.0137E-01  1.8759E-01  1.8842E-01
  1.5471E-01 -2.0310E-01  1.8144E-01  1.8227E-01
  1.5615E-01 -2.0485E-01  1.7521E-01  1.7603E-01
  1.5761E-01 -2.0661E-01  1.6888E-01  1.6969E-01
  1.5907E-01 -2.0838E-01  1.6246E-01  1.6326E-01
  1.6055E-01 -2.1017E-01  1.5594E-01  1.5674E-01
  1.6204E-01 -2.1197E-01  1.4933E-01  1.5012E-01
  1.6355E-01 -2.1377E-01  1.4263E-01  1.4341E-01
  1.6507E-01 -2.1560E-01  1.3583E-01  1.3660E-01
  1.6661E-01 -2.1743E-01  1.2895E-01  1.2971E-01
  1.6816E-01 -2.1928E-01  1.2197E-01  1.2272E-01
  1.6972E-01 -2.2113E-01  1.1490E-01  1.1564E-01
  1.7130E-01 -2.2300E-01  1.0774E-01  1.0847E-01
  1.7289E-01 -2.2489E-01  1.0049E-01  1.0121E-01
  1.7450E-01 -2.2678E-01  9.3149E-02  9.3863E-02
  1.7612E-01 -2.2869E-01  8.5720E-02  8.6425E-02
  1.7776E-01 -2.3061E-01  7.8204E-02  7.8898E-02
  1.7942E-01 -2.3254E-01  7.0600E-02  7.1285E-02
  1.8109E-01 -2.3448E-01  6.2910E-02  6.3584E-02
  1.8277E-01 -2.3644E-01  5.5134E-02  5.5798E-02
  1.8447E-01 -2.3841E-01  4.7273E-02  4.7926E-02
  1.8619E-01 -2.4039E-01  3.9328E-02  3.9971E-02
  1.8792E-01 -2.4238E-01  3.1300E-02  3.1932E-02
  1.8966E-01 -2.4438E-01  2.3191E-02  2.3811E-02
  1.9143E-01 -2.4640E-01  1.5000E-02  1.5610E-02
  1.9321E-01 -2.4842E-01  6.7295E-03  7.3280E-03
  1.9501E-01 -2.5046E-01 -1.6196E-03 -1.0324E-03
  1.9682E-01 -2.5251E-01 -1.0046E-02 -9.4703E-03
  1.9865E-01 -2.5457E-01 -1.8549E-02 -1.7984E-02
  2.0050E-01 -2.5664E-01 -2.7126E-02 -2.6573E-02
  2.0236E-01 -2.5873E-01 -3.5777E-02 -3.5236E-02
  2.0425E-01 -2.6082E-01 -4.4500E-02 -4.3971E-02
  2.0615E-01 -2.6292E-01 -5.3293E-02 -5.2776E-02
  2.0806E-01 -2.6504E-01 -6.2156E-02 -6.1651E-02
  2.1000E-01 -2.6717E-01 -7.1086E-02 -7.0593E-02
  2.1195E-01 -2.6930E-01 -8.0081E-02 -7.9600E-02
  2.1392E-01 -2.7145E-01 -8.9141E-02 -8.8672E-02
  2.1591E-01 -2.7361E-01 -9.8263E-02 -9.7807E-02
  2.1792E-01 -2.7577E-01 -1.0745E-01 -1.0700E-01
  2.1995E-01 -2.7795E-01 -1.1669E-01 -1.1626E-01
  2.2199E-01 -2.8014E-01 -1.2598E-01 -1.2557E-01
  2.2406E-01 -2.8233E-01 -1.3534E-01 -1.3493E-01
  2.2614E-01 -2.8454E-01 -1.4474E-01 -1.4435E-01
  2.2824E-01 -2.8675E-01 -1.5420E-01 -1.5382E-01
  2.3037E-01 -2.8898E-01 -1.6370E-01 -1.6334E-01
  2.3251E-01 -2.9121E-01 -1.7326E-01 -1.7290E-01
  2.3467E-01 -2.9345E-01 -1.8285E-01 -1.8251E-01
  2.3686E-01 -2.9570E-01 -1.9249E-01 -1.9216E-01
  2.3906E-01 -2.9795E-01 -2.0216E-01 -2.0185E-01
  2.4128E-01 -3.0022E-01 -2.1188E-01 -2.1157E-01
  2.4353E-01 -3.0249E-01 -2.2162E-01 -2.2133E-01
  2.4579E-01 -3.0476E-01 -2.3140E-01 -2.3113E-01
  2.4808E-01 -3.0705E-01 -2.4121E-01 -2.4095E-01
  2.5038E-01 -3.0934E-01 -2.5105E-01 -2.5080E-01
  2.5271E-01 -3.1163E-01 -2.6091E-01 -2.6067E-01
  2.5506E-01 -3.1393E-01 -2.7079E-01 -2.7056E-01
  2.5744E-01 -3.1624E-01 -2.8069E-01 -2.8047E-01
  2.5983E-01 -3.1855E-01 -2.9060E-01 -2.9040E-01
  2.6225E-01 -3.2087E-01 -3.0053E-01 -3.0034E-01
  2.6469E-01 -3.2319E-01 -3.1047E-01 -3.1029E-01
  2.6715E-01 -3.2551E-01 -3.2041E-01 -3.2025E-01
  2.6963E-01 -3.2784E-01 -3.3036E-01 -3.3021E-01
  2.7214E-01 -3.3017E-01 -3.4030E-01 -3.4017E-01
  2.7467E-01 -3.3250E-01 -3.5025E-01 -3.5012E-01
  2.7723E-01 -3.3484E-01 -3.6018E-01 -3.6007E-01
  2.7981E-01 -3.3717E-01 -3.7011E-01 -3.7002E-01
  2.8241E-01 -3.3951E-01 -3.8003E-01 -3.7994E-01
  2.8503E-01 -3.4184E-01 -3.8993E-01 -3.8985E-01
  2.8769E-01 -3.4418E-01 -3.9981E-01 -3.9975E-01
  2.9036E-01 -3.4651E-01 -4.0966E-01 -4.0961E-01
  2.9306E-01 -3.4884E-01 -4.1949E-01 -4.1946E-01
  2.9579E-01 -3.5118E-01 -4.2929E-01 -4.2927E-01
  2.9854E-01 -3.5350E-01 -4.3906E-01 -4.3904E-01
  3.0132E-01 -3.5583E-01 -4.4878E-01 -4.4878E-01
  3.0412E-01 -3.5815E-01 -4.5847E-01 -4.5848E-01
  3.0695E-01 -3.6046E-01 -4.6811E-01 -4.6813E-01
  3.0980E-01 -3.6277E-01 -4.7770E-01 -4.7773E-01
  3.1268E-01 -3.6508E-01 -4.8724E-01 -4.8728E-01
  3.1559E-01 -3.6737E-01 -4.9672E-01 -4.9678E-01
  3.1853E-01 -3.6966E-01 -5.0614E-01 -5.0621E-01
  3.2149E-01 -3.7194E-01 -5.1550E-01 -5.1557E-01
  3.2448E-01 -3.7421E-01 -5.2479E-01 -5.2487E-01
  3.2750E-01 -3.7647E-01 -5.3400E-01 -5.3410E-01
  3.3054E-01 -3.7872E-01 -5.4314E-01 -5.4324E-01
  3.3362E-01 -3.8096E-01 -5.5219E-01 -5.5231E-01
  3.3672E-01 -3.8318E-01 -5.6117E-01 -5.6129E-01
  3.3985E-01 -3.8539E-01 -5.7005E-01 -5.7018E-01
  3.4301E-01 -3.8759E-01 -5.7884E-01 -5.7898E-01
  3.4620E-01 -3.8976E-01 -5.8753E-01 -5.8768E-01
  3.4942E-01 -3.9193E-01 -5.9612E-01 -5.9628E-01
  3.5267E-01 -3.9407E-01 -6.0460E-01 -6.0477E-01
  3.5595E-01 -3.9619E-01 -6.1297E-01 -6.1315E-01
  3.5927E-01 -3.9829E-01 -6.2123E-01 -6.2141E-01
  3.6261E-01 -4.0038E-01 -6.2936E-01 -6.2956E-01
  3.6598E-01 -4.0243E-01 -6.3738E-01 -6.3758E-01
  3.6938E-01 -4.0447E-01 -6.4527E-01 -6.4547E-01
  3.7282E-01 -4.0648E-01 -6.5302E-01 -6.5323E-01
  3.7629E-01 -4.0846E-01 -6.6064E-01 -6.6086E-01
  3.7979E-01 -4.1041E-01 -6.6812E-01 -6.6834E-01
  3.8332E-01 -4.1233E-01 -6.7545E-01 -6.7568E-01
  3.8688E-01 -4.1423E-01 -6.8263E-01 -6.8286E-01
  3.9048E-01 -4.1609E-01 -6.8966E-01 -6.8990E-01
  3.9411E-01 -4.1791E-01 -6.9653E-01 -6.9677E-01
  3.9778E-01 -4.1970E-01 -7.0324E-01 -7.0349E-01
  4.0148E-01 -4.2146E-01 -7.0978E-01 -7.1003E-01
  4.0521E-01 -4.2317E-01 -7.1615E-01 -7.1640E-01
  4.0898E-01 -4.2485E-01 -7.2234E-01 -7.2260E-01
  4.1279E-01 -4.2648E-01 -7.2836E-01 -7.2862E-01
  4.1663E-01 -4.2807E-01 -7.3419E-01 -7.3445E-01
  4.2050E-01 -4.2961E-01 -7.3983E-01 -7.4010E-01
  4.2441E-01 -4.3111E-01 -7.4528E-01 -7.4555E-01
  4.2836E-01 -4.3255E-01 -7.5054E-01 -7.5081E-01
  4.3234E-01 -4.3395E-01 -7.5559E-01 -7.5586E-01
  4.3637E-01 -4.3529E-01 -7.6044E-01 -7.6071E-01
  4.4042E-01 -4.3658E-01 -7.6508E-01 -7.6535E-01
  4.4452E-01 -4.3781E-01 -7.6951E-01 -7.6978E-01
  4.4865E-01 -4.3898E-01 -7.7372E-01 -7.7399E-01
  4.5283E-01 -4.4009E-01 -7.7771E-01 -7.7797E-01
  4.5704E-01 -4.4113E-01 -7.8147E-01 -7.8174E-01
  4.6129E-01 -4.4211E-01 -7.8500E-01 -7.8527E-01
  4.6558E-01 -4.4302E-01 -7.8831E-01 -7.8857E-01
  4.6991E-01 -4.4386E-01 -7.9137E-01 -7.9163E-01
  4.7428E-01 -4.4463E-01 -7.9420E-01 -7.9446E-01
  4.7869E-01 -4.4532E-01 -7.9678E-01 -7.9704E-01
  4.8315E-01 -4.4594E-01 -7.9912E-01 -7.9937E-01
  4.8764E-01 -4.4647E-01 -8.0120E-01 -8.0145E-01
  4.9217E-01 -4.4692E-01 -8.0303E-01 -8.0328E-01
  4.9675E-01 -4.4729E-01 -8.0461E-01 -8.0485E-01
  5.0137E-01 -4.4757E-01 -8.0592E-01 -8.0615E-01
  5.0604E-01 -4.4775E-01 -8.0697E-01 -8.0720E-01
  5.1074E-01 -4.4785E-01 -8.0775E-01 -8.0797E-01
  5.1549E-01 -4.4784E-01 -8.0826E-01 -8.0847E-01
  5.2029E-01 -4.4774E-01 -8.0850E-01 -8.0871E-01
  5.2513E-01 -4.4753E-01 -8.0846E-01 -8.0866E-01
  5.3001E-01 -4.4722E-01 -8.0814E-01 -8.0833E-01
  5.3494E-01 -4.4680E-01 -8.0754E-01 -8.0772E-01
  5.3992E-01 -4.4627E-01 -8.0665E-01 -8.0683E-01
  5.4494E-01 -4.4563E-01 -8.0548E-01 -8.0565E-01
  5.5001E-01 -4.4486E-01 -8.0401E-01 -8.0418E-01
  5.5512E-01 -4.4398E-01 -8.0226E-01 -8.0241E-01
  5.6029E-01 -4.4297E-01 -8.0021E-01 -8.0036E-01
  5.6550E-01 -4.4183E-01 -7.9786E-01 -7.9800E-01
  5.7076E-01 -4.4057E-01 -7.9521E-01 -7.9534E-01
  5.7606E-01 -4.3916E-01 -7.9226E-01 -7.9239E-01
  5.8142E-01 -4.3762E-01 -7.8901E-01 -7.8913E-01
  5.8683E-01 -4.3594E-01 -7.8546E-01 -7.8556E-01
  5.9229E-01 -4.3412E-01 -7.8160E-01 -7.8169E-01
  5.9780E-01 -4.3214E-01 -7.7743E-01 -7.7751E-01
  6.0336E-01 -4.3001E-01 -7.7295E-01 -7.7302E-01
  6.0897E-01 -4.2773E-01 -7.6815E-01 -7.6822E-01
  6.1463E-01 -4.2528E-01 -7.6305E-01 -7.6311E-01
  6.2035E-01 -4.2268E-01 -7.5763E-01 -7.5768E-01
  6.2612E-01 -4.1990E-01 -7.5190E-01 -7.5194E-01
  6.3194E-01 -4.1695E-01 -7.4585E-01 -7.4588E-01
  6.3782E-01 -4.1383E-01 -7.3949E-01 -7.3950E-01
  6.4375E-01 -4.1053E-01 -7.3280E-01 -7.3281E-01
  6.4974E-01 -4.0705E-01 -7.2580E-01 -7.2580E-01
  6.5578E-01 -4.0338E-01 -7.1848E-01 -7.1847E-01
  6.6188E-01 -3.9952E-01 -7.1085E-01 -7.1082E-01
  6.6804E-01 -3.9546E-01 -7.0289E-01 -7.0286E-01
  6.7425E-01 -3.9121E-01 -6.9461E-01 -6.9457E-01
  6.8053E-01 -3.8675E-01 -6.8601E-01 -6.8596E-01
  6.8685E-01 -3.8209E-01 -6.7710E-01 -6.7704E-01
  6.9324E-01 -3.7721E-01 -6.6786E-01 -6.6779E-01
  6.9969E-01 -3.7212E-01 -6.5831E-01 -6.5823E-01
  7.0620E-01 -3.6681E-01 -6.4844E-01 -6.4835E-01
  7.1277E-01 -3.6128E-01 -6.3825E-01 -6.3815E-01
  7.1940E-01 -3.5552E-01 -6.2774E-01 -6.2764E-01
  7.2609E-01 -3.4953E-01 -6.1691E-01 -6.1680E-01
  7.3284E-01 -3.4331E-01 -6.0577E-01 -6.0566E-01
  7.3966E-01 -3.3684E-01 -5.9432E-01 -5.9419E-01
  7.4654E-01 -3.3014E-01 -5.8255E-01 -5.8242E-01
  7.5348E-01 -3.2318E-01 -5.7047E-01 -5.7033E-01
  7.6049E-01 -3.1598E-01 -5.5808E-01 -5.5793E-01
  7.6756E-01 -3.0852E-01 -5.4537E-01 -5.4523E-01
  7.7470E-01 -3.0080E-01 -5.3237E-01 -5.3221E-01
  7.8191E-01 -2.9282E-01 -5.1905E-01 -5.1890E-01
  7.8918E-01 -2.8458E-01 -5.0543E-01 -5.0527E-01
  7.9652E-01 -2.7607E-01 -4.9151E-01 -4.9135E-01
  8.0393E-01 -2.6728E-01 -4.7729E-01 -4.7712E-01
  8.1140E-01 -2.5822E-01 -4.6277E-01 -4.6260E-01
  8.1895E-01 -2.4888E-01 -4.4796E-01 -4.4779E-01
  8.2657E-01 -2.3925E-01 -4.3285E-01 -4.3268E-01
  8.3426E-01 -2.2935E-01 -4.1745E-01 -4.1728E-01
  8.4202E-01 -2.1915E-01 -4.0177E-01 -4.0160E-01
  8.4985E-01 -2.0866E-01 -3.8580E-01 -3.8563E-01
  8.5775E-01 -1.9788E-01 -3.6955E-01 -3.6937E-01
  8.6573E-01 -1.8680E-01 -3.5302E-01 -3.5285E-01
  8.7378E-01 -1.7542E-01 -3.3621E-01 -3.3604E-01
  8.8191E-01 -1.6374E-01 -3.1913E-01 -3.1897E-01
  8.9011E-01 -1.5176E-01 -3.0179E-01 -3.0162E-01
  8.9839E-01 -1.3947E-01 -2.8418E-01 -2.8401E-01
  9.0675E-01 -1.2688E-01 -2.6630E-01 -2.6614E-01
  9.1518E-01 -1.1398E-01 -2.4817E-01 -2.4802E-01
  9.2369E-01 -1.0077E-01 -2.2979E-01 -2.2964E-01
  9.3228E-01 -8.7243E-02 -2.1115E-01 -2.1101E-01
  9.4095E-01 -7.3409E-02 -1.9227E-01 -1.9213E-01
  9.4971E-01 -5.9262E-02 -1.7315E-01 -1.7301E-01
  9.5854E-01 -4.4803E-02 -1.5379E-01 -1.5366E-01
  9.6745E-01 -3.0031E-02 -1.3420E-01 -1.3407E-01
  9.7645E-01 -1.4947E-02 -1.1438E-01 -1.1426E-01
  9.8554E-01  4.4996E-04 -9.4336E-02 -9.4224E-02
  9.9470E-01  1.6158E-02 -7.4074E-02 -7.3969E-02
  1.0040E+00  3.2177E-02 -5.3599E-02 -5.3500E-02
  1.0133E+00  4.8504E-02 -3.2915E-02 -3.2823E-02
  1.0227E+00  6.5139E-02 -1.2027E-02 -1.1942E-02
  1.0322E+00  8.2080E-02  9.0592E-03  9.1367E-03
  1.0418E+00  9.9324E-02  3.0338E-02  3.0408E-02
  1.0515E+00  1.1687E-01  5.1805E-02  5.1868E-02
  1.0613E+00  1.3471E-01  7.3454E-02  7.3509E-02
  1.0712E+00  1.5285E-01  9.5279E-02  9.5327E-02
  1.0811E+00  1.7128E-01  1.1727E-01  1.1732E-01
  1.0912E+00  1.8999E-01  1.3943E-01  1.3947E-01
  1.1013E+00  2.0899E-01  1.6175E-01  1.6178E-01
  1.1116E+00  2.2826E-01  1.8423E-01  1.8425E-01
  1.1219E+00  2.4781E-01  2.0685E-01  2.0686E-01
  1.1324E+00  2.6762E-01  2.2960E-01  2.2961E-01
  1.1429E+00  2.8770E-01  2.5250E-01  2.5250E-01
  1.1535E+00  3.0803E-01  2.7552E-01  2.7552E-01
  1.1642E+00  3.2861E-01  2.9866E-01  2.9866E-01
  1.1751E+00  3.4942E-01  3.2192E-01  3.2191E-01
  1.1860E+00  3.7048E-01  3.4528E-01  3.4527E-01
  1.1970E+00  3.9175E-01  3.6875E-01  3.6873E-01
  1.2082E+00  4.1325E-01  3.9231E-01  3.9229E-01
  1.2194E+00  4.3495E-01  4.1596E-01  4.1594E-01
  1.2307E+00  4.5686E-01  4.3969E-01  4.3966E-01
  1.2422E+00  4.7895E-01  4.6349E-01  4.6346E-01
  1.2537E+00  5.0123E-01  4.8736E-01  4.8733E-01
  1.2654E+00  5.2367E-01  5.1129E-01  5.1126E-01
  1.2772E+00  5.4628E-01  5.3527E-01  5.3524E-01
  1.2891E+00  5.6904E-01  5.5929E-01  5.5926E-01
  1.3010E+00  5.9194E-01  5.8335E-01  5.8333E-01
  1.3131E+00  6.1496E-01  6.0744E-01  6.0742E-01
  1.3254E+00  6.3810E-01  6.3156E-01  6.3153E-01
  1.3377E+00  6.6135E-01  6.5568E-01  6.5566E-01
  1.3501E+00  6.8468E-01  6.7982E-01  6.7980E-01
  1.3627E+00  7.0810E-01  7.0395E-01  7.0393E-01
  1.3754E+00  7.3159E-01  7.2807E-01  7.2806E-01
  1.3882E+00  7.5514E-01  7.5218E-01  7.5217E-01
  1.4011E+00  7.7872E-01  7.7627E-01  7.7626E-01
  1.4141E+00  8.0234E-01  8.0032E-01  8.0031E-01
  1.4273E+00  8.2598E-01  8.2433E-01  8.2433E-01
  1.4405E+00  8.4962E-01  8.4830E-01  8.4829E-01
  1.4539E+00  8.7325E-01  8.7220E-01  8.7220E-01
  1.4674E+00  8.9686E-01  8.9605E-01  8.9605E-01
  1.4811E+00  9.2044E-01  9.1982E-01  9.1982E-01
  1.4949E+00  9.4398E-01  9.4351E-01  9.4351E-01
  1.5088E+00  9.6746E-01  9.6711E-01  9.6711E-01
  1.5228E+00  9.9086E-01  9.9061E-01  9.9061E-01
  1.5370E+00  1.0142E+00  1.0140E+00  1.0140E+00
  1.5513E+00  1.0374E+00  1.0373E+00  1.0373E+00
  1.5657E+00  1.0605E+00  1.0605E+00  1.0605E+00
  1.5803E+00  1.0835E+00  1.0835E+00  1.0835E+00
  1.5950E+00  1.1064E+00  1.1064E+00  1.1064E+00
  1.6098E+00  1.1291E+00  1.1291E+00  1.1291E+00
  1.6248E+00  1.1517E+00  1.1517E+00  1.1517E+00
  1.6399E+00  1.1741E+00  1.1741E+00  1.1741E+00
  1.6551E+00  1.1964E+00  1.1964E+00  1.1964E+00
  1.6705E+00  1.2184E+00  1.2184E+00  1.2184E+00
  1.6861E+00  1.2403E+00  1.2403E+00  1.2403E+00
  1.7017E+00  1.2620E+00  1.2620E+00  1.2620E+00
  1.7176E+00  1.2835E+00  1.2835E+00  1.2835E+00
  1.7335E+00  1.3047E+00  1.3047E+00  1.3047E+00
  1.7497E+00  1.3257E+00  1.3257E+00  1.3257E+00
  1.7659E+00  1.3465E+00  1.3465E+00  1.3465E+00
  1.7824E+00  1.3671E+00  1.3671E+00  1.3671E+00
  1.7989E+00  1.3874E+00  1.3874E+00  1.3874E+00
  1.8157E+00  1.4075E+00  1.4075E+00  1.4075E+00
  1.8326E+00  1.4273E+00  1.4273E+00  1.4273E+00
  1.8496E+00  1.4468E+00  1.4468E+00  1.4468E+00
  1.8668E+00  1.4660E+00  1.4660E+00  1.4660E+00
