 # l=           1 energy=  -5.00000000000000     
  0.0000E+00  0.0000E+00  0.0000E+00  0.0000E+00
  8.4554E-09 -8.5559E-17  4.4967E-16  7.4041E-16
  1.6990E-08 -3.4543E-16  1.8155E-15  2.9892E-15
  2.5603E-08 -7.8447E-16  4.1229E-15  6.7886E-15
  3.4297E-08 -1.4076E-15  7.3982E-15  1.2181E-14
  4.3071E-08 -2.2200E-15  1.1668E-14  1.9212E-14
  5.1927E-08 -3.2269E-15  1.6959E-14  2.7924E-14
  6.0865E-08 -4.4334E-15  2.3301E-14  3.8365E-14
  6.9887E-08 -5.8450E-15  3.0720E-14  5.0581E-14
  7.8992E-08 -7.4673E-15  3.9246E-14  6.4620E-14
  8.8183E-08 -9.3059E-15  4.8909E-14  8.0531E-14
  9.7458E-08 -1.1367E-14  5.9739E-14  9.8364E-14
  1.0682E-07 -1.3655E-14  7.1768E-14  1.1817E-13
  1.1627E-07 -1.6178E-14  8.5026E-14  1.4000E-13
  1.2581E-07 -1.8941E-14  9.9547E-14  1.6391E-13
  1.3543E-07 -2.1950E-14  1.1536E-13  1.8995E-13
  1.4515E-07 -2.5212E-14  1.3251E-13  2.1818E-13
  1.5495E-07 -2.8733E-14  1.5101E-13  2.4865E-13
  1.6485E-07 -3.2521E-14  1.7092E-13  2.8143E-13
  1.7484E-07 -3.6581E-14  1.9226E-13  3.1657E-13
  1.8492E-07 -4.0922E-14  2.1507E-13  3.5413E-13
  1.9509E-07 -4.5549E-14  2.3939E-13  3.9417E-13
  2.0536E-07 -5.0471E-14  2.6526E-13  4.3676E-13
  2.1573E-07 -5.5695E-14  2.9271E-13  4.8197E-13
  2.2619E-07 -6.1228E-14  3.2179E-13  5.2985E-13
  2.3675E-07 -6.7077E-14  3.5254E-13  5.8047E-13
  2.4741E-07 -7.3252E-14  3.8499E-13  6.3391E-13
  2.5817E-07 -7.9760E-14  4.1920E-13  6.9023E-13
  2.6902E-07 -8.6610E-14  4.5520E-13  7.4950E-13
  2.7998E-07 -9.3809E-14  4.9303E-13  8.1180E-13
  2.9104E-07 -1.0137E-13  5.3275E-13  8.7720E-13
  3.0220E-07 -1.0929E-13  5.7440E-13  9.4578E-13
  3.1347E-07 -1.1759E-13  6.1803E-13  1.0176E-12
  3.2484E-07 -1.2628E-13  6.6368E-13  1.0928E-12
  3.3632E-07 -1.3536E-13  7.1140E-13  1.1714E-12
  3.4790E-07 -1.4484E-13  7.6125E-13  1.2534E-12
  3.5959E-07 -1.5474E-13  8.1328E-13  1.3391E-12
  3.7139E-07 -1.6506E-13  8.6753E-13  1.4284E-12
  3.8330E-07 -1.7582E-13  9.2406E-13  1.5215E-12
  3.9532E-07 -1.8702E-13  9.8293E-13  1.6184E-12
  4.0745E-07 -1.9868E-13  1.0442E-12  1.7193E-12
  4.1970E-07 -2.1080E-13  1.1079E-12  1.8242E-12
  4.3206E-07 -2.2340E-13  1.1741E-12  1.9332E-12
  4.4453E-07 -2.3648E-13  1.2429E-12  2.0464E-12
  4.5712E-07 -2.5007E-13  1.3143E-12  2.1640E-12
  4.6983E-07 -2.6416E-13  1.3884E-12  2.2860E-12
  4.8265E-07 -2.7878E-13  1.4652E-12  2.4125E-12
  4.9560E-07 -2.9393E-13  1.5448E-12  2.5436E-12
  5.0866E-07 -3.0964E-13  1.6274E-12  2.6795E-12
  5.2185E-07 -3.2590E-13  1.7128E-12  2.8202E-12
  5.3516E-07 -3.4273E-13  1.8013E-12  2.9659E-12
  5.4859E-07 -3.6016E-13  1.8929E-12  3.1167E-12
  5.6215E-07 -3.7818E-13  1.9876E-12  3.2727E-12
  5.7583E-07 -3.9681E-13  2.0855E-12  3.4339E-12
  5.8964E-07 -4.1608E-13  2.1868E-12  3.6006E-12
  6.0358E-07 -4.3598E-13  2.2914E-12  3.7729E-12
  6.1765E-07 -4.5654E-13  2.3995E-12  3.9508E-12
  6.3185E-07 -4.7778E-13  2.5111E-12  4.1346E-12
  6.4619E-07 -4.9970E-13  2.6263E-12  4.3243E-12
  6.6065E-07 -5.2232E-13  2.7452E-12  4.5200E-12
  6.7525E-07 -5.4566E-13  2.8678E-12  4.7220E-12
  6.8999E-07 -5.6974E-13  2.9944E-12  4.9304E-12
  7.0486E-07 -5.9456E-13  3.1249E-12  5.1452E-12
  7.1987E-07 -6.2016E-13  3.2594E-12  5.3667E-12
  7.3502E-07 -6.4654E-13  3.3980E-12  5.5950E-12
  7.5031E-07 -6.7372E-13  3.5409E-12  5.8302E-12
  7.6575E-07 -7.0172E-13  3.6880E-12  6.0725E-12
  7.8133E-07 -7.3056E-13  3.8396E-12  6.3221E-12
  7.9705E-07 -7.6026E-13  3.9957E-12  6.5791E-12
  8.1292E-07 -7.9084E-13  4.1564E-12  6.8437E-12
  8.2893E-07 -8.2231E-13  4.3218E-12  7.1160E-12
  8.4510E-07 -8.5469E-13  4.4920E-12  7.3963E-12
  8.6142E-07 -8.8801E-13  4.6671E-12  7.6846E-12
  8.7788E-07 -9.2229E-13  4.8473E-12  7.9812E-12
  8.9450E-07 -9.5754E-13  5.0325E-12  8.2863E-12
  9.1128E-07 -9.9379E-13  5.2231E-12  8.6000E-12
  9.2821E-07 -1.0311E-12  5.4189E-12  8.9225E-12
  9.4530E-07 -1.0694E-12  5.6203E-12  9.2541E-12
  9.6255E-07 -1.1088E-12  5.8273E-12  9.5949E-12
  9.7995E-07 -1.1492E-12  6.0400E-12  9.9451E-12
  9.9752E-07 -1.1908E-12  6.2585E-12  1.0305E-11
  1.0153E-06 -1.2335E-12  6.4830E-12  1.0675E-11
  1.0332E-06 -1.2774E-12  6.7136E-12  1.1054E-11
  1.0512E-06 -1.3225E-12  6.9504E-12  1.1444E-11
  1.0695E-06 -1.3687E-12  7.1936E-12  1.1845E-11
  1.0879E-06 -1.4162E-12  7.4433E-12  1.2256E-11
  1.1064E-06 -1.4650E-12  7.6996E-12  1.2678E-11
  1.1252E-06 -1.5151E-12  7.9627E-12  1.3111E-11
  1.1441E-06 -1.5665E-12  8.2328E-12  1.3556E-11
  1.1632E-06 -1.6192E-12  8.5099E-12  1.4012E-11
  1.1825E-06 -1.6733E-12  8.7943E-12  1.4480E-11
  1.2019E-06 -1.7288E-12  9.0860E-12  1.4961E-11
  1.2216E-06 -1.7857E-12  9.3853E-12  1.5453E-11
  1.2414E-06 -1.8442E-12  9.6923E-12  1.5959E-11
  1.2614E-06 -1.9041E-12  1.0007E-11  1.6477E-11
  1.2816E-06 -1.9655E-12  1.0330E-11  1.7009E-11
  1.3019E-06 -2.0285E-12  1.0661E-11  1.7554E-11
  1.3225E-06 -2.0931E-12  1.1001E-11  1.8113E-11
  1.3433E-06 -2.1593E-12  1.1349E-11  1.8686E-11
  1.3642E-06 -2.2272E-12  1.1705E-11  1.9273E-11
  1.3854E-06 -2.2967E-12  1.2071E-11  1.9875E-11
  1.4067E-06 -2.3680E-12  1.2446E-11  2.0492E-11
  1.4282E-06 -2.4411E-12  1.2830E-11  2.1125E-11
  1.4500E-06 -2.5160E-12  1.3223E-11  2.1773E-11
  1.4719E-06 -2.5927E-12  1.3627E-11  2.2437E-11
  1.4941E-06 -2.6713E-12  1.4040E-11  2.3117E-11
  1.5164E-06 -2.7519E-12  1.4463E-11  2.3814E-11
  1.5390E-06 -2.8343E-12  1.4896E-11  2.4528E-11
  1.5617E-06 -2.9188E-12  1.5340E-11  2.5259E-11
  1.5847E-06 -3.0054E-12  1.5795E-11  2.6007E-11
  1.6079E-06 -3.0940E-12  1.6261E-11  2.6774E-11
  1.6313E-06 -3.1847E-12  1.6738E-11  2.7560E-11
  1.6550E-06 -3.2777E-12  1.7226E-11  2.8364E-11
  1.6788E-06 -3.3728E-12  1.7726E-11  2.9187E-11
  1.7029E-06 -3.4702E-12  1.8238E-11  3.0030E-11
  1.7272E-06 -3.5699E-12  1.8762E-11  3.0893E-11
  1.7517E-06 -3.6720E-12  1.9299E-11  3.1776E-11
  1.7764E-06 -3.7765E-12  1.9848E-11  3.2681E-11
  1.8014E-06 -3.8834E-12  2.0410E-11  3.3606E-11
  1.8266E-06 -3.9929E-12  2.0985E-11  3.4553E-11
  1.8521E-06 -4.1049E-12  2.1574E-11  3.5523E-11
  1.8777E-06 -4.2196E-12  2.2177E-11  3.6515E-11
  1.9037E-06 -4.3369E-12  2.2793E-11  3.7530E-11
  1.9298E-06 -4.4569E-12  2.3424E-11  3.8568E-11
  1.9562E-06 -4.5797E-12  2.4069E-11  3.9631E-11
  1.9829E-06 -4.7053E-12  2.4729E-11  4.0718E-11
  2.0098E-06 -4.8338E-12  2.5405E-11  4.1830E-11
  2.0369E-06 -4.9653E-12  2.6096E-11  4.2968E-11
  2.0643E-06 -5.0998E-12  2.6803E-11  4.4132E-11
  2.0920E-06 -5.2373E-12  2.7526E-11  4.5322E-11
  2.1199E-06 -5.3780E-12  2.8265E-11  4.6540E-11
  2.1481E-06 -5.5219E-12  2.9021E-11  4.7785E-11
  2.1765E-06 -5.6691E-12  2.9795E-11  4.9058E-11
  2.2052E-06 -5.8196E-12  3.0586E-11  5.0361E-11
  2.2342E-06 -5.9735E-12  3.1394E-11  5.1692E-11
  2.2634E-06 -6.1308E-12  3.2221E-11  5.3054E-11
  2.2929E-06 -6.2917E-12  3.3067E-11  5.4446E-11
  2.3227E-06 -6.4562E-12  3.3932E-11  5.5870E-11
  2.3528E-06 -6.6244E-12  3.4816E-11  5.7325E-11
  2.3831E-06 -6.7963E-12  3.5719E-11  5.8813E-11
  2.4137E-06 -6.9721E-12  3.6643E-11  6.0334E-11
  2.4446E-06 -7.1518E-12  3.7587E-11  6.1889E-11
  2.4758E-06 -7.3355E-12  3.8553E-11  6.3479E-11
  2.5073E-06 -7.5232E-12  3.9539E-11  6.5103E-11
  2.5391E-06 -7.7151E-12  4.0548E-11  6.6764E-11
  2.5711E-06 -7.9112E-12  4.1579E-11  6.8461E-11
  2.6035E-06 -8.1117E-12  4.2632E-11  7.0196E-11
  2.6362E-06 -8.3166E-12  4.3709E-11  7.1969E-11
  2.6692E-06 -8.5259E-12  4.4809E-11  7.3780E-11
  2.7024E-06 -8.7399E-12  4.5934E-11  7.5632E-11
  2.7360E-06 -8.9585E-12  4.7083E-11  7.7523E-11
  2.7699E-06 -9.1819E-12  4.8257E-11  7.9457E-11
  2.8042E-06 -9.4101E-12  4.9456E-11  8.1432E-11
  2.8387E-06 -9.6433E-12  5.0682E-11  8.3450E-11
  2.8735E-06 -9.8816E-12  5.1934E-11  8.5512E-11
  2.9087E-06 -1.0125E-11  5.3214E-11  8.7619E-11
  2.9442E-06 -1.0374E-11  5.4521E-11  8.9771E-11
  2.9801E-06 -1.0628E-11  5.5856E-11  9.1970E-11
  3.0162E-06 -1.0887E-11  5.7221E-11  9.4216E-11
  3.0528E-06 -1.1153E-11  5.8614E-11  9.6511E-11
  3.0896E-06 -1.1424E-11  6.0038E-11  9.8855E-11
  3.1268E-06 -1.1700E-11  6.1492E-11  1.0125E-10
  3.1643E-06 -1.1983E-11  6.2977E-11  1.0369E-10
  3.2022E-06 -1.2271E-11  6.4494E-11  1.0619E-10
  3.2405E-06 -1.2566E-11  6.6044E-11  1.0874E-10
  3.2791E-06 -1.2867E-11  6.7626E-11  1.1135E-10
  3.3180E-06 -1.3175E-11  6.9243E-11  1.1401E-10
  3.3573E-06 -1.3489E-11  7.0893E-11  1.1673E-10
  3.3970E-06 -1.3810E-11  7.2579E-11  1.1950E-10
  3.4371E-06 -1.4137E-11  7.4301E-11  1.2234E-10
  3.4775E-06 -1.4472E-11  7.6058E-11  1.2523E-10
  3.5183E-06 -1.4813E-11  7.7854E-11  1.2819E-10
  3.5595E-06 -1.5162E-11  7.9687E-11  1.3121E-10
  3.6010E-06 -1.5518E-11  8.1559E-11  1.3429E-10
  3.6430E-06 -1.5882E-11  8.3470E-11  1.3744E-10
  3.6853E-06 -1.6253E-11  8.5421E-11  1.4065E-10
  3.7280E-06 -1.6632E-11  8.7414E-11  1.4393E-10
  3.7712E-06 -1.7019E-11  8.9448E-11  1.4728E-10
  3.8147E-06 -1.7415E-11  9.1525E-11  1.5070E-10
  3.8586E-06 -1.7818E-11  9.3645E-11  1.5419E-10
  3.9030E-06 -1.8230E-11  9.5810E-11  1.5775E-10
  3.9477E-06 -1.8651E-11  9.8020E-11  1.6139E-10
  3.9929E-06 -1.9080E-11  1.0028E-10  1.6511E-10
  4.0385E-06 -1.9518E-11  1.0258E-10  1.6890E-10
  4.0845E-06 -1.9965E-11  1.0493E-10  1.7277E-10
  4.1310E-06 -2.0422E-11  1.0733E-10  1.7672E-10
  4.1779E-06 -2.0888E-11  1.0978E-10  1.8076E-10
  4.2252E-06 -2.1364E-11  1.1228E-10  1.8487E-10
  4.2729E-06 -2.1850E-11  1.1483E-10  1.8908E-10
  4.3211E-06 -2.2345E-11  1.1744E-10  1.9337E-10
  4.3698E-06 -2.2851E-11  1.2010E-10  1.9774E-10
  4.4189E-06 -2.3368E-11  1.2281E-10  2.0221E-10
  4.4684E-06 -2.3895E-11  1.2558E-10  2.0677E-10
  4.5184E-06 -2.4433E-11  1.2841E-10  2.1143E-10
  4.5689E-06 -2.4982E-11  1.3129E-10  2.1618E-10
  4.6199E-06 -2.5542E-11  1.3424E-10  2.2103E-10
  4.6713E-06 -2.6114E-11  1.3724E-10  2.2598E-10
  4.7232E-06 -2.6697E-11  1.4031E-10  2.3102E-10
  4.7756E-06 -2.7293E-11  1.4344E-10  2.3618E-10
  4.8285E-06 -2.7900E-11  1.4663E-10  2.4144E-10
  4.8818E-06 -2.8520E-11  1.4989E-10  2.4680E-10
  4.9357E-06 -2.9153E-11  1.5322E-10  2.5228E-10
  4.9900E-06 -2.9799E-11  1.5661E-10  2.5787E-10
  5.0449E-06 -3.0458E-11  1.6007E-10  2.6357E-10
  5.1003E-06 -3.1130E-11  1.6361E-10  2.6939E-10
  5.1562E-06 -3.1816E-11  1.6721E-10  2.7532E-10
  5.2126E-06 -3.2516E-11  1.7089E-10  2.8138E-10
  5.2695E-06 -3.3230E-11  1.7465E-10  2.8756E-10
  5.3270E-06 -3.3959E-11  1.7848E-10  2.9387E-10
  5.3850E-06 -3.4703E-11  1.8238E-10  3.0030E-10
  5.4435E-06 -3.5461E-11  1.8637E-10  3.0687E-10
  5.5026E-06 -3.6235E-11  1.9044E-10  3.1356E-10
  5.5623E-06 -3.7025E-11  1.9459E-10  3.2040E-10
  5.6224E-06 -3.7831E-11  1.9882E-10  3.2737E-10
  5.6832E-06 -3.8653E-11  2.0314E-10  3.3448E-10
  5.7445E-06 -3.9491E-11  2.0755E-10  3.4174E-10
  5.8064E-06 -4.0347E-11  2.1204E-10  3.4914E-10
  5.8689E-06 -4.1219E-11  2.1663E-10  3.5669E-10
  5.9319E-06 -4.2110E-11  2.2131E-10  3.6439E-10
  5.9955E-06 -4.3018E-11  2.2608E-10  3.7225E-10
  6.0597E-06 -4.3944E-11  2.3095E-10  3.8027E-10
  6.1246E-06 -4.4889E-11  2.3592E-10  3.8845E-10
  6.1900E-06 -4.5853E-11  2.4099E-10  3.9679E-10
  6.2560E-06 -4.6837E-11  2.4615E-10  4.0530E-10
  6.3227E-06 -4.7840E-11  2.5143E-10  4.1398E-10
  6.3899E-06 -4.8863E-11  2.5680E-10  4.2284E-10
  6.4578E-06 -4.9907E-11  2.6229E-10  4.3187E-10
  6.5263E-06 -5.0972E-11  2.6788E-10  4.4108E-10
  6.5955E-06 -5.2058E-11  2.7359E-10  4.5048E-10
  6.6653E-06 -5.3166E-11  2.7941E-10  4.6007E-10
  6.7357E-06 -5.4295E-11  2.8535E-10  4.6984E-10
  6.8068E-06 -5.5448E-11  2.9141E-10  4.7981E-10
  6.8786E-06 -5.6623E-11  2.9758E-10  4.8998E-10
  6.9510E-06 -5.7822E-11  3.0388E-10  5.0036E-10
  7.0241E-06 -5.9045E-11  3.1031E-10  5.1094E-10
  7.0979E-06 -6.0292E-11  3.1686E-10  5.2173E-10
  7.1724E-06 -6.1563E-11  3.2355E-10  5.3273E-10
  7.2476E-06 -6.2860E-11  3.3036E-10  5.4396E-10
  7.3234E-06 -6.4183E-11  3.3732E-10  5.5541E-10
  7.4000E-06 -6.5533E-11  3.4441E-10  5.6708E-10
  7.4773E-06 -6.6908E-11  3.5164E-10  5.7899E-10
  7.5553E-06 -6.8312E-11  3.5901E-10  5.9113E-10
  7.6340E-06 -6.9743E-11  3.6653E-10  6.0351E-10
  7.7135E-06 -7.1202E-11  3.7420E-10  6.1614E-10
  7.7937E-06 -7.2690E-11  3.8203E-10  6.2902E-10
  7.8746E-06 -7.4208E-11  3.9000E-10  6.4215E-10
  7.9563E-06 -7.5756E-11  3.9814E-10  6.5555E-10
  8.0388E-06 -7.7334E-11  4.0643E-10  6.6920E-10
  8.1220E-06 -7.8944E-11  4.1489E-10  6.8313E-10
  8.2060E-06 -8.0585E-11  4.2352E-10  6.9733E-10
  8.2908E-06 -8.2259E-11  4.3231E-10  7.1182E-10
  8.3763E-06 -8.3966E-11  4.4128E-10  7.2659E-10
  8.4627E-06 -8.5706E-11  4.5043E-10  7.4165E-10
  8.5499E-06 -8.7481E-11  4.5975E-10  7.5700E-10
  8.6378E-06 -8.9290E-11  4.6926E-10  7.7266E-10
  8.7266E-06 -9.1135E-11  4.7896E-10  7.8863E-10
  8.8163E-06 -9.3017E-11  4.8885E-10  8.0491E-10
  8.9067E-06 -9.4935E-11  4.9893E-10  8.2151E-10
  8.9980E-06 -9.6892E-11  5.0921E-10  8.3844E-10
  9.0902E-06 -9.8886E-11  5.1970E-10  8.5570E-10
  9.1832E-06 -1.0092E-10  5.3038E-10  8.7330E-10
  9.2770E-06 -1.0299E-10  5.4128E-10  8.9124E-10
  9.3718E-06 -1.0511E-10  5.5239E-10  9.0954E-10
  9.4674E-06 -1.0726E-10  5.6372E-10  9.2819E-10
  9.5639E-06 -1.0946E-10  5.7527E-10  9.4721E-10
  9.6613E-06 -1.1170E-10  5.8705E-10  9.6660E-10
  9.7596E-06 -1.1399E-10  5.9906E-10  9.8637E-10
  9.8589E-06 -1.1632E-10  6.1130E-10  1.0065E-09
  9.9590E-06 -1.1869E-10  6.2379E-10  1.0271E-09
  1.0060E-05 -1.2111E-10  6.3651E-10  1.0480E-09
  1.0162E-05 -1.2358E-10  6.4949E-10  1.0694E-09
  1.0265E-05 -1.2610E-10  6.6272E-10  1.0912E-09
  1.0369E-05 -1.2867E-10  6.7621E-10  1.1134E-09
  1.0474E-05 -1.3128E-10  6.8996E-10  1.1360E-09
  1.0580E-05 -1.3395E-10  7.0397E-10  1.1591E-09
  1.0687E-05 -1.3667E-10  7.1827E-10  1.1827E-09
  1.0795E-05 -1.3944E-10  7.3284E-10  1.2066E-09
  1.0903E-05 -1.4227E-10  7.4769E-10  1.2311E-09
  1.1013E-05 -1.4515E-10  7.6284E-10  1.2560E-09
  1.1124E-05 -1.4809E-10  7.7827E-10  1.2815E-09
  1.1236E-05 -1.5108E-10  7.9401E-10  1.3074E-09
  1.1349E-05 -1.5414E-10  8.1006E-10  1.3338E-09
  1.1463E-05 -1.5725E-10  8.2641E-10  1.3607E-09
  1.1578E-05 -1.6042E-10  8.4309E-10  1.3882E-09
  1.1694E-05 -1.6366E-10  8.6009E-10  1.4162E-09
  1.1811E-05 -1.6696E-10  8.7742E-10  1.4447E-09
  1.1930E-05 -1.7032E-10  8.9508E-10  1.4738E-09
  1.2049E-05 -1.7374E-10  9.1309E-10  1.5034E-09
  1.2170E-05 -1.7724E-10  9.3145E-10  1.5337E-09
  1.2291E-05 -1.8080E-10  9.5016E-10  1.5645E-09
  1.2414E-05 -1.8443E-10  9.6924E-10  1.5959E-09
  1.2538E-05 -1.8813E-10  9.8869E-10  1.6279E-09
  1.2663E-05 -1.9190E-10  1.0085E-09  1.6605E-09
  1.2789E-05 -1.9574E-10  1.0287E-09  1.6938E-09
  1.2917E-05 -1.9966E-10  1.0493E-09  1.7277E-09
  1.3045E-05 -2.0366E-10  1.0703E-09  1.7623E-09
  1.3175E-05 -2.0773E-10  1.0917E-09  1.7975E-09
  1.3306E-05 -2.1188E-10  1.1135E-09  1.8335E-09
  1.3438E-05 -2.1612E-10  1.1358E-09  1.8701E-09
  1.3572E-05 -2.2043E-10  1.1584E-09  1.9074E-09
  1.3706E-05 -2.2483E-10  1.1815E-09  1.9454E-09
  1.3842E-05 -2.2931E-10  1.2051E-09  1.9842E-09
  1.3980E-05 -2.3388E-10  1.2291E-09  2.0237E-09
  1.4118E-05 -2.3853E-10  1.2536E-09  2.0640E-09
  1.4258E-05 -2.4328E-10  1.2785E-09  2.1051E-09
  1.4399E-05 -2.4812E-10  1.3039E-09  2.1470E-09
  1.4541E-05 -2.5305E-10  1.3298E-09  2.1896E-09
  1.4685E-05 -2.5807E-10  1.3563E-09  2.2331E-09
  1.4830E-05 -2.6320E-10  1.3832E-09  2.2775E-09
  1.4976E-05 -2.6842E-10  1.4106E-09  2.3226E-09
  1.5124E-05 -2.7374E-10  1.4386E-09  2.3687E-09
  1.5273E-05 -2.7917E-10  1.4671E-09  2.4156E-09
  1.5424E-05 -2.8469E-10  1.4962E-09  2.4635E-09
  1.5576E-05 -2.9033E-10  1.5258E-09  2.5122E-09
  1.5729E-05 -2.9607E-10  1.5560E-09  2.5619E-09
  1.5884E-05 -3.0193E-10  1.5867E-09  2.6126E-09
  1.6040E-05 -3.0790E-10  1.6181E-09  2.6642E-09
  1.6198E-05 -3.1398E-10  1.6500E-09  2.7168E-09
  1.6357E-05 -3.2018E-10  1.6826E-09  2.7705E-09
  1.6517E-05 -3.2649E-10  1.7158E-09  2.8251E-09
  1.6679E-05 -3.3293E-10  1.7497E-09  2.8809E-09
  1.6843E-05 -3.3950E-10  1.7841E-09  2.9376E-09
  1.7008E-05 -3.4618E-10  1.8193E-09  2.9955E-09
  1.7175E-05 -3.5300E-10  1.8551E-09  3.0545E-09
  1.7343E-05 -3.5995E-10  1.8916E-09  3.1146E-09
  1.7513E-05 -3.6703E-10  1.9288E-09  3.1759E-09
  1.7684E-05 -3.7425E-10  1.9668E-09  3.2383E-09
  1.7857E-05 -3.8160E-10  2.0054E-09  3.3020E-09
  1.8032E-05 -3.8910E-10  2.0448E-09  3.3668E-09
  1.8208E-05 -3.9674E-10  2.0850E-09  3.4330E-09
  1.8386E-05 -4.0453E-10  2.1259E-09  3.5003E-09
  1.8565E-05 -4.1246E-10  2.1676E-09  3.5690E-09
  1.8746E-05 -4.2055E-10  2.2101E-09  3.6390E-09
  1.8929E-05 -4.2879E-10  2.2534E-09  3.7103E-09
  1.9113E-05 -4.3719E-10  2.2975E-09  3.7830E-09
  1.9300E-05 -4.4575E-10  2.3425E-09  3.8570E-09
  1.9488E-05 -4.5448E-10  2.3884E-09  3.9325E-09
  1.9677E-05 -4.6337E-10  2.4351E-09  4.0095E-09
  1.9869E-05 -4.7243E-10  2.4827E-09  4.0879E-09
  2.0062E-05 -4.8167E-10  2.5313E-09  4.1678E-09
  2.0257E-05 -4.9108E-10  2.5807E-09  4.2492E-09
  2.0454E-05 -5.0067E-10  2.6311E-09  4.3322E-09
  2.0653E-05 -5.1044E-10  2.6825E-09  4.4168E-09
  2.0853E-05 -5.2040E-10  2.7348E-09  4.5029E-09
  2.1056E-05 -5.3056E-10  2.7882E-09  4.5908E-09
  2.1260E-05 -5.4090E-10  2.8425E-09  4.6803E-09
  2.1466E-05 -5.5145E-10  2.8979E-09  4.7715E-09
  2.1674E-05 -5.6219E-10  2.9544E-09  4.8645E-09
  2.1884E-05 -5.7314E-10  3.0119E-09  4.9592E-09
  2.2096E-05 -5.8430E-10  3.0706E-09  5.0558E-09
  2.2310E-05 -5.9567E-10  3.1303E-09  5.1541E-09
  2.2526E-05 -6.0726E-10  3.1912E-09  5.2544E-09
  2.2744E-05 -6.1906E-10  3.2533E-09  5.3566E-09
  2.2964E-05 -6.3110E-10  3.3165E-09  5.4607E-09
  2.3186E-05 -6.4336E-10  3.3809E-09  5.5668E-09
  2.3410E-05 -6.5586E-10  3.4466E-09  5.6749E-09
  2.3637E-05 -6.6859E-10  3.5135E-09  5.7851E-09
  2.3865E-05 -6.8157E-10  3.5817E-09  5.8974E-09
  2.4095E-05 -6.9480E-10  3.6512E-09  6.0118E-09
  2.4328E-05 -7.0827E-10  3.7220E-09  6.1284E-09
  2.4563E-05 -7.2201E-10  3.7942E-09  6.2472E-09
  2.4800E-05 -7.3600E-10  3.8678E-09  6.3683E-09
  2.5039E-05 -7.5026E-10  3.9427E-09  6.4917E-09
  2.5280E-05 -7.6480E-10  4.0191E-09  6.6175E-09
  2.5524E-05 -7.7961E-10  4.0969E-09  6.7456E-09
  2.5769E-05 -7.9470E-10  4.1762E-09  6.8762E-09
  2.6018E-05 -8.1008E-10  4.2570E-09  7.0092E-09
  2.6268E-05 -8.2575E-10  4.3393E-09  7.1448E-09
  2.6521E-05 -8.4171E-10  4.4232E-09  7.2829E-09
  2.6776E-05 -8.5799E-10  4.5087E-09  7.4237E-09
  2.7033E-05 -8.7457E-10  4.5959E-09  7.5672E-09
  2.7293E-05 -8.9147E-10  4.6847E-09  7.7134E-09
  2.7556E-05 -9.0868E-10  4.7751E-09  7.8623E-09
  2.7820E-05 -9.2623E-10  4.8673E-09  8.0141E-09
  2.8088E-05 -9.4411E-10  4.9613E-09  8.1688E-09
  2.8357E-05 -9.6232E-10  5.0570E-09  8.3264E-09
  2.8629E-05 -9.8089E-10  5.1545E-09  8.4870E-09
  2.8904E-05 -9.9980E-10  5.2539E-09  8.6507E-09
  2.9181E-05 -1.0191E-09  5.3552E-09  8.8175E-09
  2.9461E-05 -1.0387E-09  5.4584E-09  8.9874E-09
  2.9744E-05 -1.0587E-09  5.5636E-09  9.1605E-09
  3.0029E-05 -1.0791E-09  5.6708E-09  9.3370E-09
  3.0317E-05 -1.0999E-09  5.7800E-09  9.5168E-09
  3.0607E-05 -1.1211E-09  5.8912E-09  9.7000E-09
  3.0900E-05 -1.1427E-09  6.0046E-09  9.8866E-09
  3.1196E-05 -1.1646E-09  6.1201E-09  1.0077E-08
  3.1495E-05 -1.1870E-09  6.2378E-09  1.0271E-08
  3.1796E-05 -1.2099E-09  6.3578E-09  1.0468E-08
  3.2100E-05 -1.2331E-09  6.4800E-09  1.0669E-08
  3.2407E-05 -1.2568E-09  6.6045E-09  1.0874E-08
  3.2717E-05 -1.2810E-09  6.7314E-09  1.1083E-08
  3.3030E-05 -1.3056E-09  6.8607E-09  1.1296E-08
  3.3346E-05 -1.3307E-09  6.9925E-09  1.1513E-08
  3.3664E-05 -1.3562E-09  7.1267E-09  1.1734E-08
  3.3986E-05 -1.3823E-09  7.2635E-09  1.1959E-08
  3.4310E-05 -1.4088E-09  7.4029E-09  1.2189E-08
  3.4638E-05 -1.4358E-09  7.5449E-09  1.2423E-08
  3.4969E-05 -1.4633E-09  7.6896E-09  1.2661E-08
  3.5302E-05 -1.4914E-09  7.8371E-09  1.2904E-08
  3.5639E-05 -1.5200E-09  7.9873E-09  1.3151E-08
  3.5979E-05 -1.5491E-09  8.1404E-09  1.3403E-08
  3.6322E-05 -1.5788E-09  8.2964E-09  1.3660E-08
  3.6668E-05 -1.6091E-09  8.4553E-09  1.3922E-08
  3.7018E-05 -1.6399E-09  8.6173E-09  1.4188E-08
  3.7371E-05 -1.6713E-09  8.7823E-09  1.4460E-08
  3.7727E-05 -1.7033E-09  8.9504E-09  1.4737E-08
  3.8086E-05 -1.7359E-09  9.1217E-09  1.5019E-08
  3.8449E-05 -1.7691E-09  9.2962E-09  1.5306E-08
  3.8815E-05 -1.8030E-09  9.4741E-09  1.5599E-08
  3.9184E-05 -1.8375E-09  9.6553E-09  1.5897E-08
  3.9557E-05 -1.8726E-09  9.8399E-09  1.6201E-08
  3.9934E-05 -1.9084E-09  1.0028E-08  1.6511E-08
  4.0313E-05 -1.9449E-09  1.0220E-08  1.6827E-08
  4.0697E-05 -1.9820E-09  1.0415E-08  1.7148E-08
  4.1084E-05 -2.0199E-09  1.0614E-08  1.7476E-08
  4.1474E-05 -2.0585E-09  1.0817E-08  1.7810E-08
  4.1869E-05 -2.0978E-09  1.1023E-08  1.8150E-08
  4.2266E-05 -2.1379E-09  1.1234E-08  1.8496E-08
  4.2668E-05 -2.1787E-09  1.1448E-08  1.8850E-08
  4.3073E-05 -2.2203E-09  1.1667E-08  1.9209E-08
  4.3482E-05 -2.2627E-09  1.1889E-08  1.9576E-08
  4.3895E-05 -2.3058E-09  1.2116E-08  1.9949E-08
  4.4312E-05 -2.3498E-09  1.2347E-08  2.0330E-08
  4.4733E-05 -2.3946E-09  1.2583E-08  2.0718E-08
  4.5157E-05 -2.4403E-09  1.2823E-08  2.1113E-08
  4.5586E-05 -2.4868E-09  1.3067E-08  2.1515E-08
  4.6018E-05 -2.5342E-09  1.3316E-08  2.1925E-08
  4.6455E-05 -2.5825E-09  1.3570E-08  2.2343E-08
  4.6895E-05 -2.6318E-09  1.3829E-08  2.2769E-08
  4.7340E-05 -2.6819E-09  1.4092E-08  2.3203E-08
  4.7788E-05 -2.7330E-09  1.4360E-08  2.3644E-08
  4.8241E-05 -2.7850E-09  1.4634E-08  2.4095E-08
  4.8698E-05 -2.8381E-09  1.4913E-08  2.4553E-08
  4.9160E-05 -2.8921E-09  1.5196E-08  2.5021E-08
  4.9626E-05 -2.9472E-09  1.5486E-08  2.5497E-08
  5.0096E-05 -3.0033E-09  1.5780E-08  2.5982E-08
  5.0570E-05 -3.0604E-09  1.6081E-08  2.6477E-08
  5.1049E-05 -3.1186E-09  1.6387E-08  2.6980E-08
  5.1532E-05 -3.1780E-09  1.6698E-08  2.7494E-08
  5.2020E-05 -3.2384E-09  1.7016E-08  2.8016E-08
  5.2512E-05 -3.3000E-09  1.7339E-08  2.8549E-08
  5.3009E-05 -3.3627E-09  1.7669E-08  2.9092E-08
  5.3510E-05 -3.4267E-09  1.8005E-08  2.9645E-08
  5.4017E-05 -3.4918E-09  1.8347E-08  3.0208E-08
  5.4527E-05 -3.5581E-09  1.8696E-08  3.0782E-08
  5.5043E-05 -3.6258E-09  1.9051E-08  3.1367E-08
  5.5564E-05 -3.6946E-09  1.9413E-08  3.1963E-08
  5.6089E-05 -3.7648E-09  1.9781E-08  3.2570E-08
  5.6619E-05 -3.8363E-09  2.0157E-08  3.3188E-08
  5.7154E-05 -3.9092E-09  2.0540E-08  3.3819E-08
  5.7694E-05 -3.9834E-09  2.0930E-08  3.4461E-08
  5.8239E-05 -4.0590E-09  2.1327E-08  3.5115E-08
  5.8789E-05 -4.1361E-09  2.1732E-08  3.5781E-08
  5.9344E-05 -4.2146E-09  2.2144E-08  3.6460E-08
  5.9905E-05 -4.2945E-09  2.2564E-08  3.7152E-08
  6.0471E-05 -4.3760E-09  2.2992E-08  3.7857E-08
  6.1041E-05 -4.4590E-09  2.3429E-08  3.8575E-08
  6.1618E-05 -4.5436E-09  2.3873E-08  3.9306E-08
  6.2199E-05 -4.6298E-09  2.4326E-08  4.0052E-08
  6.2786E-05 -4.7176E-09  2.4787E-08  4.0811E-08
  6.3379E-05 -4.8070E-09  2.5257E-08  4.1585E-08
  6.3977E-05 -4.8982E-09  2.5735E-08  4.2373E-08
  6.4580E-05 -4.9910E-09  2.6223E-08  4.3176E-08
  6.5189E-05 -5.0856E-09  2.6720E-08  4.3994E-08
  6.5804E-05 -5.1820E-09  2.7226E-08  4.4827E-08
  6.6424E-05 -5.2802E-09  2.7742E-08  4.5677E-08
  6.7051E-05 -5.3802E-09  2.8268E-08  4.6542E-08
  6.7683E-05 -5.4821E-09  2.8803E-08  4.7423E-08
  6.8321E-05 -5.5860E-09  2.9348E-08  4.8321E-08
  6.8965E-05 -5.6917E-09  2.9904E-08  4.9236E-08
  6.9615E-05 -5.7995E-09  3.0470E-08  5.0169E-08
  7.0270E-05 -5.9093E-09  3.1047E-08  5.1118E-08
  7.0933E-05 -6.0212E-09  3.1635E-08  5.2086E-08
  7.1601E-05 -6.1352E-09  3.2234E-08  5.3072E-08
  7.2275E-05 -6.2513E-09  3.2844E-08  5.4076E-08
  7.2956E-05 -6.3696E-09  3.3465E-08  5.5099E-08
  7.3643E-05 -6.4901E-09  3.4098E-08  5.6141E-08
  7.4336E-05 -6.6129E-09  3.4743E-08  5.7203E-08
  7.5036E-05 -6.7380E-09  3.5400E-08  5.8285E-08
  7.5742E-05 -6.8655E-09  3.6070E-08  5.9388E-08
  7.6455E-05 -6.9953E-09  3.6752E-08  6.0511E-08
  7.7175E-05 -7.1276E-09  3.7447E-08  6.1655E-08
  7.7901E-05 -7.2624E-09  3.8155E-08  6.2820E-08
  7.8634E-05 -7.3997E-09  3.8876E-08  6.4008E-08
  7.9374E-05 -7.5396E-09  3.9611E-08  6.5218E-08
  8.0121E-05 -7.6822E-09  4.0360E-08  6.6450E-08
  8.0874E-05 -7.8274E-09  4.1122E-08  6.7706E-08
  8.1635E-05 -7.9753E-09  4.1899E-08  6.8985E-08
  8.2403E-05 -8.1260E-09  4.2691E-08  7.0289E-08
  8.3178E-05 -8.2795E-09  4.3497E-08  7.1617E-08
  8.3960E-05 -8.4360E-09  4.4319E-08  7.2969E-08
  8.4749E-05 -8.5954E-09  4.5156E-08  7.4348E-08
  8.5546E-05 -8.7577E-09  4.6009E-08  7.5752E-08
  8.6350E-05 -8.9231E-09  4.6878E-08  7.7182E-08
  8.7162E-05 -9.0917E-09  4.7763E-08  7.8639E-08
  8.7981E-05 -9.2633E-09  4.8665E-08  8.0124E-08
  8.8807E-05 -9.4383E-09  4.9583E-08  8.1637E-08
  8.9642E-05 -9.6165E-09  5.0519E-08  8.3178E-08
  9.0484E-05 -9.7980E-09  5.1473E-08  8.4748E-08
  9.1334E-05 -9.9830E-09  5.2444E-08  8.6347E-08
  9.2192E-05 -1.0171E-08  5.3434E-08  8.7976E-08
  9.3058E-05 -1.0363E-08  5.4442E-08  8.9636E-08
  9.3932E-05 -1.0559E-08  5.5470E-08  9.1328E-08
  9.4814E-05 -1.0758E-08  5.6516E-08  9.3050E-08
  9.5705E-05 -1.0961E-08  5.7582E-08  9.4806E-08
  9.6603E-05 -1.1168E-08  5.8668E-08  9.6594E-08
  9.7510E-05 -1.1379E-08  5.9775E-08  9.8416E-08
  9.8425E-05 -1.1593E-08  6.0902E-08  1.0027E-07
  9.9349E-05 -1.1812E-08  6.2051E-08  1.0216E-07
  1.0028E-04 -1.2035E-08  6.3221E-08  1.0409E-07
  1.0122E-04 -1.2262E-08  6.4413E-08  1.0605E-07
  1.0217E-04 -1.2493E-08  6.5627E-08  1.0805E-07
  1.0313E-04 -1.2729E-08  6.6864E-08  1.1009E-07
  1.0410E-04 -1.2968E-08  6.8124E-08  1.1216E-07
  1.0508E-04 -1.3213E-08  6.9408E-08  1.1428E-07
  1.0606E-04 -1.3462E-08  7.0716E-08  1.1643E-07
  1.0706E-04 -1.3716E-08  7.2049E-08  1.1862E-07
  1.0806E-04 -1.3974E-08  7.3407E-08  1.2086E-07
  1.0907E-04 -1.4238E-08  7.4790E-08  1.2314E-07
  1.1010E-04 -1.4506E-08  7.6199E-08  1.2546E-07
  1.1113E-04 -1.4779E-08  7.7634E-08  1.2782E-07
  1.1217E-04 -1.5058E-08  7.9097E-08  1.3023E-07
  1.1322E-04 -1.5342E-08  8.0586E-08  1.3268E-07
  1.1429E-04 -1.5631E-08  8.2104E-08  1.3518E-07
  1.1536E-04 -1.5925E-08  8.3650E-08  1.3772E-07
  1.1644E-04 -1.6225E-08  8.5226E-08  1.4032E-07
  1.1753E-04 -1.6531E-08  8.6830E-08  1.4296E-07
  1.1863E-04 -1.6842E-08  8.8465E-08  1.4565E-07
  1.1974E-04 -1.7159E-08  9.0131E-08  1.4839E-07
  1.2087E-04 -1.7482E-08  9.1828E-08  1.5119E-07
  1.2200E-04 -1.7811E-08  9.3556E-08  1.5403E-07
  1.2314E-04 -1.8147E-08  9.5317E-08  1.5693E-07
  1.2429E-04 -1.8488E-08  9.7111E-08  1.5988E-07
  1.2546E-04 -1.8836E-08  9.8939E-08  1.6289E-07
  1.2663E-04 -1.9191E-08  1.0080E-07  1.6596E-07
  1.2782E-04 -1.9552E-08  1.0270E-07  1.6908E-07
  1.2902E-04 -1.9920E-08  1.0463E-07  1.7226E-07
  1.3023E-04 -2.0295E-08  1.0660E-07  1.7550E-07
  1.3145E-04 -2.0677E-08  1.0860E-07  1.7881E-07
  1.3268E-04 -2.1066E-08  1.1065E-07  1.8217E-07
  1.3392E-04 -2.1463E-08  1.1273E-07  1.8560E-07
  1.3517E-04 -2.1866E-08  1.1485E-07  1.8909E-07
  1.3644E-04 -2.2278E-08  1.1701E-07  1.9264E-07
  1.3772E-04 -2.2697E-08  1.1921E-07  1.9627E-07
  1.3901E-04 -2.3124E-08  1.2145E-07  1.9996E-07
  1.4031E-04 -2.3559E-08  1.2374E-07  2.0372E-07
  1.4162E-04 -2.4002E-08  1.2606E-07  2.0755E-07
  1.4295E-04 -2.4454E-08  1.2843E-07  2.1145E-07
  1.4428E-04 -2.4914E-08  1.3085E-07  2.1542E-07
  1.4564E-04 -2.5382E-08  1.3331E-07  2.1947E-07
  1.4700E-04 -2.5859E-08  1.3581E-07  2.2360E-07
  1.4837E-04 -2.6346E-08  1.3837E-07  2.2780E-07
  1.4976E-04 -2.6841E-08  1.4097E-07  2.3209E-07
  1.5116E-04 -2.7346E-08  1.4362E-07  2.3645E-07
  1.5258E-04 -2.7860E-08  1.4632E-07  2.4089E-07
  1.5401E-04 -2.8384E-08  1.4907E-07  2.4542E-07
  1.5545E-04 -2.8917E-08  1.5187E-07  2.5003E-07
  1.5690E-04 -2.9461E-08  1.5472E-07  2.5473E-07
  1.5837E-04 -3.0015E-08  1.5763E-07  2.5951E-07
  1.5985E-04 -3.0579E-08  1.6059E-07  2.6439E-07
  1.6135E-04 -3.1154E-08  1.6361E-07  2.6936E-07
  1.6285E-04 -3.1739E-08  1.6668E-07  2.7442E-07
  1.6438E-04 -3.2336E-08  1.6981E-07  2.7957E-07
  1.6592E-04 -3.2943E-08  1.7300E-07  2.8482E-07
  1.6747E-04 -3.3562E-08  1.7625E-07  2.9017E-07
  1.6903E-04 -3.4193E-08  1.7956E-07  2.9562E-07
  1.7061E-04 -3.4835E-08  1.8293E-07  3.0117E-07
  1.7221E-04 -3.5490E-08  1.8637E-07  3.0683E-07
  1.7382E-04 -3.6157E-08  1.8987E-07  3.1259E-07
  1.7544E-04 -3.6836E-08  1.9343E-07  3.1846E-07
  1.7708E-04 -3.7528E-08  1.9707E-07  3.2444E-07
  1.7874E-04 -3.8233E-08  2.0077E-07  3.3053E-07
  1.8041E-04 -3.8951E-08  2.0454E-07  3.3674E-07
  1.8210E-04 -3.9683E-08  2.0838E-07  3.4306E-07
  1.8380E-04 -4.0428E-08  2.1229E-07  3.4950E-07
  1.8552E-04 -4.1187E-08  2.1627E-07  3.5606E-07
  1.8725E-04 -4.1961E-08  2.2033E-07  3.6274E-07
  1.8900E-04 -4.2749E-08  2.2447E-07  3.6955E-07
  1.9077E-04 -4.3551E-08  2.2868E-07  3.7649E-07
  1.9255E-04 -4.4369E-08  2.3298E-07  3.8356E-07
  1.9435E-04 -4.5202E-08  2.3735E-07  3.9075E-07
  1.9617E-04 -4.6051E-08  2.4180E-07  3.9809E-07
  1.9800E-04 -4.6916E-08  2.4634E-07  4.0556E-07
  1.9985E-04 -4.7797E-08  2.5096E-07  4.1317E-07
  2.0172E-04 -4.8694E-08  2.5567E-07  4.2092E-07
  2.0360E-04 -4.9608E-08  2.6047E-07  4.2882E-07
  2.0550E-04 -5.0539E-08  2.6536E-07  4.3686E-07
  2.0742E-04 -5.1488E-08  2.7033E-07  4.4506E-07
  2.0936E-04 -5.2455E-08  2.7541E-07  4.5341E-07
  2.1132E-04 -5.3439E-08  2.8057E-07  4.6191E-07
  2.1329E-04 -5.4442E-08  2.8584E-07  4.7058E-07
  2.1528E-04 -5.5464E-08  2.9120E-07  4.7940E-07
  2.1729E-04 -5.6505E-08  2.9666E-07  4.8840E-07
  2.1932E-04 -5.7565E-08  3.0223E-07  4.9756E-07
  2.2137E-04 -5.8646E-08  3.0789E-07  5.0689E-07
  2.2344E-04 -5.9746E-08  3.1367E-07  5.1639E-07
  2.2553E-04 -6.0867E-08  3.1955E-07  5.2608E-07
  2.2763E-04 -6.2009E-08  3.2554E-07  5.3594E-07
  2.2976E-04 -6.3173E-08  3.3165E-07  5.4599E-07
  2.3190E-04 -6.4358E-08  3.3787E-07  5.5623E-07
  2.3407E-04 -6.5566E-08  3.4420E-07  5.6666E-07
  2.3625E-04 -6.6796E-08  3.5066E-07  5.7728E-07
  2.3846E-04 -6.8049E-08  3.5723E-07  5.8811E-07
  2.4069E-04 -6.9325E-08  3.6393E-07  5.9913E-07
  2.4293E-04 -7.0626E-08  3.7075E-07  6.1036E-07
  2.4520E-04 -7.1951E-08  3.7770E-07  6.2181E-07
  2.4749E-04 -7.3300E-08  3.8479E-07  6.3346E-07
  2.4980E-04 -7.4675E-08  3.9200E-07  6.4534E-07
  2.5213E-04 -7.6076E-08  3.9935E-07  6.5743E-07
  2.5449E-04 -7.7503E-08  4.0683E-07  6.6975E-07
  2.5686E-04 -7.8957E-08  4.1446E-07  6.8231E-07
  2.5926E-04 -8.0437E-08  4.2223E-07  6.9510E-07
  2.6168E-04 -8.1946E-08  4.3014E-07  7.0812E-07
  2.6412E-04 -8.3483E-08  4.3820E-07  7.2139E-07
  2.6659E-04 -8.5048E-08  4.4641E-07  7.3491E-07
  2.6907E-04 -8.6643E-08  4.5478E-07  7.4868E-07
  2.7158E-04 -8.8268E-08  4.6330E-07  7.6271E-07
  2.7412E-04 -8.9923E-08  4.7198E-07  7.7700E-07
  2.7668E-04 -9.1609E-08  4.8083E-07  7.9156E-07
  2.7926E-04 -9.3327E-08  4.8984E-07  8.0639E-07
  2.8186E-04 -9.5077E-08  4.9901E-07  8.2150E-07
  2.8449E-04 -9.6859E-08  5.0836E-07  8.3689E-07
  2.8715E-04 -9.8675E-08  5.1789E-07  8.5257E-07
  2.8983E-04 -1.0053E-07  5.2759E-07  8.6854E-07
  2.9253E-04 -1.0241E-07  5.3748E-07  8.8481E-07
  2.9526E-04 -1.0433E-07  5.4754E-07  9.0138E-07
  2.9802E-04 -1.0629E-07  5.5780E-07  9.1826E-07
  3.0080E-04 -1.0828E-07  5.6825E-07  9.3546E-07
  3.0360E-04 -1.1031E-07  5.7889E-07  9.5298E-07
  3.0644E-04 -1.1238E-07  5.8974E-07  9.7083E-07
  3.0929E-04 -1.1448E-07  6.0078E-07  9.8901E-07
  3.1218E-04 -1.1663E-07  6.1203E-07  1.0075E-06
  3.1509E-04 -1.1881E-07  6.2350E-07  1.0264E-06
  3.1803E-04 -1.2104E-07  6.3517E-07  1.0456E-06
  3.2100E-04 -1.2331E-07  6.4707E-07  1.0652E-06
  3.2399E-04 -1.2562E-07  6.5919E-07  1.0851E-06
  3.2701E-04 -1.2797E-07  6.7153E-07  1.1055E-06
  3.3006E-04 -1.3037E-07  6.8411E-07  1.1262E-06
  3.3314E-04 -1.3282E-07  6.9692E-07  1.1473E-06
  3.3625E-04 -1.3530E-07  7.0997E-07  1.1687E-06
  3.3938E-04 -1.3784E-07  7.2326E-07  1.1906E-06
  3.4255E-04 -1.4042E-07  7.3680E-07  1.2129E-06
  3.4574E-04 -1.4305E-07  7.5060E-07  1.2356E-06
  3.4897E-04 -1.4573E-07  7.6465E-07  1.2587E-06
  3.5222E-04 -1.4847E-07  7.7896E-07  1.2823E-06
  3.5551E-04 -1.5125E-07  7.9355E-07  1.3063E-06
  3.5882E-04 -1.5408E-07  8.0840E-07  1.3308E-06
  3.6217E-04 -1.5697E-07  8.2353E-07  1.3557E-06
  3.6554E-04 -1.5991E-07  8.3895E-07  1.3810E-06
  3.6895E-04 -1.6290E-07  8.5465E-07  1.4069E-06
  3.7239E-04 -1.6596E-07  8.7065E-07  1.4332E-06
  3.7586E-04 -1.6907E-07  8.8695E-07  1.4600E-06
  3.7937E-04 -1.7223E-07  9.0355E-07  1.4874E-06
  3.8291E-04 -1.7546E-07  9.2046E-07  1.5152E-06
  3.8648E-04 -1.7875E-07  9.3769E-07  1.5435E-06
  3.9008E-04 -1.8209E-07  9.5523E-07  1.5724E-06
  3.9372E-04 -1.8551E-07  9.7311E-07  1.6019E-06
  3.9739E-04 -1.8898E-07  9.9132E-07  1.6318E-06
  4.0109E-04 -1.9252E-07  1.0099E-06  1.6624E-06
  4.0483E-04 -1.9613E-07  1.0288E-06  1.6935E-06
  4.0860E-04 -1.9980E-07  1.0480E-06  1.7251E-06
  4.1241E-04 -2.0354E-07  1.0676E-06  1.7574E-06
  4.1626E-04 -2.0735E-07  1.0876E-06  1.7903E-06
  4.2014E-04 -2.1124E-07  1.1080E-06  1.8238E-06
  4.2405E-04 -2.1519E-07  1.1287E-06  1.8579E-06
  4.2801E-04 -2.1923E-07  1.1498E-06  1.8927E-06
  4.3199E-04 -2.2333E-07  1.1713E-06  1.9281E-06
  4.3602E-04 -2.2751E-07  1.1932E-06  1.9641E-06
  4.4008E-04 -2.3177E-07  1.2155E-06  2.0009E-06
  4.4419E-04 -2.3611E-07  1.2383E-06  2.0383E-06
  4.4833E-04 -2.4054E-07  1.2615E-06  2.0764E-06
  4.5250E-04 -2.4504E-07  1.2850E-06  2.1153E-06
  4.5672E-04 -2.4963E-07  1.3091E-06  2.1548E-06
  4.6098E-04 -2.5430E-07  1.3336E-06  2.1951E-06
  4.6527E-04 -2.5907E-07  1.3585E-06  2.2362E-06
  4.6961E-04 -2.6392E-07  1.3839E-06  2.2780E-06
  4.7399E-04 -2.6886E-07  1.4098E-06  2.3206E-06
  4.7840E-04 -2.7389E-07  1.4362E-06  2.3640E-06
  4.8286E-04 -2.7902E-07  1.4630E-06  2.4082E-06
  4.8736E-04 -2.8425E-07  1.4904E-06  2.4532E-06
  4.9190E-04 -2.8957E-07  1.5183E-06  2.4991E-06
  4.9649E-04 -2.9499E-07  1.5467E-06  2.5458E-06
  5.0111E-04 -3.0051E-07  1.5756E-06  2.5934E-06
  5.0578E-04 -3.0614E-07  1.6050E-06  2.6419E-06
  5.1049E-04 -3.1187E-07  1.6351E-06  2.6913E-06
  5.1525E-04 -3.1771E-07  1.6656E-06  2.7416E-06
  5.2005E-04 -3.2366E-07  1.6968E-06  2.7929E-06
  5.2490E-04 -3.2972E-07  1.7285E-06  2.8451E-06
  5.2979E-04 -3.3589E-07  1.7608E-06  2.8983E-06
  5.3472E-04 -3.4218E-07  1.7937E-06  2.9524E-06
  5.3971E-04 -3.4858E-07  1.8273E-06  3.0076E-06
  5.4473E-04 -3.5511E-07  1.8614E-06  3.0638E-06
  5.4981E-04 -3.6176E-07  1.8962E-06  3.1211E-06
  5.5493E-04 -3.6853E-07  1.9317E-06  3.1794E-06
  5.6010E-04 -3.7543E-07  1.9678E-06  3.2389E-06
  5.6532E-04 -3.8245E-07  2.0046E-06  3.2994E-06
  5.7059E-04 -3.8961E-07  2.0421E-06  3.3611E-06
  5.7590E-04 -3.9691E-07  2.0802E-06  3.4239E-06
  5.8127E-04 -4.0434E-07  2.1191E-06  3.4879E-06
  5.8668E-04 -4.1190E-07  2.1587E-06  3.5530E-06
  5.9215E-04 -4.1961E-07  2.1991E-06  3.6194E-06
  5.9766E-04 -4.2747E-07  2.2402E-06  3.6871E-06
  6.0323E-04 -4.3547E-07  2.2820E-06  3.7560E-06
  6.0885E-04 -4.4362E-07  2.3247E-06  3.8262E-06
  6.1452E-04 -4.5192E-07  2.3681E-06  3.8976E-06
  6.2024E-04 -4.6038E-07  2.4124E-06  3.9705E-06
  6.2602E-04 -4.6900E-07  2.4575E-06  4.0446E-06
  6.3185E-04 -4.7777E-07  2.5034E-06  4.1202E-06
  6.3774E-04 -4.8672E-07  2.5502E-06  4.1972E-06
  6.4368E-04 -4.9583E-07  2.5978E-06  4.2756E-06
  6.4967E-04 -5.0510E-07  2.6464E-06  4.3555E-06
  6.5572E-04 -5.1456E-07  2.6958E-06  4.4368E-06
  6.6183E-04 -5.2419E-07  2.7462E-06  4.5197E-06
  6.6799E-04 -5.3400E-07  2.7975E-06  4.6041E-06
  6.7422E-04 -5.4399E-07  2.8498E-06  4.6902E-06
  6.8050E-04 -5.5417E-07  2.9030E-06  4.7778E-06
  6.8683E-04 -5.6454E-07  2.9572E-06  4.8670E-06
  6.9323E-04 -5.7511E-07  3.0125E-06  4.9579E-06
  6.9969E-04 -5.8587E-07  3.0688E-06  5.0505E-06
  7.0620E-04 -5.9683E-07  3.1261E-06  5.1448E-06
  7.1278E-04 -6.0800E-07  3.1845E-06  5.2409E-06
  7.1942E-04 -6.1938E-07  3.2440E-06  5.3388E-06
  7.2612E-04 -6.3097E-07  3.3046E-06  5.4385E-06
  7.3288E-04 -6.4277E-07  3.3663E-06  5.5400E-06
  7.3970E-04 -6.5480E-07  3.4292E-06  5.6435E-06
  7.4659E-04 -6.6705E-07  3.4932E-06  5.7489E-06
  7.5355E-04 -6.7953E-07  3.5584E-06  5.8562E-06
  7.6056E-04 -6.9225E-07  3.6249E-06  5.9656E-06
  7.6764E-04 -7.0520E-07  3.6926E-06  6.0770E-06
  7.7479E-04 -7.1840E-07  3.7616E-06  6.1904E-06
  7.8201E-04 -7.3184E-07  3.8318E-06  6.3060E-06
  7.8929E-04 -7.4553E-07  3.9034E-06  6.4237E-06
  7.9664E-04 -7.5948E-07  3.9763E-06  6.5436E-06
  8.0406E-04 -7.7369E-07  4.0505E-06  6.6658E-06
  8.1154E-04 -7.8816E-07  4.1261E-06  6.7902E-06
  8.1910E-04 -8.0291E-07  4.2032E-06  6.9170E-06
  8.2673E-04 -8.1793E-07  4.2817E-06  7.0461E-06
  8.3443E-04 -8.3323E-07  4.3616E-06  7.1776E-06
  8.4220E-04 -8.4882E-07  4.4430E-06  7.3116E-06
  8.5004E-04 -8.6470E-07  4.5260E-06  7.4481E-06
  8.5795E-04 -8.8088E-07  4.6105E-06  7.5871E-06
  8.6594E-04 -8.9736E-07  4.6966E-06  7.7287E-06
  8.7400E-04 -9.1415E-07  4.7843E-06  7.8729E-06
  8.8214E-04 -9.3125E-07  4.8736E-06  8.0199E-06
  8.9035E-04 -9.4867E-07  4.9645E-06  8.1695E-06
  8.9864E-04 -9.6642E-07  5.0572E-06  8.3220E-06
  9.0701E-04 -9.8450E-07  5.1516E-06  8.4773E-06
  9.1545E-04 -1.0029E-06  5.2478E-06  8.6355E-06
  9.2398E-04 -1.0217E-06  5.3457E-06  8.7966E-06
  9.3258E-04 -1.0408E-06  5.4455E-06  8.9607E-06
  9.4126E-04 -1.0603E-06  5.5471E-06  9.1279E-06
  9.5002E-04 -1.0801E-06  5.6507E-06  9.2982E-06
  9.5887E-04 -1.1003E-06  5.7561E-06  9.4717E-06
  9.6780E-04 -1.1209E-06  5.8635E-06  9.6484E-06
  9.7681E-04 -1.1418E-06  5.9730E-06  9.8284E-06
  9.8590E-04 -1.1632E-06  6.0844E-06  1.0012E-05
  9.9508E-04 -1.1850E-06  6.1980E-06  1.0199E-05
  1.0043E-03 -1.2071E-06  6.3136E-06  1.0389E-05
  1.0137E-03 -1.2297E-06  6.4314E-06  1.0583E-05
  1.0231E-03 -1.2527E-06  6.5514E-06  1.0780E-05
  1.0327E-03 -1.2761E-06  6.6737E-06  1.0981E-05
  1.0423E-03 -1.3000E-06  6.7982E-06  1.1186E-05
  1.0520E-03 -1.3243E-06  6.9250E-06  1.1394E-05
  1.0618E-03 -1.3491E-06  7.0542E-06  1.1607E-05
  1.0716E-03 -1.3743E-06  7.1858E-06  1.1823E-05
  1.0816E-03 -1.4000E-06  7.3199E-06  1.2044E-05
  1.0917E-03 -1.4262E-06  7.4564E-06  1.2268E-05
  1.1019E-03 -1.4529E-06  7.5955E-06  1.2497E-05
  1.1121E-03 -1.4801E-06  7.7372E-06  1.2730E-05
  1.1225E-03 -1.5078E-06  7.8815E-06  1.2968E-05
  1.1329E-03 -1.5360E-06  8.0285E-06  1.3209E-05
  1.1435E-03 -1.5647E-06  8.1783E-06  1.3456E-05
  1.1541E-03 -1.5940E-06  8.3308E-06  1.3707E-05
  1.1648E-03 -1.6238E-06  8.4862E-06  1.3962E-05
  1.1757E-03 -1.6541E-06  8.6445E-06  1.4222E-05
  1.1866E-03 -1.6851E-06  8.8057E-06  1.4488E-05
  1.1977E-03 -1.7166E-06  8.9699E-06  1.4758E-05
  1.2088E-03 -1.7487E-06  9.1371E-06  1.5033E-05
  1.2201E-03 -1.7814E-06  9.3075E-06  1.5313E-05
  1.2314E-03 -1.8147E-06  9.4811E-06  1.5598E-05
  1.2429E-03 -1.8487E-06  9.6579E-06  1.5889E-05
  1.2545E-03 -1.8832E-06  9.8379E-06  1.6185E-05
  1.2661E-03 -1.9185E-06  1.0021E-05  1.6487E-05
  1.2779E-03 -1.9543E-06  1.0208E-05  1.6794E-05
  1.2898E-03 -1.9909E-06  1.0399E-05  1.7107E-05
  1.3018E-03 -2.0281E-06  1.0592E-05  1.7426E-05
  1.3139E-03 -2.0660E-06  1.0790E-05  1.7750E-05
  1.3262E-03 -2.1047E-06  1.0991E-05  1.8081E-05
  1.3385E-03 -2.1440E-06  1.1196E-05  1.8418E-05
  1.3510E-03 -2.1841E-06  1.1405E-05  1.8761E-05
  1.3635E-03 -2.2250E-06  1.1617E-05  1.9111E-05
  1.3762E-03 -2.2666E-06  1.1834E-05  1.9467E-05
  1.3890E-03 -2.3090E-06  1.2054E-05  1.9830E-05
  1.4020E-03 -2.3522E-06  1.2279E-05  2.0199E-05
  1.4150E-03 -2.3961E-06  1.2508E-05  2.0575E-05
  1.4282E-03 -2.4410E-06  1.2741E-05  2.0958E-05
  1.4415E-03 -2.4866E-06  1.2978E-05  2.1349E-05
  1.4549E-03 -2.5331E-06  1.3220E-05  2.1746E-05
  1.4684E-03 -2.5805E-06  1.3466E-05  2.2151E-05
  1.4821E-03 -2.6287E-06  1.3717E-05  2.2564E-05
  1.4959E-03 -2.6779E-06  1.3973E-05  2.2984E-05
  1.5098E-03 -2.7280E-06  1.4233E-05  2.3412E-05
  1.5239E-03 -2.7790E-06  1.4498E-05  2.3848E-05
  1.5380E-03 -2.8309E-06  1.4769E-05  2.4292E-05
  1.5524E-03 -2.8839E-06  1.5044E-05  2.4745E-05
  1.5668E-03 -2.9378E-06  1.5324E-05  2.5205E-05
  1.5814E-03 -2.9927E-06  1.5609E-05  2.5674E-05
  1.5961E-03 -3.0487E-06  1.5900E-05  2.6152E-05
  1.6110E-03 -3.1057E-06  1.6196E-05  2.6639E-05
  1.6260E-03 -3.1638E-06  1.6498E-05  2.7135E-05
  1.6411E-03 -3.2229E-06  1.6805E-05  2.7640E-05
  1.6564E-03 -3.2832E-06  1.7118E-05  2.8155E-05
  1.6718E-03 -3.3446E-06  1.7437E-05  2.8679E-05
  1.6873E-03 -3.4071E-06  1.7762E-05  2.9213E-05
  1.7030E-03 -3.4708E-06  1.8092E-05  2.9756E-05
  1.7189E-03 -3.5357E-06  1.8429E-05  3.0310E-05
  1.7349E-03 -3.6019E-06  1.8772E-05  3.0874E-05
  1.7510E-03 -3.6692E-06  1.9122E-05  3.1449E-05
  1.7673E-03 -3.7378E-06  1.9478E-05  3.2034E-05
  1.7838E-03 -3.8077E-06  1.9841E-05  3.2630E-05
  1.8004E-03 -3.8789E-06  2.0210E-05  3.3237E-05
  1.8171E-03 -3.9514E-06  2.0586E-05  3.3855E-05
  1.8340E-03 -4.0253E-06  2.0969E-05  3.4485E-05
  1.8511E-03 -4.1006E-06  2.1360E-05  3.5127E-05
  1.8683E-03 -4.1772E-06  2.1757E-05  3.5780E-05
  1.8857E-03 -4.2553E-06  2.2162E-05  3.6445E-05
  1.9032E-03 -4.3349E-06  2.2575E-05  3.7123E-05
  1.9210E-03 -4.4160E-06  2.2995E-05  3.7814E-05
  1.9388E-03 -4.4985E-06  2.3423E-05  3.8517E-05
  1.9569E-03 -4.5826E-06  2.3859E-05  3.9233E-05
  1.9751E-03 -4.6683E-06  2.4303E-05  3.9963E-05
  1.9935E-03 -4.7556E-06  2.4755E-05  4.0706E-05
  2.0120E-03 -4.8445E-06  2.5215E-05  4.1463E-05
  2.0307E-03 -4.9351E-06  2.5684E-05  4.2234E-05
  2.0496E-03 -5.0274E-06  2.6162E-05  4.3019E-05
  2.0687E-03 -5.1213E-06  2.6649E-05  4.3819E-05
  2.0880E-03 -5.2171E-06  2.7145E-05  4.4633E-05
  2.1074E-03 -5.3146E-06  2.7650E-05  4.5463E-05
  2.1270E-03 -5.4140E-06  2.8164E-05  4.6308E-05
  2.1468E-03 -5.5152E-06  2.8688E-05  4.7168E-05
  2.1668E-03 -5.6183E-06  2.9221E-05  4.8045E-05
  2.1869E-03 -5.7234E-06  2.9765E-05  4.8938E-05
  2.2073E-03 -5.8304E-06  3.0318E-05  4.9847E-05
  2.2278E-03 -5.9394E-06  3.0882E-05  5.0773E-05
  2.2485E-03 -6.0504E-06  3.1456E-05  5.1717E-05
  2.2695E-03 -6.1636E-06  3.2041E-05  5.2678E-05
  2.2906E-03 -6.2788E-06  3.2637E-05  5.3656E-05
  2.3119E-03 -6.3962E-06  3.3244E-05  5.4653E-05
  2.3334E-03 -6.5157E-06  3.3862E-05  5.5668E-05
  2.3551E-03 -6.6376E-06  3.4491E-05  5.6702E-05
  2.3770E-03 -6.7617E-06  3.5132E-05  5.7755E-05
  2.3991E-03 -6.8881E-06  3.5785E-05  5.8828E-05
  2.4215E-03 -7.0168E-06  3.6450E-05  5.9921E-05
  2.4440E-03 -7.1480E-06  3.7128E-05  6.1033E-05
  2.4667E-03 -7.2817E-06  3.7818E-05  6.2167E-05
  2.4897E-03 -7.4178E-06  3.8521E-05  6.3321E-05
  2.5128E-03 -7.5565E-06  3.9236E-05  6.4496E-05
  2.5362E-03 -7.6977E-06  3.9965E-05  6.5694E-05
  2.5598E-03 -7.8416E-06  4.0708E-05  6.6913E-05
  2.5836E-03 -7.9882E-06  4.1464E-05  6.8155E-05
  2.6077E-03 -8.1376E-06  4.2235E-05  6.9420E-05
  2.6319E-03 -8.2897E-06  4.3019E-05  7.0709E-05
  2.6564E-03 -8.4447E-06  4.3818E-05  7.2021E-05
  2.6811E-03 -8.6026E-06  4.4632E-05  7.3357E-05
  2.7061E-03 -8.7634E-06  4.5461E-05  7.4719E-05
  2.7313E-03 -8.9272E-06  4.6305E-05  7.6105E-05
  2.7567E-03 -9.0941E-06  4.7165E-05  7.7517E-05
  2.7823E-03 -9.2641E-06  4.8041E-05  7.8955E-05
  2.8082E-03 -9.4373E-06  4.8933E-05  8.0420E-05
  2.8343E-03 -9.6137E-06  4.9841E-05  8.1911E-05
  2.8607E-03 -9.7934E-06  5.0767E-05  8.3431E-05
  2.8873E-03 -9.9765E-06  5.1709E-05  8.4978E-05
  2.9142E-03 -1.0163E-05  5.2669E-05  8.6554E-05
  2.9413E-03 -1.0353E-05  5.3647E-05  8.8159E-05
  2.9687E-03 -1.0547E-05  5.4642E-05  8.9793E-05
  2.9963E-03 -1.0744E-05  5.5656E-05  9.1458E-05
  3.0242E-03 -1.0945E-05  5.6689E-05  9.3153E-05
  3.0523E-03 -1.1149E-05  5.7741E-05  9.4880E-05
  3.0807E-03 -1.1358E-05  5.8813E-05  9.6639E-05
  3.1094E-03 -1.1570E-05  5.9904E-05  9.8430E-05
  3.1383E-03 -1.1786E-05  6.1015E-05  1.0025E-04
  3.1675E-03 -1.2006E-05  6.2147E-05  1.0211E-04
  3.1970E-03 -1.2231E-05  6.3300E-05  1.0400E-04
  3.2267E-03 -1.2460E-05  6.4474E-05  1.0593E-04
  3.2567E-03 -1.2692E-05  6.5670E-05  1.0789E-04
  3.2870E-03 -1.2930E-05  6.6888E-05  1.0989E-04
  3.3176E-03 -1.3171E-05  6.8128E-05  1.1193E-04
  3.3485E-03 -1.3418E-05  6.9391E-05  1.1400E-04
  3.3796E-03 -1.3668E-05  7.0678E-05  1.1611E-04
  3.4111E-03 -1.3924E-05  7.1988E-05  1.1826E-04
  3.4428E-03 -1.4184E-05  7.3323E-05  1.2045E-04
  3.4748E-03 -1.4449E-05  7.4682E-05  1.2268E-04
  3.5072E-03 -1.4719E-05  7.6066E-05  1.2495E-04
  3.5398E-03 -1.4995E-05  7.7476E-05  1.2727E-04
  3.5727E-03 -1.5275E-05  7.8912E-05  1.2962E-04
  3.6060E-03 -1.5560E-05  8.0374E-05  1.3202E-04
  3.6395E-03 -1.5851E-05  8.1863E-05  1.3446E-04
  3.6734E-03 -1.6148E-05  8.3380E-05  1.3695E-04
  3.7075E-03 -1.6449E-05  8.4925E-05  1.3949E-04
  3.7420E-03 -1.6757E-05  8.6498E-05  1.4207E-04
  3.7768E-03 -1.7070E-05  8.8100E-05  1.4469E-04
  3.8120E-03 -1.7389E-05  8.9732E-05  1.4737E-04
  3.8474E-03 -1.7714E-05  9.1393E-05  1.5010E-04
  3.8832E-03 -1.8045E-05  9.3086E-05  1.5287E-04
  3.9194E-03 -1.8383E-05  9.4809E-05  1.5570E-04
  3.9558E-03 -1.8726E-05  9.6565E-05  1.5858E-04
  3.9926E-03 -1.9076E-05  9.8352E-05  1.6151E-04
  4.0298E-03 -1.9433E-05  1.0017E-04  1.6450E-04
  4.0673E-03 -1.9796E-05  1.0203E-04  1.6754E-04
  4.1051E-03 -2.0166E-05  1.0392E-04  1.7063E-04
  4.1433E-03 -2.0543E-05  1.0584E-04  1.7379E-04
  4.1818E-03 -2.0927E-05  1.0780E-04  1.7700E-04
  4.2207E-03 -2.1318E-05  1.0979E-04  1.8027E-04
  4.2600E-03 -2.1717E-05  1.1182E-04  1.8360E-04
  4.2996E-03 -2.2123E-05  1.1389E-04  1.8699E-04
  4.3396E-03 -2.2536E-05  1.1600E-04  1.9044E-04
  4.3800E-03 -2.2957E-05  1.1814E-04  1.9396E-04
  4.4208E-03 -2.3387E-05  1.2033E-04  1.9754E-04
  4.4619E-03 -2.3824E-05  1.2255E-04  2.0119E-04
  4.5034E-03 -2.4269E-05  1.2482E-04  2.0490E-04
  4.5453E-03 -2.4723E-05  1.2713E-04  2.0868E-04
  4.5876E-03 -2.5185E-05  1.2948E-04  2.1253E-04
  4.6302E-03 -2.5655E-05  1.3187E-04  2.1646E-04
  4.6733E-03 -2.6135E-05  1.3431E-04  2.2045E-04
  4.7168E-03 -2.6623E-05  1.3679E-04  2.2452E-04
  4.7607E-03 -2.7121E-05  1.3932E-04  2.2866E-04
  4.8050E-03 -2.7628E-05  1.4189E-04  2.3288E-04
  4.8497E-03 -2.8144E-05  1.4451E-04  2.3717E-04
  4.8948E-03 -2.8670E-05  1.4718E-04  2.4155E-04
  4.9403E-03 -2.9206E-05  1.4990E-04  2.4600E-04
  4.9863E-03 -2.9752E-05  1.5267E-04  2.5054E-04
  5.0327E-03 -3.0308E-05  1.5549E-04  2.5515E-04
  5.0795E-03 -3.0875E-05  1.5836E-04  2.5986E-04
  5.1267E-03 -3.1452E-05  1.6128E-04  2.6464E-04
  5.1744E-03 -3.2040E-05  1.6426E-04  2.6952E-04
  5.2226E-03 -3.2638E-05  1.6729E-04  2.7449E-04
  5.2711E-03 -3.3249E-05  1.7038E-04  2.7954E-04
  5.3202E-03 -3.3870E-05  1.7352E-04  2.8469E-04
  5.3697E-03 -3.4503E-05  1.7672E-04  2.8993E-04
  5.4196E-03 -3.5148E-05  1.7998E-04  2.9527E-04
  5.4700E-03 -3.5805E-05  1.8330E-04  3.0071E-04
  5.5209E-03 -3.6474E-05  1.8668E-04  3.0624E-04
  5.5723E-03 -3.7156E-05  1.9013E-04  3.1188E-04
  5.6241E-03 -3.7850E-05  1.9363E-04  3.1762E-04
  5.6764E-03 -3.8558E-05  1.9720E-04  3.2347E-04
  5.7292E-03 -3.9278E-05  2.0084E-04  3.2942E-04
  5.7825E-03 -4.0012E-05  2.0454E-04  3.3548E-04
  5.8363E-03 -4.0760E-05  2.0831E-04  3.4165E-04
  5.8906E-03 -4.1522E-05  2.1215E-04  3.4793E-04
  5.9454E-03 -4.2298E-05  2.1606E-04  3.5433E-04
  6.0007E-03 -4.3088E-05  2.2004E-04  3.6084E-04
  6.0565E-03 -4.3894E-05  2.2409E-04  3.6747E-04
  6.1129E-03 -4.4714E-05  2.2822E-04  3.7422E-04
  6.1697E-03 -4.5550E-05  2.3242E-04  3.8110E-04
  6.2271E-03 -4.6401E-05  2.3670E-04  3.8810E-04
  6.2851E-03 -4.7268E-05  2.4106E-04  3.9523E-04
  6.3435E-03 -4.8152E-05  2.4549E-04  4.0249E-04
  6.4025E-03 -4.9052E-05  2.5001E-04  4.0988E-04
  6.4621E-03 -4.9968E-05  2.5461E-04  4.1741E-04
  6.5222E-03 -5.0902E-05  2.5930E-04  4.2507E-04
  6.5829E-03 -5.1854E-05  2.6407E-04  4.3287E-04
  6.6441E-03 -5.2823E-05  2.6892E-04  4.4081E-04
  6.7059E-03 -5.3810E-05  2.7387E-04  4.4890E-04
  6.7683E-03 -5.4816E-05  2.7890E-04  4.5714E-04
  6.8313E-03 -5.5840E-05  2.8403E-04  4.6552E-04
  6.8948E-03 -5.6884E-05  2.8925E-04  4.7406E-04
  6.9589E-03 -5.7947E-05  2.9457E-04  4.8275E-04
  7.0237E-03 -5.9030E-05  2.9998E-04  4.9160E-04
  7.0890E-03 -6.0133E-05  3.0549E-04  5.0061E-04
  7.1550E-03 -6.1257E-05  3.1111E-04  5.0978E-04
  7.2215E-03 -6.2401E-05  3.1682E-04  5.1912E-04
  7.2887E-03 -6.3568E-05  3.2264E-04  5.2863E-04
  7.3565E-03 -6.4756E-05  3.2856E-04  5.3831E-04
  7.4249E-03 -6.5966E-05  3.3460E-04  5.4817E-04
  7.4940E-03 -6.7199E-05  3.4074E-04  5.5820E-04
  7.5637E-03 -6.8454E-05  3.4699E-04  5.6842E-04
  7.6341E-03 -6.9734E-05  3.5336E-04  5.7882E-04
  7.7051E-03 -7.1037E-05  3.5984E-04  5.8941E-04
  7.7767E-03 -7.2364E-05  3.6644E-04  6.0019E-04
  7.8491E-03 -7.3717E-05  3.7316E-04  6.1117E-04
  7.9221E-03 -7.5094E-05  3.8000E-04  6.2234E-04
  7.9958E-03 -7.6498E-05  3.8697E-04  6.3372E-04
  8.0702E-03 -7.7927E-05  3.9406E-04  6.4530E-04
  8.1452E-03 -7.9383E-05  4.0129E-04  6.5709E-04
  8.2210E-03 -8.0867E-05  4.0864E-04  6.6910E-04
  8.2975E-03 -8.2378E-05  4.1612E-04  6.8132E-04
  8.3747E-03 -8.3918E-05  4.2375E-04  6.9376E-04
  8.4526E-03 -8.5486E-05  4.3151E-04  7.0643E-04
  8.5312E-03 -8.7083E-05  4.3941E-04  7.1933E-04
  8.6105E-03 -8.8711E-05  4.4745E-04  7.3245E-04
  8.6906E-03 -9.0368E-05  4.5564E-04  7.4582E-04
  8.7715E-03 -9.2057E-05  4.6398E-04  7.5942E-04
  8.8531E-03 -9.3777E-05  4.7247E-04  7.7327E-04
  8.9354E-03 -9.5530E-05  4.8111E-04  7.8737E-04
  9.0185E-03 -9.7315E-05  4.8991E-04  8.0172E-04
  9.1024E-03 -9.9133E-05  4.9887E-04  8.1634E-04
  9.1871E-03 -1.0099E-04  5.0799E-04  8.3121E-04
  9.2725E-03 -1.0287E-04  5.1727E-04  8.4635E-04
  9.3588E-03 -1.0480E-04  5.2672E-04  8.6176E-04
  9.4459E-03 -1.0675E-04  5.3634E-04  8.7745E-04
  9.5337E-03 -1.0875E-04  5.4614E-04  8.9343E-04
  9.6224E-03 -1.1078E-04  5.5612E-04  9.0969E-04
  9.7119E-03 -1.1285E-04  5.6627E-04  9.2624E-04
  9.8022E-03 -1.1496E-04  5.7661E-04  9.4308E-04
  9.8934E-03 -1.1711E-04  5.8713E-04  9.6023E-04
  9.9854E-03 -1.1930E-04  5.9784E-04  9.7769E-04
  1.0078E-02 -1.2152E-04  6.0875E-04  9.9546E-04
  1.0172E-02 -1.2380E-04  6.1985E-04  1.0135E-03
  1.0267E-02 -1.2611E-04  6.3115E-04  1.0320E-03
  1.0362E-02 -1.2846E-04  6.4266E-04  1.0507E-03
  1.0459E-02 -1.3087E-04  6.5437E-04  1.0698E-03
  1.0556E-02 -1.3331E-04  6.6629E-04  1.0892E-03
  1.0654E-02 -1.3580E-04  6.7843E-04  1.1090E-03
  1.0753E-02 -1.3834E-04  6.9079E-04  1.1291E-03
  1.0853E-02 -1.4092E-04  7.0336E-04  1.1496E-03
  1.0954E-02 -1.4356E-04  7.1617E-04  1.1704E-03
  1.1056E-02 -1.4624E-04  7.2920E-04  1.1916E-03
  1.1159E-02 -1.4897E-04  7.4247E-04  1.2132E-03
  1.1263E-02 -1.5175E-04  7.5597E-04  1.2352E-03
  1.1367E-02 -1.5459E-04  7.6972E-04  1.2576E-03
  1.1473E-02 -1.5748E-04  7.8372E-04  1.2803E-03
  1.1580E-02 -1.6042E-04  7.9796E-04  1.3035E-03
  1.1688E-02 -1.6342E-04  8.1246E-04  1.3271E-03
  1.1796E-02 -1.6647E-04  8.2722E-04  1.3511E-03
  1.1906E-02 -1.6958E-04  8.4225E-04  1.3755E-03
  1.2017E-02 -1.7275E-04  8.5754E-04  1.4004E-03
  1.2129E-02 -1.7598E-04  8.7311E-04  1.4257E-03
  1.2241E-02 -1.7927E-04  8.8895E-04  1.4514E-03
  1.2355E-02 -1.8261E-04  9.0508E-04  1.4777E-03
  1.2470E-02 -1.8603E-04  9.2149E-04  1.5043E-03
  1.2586E-02 -1.8950E-04  9.3820E-04  1.5315E-03
  1.2703E-02 -1.9304E-04  9.5521E-04  1.5591E-03
  1.2821E-02 -1.9665E-04  9.7252E-04  1.5872E-03
  1.2941E-02 -2.0032E-04  9.9014E-04  1.6159E-03
  1.3061E-02 -2.0406E-04  1.0081E-03  1.6450E-03
  1.3183E-02 -2.0788E-04  1.0263E-03  1.6746E-03
  1.3305E-02 -2.1176E-04  1.0449E-03  1.7048E-03
  1.3429E-02 -2.1572E-04  1.0638E-03  1.7355E-03
  1.3554E-02 -2.1975E-04  1.0831E-03  1.7667E-03
  1.3680E-02 -2.2385E-04  1.1027E-03  1.7985E-03
  1.3807E-02 -2.2803E-04  1.1226E-03  1.8309E-03
  1.3936E-02 -2.3229E-04  1.1429E-03  1.8638E-03
  1.4065E-02 -2.3663E-04  1.1635E-03  1.8973E-03
  1.4196E-02 -2.4105E-04  1.1845E-03  1.9314E-03
  1.4328E-02 -2.4556E-04  1.2059E-03  1.9661E-03
  1.4461E-02 -2.5014E-04  1.2277E-03  2.0014E-03
  1.4596E-02 -2.5482E-04  1.2499E-03  2.0373E-03
  1.4732E-02 -2.5958E-04  1.2724E-03  2.0738E-03
  1.4869E-02 -2.6442E-04  1.2954E-03  2.1110E-03
  1.5007E-02 -2.6936E-04  1.3187E-03  2.1489E-03
  1.5147E-02 -2.7440E-04  1.3425E-03  2.1874E-03
  1.5287E-02 -2.7952E-04  1.3667E-03  2.2266E-03
  1.5430E-02 -2.8474E-04  1.3913E-03  2.2664E-03
  1.5573E-02 -2.9006E-04  1.4163E-03  2.3070E-03
  1.5718E-02 -2.9548E-04  1.4418E-03  2.3483E-03
  1.5864E-02 -3.0100E-04  1.4678E-03  2.3903E-03
  1.6012E-02 -3.0662E-04  1.4942E-03  2.4330E-03
  1.6161E-02 -3.1235E-04  1.5210E-03  2.4765E-03
  1.6311E-02 -3.1818E-04  1.5484E-03  2.5207E-03
  1.6463E-02 -3.2412E-04  1.5762E-03  2.5657E-03
  1.6616E-02 -3.3018E-04  1.6045E-03  2.6115E-03
  1.6770E-02 -3.3634E-04  1.6333E-03  2.6581E-03
  1.6926E-02 -3.4263E-04  1.6626E-03  2.7055E-03
  1.7084E-02 -3.4902E-04  1.6925E-03  2.7537E-03
  1.7243E-02 -3.5554E-04  1.7228E-03  2.8028E-03
  1.7403E-02 -3.6218E-04  1.7537E-03  2.8527E-03
  1.7565E-02 -3.6895E-04  1.7851E-03  2.9034E-03
  1.7728E-02 -3.7584E-04  1.8171E-03  2.9551E-03
  1.7893E-02 -3.8286E-04  1.8496E-03  3.0077E-03
  1.8060E-02 -3.9001E-04  1.8827E-03  3.0611E-03
  1.8228E-02 -3.9729E-04  1.9164E-03  3.1155E-03
  1.8397E-02 -4.0471E-04  1.9507E-03  3.1708E-03
  1.8568E-02 -4.1227E-04  1.9856E-03  3.2271E-03
  1.8741E-02 -4.1996E-04  2.0211E-03  3.2844E-03
  1.8915E-02 -4.2781E-04  2.0572E-03  3.3426E-03
  1.9091E-02 -4.3579E-04  2.0939E-03  3.4018E-03
  1.9269E-02 -4.4393E-04  2.1313E-03  3.4621E-03
  1.9448E-02 -4.5222E-04  2.1693E-03  3.5234E-03
  1.9629E-02 -4.6066E-04  2.2080E-03  3.5858E-03
  1.9812E-02 -4.6927E-04  2.2474E-03  3.6492E-03
  1.9996E-02 -4.7803E-04  2.2874E-03  3.7137E-03
  2.0182E-02 -4.8695E-04  2.3281E-03  3.7793E-03
  2.0370E-02 -4.9604E-04  2.3696E-03  3.8461E-03
  2.0559E-02 -5.0531E-04  2.4118E-03  3.9140E-03
  2.0750E-02 -5.1474E-04  2.4547E-03  3.9830E-03
  2.0943E-02 -5.2435E-04  2.4983E-03  4.0532E-03
  2.1138E-02 -5.3414E-04  2.5427E-03  4.1247E-03
  2.1335E-02 -5.4411E-04  2.5879E-03  4.1973E-03
  2.1533E-02 -5.5427E-04  2.6338E-03  4.2712E-03
  2.1733E-02 -5.6462E-04  2.6806E-03  4.3463E-03
  2.1936E-02 -5.7516E-04  2.7281E-03  4.4228E-03
  2.2140E-02 -5.8589E-04  2.7765E-03  4.5005E-03
  2.2345E-02 -5.9683E-04  2.8257E-03  4.5795E-03
  2.2553E-02 -6.0797E-04  2.8757E-03  4.6599E-03
  2.2763E-02 -6.1932E-04  2.9266E-03  4.7417E-03
  2.2975E-02 -6.3088E-04  2.9784E-03  4.8248E-03
  2.3189E-02 -6.4265E-04  3.0311E-03  4.9093E-03
  2.3404E-02 -6.5465E-04  3.0847E-03  4.9953E-03
  2.3622E-02 -6.6687E-04  3.1392E-03  5.0827E-03
  2.3842E-02 -6.7931E-04  3.1946E-03  5.1716E-03
  2.4063E-02 -6.9199E-04  3.2510E-03  5.2620E-03
  2.4287E-02 -7.0490E-04  3.3084E-03  5.3539E-03
  2.4513E-02 -7.1806E-04  3.3667E-03  5.4474E-03
  2.4741E-02 -7.3146E-04  3.4261E-03  5.5424E-03
  2.4971E-02 -7.4511E-04  3.4864E-03  5.6391E-03
  2.5204E-02 -7.5901E-04  3.5478E-03  5.7373E-03
  2.5438E-02 -7.7318E-04  3.6102E-03  5.8372E-03
  2.5675E-02 -7.8760E-04  3.6737E-03  5.9388E-03
  2.5913E-02 -8.0230E-04  3.7383E-03  6.0421E-03
  2.6154E-02 -8.1727E-04  3.8039E-03  6.1470E-03
  2.6398E-02 -8.3252E-04  3.8707E-03  6.2538E-03
  2.6643E-02 -8.4805E-04  3.9386E-03  6.3623E-03
  2.6891E-02 -8.6387E-04  4.0077E-03  6.4726E-03
  2.7141E-02 -8.7999E-04  4.0780E-03  6.5848E-03
  2.7394E-02 -8.9640E-04  4.1494E-03  6.6988E-03
  2.7648E-02 -9.1313E-04  4.2220E-03  6.8148E-03
  2.7906E-02 -9.3016E-04  4.2959E-03  6.9326E-03
  2.8165E-02 -9.4751E-04  4.3710E-03  7.0524E-03
  2.8427E-02 -9.6518E-04  4.4474E-03  7.1742E-03
  2.8691E-02 -9.8319E-04  4.5251E-03  7.2980E-03
  2.8958E-02 -1.0015E-03  4.6040E-03  7.4238E-03
  2.9228E-02 -1.0202E-03  4.6844E-03  7.5517E-03
  2.9500E-02 -1.0392E-03  4.7660E-03  7.6817E-03
  2.9774E-02 -1.0586E-03  4.8490E-03  7.8138E-03
  3.0051E-02 -1.0784E-03  4.9335E-03  7.9481E-03
  3.0330E-02 -1.0985E-03  5.0193E-03  8.0846E-03
  3.0612E-02 -1.1189E-03  5.1066E-03  8.2234E-03
  3.0897E-02 -1.1398E-03  5.1953E-03  8.3644E-03
  3.1185E-02 -1.1611E-03  5.2855E-03  8.5077E-03
  3.1475E-02 -1.1827E-03  5.3773E-03  8.6534E-03
  3.1767E-02 -1.2048E-03  5.4705E-03  8.8014E-03
  3.2063E-02 -1.2272E-03  5.5653E-03  8.9518E-03
  3.2361E-02 -1.2501E-03  5.6617E-03  9.1047E-03
  3.2662E-02 -1.2734E-03  5.7597E-03  9.2601E-03
  3.2966E-02 -1.2971E-03  5.8593E-03  9.4179E-03
  3.3273E-02 -1.3213E-03  5.9606E-03  9.5783E-03
  3.3582E-02 -1.3459E-03  6.0635E-03  9.7414E-03
  3.3894E-02 -1.3710E-03  6.1682E-03  9.9070E-03
  3.4210E-02 -1.3966E-03  6.2746E-03  1.0075E-02
  3.4528E-02 -1.4226E-03  6.3827E-03  1.0246E-02
  3.4849E-02 -1.4491E-03  6.4927E-03  1.0420E-02
  3.5173E-02 -1.4761E-03  6.6044E-03  1.0597E-02
  3.5500E-02 -1.5036E-03  6.7180E-03  1.0776E-02
  3.5830E-02 -1.5316E-03  6.8334E-03  1.0958E-02
  3.6164E-02 -1.5602E-03  6.9508E-03  1.1143E-02
  3.6500E-02 -1.5892E-03  7.0700E-03  1.1332E-02
  3.6840E-02 -1.6188E-03  7.1912E-03  1.1523E-02
  3.7182E-02 -1.6490E-03  7.3145E-03  1.1717E-02
  3.7528E-02 -1.6797E-03  7.4397E-03  1.1914E-02
  3.7877E-02 -1.7110E-03  7.5669E-03  1.2114E-02
  3.8229E-02 -1.7428E-03  7.6963E-03  1.2318E-02
  3.8585E-02 -1.7753E-03  7.8277E-03  1.2525E-02
  3.8944E-02 -1.8084E-03  7.9613E-03  1.2735E-02
  3.9306E-02 -1.8420E-03  8.0971E-03  1.2948E-02
  3.9672E-02 -1.8763E-03  8.2350E-03  1.3164E-02
  4.0041E-02 -1.9112E-03  8.3752E-03  1.3384E-02
  4.0413E-02 -1.9468E-03  8.5177E-03  1.3608E-02
  4.0789E-02 -1.9831E-03  8.6624E-03  1.3835E-02
  4.1168E-02 -2.0200E-03  8.8095E-03  1.4065E-02
  4.1551E-02 -2.0576E-03  8.9590E-03  1.4299E-02
  4.1938E-02 -2.0959E-03  9.1109E-03  1.4537E-02
  4.2328E-02 -2.1349E-03  9.2652E-03  1.4779E-02
  4.2722E-02 -2.1746E-03  9.4220E-03  1.5024E-02
  4.3119E-02 -2.2150E-03  9.5813E-03  1.5273E-02
  4.3520E-02 -2.2562E-03  9.7432E-03  1.5525E-02
  4.3925E-02 -2.2982E-03  9.9077E-03  1.5782E-02
  4.4333E-02 -2.3410E-03  1.0075E-02  1.6043E-02
  4.4746E-02 -2.3845E-03  1.0244E-02  1.6307E-02
  4.5162E-02 -2.4288E-03  1.0417E-02  1.6576E-02
  4.5582E-02 -2.4740E-03  1.0592E-02  1.6849E-02
  4.6006E-02 -2.5200E-03  1.0770E-02  1.7126E-02
  4.6434E-02 -2.5669E-03  1.0951E-02  1.7407E-02
  4.6866E-02 -2.6146E-03  1.1135E-02  1.7692E-02
  4.7302E-02 -2.6632E-03  1.1321E-02  1.7982E-02
  4.7742E-02 -2.7127E-03  1.1511E-02  1.8276E-02
  4.8186E-02 -2.7631E-03  1.1703E-02  1.8574E-02
  4.8634E-02 -2.8144E-03  1.1899E-02  1.8878E-02
  4.9086E-02 -2.8667E-03  1.2097E-02  1.9185E-02
  4.9543E-02 -2.9200E-03  1.2299E-02  1.9497E-02
  5.0004E-02 -2.9742E-03  1.2504E-02  1.9814E-02
  5.0469E-02 -3.0295E-03  1.2712E-02  2.0136E-02
  5.0938E-02 -3.0857E-03  1.2923E-02  2.0462E-02
  5.1412E-02 -3.1430E-03  1.3138E-02  2.0793E-02
  5.1890E-02 -3.2014E-03  1.3356E-02  2.1129E-02
  5.2373E-02 -3.2608E-03  1.3577E-02  2.1471E-02
  5.2860E-02 -3.3213E-03  1.3802E-02  2.1817E-02
  5.3351E-02 -3.3830E-03  1.4030E-02  2.2168E-02
  5.3848E-02 -3.4458E-03  1.4262E-02  2.2524E-02
  5.4348E-02 -3.5097E-03  1.4497E-02  2.2886E-02
  5.4854E-02 -3.5748E-03  1.4736E-02  2.3253E-02
  5.5364E-02 -3.6411E-03  1.4979E-02  2.3625E-02
  5.5879E-02 -3.7087E-03  1.5225E-02  2.4002E-02
  5.6399E-02 -3.7775E-03  1.5476E-02  2.4386E-02
  5.6923E-02 -3.8475E-03  1.5730E-02  2.4774E-02
  5.7453E-02 -3.9188E-03  1.5988E-02  2.5168E-02
  5.7987E-02 -3.9915E-03  1.6249E-02  2.5568E-02
  5.8527E-02 -4.0655E-03  1.6515E-02  2.5974E-02
  5.9071E-02 -4.1408E-03  1.6785E-02  2.6385E-02
  5.9620E-02 -4.2175E-03  1.7059E-02  2.6803E-02
  6.0175E-02 -4.2956E-03  1.7337E-02  2.7226E-02
  6.0735E-02 -4.3752E-03  1.7619E-02  2.7655E-02
  6.1300E-02 -4.4562E-03  1.7906E-02  2.8091E-02
  6.1870E-02 -4.5387E-03  1.8197E-02  2.8532E-02
  6.2445E-02 -4.6228E-03  1.8492E-02  2.8980E-02
  6.3026E-02 -4.7083E-03  1.8792E-02  2.9434E-02
  6.3612E-02 -4.7955E-03  1.9096E-02  2.9894E-02
  6.4204E-02 -4.8842E-03  1.9405E-02  3.0361E-02
  6.4801E-02 -4.9745E-03  1.9718E-02  3.0834E-02
  6.5404E-02 -5.0666E-03  2.0036E-02  3.1313E-02
  6.6012E-02 -5.1602E-03  2.0359E-02  3.1800E-02
  6.6626E-02 -5.2556E-03  2.0686E-02  3.2293E-02
  6.7246E-02 -5.3528E-03  2.1019E-02  3.2793E-02
  6.7871E-02 -5.4517E-03  2.1356E-02  3.3299E-02
  6.8502E-02 -5.5524E-03  2.1698E-02  3.3813E-02
  6.9140E-02 -5.6550E-03  2.2045E-02  3.4333E-02
  6.9783E-02 -5.7595E-03  2.2398E-02  3.4861E-02
  7.0432E-02 -5.8658E-03  2.2755E-02  3.5396E-02
  7.1087E-02 -5.9741E-03  2.3118E-02  3.5938E-02
  7.1748E-02 -6.0843E-03  2.3486E-02  3.6487E-02
  7.2415E-02 -6.1966E-03  2.3859E-02  3.7043E-02
  7.3089E-02 -6.3109E-03  2.4238E-02  3.7607E-02
  7.3769E-02 -6.4273E-03  2.4622E-02  3.8179E-02
  7.4455E-02 -6.5458E-03  2.5012E-02  3.8757E-02
  7.5147E-02 -6.6665E-03  2.5408E-02  3.9344E-02
  7.5846E-02 -6.7893E-03  2.5809E-02  3.9938E-02
  7.6552E-02 -6.9144E-03  2.6216E-02  4.0540E-02
  7.7264E-02 -7.0418E-03  2.6628E-02  4.1150E-02
  7.7982E-02 -7.1714E-03  2.7047E-02  4.1768E-02
  7.8708E-02 -7.3035E-03  2.7472E-02  4.2394E-02
  7.9440E-02 -7.4379E-03  2.7902E-02  4.3027E-02
  8.0179E-02 -7.5747E-03  2.8339E-02  4.3669E-02
  8.0924E-02 -7.7140E-03  2.8782E-02  4.4319E-02
  8.1677E-02 -7.8559E-03  2.9231E-02  4.4978E-02
  8.2437E-02 -8.0003E-03  2.9687E-02  4.5644E-02
  8.3204E-02 -8.1473E-03  3.0149E-02  4.6319E-02
  8.3977E-02 -8.2969E-03  3.0618E-02  4.7003E-02
  8.4759E-02 -8.4493E-03  3.1093E-02  4.7695E-02
  8.5547E-02 -8.6044E-03  3.1574E-02  4.8395E-02
  8.6343E-02 -8.7623E-03  3.2063E-02  4.9105E-02
  8.7146E-02 -8.9231E-03  3.2558E-02  4.9823E-02
  8.7956E-02 -9.0867E-03  3.3060E-02  5.0550E-02
  8.8774E-02 -9.2533E-03  3.3569E-02  5.1286E-02
  8.9600E-02 -9.4228E-03  3.4085E-02  5.2030E-02
  9.0433E-02 -9.5954E-03  3.4608E-02  5.2784E-02
  9.1274E-02 -9.7711E-03  3.5138E-02  5.3547E-02
  9.2123E-02 -9.9500E-03  3.5676E-02  5.4319E-02
  9.2980E-02 -1.0132E-02  3.6221E-02  5.5100E-02
  9.3845E-02 -1.0317E-02  3.6773E-02  5.5890E-02
  9.4718E-02 -1.0506E-02  3.7333E-02  5.6690E-02
  9.5599E-02 -1.0698E-02  3.7900E-02  5.7499E-02
  9.6488E-02 -1.0893E-02  3.8475E-02  5.8317E-02
  9.7386E-02 -1.1092E-02  3.9058E-02  5.9145E-02
  9.8291E-02 -1.1295E-02  3.9649E-02  5.9983E-02
  9.9206E-02 -1.1501E-02  4.0247E-02  6.0830E-02
  1.0013E-01 -1.1711E-02  4.0854E-02  6.1687E-02
  1.0106E-01 -1.1924E-02  4.1468E-02  6.2554E-02
  1.0200E-01 -1.2141E-02  4.2091E-02  6.3430E-02
  1.0295E-01 -1.2362E-02  4.2722E-02  6.4316E-02
  1.0391E-01 -1.2587E-02  4.3362E-02  6.5212E-02
  1.0487E-01 -1.2816E-02  4.4009E-02  6.6118E-02
  1.0585E-01 -1.3049E-02  4.4666E-02  6.7035E-02
  1.0683E-01 -1.3286E-02  4.5331E-02  6.7961E-02
  1.0783E-01 -1.3528E-02  4.6004E-02  6.8897E-02
  1.0883E-01 -1.3773E-02  4.6687E-02  6.9843E-02
  1.0984E-01 -1.4023E-02  4.7378E-02  7.0800E-02
  1.1086E-01 -1.4277E-02  4.8078E-02  7.1766E-02
  1.1189E-01 -1.4536E-02  4.8787E-02  7.2743E-02
  1.1293E-01 -1.4799E-02  4.9506E-02  7.3730E-02
  1.1398E-01 -1.5067E-02  5.0234E-02  7.4728E-02
  1.1504E-01 -1.5340E-02  5.0970E-02  7.5736E-02
  1.1611E-01 -1.5617E-02  5.1717E-02  7.6754E-02
  1.1719E-01 -1.5899E-02  5.2473E-02  7.7783E-02
  1.1829E-01 -1.6186E-02  5.3238E-02  7.8822E-02
  1.1939E-01 -1.6478E-02  5.4013E-02  7.9872E-02
  1.2050E-01 -1.6775E-02  5.4798E-02  8.0932E-02
  1.2162E-01 -1.7077E-02  5.5593E-02  8.2003E-02
  1.2275E-01 -1.7385E-02  5.6398E-02  8.3085E-02
  1.2389E-01 -1.7698E-02  5.7212E-02  8.4177E-02
  1.2504E-01 -1.8016E-02  5.8037E-02  8.5279E-02
  1.2620E-01 -1.8339E-02  5.8872E-02  8.6392E-02
  1.2738E-01 -1.8669E-02  5.9718E-02  8.7516E-02
  1.2856E-01 -1.9003E-02  6.0574E-02  8.8651E-02
  1.2976E-01 -1.9344E-02  6.1440E-02  8.9796E-02
  1.3097E-01 -1.9690E-02  6.2317E-02  9.0951E-02
  1.3218E-01 -2.0043E-02  6.3205E-02  9.2118E-02
  1.3341E-01 -2.0401E-02  6.4104E-02  9.3295E-02
  1.3465E-01 -2.0765E-02  6.5013E-02  9.4483E-02
  1.3591E-01 -2.1136E-02  6.5934E-02  9.5681E-02
  1.3717E-01 -2.1513E-02  6.6865E-02  9.6890E-02
  1.3845E-01 -2.1896E-02  6.7808E-02  9.8110E-02
  1.3973E-01 -2.2286E-02  6.8762E-02  9.9340E-02
  1.4103E-01 -2.2682E-02  6.9727E-02  1.0058E-01
  1.4235E-01 -2.3085E-02  7.0704E-02  1.0183E-01
  1.4367E-01 -2.3495E-02  7.1693E-02  1.0309E-01
  1.4501E-01 -2.3911E-02  7.2693E-02  1.0437E-01
  1.4635E-01 -2.4335E-02  7.3705E-02  1.0565E-01
  1.4772E-01 -2.4765E-02  7.4728E-02  1.0694E-01
  1.4909E-01 -2.5203E-02  7.5764E-02  1.0825E-01
  1.5048E-01 -2.5648E-02  7.6812E-02  1.0956E-01
  1.5188E-01 -2.6100E-02  7.7872E-02  1.1089E-01
  1.5329E-01 -2.6560E-02  7.8944E-02  1.1222E-01
  1.5471E-01 -2.7027E-02  8.0029E-02  1.1357E-01
  1.5615E-01 -2.7502E-02  8.1126E-02  1.1492E-01
  1.5761E-01 -2.7985E-02  8.2235E-02  1.1629E-01
  1.5907E-01 -2.8476E-02  8.3357E-02  1.1767E-01
  1.6055E-01 -2.8974E-02  8.4492E-02  1.1905E-01
  1.6204E-01 -2.9481E-02  8.5640E-02  1.2045E-01
  1.6355E-01 -2.9996E-02  8.6800E-02  1.2185E-01
  1.6507E-01 -3.0519E-02  8.7974E-02  1.2327E-01
  1.6661E-01 -3.1050E-02  8.9161E-02  1.2469E-01
  1.6816E-01 -3.1590E-02  9.0361E-02  1.2613E-01
  1.6972E-01 -3.2139E-02  9.1574E-02  1.2757E-01
  1.7130E-01 -3.2697E-02  9.2801E-02  1.2903E-01
  1.7289E-01 -3.3263E-02  9.4041E-02  1.3049E-01
  1.7450E-01 -3.3838E-02  9.5295E-02  1.3197E-01
  1.7612E-01 -3.4422E-02  9.6562E-02  1.3345E-01
  1.7776E-01 -3.5015E-02  9.7844E-02  1.3494E-01
  1.7942E-01 -3.5618E-02  9.9139E-02  1.3644E-01
  1.8109E-01 -3.6230E-02  1.0045E-01  1.3795E-01
  1.8277E-01 -3.6851E-02  1.0177E-01  1.3947E-01
  1.8447E-01 -3.7482E-02  1.0311E-01  1.4099E-01
  1.8619E-01 -3.8123E-02  1.0446E-01  1.4253E-01
  1.8792E-01 -3.8774E-02  1.0583E-01  1.4407E-01
  1.8966E-01 -3.9434E-02  1.0721E-01  1.4562E-01
  1.9143E-01 -4.0104E-02  1.0860E-01  1.4719E-01
  1.9321E-01 -4.0785E-02  1.1001E-01  1.4875E-01
  1.9501E-01 -4.1476E-02  1.1144E-01  1.5033E-01
  1.9682E-01 -4.2176E-02  1.1288E-01  1.5191E-01
  1.9865E-01 -4.2888E-02  1.1433E-01  1.5350E-01
  2.0050E-01 -4.3610E-02  1.1580E-01  1.5510E-01
  2.0236E-01 -4.4342E-02  1.1728E-01  1.5671E-01
  2.0425E-01 -4.5085E-02  1.1878E-01  1.5832E-01
  2.0615E-01 -4.5839E-02  1.2030E-01  1.5994E-01
  2.0806E-01 -4.6604E-02  1.2183E-01  1.6157E-01
  2.1000E-01 -4.7380E-02  1.2337E-01  1.6320E-01
  2.1195E-01 -4.8167E-02  1.2493E-01  1.6484E-01
  2.1392E-01 -4.8965E-02  1.2651E-01  1.6649E-01
  2.1591E-01 -4.9774E-02  1.2810E-01  1.6814E-01
  2.1792E-01 -5.0594E-02  1.2971E-01  1.6980E-01
  2.1995E-01 -5.1426E-02  1.3133E-01  1.7146E-01
  2.2199E-01 -5.2270E-02  1.3297E-01  1.7313E-01
  2.2406E-01 -5.3124E-02  1.3463E-01  1.7480E-01
  2.2614E-01 -5.3991E-02  1.3630E-01  1.7648E-01
  2.2824E-01 -5.4869E-02  1.3798E-01  1.7816E-01
  2.3037E-01 -5.5759E-02  1.3969E-01  1.7985E-01
  2.3251E-01 -5.6660E-02  1.4141E-01  1.8154E-01
  2.3467E-01 -5.7574E-02  1.4314E-01  1.8324E-01
  2.3686E-01 -5.8499E-02  1.4490E-01  1.8494E-01
  2.3906E-01 -5.9436E-02  1.4667E-01  1.8664E-01
  2.4128E-01 -6.0385E-02  1.4845E-01  1.8835E-01
  2.4353E-01 -6.1346E-02  1.5025E-01  1.9006E-01
  2.4579E-01 -6.2319E-02  1.5207E-01  1.9177E-01
  2.4808E-01 -6.3303E-02  1.5391E-01  1.9349E-01
  2.5038E-01 -6.4300E-02  1.5576E-01  1.9521E-01
  2.5271E-01 -6.5309E-02  1.5763E-01  1.9693E-01
  2.5506E-01 -6.6330E-02  1.5951E-01  1.9865E-01
  2.5744E-01 -6.7363E-02  1.6141E-01  2.0038E-01
  2.5983E-01 -6.8408E-02  1.6333E-01  2.0210E-01
  2.6225E-01 -6.9465E-02  1.6527E-01  2.0383E-01
  2.6469E-01 -7.0533E-02  1.6722E-01  2.0556E-01
  2.6715E-01 -7.1614E-02  1.6919E-01  2.0728E-01
  2.6963E-01 -7.2706E-02  1.7118E-01  2.0901E-01
  2.7214E-01 -7.3810E-02  1.7318E-01  2.1074E-01
  2.7467E-01 -7.4926E-02  1.7520E-01  2.1247E-01
  2.7723E-01 -7.6054E-02  1.7724E-01  2.1420E-01
  2.7981E-01 -7.7192E-02  1.7929E-01  2.1592E-01
  2.8241E-01 -7.8343E-02  1.8136E-01  2.1765E-01
  2.8503E-01 -7.9504E-02  1.8345E-01  2.1937E-01
  2.8769E-01 -8.0677E-02  1.8556E-01  2.2110E-01
  2.9036E-01 -8.1860E-02  1.8768E-01  2.2282E-01
  2.9306E-01 -8.3055E-02  1.8982E-01  2.2454E-01
  2.9579E-01 -8.4260E-02  1.9197E-01  2.2625E-01
  2.9854E-01 -8.5475E-02  1.9414E-01  2.2797E-01
  3.0132E-01 -8.6701E-02  1.9633E-01  2.2968E-01
  3.0412E-01 -8.7936E-02  1.9854E-01  2.3139E-01
  3.0695E-01 -8.9182E-02  2.0076E-01  2.3309E-01
  3.0980E-01 -9.0437E-02  2.0300E-01  2.3479E-01
  3.1268E-01 -9.1701E-02  2.0525E-01  2.3649E-01
  3.1559E-01 -9.2974E-02  2.0752E-01  2.3818E-01
  3.1853E-01 -9.4256E-02  2.0981E-01  2.3986E-01
  3.2149E-01 -9.5546E-02  2.1212E-01  2.4154E-01
  3.2448E-01 -9.6844E-02  2.1443E-01  2.4322E-01
  3.2750E-01 -9.8150E-02  2.1677E-01  2.4489E-01
  3.3054E-01 -9.9463E-02  2.1912E-01  2.4656E-01
  3.3362E-01 -1.0078E-01  2.2149E-01  2.4822E-01
  3.3672E-01 -1.0211E-01  2.2387E-01  2.4987E-01
  3.3985E-01 -1.0344E-01  2.2627E-01  2.5152E-01
  3.4301E-01 -1.0478E-01  2.2868E-01  2.5315E-01
  3.4620E-01 -1.0612E-01  2.3110E-01  2.5479E-01
  3.4942E-01 -1.0747E-01  2.3355E-01  2.5641E-01
  3.5267E-01 -1.0882E-01  2.3600E-01  2.5803E-01
  3.5595E-01 -1.1017E-01  2.3847E-01  2.5964E-01
  3.5927E-01 -1.1153E-01  2.4095E-01  2.6124E-01
  3.6261E-01 -1.1288E-01  2.4345E-01  2.6283E-01
  3.6598E-01 -1.1424E-01  2.4596E-01  2.6442E-01
  3.6938E-01 -1.1560E-01  2.4849E-01  2.6599E-01
  3.7282E-01 -1.1696E-01  2.5102E-01  2.6756E-01
  3.7629E-01 -1.1832E-01  2.5357E-01  2.6912E-01
  3.7979E-01 -1.1967E-01  2.5613E-01  2.7067E-01
  3.8332E-01 -1.2103E-01  2.5870E-01  2.7221E-01
  3.8688E-01 -1.2237E-01  2.6128E-01  2.7374E-01
  3.9048E-01 -1.2372E-01  2.6388E-01  2.7526E-01
  3.9411E-01 -1.2506E-01  2.6648E-01  2.7677E-01
  3.9778E-01 -1.2639E-01  2.6910E-01  2.7827E-01
  4.0148E-01 -1.2771E-01  2.7172E-01  2.7976E-01
  4.0521E-01 -1.2903E-01  2.7435E-01  2.8124E-01
  4.0898E-01 -1.3033E-01  2.7699E-01  2.8271E-01
  4.1279E-01 -1.3163E-01  2.7964E-01  2.8416E-01
  4.1663E-01 -1.3291E-01  2.8230E-01  2.8561E-01
  4.2050E-01 -1.3418E-01  2.8496E-01  2.8705E-01
  4.2441E-01 -1.3543E-01  2.8763E-01  2.8848E-01
  4.2836E-01 -1.3667E-01  2.9031E-01  2.8989E-01
  4.3234E-01 -1.3788E-01  2.9299E-01  2.9130E-01
  4.3637E-01 -1.3908E-01  2.9567E-01  2.9269E-01
  4.4042E-01 -1.4026E-01  2.9836E-01  2.9408E-01
  4.4452E-01 -1.4141E-01  3.0105E-01  2.9545E-01
  4.4865E-01 -1.4254E-01  3.0374E-01  2.9681E-01
  4.5283E-01 -1.4365E-01  3.0644E-01  2.9816E-01
  4.5704E-01 -1.4473E-01  3.0914E-01  2.9950E-01
  4.6129E-01 -1.4577E-01  3.1183E-01  3.0083E-01
  4.6558E-01 -1.4679E-01  3.1453E-01  3.0216E-01
  4.6991E-01 -1.4777E-01  3.1722E-01  3.0347E-01
  4.7428E-01 -1.4872E-01  3.1991E-01  3.0477E-01
  4.7869E-01 -1.4963E-01  3.2260E-01  3.0606E-01
  4.8315E-01 -1.5050E-01  3.2528E-01  3.0734E-01
  4.8764E-01 -1.5133E-01  3.2796E-01  3.0861E-01
  4.9217E-01 -1.5211E-01  3.3063E-01  3.0987E-01
  4.9675E-01 -1.5285E-01  3.3330E-01  3.1112E-01
  5.0137E-01 -1.5354E-01  3.3595E-01  3.1237E-01
  5.0604E-01 -1.5418E-01  3.3860E-01  3.1360E-01
  5.1074E-01 -1.5476E-01  3.4124E-01  3.1483E-01
  5.1549E-01 -1.5529E-01  3.4387E-01  3.1605E-01
  5.2029E-01 -1.5576E-01  3.4648E-01  3.1726E-01
  5.2513E-01 -1.5616E-01  3.4908E-01  3.1847E-01
  5.3001E-01 -1.5651E-01  3.5167E-01  3.1967E-01
  5.3494E-01 -1.5678E-01  3.5425E-01  3.2086E-01
  5.3992E-01 -1.5699E-01  3.5680E-01  3.2205E-01
  5.4494E-01 -1.5712E-01  3.5934E-01  3.2323E-01
  5.5001E-01 -1.5717E-01  3.6186E-01  3.2441E-01
  5.5512E-01 -1.5715E-01  3.6436E-01  3.2559E-01
  5.6029E-01 -1.5704E-01  3.6684E-01  3.2676E-01
  5.6550E-01 -1.5684E-01  3.6930E-01  3.2793E-01
  5.7076E-01 -1.5656E-01  3.7173E-01  3.2909E-01
  5.7606E-01 -1.5619E-01  3.7415E-01  3.3026E-01
  5.8142E-01 -1.5571E-01  3.7653E-01  3.3143E-01
  5.8683E-01 -1.5514E-01  3.7889E-01  3.3259E-01
  5.9229E-01 -1.5446E-01  3.8123E-01  3.3376E-01
  5.9780E-01 -1.5368E-01  3.8353E-01  3.3493E-01
  6.0336E-01 -1.5279E-01  3.8581E-01  3.3610E-01
  6.0897E-01 -1.5178E-01  3.8805E-01  3.3727E-01
  6.1463E-01 -1.5065E-01  3.9027E-01  3.3845E-01
  6.2035E-01 -1.4940E-01  3.9245E-01  3.3964E-01
  6.2612E-01 -1.4802E-01  3.9460E-01  3.4083E-01
  6.3194E-01 -1.4652E-01  3.9672E-01  3.4203E-01
  6.3782E-01 -1.4487E-01  3.9881E-01  3.4324E-01
  6.4375E-01 -1.4309E-01  4.0085E-01  3.4446E-01
  6.4974E-01 -1.4117E-01  4.0287E-01  3.4569E-01
  6.5578E-01 -1.3910E-01  4.0485E-01  3.4693E-01
  6.6188E-01 -1.3688E-01  4.0679E-01  3.4819E-01
  6.6804E-01 -1.3450E-01  4.0869E-01  3.4946E-01
  6.7425E-01 -1.3196E-01  4.1056E-01  3.5075E-01
  6.8053E-01 -1.2926E-01  4.1239E-01  3.5205E-01
  6.8685E-01 -1.2639E-01  4.1419E-01  3.5338E-01
  6.9324E-01 -1.2335E-01  4.1594E-01  3.5473E-01
  6.9969E-01 -1.2013E-01  4.1767E-01  3.5610E-01
  7.0620E-01 -1.1674E-01  4.1935E-01  3.5749E-01
  7.1277E-01 -1.1315E-01  4.2100E-01  3.5891E-01
  7.1940E-01 -1.0938E-01  4.2261E-01  3.6036E-01
  7.2609E-01 -1.0541E-01  4.2419E-01  3.6183E-01
  7.3284E-01 -1.0124E-01  4.2574E-01  3.6334E-01
  7.3966E-01 -9.6871E-02  4.2725E-01  3.6488E-01
  7.4654E-01 -9.2295E-02  4.2873E-01  3.6646E-01
  7.5348E-01 -8.7509E-02  4.3019E-01  3.6808E-01
  7.6049E-01 -8.2509E-02  4.3161E-01  3.6973E-01
  7.6756E-01 -7.7290E-02  4.3301E-01  3.7143E-01
  7.7470E-01 -7.1850E-02  4.3439E-01  3.7317E-01
  7.8191E-01 -6.6183E-02  4.3574E-01  3.7495E-01
  7.8918E-01 -6.0288E-02  4.3708E-01  3.7679E-01
  7.9652E-01 -5.4159E-02  4.3840E-01  3.7868E-01
  8.0393E-01 -4.7795E-02  4.3971E-01  3.8062E-01
  8.1140E-01 -4.1191E-02  4.4101E-01  3.8262E-01
  8.1895E-01 -3.4345E-02  4.4230E-01  3.8468E-01
  8.2657E-01 -2.7253E-02  4.4359E-01  3.8680E-01
  8.3426E-01 -1.9914E-02  4.4489E-01  3.8899E-01
  8.4202E-01 -1.2325E-02  4.4619E-01  3.9124E-01
  8.4985E-01 -4.4834E-03  4.4750E-01  3.9357E-01
  8.5775E-01  3.6129E-03  4.4883E-01  3.9597E-01
  8.6573E-01  1.1966E-02  4.5019E-01  3.9845E-01
  8.7378E-01  2.0576E-02  4.5157E-01  4.0101E-01
  8.8191E-01  2.9446E-02  4.5298E-01  4.0366E-01
  8.9011E-01  3.8576E-02  4.5444E-01  4.0640E-01
  8.9839E-01  4.7967E-02  4.5595E-01  4.0923E-01
  9.0675E-01  5.7620E-02  4.5751E-01  4.1216E-01
  9.1518E-01  6.7534E-02  4.5913E-01  4.1519E-01
  9.2369E-01  7.7710E-02  4.6082E-01  4.1832E-01
  9.3228E-01  8.8147E-02  4.6259E-01  4.2157E-01
  9.4095E-01  9.8845E-02  4.6444E-01  4.2493E-01
  9.4971E-01  1.0980E-01  4.6639E-01  4.2841E-01
  9.5854E-01  1.2102E-01  4.6845E-01  4.3202E-01
  9.6745E-01  1.3249E-01  4.7061E-01  4.3575E-01
  9.7645E-01  1.4421E-01  4.7290E-01  4.3963E-01
  9.8554E-01  1.5619E-01  4.7533E-01  4.4364E-01
  9.9470E-01  1.6842E-01  4.7789E-01  4.4780E-01
  1.0040E+00  1.8089E-01  4.8061E-01  4.5211E-01
  1.0133E+00  1.9361E-01  4.8349E-01  4.5658E-01
  1.0227E+00  2.0656E-01  4.8655E-01  4.6121E-01
  1.0322E+00  2.1975E-01  4.8980E-01  4.6602E-01
  1.0418E+00  2.3318E-01  4.9324E-01  4.7100E-01
  1.0515E+00  2.4683E-01  4.9689E-01  4.7618E-01
  1.0613E+00  2.6070E-01  5.0077E-01  4.8154E-01
  1.0712E+00  2.7479E-01  5.0488E-01  4.8711E-01
  1.0811E+00  2.8910E-01  5.0923E-01  4.9288E-01
  1.0912E+00  3.0361E-01  5.1385E-01  4.9888E-01
  1.1013E+00  3.1833E-01  5.1873E-01  5.0510E-01
  1.1116E+00  3.3325E-01  5.2390E-01  5.1156E-01
  1.1219E+00  3.4836E-01  5.2937E-01  5.1826E-01
  1.1324E+00  3.6366E-01  5.3515E-01  5.2522E-01
  1.1429E+00  3.7915E-01  5.4125E-01  5.3244E-01
  1.1535E+00  3.9482E-01  5.4769E-01  5.3994E-01
  1.1642E+00  4.1066E-01  5.5448E-01  5.4773E-01
  1.1751E+00  4.2668E-01  5.6164E-01  5.5582E-01
  1.1860E+00  4.4287E-01  5.6917E-01  5.6422E-01
  1.1970E+00  4.5923E-01  5.7710E-01  5.7294E-01
  1.2082E+00  4.7576E-01  5.8543E-01  5.8200E-01
  1.2194E+00  4.9246E-01  5.9418E-01  5.9142E-01
  1.2307E+00  5.0933E-01  6.0337E-01  6.0120E-01
  1.2422E+00  5.2636E-01  6.1301E-01  6.1136E-01
  1.2537E+00  5.4357E-01  6.2311E-01  6.2193E-01
  1.2654E+00  5.6096E-01  6.3368E-01  6.3290E-01
  1.2772E+00  5.7853E-01  6.4476E-01  6.4431E-01
  1.2891E+00  5.9629E-01  6.5634E-01  6.5617E-01
  1.3010E+00  6.1425E-01  6.6844E-01  6.6850E-01
  1.3131E+00  6.3242E-01  6.8109E-01  6.8132E-01
  1.3254E+00  6.5082E-01  6.9430E-01  6.9465E-01
  1.3377E+00  6.6946E-01  7.0808E-01  7.0852E-01
  1.3501E+00  6.8836E-01  7.2245E-01  7.2294E-01
  1.3627E+00  7.0754E-01  7.3744E-01  7.3794E-01
  1.3754E+00  7.2703E-01  7.5306E-01  7.5355E-01
  1.3882E+00  7.4684E-01  7.6934E-01  7.6979E-01
  1.4011E+00  7.6702E-01  7.8630E-01  7.8669E-01
  1.4141E+00  7.8759E-01  8.0396E-01  8.0429E-01
  1.4273E+00  8.0858E-01  8.2234E-01  8.2260E-01
  1.4405E+00  8.3005E-01  8.4149E-01  8.4167E-01
  1.4539E+00  8.5203E-01  8.6142E-01  8.6154E-01
  1.4674E+00  8.7457E-01  8.8216E-01  8.8222E-01
  1.4811E+00  8.9772E-01  9.0376E-01  9.0377E-01
  1.4949E+00  9.2154E-01  9.2626E-01  9.2623E-01
  1.5088E+00  9.4608E-01  9.4969E-01  9.4963E-01
  1.5228E+00  9.7141E-01  9.7410E-01  9.7403E-01
  1.5370E+00  9.9759E-01  9.9955E-01  9.9946E-01
  1.5513E+00  1.0247E+00  1.0261E+00  1.0260E+00
  1.5657E+00  1.0528E+00  1.0537E+00  1.0536E+00
  1.5803E+00  1.0820E+00  1.0826E+00  1.0825E+00
  1.5950E+00  1.1123E+00  1.1127E+00  1.1126E+00
  1.6098E+00  1.1439E+00  1.1441E+00  1.1440E+00
  1.6248E+00  1.1768E+00  1.1769E+00  1.1768E+00
  1.6399E+00  1.2111E+00  1.2111E+00  1.2111E+00
  1.6551E+00  1.2469E+00  1.2469E+00  1.2469E+00
  1.6705E+00  1.2843E+00  1.2843E+00  1.2842E+00
  1.6861E+00  1.3233E+00  1.3233E+00  1.3233E+00
  1.7017E+00  1.3641E+00  1.3641E+00  1.3641E+00
  1.7176E+00  1.4068E+00  1.4068E+00  1.4068E+00
  1.7335E+00  1.4514E+00  1.4514E+00  1.4514E+00
  1.7497E+00  1.4981E+00  1.4981E+00  1.4981E+00
  1.7659E+00  1.5469E+00  1.5469E+00  1.5470E+00
  1.7824E+00  1.5980E+00  1.5980E+00  1.5981E+00
  1.7989E+00  1.6516E+00  1.6516E+00  1.6516E+00
  1.8157E+00  1.7076E+00  1.7076E+00  1.7077E+00
  1.8326E+00  1.7663E+00  1.7663E+00  1.7664E+00
  1.8496E+00  1.8278E+00  1.8278E+00  1.8280E+00
  1.8668E+00  1.8923E+00  1.8923E+00  1.8925E+00
