 # l=           2 energy=  -5.00000000000000     
  0.0000E+00  0.0000E+00  0.0000E+00  0.0000E+00
  8.4554E-09  1.8059E-25  1.8059E-25  6.5071E-25
  1.6990E-08  1.4650E-24  1.4650E-24  5.2786E-24
  2.5603E-08  5.0137E-24  5.0137E-24  1.8065E-23
  3.4297E-08  1.2051E-23  1.2051E-23  4.3424E-23
  4.3071E-08  2.3869E-23  2.3869E-23  8.6006E-23
  5.1927E-08  4.1828E-23  4.1828E-23  1.5072E-22
  6.0865E-08  6.7359E-23  6.7359E-23  2.4271E-22
  6.9887E-08  1.0197E-22  1.0197E-22  3.6742E-22
  7.8992E-08  1.4724E-22  1.4724E-22  5.3056E-22
  8.8183E-08  2.0485E-22  2.0485E-22  7.3812E-22
  9.7458E-08  2.7653E-22  2.7653E-22  9.9640E-22
  1.0682E-07  3.6412E-22  3.6412E-22  1.3120E-21
  1.1627E-07  4.6954E-22  4.6954E-22  1.6919E-21
  1.2581E-07  5.9482E-22  5.9482E-22  2.1433E-21
  1.3543E-07  7.4207E-22  7.4207E-22  2.6738E-21
  1.4515E-07  9.1349E-22  9.1349E-22  3.2915E-21
  1.5495E-07  1.1114E-21  1.1114E-21  4.0047E-21
  1.6485E-07  1.3383E-21  1.3383E-21  4.8221E-21
  1.7484E-07  1.5966E-21  1.5966E-21  5.7528E-21
  1.8492E-07  1.8890E-21  1.8890E-21  6.8065E-21
  1.9509E-07  2.2183E-21  2.2183E-21  7.9930E-21
  2.0536E-07  2.5874E-21  2.5874E-21  9.3229E-21
  2.1573E-07  2.9993E-21  2.9993E-21  1.0807E-20
  2.2619E-07  3.4571E-21  3.4571E-21  1.2457E-20
  2.3675E-07  3.9642E-21  3.9642E-21  1.4284E-20
  2.4741E-07  4.5240E-21  4.5240E-21  1.6301E-20
  2.5817E-07  5.1401E-21  5.1401E-21  1.8521E-20
  2.6902E-07  5.8163E-21  5.8163E-21  2.0957E-20
  2.7998E-07  6.5563E-21  6.5563E-21  2.3624E-20
  2.9104E-07  7.3644E-21  7.3644E-21  2.6536E-20
  3.0220E-07  8.2446E-21  8.2446E-21  2.9707E-20
  3.1347E-07  9.2015E-21  9.2015E-21  3.3155E-20
  3.2484E-07  1.0240E-20  1.0240E-20  3.6896E-20
  3.3632E-07  1.1364E-20  1.1364E-20  4.0946E-20
  3.4790E-07  1.2579E-20  1.2579E-20  4.5325E-20
  3.5959E-07  1.3890E-20  1.3890E-20  5.0049E-20
  3.7139E-07  1.5303E-20  1.5303E-20  5.5140E-20
  3.8330E-07  1.6823E-20  1.6823E-20  6.0617E-20
  3.9532E-07  1.8456E-20  1.8456E-20  6.6500E-20
  4.0745E-07  2.0208E-20  2.0208E-20  7.2813E-20
  4.1970E-07  2.2085E-20  2.2085E-20  7.9577E-20
  4.3206E-07  2.4094E-20  2.4094E-20  8.6816E-20
  4.4453E-07  2.6241E-20  2.6241E-20  9.4554E-20
  4.5712E-07  2.8535E-20  2.8535E-20  1.0282E-19
  4.6983E-07  3.0981E-20  3.0981E-20  1.1163E-19
  4.8265E-07  3.3588E-20  3.3588E-20  1.2103E-19
  4.9560E-07  3.6364E-20  3.6364E-20  1.3103E-19
  5.0866E-07  3.9316E-20  3.9316E-20  1.4167E-19
  5.2185E-07  4.2454E-20  4.2454E-20  1.5297E-19
  5.3516E-07  4.5786E-20  4.5786E-20  1.6498E-19
  5.4859E-07  4.9321E-20  4.9321E-20  1.7771E-19
  5.6215E-07  5.3069E-20  5.3069E-20  1.9122E-19
  5.7583E-07  5.7039E-20  5.7039E-20  2.0553E-19
  5.8964E-07  6.1243E-20  6.1243E-20  2.2067E-19
  6.0358E-07  6.5690E-20  6.5690E-20  2.3670E-19
  6.1765E-07  7.0391E-20  7.0391E-20  2.5364E-19
  6.3185E-07  7.5359E-20  7.5359E-20  2.7153E-19
  6.4619E-07  8.0604E-20  8.0604E-20  2.9043E-19
  6.6065E-07  8.6139E-20  8.6139E-20  3.1038E-19
  6.7525E-07  9.1977E-20  9.1977E-20  3.3142E-19
  6.8999E-07  9.8131E-20  9.8131E-20  3.5359E-19
  7.0486E-07  1.0461E-19  1.0461E-19  3.7695E-19
  7.1987E-07  1.1144E-19  1.1144E-19  4.0155E-19
  7.3502E-07  1.1863E-19  1.1863E-19  4.2744E-19
  7.5031E-07  1.2619E-19  1.2619E-19  4.5468E-19
  7.6575E-07  1.3414E-19  1.3414E-19  4.8332E-19
  7.8133E-07  1.4249E-19  1.4249E-19  5.1342E-19
  7.9705E-07  1.5126E-19  1.5126E-19  5.4504E-19
  8.1292E-07  1.6048E-19  1.6048E-19  5.7825E-19
  8.2893E-07  1.7015E-19  1.7015E-19  6.1311E-19
  8.4510E-07  1.8030E-19  1.8030E-19  6.4968E-19
  8.6142E-07  1.9095E-19  1.9095E-19  6.8804E-19
  8.7788E-07  2.0211E-19  2.0211E-19  7.2826E-19
  8.9450E-07  2.1381E-19  2.1381E-19  7.7041E-19
  9.1128E-07  2.2607E-19  2.2607E-19  8.1457E-19
  9.2821E-07  2.3890E-19  2.3890E-19  8.6082E-19
  9.4530E-07  2.5234E-19  2.5234E-19  9.0925E-19
  9.6255E-07  2.6641E-19  2.6641E-19  9.5993E-19
  9.7995E-07  2.8113E-19  2.8113E-19  1.0130E-18
  9.9752E-07  2.9652E-19  2.9652E-19  1.0684E-18
  1.0153E-06  3.1262E-19  3.1262E-19  1.1264E-18
  1.0332E-06  3.2944E-19  3.2944E-19  1.1871E-18
  1.0512E-06  3.4703E-19  3.4703E-19  1.2504E-18
  1.0695E-06  3.6540E-19  3.6540E-19  1.3166E-18
  1.0879E-06  3.8459E-19  3.8459E-19  1.3858E-18
  1.1064E-06  4.0463E-19  4.0463E-19  1.4580E-18
  1.1252E-06  4.2554E-19  4.2554E-19  1.5333E-18
  1.1441E-06  4.4737E-19  4.4737E-19  1.6120E-18
  1.1632E-06  4.7015E-19  4.7015E-19  1.6941E-18
  1.1825E-06  4.9391E-19  4.9391E-19  1.7797E-18
  1.2019E-06  5.1869E-19  5.1869E-19  1.8690E-18
  1.2216E-06  5.4453E-19  5.4453E-19  1.9621E-18
  1.2414E-06  5.7147E-19  5.7147E-19  2.0591E-18
  1.2614E-06  5.9954E-19  5.9954E-19  2.1603E-18
  1.2816E-06  6.2878E-19  6.2878E-19  2.2657E-18
  1.3019E-06  6.5925E-19  6.5925E-19  2.3754E-18
  1.3225E-06  6.9099E-19  6.9099E-19  2.4898E-18
  1.3433E-06  7.2404E-19  7.2404E-19  2.6089E-18
  1.3642E-06  7.5844E-19  7.5844E-19  2.7328E-18
  1.3854E-06  7.9426E-19  7.9426E-19  2.8619E-18
  1.4067E-06  8.3153E-19  8.3153E-19  2.9962E-18
  1.4282E-06  8.7032E-19  8.7032E-19  3.1359E-18
  1.4500E-06  9.1067E-19  9.1067E-19  3.2813E-18
  1.4719E-06  9.5264E-19  9.5264E-19  3.4326E-18
  1.4941E-06  9.9629E-19  9.9629E-19  3.5898E-18
  1.5164E-06  1.0417E-18  1.0417E-18  3.7534E-18
  1.5390E-06  1.0889E-18  1.0889E-18  3.9234E-18
  1.5617E-06  1.1379E-18  1.1379E-18  4.1001E-18
  1.5847E-06  1.1889E-18  1.1889E-18  4.2838E-18
  1.6079E-06  1.2419E-18  1.2419E-18  4.4747E-18
  1.6313E-06  1.2969E-18  1.2969E-18  4.6730E-18
  1.6550E-06  1.3541E-18  1.3541E-18  4.8790E-18
  1.6788E-06  1.4134E-18  1.4134E-18  5.0930E-18
  1.7029E-06  1.4751E-18  1.4751E-18  5.3152E-18
  1.7272E-06  1.5392E-18  1.5392E-18  5.5459E-18
  1.7517E-06  1.6056E-18  1.6056E-18  5.7855E-18
  1.7764E-06  1.6747E-18  1.6747E-18  6.0342E-18
  1.8014E-06  1.7463E-18  1.7463E-18  6.2923E-18
  1.8266E-06  1.8207E-18  1.8207E-18  6.5602E-18
  1.8521E-06  1.8978E-18  1.8978E-18  6.8382E-18
  1.8777E-06  1.9779E-18  1.9779E-18  7.1266E-18
  1.9037E-06  2.0609E-18  2.0609E-18  7.4259E-18
  1.9298E-06  2.1470E-18  2.1470E-18  7.7362E-18
  1.9562E-06  2.2364E-18  2.2364E-18  8.0581E-18
  1.9829E-06  2.3290E-18  2.3290E-18  8.3920E-18
  2.0098E-06  2.4251E-18  2.4251E-18  8.7382E-18
  2.0369E-06  2.5247E-18  2.5247E-18  9.0971E-18
  2.0643E-06  2.6280E-18  2.6280E-18  9.4692E-18
  2.0920E-06  2.7350E-18  2.7350E-18  9.8548E-18
  2.1199E-06  2.8460E-18  2.8460E-18  1.0255E-17
  2.1481E-06  2.9609E-18  2.9609E-18  1.0669E-17
  2.1765E-06  3.0801E-18  3.0801E-18  1.1098E-17
  2.2052E-06  3.2035E-18  3.2035E-18  1.1543E-17
  2.2342E-06  3.3314E-18  3.3314E-18  1.2004E-17
  2.2634E-06  3.4639E-18  3.4639E-18  1.2481E-17
  2.2929E-06  3.6012E-18  3.6012E-18  1.2976E-17
  2.3227E-06  3.7433E-18  3.7433E-18  1.3488E-17
  2.3528E-06  3.8906E-18  3.8906E-18  1.4019E-17
  2.3831E-06  4.0430E-18  4.0430E-18  1.4568E-17
  2.4137E-06  4.2009E-18  4.2009E-18  1.5137E-17
  2.4446E-06  4.3643E-18  4.3643E-18  1.5726E-17
  2.4758E-06  4.5335E-18  4.5335E-18  1.6335E-17
  2.5073E-06  4.7087E-18  4.7087E-18  1.6966E-17
  2.5391E-06  4.8900E-18  4.8900E-18  1.7620E-17
  2.5711E-06  5.0776E-18  5.0776E-18  1.8296E-17
  2.6035E-06  5.2718E-18  5.2718E-18  1.8996E-17
  2.6362E-06  5.4728E-18  5.4728E-18  1.9720E-17
  2.6692E-06  5.6807E-18  5.6807E-18  2.0469E-17
  2.7024E-06  5.8959E-18  5.8959E-18  2.1244E-17
  2.7360E-06  6.1185E-18  6.1185E-18  2.2046E-17
  2.7699E-06  6.3488E-18  6.3488E-18  2.2876E-17
  2.8042E-06  6.5870E-18  6.5870E-18  2.3734E-17
  2.8387E-06  6.8334E-18  6.8334E-18  2.4622E-17
  2.8735E-06  7.0882E-18  7.0882E-18  2.5540E-17
  2.9087E-06  7.3518E-18  7.3518E-18  2.6490E-17
  2.9442E-06  7.6243E-18  7.6243E-18  2.7472E-17
  2.9801E-06  7.9062E-18  7.9062E-18  2.8488E-17
  3.0162E-06  8.1976E-18  8.1976E-18  2.9538E-17
  3.0528E-06  8.4989E-18  8.4989E-18  3.0623E-17
  3.0896E-06  8.8104E-18  8.8104E-18  3.1746E-17
  3.1268E-06  9.1324E-18  9.1324E-18  3.2906E-17
  3.1643E-06  9.4652E-18  9.4652E-18  3.4105E-17
  3.2022E-06  9.8093E-18  9.8093E-18  3.5345E-17
  3.2405E-06  1.0165E-17  1.0165E-17  3.6626E-17
  3.2791E-06  1.0532E-17  1.0532E-17  3.7951E-17
  3.3180E-06  1.0912E-17  1.0912E-17  3.9319E-17
  3.3573E-06  1.1305E-17  1.1305E-17  4.0734E-17
  3.3970E-06  1.1710E-17  1.1710E-17  4.2195E-17
  3.4371E-06  1.2130E-17  1.2130E-17  4.3705E-17
  3.4775E-06  1.2563E-17  1.2563E-17  4.5265E-17
  3.5183E-06  1.3010E-17  1.3010E-17  4.6877E-17
  3.5595E-06  1.3472E-17  1.3472E-17  4.8543E-17
  3.6010E-06  1.3950E-17  1.3950E-17  5.0263E-17
  3.6430E-06  1.4443E-17  1.4443E-17  5.2040E-17
  3.6853E-06  1.4952E-17  1.4952E-17  5.3876E-17
  3.7280E-06  1.5478E-17  1.5478E-17  5.5772E-17
  3.7712E-06  1.6022E-17  1.6022E-17  5.7730E-17
  3.8147E-06  1.6583E-17  1.6583E-17  5.9752E-17
  3.8586E-06  1.7163E-17  1.7163E-17  6.1841E-17
  3.9030E-06  1.7761E-17  1.7761E-17  6.3997E-17
  3.9477E-06  1.8379E-17  1.8379E-17  6.6224E-17
  3.9929E-06  1.9018E-17  1.9018E-17  6.8524E-17
  4.0385E-06  1.9676E-17  1.9676E-17  7.0898E-17
  4.0845E-06  2.0357E-17  2.0357E-17  7.3349E-17
  4.1310E-06  2.1059E-17  2.1059E-17  7.5880E-17
  4.1779E-06  2.1784E-17  2.1784E-17  7.8493E-17
  4.2252E-06  2.2533E-17  2.2533E-17  8.1190E-17
  4.2729E-06  2.3305E-17  2.3305E-17  8.3974E-17
  4.3211E-06  2.4103E-17  2.4103E-17  8.6848E-17
  4.3698E-06  2.4926E-17  2.4926E-17  8.9814E-17
  4.4189E-06  2.5776E-17  2.5776E-17  9.2875E-17
  4.4684E-06  2.6653E-17  2.6653E-17  9.6035E-17
  4.5184E-06  2.7558E-17  2.7558E-17  9.9296E-17
  4.5689E-06  2.8492E-17  2.8492E-17  1.0266E-16
  4.6199E-06  2.9456E-17  2.9456E-17  1.0613E-16
  4.6713E-06  3.0450E-17  3.0450E-17  1.0972E-16
  4.7232E-06  3.1477E-17  3.1477E-17  1.1342E-16
  4.7756E-06  3.2536E-17  3.2536E-17  1.1723E-16
  4.8285E-06  3.3628E-17  3.3628E-17  1.2117E-16
  4.8818E-06  3.4756E-17  3.4756E-17  1.2523E-16
  4.9357E-06  3.5919E-17  3.5919E-17  1.2942E-16
  4.9900E-06  3.7119E-17  3.7119E-17  1.3375E-16
  5.0449E-06  3.8357E-17  3.8357E-17  1.3821E-16
  5.1003E-06  3.9634E-17  3.9634E-17  1.4281E-16
  5.1562E-06  4.0951E-17  4.0951E-17  1.4755E-16
  5.2126E-06  4.2310E-17  4.2310E-17  1.5245E-16
  5.2695E-06  4.3712E-17  4.3712E-17  1.5750E-16
  5.3270E-06  4.5158E-17  4.5158E-17  1.6271E-16
  5.3850E-06  4.6649E-17  4.6649E-17  1.6808E-16
  5.4435E-06  4.8187E-17  4.8187E-17  1.7362E-16
  5.5026E-06  4.9773E-17  4.9773E-17  1.7934E-16
  5.5623E-06  5.1409E-17  5.1409E-17  1.8523E-16
  5.6224E-06  5.3096E-17  5.3096E-17  1.9131E-16
  5.6832E-06  5.4836E-17  5.4836E-17  1.9758E-16
  5.7445E-06  5.6630E-17  5.6630E-17  2.0405E-16
  5.8064E-06  5.8480E-17  5.8480E-17  2.1071E-16
  5.8689E-06  6.0387E-17  6.0387E-17  2.1758E-16
  5.9319E-06  6.2354E-17  6.2354E-17  2.2467E-16
  5.9955E-06  6.4382E-17  6.4382E-17  2.3198E-16
  6.0597E-06  6.6473E-17  6.6473E-17  2.3951E-16
  6.1246E-06  6.8629E-17  6.8629E-17  2.4728E-16
  6.1900E-06  7.0852E-17  7.0852E-17  2.5529E-16
  6.2560E-06  7.3144E-17  7.3144E-17  2.6355E-16
  6.3227E-06  7.5506E-17  7.5506E-17  2.7206E-16
  6.3899E-06  7.7942E-17  7.7942E-17  2.8084E-16
  6.4578E-06  8.0452E-17  8.0452E-17  2.8988E-16
  6.5263E-06  8.3040E-17  8.3040E-17  2.9921E-16
  6.5955E-06  8.5708E-17  8.5708E-17  3.0882E-16
  6.6653E-06  8.8458E-17  8.8458E-17  3.1873E-16
  6.7357E-06  9.1293E-17  9.1293E-17  3.2894E-16
  6.8068E-06  9.4215E-17  9.4215E-17  3.3947E-16
  6.8786E-06  9.7226E-17  9.7226E-17  3.5032E-16
  6.9510E-06  1.0033E-16  1.0033E-16  3.6151E-16
  7.0241E-06  1.0353E-16  1.0353E-16  3.7303E-16
  7.0979E-06  1.0683E-16  1.0683E-16  3.8491E-16
  7.1724E-06  1.1022E-16  1.1022E-16  3.9715E-16
  7.2476E-06  1.1373E-16  1.1373E-16  4.0977E-16
  7.3234E-06  1.1733E-16  1.1733E-16  4.2278E-16
  7.4000E-06  1.2105E-16  1.2105E-16  4.3618E-16
  7.4773E-06  1.2489E-16  1.2489E-16  4.4998E-16
  7.5553E-06  1.2884E-16  1.2884E-16  4.6421E-16
  7.6340E-06  1.3291E-16  1.3291E-16  4.7888E-16
  7.7135E-06  1.3710E-16  1.3710E-16  4.9399E-16
  7.7937E-06  1.4142E-16  1.4142E-16  5.0956E-16
  7.8746E-06  1.4587E-16  1.4587E-16  5.2560E-16
  7.9563E-06  1.5046E-16  1.5046E-16  5.4213E-16
  8.0388E-06  1.5519E-16  1.5519E-16  5.5916E-16
  8.1220E-06  1.6006E-16  1.6006E-16  5.7670E-16
  8.2060E-06  1.6507E-16  1.6507E-16  5.9478E-16
  8.2908E-06  1.7024E-16  1.7024E-16  6.1341E-16
  8.3763E-06  1.7557E-16  1.7557E-16  6.3260E-16
  8.4627E-06  1.8106E-16  1.8106E-16  6.5237E-16
  8.5499E-06  1.8671E-16  1.8671E-16  6.7273E-16
  8.6378E-06  1.9253E-16  1.9253E-16  6.9371E-16
  8.7266E-06  1.9853E-16  1.9853E-16  7.1533E-16
  8.8163E-06  2.0471E-16  2.0471E-16  7.3759E-16
  8.9067E-06  2.1108E-16  2.1108E-16  7.6053E-16
  8.9980E-06  2.1763E-16  2.1763E-16  7.8416E-16
  9.0902E-06  2.2439E-16  2.2439E-16  8.0850E-16
  9.1832E-06  2.3135E-16  2.3135E-16  8.3357E-16
  9.2770E-06  2.3851E-16  2.3851E-16  8.5939E-16
  9.3718E-06  2.4589E-16  2.4589E-16  8.8599E-16
  9.4674E-06  2.5350E-16  2.5350E-16  9.1338E-16
  9.5639E-06  2.6133E-16  2.6133E-16  9.4160E-16
  9.6613E-06  2.6940E-16  2.6940E-16  9.7067E-16
  9.7596E-06  2.7771E-16  2.7771E-16  1.0006E-15
  9.8589E-06  2.8626E-16  2.8626E-16  1.0314E-15
  9.9590E-06  2.9508E-16  2.9508E-16  1.0632E-15
  1.0060E-05  3.0415E-16  3.0415E-16  1.0959E-15
  1.0162E-05  3.1350E-16  3.1350E-16  1.1296E-15
  1.0265E-05  3.2313E-16  3.2313E-16  1.1643E-15
  1.0369E-05  3.3304E-16  3.3304E-16  1.2000E-15
  1.0474E-05  3.4325E-16  3.4325E-16  1.2368E-15
  1.0580E-05  3.5377E-16  3.5377E-16  1.2747E-15
  1.0687E-05  3.6459E-16  3.6459E-16  1.3137E-15
  1.0795E-05  3.7574E-16  3.7574E-16  1.3538E-15
  1.0903E-05  3.8723E-16  3.8723E-16  1.3952E-15
  1.1013E-05  3.9905E-16  3.9905E-16  1.4378E-15
  1.1124E-05  4.1123E-16  4.1123E-16  1.4817E-15
  1.1236E-05  4.2376E-16  4.2376E-16  1.5269E-15
  1.1349E-05  4.3667E-16  4.3667E-16  1.5734E-15
  1.1463E-05  4.4997E-16  4.4997E-16  1.6213E-15
  1.1578E-05  4.6365E-16  4.6365E-16  1.6706E-15
  1.1694E-05  4.7775E-16  4.7775E-16  1.7214E-15
  1.1811E-05  4.9226E-16  4.9226E-16  1.7737E-15
  1.1930E-05  5.0720E-16  5.0720E-16  1.8275E-15
  1.2049E-05  5.2258E-16  5.2258E-16  1.8829E-15
  1.2170E-05  5.3842E-16  5.3842E-16  1.9400E-15
  1.2291E-05  5.5473E-16  5.5473E-16  1.9987E-15
  1.2414E-05  5.7152E-16  5.7152E-16  2.0592E-15
  1.2538E-05  5.8881E-16  5.8881E-16  2.1215E-15
  1.2663E-05  6.0660E-16  6.0660E-16  2.1856E-15
  1.2789E-05  6.2493E-16  6.2493E-16  2.2517E-15
  1.2917E-05  6.4379E-16  6.4379E-16  2.3196E-15
  1.3045E-05  6.6321E-16  6.6321E-16  2.3896E-15
  1.3175E-05  6.8320E-16  6.8320E-16  2.4616E-15
  1.3306E-05  7.0379E-16  7.0379E-16  2.5358E-15
  1.3438E-05  7.2497E-16  7.2497E-16  2.6121E-15
  1.3572E-05  7.4679E-16  7.4679E-16  2.6907E-15
  1.3706E-05  7.6924E-16  7.6924E-16  2.7716E-15
  1.3842E-05  7.9236E-16  7.9236E-16  2.8549E-15
  1.3980E-05  8.1615E-16  8.1615E-16  2.9406E-15
  1.4118E-05  8.4065E-16  8.4065E-16  3.0289E-15
  1.4258E-05  8.6586E-16  8.6586E-16  3.1197E-15
  1.4399E-05  8.9182E-16  8.9182E-16  3.2133E-15
  1.4541E-05  9.1854E-16  9.1854E-16  3.3095E-15
  1.4685E-05  9.4604E-16  9.4604E-16  3.4086E-15
  1.4830E-05  9.7435E-16  9.7435E-16  3.5106E-15
  1.4976E-05  1.0035E-15  1.0035E-15  3.6156E-15
  1.5124E-05  1.0335E-15  1.0335E-15  3.7237E-15
  1.5273E-05  1.0644E-15  1.0644E-15  3.8349E-15
  1.5424E-05  1.0961E-15  1.0961E-15  3.9494E-15
  1.5576E-05  1.1288E-15  1.1288E-15  4.0672E-15
  1.5729E-05  1.1625E-15  1.1625E-15  4.1885E-15
  1.5884E-05  1.1972E-15  1.1972E-15  4.3134E-15
  1.6040E-05  1.2328E-15  1.2328E-15  4.4419E-15
  1.6198E-05  1.2695E-15  1.2695E-15  4.5741E-15
  1.6357E-05  1.3073E-15  1.3073E-15  4.7103E-15
  1.6517E-05  1.3462E-15  1.3462E-15  4.8504E-15
  1.6679E-05  1.3862E-15  1.3862E-15  4.9946E-15
  1.6843E-05  1.4274E-15  1.4274E-15  5.1430E-15
  1.7008E-05  1.4698E-15  1.4698E-15  5.2957E-15
  1.7175E-05  1.5134E-15  1.5134E-15  5.4529E-15
  1.7343E-05  1.5583E-15  1.5583E-15  5.6147E-15
  1.7513E-05  1.6045E-15  1.6045E-15  5.7811E-15
  1.7684E-05  1.6521E-15  1.6521E-15  5.9525E-15
  1.7857E-05  1.7010E-15  1.7010E-15  6.1288E-15
  1.8032E-05  1.7514E-15  1.7514E-15  6.3103E-15
  1.8208E-05  1.8032E-15  1.8032E-15  6.4971E-15
  1.8386E-05  1.8566E-15  1.8566E-15  6.6893E-15
  1.8565E-05  1.9115E-15  1.9115E-15  6.8871E-15
  1.8746E-05  1.9680E-15  1.9680E-15  7.0906E-15
  1.8929E-05  2.0261E-15  2.0261E-15  7.3001E-15
  1.9113E-05  2.0859E-15  2.0859E-15  7.5156E-15
  1.9300E-05  2.1475E-15  2.1475E-15  7.7375E-15
  1.9488E-05  2.2109E-15  2.2109E-15  7.9657E-15
  1.9677E-05  2.2761E-15  2.2761E-15  8.2006E-15
  1.9869E-05  2.3432E-15  2.3432E-15  8.4424E-15
  2.0062E-05  2.4122E-15  2.4122E-15  8.6911E-15
  2.0257E-05  2.4832E-15  2.4832E-15  8.9471E-15
  2.0454E-05  2.5563E-15  2.5563E-15  9.2105E-15
  2.0653E-05  2.6316E-15  2.6316E-15  9.4815E-15
  2.0853E-05  2.7090E-15  2.7090E-15  9.7604E-15
  2.1056E-05  2.7886E-15  2.7886E-15  1.0047E-14
  2.1260E-05  2.8706E-15  2.8706E-15  1.0343E-14
  2.1466E-05  2.9549E-15  2.9549E-15  1.0646E-14
  2.1674E-05  3.0417E-15  3.0417E-15  1.0959E-14
  2.1884E-05  3.1310E-15  3.1310E-15  1.1281E-14
  2.2096E-05  3.2229E-15  3.2229E-15  1.1612E-14
  2.2310E-05  3.3174E-15  3.3174E-15  1.1952E-14
  2.2526E-05  3.4147E-15  3.4147E-15  1.2303E-14
  2.2744E-05  3.5148E-15  3.5148E-15  1.2664E-14
  2.2964E-05  3.6178E-15  3.6178E-15  1.3035E-14
  2.3186E-05  3.7237E-15  3.7237E-15  1.3416E-14
  2.3410E-05  3.8327E-15  3.8327E-15  1.3809E-14
  2.3637E-05  3.9449E-15  3.9449E-15  1.4213E-14
  2.3865E-05  4.0603E-15  4.0603E-15  1.4629E-14
  2.4095E-05  4.1791E-15  4.1791E-15  1.5057E-14
  2.4328E-05  4.3013E-15  4.3013E-15  1.5497E-14
  2.4563E-05  4.4270E-15  4.4270E-15  1.5950E-14
  2.4800E-05  4.5563E-15  4.5563E-15  1.6416E-14
  2.5039E-05  4.6894E-15  4.6894E-15  1.6895E-14
  2.5280E-05  4.8263E-15  4.8263E-15  1.7389E-14
  2.5524E-05  4.9671E-15  4.9671E-15  1.7896E-14
  2.5769E-05  5.1121E-15  5.1121E-15  1.8418E-14
  2.6018E-05  5.2612E-15  5.2612E-15  1.8955E-14
  2.6268E-05  5.4146E-15  5.4146E-15  1.9508E-14
  2.6521E-05  5.5724E-15  5.5724E-15  2.0077E-14
  2.6776E-05  5.7348E-15  5.7348E-15  2.0662E-14
  2.7033E-05  5.9018E-15  5.9018E-15  2.1264E-14
  2.7293E-05  6.0737E-15  6.0737E-15  2.1883E-14
  2.7556E-05  6.2505E-15  6.2505E-15  2.2520E-14
  2.7820E-05  6.4324E-15  6.4324E-15  2.3175E-14
  2.8088E-05  6.6195E-15  6.6195E-15  2.3849E-14
  2.8357E-05  6.8120E-15  6.8120E-15  2.4543E-14
  2.8629E-05  7.0101E-15  7.0101E-15  2.5256E-14
  2.8904E-05  7.2138E-15  7.2138E-15  2.5990E-14
  2.9181E-05  7.4234E-15  7.4234E-15  2.6746E-14
  2.9461E-05  7.6391E-15  7.6391E-15  2.7523E-14
  2.9744E-05  7.8609E-15  7.8609E-15  2.8322E-14
  3.0029E-05  8.0892E-15  8.0892E-15  2.9144E-14
  3.0317E-05  8.3239E-15  8.3239E-15  2.9990E-14
  3.0607E-05  8.5655E-15  8.5655E-15  3.0860E-14
  3.0900E-05  8.8139E-15  8.8139E-15  3.1755E-14
  3.1196E-05  9.0695E-15  9.0695E-15  3.2676E-14
  3.1495E-05  9.3325E-15  9.3325E-15  3.3623E-14
  3.1796E-05  9.6030E-15  9.6030E-15  3.4598E-14
  3.2100E-05  9.8812E-15  9.8812E-15  3.5600E-14
  3.2407E-05  1.0167E-14  1.0167E-14  3.6631E-14
  3.2717E-05  1.0462E-14  1.0462E-14  3.7692E-14
  3.3030E-05  1.0765E-14  1.0765E-14  3.8784E-14
  3.3346E-05  1.1076E-14  1.1076E-14  3.9906E-14
  3.3664E-05  1.1397E-14  1.1397E-14  4.1061E-14
  3.3986E-05  1.1727E-14  1.1727E-14  4.2249E-14
  3.4310E-05  1.2066E-14  1.2066E-14  4.3471E-14
  3.4638E-05  1.2415E-14  1.2415E-14  4.4728E-14
  3.4969E-05  1.2774E-14  1.2774E-14  4.6021E-14
  3.5302E-05  1.3143E-14  1.3143E-14  4.7351E-14
  3.5639E-05  1.3523E-14  1.3523E-14  4.8719E-14
  3.5979E-05  1.3913E-14  1.3913E-14  5.0126E-14
  3.6322E-05  1.4315E-14  1.4315E-14  5.1574E-14
  3.6668E-05  1.4728E-14  1.4728E-14  5.3063E-14
  3.7018E-05  1.5154E-14  1.5154E-14  5.4595E-14
  3.7371E-05  1.5591E-14  1.5591E-14  5.6170E-14
  3.7727E-05  1.6041E-14  1.6041E-14  5.7791E-14
  3.8086E-05  1.6504E-14  1.6504E-14  5.9458E-14
  3.8449E-05  1.6980E-14  1.6980E-14  6.1173E-14
  3.8815E-05  1.7469E-14  1.7469E-14  6.2937E-14
  3.9184E-05  1.7973E-14  1.7973E-14  6.4751E-14
  3.9557E-05  1.8491E-14  1.8491E-14  6.6618E-14
  3.9934E-05  1.9024E-14  1.9024E-14  6.8537E-14
  4.0313E-05  1.9572E-14  1.9572E-14  7.0512E-14
  4.0697E-05  2.0136E-14  2.0136E-14  7.2543E-14
  4.1084E-05  2.0715E-14  2.0715E-14  7.4632E-14
  4.1474E-05  2.1312E-14  2.1312E-14  7.6780E-14
  4.1869E-05  2.1925E-14  2.1925E-14  7.8990E-14
  4.2266E-05  2.2556E-14  2.2556E-14  8.1264E-14
  4.2668E-05  2.3205E-14  2.3205E-14  8.3602E-14
  4.3073E-05  2.3873E-14  2.3873E-14  8.6007E-14
  4.3482E-05  2.4560E-14  2.4560E-14  8.8481E-14
  4.3895E-05  2.5266E-14  2.5266E-14  9.1025E-14
  4.4312E-05  2.5992E-14  2.5992E-14  9.3642E-14
  4.4733E-05  2.6740E-14  2.6740E-14  9.6334E-14
  4.5157E-05  2.7508E-14  2.7508E-14  9.9102E-14
  4.5586E-05  2.8299E-14  2.8299E-14  1.0195E-13
  4.6018E-05  2.9112E-14  2.9112E-14  1.0488E-13
  4.6455E-05  2.9948E-14  2.9948E-14  1.0789E-13
  4.6895E-05  3.0808E-14  3.0808E-14  1.1099E-13
  4.7340E-05  3.1693E-14  3.1693E-14  1.1418E-13
  4.7788E-05  3.2603E-14  3.2603E-14  1.1745E-13
  4.8241E-05  3.3538E-14  3.3538E-14  1.2083E-13
  4.8698E-05  3.4501E-14  3.4501E-14  1.2429E-13
  4.9160E-05  3.5491E-14  3.5491E-14  1.2786E-13
  4.9626E-05  3.6509E-14  3.6509E-14  1.3153E-13
  5.0096E-05  3.7556E-14  3.7556E-14  1.3530E-13
  5.0570E-05  3.8633E-14  3.8633E-14  1.3918E-13
  5.1049E-05  3.9741E-14  3.9741E-14  1.4317E-13
  5.1532E-05  4.0880E-14  4.0880E-14  1.4727E-13
  5.2020E-05  4.2052E-14  4.2052E-14  1.5150E-13
  5.2512E-05  4.3258E-14  4.3258E-14  1.5584E-13
  5.3009E-05  4.4497E-14  4.4497E-14  1.6030E-13
  5.3510E-05  4.5772E-14  4.5772E-14  1.6490E-13
  5.4017E-05  4.7083E-14  4.7083E-14  1.6962E-13
  5.4527E-05  4.8432E-14  4.8432E-14  1.7448E-13
  5.5043E-05  4.9819E-14  4.9819E-14  1.7947E-13
  5.5564E-05  5.1245E-14  5.1245E-14  1.8461E-13
  5.6089E-05  5.2712E-14  5.2712E-14  1.8990E-13
  5.6619E-05  5.4221E-14  5.4221E-14  1.9533E-13
  5.7154E-05  5.5773E-14  5.5773E-14  2.0092E-13
  5.7694E-05  5.7369E-14  5.7369E-14  2.0667E-13
  5.8239E-05  5.9010E-14  5.9010E-14  2.1258E-13
  5.8789E-05  6.0698E-14  6.0698E-14  2.1866E-13
  5.9344E-05  6.2434E-14  6.2434E-14  2.2492E-13
  5.9905E-05  6.4220E-14  6.4220E-14  2.3135E-13
  6.0471E-05  6.6056E-14  6.6056E-14  2.3796E-13
  6.1041E-05  6.7945E-14  6.7945E-14  2.4477E-13
  6.1618E-05  6.9887E-14  6.9887E-14  2.5176E-13
  6.2199E-05  7.1885E-14  7.1885E-14  2.5896E-13
  6.2786E-05  7.3939E-14  7.3939E-14  2.6636E-13
  6.3379E-05  7.6052E-14  7.6052E-14  2.7397E-13
  6.3977E-05  7.8225E-14  7.8225E-14  2.8180E-13
  6.4580E-05  8.0460E-14  8.0460E-14  2.8985E-13
  6.5189E-05  8.2758E-14  8.2758E-14  2.9813E-13
  6.5804E-05  8.5121E-14  8.5121E-14  3.0664E-13
  6.6424E-05  8.7552E-14  8.7552E-14  3.1539E-13
  6.7051E-05  9.0052E-14  9.0052E-14  3.2440E-13
  6.7683E-05  9.2623E-14  9.2623E-14  3.3366E-13
  6.8321E-05  9.5267E-14  9.5267E-14  3.4318E-13
  6.8965E-05  9.7986E-14  9.7986E-14  3.5298E-13
  6.9615E-05  1.0078E-13  1.0078E-13  3.6305E-13
  7.0270E-05  1.0366E-13  1.0366E-13  3.7341E-13
  7.0933E-05  1.0662E-13  1.0662E-13  3.8406E-13
  7.1601E-05  1.0966E-13  1.0966E-13  3.9502E-13
  7.2275E-05  1.1278E-13  1.1278E-13  4.0628E-13
  7.2956E-05  1.1600E-13  1.1600E-13  4.1787E-13
  7.3643E-05  1.1931E-13  1.1931E-13  4.2978E-13
  7.4336E-05  1.2271E-13  1.2271E-13  4.4204E-13
  7.5036E-05  1.2621E-13  1.2621E-13  4.5464E-13
  7.5742E-05  1.2981E-13  1.2981E-13  4.6760E-13
  7.6455E-05  1.3351E-13  1.3351E-13  4.8093E-13
  7.7175E-05  1.3731E-13  1.3731E-13  4.9463E-13
  7.7901E-05  1.4123E-13  1.4123E-13  5.0873E-13
  7.8634E-05  1.4525E-13  1.4525E-13  5.2322E-13
  7.9374E-05  1.4939E-13  1.4939E-13  5.3813E-13
  8.0121E-05  1.5364E-13  1.5364E-13  5.5346E-13
  8.0874E-05  1.5802E-13  1.5802E-13  5.6922E-13
  8.1635E-05  1.6252E-13  1.6252E-13  5.8543E-13
  8.2403E-05  1.6715E-13  1.6715E-13  6.0210E-13
  8.3178E-05  1.7191E-13  1.7191E-13  6.1925E-13
  8.3960E-05  1.7681E-13  1.7681E-13  6.3688E-13
  8.4749E-05  1.8184E-13  1.8184E-13  6.5501E-13
  8.5546E-05  1.8702E-13  1.8702E-13  6.7366E-13
  8.6350E-05  1.9234E-13  1.9234E-13  6.9283E-13
  8.7162E-05  1.9781E-13  1.9781E-13  7.1255E-13
  8.7981E-05  2.0344E-13  2.0344E-13  7.3282E-13
  8.8807E-05  2.0923E-13  2.0923E-13  7.5368E-13
  8.9642E-05  2.1519E-13  2.1519E-13  7.7512E-13
  9.0484E-05  2.2131E-13  2.2131E-13  7.9717E-13
  9.1334E-05  2.2761E-13  2.2761E-13  8.1985E-13
  9.2192E-05  2.3408E-13  2.3408E-13  8.4316E-13
  9.3058E-05  2.4074E-13  2.4074E-13  8.6714E-13
  9.3932E-05  2.4759E-13  2.4759E-13  8.9180E-13
  9.4814E-05  2.5463E-13  2.5463E-13  9.1716E-13
  9.5705E-05  2.6187E-13  2.6187E-13  9.4324E-13
  9.6603E-05  2.6931E-13  2.6931E-13  9.7006E-13
  9.7510E-05  2.7697E-13  2.7697E-13  9.9763E-13
  9.8425E-05  2.8484E-13  2.8484E-13  1.0260E-12
  9.9349E-05  2.9294E-13  2.9294E-13  1.0551E-12
  1.0028E-04  3.0127E-13  3.0127E-13  1.0851E-12
  1.0122E-04  3.0983E-13  3.0983E-13  1.1160E-12
  1.0217E-04  3.1863E-13  3.1863E-13  1.1477E-12
  1.0313E-04  3.2769E-13  3.2769E-13  1.1803E-12
  1.0410E-04  3.3700E-13  3.3700E-13  1.2138E-12
  1.0508E-04  3.4657E-13  3.4657E-13  1.2483E-12
  1.0606E-04  3.5642E-13  3.5642E-13  1.2838E-12
  1.0706E-04  3.6654E-13  3.6654E-13  1.3202E-12
  1.0806E-04  3.7696E-13  3.7696E-13  1.3577E-12
  1.0907E-04  3.8766E-13  3.8766E-13  1.3963E-12
  1.1010E-04  3.9867E-13  3.9867E-13  1.4359E-12
  1.1113E-04  4.0999E-13  4.0999E-13  1.4767E-12
  1.1217E-04  4.2164E-13  4.2164E-13  1.5186E-12
  1.1322E-04  4.3361E-13  4.3361E-13  1.5617E-12
  1.1429E-04  4.4592E-13  4.4592E-13  1.6061E-12
  1.1536E-04  4.5858E-13  4.5858E-13  1.6517E-12
  1.1644E-04  4.7159E-13  4.7159E-13  1.6985E-12
  1.1753E-04  4.8498E-13  4.8498E-13  1.7468E-12
  1.1863E-04  4.9875E-13  4.9875E-13  1.7963E-12
  1.1974E-04  5.1290E-13  5.1290E-13  1.8473E-12
  1.2087E-04  5.2746E-13  5.2746E-13  1.8997E-12
  1.2200E-04  5.4242E-13  5.4242E-13  1.9536E-12
  1.2314E-04  5.5782E-13  5.5782E-13  2.0090E-12
  1.2429E-04  5.7364E-13  5.7364E-13  2.0660E-12
  1.2546E-04  5.8992E-13  5.8992E-13  2.1246E-12
  1.2663E-04  6.0665E-13  6.0665E-13  2.1849E-12
  1.2782E-04  6.2386E-13  6.2386E-13  2.2469E-12
  1.2902E-04  6.4156E-13  6.4156E-13  2.3106E-12
  1.3023E-04  6.5976E-13  6.5976E-13  2.3761E-12
  1.3145E-04  6.7847E-13  6.7847E-13  2.4435E-12
  1.3268E-04  6.9771E-13  6.9771E-13  2.5128E-12
  1.3392E-04  7.1749E-13  7.1749E-13  2.5840E-12
  1.3517E-04  7.3784E-13  7.3784E-13  2.6573E-12
  1.3644E-04  7.5876E-13  7.5876E-13  2.7326E-12
  1.3772E-04  7.8027E-13  7.8027E-13  2.8101E-12
  1.3901E-04  8.0240E-13  8.0240E-13  2.8898E-12
  1.4031E-04  8.2514E-13  8.2514E-13  2.9717E-12
  1.4162E-04  8.4853E-13  8.4853E-13  3.0559E-12
  1.4295E-04  8.7259E-13  8.7259E-13  3.1425E-12
  1.4428E-04  8.9732E-13  8.9732E-13  3.2315E-12
  1.4564E-04  9.2275E-13  9.2275E-13  3.3231E-12
  1.4700E-04  9.4890E-13  9.4890E-13  3.4173E-12
  1.4837E-04  9.7579E-13  9.7579E-13  3.5141E-12
  1.4976E-04  1.0034E-12  1.0034E-12  3.6137E-12
  1.5116E-04  1.0319E-12  1.0319E-12  3.7160E-12
  1.5258E-04  1.0611E-12  1.0611E-12  3.8213E-12
  1.5401E-04  1.0912E-12  1.0912E-12  3.9296E-12
  1.5545E-04  1.1221E-12  1.1221E-12  4.0409E-12
  1.5690E-04  1.1539E-12  1.1539E-12  4.1553E-12
  1.5837E-04  1.1866E-12  1.1866E-12  4.2730E-12
  1.5985E-04  1.2202E-12  1.2202E-12  4.3940E-12
  1.6135E-04  1.2547E-12  1.2547E-12  4.5185E-12
  1.6285E-04  1.2903E-12  1.2903E-12  4.6464E-12
  1.6438E-04  1.3268E-12  1.3268E-12  4.7780E-12
  1.6592E-04  1.3644E-12  1.3644E-12  4.9133E-12
  1.6747E-04  1.4030E-12  1.4030E-12  5.0524E-12
  1.6903E-04  1.4428E-12  1.4428E-12  5.1954E-12
  1.7061E-04  1.4836E-12  1.4836E-12  5.3425E-12
  1.7221E-04  1.5256E-12  1.5256E-12  5.4938E-12
  1.7382E-04  1.5688E-12  1.5688E-12  5.6493E-12
  1.7544E-04  1.6132E-12  1.6132E-12  5.8092E-12
  1.7708E-04  1.6589E-12  1.6589E-12  5.9736E-12
  1.7874E-04  1.7059E-12  1.7059E-12  6.1427E-12
  1.8041E-04  1.7542E-12  1.7542E-12  6.3165E-12
  1.8210E-04  1.8038E-12  1.8038E-12  6.4953E-12
  1.8380E-04  1.8549E-12  1.8549E-12  6.6791E-12
  1.8552E-04  1.9074E-12  1.9074E-12  6.8681E-12
  1.8725E-04  1.9614E-12  1.9614E-12  7.0624E-12
  1.8900E-04  2.0169E-12  2.0169E-12  7.2623E-12
  1.9077E-04  2.0740E-12  2.0740E-12  7.4677E-12
  1.9255E-04  2.1326E-12  2.1326E-12  7.6790E-12
  1.9435E-04  2.1930E-12  2.1930E-12  7.8963E-12
  1.9617E-04  2.2550E-12  2.2550E-12  8.1196E-12
  1.9800E-04  2.3188E-12  2.3188E-12  8.3493E-12
  1.9985E-04  2.3845E-12  2.3845E-12  8.5855E-12
  2.0172E-04  2.4519E-12  2.4519E-12  8.8283E-12
  2.0360E-04  2.5213E-12  2.5213E-12  9.0780E-12
  2.0550E-04  2.5926E-12  2.5926E-12  9.3348E-12
  2.0742E-04  2.6660E-12  2.6660E-12  9.5988E-12
  2.0936E-04  2.7414E-12  2.7414E-12  9.8703E-12
  2.1132E-04  2.8189E-12  2.8189E-12  1.0149E-11
  2.1329E-04  2.8987E-12  2.8987E-12  1.0436E-11
  2.1528E-04  2.9806E-12  2.9806E-12  1.0732E-11
  2.1729E-04  3.0649E-12  3.0649E-12  1.1035E-11
  2.1932E-04  3.1516E-12  3.1516E-12  1.1347E-11
  2.2137E-04  3.2408E-12  3.2408E-12  1.1668E-11
  2.2344E-04  3.3324E-12  3.3324E-12  1.1998E-11
  2.2553E-04  3.4266E-12  3.4266E-12  1.2337E-11
  2.2763E-04  3.5235E-12  3.5235E-12  1.2686E-11
  2.2976E-04  3.6232E-12  3.6232E-12  1.3044E-11
  2.3190E-04  3.7256E-12  3.7256E-12  1.3413E-11
  2.3407E-04  3.8310E-12  3.8310E-12  1.3792E-11
  2.3625E-04  3.9393E-12  3.9393E-12  1.4182E-11
  2.3846E-04  4.0507E-12  4.0507E-12  1.4583E-11
  2.4069E-04  4.1652E-12  4.1652E-12  1.4995E-11
  2.4293E-04  4.2829E-12  4.2829E-12  1.5419E-11
  2.4520E-04  4.4040E-12  4.4040E-12  1.5854E-11
  2.4749E-04  4.5285E-12  4.5285E-12  1.6302E-11
  2.4980E-04  4.6565E-12  4.6565E-12  1.6763E-11
  2.5213E-04  4.7881E-12  4.7881E-12  1.7237E-11
  2.5449E-04  4.9235E-12  4.9235E-12  1.7724E-11
  2.5686E-04  5.0626E-12  5.0626E-12  1.8225E-11
  2.5926E-04  5.2057E-12  5.2057E-12  1.8740E-11
  2.6168E-04  5.3529E-12  5.3529E-12  1.9269E-11
  2.6412E-04  5.5041E-12  5.5041E-12  1.9814E-11
  2.6659E-04  5.6597E-12  5.6597E-12  2.0373E-11
  2.6907E-04  5.8196E-12  5.8196E-12  2.0949E-11
  2.7158E-04  5.9841E-12  5.9841E-12  2.1541E-11
  2.7412E-04  6.1532E-12  6.1532E-12  2.2149E-11
  2.7668E-04  6.3271E-12  6.3271E-12  2.2775E-11
  2.7926E-04  6.5058E-12  6.5058E-12  2.3418E-11
  2.8186E-04  6.6897E-12  6.6897E-12  2.4080E-11
  2.8449E-04  6.8787E-12  6.8787E-12  2.4760E-11
  2.8715E-04  7.0730E-12  7.0730E-12  2.5459E-11
  2.8983E-04  7.2729E-12  7.2729E-12  2.6178E-11
  2.9253E-04  7.4784E-12  7.4784E-12  2.6917E-11
  2.9526E-04  7.6896E-12  7.6896E-12  2.7678E-11
  2.9802E-04  7.9069E-12  7.9069E-12  2.8459E-11
  3.0080E-04  8.1302E-12  8.1302E-12  2.9263E-11
  3.0360E-04  8.3599E-12  8.3599E-12  3.0089E-11
  3.0644E-04  8.5961E-12  8.5961E-12  3.0939E-11
  3.0929E-04  8.8389E-12  8.8389E-12  3.1813E-11
  3.1218E-04  9.0886E-12  9.0886E-12  3.2711E-11
  3.1509E-04  9.3453E-12  9.3453E-12  3.3634E-11
  3.1803E-04  9.6092E-12  9.6092E-12  3.4584E-11
  3.2100E-04  9.8806E-12  9.8806E-12  3.5560E-11
  3.2399E-04  1.0160E-11  1.0160E-11  3.6564E-11
  3.2701E-04  1.0447E-11  1.0447E-11  3.7597E-11
  3.3006E-04  1.0742E-11  1.0742E-11  3.8658E-11
  3.3314E-04  1.1045E-11  1.1045E-11  3.9749E-11
  3.3625E-04  1.1357E-11  1.1357E-11  4.0872E-11
  3.3938E-04  1.1678E-11  1.1678E-11  4.2025E-11
  3.4255E-04  1.2007E-11  1.2007E-11  4.3212E-11
  3.4574E-04  1.2347E-11  1.2347E-11  4.4431E-11
  3.4897E-04  1.2695E-11  1.2695E-11  4.5685E-11
  3.5222E-04  1.3054E-11  1.3054E-11  4.6975E-11
  3.5551E-04  1.3422E-11  1.3422E-11  4.8301E-11
  3.5882E-04  1.3801E-11  1.3801E-11  4.9664E-11
  3.6217E-04  1.4191E-11  1.4191E-11  5.1065E-11
  3.6554E-04  1.4592E-11  1.4592E-11  5.2507E-11
  3.6895E-04  1.5004E-11  1.5004E-11  5.3988E-11
  3.7239E-04  1.5427E-11  1.5427E-11  5.5512E-11
  3.7586E-04  1.5863E-11  1.5863E-11  5.7079E-11
  3.7937E-04  1.6311E-11  1.6311E-11  5.8689E-11
  3.8291E-04  1.6771E-11  1.6771E-11  6.0345E-11
  3.8648E-04  1.7244E-11  1.7244E-11  6.2048E-11
  3.9008E-04  1.7731E-11  1.7731E-11  6.3799E-11
  3.9372E-04  1.8232E-11  1.8232E-11  6.5599E-11
  3.9739E-04  1.8747E-11  1.8747E-11  6.7450E-11
  4.0109E-04  1.9276E-11  1.9276E-11  6.9353E-11
  4.0483E-04  1.9820E-11  1.9820E-11  7.1310E-11
  4.0860E-04  2.0379E-11  2.0379E-11  7.3322E-11
  4.1241E-04  2.0954E-11  2.0954E-11  7.5390E-11
  4.1626E-04  2.1546E-11  2.1546E-11  7.7517E-11
  4.2014E-04  2.2154E-11  2.2154E-11  7.9704E-11
  4.2405E-04  2.2779E-11  2.2779E-11  8.1952E-11
  4.2801E-04  2.3422E-11  2.3422E-11  8.4264E-11
  4.3199E-04  2.4083E-11  2.4083E-11  8.6641E-11
  4.3602E-04  2.4763E-11  2.4763E-11  8.9085E-11
  4.4008E-04  2.5462E-11  2.5462E-11  9.1598E-11
  4.4419E-04  2.6181E-11  2.6181E-11  9.4181E-11
  4.4833E-04  2.6919E-11  2.6919E-11  9.6838E-11
  4.5250E-04  2.7679E-11  2.7679E-11  9.9569E-11
  4.5672E-04  2.8460E-11  2.8460E-11  1.0238E-10
  4.6098E-04  2.9263E-11  2.9263E-11  1.0527E-10
  4.6527E-04  3.0089E-11  3.0089E-11  1.0823E-10
  4.6961E-04  3.0938E-11  3.0938E-11  1.1129E-10
  4.7399E-04  3.1811E-11  3.1811E-11  1.1442E-10
  4.7840E-04  3.2709E-11  3.2709E-11  1.1765E-10
  4.8286E-04  3.3632E-11  3.3632E-11  1.2097E-10
  4.8736E-04  3.4581E-11  3.4581E-11  1.2438E-10
  4.9190E-04  3.5557E-11  3.5557E-11  1.2789E-10
  4.9649E-04  3.6560E-11  3.6560E-11  1.3149E-10
  5.0111E-04  3.7591E-11  3.7591E-11  1.3520E-10
  5.0578E-04  3.8652E-11  3.8652E-11  1.3901E-10
  5.1049E-04  3.9743E-11  3.9743E-11  1.4293E-10
  5.1525E-04  4.0864E-11  4.0864E-11  1.4696E-10
  5.2005E-04  4.2017E-11  4.2017E-11  1.5111E-10
  5.2490E-04  4.3202E-11  4.3202E-11  1.5537E-10
  5.2979E-04  4.4421E-11  4.4421E-11  1.5975E-10
  5.3472E-04  4.5674E-11  4.5674E-11  1.6425E-10
  5.3971E-04  4.6963E-11  4.6963E-11  1.6888E-10
  5.4473E-04  4.8288E-11  4.8288E-11  1.7365E-10
  5.4981E-04  4.9650E-11  4.9650E-11  1.7854E-10
  5.5493E-04  5.1051E-11  5.1051E-11  1.8357E-10
  5.6010E-04  5.2491E-11  5.2491E-11  1.8875E-10
  5.6532E-04  5.3971E-11  5.3971E-11  1.9407E-10
  5.7059E-04  5.5494E-11  5.5494E-11  1.9954E-10
  5.7590E-04  5.7059E-11  5.7059E-11  2.0516E-10
  5.8127E-04  5.8669E-11  5.8669E-11  2.1095E-10
  5.8668E-04  6.0324E-11  6.0324E-11  2.1689E-10
  5.9215E-04  6.2025E-11  6.2025E-11  2.2301E-10
  5.9766E-04  6.3775E-11  6.3775E-11  2.2929E-10
  6.0323E-04  6.5574E-11  6.5574E-11  2.3576E-10
  6.0885E-04  6.7423E-11  6.7423E-11  2.4240E-10
  6.1452E-04  6.9325E-11  6.9325E-11  2.4923E-10
  6.2024E-04  7.1280E-11  7.1280E-11  2.5626E-10
  6.2602E-04  7.3291E-11  7.3291E-11  2.6348E-10
  6.3185E-04  7.5358E-11  7.5358E-11  2.7090E-10
  6.3774E-04  7.7483E-11  7.7483E-11  2.7854E-10
  6.4368E-04  7.9669E-11  7.9669E-11  2.8639E-10
  6.4967E-04  8.1916E-11  8.1916E-11  2.9446E-10
  6.5572E-04  8.4226E-11  8.4226E-11  3.0276E-10
  6.6183E-04  8.6601E-11  8.6601E-11  3.1129E-10
  6.6799E-04  8.9044E-11  8.9044E-11  3.2006E-10
  6.7422E-04  9.1555E-11  9.1555E-11  3.2908E-10
  6.8050E-04  9.4137E-11  9.4137E-11  3.3835E-10
  6.8683E-04  9.6792E-11  9.6792E-11  3.4789E-10
  6.9323E-04  9.9521E-11  9.9521E-11  3.5769E-10
  6.9969E-04  1.0233E-10  1.0233E-10  3.6777E-10
  7.0620E-04  1.0521E-10  1.0521E-10  3.7813E-10
  7.1278E-04  1.0818E-10  1.0818E-10  3.8878E-10
  7.1942E-04  1.1123E-10  1.1123E-10  3.9974E-10
  7.2612E-04  1.1437E-10  1.1437E-10  4.1100E-10
  7.3288E-04  1.1759E-10  1.1759E-10  4.2258E-10
  7.3970E-04  1.2091E-10  1.2091E-10  4.3448E-10
  7.4659E-04  1.2432E-10  1.2432E-10  4.4672E-10
  7.5355E-04  1.2782E-10  1.2782E-10  4.5931E-10
  7.6056E-04  1.3143E-10  1.3143E-10  4.7225E-10
  7.6764E-04  1.3513E-10  1.3513E-10  4.8555E-10
  7.7479E-04  1.3894E-10  1.3894E-10  4.9923E-10
  7.8201E-04  1.4286E-10  1.4286E-10  5.1329E-10
  7.8929E-04  1.4689E-10  1.4689E-10  5.2775E-10
  7.9664E-04  1.5103E-10  1.5103E-10  5.4262E-10
  8.0406E-04  1.5529E-10  1.5529E-10  5.5790E-10
  8.1154E-04  1.5967E-10  1.5967E-10  5.7362E-10
  8.1910E-04  1.6417E-10  1.6417E-10  5.8977E-10
  8.2673E-04  1.6880E-10  1.6880E-10  6.0639E-10
  8.3443E-04  1.7356E-10  1.7356E-10  6.2346E-10
  8.4220E-04  1.7845E-10  1.7845E-10  6.4102E-10
  8.5004E-04  1.8348E-10  1.8348E-10  6.5908E-10
  8.5795E-04  1.8866E-10  1.8866E-10  6.7764E-10
  8.6594E-04  1.9398E-10  1.9398E-10  6.9673E-10
  8.7400E-04  1.9944E-10  1.9944E-10  7.1635E-10
  8.8214E-04  2.0507E-10  2.0507E-10  7.3652E-10
  8.9035E-04  2.1085E-10  2.1085E-10  7.5726E-10
  8.9864E-04  2.1679E-10  2.1679E-10  7.7859E-10
  9.0701E-04  2.2290E-10  2.2290E-10  8.0051E-10
  9.1545E-04  2.2919E-10  2.2919E-10  8.2306E-10
  9.2398E-04  2.3565E-10  2.3565E-10  8.4623E-10
  9.3258E-04  2.4229E-10  2.4229E-10  8.7006E-10
  9.4126E-04  2.4912E-10  2.4912E-10  8.9456E-10
  9.5002E-04  2.5615E-10  2.5615E-10  9.1975E-10
  9.5887E-04  2.6337E-10  2.6337E-10  9.4565E-10
  9.6780E-04  2.7079E-10  2.7079E-10  9.7227E-10
  9.7681E-04  2.7842E-10  2.7842E-10  9.9965E-10
  9.8590E-04  2.8627E-10  2.8627E-10  1.0278E-09
  9.9508E-04  2.9434E-10  2.9434E-10  1.0567E-09
  1.0043E-03  3.0264E-10  3.0264E-10  1.0865E-09
  1.0137E-03  3.1117E-10  3.1117E-10  1.1171E-09
  1.0231E-03  3.1994E-10  3.1994E-10  1.1485E-09
  1.0327E-03  3.2896E-10  3.2896E-10  1.1809E-09
  1.0423E-03  3.3824E-10  3.3824E-10  1.2141E-09
  1.0520E-03  3.4777E-10  3.4777E-10  1.2483E-09
  1.0618E-03  3.5757E-10  3.5757E-10  1.2834E-09
  1.0716E-03  3.6765E-10  3.6765E-10  1.3195E-09
  1.0816E-03  3.7801E-10  3.7801E-10  1.3567E-09
  1.0917E-03  3.8867E-10  3.8867E-10  1.3949E-09
  1.1019E-03  3.9963E-10  3.9963E-10  1.4341E-09
  1.1121E-03  4.1089E-10  4.1089E-10  1.4745E-09
  1.1225E-03  4.2247E-10  4.2247E-10  1.5160E-09
  1.1329E-03  4.3438E-10  4.3438E-10  1.5587E-09
  1.1435E-03  4.4662E-10  4.4662E-10  1.6026E-09
  1.1541E-03  4.5921E-10  4.5921E-10  1.6477E-09
  1.1648E-03  4.7215E-10  4.7215E-10  1.6940E-09
  1.1757E-03  4.8546E-10  4.8546E-10  1.7417E-09
  1.1866E-03  4.9914E-10  4.9914E-10  1.7907E-09
  1.1977E-03  5.1321E-10  5.1321E-10  1.8411E-09
  1.2088E-03  5.2768E-10  5.2768E-10  1.8930E-09
  1.2201E-03  5.4255E-10  5.4255E-10  1.9462E-09
  1.2314E-03  5.5784E-10  5.5784E-10  2.0010E-09
  1.2429E-03  5.7356E-10  5.7356E-10  2.0573E-09
  1.2545E-03  5.8973E-10  5.8973E-10  2.1152E-09
  1.2661E-03  6.0635E-10  6.0635E-10  2.1747E-09
  1.2779E-03  6.2344E-10  6.2344E-10  2.2359E-09
  1.2898E-03  6.4101E-10  6.4101E-10  2.2988E-09
  1.3018E-03  6.5908E-10  6.5908E-10  2.3635E-09
  1.3139E-03  6.7765E-10  6.7765E-10  2.4300E-09
  1.3262E-03  6.9675E-10  6.9675E-10  2.4984E-09
  1.3385E-03  7.1639E-10  7.1639E-10  2.5687E-09
  1.3510E-03  7.3657E-10  7.3657E-10  2.6410E-09
  1.3635E-03  7.5733E-10  7.5733E-10  2.7153E-09
  1.3762E-03  7.7868E-10  7.7868E-10  2.7917E-09
  1.3890E-03  8.0062E-10  8.0062E-10  2.8702E-09
  1.4020E-03  8.2318E-10  8.2318E-10  2.9509E-09
  1.4150E-03  8.4638E-10  8.4638E-10  3.0340E-09
  1.4282E-03  8.7024E-10  8.7024E-10  3.1193E-09
  1.4415E-03  8.9476E-10  8.9476E-10  3.2071E-09
  1.4549E-03  9.1997E-10  9.1997E-10  3.2973E-09
  1.4684E-03  9.4590E-10  9.4590E-10  3.3900E-09
  1.4821E-03  9.7256E-10  9.7256E-10  3.4854E-09
  1.4959E-03  9.9996E-10  9.9996E-10  3.5834E-09
  1.5098E-03  1.0281E-09  1.0281E-09  3.6842E-09
  1.5239E-03  1.0571E-09  1.0571E-09  3.7879E-09
  1.5380E-03  1.0869E-09  1.0869E-09  3.8944E-09
  1.5524E-03  1.1175E-09  1.1175E-09  4.0039E-09
  1.5668E-03  1.1490E-09  1.1490E-09  4.1165E-09
  1.5814E-03  1.1814E-09  1.1814E-09  4.2323E-09
  1.5961E-03  1.2147E-09  1.2147E-09  4.3514E-09
  1.6110E-03  1.2489E-09  1.2489E-09  4.4737E-09
  1.6260E-03  1.2841E-09  1.2841E-09  4.5995E-09
  1.6411E-03  1.3203E-09  1.3203E-09  4.7289E-09
  1.6564E-03  1.3575E-09  1.3575E-09  4.8619E-09
  1.6718E-03  1.3958E-09  1.3958E-09  4.9986E-09
  1.6873E-03  1.4351E-09  1.4351E-09  5.1392E-09
  1.7030E-03  1.4755E-09  1.4755E-09  5.2837E-09
  1.7189E-03  1.5171E-09  1.5171E-09  5.4322E-09
  1.7349E-03  1.5599E-09  1.5599E-09  5.5850E-09
  1.7510E-03  1.6038E-09  1.6038E-09  5.7420E-09
  1.7673E-03  1.6490E-09  1.6490E-09  5.9035E-09
  1.7838E-03  1.6955E-09  1.6955E-09  6.0695E-09
  1.8004E-03  1.7433E-09  1.7433E-09  6.2401E-09
  1.8171E-03  1.7924E-09  1.7924E-09  6.4155E-09
  1.8340E-03  1.8429E-09  1.8429E-09  6.5959E-09
  1.8511E-03  1.8948E-09  1.8948E-09  6.7813E-09
  1.8683E-03  1.9482E-09  1.9482E-09  6.9720E-09
  1.8857E-03  2.0031E-09  2.0031E-09  7.1680E-09
  1.9032E-03  2.0595E-09  2.0595E-09  7.3695E-09
  1.9210E-03  2.1176E-09  2.1176E-09  7.5766E-09
  1.9388E-03  2.1772E-09  2.1772E-09  7.7896E-09
  1.9569E-03  2.2386E-09  2.2386E-09  8.0086E-09
  1.9751E-03  2.3016E-09  2.3016E-09  8.2337E-09
  1.9935E-03  2.3665E-09  2.3665E-09  8.4651E-09
  2.0120E-03  2.4332E-09  2.4332E-09  8.7030E-09
  2.0307E-03  2.5017E-09  2.5017E-09  8.9476E-09
  2.0496E-03  2.5722E-09  2.5722E-09  9.1991E-09
  2.0687E-03  2.6447E-09  2.6447E-09  9.4576E-09
  2.0880E-03  2.7192E-09  2.7192E-09  9.7234E-09
  2.1074E-03  2.7958E-09  2.7958E-09  9.9967E-09
  2.1270E-03  2.8746E-09  2.8746E-09  1.0278E-08
  2.1468E-03  2.9556E-09  2.9556E-09  1.0566E-08
  2.1668E-03  3.0389E-09  3.0389E-09  1.0863E-08
  2.1869E-03  3.1245E-09  3.1245E-09  1.1169E-08
  2.2073E-03  3.2125E-09  3.2125E-09  1.1482E-08
  2.2278E-03  3.3030E-09  3.3030E-09  1.1805E-08
  2.2485E-03  3.3961E-09  3.3961E-09  1.2137E-08
  2.2695E-03  3.4918E-09  3.4918E-09  1.2478E-08
  2.2906E-03  3.5902E-09  3.5902E-09  1.2828E-08
  2.3119E-03  3.6913E-09  3.6913E-09  1.3189E-08
  2.3334E-03  3.7953E-09  3.7953E-09  1.3559E-08
  2.3551E-03  3.9023E-09  3.9023E-09  1.3940E-08
  2.3770E-03  4.0122E-09  4.0122E-09  1.4332E-08
  2.3991E-03  4.1252E-09  4.1252E-09  1.4734E-08
  2.4215E-03  4.2415E-09  4.2415E-09  1.5148E-08
  2.4440E-03  4.3610E-09  4.3610E-09  1.5574E-08
  2.4667E-03  4.4838E-09  4.4838E-09  1.6011E-08
  2.4897E-03  4.6101E-09  4.6101E-09  1.6461E-08
  2.5128E-03  4.7400E-09  4.7400E-09  1.6923E-08
  2.5362E-03  4.8736E-09  4.8736E-09  1.7399E-08
  2.5598E-03  5.0109E-09  5.0109E-09  1.7887E-08
  2.5836E-03  5.1521E-09  5.1521E-09  1.8389E-08
  2.6077E-03  5.2972E-09  5.2972E-09  1.8906E-08
  2.6319E-03  5.4464E-09  5.4464E-09  1.9437E-08
  2.6564E-03  5.5999E-09  5.5999E-09  1.9983E-08
  2.6811E-03  5.7577E-09  5.7577E-09  2.0544E-08
  2.7061E-03  5.9199E-09  5.9199E-09  2.1121E-08
  2.7313E-03  6.0866E-09  6.0866E-09  2.1714E-08
  2.7567E-03  6.2581E-09  6.2581E-09  2.2323E-08
  2.7823E-03  6.4344E-09  6.4344E-09  2.2950E-08
  2.8082E-03  6.6157E-09  6.6157E-09  2.3594E-08
  2.8343E-03  6.8021E-09  6.8021E-09  2.4257E-08
  2.8607E-03  6.9937E-09  6.9937E-09  2.4938E-08
  2.8873E-03  7.1907E-09  7.1907E-09  2.5638E-08
  2.9142E-03  7.3933E-09  7.3933E-09  2.6358E-08
  2.9413E-03  7.6016E-09  7.6016E-09  2.7097E-08
  2.9687E-03  7.8158E-09  7.8158E-09  2.7858E-08
  2.9963E-03  8.0359E-09  8.0359E-09  2.8640E-08
  3.0242E-03  8.2623E-09  8.2623E-09  2.9444E-08
  3.0523E-03  8.4951E-09  8.4951E-09  3.0270E-08
  3.0807E-03  8.7344E-09  8.7344E-09  3.1120E-08
  3.1094E-03  8.9805E-09  8.9805E-09  3.1993E-08
  3.1383E-03  9.2335E-09  9.2335E-09  3.2891E-08
  3.1675E-03  9.4936E-09  9.4936E-09  3.3814E-08
  3.1970E-03  9.7610E-09  9.7610E-09  3.4763E-08
  3.2267E-03  1.0036E-08  1.0036E-08  3.5738E-08
  3.2567E-03  1.0319E-08  1.0319E-08  3.6741E-08
  3.2870E-03  1.0609E-08  1.0609E-08  3.7772E-08
  3.3176E-03  1.0908E-08  1.0908E-08  3.8832E-08
  3.3485E-03  1.1216E-08  1.1216E-08  3.9921E-08
  3.3796E-03  1.1532E-08  1.1532E-08  4.1041E-08
  3.4111E-03  1.1856E-08  1.1856E-08  4.2192E-08
  3.4428E-03  1.2190E-08  1.2190E-08  4.3376E-08
  3.4748E-03  1.2534E-08  1.2534E-08  4.4593E-08
  3.5072E-03  1.2887E-08  1.2887E-08  4.5843E-08
  3.5398E-03  1.3250E-08  1.3250E-08  4.7129E-08
  3.5727E-03  1.3623E-08  1.3623E-08  4.8451E-08
  3.6060E-03  1.4007E-08  1.4007E-08  4.9810E-08
  3.6395E-03  1.4402E-08  1.4402E-08  5.1207E-08
  3.6734E-03  1.4807E-08  1.4807E-08  5.2643E-08
  3.7075E-03  1.5224E-08  1.5224E-08  5.4119E-08
  3.7420E-03  1.5653E-08  1.5653E-08  5.5637E-08
  3.7768E-03  1.6094E-08  1.6094E-08  5.7197E-08
  3.8120E-03  1.6548E-08  1.6548E-08  5.8800E-08
  3.8474E-03  1.7014E-08  1.7014E-08  6.0449E-08
  3.8832E-03  1.7493E-08  1.7493E-08  6.2144E-08
  3.9194E-03  1.7986E-08  1.7986E-08  6.3886E-08
  3.9558E-03  1.8492E-08  1.8492E-08  6.5677E-08
  3.9926E-03  1.9013E-08  1.9013E-08  6.7518E-08
  4.0298E-03  1.9549E-08  1.9549E-08  6.9410E-08
  4.0673E-03  2.0100E-08  2.0100E-08  7.1356E-08
  4.1051E-03  2.0666E-08  2.0666E-08  7.3356E-08
  4.1433E-03  2.1248E-08  2.1248E-08  7.5412E-08
  4.1818E-03  2.1847E-08  2.1847E-08  7.7525E-08
  4.2207E-03  2.2462E-08  2.2462E-08  7.9698E-08
  4.2600E-03  2.3095E-08  2.3095E-08  8.1931E-08
  4.2996E-03  2.3745E-08  2.3745E-08  8.4227E-08
  4.3396E-03  2.4414E-08  2.4414E-08  8.6587E-08
  4.3800E-03  2.5102E-08  2.5102E-08  8.9013E-08
  4.4208E-03  2.5809E-08  2.5809E-08  9.1507E-08
  4.4619E-03  2.6536E-08  2.6536E-08  9.4070E-08
  4.5034E-03  2.7283E-08  2.7283E-08  9.6706E-08
  4.5453E-03  2.8052E-08  2.8052E-08  9.9415E-08
  4.5876E-03  2.8842E-08  2.8842E-08  1.0220E-07
  4.6302E-03  2.9655E-08  2.9655E-08  1.0506E-07
  4.6733E-03  3.0490E-08  3.0490E-08  1.0800E-07
  4.7168E-03  3.1349E-08  3.1349E-08  1.1103E-07
  4.7607E-03  3.2232E-08  3.2232E-08  1.1414E-07
  4.8050E-03  3.3140E-08  3.3140E-08  1.1733E-07
  4.8497E-03  3.4073E-08  3.4073E-08  1.2062E-07
  4.8948E-03  3.5033E-08  3.5033E-08  1.2400E-07
  4.9403E-03  3.6020E-08  3.6020E-08  1.2747E-07
  4.9863E-03  3.7035E-08  3.7035E-08  1.3104E-07
  5.0327E-03  3.8078E-08  3.8078E-08  1.3471E-07
  5.0795E-03  3.9150E-08  3.9150E-08  1.3848E-07
  5.1267E-03  4.0253E-08  4.0253E-08  1.4235E-07
  5.1744E-03  4.1387E-08  4.1387E-08  1.4634E-07
  5.2226E-03  4.2553E-08  4.2553E-08  1.5043E-07
  5.2711E-03  4.3751E-08  4.3751E-08  1.5464E-07
  5.3202E-03  4.4984E-08  4.4984E-08  1.5897E-07
  5.3697E-03  4.6251E-08  4.6251E-08  1.6342E-07
  5.4196E-03  4.7554E-08  4.7554E-08  1.6799E-07
  5.4700E-03  4.8893E-08  4.8893E-08  1.7269E-07
  5.5209E-03  5.0270E-08  5.0270E-08  1.7753E-07
  5.5723E-03  5.1686E-08  5.1686E-08  1.8249E-07
  5.6241E-03  5.3142E-08  5.3142E-08  1.8760E-07
  5.6764E-03  5.4639E-08  5.4639E-08  1.9284E-07
  5.7292E-03  5.6178E-08  5.6178E-08  1.9824E-07
  5.7825E-03  5.7761E-08  5.7761E-08  2.0378E-07
  5.8363E-03  5.9388E-08  5.9388E-08  2.0948E-07
  5.8906E-03  6.1060E-08  6.1060E-08  2.1534E-07
  5.9454E-03  6.2780E-08  6.2780E-08  2.2136E-07
  6.0007E-03  6.4549E-08  6.4549E-08  2.2755E-07
  6.0565E-03  6.6367E-08  6.6367E-08  2.3391E-07
  6.1129E-03  6.8236E-08  6.8236E-08  2.4045E-07
  6.1697E-03  7.0158E-08  7.0158E-08  2.4718E-07
  6.2271E-03  7.2134E-08  7.2134E-08  2.5408E-07
  6.2851E-03  7.4166E-08  7.4166E-08  2.6119E-07
  6.3435E-03  7.6255E-08  7.6255E-08  2.6849E-07
  6.4025E-03  7.8403E-08  7.8403E-08  2.7599E-07
  6.4621E-03  8.0612E-08  8.0612E-08  2.8370E-07
  6.5222E-03  8.2882E-08  8.2882E-08  2.9163E-07
  6.5829E-03  8.5217E-08  8.5217E-08  2.9978E-07
  6.6441E-03  8.7617E-08  8.7617E-08  3.0815E-07
  6.7059E-03  9.0085E-08  9.0085E-08  3.1676E-07
  6.7683E-03  9.2622E-08  9.2622E-08  3.2561E-07
  6.8313E-03  9.5231E-08  9.5231E-08  3.3471E-07
  6.8948E-03  9.7914E-08  9.7914E-08  3.4406E-07
  6.9589E-03  1.0067E-07  1.0067E-07  3.5366E-07
  7.0237E-03  1.0351E-07  1.0351E-07  3.6354E-07
  7.0890E-03  1.0642E-07  1.0642E-07  3.7369E-07
  7.1550E-03  1.0942E-07  1.0942E-07  3.8413E-07
  7.2215E-03  1.1250E-07  1.1250E-07  3.9485E-07
  7.2887E-03  1.1567E-07  1.1567E-07  4.0587E-07
  7.3565E-03  1.1893E-07  1.1893E-07  4.1720E-07
  7.4249E-03  1.2228E-07  1.2228E-07  4.2885E-07
  7.4940E-03  1.2572E-07  1.2572E-07  4.4082E-07
  7.5637E-03  1.2926E-07  1.2926E-07  4.5312E-07
  7.6341E-03  1.3290E-07  1.3290E-07  4.6576E-07
  7.7051E-03  1.3665E-07  1.3665E-07  4.7876E-07
  7.7767E-03  1.4050E-07  1.4050E-07  4.9212E-07
  7.8491E-03  1.4445E-07  1.4445E-07  5.0585E-07
  7.9221E-03  1.4852E-07  1.4852E-07  5.1996E-07
  7.9958E-03  1.5271E-07  1.5271E-07  5.3446E-07
  8.0702E-03  1.5701E-07  1.5701E-07  5.4937E-07
  8.1452E-03  1.6143E-07  1.6143E-07  5.6469E-07
  8.2210E-03  1.6598E-07  1.6598E-07  5.8043E-07
  8.2975E-03  1.7065E-07  1.7065E-07  5.9662E-07
  8.3747E-03  1.7546E-07  1.7546E-07  6.1325E-07
  8.4526E-03  1.8040E-07  1.8040E-07  6.3035E-07
  8.5312E-03  1.8548E-07  1.8548E-07  6.4792E-07
  8.6105E-03  1.9071E-07  1.9071E-07  6.6597E-07
  8.6906E-03  1.9608E-07  1.9608E-07  6.8453E-07
  8.7715E-03  2.0160E-07  2.0160E-07  7.0361E-07
  8.8531E-03  2.0728E-07  2.0728E-07  7.2321E-07
  8.9354E-03  2.1312E-07  2.1312E-07  7.4336E-07
  9.0185E-03  2.1912E-07  2.1912E-07  7.6407E-07
  9.1024E-03  2.2529E-07  2.2529E-07  7.8536E-07
  9.1871E-03  2.3164E-07  2.3164E-07  8.0723E-07
  9.2725E-03  2.3816E-07  2.3816E-07  8.2971E-07
  9.3588E-03  2.4487E-07  2.4487E-07  8.5281E-07
  9.4459E-03  2.5176E-07  2.5176E-07  8.7656E-07
  9.5337E-03  2.5886E-07  2.5886E-07  9.0096E-07
  9.6224E-03  2.6615E-07  2.6615E-07  9.2604E-07
  9.7119E-03  2.7364E-07  2.7364E-07  9.5182E-07
  9.8022E-03  2.8135E-07  2.8135E-07  9.7831E-07
  9.8934E-03  2.8927E-07  2.8927E-07  1.0055E-06
  9.9854E-03  2.9742E-07  2.9742E-07  1.0335E-06
  1.0078E-02  3.0580E-07  3.0580E-07  1.0623E-06
  1.0172E-02  3.1441E-07  3.1441E-07  1.0918E-06
  1.0267E-02  3.2327E-07  3.2327E-07  1.1222E-06
  1.0362E-02  3.3237E-07  3.3237E-07  1.1534E-06
  1.0459E-02  3.4173E-07  3.4173E-07  1.1855E-06
  1.0556E-02  3.5136E-07  3.5136E-07  1.2184E-06
  1.0654E-02  3.6125E-07  3.6125E-07  1.2523E-06
  1.0753E-02  3.7143E-07  3.7143E-07  1.2871E-06
  1.0853E-02  3.8189E-07  3.8189E-07  1.3229E-06
  1.0954E-02  3.9265E-07  3.9265E-07  1.3597E-06
  1.1056E-02  4.0371E-07  4.0371E-07  1.3975E-06
  1.1159E-02  4.1508E-07  4.1508E-07  1.4363E-06
  1.1263E-02  4.2677E-07  4.2677E-07  1.4762E-06
  1.1367E-02  4.3879E-07  4.3879E-07  1.5172E-06
  1.1473E-02  4.5114E-07  4.5114E-07  1.5593E-06
  1.1580E-02  4.6385E-07  4.6385E-07  1.6026E-06
  1.1688E-02  4.7691E-07  4.7691E-07  1.6471E-06
  1.1796E-02  4.9035E-07  4.9035E-07  1.6929E-06
  1.1906E-02  5.0416E-07  5.0416E-07  1.7399E-06
  1.2017E-02  5.1836E-07  5.1836E-07  1.7882E-06
  1.2129E-02  5.3296E-07  5.3296E-07  1.8378E-06
  1.2241E-02  5.4797E-07  5.4797E-07  1.8888E-06
  1.2355E-02  5.6340E-07  5.6340E-07  1.9412E-06
  1.2470E-02  5.7927E-07  5.7927E-07  1.9950E-06
  1.2586E-02  5.9558E-07  5.9558E-07  2.0504E-06
  1.2703E-02  6.1236E-07  6.1236E-07  2.1072E-06
  1.2821E-02  6.2960E-07  6.2960E-07  2.1657E-06
  1.2941E-02  6.4734E-07  6.4734E-07  2.2257E-06
  1.3061E-02  6.6557E-07  6.6557E-07  2.2874E-06
  1.3183E-02  6.8431E-07  6.8431E-07  2.3508E-06
  1.3305E-02  7.0359E-07  7.0359E-07  2.4160E-06
  1.3429E-02  7.2340E-07  7.2340E-07  2.4829E-06
  1.3554E-02  7.4378E-07  7.4378E-07  2.5517E-06
  1.3680E-02  7.6472E-07  7.6472E-07  2.6224E-06
  1.3807E-02  7.8626E-07  7.8626E-07  2.6950E-06
  1.3936E-02  8.0840E-07  8.0840E-07  2.7697E-06
  1.4065E-02  8.3117E-07  8.3117E-07  2.8463E-06
  1.4196E-02  8.5458E-07  8.5458E-07  2.9251E-06
  1.4328E-02  8.7865E-07  8.7865E-07  3.0061E-06
  1.4461E-02  9.0340E-07  9.0340E-07  3.0893E-06
  1.4596E-02  9.2884E-07  9.2884E-07  3.1748E-06
  1.4732E-02  9.5500E-07  9.5500E-07  3.2626E-06
  1.4869E-02  9.8190E-07  9.8190E-07  3.3529E-06
  1.5007E-02  1.0095E-06  1.0095E-06  3.4456E-06
  1.5147E-02  1.0380E-06  1.0380E-06  3.5409E-06
  1.5287E-02  1.0672E-06  1.0672E-06  3.6388E-06
  1.5430E-02  1.0973E-06  1.0973E-06  3.7394E-06
  1.5573E-02  1.1282E-06  1.1282E-06  3.8427E-06
  1.5718E-02  1.1599E-06  1.1599E-06  3.9489E-06
  1.5864E-02  1.1926E-06  1.1926E-06  4.0580E-06
  1.6012E-02  1.2262E-06  1.2262E-06  4.1701E-06
  1.6161E-02  1.2607E-06  1.2607E-06  4.2853E-06
  1.6311E-02  1.2962E-06  1.2962E-06  4.4036E-06
  1.6463E-02  1.3328E-06  1.3328E-06  4.5252E-06
  1.6616E-02  1.3703E-06  1.3703E-06  4.6501E-06
  1.6770E-02  1.4089E-06  1.4089E-06  4.7785E-06
  1.6926E-02  1.4486E-06  1.4486E-06  4.9103E-06
  1.7084E-02  1.4894E-06  1.4894E-06  5.0458E-06
  1.7243E-02  1.5313E-06  1.5313E-06  5.1850E-06
  1.7403E-02  1.5744E-06  1.5744E-06  5.3280E-06
  1.7565E-02  1.6188E-06  1.6188E-06  5.4749E-06
  1.7728E-02  1.6644E-06  1.6644E-06  5.6258E-06
  1.7893E-02  1.7112E-06  1.7112E-06  5.7809E-06
  1.8060E-02  1.7594E-06  1.7594E-06  5.9402E-06
  1.8228E-02  1.8090E-06  1.8090E-06  6.1039E-06
  1.8397E-02  1.8599E-06  1.8599E-06  6.2720E-06
  1.8568E-02  1.9123E-06  1.9123E-06  6.4448E-06
  1.8741E-02  1.9661E-06  1.9661E-06  6.6222E-06
  1.8915E-02  2.0215E-06  2.0215E-06  6.8045E-06
  1.9091E-02  2.0785E-06  2.0785E-06  6.9918E-06
  1.9269E-02  2.1370E-06  2.1370E-06  7.1842E-06
  1.9448E-02  2.1972E-06  2.1972E-06  7.3819E-06
  1.9629E-02  2.2590E-06  2.2590E-06  7.5849E-06
  1.9812E-02  2.3227E-06  2.3227E-06  7.7935E-06
  1.9996E-02  2.3881E-06  2.3881E-06  8.0078E-06
  2.0182E-02  2.4553E-06  2.4553E-06  8.2279E-06
  2.0370E-02  2.5245E-06  2.5245E-06  8.4540E-06
  2.0559E-02  2.5956E-06  2.5956E-06  8.6863E-06
  2.0750E-02  2.6687E-06  2.6687E-06  8.9249E-06
  2.0943E-02  2.7438E-06  2.7438E-06  9.1701E-06
  2.1138E-02  2.8211E-06  2.8211E-06  9.4218E-06
  2.1335E-02  2.9005E-06  2.9005E-06  9.6805E-06
  2.1533E-02  2.9822E-06  2.9822E-06  9.9462E-06
  2.1733E-02  3.0662E-06  3.0662E-06  1.0219E-05
  2.1936E-02  3.1526E-06  3.1526E-06  1.0499E-05
  2.2140E-02  3.2413E-06  3.2413E-06  1.0787E-05
  2.2345E-02  3.3326E-06  3.3326E-06  1.1083E-05
  2.2553E-02  3.4265E-06  3.4265E-06  1.1387E-05
  2.2763E-02  3.5230E-06  3.5230E-06  1.1699E-05
  2.2975E-02  3.6222E-06  3.6222E-06  1.2020E-05
  2.3189E-02  3.7242E-06  3.7242E-06  1.2349E-05
  2.3404E-02  3.8291E-06  3.8291E-06  1.2687E-05
  2.3622E-02  3.9369E-06  3.9369E-06  1.3034E-05
  2.3842E-02  4.0478E-06  4.0478E-06  1.3391E-05
  2.4063E-02  4.1618E-06  4.1618E-06  1.3758E-05
  2.4287E-02  4.2790E-06  4.2790E-06  1.4134E-05
  2.4513E-02  4.3995E-06  4.3995E-06  1.4520E-05
  2.4741E-02  4.5233E-06  4.5233E-06  1.4918E-05
  2.4971E-02  4.6507E-06  4.6507E-06  1.5325E-05
  2.5204E-02  4.7817E-06  4.7817E-06  1.5744E-05
  2.5438E-02  4.9163E-06  4.9163E-06  1.6174E-05
  2.5675E-02  5.0548E-06  5.0548E-06  1.6616E-05
  2.5913E-02  5.1971E-06  5.1971E-06  1.7070E-05
  2.6154E-02  5.3435E-06  5.3435E-06  1.7536E-05
  2.6398E-02  5.4940E-06  5.4940E-06  1.8014E-05
  2.6643E-02  5.6487E-06  5.6487E-06  1.8506E-05
  2.6891E-02  5.8077E-06  5.8077E-06  1.9011E-05
  2.7141E-02  5.9713E-06  5.9713E-06  1.9529E-05
  2.7394E-02  6.1394E-06  6.1394E-06  2.0061E-05
  2.7648E-02  6.3123E-06  6.3123E-06  2.0608E-05
  2.7906E-02  6.4901E-06  6.4901E-06  2.1169E-05
  2.8165E-02  6.6728E-06  6.6728E-06  2.1746E-05
  2.8427E-02  6.8607E-06  6.8607E-06  2.2338E-05
  2.8691E-02  7.0539E-06  7.0539E-06  2.2946E-05
  2.8958E-02  7.2526E-06  7.2526E-06  2.3570E-05
  2.9228E-02  7.4568E-06  7.4568E-06  2.4212E-05
  2.9500E-02  7.6668E-06  7.6668E-06  2.4870E-05
  2.9774E-02  7.8827E-06  7.8827E-06  2.5546E-05
  3.0051E-02  8.1046E-06  8.1046E-06  2.6240E-05
  3.0330E-02  8.3328E-06  8.3328E-06  2.6953E-05
  3.0612E-02  8.5675E-06  8.5675E-06  2.7685E-05
  3.0897E-02  8.8087E-06  8.8087E-06  2.8437E-05
  3.1185E-02  9.0568E-06  9.0568E-06  2.9209E-05
  3.1475E-02  9.3118E-06  9.3118E-06  3.0001E-05
  3.1767E-02  9.5740E-06  9.5740E-06  3.0815E-05
  3.2063E-02  9.8436E-06  9.8436E-06  3.1650E-05
  3.2361E-02  1.0121E-05  1.0121E-05  3.2508E-05
  3.2662E-02  1.0406E-05  1.0406E-05  3.3389E-05
  3.2966E-02  1.0699E-05  1.0699E-05  3.4294E-05
  3.3273E-02  1.1000E-05  1.1000E-05  3.5222E-05
  3.3582E-02  1.1310E-05  1.1310E-05  3.6176E-05
  3.3894E-02  1.1628E-05  1.1628E-05  3.7155E-05
  3.4210E-02  1.1956E-05  1.1956E-05  3.8160E-05
  3.4528E-02  1.2292E-05  1.2292E-05  3.9191E-05
  3.4849E-02  1.2638E-05  1.2638E-05  4.0251E-05
  3.5173E-02  1.2994E-05  1.2994E-05  4.1338E-05
  3.5500E-02  1.3360E-05  1.3360E-05  4.2455E-05
  3.5830E-02  1.3736E-05  1.3736E-05  4.3601E-05
  3.6164E-02  1.4123E-05  1.4123E-05  4.4778E-05
  3.6500E-02  1.4521E-05  1.4521E-05  4.5986E-05
  3.6840E-02  1.4930E-05  1.4930E-05  4.7226E-05
  3.7182E-02  1.5350E-05  1.5350E-05  4.8499E-05
  3.7528E-02  1.5782E-05  1.5782E-05  4.9806E-05
  3.7877E-02  1.6226E-05  1.6226E-05  5.1148E-05
  3.8229E-02  1.6683E-05  1.6683E-05  5.2525E-05
  3.8585E-02  1.7153E-05  1.7153E-05  5.3939E-05
  3.8944E-02  1.7636E-05  1.7636E-05  5.5390E-05
  3.9306E-02  1.8132E-05  1.8132E-05  5.6880E-05
  3.9672E-02  1.8643E-05  1.8643E-05  5.8409E-05
  4.0041E-02  1.9168E-05  1.9168E-05  5.9979E-05
  4.0413E-02  1.9708E-05  1.9708E-05  6.1590E-05
  4.0789E-02  2.0262E-05  2.0262E-05  6.3244E-05
  4.1168E-02  2.0833E-05  2.0833E-05  6.4941E-05
  4.1551E-02  2.1419E-05  2.1419E-05  6.6684E-05
  4.1938E-02  2.2022E-05  2.2022E-05  6.8472E-05
  4.2328E-02  2.2642E-05  2.2642E-05  7.0307E-05
  4.2722E-02  2.3280E-05  2.3280E-05  7.2191E-05
  4.3119E-02  2.3935E-05  2.3935E-05  7.4125E-05
  4.3520E-02  2.4609E-05  2.4609E-05  7.6109E-05
  4.3925E-02  2.5302E-05  2.5302E-05  7.8146E-05
  4.4333E-02  2.6014E-05  2.6014E-05  8.0236E-05
  4.4746E-02  2.6747E-05  2.6747E-05  8.2381E-05
  4.5162E-02  2.7500E-05  2.7500E-05  8.4583E-05
  4.5582E-02  2.8274E-05  2.8274E-05  8.6842E-05
  4.6006E-02  2.9070E-05  2.9070E-05  8.9161E-05
  4.6434E-02  2.9888E-05  2.9888E-05  9.1540E-05
  4.6866E-02  3.0729E-05  3.0729E-05  9.3982E-05
  4.7302E-02  3.1594E-05  3.1594E-05  9.6487E-05
  4.7742E-02  3.2484E-05  3.2484E-05  9.9058E-05
  4.8186E-02  3.3398E-05  3.3398E-05  1.0170E-04
  4.8634E-02  3.4338E-05  3.4338E-05  1.0440E-04
  4.9086E-02  3.5305E-05  3.5305E-05  1.0718E-04
  4.9543E-02  3.6299E-05  3.6299E-05  1.1003E-04
  5.0004E-02  3.7321E-05  3.7321E-05  1.1296E-04
  5.0469E-02  3.8371E-05  3.8371E-05  1.1596E-04
  5.0938E-02  3.9451E-05  3.9451E-05  1.1904E-04
  5.1412E-02  4.0562E-05  4.0562E-05  1.2220E-04
  5.1890E-02  4.1704E-05  4.1704E-05  1.2544E-04
  5.2373E-02  4.2877E-05  4.2877E-05  1.2877E-04
  5.2860E-02  4.4084E-05  4.4084E-05  1.3218E-04
  5.3351E-02  4.5325E-05  4.5325E-05  1.3568E-04
  5.3848E-02  4.6601E-05  4.6601E-05  1.3927E-04
  5.4348E-02  4.7913E-05  4.7913E-05  1.4296E-04
  5.4854E-02  4.9261E-05  4.9261E-05  1.4674E-04
  5.5364E-02  5.0648E-05  5.0648E-05  1.5062E-04
  5.5879E-02  5.2073E-05  5.2073E-05  1.5460E-04
  5.6399E-02  5.3539E-05  5.3539E-05  1.5868E-04
  5.6923E-02  5.5046E-05  5.5046E-05  1.6287E-04
  5.7453E-02  5.6595E-05  5.6595E-05  1.6716E-04
  5.7987E-02  5.8188E-05  5.8188E-05  1.7157E-04
  5.8527E-02  5.9825E-05  5.9825E-05  1.7609E-04
  5.9071E-02  6.1509E-05  6.1509E-05  1.8073E-04
  5.9620E-02  6.3240E-05  6.3240E-05  1.8548E-04
  6.0175E-02  6.5020E-05  6.5020E-05  1.9036E-04
  6.0735E-02  6.6850E-05  6.6850E-05  1.9536E-04
  6.1300E-02  6.8731E-05  6.8731E-05  2.0050E-04
  6.1870E-02  7.0665E-05  7.0665E-05  2.0576E-04
  6.2445E-02  7.2654E-05  7.2654E-05  2.1116E-04
  6.3026E-02  7.4698E-05  7.4698E-05  2.1670E-04
  6.3612E-02  7.6800E-05  7.6800E-05  2.2237E-04
  6.4204E-02  7.8961E-05  7.8961E-05  2.2820E-04
  6.4801E-02  8.1183E-05  8.1183E-05  2.3417E-04
  6.5404E-02  8.3468E-05  8.3468E-05  2.4030E-04
  6.6012E-02  8.5816E-05  8.5816E-05  2.4658E-04
  6.6626E-02  8.8231E-05  8.8231E-05  2.5302E-04
  6.7246E-02  9.0713E-05  9.0713E-05  2.5963E-04
  6.7871E-02  9.3266E-05  9.3266E-05  2.6640E-04
  6.8502E-02  9.5890E-05  9.5890E-05  2.7335E-04
  6.9140E-02  9.8588E-05  9.8588E-05  2.8047E-04
  6.9783E-02  1.0136E-04  1.0136E-04  2.8778E-04
  7.0432E-02  1.0421E-04  1.0421E-04  2.9527E-04
  7.1087E-02  1.0715E-04  1.0715E-04  3.0295E-04
  7.1748E-02  1.1016E-04  1.1016E-04  3.1082E-04
  7.2415E-02  1.1326E-04  1.1326E-04  3.1889E-04
  7.3089E-02  1.1645E-04  1.1645E-04  3.2717E-04
  7.3769E-02  1.1972E-04  1.1972E-04  3.3566E-04
  7.4455E-02  1.2309E-04  1.2309E-04  3.4436E-04
  7.5147E-02  1.2655E-04  1.2655E-04  3.5328E-04
  7.5846E-02  1.3011E-04  1.3011E-04  3.6242E-04
  7.6552E-02  1.3377E-04  1.3377E-04  3.7180E-04
  7.7264E-02  1.3753E-04  1.3753E-04  3.8141E-04
  7.7982E-02  1.4140E-04  1.4140E-04  3.9126E-04
  7.8708E-02  1.4538E-04  1.4538E-04  4.0136E-04
  7.9440E-02  1.4947E-04  1.4947E-04  4.1171E-04
  8.0179E-02  1.5367E-04  1.5367E-04  4.2232E-04
  8.0924E-02  1.5800E-04  1.5800E-04  4.3320E-04
  8.1677E-02  1.6244E-04  1.6244E-04  4.4435E-04
  8.2437E-02  1.6701E-04  1.6701E-04  4.5578E-04
  8.3204E-02  1.7170E-04  1.7170E-04  4.6749E-04
  8.3977E-02  1.7653E-04  1.7653E-04  4.7950E-04
  8.4759E-02  1.8150E-04  1.8150E-04  4.9180E-04
  8.5547E-02  1.8660E-04  1.8660E-04  5.0441E-04
  8.6343E-02  1.9185E-04  1.9185E-04  5.1734E-04
  8.7146E-02  1.9724E-04  1.9724E-04  5.3058E-04
  8.7956E-02  2.0279E-04  2.0279E-04  5.4416E-04
  8.8774E-02  2.0849E-04  2.0849E-04  5.5807E-04
  8.9600E-02  2.1435E-04  2.1435E-04  5.7232E-04
  9.0433E-02  2.2038E-04  2.2038E-04  5.8693E-04
  9.1274E-02  2.2658E-04  2.2658E-04  6.0190E-04
  9.2123E-02  2.3295E-04  2.3295E-04  6.1724E-04
  9.2980E-02  2.3950E-04  2.3950E-04  6.3295E-04
  9.3845E-02  2.4623E-04  2.4623E-04  6.4906E-04
  9.4718E-02  2.5315E-04  2.5315E-04  6.6556E-04
  9.5599E-02  2.6027E-04  2.6027E-04  6.8246E-04
  9.6488E-02  2.6758E-04  2.6758E-04  6.9978E-04
  9.7386E-02  2.7510E-04  2.7510E-04  7.1753E-04
  9.8291E-02  2.8284E-04  2.8284E-04  7.3571E-04
  9.9206E-02  2.9079E-04  2.9079E-04  7.5433E-04
  1.0013E-01  2.9896E-04  2.9896E-04  7.7341E-04
  1.0106E-01  3.0736E-04  3.0736E-04  7.9296E-04
  1.0200E-01  3.1600E-04  3.1600E-04  8.1298E-04
  1.0295E-01  3.2488E-04  3.2488E-04  8.3349E-04
  1.0391E-01  3.3401E-04  3.3401E-04  8.5450E-04
  1.0487E-01  3.4339E-04  3.4339E-04  8.7602E-04
  1.0585E-01  3.5304E-04  3.5304E-04  8.9806E-04
  1.0683E-01  3.6296E-04  3.6296E-04  9.2064E-04
  1.0783E-01  3.7316E-04  3.7316E-04  9.4377E-04
  1.0883E-01  3.8364E-04  3.8364E-04  9.6745E-04
  1.0984E-01  3.9442E-04  3.9442E-04  9.9171E-04
  1.1086E-01  4.0550E-04  4.0550E-04  1.0166E-03
  1.1189E-01  4.1689E-04  4.1689E-04  1.0420E-03
  1.1293E-01  4.2860E-04  4.2860E-04  1.0680E-03
  1.1398E-01  4.4064E-04  4.4064E-04  1.0947E-03
  1.1504E-01  4.5302E-04  4.5302E-04  1.1221E-03
  1.1611E-01  4.6574E-04  4.6574E-04  1.1500E-03
  1.1719E-01  4.7882E-04  4.7882E-04  1.1787E-03
  1.1829E-01  4.9226E-04  4.9226E-04  1.2080E-03
  1.1939E-01  5.0609E-04  5.0609E-04  1.2381E-03
  1.2050E-01  5.2030E-04  5.2030E-04  1.2688E-03
  1.2162E-01  5.3491E-04  5.3491E-04  1.3003E-03
  1.2275E-01  5.4992E-04  5.4992E-04  1.3325E-03
  1.2389E-01  5.6536E-04  5.6536E-04  1.3655E-03
  1.2504E-01  5.8123E-04  5.8123E-04  1.3993E-03
  1.2620E-01  5.9755E-04  5.9755E-04  1.4339E-03
  1.2738E-01  6.1432E-04  6.1432E-04  1.4693E-03
  1.2856E-01  6.3156E-04  6.3156E-04  1.5056E-03
  1.2976E-01  6.4929E-04  6.4929E-04  1.5427E-03
  1.3097E-01  6.6751E-04  6.6751E-04  1.5807E-03
  1.3218E-01  6.8624E-04  6.8624E-04  1.6196E-03
  1.3341E-01  7.0550E-04  7.0550E-04  1.6594E-03
  1.3465E-01  7.2529E-04  7.2529E-04  1.7001E-03
  1.3591E-01  7.4564E-04  7.4564E-04  1.7418E-03
  1.3717E-01  7.6656E-04  7.6656E-04  1.7845E-03
  1.3845E-01  7.8806E-04  7.8806E-04  1.8281E-03
  1.3973E-01  8.1017E-04  8.1017E-04  1.8728E-03
  1.4103E-01  8.3289E-04  8.3289E-04  1.9186E-03
  1.4235E-01  8.5625E-04  8.5625E-04  1.9654E-03
  1.4367E-01  8.8026E-04  8.8026E-04  2.0133E-03
  1.4501E-01  9.0495E-04  9.0495E-04  2.0623E-03
  1.4635E-01  9.3032E-04  9.3032E-04  2.1124E-03
  1.4772E-01  9.5640E-04  9.5640E-04  2.1638E-03
  1.4909E-01  9.8322E-04  9.8322E-04  2.2163E-03
  1.5048E-01  1.0108E-03  1.0108E-03  2.2700E-03
  1.5188E-01  1.0391E-03  1.0391E-03  2.3250E-03
  1.5329E-01  1.0682E-03  1.0682E-03  2.3812E-03
  1.5471E-01  1.0982E-03  1.0982E-03  2.4388E-03
  1.5615E-01  1.1289E-03  1.1289E-03  2.4976E-03
  1.5761E-01  1.1606E-03  1.1606E-03  2.5578E-03
  1.5907E-01  1.1931E-03  1.1931E-03  2.6194E-03
  1.6055E-01  1.2265E-03  1.2265E-03  2.6825E-03
  1.6204E-01  1.2609E-03  1.2609E-03  2.7469E-03
  1.6355E-01  1.2962E-03  1.2962E-03  2.8129E-03
  1.6507E-01  1.3325E-03  1.3325E-03  2.8803E-03
  1.6661E-01  1.3698E-03  1.3698E-03  2.9493E-03
  1.6816E-01  1.4081E-03  1.4081E-03  3.0198E-03
  1.6972E-01  1.4476E-03  1.4476E-03  3.0920E-03
  1.7130E-01  1.4881E-03  1.4881E-03  3.1658E-03
  1.7289E-01  1.5297E-03  1.5297E-03  3.2413E-03
  1.7450E-01  1.5725E-03  1.5725E-03  3.3185E-03
  1.7612E-01  1.6166E-03  1.6166E-03  3.3974E-03
  1.7776E-01  1.6618E-03  1.6618E-03  3.4782E-03
  1.7942E-01  1.7083E-03  1.7083E-03  3.5607E-03
  1.8109E-01  1.7561E-03  1.7561E-03  3.6451E-03
  1.8277E-01  1.8052E-03  1.8052E-03  3.7314E-03
  1.8447E-01  1.8557E-03  1.8557E-03  3.8197E-03
  1.8619E-01  1.9075E-03  1.9075E-03  3.9099E-03
  1.8792E-01  1.9609E-03  1.9609E-03  4.0022E-03
  1.8966E-01  2.0157E-03  2.0157E-03  4.0965E-03
  1.9143E-01  2.0720E-03  2.0720E-03  4.1930E-03
  1.9321E-01  2.1299E-03  2.1299E-03  4.2916E-03
  1.9501E-01  2.1894E-03  2.1894E-03  4.3924E-03
  1.9682E-01  2.2506E-03  2.2506E-03  4.4954E-03
  1.9865E-01  2.3135E-03  2.3135E-03  4.6008E-03
  2.0050E-01  2.3781E-03  2.3781E-03  4.7085E-03
  2.0236E-01  2.4445E-03  2.4445E-03  4.8185E-03
  2.0425E-01  2.5128E-03  2.5128E-03  4.9311E-03
  2.0615E-01  2.5829E-03  2.5829E-03  5.0461E-03
  2.0806E-01  2.6550E-03  2.6550E-03  5.1636E-03
  2.1000E-01  2.7291E-03  2.7291E-03  5.2838E-03
  2.1195E-01  2.8052E-03  2.8052E-03  5.4066E-03
  2.1392E-01  2.8835E-03  2.8835E-03  5.5321E-03
  2.1591E-01  2.9639E-03  2.9639E-03  5.6604E-03
  2.1792E-01  3.0466E-03  3.0466E-03  5.7915E-03
  2.1995E-01  3.1315E-03  3.1315E-03  5.9255E-03
  2.2199E-01  3.2188E-03  3.2188E-03  6.0624E-03
  2.2406E-01  3.3085E-03  3.3085E-03  6.2023E-03
  2.2614E-01  3.4007E-03  3.4007E-03  6.3453E-03
  2.2824E-01  3.4955E-03  3.4955E-03  6.4914E-03
  2.3037E-01  3.5929E-03  3.5929E-03  6.6407E-03
  2.3251E-01  3.6929E-03  3.6929E-03  6.7932E-03
  2.3467E-01  3.7957E-03  3.7957E-03  6.9491E-03
  2.3686E-01  3.9014E-03  3.9014E-03  7.1084E-03
  2.3906E-01  4.0100E-03  4.0100E-03  7.2711E-03
  2.4128E-01  4.1216E-03  4.1216E-03  7.4373E-03
  2.4353E-01  4.2362E-03  4.2362E-03  7.6072E-03
  2.4579E-01  4.3540E-03  4.3540E-03  7.7808E-03
  2.4808E-01  4.4751E-03  4.4751E-03  7.9580E-03
  2.5038E-01  4.5995E-03  4.5995E-03  8.1392E-03
  2.5271E-01  4.7274E-03  4.7274E-03  8.3242E-03
  2.5506E-01  4.8587E-03  4.8587E-03  8.5133E-03
  2.5744E-01  4.9937E-03  4.9937E-03  8.7064E-03
  2.5983E-01  5.1324E-03  5.1324E-03  8.9036E-03
  2.6225E-01  5.2749E-03  5.2749E-03  9.1052E-03
  2.6469E-01  5.4213E-03  5.4213E-03  9.3110E-03
  2.6715E-01  5.5717E-03  5.5717E-03  9.5213E-03
  2.6963E-01  5.7263E-03  5.7263E-03  9.7361E-03
  2.7214E-01  5.8851E-03  5.8851E-03  9.9554E-03
  2.7467E-01  6.0483E-03  6.0483E-03  1.0180E-02
  2.7723E-01  6.2159E-03  6.2159E-03  1.0408E-02
  2.7981E-01  6.3882E-03  6.3882E-03  1.0642E-02
  2.8241E-01  6.5651E-03  6.5651E-03  1.0881E-02
  2.8503E-01  6.7470E-03  6.7470E-03  1.1125E-02
  2.8769E-01  6.9337E-03  6.9337E-03  1.1374E-02
  2.9036E-01  7.1256E-03  7.1256E-03  1.1628E-02
  2.9306E-01  7.3228E-03  7.3228E-03  1.1888E-02
  2.9579E-01  7.5253E-03  7.5253E-03  1.2153E-02
  2.9854E-01  7.7334E-03  7.7334E-03  1.2424E-02
  3.0132E-01  7.9471E-03  7.9471E-03  1.2701E-02
  3.0412E-01  8.1667E-03  8.1667E-03  1.2984E-02
  3.0695E-01  8.3923E-03  8.3923E-03  1.3273E-02
  3.0980E-01  8.6240E-03  8.6240E-03  1.3567E-02
  3.1268E-01  8.8620E-03  8.8620E-03  1.3868E-02
  3.1559E-01  9.1065E-03  9.1065E-03  1.4176E-02
  3.1853E-01  9.3576E-03  9.3576E-03  1.4490E-02
  3.2149E-01  9.6156E-03  9.6156E-03  1.4810E-02
  3.2448E-01  9.8806E-03  9.8806E-03  1.5138E-02
  3.2750E-01  1.0153E-02  1.0153E-02  1.5472E-02
  3.3054E-01  1.0432E-02  1.0432E-02  1.5814E-02
  3.3362E-01  1.0719E-02  1.0719E-02  1.6162E-02
  3.3672E-01  1.1014E-02  1.1014E-02  1.6519E-02
  3.3985E-01  1.1317E-02  1.1317E-02  1.6882E-02
  3.4301E-01  1.1628E-02  1.1628E-02  1.7254E-02
  3.4620E-01  1.1948E-02  1.1948E-02  1.7633E-02
  3.4942E-01  1.2276E-02  1.2276E-02  1.8020E-02
  3.5267E-01  1.2613E-02  1.2613E-02  1.8416E-02
  3.5595E-01  1.2959E-02  1.2959E-02  1.8819E-02
  3.5927E-01  1.3315E-02  1.3315E-02  1.9232E-02
  3.6261E-01  1.3680E-02  1.3680E-02  1.9653E-02
  3.6598E-01  1.4054E-02  1.4054E-02  2.0083E-02
  3.6938E-01  1.4439E-02  1.4439E-02  2.0523E-02
  3.7282E-01  1.4835E-02  1.4835E-02  2.0971E-02
  3.7629E-01  1.5240E-02  1.5240E-02  2.1429E-02
  3.7979E-01  1.5657E-02  1.5657E-02  2.1897E-02
  3.8332E-01  1.6085E-02  1.6085E-02  2.2375E-02
  3.8688E-01  1.6524E-02  1.6524E-02  2.2863E-02
  3.9048E-01  1.6975E-02  1.6975E-02  2.3362E-02
  3.9411E-01  1.7439E-02  1.7439E-02  2.3871E-02
  3.9778E-01  1.7914E-02  1.7914E-02  2.4391E-02
  4.0148E-01  1.8402E-02  1.8402E-02  2.4922E-02
  4.0521E-01  1.8904E-02  1.8904E-02  2.5465E-02
  4.0898E-01  1.9418E-02  1.9418E-02  2.6019E-02
  4.1279E-01  1.9947E-02  1.9947E-02  2.6585E-02
  4.1663E-01  2.0489E-02  2.0489E-02  2.7163E-02
  4.2050E-01  2.1046E-02  2.1046E-02  2.7754E-02
  4.2441E-01  2.1617E-02  2.1617E-02  2.8357E-02
  4.2836E-01  2.2204E-02  2.2204E-02  2.8973E-02
  4.3234E-01  2.2806E-02  2.2806E-02  2.9603E-02
  4.3637E-01  2.3424E-02  2.3424E-02  3.0246E-02
  4.4042E-01  2.4059E-02  2.4059E-02  3.0904E-02
  4.4452E-01  2.4710E-02  2.4710E-02  3.1575E-02
  4.4865E-01  2.5378E-02  2.5378E-02  3.2261E-02
  4.5283E-01  2.6064E-02  2.6064E-02  3.2963E-02
  4.5704E-01  2.6768E-02  2.6768E-02  3.3679E-02
  4.6129E-01  2.7491E-02  2.7491E-02  3.4411E-02
  4.6558E-01  2.8232E-02  2.8232E-02  3.5159E-02
  4.6991E-01  2.8993E-02  2.8993E-02  3.5924E-02
  4.7428E-01  2.9774E-02  2.9774E-02  3.6706E-02
  4.7869E-01  3.0575E-02  3.0575E-02  3.7504E-02
  4.8315E-01  3.1398E-02  3.1398E-02  3.8321E-02
  4.8764E-01  3.2241E-02  3.2241E-02  3.9156E-02
  4.9217E-01  3.3107E-02  3.3107E-02  4.0009E-02
  4.9675E-01  3.3996E-02  3.3996E-02  4.0881E-02
  5.0137E-01  3.4907E-02  3.4907E-02  4.1773E-02
  5.0604E-01  3.5842E-02  3.5842E-02  4.2684E-02
  5.1074E-01  3.6802E-02  3.6802E-02  4.3617E-02
  5.1549E-01  3.7786E-02  3.7786E-02  4.4570E-02
  5.2029E-01  3.8796E-02  3.8796E-02  4.5545E-02
  5.2513E-01  3.9832E-02  3.9832E-02  4.6542E-02
  5.3001E-01  4.0895E-02  4.0895E-02  4.7562E-02
  5.3494E-01  4.1985E-02  4.1985E-02  4.8605E-02
  5.3992E-01  4.3104E-02  4.3104E-02  4.9672E-02
  5.4494E-01  4.4251E-02  4.4251E-02  5.0764E-02
  5.5001E-01  4.5428E-02  4.5428E-02  5.1880E-02
  5.5512E-01  4.6635E-02  4.6635E-02  5.3023E-02
  5.6029E-01  4.7874E-02  4.7874E-02  5.4192E-02
  5.6550E-01  4.9144E-02  4.9144E-02  5.5389E-02
  5.7076E-01  5.0446E-02  5.0446E-02  5.6614E-02
  5.7606E-01  5.1783E-02  5.1783E-02  5.7867E-02
  5.8142E-01  5.3153E-02  5.3153E-02  5.9150E-02
  5.8683E-01  5.4558E-02  5.4558E-02  6.0464E-02
  5.9229E-01  5.6000E-02  5.6000E-02  6.1808E-02
  5.9780E-01  5.7478E-02  5.7478E-02  6.3185E-02
  6.0336E-01  5.8994E-02  5.8994E-02  6.4595E-02
  6.0897E-01  6.0548E-02  6.0548E-02  6.6039E-02
  6.1463E-01  6.2143E-02  6.2143E-02  6.7518E-02
  6.2035E-01  6.3778E-02  6.3778E-02  6.9033E-02
  6.2612E-01  6.5454E-02  6.5454E-02  7.0585E-02
  6.3194E-01  6.7174E-02  6.7174E-02  7.2175E-02
  6.3782E-01  6.8937E-02  6.8937E-02  7.3804E-02
  6.4375E-01  7.0745E-02  7.0745E-02  7.5473E-02
  6.4974E-01  7.2599E-02  7.2599E-02  7.7184E-02
  6.5578E-01  7.4500E-02  7.4500E-02  7.8938E-02
  6.6188E-01  7.6450E-02  7.6450E-02  8.0735E-02
  6.6804E-01  7.8449E-02  7.8449E-02  8.2578E-02
  6.7425E-01  8.0499E-02  8.0499E-02  8.4468E-02
  6.8053E-01  8.2602E-02  8.2602E-02  8.6406E-02
  6.8685E-01  8.4758E-02  8.4758E-02  8.8393E-02
  6.9324E-01  8.6968E-02  8.6968E-02  9.0432E-02
  6.9969E-01  8.9236E-02  8.9236E-02  9.2523E-02
  7.0620E-01  9.1561E-02  9.1561E-02  9.4668E-02
  7.1277E-01  9.3945E-02  9.3945E-02  9.6870E-02
  7.1940E-01  9.6390E-02  9.6390E-02  9.9129E-02
  7.2609E-01  9.8898E-02  9.8898E-02  1.0145E-01
  7.3284E-01  1.0147E-01  1.0147E-01  1.0383E-01
  7.3966E-01  1.0411E-01  1.0411E-01  1.0627E-01
  7.4654E-01  1.0681E-01  1.0681E-01  1.0878E-01
  7.5348E-01  1.0959E-01  1.0959E-01  1.1136E-01
  7.6049E-01  1.1244E-01  1.1244E-01  1.1401E-01
  7.6756E-01  1.1536E-01  1.1536E-01  1.1672E-01
  7.7470E-01  1.1835E-01  1.1835E-01  1.1952E-01
  7.8191E-01  1.2143E-01  1.2143E-01  1.2239E-01
  7.8918E-01  1.2458E-01  1.2458E-01  1.2534E-01
  7.9652E-01  1.2782E-01  1.2782E-01  1.2837E-01
  8.0393E-01  1.3114E-01  1.3114E-01  1.3148E-01
  8.1140E-01  1.3455E-01  1.3455E-01  1.3469E-01
  8.1895E-01  1.3804E-01  1.3804E-01  1.3798E-01
  8.2657E-01  1.4163E-01  1.4163E-01  1.4137E-01
  8.3426E-01  1.4532E-01  1.4532E-01  1.4486E-01
  8.4202E-01  1.4910E-01  1.4910E-01  1.4844E-01
  8.4985E-01  1.5299E-01  1.5299E-01  1.5213E-01
  8.5775E-01  1.5698E-01  1.5698E-01  1.5593E-01
  8.6573E-01  1.6108E-01  1.6108E-01  1.5984E-01
  8.7378E-01  1.6528E-01  1.6528E-01  1.6386E-01
  8.8191E-01  1.6961E-01  1.6961E-01  1.6800E-01
  8.9011E-01  1.7405E-01  1.7405E-01  1.7227E-01
  8.9839E-01  1.7862E-01  1.7862E-01  1.7666E-01
  9.0675E-01  1.8331E-01  1.8331E-01  1.8119E-01
  9.1518E-01  1.8813E-01  1.8813E-01  1.8585E-01
  9.2369E-01  1.9309E-01  1.9309E-01  1.9066E-01
  9.3228E-01  1.9819E-01  1.9819E-01  1.9561E-01
  9.4095E-01  2.0343E-01  2.0343E-01  2.0071E-01
  9.4971E-01  2.0883E-01  2.0883E-01  2.0598E-01
  9.5854E-01  2.1438E-01  2.1438E-01  2.1140E-01
  9.6745E-01  2.2009E-01  2.2009E-01  2.1700E-01
  9.7645E-01  2.2597E-01  2.2597E-01  2.2278E-01
  9.8554E-01  2.3202E-01  2.3202E-01  2.2874E-01
  9.9470E-01  2.3826E-01  2.3826E-01  2.3489E-01
  1.0040E+00  2.4468E-01  2.4468E-01  2.4123E-01
  1.0133E+00  2.5130E-01  2.5130E-01  2.4779E-01
  1.0227E+00  2.5812E-01  2.5812E-01  2.5455E-01
  1.0322E+00  2.6515E-01  2.6515E-01  2.6154E-01
  1.0418E+00  2.7240E-01  2.7240E-01  2.6876E-01
  1.0515E+00  2.7988E-01  2.7988E-01  2.7622E-01
  1.0613E+00  2.8760E-01  2.8760E-01  2.8393E-01
  1.0712E+00  2.9556E-01  2.9556E-01  2.9189E-01
  1.0811E+00  3.0378E-01  3.0378E-01  3.0013E-01
  1.0912E+00  3.1227E-01  3.1227E-01  3.0864E-01
  1.1013E+00  3.2104E-01  3.2104E-01  3.1745E-01
  1.1116E+00  3.3010E-01  3.3010E-01  3.2656E-01
  1.1219E+00  3.3946E-01  3.3946E-01  3.3598E-01
  1.1324E+00  3.4914E-01  3.4914E-01  3.4573E-01
  1.1429E+00  3.5915E-01  3.5915E-01  3.5583E-01
  1.1535E+00  3.6951E-01  3.6951E-01  3.6628E-01
  1.1642E+00  3.8023E-01  3.8023E-01  3.7710E-01
  1.1751E+00  3.9133E-01  3.9133E-01  3.8831E-01
  1.1860E+00  4.0283E-01  4.0283E-01  3.9993E-01
  1.1970E+00  4.1473E-01  4.1473E-01  4.1196E-01
  1.2082E+00  4.2707E-01  4.2707E-01  4.2444E-01
  1.2194E+00  4.3985E-01  4.3985E-01  4.3737E-01
  1.2307E+00  4.5311E-01  4.5311E-01  4.5077E-01
  1.2422E+00  4.6687E-01  4.6687E-01  4.6468E-01
  1.2537E+00  4.8114E-01  4.8114E-01  4.7911E-01
  1.2654E+00  4.9594E-01  4.9594E-01  4.9408E-01
  1.2772E+00  5.1132E-01  5.1132E-01  5.0961E-01
  1.2891E+00  5.2729E-01  5.2729E-01  5.2574E-01
  1.3010E+00  5.4387E-01  5.4387E-01  5.4249E-01
  1.3131E+00  5.6111E-01  5.6111E-01  5.5989E-01
  1.3254E+00  5.7902E-01  5.7902E-01  5.7796E-01
  1.3377E+00  5.9765E-01  5.9765E-01  5.9674E-01
  1.3501E+00  6.1702E-01  6.1702E-01  6.1626E-01
  1.3627E+00  6.3718E-01  6.3718E-01  6.3656E-01
  1.3754E+00  6.5815E-01  6.5815E-01  6.5766E-01
  1.3882E+00  6.7998E-01  6.7998E-01  6.7962E-01
  1.4011E+00  7.0271E-01  7.0271E-01  7.0246E-01
  1.4141E+00  7.2638E-01  7.2638E-01  7.2624E-01
  1.4273E+00  7.5103E-01  7.5103E-01  7.5099E-01
  1.4405E+00  7.7672E-01  7.7672E-01  7.7677E-01
  1.4539E+00  8.0350E-01  8.0350E-01  8.0361E-01
  1.4674E+00  8.3141E-01  8.3141E-01  8.3159E-01
  1.4811E+00  8.6051E-01  8.6051E-01  8.6074E-01
  1.4949E+00  8.9086E-01  8.9086E-01  8.9113E-01
  1.5088E+00  9.2253E-01  9.2253E-01  9.2282E-01
  1.5228E+00  9.5557E-01  9.5557E-01  9.5587E-01
  1.5370E+00  9.9005E-01  9.9005E-01  9.9036E-01
  1.5513E+00  1.0260E+00  1.0260E+00  1.0263E+00
  1.5657E+00  1.0636E+00  1.0636E+00  1.0639E+00
  1.5803E+00  1.1029E+00  1.1029E+00  1.1032E+00
  1.5950E+00  1.1439E+00  1.1439E+00  1.1442E+00
  1.6098E+00  1.1868E+00  1.1868E+00  1.1870E+00
  1.6248E+00  1.2316E+00  1.2316E+00  1.2317E+00
  1.6399E+00  1.2784E+00  1.2784E+00  1.2785E+00
  1.6551E+00  1.3274E+00  1.3274E+00  1.3275E+00
  1.6705E+00  1.3786E+00  1.3786E+00  1.3787E+00
  1.6861E+00  1.4323E+00  1.4323E+00  1.4323E+00
  1.7017E+00  1.4884E+00  1.4884E+00  1.4884E+00
  1.7176E+00  1.5472E+00  1.5472E+00  1.5471E+00
  1.7335E+00  1.6088E+00  1.6088E+00  1.6087E+00
  1.7497E+00  1.6733E+00  1.6733E+00  1.6732E+00
  1.7659E+00  1.7409E+00  1.7409E+00  1.7408E+00
  1.7824E+00  1.8118E+00  1.8118E+00  1.8116E+00
  1.7989E+00  1.8862E+00  1.8862E+00  1.8860E+00
  1.8157E+00  1.9642E+00  1.9642E+00  1.9640E+00
  1.8326E+00  2.0462E+00  2.0462E+00  2.0458E+00
  1.8496E+00  2.1322E+00  2.1322E+00  2.1318E+00
  1.8668E+00  2.2225E+00  2.2225E+00  2.2221E+00
