  0.0000000E+00  0.0000000E+00
  1.0221911E-08 -9.7696541E-14
  2.0537860E-08 -3.9169316E-13
  3.0948714E-08 -8.8740753E-13
  4.1455344E-08 -1.5903739E-12
  5.2058633E-08 -2.5062455E-12
  6.2759468E-08 -3.6407966E-12
  7.3558749E-08 -4.9999254E-12
  8.4457379E-08 -6.5896561E-12
  9.5456275E-08 -8.4161414E-12
  1.0655636E-07 -1.0485665E-11
  1.1775856E-07 -1.2804645E-11
  1.2906381E-07 -1.5379635E-11
  1.4047307E-07 -1.8217327E-11
  1.5198730E-07 -2.1324557E-11
  1.6360745E-07 -2.4708304E-11
  1.7533450E-07 -2.8375694E-11
  1.8716944E-07 -3.2334004E-11
  1.9911326E-07 -3.6590664E-11
  2.1116696E-07 -4.1153261E-11
  2.2333154E-07 -4.6029540E-11
  2.3560804E-07 -5.1227409E-11
  2.4799748E-07 -5.6754941E-11
  2.6050090E-07 -6.2620379E-11
  2.7311935E-07 -6.8832138E-11
  2.8585388E-07 -7.5398806E-11
  2.9870556E-07 -8.2329154E-11
  3.1167548E-07 -8.9632132E-11
  3.2476472E-07 -9.7316878E-11
  3.3797438E-07 -1.0539272E-10
  3.5130556E-07 -1.1386917E-10
  3.6475938E-07 -1.2275596E-10
  3.7833698E-07 -1.3206300E-10
  3.9203948E-07 -1.4180040E-10
  4.0586804E-07 -1.5197852E-10
  4.1982383E-07 -1.6260788E-10
  4.3390800E-07 -1.7369925E-10
  4.4812174E-07 -1.8526361E-10
  4.6246625E-07 -1.9731217E-10
  4.7694272E-07 -2.0985637E-10
  4.9155237E-07 -2.2290789E-10
  5.0629642E-07 -2.3647862E-10
  5.2117612E-07 -2.5058073E-10
  5.3619271E-07 -2.6522661E-10
  5.5134744E-07 -2.8042894E-10
  5.6664159E-07 -2.9620060E-10
  5.8207645E-07 -3.1255480E-10
  5.9765330E-07 -3.2950496E-10
  6.1337345E-07 -3.4706480E-10
  6.2923823E-07 -3.6524833E-10
  6.4524895E-07 -3.8406982E-10
  6.6140697E-07 -4.0354384E-10
  6.7771364E-07 -4.2368525E-10
  6.9417033E-07 -4.4450923E-10
  7.1077841E-07 -4.6603123E-10
  7.2753929E-07 -4.8826704E-10
  7.4445435E-07 -5.1123276E-10
  7.6152504E-07 -5.3494483E-10
  7.7875276E-07 -5.5941998E-10
  7.9613898E-07 -5.8467532E-10
  8.1368515E-07 -6.1072829E-10
  8.3139273E-07 -6.3759667E-10
  8.4926323E-07 -6.6529859E-10
  8.6729812E-07 -6.9385258E-10
  8.8549893E-07 -7.2327750E-10
  9.0386718E-07 -7.5359262E-10
  9.2240442E-07 -7.8481756E-10
  9.4111219E-07 -8.1697237E-10
  9.5999207E-07 -8.5007747E-10
  9.7904564E-07 -8.8415371E-10
  9.9827450E-07 -9.1922234E-10
  1.0176803E-06 -9.5530504E-10
  1.0372645E-06 -9.9242392E-10
  1.0570290E-06 -1.0306015E-09
  1.0769753E-06 -1.0698608E-09
  1.0971051E-06 -1.1102253E-09
  1.1174200E-06 -1.1517189E-09
  1.1379219E-06 -1.1943660E-09
  1.1586124E-06 -1.2381915E-09
  1.1794932E-06 -1.2832207E-09
  1.2005661E-06 -1.3294795E-09
  1.2218329E-06 -1.3769943E-09
  1.2432953E-06 -1.4257920E-09
  1.2649552E-06 -1.4759000E-09
  1.2868143E-06 -1.5273463E-09
  1.3088746E-06 -1.5801594E-09
  1.3311378E-06 -1.6343685E-09
  1.3536058E-06 -1.6900032E-09
  1.3762805E-06 -1.7470937E-09
  1.3991638E-06 -1.8056708E-09
  1.4222576E-06 -1.8657661E-09
  1.4455639E-06 -1.9274116E-09
  1.4690846E-06 -1.9906400E-09
  1.4928217E-06 -2.0554845E-09
  1.5167771E-06 -2.1219793E-09
  1.5409529E-06 -2.1901590E-09
  1.5653512E-06 -2.2600589E-09
  1.5899739E-06 -2.3317150E-09
  1.6148231E-06 -2.4051640E-09
  1.6399010E-06 -2.4804435E-09
  1.6652095E-06 -2.5575916E-09
  1.6907509E-06 -2.6366472E-09
  1.7165272E-06 -2.7176500E-09
  1.7425407E-06 -2.8006405E-09
  1.7687935E-06 -2.8856599E-09
  1.7952878E-06 -2.9727503E-09
  1.8220259E-06 -3.0619545E-09
  1.8490099E-06 -3.1533163E-09
  1.8762422E-06 -3.2468802E-09
  1.9037250E-06 -3.3426917E-09
  1.9314606E-06 -3.4407970E-09
  1.9594514E-06 -3.5412434E-09
  1.9876998E-06 -3.6440790E-09
  2.0162080E-06 -3.7493528E-09
  2.0449784E-06 -3.8571149E-09
  2.0740136E-06 -3.9674163E-09
  2.1033158E-06 -4.0803088E-09
  2.1328876E-06 -4.1958456E-09
  2.1627315E-06 -4.3140805E-09
  2.1928499E-06 -4.4350687E-09
  2.2232455E-06 -4.5588663E-09
  2.2539206E-06 -4.6855304E-09
  2.2848780E-06 -4.8151193E-09
  2.3161201E-06 -4.9476926E-09
  2.3476497E-06 -5.0833107E-09
  2.3794693E-06 -5.2220355E-09
  2.4115817E-06 -5.3639298E-09
  2.4439895E-06 -5.5090578E-09
  2.4766954E-06 -5.6574849E-09
  2.5097022E-06 -5.8092777E-09
  2.5430127E-06 -5.9645043E-09
  2.5766296E-06 -6.1232338E-09
  2.6105558E-06 -6.2855367E-09
  2.6447941E-06 -6.4514852E-09
  2.6793473E-06 -6.6211523E-09
  2.7142185E-06 -6.7946130E-09
  2.7494104E-06 -6.9719433E-09
  2.7849262E-06 -7.1532210E-09
  2.8207686E-06 -7.3385250E-09
  2.8569408E-06 -7.5279360E-09
  2.8934458E-06 -7.7215363E-09
  2.9302866E-06 -7.9194095E-09
  2.9674663E-06 -8.1216411E-09
  3.0049881E-06 -8.3283181E-09
  3.0428550E-06 -8.5395290E-09
  3.0810703E-06 -8.7553644E-09
  3.1196372E-06 -8.9759163E-09
  3.1585589E-06 -9.2012786E-09
  3.1978387E-06 -9.4315469E-09
  3.2374798E-06 -9.6668187E-09
  3.2774857E-06 -9.9071934E-09
  3.3178595E-06 -1.0152772E-08
  3.3586048E-06 -1.0403658E-08
  3.3997249E-06 -1.0659957E-08
  3.4412234E-06 -1.0921775E-08
  3.4831036E-06 -1.1189222E-08
  3.5253691E-06 -1.1462410E-08
  3.5680234E-06 -1.1741451E-08
  3.6110701E-06 -1.2026461E-08
  3.6545128E-06 -1.2317558E-08
  3.6983553E-06 -1.2614862E-08
  3.7426010E-06 -1.2918496E-08
  3.7872538E-06 -1.3228584E-08
  3.8323174E-06 -1.3545252E-08
  3.8777955E-06 -1.3868632E-08
  3.9236921E-06 -1.4198853E-08
  3.9700108E-06 -1.4536052E-08
  4.0167557E-06 -1.4880364E-08
  4.0639307E-06 -1.5231930E-08
  4.1115396E-06 -1.5590891E-08
  4.1595865E-06 -1.5957394E-08
  4.2080755E-06 -1.6331584E-08
  4.2570105E-06 -1.6713614E-08
  4.3063957E-06 -1.7103635E-08
  4.3562353E-06 -1.7501805E-08
  4.4065333E-06 -1.7908283E-08
  4.4572941E-06 -1.8323231E-08
  4.5085219E-06 -1.8746815E-08
  4.5602209E-06 -1.9179202E-08
  4.6123956E-06 -1.9620565E-08
  4.6650502E-06 -2.0071078E-08
  4.7181893E-06 -2.0530921E-08
  4.7718172E-06 -2.1000273E-08
  4.8259385E-06 -2.1479322E-08
  4.8805577E-06 -2.1968254E-08
  4.9356794E-06 -2.2467263E-08
  4.9913082E-06 -2.2976543E-08
  5.0474487E-06 -2.3496296E-08
  5.1041058E-06 -2.4026723E-08
  5.1612840E-06 -2.4568032E-08
  5.2189883E-06 -2.5120434E-08
  5.2772234E-06 -2.5684144E-08
  5.3359943E-06 -2.6259382E-08
  5.3953059E-06 -2.6846370E-08
  5.4551631E-06 -2.7445335E-08
  5.5155710E-06 -2.8056511E-08
  5.5765346E-06 -2.8680132E-08
  5.6380591E-06 -2.9316440E-08
  5.7001495E-06 -2.9965679E-08
  5.7628112E-06 -3.0628100E-08
  5.8260494E-06 -3.1303956E-08
  5.8898693E-06 -3.1993507E-08
  5.9542764E-06 -3.2697018E-08
  6.0192760E-06 -3.3414758E-08
  6.0848735E-06 -3.4147000E-08
  6.1510746E-06 -3.4894024E-08
  6.2178846E-06 -3.5656115E-08
  6.2853093E-06 -3.6433564E-08
  6.3533543E-06 -3.7226664E-08
  6.4220253E-06 -3.8035718E-08
  6.4913281E-06 -3.8861033E-08
  6.5612684E-06 -3.9702920E-08
  6.6318521E-06 -4.0561699E-08
  6.7030852E-06 -4.1437694E-08
  6.7749736E-06 -4.2331235E-08
  6.8475234E-06 -4.3242659E-08
  6.9207406E-06 -4.4172309E-08
  6.9946314E-06 -4.5120535E-08
  7.0692020E-06 -4.6087693E-08
  7.1444585E-06 -4.7074146E-08
  7.2204075E-06 -4.8080263E-08
  7.2970551E-06 -4.9106421E-08
  7.3744079E-06 -5.0153004E-08
  7.4524723E-06 -5.1220402E-08
  7.5312548E-06 -5.2309015E-08
  7.6107622E-06 -5.3419247E-08
  7.6910010E-06 -5.4551512E-08
  7.7719779E-06 -5.5706232E-08
  7.8536999E-06 -5.6883834E-08
  7.9361736E-06 -5.8084757E-08
  8.0194061E-06 -5.9309446E-08
  8.1034043E-06 -6.0558354E-08
  8.1881753E-06 -6.1831943E-08
  8.2737261E-06 -6.3130685E-08
  8.3600640E-06 -6.4455059E-08
  8.4471961E-06 -6.5805554E-08
  8.5351299E-06 -6.7182667E-08
  8.6238726E-06 -6.8586907E-08
  8.7134317E-06 -7.0018789E-08
  8.8038147E-06 -7.1478840E-08
  8.8950293E-06 -7.2967597E-08
  8.9870830E-06 -7.4485605E-08
  9.0799835E-06 -7.6033422E-08
  9.1737387E-06 -7.7611614E-08
  9.2683565E-06 -7.9220759E-08
  9.3638447E-06 -8.0861446E-08
  9.4602113E-06 -8.2534273E-08
  9.5574645E-06 -8.4239853E-08
  9.6556124E-06 -8.5978807E-08
  9.7546633E-06 -8.7751768E-08
  9.8546254E-06 -8.9559383E-08
  9.9555071E-06 -9.1402309E-08
  1.0057317E-05 -9.3281217E-08
  1.0160063E-05 -9.5196789E-08
  1.0263755E-05 -9.7149720E-08
  1.0368400E-05 -9.9140719E-08
  1.0474009E-05 -1.0117051E-07
  1.0580589E-05 -1.0323982E-07
  1.0688149E-05 -1.0534941E-07
  1.0796699E-05 -1.0750004E-07
  1.0906247E-05 -1.0969247E-07
  1.1016804E-05 -1.1192752E-07
  1.1128377E-05 -1.1420598E-07
  1.1240977E-05 -1.1652867E-07
  1.1354613E-05 -1.1889643E-07
  1.1469294E-05 -1.2131012E-07
  1.1585030E-05 -1.2377060E-07
  1.1701831E-05 -1.2627876E-07
  1.1819707E-05 -1.2883549E-07
  1.1938666E-05 -1.3144173E-07
  1.2058721E-05 -1.3409839E-07
  1.2179880E-05 -1.3680645E-07
  1.2302153E-05 -1.3956685E-07
  1.2425551E-05 -1.4238061E-07
  1.2550085E-05 -1.4524871E-07
  1.2675764E-05 -1.4817220E-07
  1.2802599E-05 -1.5115210E-07
  1.2930601E-05 -1.5418950E-07
  1.3059781E-05 -1.5728547E-07
  1.3190150E-05 -1.6044112E-07
  1.3321717E-05 -1.6365757E-07
  1.3454495E-05 -1.6693597E-07
  1.3588495E-05 -1.7027749E-07
  1.3723727E-05 -1.7368332E-07
  1.3860203E-05 -1.7715466E-07
  1.3997935E-05 -1.8069277E-07
  1.4136934E-05 -1.8429888E-07
  1.4277212E-05 -1.8797429E-07
  1.4418780E-05 -1.9172029E-07
  1.4561651E-05 -1.9553822E-07
  1.4705836E-05 -1.9942944E-07
  1.4851347E-05 -2.0339531E-07
  1.4998197E-05 -2.0743725E-07
  1.5146398E-05 -2.1155668E-07
  1.5295963E-05 -2.1575508E-07
  1.5446903E-05 -2.2003391E-07
  1.5599233E-05 -2.2439469E-07
  1.5752963E-05 -2.2883897E-07
  1.5908108E-05 -2.3336831E-07
  1.6064680E-05 -2.3798431E-07
  1.6222692E-05 -2.4268860E-07
  1.6382158E-05 -2.4748285E-07
  1.6543092E-05 -2.5236873E-07
  1.6705505E-05 -2.5734798E-07
  1.6869413E-05 -2.6242234E-07
  1.7034829E-05 -2.6759360E-07
  1.7201767E-05 -2.7286358E-07
  1.7370240E-05 -2.7823414E-07
  1.7540263E-05 -2.8370716E-07
  1.7711851E-05 -2.8928456E-07
  1.7885017E-05 -2.9496831E-07
  1.8059776E-05 -3.0076040E-07
  1.8236142E-05 -3.0666286E-07
  1.8414132E-05 -3.1267776E-07
  1.8593758E-05 -3.1880721E-07
  1.8775038E-05 -3.2505337E-07
  1.8957985E-05 -3.3141840E-07
  1.9142615E-05 -3.3790456E-07
  1.9328943E-05 -3.4451410E-07
  1.9516986E-05 -3.5124934E-07
  1.9706759E-05 -3.5811263E-07
  1.9898277E-05 -3.6510638E-07
  2.0091558E-05 -3.7223302E-07
  2.0286617E-05 -3.7949505E-07
  2.0483470E-05 -3.8689501E-07
  2.0682134E-05 -3.9443547E-07
  2.0882626E-05 -4.0211906E-07
  2.1084962E-05 -4.0994847E-07
  2.1289159E-05 -4.1792643E-07
  2.1495236E-05 -4.2605572E-07
  2.1703208E-05 -4.3433916E-07
  2.1913093E-05 -4.4277965E-07
  2.2124909E-05 -4.5138012E-07
  2.2338674E-05 -4.6014357E-07
  2.2554406E-05 -4.6907304E-07
  2.2772122E-05 -4.7817165E-07
  2.2991841E-05 -4.8744254E-07
  2.3213581E-05 -4.9688895E-07
  2.3437361E-05 -5.0651416E-07
  2.3663201E-05 -5.1632150E-07
  2.3891117E-05 -5.2631439E-07
  2.4121131E-05 -5.3649630E-07
  2.4353260E-05 -5.4687075E-07
  2.4587525E-05 -5.5744134E-07
  2.4823946E-05 -5.6821175E-07
  2.5062541E-05 -5.7918569E-07
  2.5303331E-05 -5.9036698E-07
  2.5546337E-05 -6.0175949E-07
  2.5791578E-05 -6.1336717E-07
  2.6039075E-05 -6.2519403E-07
  2.6288849E-05 -6.3724416E-07
  2.6540921E-05 -6.4952173E-07
  2.6795312E-05 -6.6203100E-07
  2.7052043E-05 -6.7477629E-07
  2.7311136E-05 -6.8776200E-07
  2.7572613E-05 -7.0099261E-07
  2.7836495E-05 -7.1447271E-07
  2.8102805E-05 -7.2820695E-07
  2.8371565E-05 -7.4220006E-07
  2.8642797E-05 -7.5645689E-07
  2.8916525E-05 -7.7098234E-07
  2.9192771E-05 -7.8578144E-07
  2.9471558E-05 -8.0085928E-07
  2.9752910E-05 -8.1622107E-07
  3.0036850E-05 -8.3187209E-07
  3.0323403E-05 -8.4781775E-07
  3.0612592E-05 -8.6406354E-07
  3.0904441E-05 -8.8061505E-07
  3.1198975E-05 -8.9747798E-07
  3.1496219E-05 -9.1465814E-07
  3.1796197E-05 -9.3216144E-07
  3.2098935E-05 -9.4999391E-07
  3.2404458E-05 -9.6816168E-07
  3.2712792E-05 -9.8667100E-07
  3.3023962E-05 -1.0055282E-06
  3.3337995E-05 -1.0247399E-06
  3.3654918E-05 -1.0443125E-06
  3.3974755E-05 -1.0642528E-06
  3.4297535E-05 -1.0845677E-06
  3.4623285E-05 -1.1052642E-06
  3.4952031E-05 -1.1263493E-06
  3.5283802E-05 -1.1478304E-06
  3.5618625E-05 -1.1697147E-06
  3.5956529E-05 -1.1920097E-06
  3.6297540E-05 -1.2147232E-06
  3.6641690E-05 -1.2378629E-06
  3.6989005E-05 -1.2614368E-06
  3.7339515E-05 -1.2854529E-06
  3.7693250E-05 -1.3099195E-06
  3.8050239E-05 -1.3348449E-06
  3.8410513E-05 -1.3602377E-06
  3.8774101E-05 -1.3861066E-06
  3.9141033E-05 -1.4124604E-06
  3.9511342E-05 -1.4393082E-06
  3.9885057E-05 -1.4666592E-06
  4.0262210E-05 -1.4945226E-06
  4.0642833E-05 -1.5229082E-06
  4.1026958E-05 -1.5518255E-06
  4.1414616E-05 -1.5812845E-06
  4.1805841E-05 -1.6112952E-06
  4.2200665E-05 -1.6418679E-06
  4.2599121E-05 -1.6730131E-06
  4.3001243E-05 -1.7047413E-06
  4.3407064E-05 -1.7370635E-06
  4.3816619E-05 -1.7699907E-06
  4.4229942E-05 -1.8035341E-06
  4.4647067E-05 -1.8377052E-06
  4.5068029E-05 -1.8725156E-06
  4.5492864E-05 -1.9079773E-06
  4.5921608E-05 -1.9441023E-06
  4.6354296E-05 -1.9809030E-06
  4.6790964E-05 -2.0183920E-06
  4.7231650E-05 -2.0565820E-06
  4.7676390E-05 -2.0954860E-06
  4.8125221E-05 -2.1351173E-06
  4.8578181E-05 -2.1754895E-06
  4.9035309E-05 -2.2166163E-06
  4.9496642E-05 -2.2585117E-06
  4.9962219E-05 -2.3011900E-06
  5.0432079E-05 -2.3446658E-06
  5.0906262E-05 -2.3889538E-06
  5.1384808E-05 -2.4340692E-06
  5.1867755E-05 -2.4800272E-06
  5.2355146E-05 -2.5268437E-06
  5.2847021E-05 -2.5745345E-06
  5.3343420E-05 -2.6231158E-06
  5.3844387E-05 -2.6726042E-06
  5.4349962E-05 -2.7230165E-06
  5.4860188E-05 -2.7743699E-06
  5.5375108E-05 -2.8266819E-06
  5.5894766E-05 -2.8799702E-06
  5.6419204E-05 -2.9342530E-06
  5.6948467E-05 -2.9895488E-06
  5.7482599E-05 -3.0458763E-06
  5.8021644E-05 -3.1032547E-06
  5.8565649E-05 -3.1617035E-06
  5.9114659E-05 -3.2212426E-06
  5.9668719E-05 -3.2818921E-06
  6.0227876E-05 -3.3436729E-06
  6.0792178E-05 -3.4066057E-06
  6.1361671E-05 -3.4707120E-06
  6.1936403E-05 -3.5360136E-06
  6.2516422E-05 -3.6025326E-06
  6.3101778E-05 -3.6702917E-06
  6.3692518E-05 -3.7393138E-06
  6.4288693E-05 -3.8096224E-06
  6.4890353E-05 -3.8812414E-06
  6.5497548E-05 -3.9541949E-06
  6.6110329E-05 -4.0285079E-06
  6.6728748E-05 -4.1042056E-06
  6.7352855E-05 -4.1813135E-06
  6.7982705E-05 -4.2598579E-06
  6.8618348E-05 -4.3398654E-06
  6.9259840E-05 -4.4213632E-06
  6.9907233E-05 -4.5043788E-06
  7.0560582E-05 -4.5889405E-06
  7.1219941E-05 -4.6750768E-06
  7.1885367E-05 -4.7628171E-06
  7.2556914E-05 -4.8521910E-06
  7.3234639E-05 -4.9432288E-06
  7.3918599E-05 -5.0359614E-06
  7.4608851E-05 -5.1304203E-06
  7.5305454E-05 -5.2266373E-06
  7.6008465E-05 -5.3246451E-06
  7.6717943E-05 -5.4244769E-06
  7.7433949E-05 -5.5261665E-06
  7.8156541E-05 -5.6297483E-06
  7.8885782E-05 -5.7352575E-06
  7.9621730E-05 -5.8427297E-06
  8.0364450E-05 -5.9522013E-06
  8.1114002E-05 -6.0637094E-06
  8.1870450E-05 -6.1772917E-06
  8.2633857E-05 -6.2929867E-06
  8.3404288E-05 -6.4108334E-06
  8.4181806E-05 -6.5308719E-06
  8.4966477E-05 -6.6531426E-06
  8.5758366E-05 -6.7776869E-06
  8.6557541E-05 -6.9045471E-06
  8.7364068E-05 -7.0337659E-06
  8.8178015E-05 -7.1653871E-06
  8.8999450E-05 -7.2994552E-06
  8.9828442E-05 -7.4360155E-06
  9.0665060E-05 -7.5751141E-06
  9.1509375E-05 -7.7167982E-06
  9.2361458E-05 -7.8611155E-06
  9.3221379E-05 -8.0081150E-06
  9.4089212E-05 -8.1578461E-06
  9.4965028E-05 -8.3103596E-06
  9.5848902E-05 -8.4657070E-06
  9.6740907E-05 -8.6239407E-06
  9.7641118E-05 -8.7851142E-06
  9.8549611E-05 -8.9492819E-06
  9.9466461E-05 -9.1164994E-06
  1.0039175E-04 -9.2868230E-06
  1.0132554E-04 -9.4603102E-06
  1.0226793E-04 -9.6370198E-06
  1.0321899E-04 -9.8170112E-06
  1.0417880E-04 -1.0000345E-05
  1.0514744E-04 -1.0187084E-05
  1.0612499E-04 -1.0377290E-05
  1.0711153E-04 -1.0571028E-05
  1.0810715E-04 -1.0768364E-05
  1.0911192E-04 -1.0969363E-05
  1.1012594E-04 -1.1174093E-05
  1.1114929E-04 -1.1382624E-05
  1.1218206E-04 -1.1595027E-05
  1.1322432E-04 -1.1811371E-05
  1.1427618E-04 -1.2031732E-05
  1.1533771E-04 -1.2256182E-05
  1.1640900E-04 -1.2484798E-05
  1.1749016E-04 -1.2717657E-05
  1.1858126E-04 -1.2954837E-05
  1.1968239E-04 -1.3196418E-05
  1.2079366E-04 -1.3442482E-05
  1.2191515E-04 -1.3693111E-05
  1.2304695E-04 -1.3948391E-05
  1.2418917E-04 -1.4208406E-05
  1.2534190E-04 -1.4473246E-05
  1.2650523E-04 -1.4742998E-05
  1.2767927E-04 -1.5017754E-05
  1.2886410E-04 -1.5297607E-05
  1.3005984E-04 -1.5582650E-05
  1.3126658E-04 -1.5872980E-05
  1.3248441E-04 -1.6168695E-05
  1.3371345E-04 -1.6469894E-05
  1.3495380E-04 -1.6776678E-05
  1.3620556E-04 -1.7089151E-05
  1.3746884E-04 -1.7407419E-05
  1.3874373E-04 -1.7731587E-05
  1.4003036E-04 -1.8061767E-05
  1.4132882E-04 -1.8398068E-05
  1.4263923E-04 -1.8740603E-05
  1.4396169E-04 -1.9089489E-05
  1.4529632E-04 -1.9444842E-05
  1.4664323E-04 -1.9806783E-05
  1.4800253E-04 -2.0175432E-05
  1.4937433E-04 -2.0550915E-05
  1.5075875E-04 -2.0933356E-05
  1.5215591E-04 -2.1322886E-05
  1.5356593E-04 -2.1719635E-05
  1.5498891E-04 -2.2123737E-05
  1.5642499E-04 -2.2535327E-05
  1.5787428E-04 -2.2954544E-05
  1.5933690E-04 -2.3381528E-05
  1.6081297E-04 -2.3816425E-05
  1.6230263E-04 -2.4259379E-05
  1.6380599E-04 -2.4710540E-05
  1.6532318E-04 -2.5170059E-05
  1.6685433E-04 -2.5638092E-05
  1.6839957E-04 -2.6114794E-05
  1.6995902E-04 -2.6600328E-05
  1.7153281E-04 -2.7094854E-05
  1.7312109E-04 -2.7598541E-05
  1.7472398E-04 -2.8111557E-05
  1.7634161E-04 -2.8634075E-05
  1.7797413E-04 -2.9166270E-05
  1.7962166E-04 -2.9708321E-05
  1.8128435E-04 -3.0260411E-05
  1.8296234E-04 -3.0822724E-05
  1.8465576E-04 -3.1395449E-05
  1.8636477E-04 -3.1978780E-05
  1.8808949E-04 -3.2572912E-05
  1.8983008E-04 -3.3178044E-05
  1.9158669E-04 -3.3794380E-05
  1.9335946E-04 -3.4422126E-05
  1.9514853E-04 -3.5061494E-05
  1.9695406E-04 -3.5712699E-05
  1.9877621E-04 -3.6375958E-05
  2.0061512E-04 -3.7051495E-05
  2.0247094E-04 -3.7739536E-05
  2.0434384E-04 -3.8440312E-05
  2.0623397E-04 -3.9154059E-05
  2.0814148E-04 -3.9881016E-05
  2.1006655E-04 -4.0621428E-05
  2.1200932E-04 -4.1375541E-05
  2.1396997E-04 -4.2143611E-05
  2.1594866E-04 -4.2925894E-05
  2.1794555E-04 -4.3722652E-05
  2.1996081E-04 -4.4534154E-05
  2.2199461E-04 -4.5360672E-05
  2.2404712E-04 -4.6202481E-05
  2.2611851E-04 -4.7059866E-05
  2.2820896E-04 -4.7933114E-05
  2.3031864E-04 -4.8822517E-05
  2.3244773E-04 -4.9728374E-05
  2.3459640E-04 -5.0650989E-05
  2.3676485E-04 -5.1590670E-05
  2.3895324E-04 -5.2547734E-05
  2.4116176E-04 -5.3522500E-05
  2.4339060E-04 -5.4515296E-05
  2.4563995E-04 -5.5526455E-05
  2.4790999E-04 -5.6556315E-05
  2.5020092E-04 -5.7605221E-05
  2.5251292E-04 -5.8673526E-05
  2.5484619E-04 -5.9761587E-05
  2.5720092E-04 -6.0869769E-05
  2.5957732E-04 -6.1998443E-05
  2.6197558E-04 -6.3147987E-05
  2.6439591E-04 -6.4318787E-05
  2.6683850E-04 -6.5511235E-05
  2.6930356E-04 -6.6725729E-05
  2.7179130E-04 -6.7962678E-05
  2.7430192E-04 -6.9222495E-05
  2.7683564E-04 -7.0505603E-05
  2.7939268E-04 -7.1812430E-05
  2.8197323E-04 -7.3143415E-05
  2.8457753E-04 -7.4499003E-05
  2.8720578E-04 -7.5879648E-05
  2.8985822E-04 -7.7285813E-05
  2.9253506E-04 -7.8717968E-05
  2.9523652E-04 -8.0176592E-05
  2.9796283E-04 -8.1662174E-05
  3.0071423E-04 -8.3175212E-05
  3.0349094E-04 -8.4716210E-05
  3.0629319E-04 -8.6285686E-05
  3.0912123E-04 -8.7884165E-05
  3.1197528E-04 -8.9512180E-05
  3.1485558E-04 -9.1170277E-05
  3.1776239E-04 -9.2859011E-05
  3.2069593E-04 -9.4578947E-05
  3.2365647E-04 -9.6330660E-05
  3.2664424E-04 -9.8114735E-05
  3.2965950E-04 -9.9931770E-05
  3.3270249E-04 -1.0178237E-04
  3.3577349E-04 -1.0366716E-04
  3.3887273E-04 -1.0558677E-04
  3.4200049E-04 -1.0754183E-04
  3.4515702E-04 -1.0953300E-04
  3.4834259E-04 -1.1156095E-04
  3.5155746E-04 -1.1362636E-04
  3.5480191E-04 -1.1572992E-04
  3.5807621E-04 -1.1787232E-04
  3.6138064E-04 -1.2005428E-04
  3.6471546E-04 -1.2227655E-04
  3.6808096E-04 -1.2453984E-04
  3.7147743E-04 -1.2684493E-04
  3.7490514E-04 -1.2919259E-04
  3.7836438E-04 -1.3158359E-04
  3.8185545E-04 -1.3401873E-04
  3.8537863E-04 -1.3649884E-04
  3.8893423E-04 -1.3902473E-04
  3.9252254E-04 -1.4159726E-04
  3.9614386E-04 -1.4421727E-04
  3.9979849E-04 -1.4688565E-04
  4.0348675E-04 -1.4960329E-04
  4.0720893E-04 -1.5237109E-04
  4.1096536E-04 -1.5518998E-04
  4.1475635E-04 -1.5806089E-04
  4.1858222E-04 -1.6098479E-04
  4.2244328E-04 -1.6396266E-04
  4.2633986E-04 -1.6699548E-04
  4.3027229E-04 -1.7008427E-04
  4.3424090E-04 -1.7323006E-04
  4.3824601E-04 -1.7643389E-04
  4.4228797E-04 -1.7969684E-04
  4.4636712E-04 -1.8302000E-04
  4.5048380E-04 -1.8640448E-04
  4.5463834E-04 -1.8985139E-04
  4.5883111E-04 -1.9336190E-04
  4.6306245E-04 -1.9693717E-04
  4.6733272E-04 -2.0057840E-04
  4.7164227E-04 -2.0428679E-04
  4.7599147E-04 -2.0806359E-04
  4.8038068E-04 -2.1191005E-04
  4.8481027E-04 -2.1582747E-04
  4.8928061E-04 -2.1981713E-04
  4.9379207E-04 -2.2388037E-04
  4.9834504E-04 -2.2801855E-04
  5.0293990E-04 -2.3223304E-04
  5.0757703E-04 -2.3652525E-04
  5.1225682E-04 -2.4089661E-04
  5.1697966E-04 -2.4534858E-04
  5.2174595E-04 -2.4988263E-04
  5.2655609E-04 -2.5450027E-04
  5.3141048E-04 -2.5920305E-04
  5.3630953E-04 -2.6399253E-04
  5.4125364E-04 -2.6887031E-04
  5.4624325E-04 -2.7383800E-04
  5.5127876E-04 -2.7889727E-04
  5.5636059E-04 -2.8404979E-04
  5.6148917E-04 -2.8929728E-04
  5.6666494E-04 -2.9464149E-04
  5.7188832E-04 -3.0008420E-04
  5.7715975E-04 -3.0562721E-04
  5.8247968E-04 -3.1127236E-04
  5.8784855E-04 -3.1702155E-04
  5.9326682E-04 -3.2287668E-04
  5.9873493E-04 -3.2883969E-04
  6.0425334E-04 -3.3491257E-04
  6.0982253E-04 -3.4109734E-04
  6.1544294E-04 -3.4739605E-04
  6.2111507E-04 -3.5381080E-04
  6.2683937E-04 -3.6034372E-04
  6.3261634E-04 -3.6699698E-04
  6.3844646E-04 -3.7377280E-04
  6.4433021E-04 -3.8067341E-04
  6.5026809E-04 -3.8770113E-04
  6.5626059E-04 -3.9485827E-04
  6.6230823E-04 -4.0214722E-04
  6.6841150E-04 -4.0957040E-04
  6.7457092E-04 -4.1713027E-04
  6.8078701E-04 -4.2482934E-04
  6.8706028E-04 -4.3267018E-04
  6.9339126E-04 -4.4065537E-04
  6.9978049E-04 -4.4878758E-04
  7.0622850E-04 -4.5706949E-04
  7.1273582E-04 -4.6550387E-04
  7.1930301E-04 -4.7409350E-04
  7.2593062E-04 -4.8284124E-04
  7.3261920E-04 -4.9174999E-04
  7.3936932E-04 -5.0082270E-04
  7.4618153E-04 -5.1006239E-04
  7.5305641E-04 -5.1947210E-04
  7.5999454E-04 -5.2905498E-04
  7.6699650E-04 -5.3881418E-04
  7.7406287E-04 -5.4875295E-04
  7.8119426E-04 -5.5887458E-04
  7.8839125E-04 -5.6918242E-04
  7.9565445E-04 -5.7967989E-04
  8.0298447E-04 -5.9037047E-04
  8.1038192E-04 -6.0125769E-04
  8.1784743E-04 -6.1234517E-04
  8.2538162E-04 -6.2363657E-04
  8.3298512E-04 -6.3513563E-04
  8.4065857E-04 -6.4684615E-04
  8.4840262E-04 -6.5877203E-04
  8.5621791E-04 -6.7091719E-04
  8.6410509E-04 -6.8328566E-04
  8.7206484E-04 -6.9588154E-04
  8.8009781E-04 -7.0870898E-04
  8.8820469E-04 -7.2177223E-04
  8.9638615E-04 -7.3507561E-04
  9.0464287E-04 -7.4862353E-04
  9.1297555E-04 -7.6242045E-04
  9.2138489E-04 -7.7647093E-04
  9.2987160E-04 -7.9077963E-04
  9.3843638E-04 -8.0535127E-04
  9.4707995E-04 -8.2019066E-04
  9.5580304E-04 -8.3530271E-04
  9.6460638E-04 -8.5069240E-04
  9.7349072E-04 -8.6636482E-04
  9.8245678E-04 -8.8232515E-04
  9.9150533E-04 -8.9857864E-04
  1.0006371E-03 -9.1513068E-04
  1.0098529E-03 -9.3198671E-04
  1.0191535E-03 -9.4915230E-04
  1.0285397E-03 -9.6663311E-04
  1.0380122E-03 -9.8443491E-04
  1.0475718E-03 -1.0025636E-03
  1.0572194E-03 -1.0210251E-03
  1.0669557E-03 -1.0398255E-03
  1.0767816E-03 -1.0589710E-03
  1.0866980E-03 -1.0784680E-03
  1.0967055E-03 -1.0983228E-03
  1.1068051E-03 -1.1185420E-03
  1.1169976E-03 -1.1391322E-03
  1.1272839E-03 -1.1601003E-03
  1.1376648E-03 -1.1814531E-03
  1.1481412E-03 -1.2031977E-03
  1.1587140E-03 -1.2253412E-03
  1.1693841E-03 -1.2478909E-03
  1.1801523E-03 -1.2708542E-03
  1.1910196E-03 -1.2942387E-03
  1.2019869E-03 -1.3180521E-03
  1.2130551E-03 -1.3423022E-03
  1.2242251E-03 -1.3669969E-03
  1.2354978E-03 -1.3921444E-03
  1.2468743E-03 -1.4177530E-03
  1.2583554E-03 -1.4438310E-03
  1.2699421E-03 -1.4703870E-03
  1.2816354E-03 -1.4974298E-03
  1.2934364E-03 -1.5249682E-03
  1.3053458E-03 -1.5530112E-03
  1.3173649E-03 -1.5815681E-03
  1.3294945E-03 -1.6106483E-03
  1.3417357E-03 -1.6402612E-03
  1.3540895E-03 -1.6704166E-03
  1.3665570E-03 -1.7011243E-03
  1.3791391E-03 -1.7323945E-03
  1.3918370E-03 -1.7642373E-03
  1.4046518E-03 -1.7966633E-03
  1.4175844E-03 -1.8296830E-03
  1.4306360E-03 -1.8633073E-03
  1.4438077E-03 -1.8975470E-03
  1.4571005E-03 -1.9324136E-03
  1.4705157E-03 -1.9679183E-03
  1.4840542E-03 -2.0040728E-03
  1.4977173E-03 -2.0408890E-03
  1.5115061E-03 -2.0783787E-03
  1.5254218E-03 -2.1165544E-03
  1.5394654E-03 -2.1554284E-03
  1.5536383E-03 -2.1950136E-03
  1.5679416E-03 -2.2353227E-03
  1.5823764E-03 -2.2763690E-03
  1.5969441E-03 -2.3181659E-03
  1.6116457E-03 -2.3607270E-03
  1.6264826E-03 -2.4040662E-03
  1.6414560E-03 -2.4481977E-03
  1.6565672E-03 -2.4931358E-03
  1.6718174E-03 -2.5388952E-03
  1.6872078E-03 -2.5854908E-03
  1.7027399E-03 -2.6329377E-03
  1.7184149E-03 -2.6812515E-03
  1.7342340E-03 -2.7304479E-03
  1.7501987E-03 -2.7805429E-03
  1.7663103E-03 -2.8315527E-03
  1.7825700E-03 -2.8834941E-03
  1.7989794E-03 -2.9363838E-03
  1.8155397E-03 -2.9902391E-03
  1.8322524E-03 -3.0450775E-03
  1.8491188E-03 -3.1009168E-03
  1.8661404E-03 -3.1577752E-03
  1.8833186E-03 -3.2156711E-03
  1.9006549E-03 -3.2746233E-03
  1.9181506E-03 -3.3346509E-03
  1.9358072E-03 -3.3957735E-03
  1.9536264E-03 -3.4580107E-03
  1.9716094E-03 -3.5213830E-03
  1.9897579E-03 -3.5859106E-03
  2.0080733E-03 -3.6516147E-03
  2.0265572E-03 -3.7185164E-03
  2.0452112E-03 -3.7866374E-03
  2.0640368E-03 -3.8559998E-03
  2.0830356E-03 -3.9266260E-03
  2.1022092E-03 -3.9985388E-03
  2.1215591E-03 -4.0717615E-03
  2.1410871E-03 -4.1463178E-03
  2.1607947E-03 -4.2222318E-03
  2.1806836E-03 -4.2995279E-03
  2.2007555E-03 -4.3782311E-03
  2.2210121E-03 -4.4583669E-03
  2.2414550E-03 -4.5399610E-03
  2.2620860E-03 -4.6230399E-03
  2.2829068E-03 -4.7076302E-03
  2.3039191E-03 -4.7937592E-03
  2.3251247E-03 -4.8814548E-03
  2.3465254E-03 -4.9707450E-03
  2.3681230E-03 -5.0616586E-03
  2.3899193E-03 -5.1542250E-03
  2.4119161E-03 -5.2484738E-03
  2.4341153E-03 -5.3444353E-03
  2.4565187E-03 -5.4421405E-03
  2.4791282E-03 -5.5416206E-03
  2.5019457E-03 -5.6429076E-03
  2.5249731E-03 -5.7460340E-03
  2.5482124E-03 -5.8510328E-03
  2.5716655E-03 -5.9579379E-03
  2.5953343E-03 -6.0667833E-03
  2.6192209E-03 -6.1776039E-03
  2.6433272E-03 -6.2904354E-03
  2.6676553E-03 -6.4053136E-03
  2.6922072E-03 -6.5222755E-03
  2.7169850E-03 -6.6413584E-03
  2.7419907E-03 -6.7626003E-03
  2.7672264E-03 -6.8860399E-03
  2.7926944E-03 -7.0117168E-03
  2.8183966E-03 -7.1396709E-03
  2.8443353E-03 -7.2699432E-03
  2.8705126E-03 -7.4025750E-03
  2.8969307E-03 -7.5376087E-03
  2.9235919E-03 -7.6750873E-03
  2.9504983E-03 -7.8150546E-03
  2.9776523E-03 -7.9575550E-03
  3.0050561E-03 -8.1026339E-03
  3.0327120E-03 -8.2503374E-03
  3.0606223E-03 -8.4007123E-03
  3.0887894E-03 -8.5538065E-03
  3.1172156E-03 -8.7096685E-03
  3.1459034E-03 -8.8683477E-03
  3.1748550E-03 -9.0298944E-03
  3.2040730E-03 -9.1943597E-03
  3.2335598E-03 -9.3617958E-03
  3.2633179E-03 -9.5322556E-03
  3.2933497E-03 -9.7057930E-03
  3.3236578E-03 -9.8824629E-03
  3.3542448E-03 -1.0062321E-02
  3.3851131E-03 -1.0245424E-02
  3.4162654E-03 -1.0431830E-02
  3.4477043E-03 -1.0621597E-02
  3.4794325E-03 -1.0814786E-02
  3.5114525E-03 -1.1011456E-02
  3.5437671E-03 -1.1211671E-02
  3.5763790E-03 -1.1415493E-02
  3.6092909E-03 -1.1622985E-02
  3.6425056E-03 -1.1834214E-02
  3.6760258E-03 -1.2049245E-02
  3.7098545E-03 -1.2268146E-02
  3.7439943E-03 -1.2490986E-02
  3.7784482E-03 -1.2717833E-02
  3.8132191E-03 -1.2948760E-02
  3.8483099E-03 -1.3183839E-02
  3.8837235E-03 -1.3423142E-02
  3.9194629E-03 -1.3666745E-02
  3.9555310E-03 -1.3914723E-02
  3.9919310E-03 -1.4167155E-02
  4.0286659E-03 -1.4424118E-02
  4.0657387E-03 -1.4685693E-02
  4.1031526E-03 -1.4951961E-02
  4.1409107E-03 -1.5223004E-02
  4.1790161E-03 -1.5498908E-02
  4.2174721E-03 -1.5779757E-02
  4.2562819E-03 -1.6065639E-02
  4.2954487E-03 -1.6356643E-02
  4.3349759E-03 -1.6652858E-02
  4.3748667E-03 -1.6954376E-02
  4.4151244E-03 -1.7261290E-02
  4.4557526E-03 -1.7573696E-02
  4.4967545E-03 -1.7891689E-02
  4.5381336E-03 -1.8215368E-02
  4.5798933E-03 -1.8544832E-02
  4.6220373E-03 -1.8880183E-02
  4.6645690E-03 -1.9221524E-02
  4.7074919E-03 -1.9568960E-02
  4.7508097E-03 -1.9922597E-02
  4.7945261E-03 -2.0282544E-02
  4.8386446E-03 -2.0648911E-02
  4.8831690E-03 -2.1021811E-02
  4.9281030E-03 -2.1401358E-02
  4.9734504E-03 -2.1787667E-02
  5.0192150E-03 -2.2180856E-02
  5.0654006E-03 -2.2581046E-02
  5.1120110E-03 -2.2988358E-02
  5.1590503E-03 -2.3402917E-02
  5.2065224E-03 -2.3824848E-02
  5.2544311E-03 -2.4254279E-02
  5.3027807E-03 -2.4691341E-02
  5.3515750E-03 -2.5136167E-02
  5.4008182E-03 -2.5588891E-02
  5.4505144E-03 -2.6049650E-02
  5.5006679E-03 -2.6518583E-02
  5.5512827E-03 -2.6995832E-02
  5.6023631E-03 -2.7481541E-02
  5.6539135E-03 -2.7975856E-02
  5.7059382E-03 -2.8478926E-02
  5.7584414E-03 -2.8990902E-02
  5.8114277E-03 -2.9511937E-02
  5.8649014E-03 -3.0042189E-02
  5.9188671E-03 -3.0581815E-02
  5.9733292E-03 -3.1130977E-02
  6.0282924E-03 -3.1689840E-02
  6.0837612E-03 -3.2258569E-02
  6.1397404E-03 -3.2837335E-02
  6.1962345E-03 -3.3426310E-02
  6.2532483E-03 -3.4025669E-02
  6.3107867E-03 -3.4635589E-02
  6.3688544E-03 -3.5256252E-02
  6.4274563E-03 -3.5887841E-02
  6.4865973E-03 -3.6530544E-02
  6.5462824E-03 -3.7184550E-02
  6.6065166E-03 -3.7850052E-02
  6.6673049E-03 -3.8527246E-02
  6.7286524E-03 -3.9216331E-02
  6.7905644E-03 -3.9917510E-02
  6.8530459E-03 -4.0630988E-02
  6.9161022E-03 -4.1356974E-02
  6.9797386E-03 -4.2095681E-02
  7.0439605E-03 -4.2847324E-02
  7.1087732E-03 -4.3612123E-02
  7.1741821E-03 -4.4390300E-02
  7.2401928E-03 -4.5182082E-02
  7.3068108E-03 -4.5987698E-02
  7.3740416E-03 -4.6807382E-02
  7.4418910E-03 -4.7641371E-02
  7.5103645E-03 -4.8489906E-02
  7.5794680E-03 -4.9353232E-02
  7.6492072E-03 -5.0231598E-02
  7.7195880E-03 -5.1125255E-02
  7.7906162E-03 -5.2034461E-02
  7.8622979E-03 -5.2959476E-02
  7.9346391E-03 -5.3900564E-02
  8.0076458E-03 -5.4857995E-02
  8.0813241E-03 -5.5832042E-02
  8.1556802E-03 -5.6822981E-02
  8.2307204E-03 -5.7831094E-02
  8.3064510E-03 -5.8856666E-02
  8.3828782E-03 -5.9899989E-02
  8.4600086E-03 -6.0961357E-02
  8.5378485E-03 -6.2041069E-02
  8.6164045E-03 -6.3139429E-02
  8.6956833E-03 -6.4256745E-02
  8.7756913E-03 -6.5393331E-02
  8.8564354E-03 -6.6549505E-02
  8.9379224E-03 -6.7725589E-02
  9.0201590E-03 -6.8921912E-02
  9.1031522E-03 -7.0138805E-02
  9.1869088E-03 -7.1376607E-02
  9.2714360E-03 -7.2635660E-02
  9.3567409E-03 -7.3916313E-02
  9.4428305E-03 -7.5218918E-02
  9.5297121E-03 -7.6543834E-02
  9.6173930E-03 -7.7891424E-02
  9.7058805E-03 -7.9262058E-02
  9.7951821E-03 -8.0656109E-02
  9.8853053E-03 -8.2073960E-02
  9.9762576E-03 -8.3515994E-02
  1.0068047E-02 -8.4982603E-02
  1.0160680E-02 -8.6474184E-02
  1.0254166E-02 -8.7991141E-02
  1.0348511E-02 -8.9533882E-02
  1.0443725E-02 -9.1102820E-02
  1.0539814E-02 -9.2698378E-02
  1.0636788E-02 -9.4320982E-02
  1.0734654E-02 -9.5971064E-02
  1.0833420E-02 -9.7649063E-02
  1.0933094E-02 -9.9355424E-02
  1.1033686E-02 -1.0109060E-01
  1.1135203E-02 -1.0285505E-01
  1.1237654E-02 -1.0464923E-01
  1.1341048E-02 -1.0647362E-01
  1.1445392E-02 -1.0832869E-01
  1.1550697E-02 -1.1021494E-01
  1.1656970E-02 -1.1213284E-01
  1.1764221E-02 -1.1408289E-01
  1.1872459E-02 -1.1606561E-01
  1.1981693E-02 -1.1808150E-01
  1.2091931E-02 -1.2013108E-01
  1.2203184E-02 -1.2221487E-01
  1.2315460E-02 -1.2433342E-01
  1.2428769E-02 -1.2648724E-01
  1.2543120E-02 -1.2867691E-01
  1.2658524E-02 -1.3090295E-01
  1.2774989E-02 -1.3316595E-01
  1.2892525E-02 -1.3546647E-01
  1.3011143E-02 -1.3780507E-01
  1.3130852E-02 -1.4018236E-01
  1.3251662E-02 -1.4259891E-01
  1.3373584E-02 -1.4505533E-01
  1.3496628E-02 -1.4755222E-01
  1.3620803E-02 -1.5009020E-01
  1.3746121E-02 -1.5266988E-01
  1.3872592E-02 -1.5529191E-01
  1.4000226E-02 -1.5795691E-01
  1.4129034E-02 -1.6066554E-01
  1.4259028E-02 -1.6341844E-01
  1.4390217E-02 -1.6621628E-01
  1.4522613E-02 -1.6905972E-01
  1.4656227E-02 -1.7194945E-01
  1.4791071E-02 -1.7488615E-01
  1.4927155E-02 -1.7787051E-01
  1.5064490E-02 -1.8090325E-01
  1.5203090E-02 -1.8398506E-01
  1.5342964E-02 -1.8711666E-01
  1.5484125E-02 -1.9029879E-01
  1.5626585E-02 -1.9353218E-01
  1.5770356E-02 -1.9681758E-01
  1.5915449E-02 -2.0015573E-01
  1.6061877E-02 -2.0354740E-01
  1.6209652E-02 -2.0699335E-01
  1.6358786E-02 -2.1049438E-01
  1.6509292E-02 -2.1405125E-01
  1.6661184E-02 -2.1766476E-01
  1.6814472E-02 -2.2133573E-01
  1.6969171E-02 -2.2506496E-01
  1.7125292E-02 -2.2885327E-01
  1.7282851E-02 -2.3270149E-01
  1.7441858E-02 -2.3661046E-01
  1.7602329E-02 -2.4058102E-01
  1.7764275E-02 -2.4461403E-01
  1.7927712E-02 -2.4871035E-01
  1.8092652E-02 -2.5287085E-01
  1.8259110E-02 -2.5709641E-01
  1.8427099E-02 -2.6138793E-01
  1.8596633E-02 -2.6574629E-01
  1.8767727E-02 -2.7017240E-01
  1.8940395E-02 -2.7466718E-01
  1.9114652E-02 -2.7923153E-01
  1.9290511E-02 -2.8386641E-01
  1.9467989E-02 -2.8857273E-01
  1.9647099E-02 -2.9335145E-01
  1.9827857E-02 -2.9820352E-01
  2.0010278E-02 -3.0312991E-01
  2.0194377E-02 -3.0813157E-01
  2.0380170E-02 -3.1320949E-01
  2.0567672E-02 -3.1836465E-01
  2.0756899E-02 -3.2359804E-01
  2.0947867E-02 -3.2891066E-01
  2.1140592E-02 -3.3430352E-01
  2.1335089E-02 -3.3977763E-01
  2.1531376E-02 -3.4533401E-01
  2.1729469E-02 -3.5097368E-01
  2.1929385E-02 -3.5669769E-01
  2.2131139E-02 -3.6250708E-01
  2.2334750E-02 -3.6840288E-01
  2.2540233E-02 -3.7438615E-01
  2.2747607E-02 -3.8045795E-01
  2.2956889E-02 -3.8661935E-01
  2.3168096E-02 -3.9287141E-01
  2.3381246E-02 -3.9921522E-01
  2.3596358E-02 -4.0565184E-01
  2.3813448E-02 -4.1218238E-01
  2.4032535E-02 -4.1880791E-01
  2.4253638E-02 -4.2552953E-01
  2.4476775E-02 -4.3234835E-01
  2.4701964E-02 -4.3926546E-01
  2.4929226E-02 -4.4628197E-01
  2.5158578E-02 -4.5339899E-01
  2.5390040E-02 -4.6061763E-01
  2.5623631E-02 -4.6793902E-01
  2.5859372E-02 -4.7536426E-01
  2.6097281E-02 -4.8289448E-01
  2.6337379E-02 -4.9053080E-01
  2.6579686E-02 -4.9827434E-01
  2.6824222E-02 -5.0612622E-01
  2.7071007E-02 -5.1408758E-01
  2.7320063E-02 -5.2215952E-01
  2.7571410E-02 -5.3034319E-01
  2.7825070E-02 -5.3863969E-01
  2.8081063E-02 -5.4705016E-01
  2.8339411E-02 -5.5557571E-01
  2.8600136E-02 -5.6421746E-01
  2.8863259E-02 -5.7297652E-01
  2.9128803E-02 -5.8185401E-01
  2.9396790E-02 -5.9085104E-01
  2.9667243E-02 -5.9996871E-01
  2.9940183E-02 -6.0920811E-01
  3.0215635E-02 -6.1857035E-01
  3.0493620E-02 -6.2805650E-01
  3.0774163E-02 -6.3766766E-01
  3.1057287E-02 -6.4740489E-01
  3.1343016E-02 -6.5726926E-01
  3.1631373E-02 -6.6726183E-01
  3.1922383E-02 -6.7738364E-01
  3.2216070E-02 -6.8763574E-01
  3.2512459E-02 -6.9801914E-01
  3.2811575E-02 -7.0853487E-01
  3.3113442E-02 -7.1918393E-01
  3.3418087E-02 -7.2996731E-01
  3.3725534E-02 -7.4088599E-01
  3.4035810E-02 -7.5194092E-01
  3.4348940E-02 -7.6313306E-01
  3.4664951E-02 -7.7446334E-01
  3.4983869E-02 -7.8593266E-01
  3.5305721E-02 -7.9754193E-01
  3.5630534E-02 -8.0929202E-01
  3.5958335E-02 -8.2118379E-01
  3.6289152E-02 -8.3321806E-01
  3.6623012E-02 -8.4539567E-01
  3.6959944E-02 -8.5771739E-01
  3.7299975E-02 -8.7018400E-01
  3.7643135E-02 -8.8279624E-01
  3.7989451E-02 -8.9555482E-01
  3.8338954E-02 -9.0846043E-01
  3.8691672E-02 -9.2151374E-01
  3.9047635E-02 -9.3471538E-01
  3.9406872E-02 -9.4806595E-01
  3.9769414E-02 -9.6156602E-01
  4.0135292E-02 -9.7521613E-01
  4.0504536E-02 -9.8901678E-01
  4.0877176E-02 -1.0029684E+00
  4.1253245E-02 -1.0170716E+00
  4.1632774E-02 -1.0313265E+00
  4.2015794E-02 -1.0457337E+00
  4.2402338E-02 -1.0602933E+00
  4.2792437E-02 -1.0750058E+00
  4.3186126E-02 -1.0898713E+00
  4.3583436E-02 -1.1048900E+00
  4.3984402E-02 -1.1200621E+00
  4.4389057E-02 -1.1353876E+00
  4.4797434E-02 -1.1508666E+00
  4.5209568E-02 -1.1664991E+00
  4.5625493E-02 -1.1822851E+00
  4.6045245E-02 -1.1982245E+00
  4.6468859E-02 -1.2143170E+00
  4.6896370E-02 -1.2305625E+00
  4.7327813E-02 -1.2469607E+00
  4.7763226E-02 -1.2635114E+00
  4.8202645E-02 -1.2802140E+00
  4.8646106E-02 -1.2970682E+00
  4.9093646E-02 -1.3140734E+00
  4.9545304E-02 -1.3312291E+00
  5.0001118E-02 -1.3485347E+00
  5.0461124E-02 -1.3659893E+00
  5.0925362E-02 -1.3835923E+00
  5.1393872E-02 -1.4013429E+00
  5.1866691E-02 -1.4192400E+00
  5.2343860E-02 -1.4372827E+00
  5.2825419E-02 -1.4554700E+00
  5.3311409E-02 -1.4738007E+00
  5.3801869E-02 -1.4922735E+00
  5.4296841E-02 -1.5108872E+00
  5.4796367E-02 -1.5296405E+00
  5.5300489E-02 -1.5485317E+00
  5.5809248E-02 -1.5675595E+00
  5.6322688E-02 -1.5867222E+00
  5.6840851E-02 -1.6060180E+00
  5.7363781E-02 -1.6254452E+00
  5.7891522E-02 -1.6450018E+00
  5.8424118E-02 -1.6646859E+00
  5.8961614E-02 -1.6844954E+00
  5.9504054E-02 -1.7044281E+00
  6.0051485E-02 -1.7244818E+00
  6.0603952E-02 -1.7446540E+00
  6.1161502E-02 -1.7649424E+00
  6.1724180E-02 -1.7853444E+00
  6.2292036E-02 -1.8058573E+00
  6.2865115E-02 -1.8264783E+00
  6.3443467E-02 -1.8472047E+00
  6.4027139E-02 -1.8680333E+00
  6.4616181E-02 -1.8889612E+00
  6.5210642E-02 -1.9099852E+00
  6.5810572E-02 -1.9311019E+00
  6.6416021E-02 -1.9523080E+00
  6.7027040E-02 -1.9736000E+00
  6.7643680E-02 -1.9949743E+00
  6.8265994E-02 -2.0164271E+00
  6.8894032E-02 -2.0379546E+00
  6.9527848E-02 -2.0595529E+00
  7.0167495E-02 -2.0812179E+00
  7.0813026E-02 -2.1029454E+00
  7.1464496E-02 -2.1247311E+00
  7.2121960E-02 -2.1465706E+00
  7.2785472E-02 -2.1684595E+00
  7.3455088E-02 -2.1903931E+00
  7.4130865E-02 -2.2123666E+00
  7.4812858E-02 -2.2343751E+00
  7.5501126E-02 -2.2564138E+00
  7.6195725E-02 -2.2784775E+00
  7.6896715E-02 -2.3005610E+00
  7.7604153E-02 -2.3226590E+00
  7.8318100E-02 -2.3447660E+00
  7.9038615E-02 -2.3668766E+00
  7.9765758E-02 -2.3889849E+00
  8.0499591E-02 -2.4110854E+00
  8.1240175E-02 -2.4331720E+00
  8.1987572E-02 -2.4552388E+00
  8.2741845E-02 -2.4772797E+00
  8.3503057E-02 -2.4992885E+00
  8.4271272E-02 -2.5212588E+00
  8.5046554E-02 -2.5431842E+00
  8.5828969E-02 -2.5650582E+00
  8.6618581E-02 -2.5868741E+00
  8.7415458E-02 -2.6086253E+00
  8.8219666E-02 -2.6303048E+00
  8.9031272E-02 -2.6519057E+00
  8.9850345E-02 -2.6734211E+00
  9.0676954E-02 -2.6948437E+00
  9.1511166E-02 -2.7161664E+00
  9.2353054E-02 -2.7373819E+00
  9.3202686E-02 -2.7584827E+00
  9.4060135E-02 -2.7794614E+00
  9.4925472E-02 -2.8003105E+00
  9.5798770E-02 -2.8210223E+00
  9.6680102E-02 -2.8415892E+00
  9.7569542E-02 -2.8620032E+00
  9.8467165E-02 -2.8822567E+00
  9.9373045E-02 -2.9023418E+00
  1.0028726E-01 -2.9222503E+00
  1.0120988E-01 -2.9419744E+00
  1.0214100E-01 -2.9615060E+00
  1.0308068E-01 -2.9808369E+00
  1.0402900E-01 -2.9999590E+00
  1.0498605E-01 -3.0188642E+00
  1.0595190E-01 -3.0375441E+00
  1.0692664E-01 -3.0559905E+00
  1.0791034E-01 -3.0741951E+00
  1.0890310E-01 -3.0921497E+00
  1.0990499E-01 -3.1098460E+00
  1.1091609E-01 -3.1272755E+00
  1.1193650E-01 -3.1444300E+00
  1.1296629E-01 -3.1613011E+00
  1.1400556E-01 -3.1778806E+00
  1.1505439E-01 -3.1941602E+00
  1.1611287E-01 -3.2101315E+00
  1.1718109E-01 -3.2257864E+00
  1.1825913E-01 -3.2411165E+00
  1.1934709E-01 -3.2561137E+00
  1.2044506E-01 -3.2707700E+00
  1.2155313E-01 -3.2850771E+00
  1.2267140E-01 -3.2990271E+00
  1.2379995E-01 -3.3126120E+00
  1.2493888E-01 -3.3258240E+00
  1.2608830E-01 -3.3386551E+00
  1.2724828E-01 -3.3510977E+00
  1.2841894E-01 -3.3631442E+00
  1.2960037E-01 -3.3747870E+00
  1.3079267E-01 -3.3860186E+00
  1.3199594E-01 -3.3968318E+00
  1.3321027E-01 -3.4072193E+00
  1.3443578E-01 -3.4171742E+00
  1.3567256E-01 -3.4266893E+00
  1.3692072E-01 -3.4357580E+00
  1.3818036E-01 -3.4443736E+00
  1.3945159E-01 -3.4525296E+00
  1.4073452E-01 -3.4602196E+00
  1.4202925E-01 -3.4674375E+00
  1.4333589E-01 -3.4741773E+00
  1.4465455E-01 -3.4804332E+00
  1.4598534E-01 -3.4861996E+00
  1.4732837E-01 -3.4914710E+00
  1.4868376E-01 -3.4962422E+00
  1.5005162E-01 -3.5005081E+00
  1.5143207E-01 -3.5042641E+00
  1.5282521E-01 -3.5075055E+00
  1.5423117E-01 -3.5102280E+00
  1.5565006E-01 -3.5124275E+00
  1.5708201E-01 -3.5141000E+00
  1.5852713E-01 -3.5152419E+00
  1.5998554E-01 -3.5158499E+00
  1.6145738E-01 -3.5159209E+00
  1.6294275E-01 -3.5154519E+00
  1.6444179E-01 -3.5144404E+00
  1.6595462E-01 -3.5128841E+00
  1.6748136E-01 -3.5107809E+00
  1.6902215E-01 -3.5081290E+00
  1.7057712E-01 -3.5049270E+00
  1.7214639E-01 -3.5011736E+00
  1.7373010E-01 -3.4968680E+00
  1.7532838E-01 -3.4920095E+00
  1.7694136E-01 -3.4865979E+00
  1.7856918E-01 -3.4806331E+00
  1.8021198E-01 -3.4741154E+00
  1.8186989E-01 -3.4670455E+00
  1.8354305E-01 -3.4594242E+00
  1.8523161E-01 -3.4512528E+00
  1.8693570E-01 -3.4425328E+00
  1.8865546E-01 -3.4332660E+00
  1.9039105E-01 -3.4234546E+00
  1.9214261E-01 -3.4131010E+00
  1.9391027E-01 -3.4022082E+00
  1.9569420E-01 -3.3907790E+00
  1.9749455E-01 -3.3788170E+00
  1.9931145E-01 -3.3663259E+00
  2.0114507E-01 -3.3533097E+00
  2.0299556E-01 -3.3397728E+00
  2.0486307E-01 -3.3257197E+00
  2.0674776E-01 -3.3111554E+00
  2.0864980E-01 -3.2960853E+00
  2.1056933E-01 -3.2805148E+00
  2.1250652E-01 -3.2644498E+00
  2.1446153E-01 -3.2478964E+00
  2.1643452E-01 -3.2308610E+00
  2.1842567E-01 -3.2133504E+00
  2.2043513E-01 -3.1953715E+00
  2.2246309E-01 -3.1769317E+00
  2.2450969E-01 -3.1580383E+00
  2.2657513E-01 -3.1386992E+00
  2.2865957E-01 -3.1189225E+00
  2.3076318E-01 -3.0987164E+00
  2.3288615E-01 -3.0780895E+00
  2.3502865E-01 -3.0570505E+00
  2.3719086E-01 -3.0356085E+00
  2.3937295E-01 -3.0137726E+00
  2.4157513E-01 -2.9915523E+00
  2.4379756E-01 -2.9689573E+00
  2.4604044E-01 -2.9459974E+00
  2.4830396E-01 -2.9226825E+00
  2.5058829E-01 -2.8990230E+00
  2.5289364E-01 -2.8750292E+00
  2.5522021E-01 -2.8507116E+00
  2.5756817E-01 -2.8260810E+00
  2.5993774E-01 -2.8011482E+00
  2.6232910E-01 -2.7759241E+00
  2.6474246E-01 -2.7504199E+00
  2.6717803E-01 -2.7246468E+00
  2.6963600E-01 -2.6986161E+00
  2.7211659E-01 -2.6723393E+00
  2.7462000E-01 -2.6458277E+00
  2.7714643E-01 -2.6190932E+00
  2.7969611E-01 -2.5921471E+00
  2.8226925E-01 -2.5650014E+00
  2.8486606E-01 -2.5376677E+00
  2.8748676E-01 -2.5101578E+00
  2.9013156E-01 -2.4824835E+00
  2.9280070E-01 -2.4546567E+00
  2.9549440E-01 -2.4266891E+00
  2.9821287E-01 -2.3985926E+00
  3.0095636E-01 -2.3703791E+00
  3.0372508E-01 -2.3420603E+00
  3.0651928E-01 -2.3136479E+00
  3.0933918E-01 -2.2851536E+00
  3.1218503E-01 -2.2565892E+00
  3.1505705E-01 -2.2279662E+00
  3.1795550E-01 -2.1992961E+00
  3.2088061E-01 -2.1705904E+00
  3.2383263E-01 -2.1418603E+00
  3.2681181E-01 -2.1131173E+00
  3.2981840E-01 -2.0843723E+00
  3.3285264E-01 -2.0556365E+00
  3.3591481E-01 -2.0269207E+00
  3.3900514E-01 -1.9982357E+00
  3.4212390E-01 -1.9695921E+00
  3.4527135E-01 -1.9410004E+00
  3.4844776E-01 -1.9124710E+00
  3.5165340E-01 -1.8840141E+00
  3.5488852E-01 -1.8556396E+00
  3.5815340E-01 -1.8273573E+00
  3.6144833E-01 -1.7991770E+00
  3.6477356E-01 -1.7711081E+00
  3.6812938E-01 -1.7431598E+00
  3.7151608E-01 -1.7153413E+00
  3.7493394E-01 -1.6876614E+00
  3.7838323E-01 -1.6601289E+00
  3.8186426E-01 -1.6327521E+00
  3.8537732E-01 -1.6055394E+00
  3.8892269E-01 -1.5784987E+00
  3.9250068E-01 -1.5516380E+00
  3.9611159E-01 -1.5249647E+00
  3.9975571E-01 -1.4984862E+00
  4.0343336E-01 -1.4722098E+00
  4.0714485E-01 -1.4461421E+00
  4.1089048E-01 -1.4202901E+00
  4.1467056E-01 -1.3946600E+00
  4.1848543E-01 -1.3692580E+00
  4.2233539E-01 -1.3440901E+00
  4.2622076E-01 -1.3191621E+00
  4.3014189E-01 -1.2944794E+00
  4.3409908E-01 -1.2700471E+00
  4.3809268E-01 -1.2458704E+00
  4.4212302E-01 -1.2219539E+00
  4.4619044E-01 -1.1983021E+00
  4.5029528E-01 -1.1749193E+00
  4.5443788E-01 -1.1518095E+00
  4.5861859E-01 -1.1289766E+00
  4.6283776E-01 -1.1064239E+00
  4.6709575E-01 -1.0841549E+00
  4.7139291E-01 -1.0621725E+00
  4.7572960E-01 -1.0404797E+00
  4.8010619E-01 -1.0190790E+00
  4.8452304E-01 -9.9797269E-01
  4.8898053E-01 -9.7716303E-01
  4.9347902E-01 -9.5665187E-01
  4.9801890E-01 -9.3644090E-01
  5.0260055E-01 -9.1653157E-01
  5.0722434E-01 -8.9692514E-01
  5.1189067E-01 -8.7762263E-01
  5.1659994E-01 -8.5862484E-01
  5.2135252E-01 -8.3993239E-01
  5.2614883E-01 -8.2154567E-01
  5.3098926E-01 -8.0346487E-01
  5.3587422E-01 -7.8569000E-01
  5.4080413E-01 -7.6822086E-01
  5.4577938E-01 -7.5105705E-01
  5.5080041E-01 -7.3419800E-01
  5.5586763E-01 -7.1764295E-01
  5.6098147E-01 -7.0139096E-01
  5.6614235E-01 -6.8544091E-01
  5.7135071E-01 -6.6979153E-01
  5.7660699E-01 -6.5444135E-01
  5.8191162E-01 -6.3938877E-01
  5.8726505E-01 -6.2463202E-01
  5.9266774E-01 -6.1016918E-01
  5.9812012E-01 -5.9599817E-01
  6.0362267E-01 -5.8211679E-01
  6.0917584E-01 -5.6852269E-01
  6.1478010E-01 -5.5521337E-01
  6.2043591E-01 -5.4218624E-01
  6.2614376E-01 -5.2943855E-01
  6.3190412E-01 -5.1696746E-01
  6.3771747E-01 -5.0476999E-01
  6.4358430E-01 -4.9284306E-01
  6.4950511E-01 -4.8118352E-01
  6.5548038E-01 -4.6978806E-01
  6.6151063E-01 -4.5865334E-01
  6.6759635E-01 -4.4777588E-01
  6.7373806E-01 -4.3715215E-01
  6.7993627E-01 -4.2677854E-01
  6.8619151E-01 -4.1665134E-01
  6.9250429E-01 -4.0676682E-01
  6.9887514E-01 -3.9712114E-01
  7.0530461E-01 -3.8771043E-01
  7.1179322E-01 -3.7853076E-01
  7.1834153E-01 -3.6957816E-01
  7.2495008E-01 -3.6084861E-01
  7.3161943E-01 -3.5233805E-01
  7.3835013E-01 -3.4404240E-01
  7.4514276E-01 -3.3595754E-01
  7.5199787E-01 -3.2807934E-01
  7.5891605E-01 -3.2040364E-01
  7.6589788E-01 -3.1292628E-01
  7.7294393E-01 -3.0564307E-01
  7.8005481E-01 -2.9854985E-01
  7.8723111E-01 -2.9164242E-01
  7.9447342E-01 -2.8491661E-01
  8.0178237E-01 -2.7836826E-01
  8.0915855E-01 -2.7199321E-01
  8.1660259E-01 -2.6578734E-01
  8.2411512E-01 -2.5974651E-01
  8.3169676E-01 -2.5386665E-01
  8.3934814E-01 -2.4814369E-01
  8.4706992E-01 -2.4257360E-01
  8.5486274E-01 -2.3715239E-01
  8.6272724E-01 -2.3187610E-01
  8.7066410E-01 -2.2674083E-01
  8.7867398E-01 -2.2174270E-01
  8.8675754E-01 -2.1687789E-01
  8.9491548E-01 -2.1214264E-01
  9.0314846E-01 -2.0753323E-01
  9.1145718E-01 -2.0304601E-01
  9.1984234E-01 -1.9867736E-01
  9.2830464E-01 -1.9442376E-01
  9.3684480E-01 -1.9028173E-01
  9.4546352E-01 -1.8624784E-01
  9.5416153E-01 -1.8231876E-01
  9.6293955E-01 -1.7849120E-01
  9.7179834E-01 -1.7476195E-01
  9.8073862E-01 -1.7112788E-01
  9.8976115E-01 -1.6758592E-01
  9.9886669E-01 -1.6413306E-01
  1.0080560E+00 -1.6076638E-01
  1.0173298E+00 -1.5748305E-01
  1.0266890E+00 -1.5428028E-01
  1.0361343E+00 -1.5115537E-01
  1.0456664E+00 -1.4810569E-01
  1.0552863E+00 -1.4512871E-01
  1.0649946E+00 -1.4222194E-01
  1.0747923E+00 -1.3938299E-01
  1.0846801E+00 -1.3660953E-01
  1.0946588E+00 -1.3389931E-01
  1.1047294E+00 -1.3125016E-01
  1.1148926E+00 -1.2865998E-01
  1.1251493E+00 -1.2612673E-01
  1.1355004E+00 -1.2364846E-01
  1.1459467E+00 -1.2122328E-01
  1.1564891E+00 -1.1884937E-01
  1.1671285E+00 -1.1652499E-01
  1.1778657E+00 -1.1424845E-01
  1.1887018E+00 -1.1201815E-01
  1.1996375E+00 -1.0983253E-01
  1.2106738E+00 -1.0769011E-01
  1.2218117E+00 -1.0558946E-01
  1.2330521E+00 -1.0352923E-01
  1.2443958E+00 -1.0150811E-01
  1.2558439E+00 -9.9524863E-02
  1.2673973E+00 -9.7578294E-02
  1.2790570E+00 -9.5667271E-02
  1.2908240E+00 -9.3790715E-02
  1.3026992E+00 -9.1947596E-02
  1.3146837E+00 -9.0136935E-02
  1.3267784E+00 -8.8357800E-02
  1.3389844E+00 -8.6609306E-02
  1.3513027E+00 -8.4890612E-02
  1.3637344E+00 -8.3200918E-02
  1.3762803E+00 -8.1539470E-02
  1.3889417E+00 -7.9905548E-02
  1.4017196E+00 -7.8298473E-02
  1.4146151E+00 -7.6717601E-02
  1.4276291E+00 -7.5162323E-02
  1.4407629E+00 -7.3632063E-02
  1.4540176E+00 -7.2126274E-02
  1.4673941E+00 -7.0644442E-02
  1.4808938E+00 -6.9186079E-02
  1.4945176E+00 -6.7750725E-02
  1.5082667E+00 -6.6337944E-02
  1.5221424E+00 -6.4947326E-02
  1.5361457E+00 -6.3578480E-02
  1.5502778E+00 -6.2231039E-02
  1.5645399E+00 -6.0904656E-02
  1.5789332E+00 -5.9599001E-02
  1.5934590E+00 -5.8313761E-02
  1.6081184E+00 -5.7048643E-02
  1.6229126E+00 -5.5803364E-02
  1.6378430E+00 -5.4577658E-02
  1.6529107E+00 -5.3371273E-02
  1.6681170E+00 -5.2183967E-02
  1.6834632E+00 -5.1015509E-02
  1.6989506E+00 -4.9865680E-02
  1.7145805E+00 -4.8734268E-02
  1.7303542E+00 -4.7621073E-02
  1.7462730E+00 -4.6525900E-02
  1.7623382E+00 -4.5448561E-02
  1.7785512E+00 -4.4388876E-02
  1.7949134E+00 -4.3346670E-02
  1.8114261E+00 -4.2321774E-02
  1.8280908E+00 -4.1314021E-02
  1.8449087E+00 -4.0323251E-02
  1.8618813E+00 -3.9349306E-02
  1.8790101E+00 -3.8392031E-02
  1.8962965E+00 -3.7451275E-02
  1.9137419E+00 -3.6526888E-02
  1.9313478E+00 -3.5618722E-02
  1.9491157E+00 -3.4726631E-02
  1.9670470E+00 -3.3850471E-02
  1.9851433E+00 -3.2990096E-02
  2.0034061E+00 -3.2145364E-02
  2.0218369E+00 -3.1316132E-02
  2.0404372E+00 -3.0502258E-02
  2.0592087E+00 -2.9703599E-02
  2.0781528E+00 -2.8920012E-02
  2.0972713E+00 -2.8151354E-02
  2.1165656E+00 -2.7397483E-02
  2.1360374E+00 -2.6658254E-02
  2.1556883E+00 -2.5933523E-02
  2.1755201E+00 -2.5223144E-02
  2.1955343E+00 -2.4526973E-02
  2.2157326E+00 -2.3844861E-02
  2.2361167E+00 -2.3176662E-02
  2.2566884E+00 -2.2522227E-02
  2.2774493E+00 -2.1881407E-02
  2.2984012E+00 -2.1254051E-02
  2.3195458E+00 -2.0640007E-02
  2.3408850E+00 -2.0039123E-02
  2.3624205E+00 -1.9451246E-02
  2.3841541E+00 -1.8876221E-02
  2.4060877E+00 -1.8313894E-02
  2.4282230E+00 -1.7764107E-02
  2.4505620E+00 -1.7226705E-02
  2.4731065E+00 -1.6701528E-02
  2.4958584E+00 -1.6188419E-02
  2.5188196E+00 -1.5687218E-02
  2.5419921E+00 -1.5197765E-02
  2.5653777E+00 -1.4719900E-02
  2.5889785E+00 -1.4253459E-02
  2.6127963E+00 -1.3798283E-02
  2.6368333E+00 -1.3354208E-02
  2.6610915E+00 -1.2921072E-02
  2.6855728E+00 -1.2498710E-02
  2.7102793E+00 -1.2086961E-02
  2.7352131E+00 -1.1685660E-02
  2.7603763E+00 -1.1294642E-02
  2.7857710E+00 -1.0913745E-02
  2.8113994E+00 -1.0542803E-02
  2.8372635E+00 -1.0181653E-02
  2.8633655E+00 -9.8301306E-03
  2.8897077E+00 -9.4880719E-03
  2.9162922E+00 -9.1553131E-03
  2.9431213E+00 -8.8316909E-03
  2.9701972E+00 -8.5170420E-03
  2.9975222E+00 -8.2112038E-03
  3.0250985E+00 -7.9140141E-03
  3.0529286E+00 -7.6253110E-03
  3.0810147E+00 -7.3449334E-03
  3.1093592E+00 -7.0727208E-03
  3.1379644E+00 -6.8085135E-03
  3.1668328E+00 -6.5521524E-03
  3.1959668E+00 -6.3034792E-03
  3.2253688E+00 -6.0623367E-03
  3.2550413E+00 -5.8285685E-03
  3.2849868E+00 -5.6020191E-03
  3.3152078E+00 -5.3825344E-03
  3.3457068E+00 -5.1699610E-03
  3.3764863E+00 -4.9641469E-03
  3.4075491E+00 -4.7649413E-03
  3.4388976E+00 -4.5721945E-03
  3.4705345E+00 -4.3857583E-03
  3.5024624E+00 -4.2054857E-03
  3.5346841E+00 -4.0312313E-03
  3.5672022E+00 -3.8628509E-03
  3.6000195E+00 -3.7002020E-03
  3.6331387E+00 -3.5431436E-03
  3.6665626E+00 -3.3915361E-03
  3.7002939E+00 -3.2452418E-03
  3.7343356E+00 -3.1041244E-03
  3.7686904E+00 -2.9680493E-03
  3.8033614E+00 -2.8368839E-03
  3.8383512E+00 -2.7104971E-03
  3.8736630E+00 -2.5887596E-03
  3.9092996E+00 -2.4715440E-03
  3.9452641E+00 -2.3587246E-03
  3.9815594E+00 -2.2501778E-03
  4.0181887E+00 -2.1457818E-03
  4.0551549E+00 -2.0454165E-03
  4.0924612E+00 -1.9489641E-03
  4.1301107E+00 -1.8563085E-03
  4.1681066E+00 -1.7673357E-03
  4.2064520E+00 -1.6819336E-03
  4.2451502E+00 -1.5999922E-03
  4.2842044E+00 -1.5214034E-03
  4.3236179E+00 -1.4460613E-03
  4.3633939E+00 -1.3738619E-03
  4.4035360E+00 -1.3047033E-03
  4.4440473E+00 -1.2384857E-03
  4.4849313E+00 -1.1751112E-03
  4.5261914E+00 -1.1144841E-03
  4.5678311E+00 -1.0565108E-03
  4.6098539E+00 -1.0010995E-03
  4.6522632E+00 -9.4816086E-04
  4.6950628E+00 -8.9760726E-04
  4.7382560E+00 -8.4935327E-04
  4.7818467E+00 -8.0331548E-04
  4.8258383E+00 -7.5941252E-04
  4.8702347E+00 -7.1756504E-04
  4.9150395E+00 -6.7769570E-04
  4.9602565E+00 -6.3972915E-04
  5.0058895E+00 -6.0359206E-04
  5.0519423E+00 -5.6921304E-04
  5.0984187E+00 -5.3652267E-04
  5.1453228E+00 -5.0545345E-04
  5.1926583E+00 -4.7593982E-04
  5.2404293E+00 -4.4791809E-04
  5.2886398E+00 -4.2132647E-04
  5.3372938E+00 -3.9610501E-04
  5.3863954E+00 -3.7219559E-04
  5.4359488E+00 -3.4954190E-04
  5.4859580E+00 -3.2808939E-04
  5.5364273E+00 -3.0778529E-04
  5.5873609E+00 -2.8857853E-04
  5.6387630E+00 -2.7041975E-04
  5.6906381E+00 -2.5326126E-04
  5.7429904E+00 -2.3705701E-04
  5.7958243E+00 -2.2176254E-04
  5.8491443E+00 -2.0733498E-04
  5.9029548E+00 -1.9373302E-04
  5.9572603E+00 -1.8091684E-04
  6.0120654E+00 -1.6884811E-04
  6.0673748E+00 -1.5748996E-04
  6.1231929E+00 -1.4680693E-04
  6.1795246E+00 -1.3676494E-04
  6.2363745E+00 -1.2733126E-04
  6.2937474E+00 -1.1847448E-04
  6.3516481E+00 -1.1016448E-04
  6.4100815E+00 -1.0237239E-04
  6.4690525E+00 -9.5070526E-05
  6.5285660E+00 -8.8232424E-05
  6.5886269E+00 -8.1832747E-05
  6.6492405E+00 -7.5847279E-05
  6.7104116E+00 -7.0252884E-05
  6.7721456E+00 -6.5027474E-05
  6.8344474E+00 -6.0149975E-05
  6.8973224E+00 -5.5600296E-05
  6.9607759E+00 -5.1359297E-05
  7.0248131E+00 -4.7408754E-05
  7.0894394E+00 -4.3731330E-05
  7.1546602E+00 -4.0310544E-05
  7.2204811E+00 -3.7130737E-05
  7.2869075E+00 -3.4177046E-05
  7.3539451E+00 -3.1435369E-05
  7.4215993E+00 -2.8892343E-05
  7.4898759E+00 -2.6535306E-05
  7.5587807E+00 -2.4352278E-05
  7.6283194E+00 -2.2331926E-05
  7.6984978E+00 -2.0463542E-05
  7.7693218E+00 -1.8737014E-05
  7.8407974E+00 -1.7142800E-05
  7.9129306E+00 -1.5671906E-05
  7.9857273E+00 -1.4315857E-05
  8.0591938E+00 -1.3066678E-05
  8.1333361E+00 -1.1916866E-05
  8.2081606E+00 -1.0859372E-05
  8.2836733E+00 -9.8875769E-06
  8.3598808E+00 -8.9952699E-06
  8.4367894E+00 -8.1766300E-06
  8.5144055E+00 -7.4262050E-06
  8.5927357E+00 -6.7388929E-06
  8.6717864E+00 -6.1099235E-06
  8.7515644E+00 -5.5348407E-06
  8.8320764E+00 -5.0094852E-06
  8.9133290E+00 -4.5299789E-06
  8.9953292E+00 -4.0927085E-06
  9.0780837E+00 -3.6943105E-06
  9.1615995E+00 -3.3316574E-06
  9.2458837E+00 -3.0018429E-06
  9.3309432E+00 -2.7021696E-06
  9.4167853E+00 -2.4301360E-06
  9.5034171E+00 -2.1834241E-06
  9.5908459E+00 -1.9598889E-06
  9.6790790E+00 -1.7575465E-06
  9.7681238E+00 -1.5745642E-06
  9.8579878E+00 -1.4092507E-06
  9.9486786E+00 -1.2600466E-06
  1.0040204E+01 -1.1255156E-06
  1.0132571E+01 -1.0043359E-06
  1.0225788E+01 -8.9529285E-07
  1.0319862E+01 -7.9727084E-07
  1.0414802E+01 -7.0924662E-07
  1.0510615E+01 -6.3028249E-07
  1.0607310E+01 -5.5952013E-07
  1.0704894E+01 -4.9617468E-07
  1.0803376E+01 -4.3952926E-07
  1.0902764E+01 -3.8892973E-07
  1.1003067E+01 -3.4377992E-07
  1.1104292E+01 -3.0353704E-07
  1.1206448E+01 -2.6770751E-07
  1.1309544E+01 -2.3584292E-07
  1.1413589E+01 -2.0753645E-07
  1.1518591E+01 -1.8241937E-07
  1.1624559E+01 -1.6015788E-07
  1.1731501E+01 -1.4045016E-07
  1.1839428E+01 -1.2302364E-07
  1.1948347E+01 -1.0763240E-07
  1.2058269E+01 -9.4054911E-08
  1.2169201E+01 -8.2091790E-08
  1.2281155E+01 -7.1563840E-08
  1.2394138E+01 -6.2310196E-08
  1.2508160E+01 -5.4186626E-08
  1.2623232E+01 -4.7063977E-08
  1.2739362E+01 -4.0826742E-08
  1.2856561E+01 -3.5371753E-08
  1.2974837E+01 -3.0606977E-08
  1.3094202E+01 -2.6450427E-08
  1.3214665E+01 -2.2829155E-08
  1.3336237E+01 -1.9678344E-08
  1.3458926E+01 -1.6940479E-08
  1.3582745E+01 -1.4564592E-08
  1.3707702E+01 -1.2505578E-08
  1.3833809E+01 -1.0723577E-08
  1.3961076E+01 -9.1834093E-09
  1.4089514E+01 -7.8540727E-09
  1.4219134E+01 -6.7082826E-09
  1.4349946E+01 -5.7220612E-09
  1.4481961E+01 -4.8743669E-09
  1.4615191E+01 -4.1467608E-09
  1.4749647E+01 -3.5231088E-09
  1.4885340E+01 -2.9893141E-09
  1.5022281E+01 -2.5330780E-09
  1.5160481E+01 -2.1436866E-09
  1.5299954E+01 -1.8118210E-09
  1.5440709E+01 -1.5293873E-09
  1.5582759E+01 -1.2893670E-09
  1.5726116E+01 -1.0856829E-09
  1.5870792E+01 -9.1308144E-10
  1.6016799E+01 -7.6702813E-10
  1.6164149E+01 -6.4361511E-10
  1.6312855E+01 -5.3948008E-10
  1.6462928E+01 -4.5173468E-10
  1.6614383E+01 -3.7790175E-10
  1.6767230E+01 -3.1586018E-10
  1.6921484E+01 -2.6379674E-10
  1.7077157E+01 -2.2016391E-10
  1.7234262E+01 -1.8364315E-10
  1.7392813E+01 -1.5311285E-10
  1.7552822E+01 -1.2762056E-10
  1.7714303E+01 -1.0635877E-10
  1.7877269E+01 -8.8644050E-11
  1.8041735E+01 -7.3898945E-11
  1.8207714E+01 -6.1636359E-11
  1.8375220E+01 -5.1446115E-11
  1.8544267E+01 -4.2983389E-11
  1.8714869E+01 -3.5958784E-11
  1.8887040E+01 -3.0129829E-11
  1.9060796E+01 -2.5293705E-11
  1.9236150E+01 -2.1281043E-11
  1.9413117E+01 -1.7950636E-11
  1.9591712E+01 -1.5184946E-11
  1.9771951E+01 -1.2886288E-11
  1.9953847E+01 -1.0973604E-11
  2.0137417E+01 -9.3797325E-12
  2.0322675E+01 -8.0491033E-12
  2.0509638E+01 -6.9358014E-12
  2.0698321E+01 -6.0019371E-12
  2.0888740E+01 -5.2162799E-12
  2.1080911E+01 -4.5531159E-12
  2.1274849E+01 -3.9912924E-12
  2.1470572E+01 -3.5134225E-12
  2.1668095E+01 -3.1052230E-12
  2.1867435E+01 -2.7549646E-12
  2.2068610E+01 -2.4530165E-12
  2.2271635E+01 -2.1914699E-12
  2.2476528E+01 -1.9638268E-12
  2.2683305E+01 -1.7647445E-12
  2.2891985E+01 -1.5898245E-12
  2.3102585E+01 -1.4354402E-12
  2.3315123E+01 -1.2985948E-12
  2.3529615E+01 -1.1768060E-12
  2.3746081E+01 -1.0680111E-12
  2.3964538E+01 -9.7049011E-13
  2.4185005E+01 -8.8280306E-13
  2.4407501E+01 -8.0373875E-13
  2.4632043E+01 -7.3227348E-13
  2.4858651E+01 -6.6753735E-13
  2.5087343E+01 -6.0878697E-13
  2.5318140E+01 -5.5538336E-13
  2.5551060E+01 -5.0677400E-13
  2.5786122E+01 -4.6247829E-13
  2.6023348E+01 -4.2207573E-13
  2.6262755E+01 -3.8519633E-13
  2.6504365E+01 -3.5151277E-13
  2.6748198E+01 -3.2073404E-13
  2.6994274E+01 -2.9260016E-13
  2.7242613E+01 -2.6687797E-13
  2.7493238E+01 -2.4335749E-13
  2.7746168E+01 -2.2184901E-13
  2.8001425E+01 -2.0218063E-13
  2.8259030E+01 -1.8419620E-13
  2.8519005E+01 -1.6775355E-13
  2.8781372E+01 -1.5272300E-13
  2.9046153E+01 -1.3898608E-13
  2.9313369E+01 -1.2643446E-13
  2.9583044E+01 -1.1496892E-13
  2.9855200E+01 -1.0449856E-13
  3.0129859E+01 -9.4940014E-14
  3.0407046E+01 -8.6216824E-14
  3.0686782E+01 -7.8258805E-14
  3.0969092E+01 -7.1001539E-14
  3.1253999E+01 -6.4385884E-14
  3.1541527E+01 -5.8357540E-14
  3.1831700E+01 -5.2866652E-14
  3.2124543E+01 -4.7867447E-14
  3.2420079E+01 -4.3317910E-14
  3.2718335E+01 -3.9179473E-14
  3.3019335E+01 -3.5416746E-14
  3.3323103E+01 -3.1997256E-14
  3.3629667E+01 -2.8891218E-14
  3.3939050E+01 -2.6071317E-14
  3.4251280E+01 -2.3512512E-14
  3.4566382E+01 -2.1191851E-14
  3.4884383E+01 -1.9088306E-14
  3.5205310E+01 -1.7182617E-14
  3.5529189E+01 -1.5457147E-14
  3.5856047E+01 -1.3895756E-14
  3.6185913E+01 -1.2483675E-14
  3.6518813E+01 -1.1207397E-14
  3.6854776E+01 -1.0054571E-14
  3.7193830E+01 -9.0139133E-15
  3.7536002E+01 -8.0751139E-15
  3.7881323E+01 -7.2287599E-15
  3.8229821E+01 -6.4662601E-15
  3.8581524E+01 -5.7797770E-15
  3.8936463E+01 -5.1621646E-15
  3.9294668E+01 -4.6069100E-15
  3.9656168E+01 -4.1080805E-15
  4.0020994E+01 -3.6602750E-15
  4.0389176E+01 -3.2585788E-15
  4.0760745E+01 -2.8985222E-15
  4.1135732E+01 -2.5760428E-15
  4.1514169E+01 -2.2874503E-15
  4.1896088E+01 -2.0293946E-15
  4.2281520E+01 -1.7988365E-15
  4.2670499E+01 -1.5930203E-15
  4.3063055E+01 -1.4094490E-15
  4.3459223E+01 -1.2458621E-15
  4.3859036E+01 -1.1002139E-15
  4.4262527E+01 -9.7065501E-16
  4.4669730E+01 -8.5551430E-16
  4.5080679E+01 -7.5328320E-16
  4.5495408E+01 -6.6260076E-16
  4.5913953E+01 -5.8224025E-16
  4.6336349E+01 -5.1109680E-16
  4.6762630E+01 -4.4817616E-16
  4.7192833E+01 -3.9258435E-16
  4.7626994E+01 -3.4351827E-16
  4.8065149E+01 -3.0025712E-16
  4.8507335E+01 -2.6215454E-16
  4.8953589E+01 -2.2863150E-16
  4.9403948E+01 -1.9916972E-16
  4.9858451E+01 -1.7330580E-16
  5.0317135E+01 -1.5062582E-16
  5.0780038E+01 -1.3076041E-16
  5.1247200E+01 -1.1338030E-16
  5.1718660E+01 -9.8192286E-17
  5.2194457E+01 -8.4935562E-17
  5.2674632E+01 -7.3378386E-17
  5.3159224E+01 -6.3315069E-17
  5.3648274E+01 -5.4563262E-17
  5.4141823E+01 -4.6961486E-17
  5.4639912E+01 -4.0366913E-17
  5.5142584E+01 -3.4653363E-17
  5.5649880E+01 -2.9709498E-17
  5.6161844E+01 -2.5437197E-17
  5.6678517E+01 -2.1750093E-17
  5.7199943E+01 -1.8572262E-17
  5.7726167E+01 -1.5837048E-17
  5.8257232E+01 -1.3486004E-17
  5.8793182E+01 -1.1467951E-17
  5.9334063E+01 -9.7381333E-18
  5.9879919E+01 -8.2574665E-18
  6.0430798E+01 -6.9918640E-18
  6.0986744E+01 -5.9116400E-18
  6.1547805E+01 -4.9909780E-18
  6.2114028E+01 -4.2074578E-18
  6.2685459E+01 -3.5416375E-18
  6.3262148E+01 -2.9766817E-18
  6.3844142E+01 -2.4980341E-18
  6.4431490E+01 -2.0931276E-18
  6.5024242E+01 -1.7511289E-18
  6.5622447E+01 -1.4627134E-18
  6.6226155E+01 -1.2198676E-18
  6.6835417E+01 -1.0157155E-18
  6.7450284E+01 -8.4436641E-19
  6.8070808E+01 -7.0078190E-19
  6.8697040E+01 -5.8065925E-19
  6.9329034E+01 -4.8033015E-19
  6.9966841E+01 -3.9667225E-19
  7.0610517E+01 -3.2703231E-19
  7.1260114E+01 -2.6915952E-19
  7.1915687E+01 -2.2114769E-19
  7.2577291E+01 -1.8138523E-19
  7.3244982E+01 -1.4851200E-19
  7.3918815E+01 -1.2138206E-19
  7.4598848E+01 -9.9031637E-20
  7.5285136E+01 -8.0651601E-20
  7.5977738E+01 -6.5563887E-20
  7.6676712E+01 -5.3201278E-20
  7.7382116E+01 -4.3090155E-20
  7.8094010E+01 -3.4835782E-20
  7.8812453E+01 -2.8109777E-20
  7.9537506E+01 -2.2639472E-20
  8.0269228E+01 -1.8198888E-20
  8.1007683E+01 -1.4601100E-20
  8.1752931E+01 -1.1691782E-20
  8.2505035E+01 -9.3437750E-21
  8.3264058E+01 -7.4525029E-21
  8.4030064E+01 -5.9321367E-21
  8.4803117E+01 -4.7123720E-21
  8.5583282E+01 -3.7357367E-21
  8.6370624E+01 -2.9553432E-21
  8.7165210E+01 -2.3330166E-21
  8.7967105E+01 -1.8377387E-21
  8.8776378E+01 -1.4443570E-21
  8.9593096E+01 -1.1325165E-21
  9.0417327E+01 -8.8577650E-22
  9.1249141E+01 -6.9088288E-22
  9.2088608E+01 -5.3716871E-22
  9.2935797E+01 -4.1606186E-22
  9.3790781E+01 -3.2068068E-22
  9.4653630E+01 -2.4550242E-22
  9.5524416E+01 -1.8609102E-22
  9.6403214E+01 -1.3887332E-22
  9.7290097E+01 -1.0095399E-22
  9.8185139E+01 -6.9961094E-23
  9.9088414E+01 -4.3914411E-23
  1.0000000E+02 -2.1108621E-23
