  0.0000000E+00  0.0000000E+00
  1.0221911E-08  5.3584371E-07
  2.0537860E-08  1.0692564E-06
  3.0948714E-08  1.6075761E-06
  4.1455344E-08  2.1508482E-06
  5.2058633E-08  2.6991181E-06
  6.2759468E-08  3.2524319E-06
  7.3558749E-08  3.8108358E-06
  8.4457379E-08  4.3743768E-06
  9.5456275E-08  4.9431022E-06
  1.0655636E-07  5.5170595E-06
  1.1775856E-07  6.0962969E-06
  1.2906381E-07  6.6808631E-06
  1.4047307E-07  7.2708069E-06
  1.5198730E-07  7.8661780E-06
  1.6360745E-07  8.4670262E-06
  1.7533450E-07  9.0734019E-06
  1.8716944E-07  9.6853560E-06
  1.9911326E-07  1.0302940E-05
  2.1116696E-07  1.0926205E-05
  2.2333154E-07  1.1555204E-05
  2.3560804E-07  1.2189989E-05
  2.4799748E-07  1.2830614E-05
  2.6050090E-07  1.3477133E-05
  2.7311935E-07  1.4129599E-05
  2.8585388E-07  1.4788068E-05
  2.9870556E-07  1.5452594E-05
  3.1167548E-07  1.6123233E-05
  3.2476472E-07  1.6800042E-05
  3.3797438E-07  1.7483077E-05
  3.5130556E-07  1.8172396E-05
  3.6475938E-07  1.8868056E-05
  3.7833698E-07  1.9570116E-05
  3.9203948E-07  2.0278634E-05
  4.0586804E-07  2.0993671E-05
  4.1982383E-07  2.1715285E-05
  4.3390800E-07  2.2443538E-05
  4.4812174E-07  2.3178491E-05
  4.6246625E-07  2.3920204E-05
  4.7694272E-07  2.4668741E-05
  4.9155237E-07  2.5424164E-05
  5.0629642E-07  2.6186537E-05
  5.2117612E-07  2.6955923E-05
  5.3619271E-07  2.7732386E-05
  5.5134744E-07  2.8515993E-05
  5.6664159E-07  2.9306809E-05
  5.8207645E-07  3.0104900E-05
  5.9765330E-07  3.0910332E-05
  6.1337345E-07  3.1723175E-05
  6.2923823E-07  3.2543495E-05
  6.4524895E-07  3.3371361E-05
  6.6140697E-07  3.4206843E-05
  6.7771364E-07  3.5050012E-05
  6.9417033E-07  3.5900936E-05
  7.1077841E-07  3.6759689E-05
  7.2753929E-07  3.7626342E-05
  7.4445435E-07  3.8500968E-05
  7.6152504E-07  3.9383640E-05
  7.7875276E-07  4.0274431E-05
  7.9613898E-07  4.1173418E-05
  8.1368515E-07  4.2080675E-05
  8.3139273E-07  4.2996277E-05
  8.4926323E-07  4.3920303E-05
  8.6729812E-07  4.4852830E-05
  8.8549893E-07  4.5793935E-05
  9.0386718E-07  4.6743697E-05
  9.2240442E-07  4.7702197E-05
  9.4111219E-07  4.8669514E-05
  9.5999207E-07  4.9645731E-05
  9.7904564E-07  5.0630927E-05
  9.9827450E-07  5.1625187E-05
  1.0176803E-06  5.2628594E-05
  1.0372645E-06  5.3641231E-05
  1.0570290E-06  5.4663184E-05
  1.0769753E-06  5.5694538E-05
  1.0971051E-06  5.6735380E-05
  1.1174200E-06  5.7785797E-05
  1.1379219E-06  5.8845877E-05
  1.1586124E-06  5.9915709E-05
  1.1794932E-06  6.0995383E-05
  1.2005661E-06  6.2084989E-05
  1.2218329E-06  6.3184619E-05
  1.2432953E-06  6.4294365E-05
  1.2649552E-06  6.5414319E-05
  1.2868143E-06  6.6544577E-05
  1.3088746E-06  6.7685232E-05
  1.3311378E-06  6.8836380E-05
  1.3536058E-06  6.9998118E-05
  1.3762805E-06  7.1170544E-05
  1.3991638E-06  7.2353754E-05
  1.4222576E-06  7.3547850E-05
  1.4455639E-06  7.4752930E-05
  1.4690846E-06  7.5969096E-05
  1.4928217E-06  7.7196450E-05
  1.5167771E-06  7.8435095E-05
  1.5409529E-06  7.9685135E-05
  1.5653512E-06  8.0946674E-05
  1.5899739E-06  8.2219818E-05
  1.6148231E-06  8.3504674E-05
  1.6399010E-06  8.4801350E-05
  1.6652095E-06  8.6109955E-05
  1.6907509E-06  8.7430597E-05
  1.7165272E-06  8.8763389E-05
  1.7425407E-06  9.0108441E-05
  1.7687935E-06  9.1465867E-05
  1.7952878E-06  9.2835780E-05
  1.8220259E-06  9.4218295E-05
  1.8490099E-06  9.5613528E-05
  1.8762422E-06  9.7021596E-05
  1.9037250E-06  9.8442618E-05
  1.9314606E-06  9.9876711E-05
  1.9594514E-06  1.0132400E-04
  1.9876998E-06  1.0278460E-04
  2.0162080E-06  1.0425863E-04
  2.0449784E-06  1.0574623E-04
  2.0740136E-06  1.0724751E-04
  2.1033158E-06  1.0876260E-04
  2.1328876E-06  1.1029163E-04
  2.1627315E-06  1.1183473E-04
  2.1928499E-06  1.1339202E-04
  2.2232455E-06  1.1496363E-04
  2.2539206E-06  1.1654971E-04
  2.2848780E-06  1.1815037E-04
  2.3161201E-06  1.1976576E-04
  2.3476497E-06  1.2139601E-04
  2.3794693E-06  1.2304126E-04
  2.4115817E-06  1.2470164E-04
  2.4439895E-06  1.2637729E-04
  2.4766954E-06  1.2806836E-04
  2.5097022E-06  1.2977499E-04
  2.5430127E-06  1.3149731E-04
  2.5766296E-06  1.3323548E-04
  2.6105558E-06  1.3498964E-04
  2.6447941E-06  1.3675994E-04
  2.6793473E-06  1.3854652E-04
  2.7142185E-06  1.4034953E-04
  2.7494104E-06  1.4216913E-04
  2.7849262E-06  1.4400547E-04
  2.8207686E-06  1.4585871E-04
  2.8569408E-06  1.4772899E-04
  2.8934458E-06  1.4961647E-04
  2.9302866E-06  1.5152132E-04
  2.9674663E-06  1.5344369E-04
  3.0049881E-06  1.5538375E-04
  3.0428550E-06  1.5734165E-04
  3.0810703E-06  1.5931756E-04
  3.1196372E-06  1.6131165E-04
  3.1585589E-06  1.6332409E-04
  3.1978387E-06  1.6535503E-04
  3.2374798E-06  1.6740466E-04
  3.2774857E-06  1.6947314E-04
  3.3178595E-06  1.7156065E-04
  3.3586048E-06  1.7366737E-04
  3.3997249E-06  1.7579346E-04
  3.4412234E-06  1.7793911E-04
  3.4831036E-06  1.8010450E-04
  3.5253691E-06  1.8228981E-04
  3.5680234E-06  1.8449522E-04
  3.6110701E-06  1.8672092E-04
  3.6545128E-06  1.8896709E-04
  3.6983553E-06  1.9123392E-04
  3.7426010E-06  1.9352161E-04
  3.7872538E-06  1.9583034E-04
  3.8323174E-06  1.9816031E-04
  3.8777955E-06  2.0051171E-04
  3.9236921E-06  2.0288475E-04
  3.9700108E-06  2.0527961E-04
  4.0167557E-06  2.0769650E-04
  4.0639307E-06  2.1013562E-04
  4.1115396E-06  2.1259719E-04
  4.1595865E-06  2.1508139E-04
  4.2080755E-06  2.1758845E-04
  4.2570105E-06  2.2011857E-04
  4.3063957E-06  2.2267196E-04
  4.3562353E-06  2.2524884E-04
  4.4065333E-06  2.2784943E-04
  4.4572941E-06  2.3047393E-04
  4.5085219E-06  2.3312258E-04
  4.5602209E-06  2.3579560E-04
  4.6123956E-06  2.3849320E-04
  4.6650502E-06  2.4121562E-04
  4.7181893E-06  2.4396308E-04
  4.7718172E-06  2.4673581E-04
  4.8259385E-06  2.4953405E-04
  4.8805577E-06  2.5235803E-04
  4.9356794E-06  2.5520799E-04
  4.9913082E-06  2.5808416E-04
  5.0474487E-06  2.6098679E-04
  5.1041058E-06  2.6391612E-04
  5.1612840E-06  2.6687240E-04
  5.2189883E-06  2.6985587E-04
  5.2772234E-06  2.7286678E-04
  5.3359943E-06  2.7590539E-04
  5.3953059E-06  2.7897195E-04
  5.4551631E-06  2.8206672E-04
  5.5155710E-06  2.8518996E-04
  5.5765346E-06  2.8834192E-04
  5.6380591E-06  2.9152288E-04
  5.7001495E-06  2.9473310E-04
  5.7628112E-06  2.9797285E-04
  5.8260494E-06  3.0124241E-04
  5.8898693E-06  3.0454203E-04
  5.9542764E-06  3.0787201E-04
  6.0192760E-06  3.1123262E-04
  6.0848735E-06  3.1462414E-04
  6.1510746E-06  3.1804686E-04
  6.2178846E-06  3.2150106E-04
  6.2853093E-06  3.2498704E-04
  6.3533543E-06  3.2850508E-04
  6.4220253E-06  3.3205548E-04
  6.4913281E-06  3.3563854E-04
  6.5612684E-06  3.3925456E-04
  6.6318521E-06  3.4290384E-04
  6.7030852E-06  3.4658669E-04
  6.7749736E-06  3.5030342E-04
  6.8475234E-06  3.5405433E-04
  6.9207406E-06  3.5783975E-04
  6.9946314E-06  3.6165998E-04
  7.0692020E-06  3.6551536E-04
  7.1444585E-06  3.6940619E-04
  7.2204075E-06  3.7333282E-04
  7.2970551E-06  3.7729557E-04
  7.3744079E-06  3.8129476E-04
  7.4524723E-06  3.8533075E-04
  7.5312548E-06  3.8940385E-04
  7.6107622E-06  3.9351442E-04
  7.6910010E-06  3.9766281E-04
  7.7719779E-06  4.0184935E-04
  7.8536999E-06  4.0607440E-04
  7.9361736E-06  4.1033831E-04
  8.0194061E-06  4.1464144E-04
  8.1034043E-06  4.1898415E-04
  8.1881753E-06  4.2336681E-04
  8.2737261E-06  4.2778978E-04
  8.3600640E-06  4.3225344E-04
  8.4471961E-06  4.3675815E-04
  8.5351299E-06  4.4130429E-04
  8.6238726E-06  4.4589226E-04
  8.7134317E-06  4.5052242E-04
  8.8038147E-06  4.5519517E-04
  8.8950293E-06  4.5991090E-04
  8.9870830E-06  4.6467001E-04
  9.0799835E-06  4.6947289E-04
  9.1737387E-06  4.7431995E-04
  9.2683565E-06  4.7921159E-04
  9.3638447E-06  4.8414823E-04
  9.4602113E-06  4.8913027E-04
  9.5574645E-06  4.9415814E-04
  9.6556124E-06  4.9923225E-04
  9.7546633E-06  5.0435303E-04
  9.8546254E-06  5.0952092E-04
  9.9555071E-06  5.1473634E-04
  1.0057317E-05  5.1999973E-04
  1.0160063E-05  5.2531153E-04
  1.0263755E-05  5.3067219E-04
  1.0368400E-05  5.3608215E-04
  1.0474009E-05  5.4154188E-04
  1.0580589E-05  5.4705182E-04
  1.0688149E-05  5.5261244E-04
  1.0796699E-05  5.5822421E-04
  1.0906247E-05  5.6388759E-04
  1.1016804E-05  5.6960306E-04
  1.1128377E-05  5.7537110E-04
  1.1240977E-05  5.8119220E-04
  1.1354613E-05  5.8706683E-04
  1.1469294E-05  5.9299550E-04
  1.1585030E-05  5.9897870E-04
  1.1701831E-05  6.0501692E-04
  1.1819707E-05  6.1111069E-04
  1.1938666E-05  6.1726050E-04
  1.2058721E-05  6.2346688E-04
  1.2179880E-05  6.2973034E-04
  1.2302153E-05  6.3605141E-04
  1.2425551E-05  6.4243061E-04
  1.2550085E-05  6.4886849E-04
  1.2675764E-05  6.5536558E-04
  1.2802599E-05  6.6192243E-04
  1.2930601E-05  6.6853958E-04
  1.3059781E-05  6.7521760E-04
  1.3190150E-05  6.8195703E-04
  1.3321717E-05  6.8875845E-04
  1.3454495E-05  6.9562242E-04
  1.3588495E-05  7.0254952E-04
  1.3723727E-05  7.0954034E-04
  1.3860203E-05  7.1659545E-04
  1.3997935E-05  7.2371544E-04
  1.4136934E-05  7.3090093E-04
  1.4277212E-05  7.3815249E-04
  1.4418780E-05  7.4547076E-04
  1.4561651E-05  7.5285632E-04
  1.4705836E-05  7.6030982E-04
  1.4851347E-05  7.6783186E-04
  1.4998197E-05  7.7542309E-04
  1.5146398E-05  7.8308413E-04
  1.5295963E-05  7.9081563E-04
  1.5446903E-05  7.9861824E-04
  1.5599233E-05  8.0649261E-04
  1.5752963E-05  8.1443940E-04
  1.5908108E-05  8.2245927E-04
  1.6064680E-05  8.3055290E-04
  1.6222692E-05  8.3872097E-04
  1.6382158E-05  8.4696416E-04
  1.6543092E-05  8.5528316E-04
  1.6705505E-05  8.6367867E-04
  1.6869413E-05  8.7215138E-04
  1.7034829E-05  8.8070202E-04
  1.7201767E-05  8.8933130E-04
  1.7370240E-05  8.9803994E-04
  1.7540263E-05  9.0682867E-04
  1.7711851E-05  9.1569823E-04
  1.7885017E-05  9.2464935E-04
  1.8059776E-05  9.3368279E-04
  1.8236142E-05  9.4279932E-04
  1.8414132E-05  9.5199968E-04
  1.8593758E-05  9.6128465E-04
  1.8775038E-05  9.7065501E-04
  1.8957985E-05  9.8011154E-04
  1.9142615E-05  9.8965504E-04
  1.9328943E-05  9.9928631E-04
  1.9516986E-05  1.0090061E-03
  1.9706759E-05  1.0188154E-03
  1.9898277E-05  1.0287148E-03
  2.0091558E-05  1.0387053E-03
  2.0286617E-05  1.0487876E-03
  2.0483470E-05  1.0589627E-03
  2.0682134E-05  1.0692313E-03
  2.0882626E-05  1.0795944E-03
  2.1084962E-05  1.0900527E-03
  2.1289159E-05  1.1006073E-03
  2.1495236E-05  1.1112589E-03
  2.1703208E-05  1.1220084E-03
  2.1913093E-05  1.1328568E-03
  2.2124909E-05  1.1438050E-03
  2.2338674E-05  1.1548538E-03
  2.2554406E-05  1.1660043E-03
  2.2772122E-05  1.1772573E-03
  2.2991841E-05  1.1886137E-03
  2.3213581E-05  1.2000746E-03
  2.3437361E-05  1.2116409E-03
  2.3663201E-05  1.2233135E-03
  2.3891117E-05  1.2350935E-03
  2.4121131E-05  1.2469818E-03
  2.4353260E-05  1.2589794E-03
  2.4587525E-05  1.2710874E-03
  2.4823946E-05  1.2833067E-03
  2.5062541E-05  1.2956383E-03
  2.5303331E-05  1.3080834E-03
  2.5546337E-05  1.3206428E-03
  2.5791578E-05  1.3333178E-03
  2.6039075E-05  1.3461093E-03
  2.6288849E-05  1.3590184E-03
  2.6540921E-05  1.3720463E-03
  2.6795312E-05  1.3851939E-03
  2.7052043E-05  1.3984624E-03
  2.7311136E-05  1.4118529E-03
  2.7572613E-05  1.4253666E-03
  2.7836495E-05  1.4390045E-03
  2.8102805E-05  1.4527678E-03
  2.8371565E-05  1.4666577E-03
  2.8642797E-05  1.4806752E-03
  2.8916525E-05  1.4948217E-03
  2.9192771E-05  1.5090982E-03
  2.9471558E-05  1.5235060E-03
  2.9752910E-05  1.5380463E-03
  3.0036850E-05  1.5527203E-03
  3.0323403E-05  1.5675292E-03
  3.0612592E-05  1.5824742E-03
  3.0904441E-05  1.5975567E-03
  3.1198975E-05  1.6127778E-03
  3.1496219E-05  1.6281389E-03
  3.1796197E-05  1.6436412E-03
  3.2098935E-05  1.6592861E-03
  3.2404458E-05  1.6750748E-03
  3.2712792E-05  1.6910086E-03
  3.3023962E-05  1.7070890E-03
  3.3337995E-05  1.7233172E-03
  3.3654918E-05  1.7396946E-03
  3.3974755E-05  1.7562225E-03
  3.4297535E-05  1.7729025E-03
  3.4623285E-05  1.7897357E-03
  3.4952031E-05  1.8067238E-03
  3.5283802E-05  1.8238680E-03
  3.5618625E-05  1.8411699E-03
  3.5956529E-05  1.8586308E-03
  3.6297540E-05  1.8762522E-03
  3.6641690E-05  1.8940356E-03
  3.6989005E-05  1.9119826E-03
  3.7339515E-05  1.9300945E-03
  3.7693250E-05  1.9483729E-03
  3.8050239E-05  1.9668194E-03
  3.8410513E-05  1.9854354E-03
  3.8774101E-05  2.0042226E-03
  3.9141033E-05  2.0231825E-03
  3.9511342E-05  2.0423167E-03
  3.9885057E-05  2.0616268E-03
  4.0262210E-05  2.0811145E-03
  4.0642833E-05  2.1007812E-03
  4.1026958E-05  2.1206288E-03
  4.1414616E-05  2.1406588E-03
  4.1805841E-05  2.1608729E-03
  4.2200665E-05  2.1812729E-03
  4.2599121E-05  2.2018604E-03
  4.3001243E-05  2.2226371E-03
  4.3407064E-05  2.2436048E-03
  4.3816619E-05  2.2647653E-03
  4.4229942E-05  2.2861203E-03
  4.4647067E-05  2.3076715E-03
  4.5068029E-05  2.3294209E-03
  4.5492864E-05  2.3513702E-03
  4.5921608E-05  2.3735213E-03
  4.6354296E-05  2.3958759E-03
  4.6790964E-05  2.4184361E-03
  4.7231650E-05  2.4412036E-03
  4.7676390E-05  2.4641804E-03
  4.8125221E-05  2.4873684E-03
  4.8578181E-05  2.5107695E-03
  4.9035309E-05  2.5343857E-03
  4.9496642E-05  2.5582189E-03
  4.9962219E-05  2.5822713E-03
  5.0432079E-05  2.6065447E-03
  5.0906262E-05  2.6310412E-03
  5.1384808E-05  2.6557628E-03
  5.1867755E-05  2.6807117E-03
  5.2355146E-05  2.7058898E-03
  5.2847021E-05  2.7312994E-03
  5.3343420E-05  2.7569425E-03
  5.3844387E-05  2.7828213E-03
  5.4349962E-05  2.8089379E-03
  5.4860188E-05  2.8352946E-03
  5.5375108E-05  2.8618934E-03
  5.5894766E-05  2.8887368E-03
  5.6419204E-05  2.9158268E-03
  5.6948467E-05  2.9431658E-03
  5.7482599E-05  2.9707560E-03
  5.8021644E-05  2.9985998E-03
  5.8565649E-05  3.0266994E-03
  5.9114659E-05  3.0550573E-03
  5.9668719E-05  3.0836758E-03
  6.0227876E-05  3.1125573E-03
  6.0792178E-05  3.1417042E-03
  6.1361671E-05  3.1711190E-03
  6.1936403E-05  3.2008040E-03
  6.2516422E-05  3.2307618E-03
  6.3101778E-05  3.2609949E-03
  6.3692518E-05  3.2915059E-03
  6.4288693E-05  3.3222971E-03
  6.4890353E-05  3.3533714E-03
  6.5497548E-05  3.3847311E-03
  6.6110329E-05  3.4163790E-03
  6.6728748E-05  3.4483177E-03
  6.7352855E-05  3.4805499E-03
  6.7982705E-05  3.5130782E-03
  6.8618348E-05  3.5459055E-03
  6.9259840E-05  3.5790343E-03
  6.9907233E-05  3.6124675E-03
  7.0560582E-05  3.6462079E-03
  7.1219941E-05  3.6802583E-03
  7.1885367E-05  3.7146215E-03
  7.2556914E-05  3.7493005E-03
  7.3234639E-05  3.7842981E-03
  7.3918599E-05  3.8196172E-03
  7.4608851E-05  3.8552608E-03
  7.5305454E-05  3.8912318E-03
  7.6008465E-05  3.9275333E-03
  7.6717943E-05  3.9641684E-03
  7.7433949E-05  4.0011399E-03
  7.8156541E-05  4.0384511E-03
  7.8885782E-05  4.0761051E-03
  7.9621730E-05  4.1141050E-03
  8.0364450E-05  4.1524540E-03
  8.1114002E-05  4.1911552E-03
  8.1870450E-05  4.2302120E-03
  8.2633857E-05  4.2696275E-03
  8.3404288E-05  4.3094051E-03
  8.4181806E-05  4.3495480E-03
  8.4966477E-05  4.3900597E-03
  8.5758366E-05  4.4309436E-03
  8.6557541E-05  4.4722029E-03
  8.7364068E-05  4.5138412E-03
  8.8178015E-05  4.5558620E-03
  8.8999450E-05  4.5982687E-03
  8.9828442E-05  4.6410649E-03
  9.0665060E-05  4.6842542E-03
  9.1509375E-05  4.7278402E-03
  9.2361458E-05  4.7718264E-03
  9.3221379E-05  4.8162167E-03
  9.4089212E-05  4.8610146E-03
  9.4965028E-05  4.9062239E-03
  9.5848902E-05  4.9518485E-03
  9.6740907E-05  4.9978920E-03
  9.7641118E-05  5.0443583E-03
  9.8549611E-05  5.0912514E-03
  9.9466461E-05  5.1385751E-03
  1.0039175E-04  5.1863334E-03
  1.0132554E-04  5.2345302E-03
  1.0226793E-04  5.2831696E-03
  1.0321899E-04  5.3322557E-03
  1.0417880E-04  5.3817924E-03
  1.0514744E-04  5.4317840E-03
  1.0612499E-04  5.4822347E-03
  1.0711153E-04  5.5331486E-03
  1.0810715E-04  5.5845299E-03
  1.0911192E-04  5.6363830E-03
  1.1012594E-04  5.6887122E-03
  1.1114929E-04  5.7415218E-03
  1.1218206E-04  5.7948163E-03
  1.1322432E-04  5.8486001E-03
  1.1427618E-04  5.9028777E-03
  1.1533771E-04  5.9576535E-03
  1.1640900E-04  6.0129322E-03
  1.1749016E-04  6.0687184E-03
  1.1858126E-04  6.1250167E-03
  1.1968239E-04  6.1818318E-03
  1.2079366E-04  6.2391684E-03
  1.2191515E-04  6.2970313E-03
  1.2304695E-04  6.3554254E-03
  1.2418917E-04  6.4143555E-03
  1.2534190E-04  6.4738265E-03
  1.2650523E-04  6.5338434E-03
  1.2767927E-04  6.5944111E-03
  1.2886410E-04  6.6555348E-03
  1.3005984E-04  6.7172194E-03
  1.3126658E-04  6.7794702E-03
  1.3248441E-04  6.8422923E-03
  1.3371345E-04  6.9056909E-03
  1.3495380E-04  6.9696714E-03
  1.3620556E-04  7.0342390E-03
  1.3746884E-04  7.0993992E-03
  1.3874373E-04  7.1651573E-03
  1.4003036E-04  7.2315188E-03
  1.4132882E-04  7.2984893E-03
  1.4263923E-04  7.3660743E-03
  1.4396169E-04  7.4342794E-03
  1.4529632E-04  7.5031104E-03
  1.4664323E-04  7.5725729E-03
  1.4800253E-04  7.6426727E-03
  1.4937433E-04  7.7134157E-03
  1.5075875E-04  7.7848078E-03
  1.5215591E-04  7.8568548E-03
  1.5356593E-04  7.9295628E-03
  1.5498891E-04  8.0029378E-03
  1.5642499E-04  8.0769859E-03
  1.5787428E-04  8.1517134E-03
  1.5933690E-04  8.2271263E-03
  1.6081297E-04  8.3032310E-03
  1.6230263E-04  8.3800337E-03
  1.6380599E-04  8.4575410E-03
  1.6532318E-04  8.5357591E-03
  1.6685433E-04  8.6146947E-03
  1.6839957E-04  8.6943543E-03
  1.6995902E-04  8.7747444E-03
  1.7153281E-04  8.8558719E-03
  1.7312109E-04  8.9377433E-03
  1.7472398E-04  9.0203656E-03
  1.7634161E-04  9.1037456E-03
  1.7797413E-04  9.1878901E-03
  1.7962166E-04  9.2728063E-03
  1.8128435E-04  9.3585011E-03
  1.8296234E-04  9.4449817E-03
  1.8465576E-04  9.5322552E-03
  1.8636477E-04  9.6203289E-03
  1.8808949E-04  9.7092101E-03
  1.8983008E-04  9.7989062E-03
  1.9158669E-04  9.8894247E-03
  1.9335946E-04  9.9807729E-03
  1.9514853E-04  1.0072959E-02
  1.9695406E-04  1.0165989E-02
  1.9877621E-04  1.0259873E-02
  2.0061512E-04  1.0354617E-02
  2.0247094E-04  1.0450230E-02
  2.0434384E-04  1.0546719E-02
  2.0623397E-04  1.0644092E-02
  2.0814148E-04  1.0742358E-02
  2.1006655E-04  1.0841524E-02
  2.1200932E-04  1.0941599E-02
  2.1396997E-04  1.1042591E-02
  2.1594866E-04  1.1144509E-02
  2.1794555E-04  1.1247361E-02
  2.1996081E-04  1.1351155E-02
  2.2199461E-04  1.1455900E-02
  2.2404712E-04  1.1561605E-02
  2.2611851E-04  1.1668279E-02
  2.2820896E-04  1.1775929E-02
  2.3031864E-04  1.1884566E-02
  2.3244773E-04  1.1994199E-02
  2.3459640E-04  1.2104835E-02
  2.3676485E-04  1.2216485E-02
  2.3895324E-04  1.2329158E-02
  2.4116176E-04  1.2442863E-02
  2.4339060E-04  1.2557609E-02
  2.4563995E-04  1.2673406E-02
  2.4790999E-04  1.2790264E-02
  2.5020092E-04  1.2908192E-02
  2.5251292E-04  1.3027200E-02
  2.5484619E-04  1.3147298E-02
  2.5720092E-04  1.3268496E-02
  2.5957732E-04  1.3390803E-02
  2.6197558E-04  1.3514230E-02
  2.6439591E-04  1.3638787E-02
  2.6683850E-04  1.3764485E-02
  2.6930356E-04  1.3891334E-02
  2.7179130E-04  1.4019343E-02
  2.7430192E-04  1.4148525E-02
  2.7683564E-04  1.4278889E-02
  2.7939268E-04  1.4410446E-02
  2.8197323E-04  1.4543208E-02
  2.8457753E-04  1.4677184E-02
  2.8720578E-04  1.4812387E-02
  2.8985822E-04  1.4948827E-02
  2.9253506E-04  1.5086516E-02
  2.9523652E-04  1.5225464E-02
  2.9796283E-04  1.5365685E-02
  3.0071423E-04  1.5507188E-02
  3.0349094E-04  1.5649985E-02
  3.0629319E-04  1.5794090E-02
  3.0912123E-04  1.5939512E-02
  3.1197528E-04  1.6086265E-02
  3.1485558E-04  1.6234360E-02
  3.1776239E-04  1.6383810E-02
  3.2069593E-04  1.6534627E-02
  3.2365647E-04  1.6686824E-02
  3.2664424E-04  1.6840412E-02
  3.2965950E-04  1.6995405E-02
  3.3270249E-04  1.7151815E-02
  3.3577349E-04  1.7309655E-02
  3.3887273E-04  1.7468939E-02
  3.4200049E-04  1.7629679E-02
  3.4515702E-04  1.7791888E-02
  3.4834259E-04  1.7955581E-02
  3.5155746E-04  1.8120770E-02
  3.5480191E-04  1.8287469E-02
  3.5807621E-04  1.8455691E-02
  3.6138064E-04  1.8625451E-02
  3.6471546E-04  1.8796763E-02
  3.6808096E-04  1.8969640E-02
  3.7147743E-04  1.9144097E-02
  3.7490514E-04  1.9320148E-02
  3.7836438E-04  1.9497808E-02
  3.8185545E-04  1.9677091E-02
  3.8537863E-04  1.9858011E-02
  3.8893423E-04  2.0040585E-02
  3.9252254E-04  2.0224826E-02
  3.9614386E-04  2.0410750E-02
  3.9979849E-04  2.0598373E-02
  4.0348675E-04  2.0787709E-02
  4.0720893E-04  2.0978774E-02
  4.1096536E-04  2.1171583E-02
  4.1475635E-04  2.1366153E-02
  4.1858222E-04  2.1562500E-02
  4.2244328E-04  2.1760640E-02
  4.2633986E-04  2.1960588E-02
  4.3027229E-04  2.2162361E-02
  4.3424090E-04  2.2365976E-02
  4.3824601E-04  2.2571450E-02
  4.4228797E-04  2.2778799E-02
  4.4636712E-04  2.2988040E-02
  4.5048380E-04  2.3199190E-02
  4.5463834E-04  2.3412267E-02
  4.5883111E-04  2.3627289E-02
  4.6306245E-04  2.3844271E-02
  4.6733272E-04  2.4063233E-02
  4.7164227E-04  2.4284193E-02
  4.7599147E-04  2.4507168E-02
  4.8038068E-04  2.4732176E-02
  4.8481027E-04  2.4959237E-02
  4.8928061E-04  2.5188367E-02
  4.9379207E-04  2.5419588E-02
  4.9834504E-04  2.5652916E-02
  5.0293990E-04  2.5888371E-02
  5.0757703E-04  2.6125973E-02
  5.1225682E-04  2.6365740E-02
  5.1697966E-04  2.6607693E-02
  5.2174595E-04  2.6851850E-02
  5.2655609E-04  2.7098233E-02
  5.3141048E-04  2.7346860E-02
  5.3630953E-04  2.7597753E-02
  5.4125364E-04  2.7850931E-02
  5.4624325E-04  2.8106416E-02
  5.5127876E-04  2.8364228E-02
  5.5636059E-04  2.8624388E-02
  5.6148917E-04  2.8886917E-02
  5.6666494E-04  2.9151836E-02
  5.7188832E-04  2.9419168E-02
  5.7715975E-04  2.9688933E-02
  5.8247968E-04  2.9961155E-02
  5.8784855E-04  3.0235854E-02
  5.9326682E-04  3.0513053E-02
  5.9873493E-04  3.0792775E-02
  6.0425334E-04  3.1075042E-02
  6.0982253E-04  3.1359878E-02
  6.1544294E-04  3.1647305E-02
  6.2111507E-04  3.1937347E-02
  6.2683937E-04  3.2230027E-02
  6.3261634E-04  3.2525369E-02
  6.3844646E-04  3.2823396E-02
  6.4433021E-04  3.3124134E-02
  6.5026809E-04  3.3427606E-02
  6.5626059E-04  3.3733837E-02
  6.6230823E-04  3.4042852E-02
  6.6841150E-04  3.4354675E-02
  6.7457092E-04  3.4669332E-02
  6.8078701E-04  3.4986848E-02
  6.8706028E-04  3.5307250E-02
  6.9339126E-04  3.5630562E-02
  6.9978049E-04  3.5956811E-02
  7.0622850E-04  3.6286023E-02
  7.1273582E-04  3.6618225E-02
  7.1930301E-04  3.6953444E-02
  7.2593062E-04  3.7291706E-02
  7.3261920E-04  3.7633040E-02
  7.3936932E-04  3.7977471E-02
  7.4618153E-04  3.8325029E-02
  7.5305641E-04  3.8675741E-02
  7.5999454E-04  3.9029635E-02
  7.6699650E-04  3.9386740E-02
  7.7406287E-04  3.9747084E-02
  7.8119426E-04  4.0110697E-02
  7.8839125E-04  4.0477608E-02
  7.9565445E-04  4.0847846E-02
  8.0298447E-04  4.1221440E-02
  8.1038192E-04  4.1598421E-02
  8.1784743E-04  4.1978820E-02
  8.2538162E-04  4.2362666E-02
  8.3298512E-04  4.2749990E-02
  8.4065857E-04  4.3140824E-02
  8.4840262E-04  4.3535198E-02
  8.5621791E-04  4.3933145E-02
  8.6410509E-04  4.4334695E-02
  8.7206484E-04  4.4739882E-02
  8.8009781E-04  4.5148737E-02
  8.8820469E-04  4.5561294E-02
  8.9638615E-04  4.5977584E-02
  9.0464287E-04  4.6397642E-02
  9.1297555E-04  4.6821501E-02
  9.2138489E-04  4.7249195E-02
  9.2987160E-04  4.7680757E-02
  9.3843638E-04  4.8116222E-02
  9.4707995E-04  4.8555626E-02
  9.5580304E-04  4.8999002E-02
  9.6460638E-04  4.9446386E-02
  9.7349072E-04  4.9897814E-02
  9.8245678E-04  5.0353321E-02
  9.9150533E-04  5.0812944E-02
  1.0006371E-03  5.1276720E-02
  1.0098529E-03  5.1744684E-02
  1.0191535E-03  5.2216875E-02
  1.0285397E-03  5.2693329E-02
  1.0380122E-03  5.3174084E-02
  1.0475718E-03  5.3659178E-02
  1.0572194E-03  5.4148651E-02
  1.0669557E-03  5.4642540E-02
  1.0767816E-03  5.5140884E-02
  1.0866980E-03  5.5643723E-02
  1.0967055E-03  5.6151097E-02
  1.1068051E-03  5.6663045E-02
  1.1169976E-03  5.7179609E-02
  1.1272839E-03  5.7700828E-02
  1.1376648E-03  5.8226744E-02
  1.1481412E-03  5.8757398E-02
  1.1587140E-03  5.9292832E-02
  1.1693841E-03  5.9833088E-02
  1.1801523E-03  6.0378209E-02
  1.1910196E-03  6.0928237E-02
  1.2019869E-03  6.1483215E-02
  1.2130551E-03  6.2043187E-02
  1.2242251E-03  6.2608198E-02
  1.2354978E-03  6.3178290E-02
  1.2468743E-03  6.3753510E-02
  1.2583554E-03  6.4333901E-02
  1.2699421E-03  6.4919509E-02
  1.2816354E-03  6.5510381E-02
  1.2934364E-03  6.6106561E-02
  1.3053458E-03  6.6708097E-02
  1.3173649E-03  6.7315036E-02
  1.3294945E-03  6.7927424E-02
  1.3417357E-03  6.8545310E-02
  1.3540895E-03  6.9168742E-02
  1.3665570E-03  6.9797768E-02
  1.3791391E-03  7.0432436E-02
  1.3918370E-03  7.1072797E-02
  1.4046518E-03  7.1718900E-02
  1.4175844E-03  7.2370794E-02
  1.4306360E-03  7.3028532E-02
  1.4438077E-03  7.3692162E-02
  1.4571005E-03  7.4361738E-02
  1.4705157E-03  7.5037310E-02
  1.4840542E-03  7.5718930E-02
  1.4977173E-03  7.6406652E-02
  1.5115061E-03  7.7100528E-02
  1.5254218E-03  7.7800612E-02
  1.5394654E-03  7.8506958E-02
  1.5536383E-03  7.9219620E-02
  1.5679416E-03  7.9938652E-02
  1.5823764E-03  8.0664111E-02
  1.5969441E-03  8.1396051E-02
  1.6116457E-03  8.2134529E-02
  1.6264826E-03  8.2879601E-02
  1.6414560E-03  8.3631325E-02
  1.6565672E-03  8.4389758E-02
  1.6718174E-03  8.5154957E-02
  1.6872078E-03  8.5926982E-02
  1.7027399E-03  8.6705890E-02
  1.7184149E-03  8.7491742E-02
  1.7342340E-03  8.8284598E-02
  1.7501987E-03  8.9084517E-02
  1.7663103E-03  8.9891560E-02
  1.7825700E-03  9.0705789E-02
  1.7989794E-03  9.1527265E-02
  1.8155397E-03  9.2356050E-02
  1.8322524E-03  9.3192208E-02
  1.8491188E-03  9.4035801E-02
  1.8661404E-03  9.4886894E-02
  1.8833186E-03  9.5745550E-02
  1.9006549E-03  9.6611834E-02
  1.9181506E-03  9.7485812E-02
  1.9358072E-03  9.8367548E-02
  1.9536264E-03  9.9257110E-02
  1.9716094E-03  1.0015456E-01
  1.9897579E-03  1.0105998E-01
  2.0080733E-03  1.0197342E-01
  2.0265572E-03  1.0289495E-01
  2.0452112E-03  1.0382466E-01
  2.0640368E-03  1.0476259E-01
  2.0830356E-03  1.0570883E-01
  2.1022092E-03  1.0666344E-01
  2.1215591E-03  1.0762650E-01
  2.1410871E-03  1.0859807E-01
  2.1607947E-03  1.0957824E-01
  2.1806836E-03  1.1056706E-01
  2.2007555E-03  1.1156462E-01
  2.2210121E-03  1.1257099E-01
  2.2414550E-03  1.1358624E-01
  2.2620860E-03  1.1461045E-01
  2.2829068E-03  1.1564369E-01
  2.3039191E-03  1.1668605E-01
  2.3251247E-03  1.1773758E-01
  2.3465254E-03  1.1879839E-01
  2.3681230E-03  1.1986853E-01
  2.3899193E-03  1.2094809E-01
  2.4119161E-03  1.2203715E-01
  2.4341153E-03  1.2313578E-01
  2.4565187E-03  1.2424408E-01
  2.4791282E-03  1.2536211E-01
  2.5019457E-03  1.2648996E-01
  2.5249731E-03  1.2762771E-01
  2.5482124E-03  1.2877545E-01
  2.5716655E-03  1.2993325E-01
  2.5953343E-03  1.3110121E-01
  2.6192209E-03  1.3227940E-01
  2.6433272E-03  1.3346791E-01
  2.6676553E-03  1.3466682E-01
  2.6922072E-03  1.3587623E-01
  2.7169850E-03  1.3709621E-01
  2.7419907E-03  1.3832686E-01
  2.7672264E-03  1.3956827E-01
  2.7926944E-03  1.4082051E-01
  2.8183966E-03  1.4208369E-01
  2.8443353E-03  1.4335789E-01
  2.8705126E-03  1.4464320E-01
  2.8969307E-03  1.4593972E-01
  2.9235919E-03  1.4724753E-01
  2.9504983E-03  1.4856673E-01
  2.9776523E-03  1.4989740E-01
  3.0050561E-03  1.5123966E-01
  3.0327120E-03  1.5259358E-01
  3.0606223E-03  1.5395926E-01
  3.0887894E-03  1.5533681E-01
  3.1172156E-03  1.5672631E-01
  3.1459034E-03  1.5812786E-01
  3.1748550E-03  1.5954156E-01
  3.2040730E-03  1.6096752E-01
  3.2335598E-03  1.6240582E-01
  3.2633179E-03  1.6385657E-01
  3.2933497E-03  1.6531986E-01
  3.3236578E-03  1.6679581E-01
  3.3542448E-03  1.6828450E-01
  3.3851131E-03  1.6978605E-01
  3.4162654E-03  1.7130056E-01
  3.4477043E-03  1.7282812E-01
  3.4794325E-03  1.7436885E-01
  3.5114525E-03  1.7592285E-01
  3.5437671E-03  1.7749022E-01
  3.5763790E-03  1.7907108E-01
  3.6092909E-03  1.8066552E-01
  3.6425056E-03  1.8227366E-01
  3.6760258E-03  1.8389561E-01
  3.7098545E-03  1.8553147E-01
  3.7439943E-03  1.8718135E-01
  3.7784482E-03  1.8884537E-01
  3.8132191E-03  1.9052363E-01
  3.8483099E-03  1.9221625E-01
  3.8837235E-03  1.9392334E-01
  3.9194629E-03  1.9564502E-01
  3.9555310E-03  1.9738139E-01
  3.9919310E-03  1.9913257E-01
  4.0286659E-03  2.0089869E-01
  4.0657387E-03  2.0267984E-01
  4.1031526E-03  2.0447616E-01
  4.1409107E-03  2.0628776E-01
  4.1790161E-03  2.0811475E-01
  4.2174721E-03  2.0995725E-01
  4.2562819E-03  2.1181540E-01
  4.2954487E-03  2.1368929E-01
  4.3349759E-03  2.1557906E-01
  4.3748667E-03  2.1748483E-01
  4.4151244E-03  2.1940672E-01
  4.4557526E-03  2.2134486E-01
  4.4967545E-03  2.2329936E-01
  4.5381336E-03  2.2527035E-01
  4.5798933E-03  2.2725795E-01
  4.6220373E-03  2.2926230E-01
  4.6645690E-03  2.3128351E-01
  4.7074919E-03  2.3332172E-01
  4.7508097E-03  2.3537706E-01
  4.7945261E-03  2.3744964E-01
  4.8386446E-03  2.3953961E-01
  4.8831690E-03  2.4164708E-01
  4.9281030E-03  2.4377220E-01
  4.9734504E-03  2.4591508E-01
  5.0192150E-03  2.4807588E-01
  5.0654006E-03  2.5025470E-01
  5.1120110E-03  2.5245170E-01
  5.1590503E-03  2.5466700E-01
  5.2065224E-03  2.5690073E-01
  5.2544311E-03  2.5915304E-01
  5.3027807E-03  2.6142406E-01
  5.3515750E-03  2.6371392E-01
  5.4008182E-03  2.6602276E-01
  5.4505144E-03  2.6835071E-01
  5.5006679E-03  2.7069793E-01
  5.5512827E-03  2.7306454E-01
  5.6023631E-03  2.7545069E-01
  5.6539135E-03  2.7785651E-01
  5.7059382E-03  2.8028215E-01
  5.7584414E-03  2.8272774E-01
  5.8114277E-03  2.8519343E-01
  5.8649014E-03  2.8767936E-01
  5.9188671E-03  2.9018568E-01
  5.9733292E-03  2.9271252E-01
  6.0282924E-03  2.9526003E-01
  6.0837612E-03  2.9782836E-01
  6.1397404E-03  3.0041765E-01
  6.1962345E-03  3.0302805E-01
  6.2532483E-03  3.0565970E-01
  6.3107867E-03  3.0831275E-01
  6.3688544E-03  3.1098734E-01
  6.4274563E-03  3.1368364E-01
  6.4865973E-03  3.1640177E-01
  6.5462824E-03  3.1914189E-01
  6.6065166E-03  3.2190416E-01
  6.6673049E-03  3.2468871E-01
  6.7286524E-03  3.2749571E-01
  6.7905644E-03  3.3032529E-01
  6.8530459E-03  3.3317762E-01
  6.9161022E-03  3.3605284E-01
  6.9797386E-03  3.3895110E-01
  7.0439605E-03  3.4187256E-01
  7.1087732E-03  3.4481737E-01
  7.1741821E-03  3.4778568E-01
  7.2401928E-03  3.5077765E-01
  7.3068108E-03  3.5379343E-01
  7.3740416E-03  3.5683317E-01
  7.4418910E-03  3.5989703E-01
  7.5103645E-03  3.6298515E-01
  7.5794680E-03  3.6609771E-01
  7.6492072E-03  3.6923484E-01
  7.7195880E-03  3.7239672E-01
  7.7906162E-03  3.7558348E-01
  7.8622979E-03  3.7879529E-01
  7.9346391E-03  3.8203231E-01
  8.0076458E-03  3.8529468E-01
  8.0813241E-03  3.8858257E-01
  8.1556802E-03  3.9189613E-01
  8.2307204E-03  3.9523553E-01
  8.3064510E-03  3.9860090E-01
  8.3828782E-03  4.0199242E-01
  8.4600086E-03  4.0541024E-01
  8.5378485E-03  4.0885451E-01
  8.6164045E-03  4.1232540E-01
  8.6956833E-03  4.1582305E-01
  8.7756913E-03  4.1934763E-01
  8.8564354E-03  4.2289929E-01
  8.9379224E-03  4.2647819E-01
  9.0201590E-03  4.3008449E-01
  9.1031522E-03  4.3371834E-01
  9.1869088E-03  4.3737989E-01
  9.2714360E-03  4.4106931E-01
  9.3567409E-03  4.4478675E-01
  9.4428305E-03  4.4853236E-01
  9.5297121E-03  4.5230631E-01
  9.6173930E-03  4.5610873E-01
  9.7058805E-03  4.5993980E-01
  9.7951821E-03  4.6379967E-01
  9.8853053E-03  4.6768848E-01
  9.9762576E-03  4.7160639E-01
  1.0068047E-02  4.7555356E-01
  1.0160680E-02  4.7953014E-01
  1.0254166E-02  4.8353627E-01
  1.0348511E-02  4.8757212E-01
  1.0443725E-02  4.9163783E-01
  1.0539814E-02  4.9573355E-01
  1.0636788E-02  4.9985943E-01
  1.0734654E-02  5.0401563E-01
  1.0833420E-02  5.0820228E-01
  1.0933094E-02  5.1241954E-01
  1.1033686E-02  5.1666755E-01
  1.1135203E-02  5.2094647E-01
  1.1237654E-02  5.2525643E-01
  1.1341048E-02  5.2959757E-01
  1.1445392E-02  5.3397005E-01
  1.1550697E-02  5.3837400E-01
  1.1656970E-02  5.4280957E-01
  1.1764221E-02  5.4727689E-01
  1.1872459E-02  5.5177610E-01
  1.1981693E-02  5.5630735E-01
  1.2091931E-02  5.6087076E-01
  1.2203184E-02  5.6546648E-01
  1.2315460E-02  5.7009463E-01
  1.2428769E-02  5.7475535E-01
  1.2543120E-02  5.7944877E-01
  1.2658524E-02  5.8417502E-01
  1.2774989E-02  5.8893422E-01
  1.2892525E-02  5.9372651E-01
  1.3011143E-02  5.9855201E-01
  1.3130852E-02  6.0341084E-01
  1.3251662E-02  6.0830312E-01
  1.3373584E-02  6.1322897E-01
  1.3496628E-02  6.1818851E-01
  1.3620803E-02  6.2318186E-01
  1.3746121E-02  6.2820912E-01
  1.3872592E-02  6.3327042E-01
  1.4000226E-02  6.3836585E-01
  1.4129034E-02  6.4349553E-01
  1.4259028E-02  6.4865957E-01
  1.4390217E-02  6.5385806E-01
  1.4522613E-02  6.5909110E-01
  1.4656227E-02  6.6435880E-01
  1.4791071E-02  6.6966124E-01
  1.4927155E-02  6.7499853E-01
  1.5064490E-02  6.8037075E-01
  1.5203090E-02  6.8577799E-01
  1.5342964E-02  6.9122033E-01
  1.5484125E-02  6.9669786E-01
  1.5626585E-02  7.0221066E-01
  1.5770356E-02  7.0775880E-01
  1.5915449E-02  7.1334235E-01
  1.6061877E-02  7.1896138E-01
  1.6209652E-02  7.2461597E-01
  1.6358786E-02  7.3030617E-01
  1.6509292E-02  7.3603204E-01
  1.6661184E-02  7.4179365E-01
  1.6814472E-02  7.4759103E-01
  1.6969171E-02  7.5342425E-01
  1.7125292E-02  7.5929335E-01
  1.7282851E-02  7.6519836E-01
  1.7441858E-02  7.7113933E-01
  1.7602329E-02  7.7711629E-01
  1.7764275E-02  7.8312927E-01
  1.7927712E-02  7.8917829E-01
  1.8092652E-02  7.9526338E-01
  1.8259110E-02  8.0138455E-01
  1.8427099E-02  8.0754182E-01
  1.8596633E-02  8.1373519E-01
  1.8767727E-02  8.1996467E-01
  1.8940395E-02  8.2623024E-01
  1.9114652E-02  8.3253192E-01
  1.9290511E-02  8.3886968E-01
  1.9467989E-02  8.4524351E-01
  1.9647099E-02  8.5165339E-01
  1.9827857E-02  8.5809928E-01
  2.0010278E-02  8.6458117E-01
  2.0194377E-02  8.7109900E-01
  2.0380170E-02  8.7765274E-01
  2.0567672E-02  8.8424234E-01
  2.0756899E-02  8.9086774E-01
  2.0947867E-02  8.9752888E-01
  2.1140592E-02  9.0422569E-01
  2.1335089E-02  9.1095811E-01
  2.1531376E-02  9.1772604E-01
  2.1729469E-02  9.2452941E-01
  2.1929385E-02  9.3136812E-01
  2.2131139E-02  9.3824208E-01
  2.2334750E-02  9.4515117E-01
  2.2540233E-02  9.5209529E-01
  2.2747607E-02  9.5907432E-01
  2.2956889E-02  9.6608812E-01
  2.3168096E-02  9.7313657E-01
  2.3381246E-02  9.8021953E-01
  2.3596358E-02  9.8733684E-01
  2.3813448E-02  9.9448835E-01
  2.4032535E-02  1.0016739E+00
  2.4253638E-02  1.0088933E+00
  2.4476775E-02  1.0161464E+00
  2.4701964E-02  1.0234330E+00
  2.4929226E-02  1.0307528E+00
  2.5158578E-02  1.0381058E+00
  2.5390040E-02  1.0454917E+00
  2.5623631E-02  1.0529102E+00
  2.5859372E-02  1.0603611E+00
  2.6097281E-02  1.0678442E+00
  2.6337379E-02  1.0753593E+00
  2.6579686E-02  1.0829060E+00
  2.6824222E-02  1.0904842E+00
  2.7071007E-02  1.0980935E+00
  2.7320063E-02  1.1057336E+00
  2.7571410E-02  1.1134043E+00
  2.7825070E-02  1.1211052E+00
  2.8081063E-02  1.1288361E+00
  2.8339411E-02  1.1365965E+00
  2.8600136E-02  1.1443862E+00
  2.8863259E-02  1.1522049E+00
  2.9128803E-02  1.1600521E+00
  2.9396790E-02  1.1679275E+00
  2.9667243E-02  1.1758307E+00
  2.9940183E-02  1.1837613E+00
  3.0215635E-02  1.1917189E+00
  3.0493620E-02  1.1997031E+00
  3.0774163E-02  1.2077135E+00
  3.1057287E-02  1.2157497E+00
  3.1343016E-02  1.2238111E+00
  3.1631373E-02  1.2318974E+00
  3.1922383E-02  1.2400080E+00
  3.2216070E-02  1.2481425E+00
  3.2512459E-02  1.2563004E+00
  3.2811575E-02  1.2644811E+00
  3.3113442E-02  1.2726842E+00
  3.3418087E-02  1.2809091E+00
  3.3725534E-02  1.2891552E+00
  3.4035810E-02  1.2974220E+00
  3.4348940E-02  1.3057090E+00
  3.4664951E-02  1.3140155E+00
  3.4983869E-02  1.3223409E+00
  3.5305721E-02  1.3306846E+00
  3.5630534E-02  1.3390460E+00
  3.5958335E-02  1.3474244E+00
  3.6289152E-02  1.3558193E+00
  3.6623012E-02  1.3642298E+00
  3.6959944E-02  1.3726554E+00
  3.7299975E-02  1.3810953E+00
  3.7643135E-02  1.3895488E+00
  3.7989451E-02  1.3980151E+00
  3.8338954E-02  1.4064936E+00
  3.8691672E-02  1.4149835E+00
  3.9047635E-02  1.4234840E+00
  3.9406872E-02  1.4319943E+00
  3.9769414E-02  1.4405135E+00
  4.0135292E-02  1.4490410E+00
  4.0504536E-02  1.4575758E+00
  4.0877176E-02  1.4661171E+00
  4.1253245E-02  1.4746640E+00
  4.1632774E-02  1.4832156E+00
  4.2015794E-02  1.4917711E+00
  4.2402338E-02  1.5003295E+00
  4.2792437E-02  1.5088898E+00
  4.3186126E-02  1.5174512E+00
  4.3583436E-02  1.5260127E+00
  4.3984402E-02  1.5345732E+00
  4.4389057E-02  1.5431319E+00
  4.4797434E-02  1.5516876E+00
  4.5209568E-02  1.5602393E+00
  4.5625493E-02  1.5687860E+00
  4.6045245E-02  1.5773267E+00
  4.6468859E-02  1.5858601E+00
  4.6896370E-02  1.5943854E+00
  4.7327813E-02  1.6029012E+00
  4.7763226E-02  1.6114065E+00
  4.8202645E-02  1.6199001E+00
  4.8646106E-02  1.6283809E+00
  4.9093646E-02  1.6368477E+00
  4.9545304E-02  1.6452992E+00
  5.0001118E-02  1.6537343E+00
  5.0461124E-02  1.6621517E+00
  5.0925362E-02  1.6705502E+00
  5.1393872E-02  1.6789284E+00
  5.1866691E-02  1.6872852E+00
  5.2343860E-02  1.6956191E+00
  5.2825419E-02  1.7039288E+00
  5.3311409E-02  1.7122131E+00
  5.3801869E-02  1.7204706E+00
  5.4296841E-02  1.7286998E+00
  5.4796367E-02  1.7368994E+00
  5.5300489E-02  1.7450679E+00
  5.5809248E-02  1.7532041E+00
  5.6322688E-02  1.7613063E+00
  5.6840851E-02  1.7693731E+00
  5.7363781E-02  1.7774031E+00
  5.7891522E-02  1.7853948E+00
  5.8424118E-02  1.7933466E+00
  5.8961614E-02  1.8012571E+00
  5.9504054E-02  1.8091246E+00
  6.0051485E-02  1.8169476E+00
  6.0603952E-02  1.8247246E+00
  6.1161502E-02  1.8324539E+00
  6.1724180E-02  1.8401340E+00
  6.2292036E-02  1.8477632E+00
  6.2865115E-02  1.8553398E+00
  6.3443467E-02  1.8628623E+00
  6.4027139E-02  1.8703289E+00
  6.4616181E-02  1.8777379E+00
  6.5210642E-02  1.8850877E+00
  6.5810572E-02  1.8923766E+00
  6.6416021E-02  1.8996028E+00
  6.7027040E-02  1.9067646E+00
  6.7643680E-02  1.9138602E+00
  6.8265994E-02  1.9208878E+00
  6.8894032E-02  1.9278457E+00
  6.9527848E-02  1.9347321E+00
  7.0167495E-02  1.9415452E+00
  7.0813026E-02  1.9482831E+00
  7.1464496E-02  1.9549441E+00
  7.2121960E-02  1.9615262E+00
  7.2785472E-02  1.9680277E+00
  7.3455088E-02  1.9744467E+00
  7.4130865E-02  1.9807812E+00
  7.4812858E-02  1.9870295E+00
  7.5501126E-02  1.9931896E+00
  7.6195725E-02  1.9992596E+00
  7.6896715E-02  2.0052377E+00
  7.7604153E-02  2.0111218E+00
  7.8318100E-02  2.0169102E+00
  7.9038615E-02  2.0226008E+00
  7.9765758E-02  2.0281917E+00
  8.0499591E-02  2.0336810E+00
  8.1240175E-02  2.0390667E+00
  8.1987572E-02  2.0443469E+00
  8.2741845E-02  2.0495197E+00
  8.3503057E-02  2.0545830E+00
  8.4271272E-02  2.0595349E+00
  8.5046554E-02  2.0643735E+00
  8.5828969E-02  2.0690968E+00
  8.6618581E-02  2.0737028E+00
  8.7415458E-02  2.0781895E+00
  8.8219666E-02  2.0825551E+00
  8.9031272E-02  2.0867975E+00
  8.9850345E-02  2.0909147E+00
  9.0676954E-02  2.0949049E+00
  9.1511166E-02  2.0987660E+00
  9.2353054E-02  2.1024962E+00
  9.3202686E-02  2.1060934E+00
  9.4060135E-02  2.1095558E+00
  9.4925472E-02  2.1128813E+00
  9.5798770E-02  2.1160682E+00
  9.6680102E-02  2.1191144E+00
  9.7569542E-02  2.1220180E+00
  9.8467165E-02  2.1247773E+00
  9.9373045E-02  2.1273902E+00
  1.0028726E-01  2.1298549E+00
  1.0120988E-01  2.1321696E+00
  1.0214100E-01  2.1343324E+00
  1.0308068E-01  2.1363415E+00
  1.0402900E-01  2.1381950E+00
  1.0498605E-01  2.1398913E+00
  1.0595190E-01  2.1414284E+00
  1.0692664E-01  2.1428047E+00
  1.0791034E-01  2.1440183E+00
  1.0890310E-01  2.1450677E+00
  1.0990499E-01  2.1459510E+00
  1.1091609E-01  2.1466667E+00
  1.1193650E-01  2.1472130E+00
  1.1296629E-01  2.1475884E+00
  1.1400556E-01  2.1477912E+00
  1.1505439E-01  2.1478199E+00
  1.1611287E-01  2.1476730E+00
  1.1718109E-01  2.1473489E+00
  1.1825913E-01  2.1468461E+00
  1.1934709E-01  2.1461633E+00
  1.2044506E-01  2.1452990E+00
  1.2155313E-01  2.1442518E+00
  1.2267140E-01  2.1430203E+00
  1.2379995E-01  2.1416034E+00
  1.2493888E-01  2.1399996E+00
  1.2608830E-01  2.1382079E+00
  1.2724828E-01  2.1362269E+00
  1.2841894E-01  2.1340556E+00
  1.2960037E-01  2.1316928E+00
  1.3079267E-01  2.1291374E+00
  1.3199594E-01  2.1263886E+00
  1.3321027E-01  2.1234453E+00
  1.3443578E-01  2.1203065E+00
  1.3567256E-01  2.1169714E+00
  1.3692072E-01  2.1134393E+00
  1.3818036E-01  2.1097092E+00
  1.3945159E-01  2.1057805E+00
  1.4073452E-01  2.1016526E+00
  1.4202925E-01  2.0973248E+00
  1.4333589E-01  2.0927965E+00
  1.4465455E-01  2.0880673E+00
  1.4598534E-01  2.0831368E+00
  1.4732837E-01  2.0780045E+00
  1.4868376E-01  2.0726701E+00
  1.5005162E-01  2.0671334E+00
  1.5143207E-01  2.0613941E+00
  1.5282521E-01  2.0554522E+00
  1.5423117E-01  2.0493076E+00
  1.5565006E-01  2.0429602E+00
  1.5708201E-01  2.0364102E+00
  1.5852713E-01  2.0296576E+00
  1.5998554E-01  2.0227027E+00
  1.6145738E-01  2.0155457E+00
  1.6294275E-01  2.0081870E+00
  1.6444179E-01  2.0006269E+00
  1.6595462E-01  1.9928661E+00
  1.6748136E-01  1.9849049E+00
  1.6902215E-01  1.9767441E+00
  1.7057712E-01  1.9683843E+00
  1.7214639E-01  1.9598264E+00
  1.7373010E-01  1.9510712E+00
  1.7532838E-01  1.9421196E+00
  1.7694136E-01  1.9329726E+00
  1.7856918E-01  1.9236313E+00
  1.8021198E-01  1.9140969E+00
  1.8186989E-01  1.9043707E+00
  1.8354305E-01  1.8944539E+00
  1.8523161E-01  1.8843479E+00
  1.8693570E-01  1.8740543E+00
  1.8865546E-01  1.8635746E+00
  1.9039105E-01  1.8529104E+00
  1.9214261E-01  1.8420636E+00
  1.9391027E-01  1.8310358E+00
  1.9569420E-01  1.8198290E+00
  1.9749455E-01  1.8084451E+00
  1.9931145E-01  1.7968862E+00
  2.0114507E-01  1.7851544E+00
  2.0299556E-01  1.7732520E+00
  2.0486307E-01  1.7611812E+00
  2.0674776E-01  1.7489444E+00
  2.0864980E-01  1.7365441E+00
  2.1056933E-01  1.7239828E+00
  2.1250652E-01  1.7112632E+00
  2.1446153E-01  1.6983878E+00
  2.1643452E-01  1.6853595E+00
  2.1842567E-01  1.6721812E+00
  2.2043513E-01  1.6588558E+00
  2.2246309E-01  1.6453862E+00
  2.2450969E-01  1.6317756E+00
  2.2657513E-01  1.6180271E+00
  2.2865957E-01  1.6041440E+00
  2.3076318E-01  1.5901296E+00
  2.3288615E-01  1.5759872E+00
  2.3502865E-01  1.5617202E+00
  2.3719086E-01  1.5473323E+00
  2.3937295E-01  1.5328270E+00
  2.4157513E-01  1.5182079E+00
  2.4379756E-01  1.5034788E+00
  2.4604044E-01  1.4886435E+00
  2.4830396E-01  1.4737057E+00
  2.5058829E-01  1.4586695E+00
  2.5289364E-01  1.4435387E+00
  2.5522021E-01  1.4283174E+00
  2.5756817E-01  1.4130096E+00
  2.5993774E-01  1.3976196E+00
  2.6232910E-01  1.3821514E+00
  2.6474246E-01  1.3666093E+00
  2.6717803E-01  1.3509976E+00
  2.6963600E-01  1.3353207E+00
  2.7211659E-01  1.3195828E+00
  2.7462000E-01  1.3037883E+00
  2.7714643E-01  1.2879418E+00
  2.7969611E-01  1.2720477E+00
  2.8226925E-01  1.2561105E+00
  2.8486606E-01  1.2401348E+00
  2.8748676E-01  1.2241251E+00
  2.9013156E-01  1.2080859E+00
  2.9280070E-01  1.1920220E+00
  2.9549440E-01  1.1759380E+00
  2.9821287E-01  1.1598384E+00
  3.0095636E-01  1.1437281E+00
  3.0372508E-01  1.1276115E+00
  3.0651928E-01  1.1114935E+00
  3.0933918E-01  1.0953787E+00
  3.1218503E-01  1.0792717E+00
  3.1505705E-01  1.0631773E+00
  3.1795550E-01  1.0471002E+00
  3.2088061E-01  1.0310450E+00
  3.2383263E-01  1.0150163E+00
  3.2681181E-01  9.9901886E-01
  3.2981840E-01  9.8305722E-01
  3.3285264E-01  9.6713602E-01
  3.3591481E-01  9.5125982E-01
  3.3900514E-01  9.3543317E-01
  3.4212390E-01  9.1966060E-01
  3.4527135E-01  9.0394657E-01
  3.4844776E-01  8.8829553E-01
  3.5165340E-01  8.7271190E-01
  3.5488852E-01  8.5720002E-01
  3.5815340E-01  8.4176420E-01
  3.6144833E-01  8.2640870E-01
  3.6477356E-01  8.1113774E-01
  3.6812938E-01  7.9595545E-01
  3.7151608E-01  7.8086592E-01
  3.7493394E-01  7.6587317E-01
  3.7838323E-01  7.5098117E-01
  3.8186426E-01  7.3619380E-01
  3.8537732E-01  7.2151487E-01
  3.8892269E-01  7.0694812E-01
  3.9250068E-01  6.9249721E-01
  3.9611159E-01  6.7816572E-01
  3.9975571E-01  6.6395714E-01
  4.0343336E-01  6.4987489E-01
  4.0714485E-01  6.3592228E-01
  4.1089048E-01  6.2210253E-01
  4.1467056E-01  6.0841880E-01
  4.1848543E-01  5.9487410E-01
  4.2233539E-01  5.8147139E-01
  4.2622076E-01  5.6821350E-01
  4.3014189E-01  5.5510316E-01
  4.3409908E-01  5.4214301E-01
  4.3809268E-01  5.2933557E-01
  4.4212302E-01  5.1668326E-01
  4.4619044E-01  5.0418839E-01
  4.5029528E-01  4.9185315E-01
  4.5443788E-01  4.7967963E-01
  4.5861859E-01  4.6766980E-01
  4.6283776E-01  4.5582552E-01
  4.6709575E-01  4.4414853E-01
  4.7139291E-01  4.3264045E-01
  4.7572960E-01  4.2130278E-01
  4.8010619E-01  4.1013693E-01
  4.8452304E-01  3.9914415E-01
  4.8898053E-01  3.8832560E-01
  4.9347902E-01  3.7768232E-01
  4.9801890E-01  3.6721522E-01
  5.0260055E-01  3.5692510E-01
  5.0722434E-01  3.4681264E-01
  5.1189067E-01  3.3687839E-01
  5.1659994E-01  3.2712281E-01
  5.2135252E-01  3.1754620E-01
  5.2614883E-01  3.0814880E-01
  5.3098926E-01  2.9893069E-01
  5.3587422E-01  2.8989185E-01
  5.4080413E-01  2.8103215E-01
  5.4577938E-01  2.7235135E-01
  5.5080041E-01  2.6384909E-01
  5.5586763E-01  2.5552491E-01
  5.6098147E-01  2.4737824E-01
  5.6614235E-01  2.3940841E-01
  5.7135071E-01  2.3161464E-01
  5.7660699E-01  2.2399606E-01
  5.8191162E-01  2.1655167E-01
  5.8726505E-01  2.0928041E-01
  5.9266774E-01  2.0218112E-01
  5.9812012E-01  1.9525252E-01
  6.0362267E-01  1.8849327E-01
  6.0917584E-01  1.8190192E-01
  6.1478010E-01  1.7547697E-01
  6.2043591E-01  1.6921680E-01
  6.2614376E-01  1.6311974E-01
  6.3190412E-01  1.5718402E-01
  6.3771747E-01  1.5140782E-01
  6.4358430E-01  1.4578924E-01
  6.4950511E-01  1.4032631E-01
  6.5548038E-01  1.3501701E-01
  6.6151063E-01  1.2985923E-01
  6.6759635E-01  1.2485085E-01
  6.7373806E-01  1.1998965E-01
  6.7993627E-01  1.1527340E-01
  6.8619151E-01  1.1069978E-01
  6.9250429E-01  1.0626647E-01
  6.9887514E-01  1.0197108E-01
  7.0530461E-01  9.7811187E-02
  7.1179322E-01  9.3784347E-02
  7.1834153E-01  8.9888075E-02
  7.2495008E-01  8.6119861E-02
  7.3161943E-01  8.2477173E-02
  7.3835013E-01  7.8957456E-02
  7.4514276E-01  7.5558139E-02
  7.5199787E-01  7.2276635E-02
  7.5891605E-01  6.9110349E-02
  7.6589788E-01  6.6056674E-02
  7.7294393E-01  6.3113001E-02
  7.8005481E-01  6.0276717E-02
  7.8723111E-01  5.7545212E-02
  7.9447342E-01  5.4915876E-02
  8.0178237E-01  5.2386109E-02
  8.0915855E-01  4.9953318E-02
  8.1660259E-01  4.7614923E-02
  8.2411512E-01  4.5368358E-02
  8.3169676E-01  4.3211072E-02
  8.3934814E-01  4.1140535E-02
  8.4706992E-01  3.9154239E-02
  8.5486274E-01  3.7249696E-02
  8.6272724E-01  3.5424448E-02
  8.7066410E-01  3.3676061E-02
  8.7867398E-01  3.2002133E-02
  8.8675754E-01  3.0400292E-02
  8.9491548E-01  2.8868199E-02
  9.0314846E-01  2.7403551E-02
  9.1145718E-01  2.6004080E-02
  9.1984234E-01  2.4667554E-02
  9.2830464E-01  2.3391783E-02
  9.3684480E-01  2.2174614E-02
  9.4546352E-01  2.1013938E-02
  9.5416153E-01  1.9907686E-02
  9.6293955E-01  1.8853832E-02
  9.7179834E-01  1.7850394E-02
  9.8073862E-01  1.6895436E-02
  9.8976115E-01  1.5987064E-02
  9.9886669E-01  1.5123433E-02
  1.0080560E+00  1.4302741E-02
  1.0173298E+00  1.3523234E-02
  1.0266890E+00  1.2783204E-02
  1.0361343E+00  1.2080989E-02
  1.0456664E+00  1.1414976E-02
  1.0552863E+00  1.0783595E-02
  1.0649946E+00  1.0185327E-02
  1.0747923E+00  9.6186960E-03
  1.0846801E+00  9.0822738E-03
  1.0946588E+00  8.5746778E-03
  1.1047294E+00  8.0945710E-03
  1.1148926E+00  7.6406615E-03
  1.1251493E+00  7.2117020E-03
  1.1355004E+00  6.8064893E-03
  1.1459467E+00  6.4238637E-03
  1.1564891E+00  6.0627084E-03
  1.1671285E+00  5.7219486E-03
  1.1778657E+00  5.4005509E-03
  1.1887018E+00  5.0975228E-03
  1.1996375E+00  4.8119114E-03
  1.2106738E+00  4.5428028E-03
  1.2218117E+00  4.2893213E-03
  1.2330521E+00  4.0506284E-03
  1.2443958E+00  3.8259219E-03
  1.2558439E+00  3.6144350E-03
  1.2673973E+00  3.4154353E-03
  1.2790570E+00  3.2282239E-03
  1.2908240E+00  3.0521344E-03
  1.3026992E+00  2.8865320E-03
  1.3146837E+00  2.7308121E-03
  1.3267784E+00  2.5844000E-03
  1.3389844E+00  2.4467494E-03
  1.3513027E+00  2.3173416E-03
  1.3637344E+00  2.1956844E-03
  1.3762803E+00  2.0813112E-03
  1.3889417E+00  1.9737802E-03
  1.4017196E+00  1.8726731E-03
  1.4146151E+00  1.7775946E-03
  1.4276291E+00  1.6881708E-03
  1.4407629E+00  1.6040491E-03
  1.4540176E+00  1.5248968E-03
  1.4673941E+00  1.4504001E-03
  1.4808938E+00  1.3802637E-03
  1.4945176E+00  1.3142096E-03
  1.5082667E+00  1.2519766E-03
  1.5221424E+00  1.1933190E-03
  1.5361457E+00  1.1380063E-03
  1.5502778E+00  1.0858223E-03
  1.5645399E+00  1.0365643E-03
  1.5789332E+00  9.9004233E-04
  1.5934590E+00  9.4607877E-04
  1.6081184E+00  9.0450737E-04
  1.6229126E+00  8.6517275E-04
  1.6378430E+00  8.2792982E-04
  1.6529107E+00  7.9264310E-04
  1.6681170E+00  7.5918627E-04
  1.6834632E+00  7.2744153E-04
  1.6989506E+00  6.9729913E-04
  1.7145805E+00  6.6865690E-04
  1.7303542E+00  6.4141973E-04
  1.7462730E+00  6.1549915E-04
  1.7623382E+00  5.9081292E-04
  1.7785512E+00  5.6728458E-04
  1.7949134E+00  5.4484311E-04
  1.8114261E+00  5.2342256E-04
  1.8280908E+00  5.0296167E-04
  1.8449087E+00  4.8340359E-04
  1.8618813E+00  4.6469556E-04
  1.8790101E+00  4.4678860E-04
  1.8962965E+00  4.2963726E-04
  1.9137419E+00  4.1319937E-04
  1.9313478E+00  3.9743578E-04
  1.9491157E+00  3.8231015E-04
  1.9670470E+00  3.6778873E-04
  1.9851433E+00  3.5384017E-04
  2.0034061E+00  3.4043534E-04
  2.0218369E+00  3.2754716E-04
  2.0404372E+00  3.1515041E-04
  2.0592087E+00  3.0322164E-04
  2.0781528E+00  2.9173898E-04
  2.0972713E+00  2.8068204E-04
  2.1165656E+00  2.7003178E-04
  2.1360374E+00  2.5977041E-04
  2.1556883E+00  2.4988128E-04
  2.1755201E+00  2.4034880E-04
  2.1955343E+00  2.3115833E-04
  2.2157326E+00  2.2229614E-04
  2.2361167E+00  2.1374930E-04
  2.2566884E+00  2.0550563E-04
  2.2774493E+00  1.9755365E-04
  2.2984012E+00  1.8988248E-04
  2.3195458E+00  1.8248187E-04
  2.3408850E+00  1.7534206E-04
  2.3624205E+00  1.6845379E-04
  2.3841541E+00  1.6180829E-04
  2.4060877E+00  1.5539715E-04
  2.4282230E+00  1.4921239E-04
  2.4505620E+00  1.4324636E-04
  2.4731065E+00  1.3749175E-04
  2.4958584E+00  1.3194157E-04
  2.5188196E+00  1.2658908E-04
  2.5419921E+00  1.2142784E-04
  2.5653777E+00  1.1645162E-04
  2.5889785E+00  1.1165446E-04
  2.6127963E+00  1.0703057E-04
  2.6368333E+00  1.0257441E-04
  2.6610915E+00  9.8280579E-05
  2.6855728E+00  9.4143898E-05
  2.7102793E+00  9.0159335E-05
  2.7352131E+00  8.6322023E-05
  2.7603763E+00  8.2627246E-05
  2.7857710E+00  7.9070433E-05
  2.8113994E+00  7.5647150E-05
  2.8372635E+00  7.2353097E-05
  2.8633655E+00  6.9184097E-05
  2.8897077E+00  6.6136098E-05
  2.9162922E+00  6.3205160E-05
  2.9431213E+00  6.0387458E-05
  2.9701972E+00  5.7679274E-05
  2.9975222E+00  5.5076997E-05
  3.0250985E+00  5.2577114E-05
  3.0529286E+00  5.0176213E-05
  3.0810147E+00  4.7870974E-05
  3.1093592E+00  4.5658173E-05
  3.1379644E+00  4.3534674E-05
  3.1668328E+00  4.1497429E-05
  3.1959668E+00  3.9543475E-05
  3.2253688E+00  3.7669933E-05
  3.2550413E+00  3.5874004E-05
  3.2849868E+00  3.4152969E-05
  3.3152078E+00  3.2504186E-05
  3.3457068E+00  3.0925087E-05
  3.3764863E+00  2.9413181E-05
  3.4075491E+00  2.7966046E-05
  3.4388976E+00  2.6581330E-05
  3.4705345E+00  2.5256753E-05
  3.5024624E+00  2.3990099E-05
  3.5346841E+00  2.2779220E-05
  3.5672022E+00  2.1622030E-05
  3.6000195E+00  2.0516507E-05
  3.6331387E+00  1.9460691E-05
  3.6665626E+00  1.8452681E-05
  3.7002939E+00  1.7490633E-05
  3.7343356E+00  1.6572765E-05
  3.7686904E+00  1.5697346E-05
  3.8033614E+00  1.4862702E-05
  3.8383512E+00  1.4067212E-05
  3.8736630E+00  1.3309308E-05
  3.9092996E+00  1.2587471E-05
  3.9452641E+00  1.1900233E-05
  3.9815594E+00  1.1246175E-05
  4.0181887E+00  1.0623924E-05
  4.0551549E+00  1.0032154E-05
  4.0924612E+00  9.4695838E-06
  4.1301107E+00  8.9349758E-06
  4.1681066E+00  8.4271355E-06
  4.2064520E+00  7.9449100E-06
  4.2451502E+00  7.4871872E-06
  4.2842044E+00  7.0528942E-06
  4.3236179E+00  6.6409968E-06
  4.3633939E+00  6.2504983E-06
  4.4035360E+00  5.8804383E-06
  4.4440473E+00  5.5298920E-06
  4.4849313E+00  5.1979691E-06
  4.5261914E+00  4.8838127E-06
  4.5678311E+00  4.5865985E-06
  4.6098539E+00  4.3055340E-06
  4.6522632E+00  4.0398571E-06
  4.6950628E+00  3.7888357E-06
  4.7382560E+00  3.5517667E-06
  4.7818467E+00  3.3279749E-06
  4.8258383E+00  3.1168124E-06
  4.8702347E+00  2.9176577E-06
  4.9150395E+00  2.7299147E-06
  4.9602565E+00  2.5530122E-06
  5.0058895E+00  2.3864028E-06
  5.0519423E+00  2.2295623E-06
  5.0984187E+00  2.0819891E-06
  5.1453228E+00  1.9432030E-06
  5.1926583E+00  1.8127448E-06
  5.2404293E+00  1.6901757E-06
  5.2886398E+00  1.5750762E-06
  5.3372938E+00  1.4670458E-06
  5.3863954E+00  1.3657022E-06
  5.4359488E+00  1.2706805E-06
  5.4859580E+00  1.1816328E-06
  5.5364273E+00  1.0982274E-06
  5.5873609E+00  1.0201484E-06
  5.6387630E+00  9.4709484E-07
  5.6906381E+00  8.7878035E-07
  5.7429904E+00  8.1493248E-07
  5.7958243E+00  7.5529221E-07
  5.8491443E+00  6.9961337E-07
  5.9029548E+00  6.4766218E-07
  5.9572603E+00  5.9921667E-07
  6.0120654E+00  5.5406630E-07
  6.0673748E+00  5.1201138E-07
  6.1231929E+00  4.7286268E-07
  6.1795246E+00  4.3644097E-07
  6.2363745E+00  4.0257657E-07
  6.2937474E+00  3.7110895E-07
  6.3516481E+00  3.4188634E-07
  6.4100815E+00  3.1476528E-07
  6.4690525E+00  2.8961032E-07
  6.5285660E+00  2.6629359E-07
  6.5886269E+00  2.4469448E-07
  6.6492405E+00  2.2469929E-07
  6.7104116E+00  2.0620088E-07
  6.7721456E+00  1.8909841E-07
  6.8344474E+00  1.7329697E-07
  6.8973224E+00  1.5870731E-07
  6.9607759E+00  1.4524557E-07
  7.0248131E+00  1.3283300E-07
  7.0894394E+00  1.2139568E-07
  7.1546602E+00  1.1086429E-07
  7.2204811E+00  1.0117385E-07
  7.2869075E+00  9.2263519E-08
  7.3539451E+00  8.4076338E-08
  7.4215993E+00  7.6559037E-08
  7.4898759E+00  6.9661827E-08
  7.5587807E+00  6.3338208E-08
  7.6283194E+00  5.7544779E-08
  7.6984978E+00  5.2241064E-08
  7.7693218E+00  4.7389339E-08
  7.8407974E+00  4.2954477E-08
  7.9129306E+00  3.8903786E-08
  7.9857273E+00  3.5206871E-08
  8.0591938E+00  3.1835487E-08
  8.1333361E+00  2.8763412E-08
  8.2081606E+00  2.5966319E-08
  8.2836733E+00  2.3421658E-08
  8.3598808E+00  2.1108541E-08
  8.4367894E+00  1.9007638E-08
  8.5144055E+00  1.7101071E-08
  8.5927357E+00  1.5372322E-08
  8.6717864E+00  1.3806142E-08
  8.7515644E+00  1.2388464E-08
  8.8320764E+00  1.1106321E-08
  8.9133290E+00  9.9477733E-09
  8.9953292E+00  8.9018350E-09
  9.0780837E+00  7.9584063E-09
  9.1615995E+00  7.1082108E-09
  9.2458837E+00  6.3427356E-09
  9.3309432E+00  5.6541755E-09
  9.4167853E+00  5.0353806E-09
  9.5034171E+00  4.4798076E-09
  9.5908459E+00  3.9814732E-09
  9.6790790E+00  3.5349119E-09
  9.7681238E+00  3.1351355E-09
  9.8579878E+00  2.7775959E-09
  9.9486786E+00  2.4581502E-09
  1.0040204E+01  2.1730284E-09
  1.0132571E+01  1.9188027E-09
  1.0225788E+01  1.6923601E-09
  1.0319862E+01  1.4908762E-09
  1.0414802E+01  1.3117904E-09
  1.0510615E+01  1.1527847E-09
  1.0607310E+01  1.0117617E-09
  1.0704894E+01  8.8682664E-10
  1.0803376E+01  7.7626876E-10
  1.0902764E+01  6.7854556E-10
  1.1003067E+01  5.9226758E-10
  1.1104292E+01  5.1618454E-10
  1.1206448E+01  4.4917269E-10
  1.1309544E+01  3.9022306E-10
  1.1413589E+01  3.3843075E-10
  1.1518591E+01  2.9298513E-10
  1.1624559E+01  2.5316081E-10
  1.1731501E+01  2.1830943E-10
  1.1839428E+01  1.8785215E-10
  1.1948347E+01  1.6127282E-10
  1.2058269E+01  1.3811167E-10
  1.2169201E+01  1.1795970E-10
  1.2281155E+01  1.0045348E-10
  1.2394138E+01  8.5270483E-11
  1.2508160E+01  7.2124811E-11
  1.2623232E+01  6.0763365E-11
  1.2739362E+01  5.0962358E-11
  1.2856561E+01  4.2524172E-11
  1.2974837E+01  3.5274520E-11
  1.3094202E+01  2.9059894E-11
  1.3214665E+01  2.3745262E-11
  1.3336237E+01  1.9212004E-11
  1.3458926E+01  1.5356058E-11
  1.3582745E+01  1.2086257E-11
  1.3707702E+01  9.3228414E-12
  1.3833809E+01  6.9961315E-12
  1.3961076E+01  5.0453390E-12
  1.4089514E+01  3.4175098E-12
  1.4219134E+01  2.0665832E-12
  1.4349946E+01  9.5255425E-13
  1.4481961E+01  4.0731402E-14
  1.4615191E+01 -6.9892188E-13
  1.4749647E+01 -1.2923698E-12
  1.4885340E+01 -1.7620192E-12
  1.5022281E+01 -2.1271738E-12
  1.5160481E+01 -2.4044349E-12
  1.5299954E+01 -2.6080534E-12
  1.5440709E+01 -2.7502395E-12
  1.5582759E+01 -2.8414340E-12
  1.5726116E+01 -2.8905463E-12
  1.5870792E+01 -2.9051621E-12
  1.6016799E+01 -2.8917253E-12
  1.6164149E+01 -2.8556961E-12
  1.6312855E+01 -2.8016885E-12
  1.6462928E+01 -2.7335906E-12
  1.6614383E+01 -2.6546681E-12
  1.6767230E+01 -2.5676542E-12
  1.6921484E+01 -2.4748278E-12
  1.7077157E+01 -2.3780803E-12
  1.7234262E+01 -2.2789738E-12
  1.7392813E+01 -2.1787907E-12
  1.7552822E+01 -2.0785765E-12
  1.7714303E+01 -1.9791770E-12
  1.7877269E+01 -1.8812689E-12
  1.8041735E+01 -1.7853874E-12
  1.8207714E+01 -1.6919487E-12
  1.8375220E+01 -1.6012698E-12
  1.8544267E+01 -1.5135847E-12
  1.8714869E+01 -1.4290588E-12
  1.8887040E+01 -1.3478010E-12
  1.9060796E+01 -1.2698730E-12
  1.9236150E+01 -1.1952988E-12
  1.9413117E+01 -1.1240711E-12
  1.9591712E+01 -1.0561576E-12
  1.9771951E+01 -9.9150600E-13
  1.9953847E+01 -9.3004843E-13
  2.0137417E+01 -8.7170461E-13
  2.0322675E+01 -8.1638499E-13
  2.0509638E+01 -7.6399315E-13
  2.0698321E+01 -7.1442779E-13
  2.0888740E+01 -6.6758438E-13
  2.1080911E+01 -6.2335658E-13
  2.1274849E+01 -5.8163727E-13
  2.1470572E+01 -5.4231950E-13
  2.1668095E+01 -5.0529725E-13
  2.1867435E+01 -4.7046594E-13
  2.2068610E+01 -4.3772297E-13
  2.2271635E+01 -4.0696804E-13
  2.2476528E+01 -3.7810345E-13
  2.2683305E+01 -3.5103433E-13
  2.2891985E+01 -3.2566874E-13
  2.3102585E+01 -3.0191787E-13
  2.3315123E+01 -2.7969602E-13
  2.3529615E+01 -2.5892069E-13
  2.3746081E+01 -2.3951260E-13
  2.3964538E+01 -2.2139564E-13
  2.4185005E+01 -2.0449688E-13
  2.4407501E+01 -1.8874653E-13
  2.4632043E+01 -1.7407785E-13
  2.4858651E+01 -1.6042713E-13
  2.5087343E+01 -1.4773361E-13
  2.5318140E+01 -1.3593941E-13
  2.5551060E+01 -1.2498942E-13
  2.5786122E+01 -1.1483127E-13
  2.6023348E+01 -1.0541521E-13
  2.6262755E+01 -9.6694032E-14
  2.6504365E+01 -8.8622989E-14
  2.6748198E+01 -8.1159701E-14
  2.6994274E+01 -7.4264070E-14
  2.7242613E+01 -6.7898193E-14
  2.7493238E+01 -6.2026275E-14
  2.7746168E+01 -5.6614543E-14
  2.8001425E+01 -5.1631163E-14
  2.8259030E+01 -4.7046153E-14
  2.8519005E+01 -4.2831308E-14
  2.8781372E+01 -3.8960113E-14
  2.9046153E+01 -3.5407669E-14
  2.9313369E+01 -3.2150615E-14
  2.9583044E+01 -2.9167056E-14
  2.9855200E+01 -2.6436488E-14
  3.0129859E+01 -2.3939728E-14
  3.0407046E+01 -2.1658850E-14
  3.0686782E+01 -1.9577113E-14
  3.0969092E+01 -1.7678903E-14
  3.1253999E+01 -1.5949671E-14
  3.1541527E+01 -1.4375869E-14
  3.1831700E+01 -1.2944899E-14
  3.2124543E+01 -1.1645057E-14
  3.2420079E+01 -1.0465478E-14
  3.2718335E+01 -9.3960887E-15
  3.3019335E+01 -8.4275595E-15
  3.3323103E+01 -7.5512566E-15
  3.3629667E+01 -6.7591998E-15
  3.3939050E+01 -6.0440204E-15
  3.4251280E+01 -5.3989218E-15
  3.4566382E+01 -4.8176415E-15
  3.4884383E+01 -4.2944153E-15
  3.5205310E+01 -3.8239437E-15
  3.5529189E+01 -3.4013596E-15
  3.5856047E+01 -3.0221978E-15
  3.6185913E+01 -2.6823666E-15
  3.6518813E+01 -2.3781205E-15
  3.6854776E+01 -2.1060351E-15
  3.7193830E+01 -1.8629829E-15
  3.7536002E+01 -1.6461109E-15
  3.7881323E+01 -1.4528194E-15
  3.8229821E+01 -1.2807427E-15
  3.8581524E+01 -1.1277300E-15
  3.8936463E+01 -9.9182856E-16
  3.9294668E+01 -8.7126751E-16
  3.9656168E+01 -7.6444282E-16
  4.0020994E+01 -6.6990338E-16
  4.0389176E+01 -5.8633800E-16
  4.0760745E+01 -5.1256343E-16
  4.1135732E+01 -4.4751318E-16
  4.1514169E+01 -3.9022722E-16
  4.1896088E+01 -3.3984244E-16
  4.2281520E+01 -2.9558391E-16
  4.2670499E+01 -2.5675669E-16
  4.3063055E+01 -2.2273846E-16
  4.3459223E+01 -1.9297263E-16
  4.3859036E+01 -1.6696207E-16
  4.4262527E+01 -1.4426333E-16
  4.4669730E+01 -1.2448143E-16
  4.5080679E+01 -1.0726498E-16
  4.5495408E+01 -9.2301859E-17
  4.5913953E+01 -7.9315164E-17
  4.6336349E+01 -6.8059607E-17
  4.6762630E+01 -5.8318206E-17
  4.7192833E+01 -4.9899291E-17
  4.7626994E+01 -4.2633800E-17
  4.8065149E+01 -3.6372822E-17
  4.8507335E+01 -3.0985395E-17
  4.8953589E+01 -2.6356507E-17
  4.9403948E+01 -2.2385308E-17
  4.9858451E+01 -1.8983498E-17
  5.0317135E+01 -1.6073883E-17
  5.0780038E+01 -1.3589084E-17
  5.1247200E+01 -1.1470375E-17
  5.1718660E+01 -9.6666567E-18
  5.2194457E+01 -8.1335354E-18
  5.2674632E+01 -6.8325025E-18
  5.3159224E+01 -5.7302099E-18
  5.3648274E+01 -4.7978244E-18
  5.4141823E+01 -4.0104580E-18
  5.4639912E+01 -3.3466630E-18
  5.5142584E+01 -2.7879878E-18
  5.5649880E+01 -2.3185849E-18
  5.6161844E+01 -1.9248666E-18
  5.6678517E+01 -1.5952026E-18
  5.7199943E+01 -1.3196558E-18
  5.7726167E+01 -1.0897502E-18
  5.8257232E+01 -8.9826905E-19
  5.8793182E+01 -7.3907863E-19
  5.9334063E+01 -6.0697530E-19
  5.9879919E+01 -4.9755238E-19
  6.0430798E+01 -4.0708501E-19
  6.0986744E+01 -3.3243048E-19
  6.1547805E+01 -2.7094224E-19
  6.2114028E+01 -2.2039579E-19
  6.2685459E+01 -1.7892495E-19
  6.3262148E+01 -1.4496718E-19
  6.3844142E+01 -1.1721670E-19
  6.4431490E+01 -9.4584509E-20
  6.5024242E+01 -7.6164157E-20
  6.5622447E+01 -6.1202689E-20
  6.6226155E+01 -4.9075922E-20
  6.6835417E+01 -3.9267482E-20
  6.7450284E+01 -3.1351080E-20
  6.8070808E+01 -2.4975529E-20
  6.8697040E+01 -1.9852130E-20
  6.9329034E+01 -1.5744065E-20
  6.9966841E+01 -1.2457494E-20
  7.0610517E+01 -9.8341024E-21
  7.1260114E+01 -7.7448810E-21
  7.1915687E+01 -6.0849350E-21
  7.2577291E+01 -4.7691713E-21
  7.3244982E+01 -3.7287190E-21
  7.3918815E+01 -2.9079669E-21
  7.4598848E+01 -2.2621160E-21
  7.5285136E+01 -1.7551637E-21
  7.5977738E+01 -1.3582463E-21
  7.6676712E+01 -1.0482805E-21
  7.7382116E+01 -8.0685087E-22
  7.8094010E+01 -6.1930332E-22
  7.8812453E+01 -4.7400635E-22
  7.9537506E+01 -3.6175147E-22
  8.0269228E+01 -2.7526753E-22
  8.1007683E+01 -2.0882837E-22
  8.1752931E+01 -1.5793673E-22
  8.2505035E+01 -1.1907014E-22
  8.3264058E+01 -8.9477341E-23
  8.4030064E+01 -6.7015510E-23
  8.4803117E+01 -5.0020489E-23
  8.5583282E+01 -3.7203652E-23
  8.6370624E+01 -2.7570136E-23
  8.7165210E+01 -2.0354204E-23
  8.7967105E+01 -1.4968298E-23
  8.8776378E+01 -1.0963004E-23
  8.9593096E+01 -7.9956756E-24
  9.0417327E+01 -5.8059294E-24
  9.1249141E+01 -4.1965517E-24
  9.2088608E+01 -3.0186773E-24
  9.2935797E+01 -2.1603126E-24
  9.3790781E+01 -1.5374755E-24
  9.4653630E+01 -1.0873722E-24
  9.5524416E+01 -7.6315253E-25
  9.6403214E+01 -5.2987976E-25
  9.7290097E+01 -3.6142781E-25
  9.8185139E+01 -2.3807452E-25
  9.9088414E+01 -1.4460491E-25
  1.0000000E+02 -6.8762169E-26
