  0.0000000E+00  0.0000000E+00
  1.0221911E-08  6.0501716E-13
  2.0537860E-08  2.4091014E-12
  3.0948714E-08  5.4454592E-12
  4.1455344E-08  9.7478970E-12
  5.2058633E-08  1.5350948E-11
  6.2759468E-08  2.2289885E-11
  7.3558749E-08  3.0600737E-11
  8.4457379E-08  4.0320304E-11
  9.5456275E-08  5.1486169E-11
  1.0655636E-07  6.4136719E-11
  1.1775856E-07  7.8311156E-11
  1.2906381E-07  9.4049513E-11
  1.4047307E-07  1.1139268E-10
  1.5198730E-07  1.3038239E-10
  1.6360745E-07  1.5106130E-10
  1.7533450E-07  1.7347293E-10
  1.8716944E-07  1.9766173E-10
  1.9911326E-07  2.2367308E-10
  2.1116696E-07  2.5155334E-10
  2.2333154E-07  2.8134981E-10
  2.3560804E-07  3.1311080E-10
  2.4799748E-07  3.4688563E-10
  2.6050090E-07  3.8272465E-10
  2.7311935E-07  4.2067924E-10
  2.8585388E-07  4.6080190E-10
  2.9870556E-07  5.0314618E-10
  3.1167548E-07  5.4776676E-10
  3.2476472E-07  5.9471945E-10
  3.3797438E-07  6.4406124E-10
  3.5130556E-07  6.9585026E-10
  3.6475938E-07  7.5014588E-10
  3.7833698E-07  8.0700869E-10
  3.9203948E-07  8.6650051E-10
  4.0586804E-07  9.2868446E-10
  4.1982383E-07  9.9362495E-10
  4.3390800E-07  1.0613877E-09
  4.4812174E-07  1.1320398E-09
  4.6246625E-07  1.2056498E-09
  4.7694272E-07  1.2822874E-09
  4.9155237E-07  1.3620241E-09
  5.0629642E-07  1.4449324E-09
  5.2117612E-07  1.5310868E-09
  5.3619271E-07  1.6205629E-09
  5.5134744E-07  1.7134381E-09
  5.6664159E-07  1.8097912E-09
  5.8207645E-07  1.9097028E-09
  5.9765330E-07  2.0132549E-09
  6.1337345E-07  2.1205313E-09
  6.2923823E-07  2.2316176E-09
  6.4524895E-07  2.3466010E-09
  6.6140697E-07  2.4655704E-09
  6.7771364E-07  2.5886167E-09
  6.9417033E-07  2.7158324E-09
  7.1077841E-07  2.8473121E-09
  7.2753929E-07  2.9831522E-09
  7.4445435E-07  3.1234511E-09
  7.6152504E-07  3.2683090E-09
  7.7875276E-07  3.4178283E-09
  7.9613898E-07  3.5721135E-09
  8.1368515E-07  3.7312710E-09
  8.3139273E-07  3.8954095E-09
  8.4926323E-07  4.0646399E-09
  8.6729812E-07  4.2390750E-09
  8.8549893E-07  4.4188304E-09
  9.0386718E-07  4.6040235E-09
  9.2240442E-07  4.7947744E-09
  9.4111219E-07  4.9912053E-09
  9.5999207E-07  5.1934413E-09
  9.7904564E-07  5.4016094E-09
  9.9827450E-07  5.6158395E-09
  1.0176803E-06  5.8362642E-09
  1.0372645E-06  6.0630183E-09
  1.0570290E-06  6.2962397E-09
  1.0769753E-06  6.5360689E-09
  1.0971051E-06  6.7826490E-09
  1.1174200E-06  7.0361262E-09
  1.1379219E-06  7.2966495E-09
  1.1586124E-06  7.5643709E-09
  1.1794932E-06  7.8394453E-09
  1.2005661E-06  8.1220308E-09
  1.2218329E-06  8.4122884E-09
  1.2432953E-06  8.7103826E-09
  1.2649552E-06  9.0164809E-09
  1.2868143E-06  9.3307541E-09
  1.3088746E-06  9.6533767E-09
  1.3311378E-06  9.9845262E-09
  1.3536058E-06  1.0324384E-08
  1.3762805E-06  1.0673134E-08
  1.3991638E-06  1.1030966E-08
  1.4222576E-06  1.1398071E-08
  1.4455639E-06  1.1774646E-08
  1.4690846E-06  1.2160889E-08
  1.4928217E-06  1.2557005E-08
  1.5167771E-06  1.2963201E-08
  1.5409529E-06  1.3379689E-08
  1.5653512E-06  1.3806685E-08
  1.5899739E-06  1.4244409E-08
  1.6148231E-06  1.4693085E-08
  1.6399010E-06  1.5152941E-08
  1.6652095E-06  1.5624212E-08
  1.6907509E-06  1.6107135E-08
  1.7165272E-06  1.6601952E-08
  1.7425407E-06  1.7108911E-08
  1.7687935E-06  1.7628263E-08
  1.7952878E-06  1.8160265E-08
  1.8220259E-06  1.8705180E-08
  1.8490099E-06  1.9263274E-08
  1.8762422E-06  1.9834819E-08
  1.9037250E-06  2.0420093E-08
  1.9314606E-06  2.1019379E-08
  1.9594514E-06  2.1632965E-08
  1.9876998E-06  2.2261145E-08
  2.0162080E-06  2.2904218E-08
  2.0449784E-06  2.3562491E-08
  2.0740136E-06  2.4236274E-08
  2.1033158E-06  2.4925886E-08
  2.1328876E-06  2.5631649E-08
  2.1627315E-06  2.6353893E-08
  2.1928499E-06  2.7092955E-08
  2.2232455E-06  2.7849178E-08
  2.2539206E-06  2.8622910E-08
  2.2848780E-06  2.9414508E-08
  2.3161201E-06  3.0224336E-08
  2.3476497E-06  3.1052762E-08
  2.3794693E-06  3.1900164E-08
  2.4115817E-06  3.2766927E-08
  2.4439895E-06  3.3653443E-08
  2.4766954E-06  3.4560110E-08
  2.5097022E-06  3.5487336E-08
  2.5430127E-06  3.6435536E-08
  2.5766296E-06  3.7405133E-08
  2.6105558E-06  3.8396558E-08
  2.6447941E-06  3.9410250E-08
  2.6793473E-06  4.0446657E-08
  2.7142185E-06  4.1506236E-08
  2.7494104E-06  4.2589451E-08
  2.7849262E-06  4.3696777E-08
  2.8207686E-06  4.4828698E-08
  2.8569408E-06  4.5985705E-08
  2.8934458E-06  4.7168301E-08
  2.9302866E-06  4.8376998E-08
  2.9674663E-06  4.9612316E-08
  3.0049881E-06  5.0874787E-08
  3.0428550E-06  5.2164953E-08
  3.0810703E-06  5.3483365E-08
  3.1196372E-06  5.4830587E-08
  3.1585589E-06  5.6207192E-08
  3.1978387E-06  5.7613763E-08
  3.2374798E-06  5.9050897E-08
  3.2774857E-06  6.0519200E-08
  3.3178595E-06  6.2019291E-08
  3.3586048E-06  6.3551800E-08
  3.3997249E-06  6.5117369E-08
  3.4412234E-06  6.6716652E-08
  3.4831036E-06  6.8350318E-08
  3.5253691E-06  7.0019046E-08
  3.5680234E-06  7.1723528E-08
  3.6110701E-06  7.3464471E-08
  3.6545128E-06  7.5242594E-08
  3.6983553E-06  7.7058630E-08
  3.7426010E-06  7.8913327E-08
  3.7872538E-06  8.0807446E-08
  3.8323174E-06  8.2741762E-08
  3.8777955E-06  8.4717067E-08
  3.9236921E-06  8.6734166E-08
  3.9700108E-06  8.8793880E-08
  4.0167557E-06  9.0897046E-08
  4.0639307E-06  9.3044516E-08
  4.1115396E-06  9.5237160E-08
  4.1595865E-06  9.7475862E-08
  4.2080755E-06  9.9761525E-08
  4.2570105E-06  1.0209507E-07
  4.3063957E-06  1.0447743E-07
  4.3562353E-06  1.0690956E-07
  4.4065333E-06  1.0939244E-07
  4.4572941E-06  1.1192705E-07
  4.5085219E-06  1.1451440E-07
  4.5602209E-06  1.1715553E-07
  4.6123956E-06  1.1985149E-07
  4.6650502E-06  1.2260333E-07
  4.7181893E-06  1.2541215E-07
  4.7718172E-06  1.2827907E-07
  4.8259385E-06  1.3120520E-07
  4.8805577E-06  1.3419171E-07
  4.9356794E-06  1.3723976E-07
  4.9913082E-06  1.4035055E-07
  5.0474487E-06  1.4352530E-07
  5.1041058E-06  1.4676525E-07
  5.1612840E-06  1.5007167E-07
  5.2189883E-06  1.5344585E-07
  5.2772234E-06  1.5688909E-07
  5.3359943E-06  1.6040274E-07
  5.3953059E-06  1.6398816E-07
  5.4551631E-06  1.6764674E-07
  5.5155710E-06  1.7137989E-07
  5.5765346E-06  1.7518907E-07
  5.6380591E-06  1.7907572E-07
  5.7001495E-06  1.8304137E-07
  5.7628112E-06  1.8708752E-07
  5.8260494E-06  1.9121573E-07
  5.8898693E-06  1.9542760E-07
  5.9542764E-06  1.9972472E-07
  6.0192760E-06  2.0410875E-07
  6.0848735E-06  2.0858136E-07
  6.1510746E-06  2.1314426E-07
  6.2178846E-06  2.1779918E-07
  6.2853093E-06  2.2254789E-07
  6.3533543E-06  2.2739221E-07
  6.4220253E-06  2.3233397E-07
  6.4913281E-06  2.3737505E-07
  6.5612684E-06  2.4251734E-07
  6.6318521E-06  2.4776281E-07
  6.7030852E-06  2.5311342E-07
  6.7749736E-06  2.5857120E-07
  6.8475234E-06  2.6413821E-07
  6.9207406E-06  2.6981654E-07
  6.9946314E-06  2.7560832E-07
  7.0692020E-06  2.8151573E-07
  7.1444585E-06  2.8754099E-07
  7.2204075E-06  2.9368635E-07
  7.2970551E-06  2.9995411E-07
  7.3744079E-06  3.0634662E-07
  7.4524723E-06  3.1286626E-07
  7.5312548E-06  3.1951548E-07
  7.6107622E-06  3.2629673E-07
  7.6910010E-06  3.3321256E-07
  7.7719779E-06  3.4026552E-07
  7.8536999E-06  3.4745825E-07
  7.9361736E-06  3.5479340E-07
  8.0194061E-06  3.6227371E-07
  8.1034043E-06  3.6990194E-07
  8.1881753E-06  3.7768091E-07
  8.2737261E-06  3.8561350E-07
  8.3600640E-06  3.9370263E-07
  8.4471961E-06  4.0195130E-07
  8.5351299E-06  4.1036255E-07
  8.6238726E-06  4.1893946E-07
  8.7134317E-06  4.2768520E-07
  8.8038147E-06  4.3660299E-07
  8.8950293E-06  4.4569609E-07
  8.9870830E-06  4.5496784E-07
  9.0799835E-06  4.6442164E-07
  9.1737387E-06  4.7406096E-07
  9.2683565E-06  4.8388932E-07
  9.3638447E-06  4.9391032E-07
  9.4602113E-06  5.0412762E-07
  9.5574645E-06  5.1454494E-07
  9.6556124E-06  5.2516609E-07
  9.7546633E-06  5.3599494E-07
  9.8546254E-06  5.4703542E-07
  9.9555071E-06  5.5829157E-07
  1.0057317E-05  5.6976746E-07
  1.0160063E-05  5.8146727E-07
  1.0263755E-05  5.9339525E-07
  1.0368400E-05  6.0555572E-07
  1.0474009E-05  6.1795308E-07
  1.0580589E-05  6.3059184E-07
  1.0688149E-05  6.4347655E-07
  1.0796699E-05  6.5661189E-07
  1.0906247E-05  6.7000259E-07
  1.1016804E-05  6.8365350E-07
  1.1128377E-05  6.9756953E-07
  1.1240977E-05  7.1175571E-07
  1.1354613E-05  7.2621715E-07
  1.1469294E-05  7.4095905E-07
  1.1585030E-05  7.5598671E-07
  1.1701831E-05  7.7130555E-07
  1.1819707E-05  7.8692107E-07
  1.1938666E-05  8.0283886E-07
  1.2058721E-05  8.1906466E-07
  1.2179880E-05  8.3560426E-07
  1.2302153E-05  8.5246360E-07
  1.2425551E-05  8.6964873E-07
  1.2550085E-05  8.8716578E-07
  1.2675764E-05  9.0502103E-07
  1.2802599E-05  9.2322085E-07
  1.2930601E-05  9.4177176E-07
  1.3059781E-05  9.6068036E-07
  1.3190150E-05  9.7995341E-07
  1.3321717E-05  9.9959779E-07
  1.3454495E-05  1.0196205E-06
  1.3588495E-05  1.0400286E-06
  1.3723727E-05  1.0608295E-06
  1.3860203E-05  1.0820305E-06
  1.3997935E-05  1.1036391E-06
  1.4136934E-05  1.1256631E-06
  1.4277212E-05  1.1481102E-06
  1.4418780E-05  1.1709885E-06
  1.4561651E-05  1.1943060E-06
  1.4705836E-05  1.2180710E-06
  1.4851347E-05  1.2422920E-06
  1.4998197E-05  1.2669774E-06
  1.5146398E-05  1.2921361E-06
  1.5295963E-05  1.3177769E-06
  1.5446903E-05  1.3439090E-06
  1.5599233E-05  1.3705415E-06
  1.5752963E-05  1.3976839E-06
  1.5908108E-05  1.4253457E-06
  1.6064680E-05  1.4535367E-06
  1.6222692E-05  1.4822669E-06
  1.6382158E-05  1.5115464E-06
  1.6543092E-05  1.5413854E-06
  1.6705505E-05  1.5717946E-06
  1.6869413E-05  1.6027846E-06
  1.7034829E-05  1.6343663E-06
  1.7201767E-05  1.6665508E-06
  1.7370240E-05  1.6993495E-06
  1.7540263E-05  1.7327739E-06
  1.7711851E-05  1.7668357E-06
  1.7885017E-05  1.8015468E-06
  1.8059776E-05  1.8369195E-06
  1.8236142E-05  1.8729661E-06
  1.8414132E-05  1.9096994E-06
  1.8593758E-05  1.9471321E-06
  1.8775038E-05  1.9852775E-06
  1.8957985E-05  2.0241487E-06
  1.9142615E-05  2.0637595E-06
  1.9328943E-05  2.1041238E-06
  1.9516986E-05  2.1452555E-06
  1.9706759E-05  2.1871692E-06
  1.9898277E-05  2.2298795E-06
  2.0091558E-05  2.2734012E-06
  2.0286617E-05  2.3177496E-06
  2.0483470E-05  2.3629401E-06
  2.0682134E-05  2.4089886E-06
  2.0882626E-05  2.4559111E-06
  2.1084962E-05  2.5037239E-06
  2.1289159E-05  2.5524437E-06
  2.1495236E-05  2.6020875E-06
  2.1703208E-05  2.6526726E-06
  2.1913093E-05  2.7042166E-06
  2.2124909E-05  2.7567374E-06
  2.2338674E-05  2.8102532E-06
  2.2554406E-05  2.8647828E-06
  2.2772122E-05  2.9203451E-06
  2.2991841E-05  2.9769593E-06
  2.3213581E-05  3.0346451E-06
  2.3437361E-05  3.0934227E-06
  2.3663201E-05  3.1533123E-06
  2.3891117E-05  3.2143347E-06
  2.4121131E-05  3.2765112E-06
  2.4353260E-05  3.3398633E-06
  2.4587525E-05  3.4044129E-06
  2.4823946E-05  3.4701825E-06
  2.5062541E-05  3.5371948E-06
  2.5303331E-05  3.6054730E-06
  2.5546337E-05  3.6750408E-06
  2.5791578E-05  3.7459223E-06
  2.6039075E-05  3.8181419E-06
  2.6288849E-05  3.8917247E-06
  2.6540921E-05  3.9666961E-06
  2.6795312E-05  4.0430820E-06
  2.7052043E-05  4.1209089E-06
  2.7311136E-05  4.2002036E-06
  2.7572613E-05  4.2809935E-06
  2.7836495E-05  4.3633065E-06
  2.8102805E-05  4.4471710E-06
  2.8371565E-05  4.5326160E-06
  2.8642797E-05  4.6196709E-06
  2.8916525E-05  4.7083659E-06
  2.9192771E-05  4.7987314E-06
  2.9471558E-05  4.8907985E-06
  2.9752910E-05  4.9845992E-06
  3.0036850E-05  5.0801656E-06
  3.0323403E-05  5.1775307E-06
  3.0612592E-05  5.2767279E-06
  3.0904441E-05  5.3777916E-06
  3.1198975E-05  5.4807564E-06
  3.1496219E-05  5.5856577E-06
  3.1796197E-05  5.6925318E-06
  3.2098935E-05  5.8014152E-06
  3.2404458E-05  5.9123455E-06
  3.2712792E-05  6.0253608E-06
  3.3023962E-05  6.1404999E-06
  3.3337995E-05  6.2578023E-06
  3.3654918E-05  6.3773085E-06
  3.3974755E-05  6.4990594E-06
  3.4297535E-05  6.6230967E-06
  3.4623285E-05  6.7494632E-06
  3.4952031E-05  6.8782021E-06
  3.5283802E-05  7.0093577E-06
  3.5618625E-05  7.1429748E-06
  3.5956529E-05  7.2790994E-06
  3.6297540E-05  7.4177781E-06
  3.6641690E-05  7.5590584E-06
  3.6989005E-05  7.7029888E-06
  3.7339515E-05  7.8496185E-06
  3.7693250E-05  7.9989978E-06
  3.8050239E-05  8.1511779E-06
  3.8410513E-05  8.3062108E-06
  3.8774101E-05  8.4641496E-06
  3.9141033E-05  8.6250485E-06
  3.9511342E-05  8.7889623E-06
  3.9885057E-05  8.9559473E-06
  4.0262210E-05  9.1260605E-06
  4.0642833E-05  9.2993601E-06
  4.1026958E-05  9.4759053E-06
  4.1414616E-05  9.6557565E-06
  4.1805841E-05  9.8389752E-06
  4.2200665E-05  1.0025624E-05
  4.2599121E-05  1.0215767E-05
  4.3001243E-05  1.0409468E-05
  4.3407064E-05  1.0606794E-05
  4.3816619E-05  1.0807813E-05
  4.4229942E-05  1.1012592E-05
  4.4647067E-05  1.1221203E-05
  4.5068029E-05  1.1433715E-05
  4.5492864E-05  1.1650202E-05
  4.5921608E-05  1.1870737E-05
  4.6354296E-05  1.2095395E-05
  4.6790964E-05  1.2324254E-05
  4.7231650E-05  1.2557391E-05
  4.7676390E-05  1.2794885E-05
  4.8125221E-05  1.3036819E-05
  4.8578181E-05  1.3283273E-05
  4.9035309E-05  1.3534332E-05
  4.9496642E-05  1.3790081E-05
  4.9962219E-05  1.4050609E-05
  5.0432079E-05  1.4316002E-05
  5.0906262E-05  1.4586352E-05
  5.1384808E-05  1.4861751E-05
  5.1867755E-05  1.5142292E-05
  5.2355146E-05  1.5428071E-05
  5.2847021E-05  1.5719185E-05
  5.3343420E-05  1.6015733E-05
  5.3844387E-05  1.6317816E-05
  5.4349962E-05  1.6625537E-05
  5.4860188E-05  1.6939000E-05
  5.5375108E-05  1.7258312E-05
  5.5894766E-05  1.7583582E-05
  5.6419204E-05  1.7914919E-05
  5.6948467E-05  1.8252437E-05
  5.7482599E-05  1.8596250E-05
  5.8021644E-05  1.8946475E-05
  5.8565649E-05  1.9303231E-05
  5.9114659E-05  1.9666639E-05
  5.9668719E-05  2.0036822E-05
  6.0227876E-05  2.0413907E-05
  6.0792178E-05  2.0798020E-05
  6.1361671E-05  2.1189294E-05
  6.1936403E-05  2.1587859E-05
  6.2516422E-05  2.1993852E-05
  6.3101778E-05  2.2407410E-05
  6.3692518E-05  2.2828673E-05
  6.4288693E-05  2.3257785E-05
  6.4890353E-05  2.3694891E-05
  6.5497548E-05  2.4140139E-05
  6.6110329E-05  2.4593679E-05
  6.6728748E-05  2.5055667E-05
  6.7352855E-05  2.5526257E-05
  6.7982705E-05  2.6005611E-05
  6.8618348E-05  2.6493889E-05
  6.9259840E-05  2.6991258E-05
  6.9907233E-05  2.7497886E-05
  7.0560582E-05  2.8013945E-05
  7.1219941E-05  2.8539609E-05
  7.1885367E-05  2.9075056E-05
  7.2556914E-05  2.9620468E-05
  7.3234639E-05  3.0176029E-05
  7.3918599E-05  3.0741927E-05
  7.4608851E-05  3.1318354E-05
  7.5305454E-05  3.1905505E-05
  7.6008465E-05  3.2503578E-05
  7.6717943E-05  3.3112776E-05
  7.7433949E-05  3.3733305E-05
  7.8156541E-05  3.4365374E-05
  7.8885782E-05  3.5009198E-05
  7.9621730E-05  3.5664994E-05
  8.0364450E-05  3.6332984E-05
  8.1114002E-05  3.7013393E-05
  8.1870450E-05  3.7706452E-05
  8.2633857E-05  3.8412394E-05
  8.3404288E-05  3.9131459E-05
  8.4181806E-05  3.9863890E-05
  8.4966477E-05  4.0609933E-05
  8.5758366E-05  4.1369840E-05
  8.6557541E-05  4.2143870E-05
  8.7364068E-05  4.2932281E-05
  8.8178015E-05  4.3735342E-05
  8.8999450E-05  4.4553323E-05
  8.9828442E-05  4.5386501E-05
  9.0665060E-05  4.6235156E-05
  9.1509375E-05  4.7099574E-05
  9.2361458E-05  4.7980049E-05
  9.3221379E-05  4.8876876E-05
  9.4089212E-05  4.9790359E-05
  9.4965028E-05  5.0720805E-05
  9.5848902E-05  5.1668529E-05
  9.6740907E-05  5.2633850E-05
  9.7641118E-05  5.3617094E-05
  9.8549611E-05  5.4618591E-05
  9.9466461E-05  5.5638681E-05
  1.0039175E-04  5.6677707E-05
  1.0132554E-04  5.7736018E-05
  1.0226793E-04  5.8813973E-05
  1.0321899E-04  5.9911934E-05
  1.0417880E-04  6.1030270E-05
  1.0514744E-04  6.2169360E-05
  1.0612499E-04  6.3329587E-05
  1.0711153E-04  6.4511341E-05
  1.0810715E-04  6.5715021E-05
  1.0911192E-04  6.6941032E-05
  1.1012594E-04  6.8189787E-05
  1.1114929E-04  6.9461707E-05
  1.1218206E-04  7.0757220E-05
  1.1322432E-04  7.2076761E-05
  1.1427618E-04  7.3420776E-05
  1.1533771E-04  7.4789717E-05
  1.1640900E-04  7.6184044E-05
  1.1749016E-04  7.7604227E-05
  1.1858126E-04  7.9050743E-05
  1.1968239E-04  8.0524080E-05
  1.2079366E-04  8.2024732E-05
  1.2191515E-04  8.3553206E-05
  1.2304695E-04  8.5110014E-05
  1.2418917E-04  8.6695681E-05
  1.2534190E-04  8.8310740E-05
  1.2650523E-04  8.9955734E-05
  1.2767927E-04  9.1631216E-05
  1.2886410E-04  9.3337749E-05
  1.3005984E-04  9.5075907E-05
  1.3126658E-04  9.6846274E-05
  1.3248441E-04  9.8649446E-05
  1.3371345E-04  1.0048603E-04
  1.3495380E-04  1.0235664E-04
  1.3620556E-04  1.0426190E-04
  1.3746884E-04  1.0620247E-04
  1.3874373E-04  1.0817897E-04
  1.4003036E-04  1.1019210E-04
  1.4132882E-04  1.1224251E-04
  1.4263923E-04  1.1433089E-04
  1.4396169E-04  1.1645796E-04
  1.4529632E-04  1.1862441E-04
  1.4664323E-04  1.2083099E-04
  1.4800253E-04  1.2307843E-04
  1.4937433E-04  1.2536748E-04
  1.5075875E-04  1.2769891E-04
  1.5215591E-04  1.3007351E-04
  1.5356593E-04  1.3249207E-04
  1.5498891E-04  1.3495541E-04
  1.5642499E-04  1.3746434E-04
  1.5787428E-04  1.4001972E-04
  1.5933690E-04  1.4262240E-04
  1.6081297E-04  1.4527325E-04
  1.6230263E-04  1.4797316E-04
  1.6380599E-04  1.5072303E-04
  1.6532318E-04  1.5352380E-04
  1.6685433E-04  1.5637639E-04
  1.6839957E-04  1.5928177E-04
  1.6995902E-04  1.6224090E-04
  1.7153281E-04  1.6525479E-04
  1.7312109E-04  1.6832443E-04
  1.7472398E-04  1.7145087E-04
  1.7634161E-04  1.7463514E-04
  1.7797413E-04  1.7787831E-04
  1.7962166E-04  1.8118147E-04
  1.8128435E-04  1.8454573E-04
  1.8296234E-04  1.8797221E-04
  1.8465576E-04  1.9146206E-04
  1.8636477E-04  1.9501645E-04
  1.8808949E-04  1.9863657E-04
  1.8983008E-04  2.0232363E-04
  1.9158669E-04  2.0607887E-04
  1.9335946E-04  2.0990354E-04
  1.9514853E-04  2.1379892E-04
  1.9695406E-04  2.1776632E-04
  1.9877621E-04  2.2180706E-04
  2.0061512E-04  2.2592250E-04
  2.0247094E-04  2.3011402E-04
  2.0434384E-04  2.3438301E-04
  2.0623397E-04  2.3873090E-04
  2.0814148E-04  2.4315915E-04
  2.1006655E-04  2.4766924E-04
  2.1200932E-04  2.5226268E-04
  2.1396997E-04  2.5694100E-04
  2.1594866E-04  2.6170577E-04
  2.1794555E-04  2.6655858E-04
  2.1996081E-04  2.7150105E-04
  2.2199461E-04  2.7653484E-04
  2.2404712E-04  2.8166162E-04
  2.2611851E-04  2.8688311E-04
  2.2820896E-04  2.9220106E-04
  2.3031864E-04  2.9761724E-04
  2.3244773E-04  3.0313346E-04
  2.3459640E-04  3.0875156E-04
  2.3676485E-04  3.1447342E-04
  2.3895324E-04  3.2030096E-04
  2.4116176E-04  3.2623611E-04
  2.4339060E-04  3.3228086E-04
  2.4563995E-04  3.3843722E-04
  2.4790999E-04  3.4470726E-04
  2.5020092E-04  3.5109306E-04
  2.5251292E-04  3.5759676E-04
  2.5484619E-04  3.6422053E-04
  2.5720092E-04  3.7096656E-04
  2.5957732E-04  3.7783713E-04
  2.6197558E-04  3.8483452E-04
  2.6439591E-04  3.9196106E-04
  2.6683850E-04  3.9921912E-04
  2.6930356E-04  4.0661114E-04
  2.7179130E-04  4.1413958E-04
  2.7430192E-04  4.2180694E-04
  2.7683564E-04  4.2961578E-04
  2.7939268E-04  4.3756870E-04
  2.8197323E-04  4.4566837E-04
  2.8457753E-04  4.5391746E-04
  2.8720578E-04  4.6231874E-04
  2.8985822E-04  4.7087500E-04
  2.9253506E-04  4.7958910E-04
  2.9523652E-04  4.8846393E-04
  2.9796283E-04  4.9750245E-04
  3.0071423E-04  5.0670767E-04
  3.0349094E-04  5.1608266E-04
  3.0629319E-04  5.2563054E-04
  3.0912123E-04  5.3535448E-04
  3.1197528E-04  5.4525773E-04
  3.1485558E-04  5.5534358E-04
  3.1776239E-04  5.6561539E-04
  3.2069593E-04  5.7607657E-04
  3.2365647E-04  5.8673060E-04
  3.2664424E-04  5.9758104E-04
  3.2965950E-04  6.0863148E-04
  3.3270249E-04  6.1988560E-04
  3.3577349E-04  6.3134715E-04
  3.3887273E-04  6.4301994E-04
  3.4200049E-04  6.5490784E-04
  3.4515702E-04  6.6701482E-04
  3.4834259E-04  6.7934488E-04
  3.5155746E-04  6.9190214E-04
  3.5480191E-04  7.0469076E-04
  3.5807621E-04  7.1771499E-04
  3.6138064E-04  7.3097916E-04
  3.6471546E-04  7.4448767E-04
  3.6808096E-04  7.5824502E-04
  3.7147743E-04  7.7225576E-04
  3.7490514E-04  7.8652456E-04
  3.7836438E-04  8.0105614E-04
  3.8185545E-04  8.1585533E-04
  3.8537863E-04  8.3092704E-04
  3.8893423E-04  8.4627628E-04
  3.9252254E-04  8.6190814E-04
  3.9614386E-04  8.7782779E-04
  3.9979849E-04  8.9404053E-04
  4.0348675E-04  9.1055173E-04
  4.0720893E-04  9.2736686E-04
  4.1096536E-04  9.4449150E-04
  4.1475635E-04  9.6193132E-04
  4.1858222E-04  9.7969212E-04
  4.2244328E-04  9.9777976E-04
  4.2633986E-04  1.0162003E-03
  4.3027229E-04  1.0349597E-03
  4.3424090E-04  1.0540643E-03
  4.3824601E-04  1.0735204E-03
  4.4228797E-04  1.0933344E-03
  4.4636712E-04  1.1135129E-03
  4.5048380E-04  1.1340626E-03
  4.5463834E-04  1.1549903E-03
  4.5883111E-04  1.1763028E-03
  4.6306245E-04  1.1980074E-03
  4.6733272E-04  1.2201110E-03
  4.7164227E-04  1.2426211E-03
  4.7599147E-04  1.2655451E-03
  4.8038068E-04  1.2888905E-03
  4.8481027E-04  1.3126652E-03
  4.8928061E-04  1.3368769E-03
  4.9379207E-04  1.3615336E-03
  4.9834504E-04  1.3866435E-03
  5.0293990E-04  1.4122150E-03
  5.0757703E-04  1.4382564E-03
  5.1225682E-04  1.4647763E-03
  5.1697966E-04  1.4917835E-03
  5.2174595E-04  1.5192869E-03
  5.2655609E-04  1.5472956E-03
  5.3141048E-04  1.5758189E-03
  5.3630953E-04  1.6048661E-03
  5.4125364E-04  1.6344469E-03
  5.4624325E-04  1.6645709E-03
  5.5127876E-04  1.6952482E-03
  5.5636059E-04  1.7264888E-03
  5.6148917E-04  1.7583031E-03
  5.6666494E-04  1.7907014E-03
  5.7188832E-04  1.8236946E-03
  5.7715975E-04  1.8572935E-03
  5.8247968E-04  1.8915091E-03
  5.8784855E-04  1.9263528E-03
  5.9326682E-04  1.9618359E-03
  5.9873493E-04  1.9979702E-03
  6.0425334E-04  2.0347676E-03
  6.0982253E-04  2.0722401E-03
  6.1544294E-04  2.1104002E-03
  6.2111507E-04  2.1492603E-03
  6.2683937E-04  2.1888333E-03
  6.3261634E-04  2.2291321E-03
  6.3844646E-04  2.2701700E-03
  6.4433021E-04  2.3119605E-03
  6.5026809E-04  2.3545173E-03
  6.5626059E-04  2.3978545E-03
  6.6230823E-04  2.4419862E-03
  6.6841150E-04  2.4869269E-03
  6.7457092E-04  2.5326914E-03
  6.8078701E-04  2.5792948E-03
  6.8706028E-04  2.6267522E-03
  6.9339126E-04  2.6750794E-03
  6.9978049E-04  2.7242920E-03
  7.0622850E-04  2.7744064E-03
  7.1273582E-04  2.8254388E-03
  7.1930301E-04  2.8774061E-03
  7.2593062E-04  2.9303253E-03
  7.3261920E-04  2.9842137E-03
  7.3936932E-04  3.0390889E-03
  7.4618153E-04  3.0949690E-03
  7.5305641E-04  3.1518722E-03
  7.5999454E-04  3.2098172E-03
  7.6699650E-04  3.2688228E-03
  7.7406287E-04  3.3289085E-03
  7.8119426E-04  3.3900939E-03
  7.8839125E-04  3.4523990E-03
  7.9565445E-04  3.5158441E-03
  8.0298447E-04  3.5804501E-03
  8.1038192E-04  3.6462379E-03
  8.1784743E-04  3.7132291E-03
  8.2538162E-04  3.7814456E-03
  8.3298512E-04  3.8509097E-03
  8.4065857E-04  3.9216439E-03
  8.4840262E-04  3.9936715E-03
  8.5621791E-04  4.0670159E-03
  8.6410509E-04  4.1417009E-03
  8.7206484E-04  4.2177511E-03
  8.8009781E-04  4.2951911E-03
  8.8820469E-04  4.3740462E-03
  8.9638615E-04  4.4543421E-03
  9.0464287E-04  4.5361049E-03
  9.1297555E-04  4.6193613E-03
  9.2138489E-04  4.7041383E-03
  9.2987160E-04  4.7904636E-03
  9.3843638E-04  4.8783652E-03
  9.4707995E-04  4.9678717E-03
  9.5580304E-04  5.0590121E-03
  9.6460638E-04  5.1518162E-03
  9.7349072E-04  5.2463141E-03
  9.8245678E-04  5.3425364E-03
  9.9150533E-04  5.4405144E-03
  1.0006371E-03  5.5402800E-03
  1.0098529E-03  5.6418653E-03
  1.0191535E-03  5.7453036E-03
  1.0285397E-03  5.8506281E-03
  1.0380122E-03  5.9578732E-03
  1.0475718E-03  6.0670736E-03
  1.0572194E-03  6.1782645E-03
  1.0669557E-03  6.2914821E-03
  1.0767816E-03  6.4067630E-03
  1.0866980E-03  6.5241445E-03
  1.0967055E-03  6.6436645E-03
  1.1068051E-03  6.7653618E-03
  1.1169976E-03  6.8892756E-03
  1.1272839E-03  7.0154460E-03
  1.1376648E-03  7.1439137E-03
  1.1481412E-03  7.2747202E-03
  1.1587140E-03  7.4079078E-03
  1.1693841E-03  7.5435194E-03
  1.1801523E-03  7.6815988E-03
  1.1910196E-03  7.8221905E-03
  1.2019869E-03  7.9653397E-03
  1.2130551E-03  8.1110927E-03
  1.2242251E-03  8.2594963E-03
  1.2354978E-03  8.4105983E-03
  1.2468743E-03  8.5644473E-03
  1.2583554E-03  8.7210929E-03
  1.2699421E-03  8.8805854E-03
  1.2816354E-03  9.0429760E-03
  1.2934364E-03  9.2083169E-03
  1.3053458E-03  9.3766613E-03
  1.3173649E-03  9.5480631E-03
  1.3294945E-03  9.7225773E-03
  1.3417357E-03  9.9002600E-03
  1.3540895E-03  1.0081168E-02
  1.3665570E-03  1.0265359E-02
  1.3791391E-03  1.0452893E-02
  1.3918370E-03  1.0643829E-02
  1.4046518E-03  1.0838229E-02
  1.4175844E-03  1.1036154E-02
  1.4306360E-03  1.1237668E-02
  1.4438077E-03  1.1442836E-02
  1.4571005E-03  1.1651722E-02
  1.4705157E-03  1.1864394E-02
  1.4840542E-03  1.2080919E-02
  1.4977173E-03  1.2301367E-02
  1.5115061E-03  1.2525807E-02
  1.5254218E-03  1.2754312E-02
  1.5394654E-03  1.2986954E-02
  1.5536383E-03  1.3223807E-02
  1.5679416E-03  1.3464947E-02
  1.5823764E-03  1.3710449E-02
  1.5969441E-03  1.3960393E-02
  1.6116457E-03  1.4214858E-02
  1.6264826E-03  1.4473923E-02
  1.6414560E-03  1.4737673E-02
  1.6565672E-03  1.5006189E-02
  1.6718174E-03  1.5279558E-02
  1.6872078E-03  1.5557866E-02
  1.7027399E-03  1.5841202E-02
  1.7184149E-03  1.6129654E-02
  1.7342340E-03  1.6423314E-02
  1.7501987E-03  1.6722274E-02
  1.7663103E-03  1.7026631E-02
  1.7825700E-03  1.7336478E-02
  1.7989794E-03  1.7651915E-02
  1.8155397E-03  1.7973041E-02
  1.8322524E-03  1.8299956E-02
  1.8491188E-03  1.8632764E-02
  1.8661404E-03  1.8971570E-02
  1.8833186E-03  1.9316481E-02
  1.9006549E-03  1.9667604E-02
  1.9181506E-03  2.0025050E-02
  1.9358072E-03  2.0388932E-02
  1.9536264E-03  2.0759363E-02
  1.9716094E-03  2.1136460E-02
  1.9897579E-03  2.1520340E-02
  2.0080733E-03  2.1911125E-02
  2.0265572E-03  2.2308937E-02
  2.0452112E-03  2.2713899E-02
  2.0640368E-03  2.3126140E-02
  2.0830356E-03  2.3545786E-02
  2.1022092E-03  2.3972970E-02
  2.1215591E-03  2.4407825E-02
  2.1410871E-03  2.4850486E-02
  2.1607947E-03  2.5301091E-02
  2.1806836E-03  2.5759780E-02
  2.2007555E-03  2.6226697E-02
  2.2210121E-03  2.6701986E-02
  2.2414550E-03  2.7185794E-02
  2.2620860E-03  2.7678273E-02
  2.2829068E-03  2.8179575E-02
  2.3039191E-03  2.8689856E-02
  2.3251247E-03  2.9209272E-02
  2.3465254E-03  2.9737986E-02
  2.3681230E-03  3.0276160E-02
  2.3899193E-03  3.0823961E-02
  2.4119161E-03  3.1381559E-02
  2.4341153E-03  3.1949124E-02
  2.4565187E-03  3.2526832E-02
  2.4791282E-03  3.3114861E-02
  2.5019457E-03  3.3713392E-02
  2.5249731E-03  3.4322610E-02
  2.5482124E-03  3.4942700E-02
  2.5716655E-03  3.5573854E-02
  2.5953343E-03  3.6216265E-02
  2.6192209E-03  3.6870130E-02
  2.6433272E-03  3.7535649E-02
  2.6676553E-03  3.8213026E-02
  2.6922072E-03  3.8902468E-02
  2.7169850E-03  3.9604185E-02
  2.7419907E-03  4.0318392E-02
  2.7672264E-03  4.1045306E-02
  2.7926944E-03  4.1785148E-02
  2.8183966E-03  4.2538144E-02
  2.8443353E-03  4.3304523E-02
  2.8705126E-03  4.4084517E-02
  2.8969307E-03  4.4878362E-02
  2.9235919E-03  4.5686301E-02
  2.9504983E-03  4.6508576E-02
  2.9776523E-03  4.7345438E-02
  3.0050561E-03  4.8197138E-02
  3.0327120E-03  4.9063934E-02
  3.0606223E-03  4.9946087E-02
  3.0887894E-03  5.0843863E-02
  3.1172156E-03  5.1757533E-02
  3.1459034E-03  5.2687371E-02
  3.1748550E-03  5.3633655E-02
  3.2040730E-03  5.4596671E-02
  3.2335598E-03  5.5576706E-02
  3.2633179E-03  5.6574055E-02
  3.2933497E-03  5.7589014E-02
  3.3236578E-03  5.8621888E-02
  3.3542448E-03  5.9672984E-02
  3.3851131E-03  6.0742616E-02
  3.4162654E-03  6.1831102E-02
  3.4477043E-03  6.2938766E-02
  3.4794325E-03  6.4065936E-02
  3.5114525E-03  6.5212947E-02
  3.5437671E-03  6.6380139E-02
  3.5763790E-03  6.7567857E-02
  3.6092909E-03  6.8776452E-02
  3.6425056E-03  7.0006281E-02
  3.6760258E-03  7.1257706E-02
  3.7098545E-03  7.2531095E-02
  3.7439943E-03  7.3826824E-02
  3.7784482E-03  7.5145272E-02
  3.8132191E-03  7.6486827E-02
  3.8483099E-03  7.7851881E-02
  3.8837235E-03  7.9240833E-02
  3.9194629E-03  8.0654090E-02
  3.9555310E-03  8.2092063E-02
  3.9919310E-03  8.3555171E-02
  4.0286659E-03  8.5043841E-02
  4.0657387E-03  8.6558504E-02
  4.1031526E-03  8.8099599E-02
  4.1409107E-03  8.9667574E-02
  4.1790161E-03  9.1262882E-02
  4.2174721E-03  9.2885983E-02
  4.2562819E-03  9.4537345E-02
  4.2954487E-03  9.6217445E-02
  4.3349759E-03  9.7926765E-02
  4.3748667E-03  9.9665796E-02
  4.4151244E-03  1.0143504E-01
  4.4557526E-03  1.0323499E-01
  4.4967545E-03  1.0506618E-01
  4.5381336E-03  1.0692912E-01
  4.5798933E-03  1.0882434E-01
  4.6220373E-03  1.1075239E-01
  4.6645690E-03  1.1271380E-01
  4.7074919E-03  1.1470914E-01
  4.7508097E-03  1.1673897E-01
  4.7945261E-03  1.1880387E-01
  4.8386446E-03  1.2090441E-01
  4.8831690E-03  1.2304119E-01
  4.9281030E-03  1.2521480E-01
  4.9734504E-03  1.2742586E-01
  5.0192150E-03  1.2967499E-01
  5.0654006E-03  1.3196282E-01
  5.1120110E-03  1.3428998E-01
  5.1590503E-03  1.3665712E-01
  5.2065224E-03  1.3906490E-01
  5.2544311E-03  1.4151399E-01
  5.3027807E-03  1.4400507E-01
  5.3515750E-03  1.4653882E-01
  5.4008182E-03  1.4911595E-01
  5.4505144E-03  1.5173715E-01
  5.5006679E-03  1.5440317E-01
  5.5512827E-03  1.5711471E-01
  5.6023631E-03  1.5987254E-01
  5.6539135E-03  1.6267739E-01
  5.7059382E-03  1.6553004E-01
  5.7584414E-03  1.6843125E-01
  5.8114277E-03  1.7138183E-01
  5.8649014E-03  1.7438256E-01
  5.9188671E-03  1.7743426E-01
  5.9733292E-03  1.8053775E-01
  6.0282924E-03  1.8369386E-01
  6.0837612E-03  1.8690345E-01
  6.1397404E-03  1.9016737E-01
  6.1962345E-03  1.9348649E-01
  6.2532483E-03  1.9686170E-01
  6.3107867E-03  2.0029389E-01
  6.3688544E-03  2.0378398E-01
  6.4274563E-03  2.0733290E-01
  6.4865973E-03  2.1094157E-01
  6.5462824E-03  2.1461095E-01
  6.6065166E-03  2.1834200E-01
  6.6673049E-03  2.2213569E-01
  6.7286524E-03  2.2599304E-01
  6.7905644E-03  2.2991502E-01
  6.8530459E-03  2.3390268E-01
  6.9161022E-03  2.3795703E-01
  6.9797386E-03  2.4207914E-01
  7.0439605E-03  2.4627006E-01
  7.1087732E-03  2.5053087E-01
  7.1741821E-03  2.5486266E-01
  7.2401928E-03  2.5926655E-01
  7.3068108E-03  2.6374366E-01
  7.3740416E-03  2.6829512E-01
  7.4418910E-03  2.7292209E-01
  7.5103645E-03  2.7762574E-01
  7.5794680E-03  2.8240725E-01
  7.6492072E-03  2.8726784E-01
  7.7195880E-03  2.9220871E-01
  7.7906162E-03  2.9723110E-01
  7.8622979E-03  3.0233627E-01
  7.9346391E-03  3.0752548E-01
  8.0076458E-03  3.1280001E-01
  8.0813241E-03  3.1816117E-01
  8.1556802E-03  3.2361027E-01
  8.2307204E-03  3.2914866E-01
  8.3064510E-03  3.3477767E-01
  8.3828782E-03  3.4049870E-01
  8.4600086E-03  3.4631311E-01
  8.5378485E-03  3.5222233E-01
  8.6164045E-03  3.5822777E-01
  8.6956833E-03  3.6433087E-01
  8.7756913E-03  3.7053310E-01
  8.8564354E-03  3.7683593E-01
  8.9379224E-03  3.8324086E-01
  9.0201590E-03  3.8974941E-01
  9.1031522E-03  3.9636311E-01
  9.1869088E-03  4.0308351E-01
  9.2714360E-03  4.0991219E-01
  9.3567409E-03  4.1685074E-01
  9.4428305E-03  4.2390076E-01
  9.5297121E-03  4.3106390E-01
  9.6173930E-03  4.3834178E-01
  9.7058805E-03  4.4573610E-01
  9.7951821E-03  4.5324852E-01
  9.8853053E-03  4.6088077E-01
  9.9762576E-03  4.6863456E-01
  1.0068047E-02  4.7651165E-01
  1.0160680E-02  4.8451381E-01
  1.0254166E-02  4.9264282E-01
  1.0348511E-02  5.0090048E-01
  1.0443725E-02  5.0928863E-01
  1.0539814E-02  5.1780912E-01
  1.0636788E-02  5.2646381E-01
  1.0734654E-02  5.3525460E-01
  1.0833420E-02  5.4418339E-01
  1.0933094E-02  5.5325211E-01
  1.1033686E-02  5.6246271E-01
  1.1135203E-02  5.7181716E-01
  1.1237654E-02  5.8131746E-01
  1.1341048E-02  5.9096562E-01
  1.1445392E-02  6.0076367E-01
  1.1550697E-02  6.1071366E-01
  1.1656970E-02  6.2081766E-01
  1.1764221E-02  6.3107778E-01
  1.1872459E-02  6.4149613E-01
  1.1981693E-02  6.5207483E-01
  1.2091931E-02  6.6281606E-01
  1.2203184E-02  6.7372197E-01
  1.2315460E-02  6.8479478E-01
  1.2428769E-02  6.9603670E-01
  1.2543120E-02  7.0744996E-01
  1.2658524E-02  7.1903683E-01
  1.2774989E-02  7.3079958E-01
  1.2892525E-02  7.4274050E-01
  1.3011143E-02  7.5486192E-01
  1.3130852E-02  7.6716617E-01
  1.3251662E-02  7.7965562E-01
  1.3373584E-02  7.9233262E-01
  1.3496628E-02  8.0519959E-01
  1.3620803E-02  8.1825893E-01
  1.3746121E-02  8.3151308E-01
  1.3872592E-02  8.4496448E-01
  1.4000226E-02  8.5861562E-01
  1.4129034E-02  8.7246897E-01
  1.4259028E-02  8.8652705E-01
  1.4390217E-02  9.0079237E-01
  1.4522613E-02  9.1526748E-01
  1.4656227E-02  9.2995493E-01
  1.4791071E-02  9.4485731E-01
  1.4927155E-02  9.5997719E-01
  1.5064490E-02  9.7531720E-01
  1.5203090E-02  9.9087995E-01
  1.5342964E-02  1.0066681E+00
  1.5484125E-02  1.0226842E+00
  1.5626585E-02  1.0389311E+00
  1.5770356E-02  1.0554113E+00
  1.5915449E-02  1.0721277E+00
  1.6061877E-02  1.0890828E+00
  1.6209652E-02  1.1062794E+00
  1.6358786E-02  1.1237202E+00
  1.6509292E-02  1.1414080E+00
  1.6661184E-02  1.1593456E+00
  1.6814472E-02  1.1775357E+00
  1.6969171E-02  1.1959810E+00
  1.7125292E-02  1.2146844E+00
  1.7282851E-02  1.2336487E+00
  1.7441858E-02  1.2528766E+00
  1.7602329E-02  1.2723709E+00
  1.7764275E-02  1.2921346E+00
  1.7927712E-02  1.3121703E+00
  1.8092652E-02  1.3324809E+00
  1.8259110E-02  1.3530693E+00
  1.8427099E-02  1.3739382E+00
  1.8596633E-02  1.3950905E+00
  1.8767727E-02  1.4165291E+00
  1.8940395E-02  1.4382567E+00
  1.9114652E-02  1.4602762E+00
  1.9290511E-02  1.4825904E+00
  1.9467989E-02  1.5052022E+00
  1.9647099E-02  1.5281143E+00
  1.9827857E-02  1.5513296E+00
  2.0010278E-02  1.5748509E+00
  2.0194377E-02  1.5986810E+00
  2.0380170E-02  1.6228227E+00
  2.0567672E-02  1.6472788E+00
  2.0756899E-02  1.6720520E+00
  2.0947867E-02  1.6971451E+00
  2.1140592E-02  1.7225609E+00
  2.1335089E-02  1.7483021E+00
  2.1531376E-02  1.7743714E+00
  2.1729469E-02  1.8007715E+00
  2.1929385E-02  1.8275050E+00
  2.2131139E-02  1.8545747E+00
  2.2334750E-02  1.8819832E+00
  2.2540233E-02  1.9097330E+00
  2.2747607E-02  1.9378268E+00
  2.2956889E-02  1.9662671E+00
  2.3168096E-02  1.9950564E+00
  2.3381246E-02  2.0241973E+00
  2.3596358E-02  2.0536922E+00
  2.3813448E-02  2.0835434E+00
  2.4032535E-02  2.1137535E+00
  2.4253638E-02  2.1443247E+00
  2.4476775E-02  2.1752594E+00
  2.4701964E-02  2.2065598E+00
  2.4929226E-02  2.2382281E+00
  2.5158578E-02  2.2702666E+00
  2.5390040E-02  2.3026773E+00
  2.5623631E-02  2.3354623E+00
  2.5859372E-02  2.3686237E+00
  2.6097281E-02  2.4021633E+00
  2.6337379E-02  2.4360832E+00
  2.6579686E-02  2.4703851E+00
  2.6824222E-02  2.5050708E+00
  2.7071007E-02  2.5401420E+00
  2.7320063E-02  2.5756004E+00
  2.7571410E-02  2.6114476E+00
  2.7825070E-02  2.6476850E+00
  2.8081063E-02  2.6843140E+00
  2.8339411E-02  2.7213361E+00
  2.8600136E-02  2.7587525E+00
  2.8863259E-02  2.7965643E+00
  2.9128803E-02  2.8347727E+00
  2.9396790E-02  2.8733786E+00
  2.9667243E-02  2.9123829E+00
  2.9940183E-02  2.9517865E+00
  3.0215635E-02  2.9915901E+00
  3.0493620E-02  3.0317943E+00
  3.0774163E-02  3.0723995E+00
  3.1057287E-02  3.1134063E+00
  3.1343016E-02  3.1548147E+00
  3.1631373E-02  3.1966251E+00
  3.1922383E-02  3.2388375E+00
  3.2216070E-02  3.2814517E+00
  3.2512459E-02  3.3244677E+00
  3.2811575E-02  3.3678850E+00
  3.3113442E-02  3.4117032E+00
  3.3418087E-02  3.4559217E+00
  3.3725534E-02  3.5005398E+00
  3.4035810E-02  3.5455566E+00
  3.4348940E-02  3.5909711E+00
  3.4664951E-02  3.6367821E+00
  3.4983869E-02  3.6829883E+00
  3.5305721E-02  3.7295881E+00
  3.5630534E-02  3.7765801E+00
  3.5958335E-02  3.8239622E+00
  3.6289152E-02  3.8717327E+00
  3.6623012E-02  3.9198892E+00
  3.6959944E-02  3.9684296E+00
  3.7299975E-02  4.0173513E+00
  3.7643135E-02  4.0666515E+00
  3.7989451E-02  4.1163276E+00
  3.8338954E-02  4.1663763E+00
  3.8691672E-02  4.2167945E+00
  3.9047635E-02  4.2675786E+00
  3.9406872E-02  4.3187251E+00
  3.9769414E-02  4.3702300E+00
  4.0135292E-02  4.4220893E+00
  4.0504536E-02  4.4742988E+00
  4.0877176E-02  4.5268539E+00
  4.1253245E-02  4.5797498E+00
  4.1632774E-02  4.6329818E+00
  4.2015794E-02  4.6865445E+00
  4.2402338E-02  4.7404326E+00
  4.2792437E-02  4.7946405E+00
  4.3186126E-02  4.8491622E+00
  4.3583436E-02  4.9039917E+00
  4.3984402E-02  4.9591226E+00
  4.4389057E-02  5.0145483E+00
  4.4797434E-02  5.0702619E+00
  4.5209568E-02  5.1262563E+00
  4.5625493E-02  5.1825241E+00
  4.6045245E-02  5.2390578E+00
  4.6468859E-02  5.2958493E+00
  4.6896370E-02  5.3528905E+00
  4.7327813E-02  5.4101730E+00
  4.7763226E-02  5.4676880E+00
  4.8202645E-02  5.5254265E+00
  4.8646106E-02  5.5833794E+00
  4.9093646E-02  5.6415369E+00
  4.9545304E-02  5.6998894E+00
  5.0001118E-02  5.7584266E+00
  5.0461124E-02  5.8171381E+00
  5.0925362E-02  5.8760132E+00
  5.1393872E-02  5.9350409E+00
  5.1866691E-02  5.9942100E+00
  5.2343860E-02  6.0535088E+00
  5.2825419E-02  6.1129255E+00
  5.3311409E-02  6.1724477E+00
  5.3801869E-02  6.2320632E+00
  5.4296841E-02  6.2917590E+00
  5.4796367E-02  6.3515221E+00
  5.5300489E-02  6.4113391E+00
  5.5809248E-02  6.4711962E+00
  5.6322688E-02  6.5310795E+00
  5.6840851E-02  6.5909747E+00
  5.7363781E-02  6.6508671E+00
  5.7891522E-02  6.7107418E+00
  5.8424118E-02  6.7705837E+00
  5.8961614E-02  6.8303771E+00
  5.9504054E-02  6.8901064E+00
  6.0051485E-02  6.9497553E+00
  6.0603952E-02  7.0093074E+00
  6.1161502E-02  7.0687461E+00
  6.1724180E-02  7.1280543E+00
  6.2292036E-02  7.1872147E+00
  6.2865115E-02  7.2462098E+00
  6.3443467E-02  7.3050217E+00
  6.4027139E-02  7.3636323E+00
  6.4616181E-02  7.4220230E+00
  6.5210642E-02  7.4801753E+00
  6.5810572E-02  7.5380701E+00
  6.6416021E-02  7.5956882E+00
  6.7027040E-02  7.6530101E+00
  6.7643680E-02  7.7100161E+00
  6.8265994E-02  7.7666862E+00
  6.8894032E-02  7.8230001E+00
  6.9527848E-02  7.8789374E+00
  7.0167495E-02  7.9344774E+00
  7.0813026E-02  7.9895991E+00
  7.1464496E-02  8.0442813E+00
  7.2121960E-02  8.0985029E+00
  7.2785472E-02  8.1522421E+00
  7.3455088E-02  8.2054773E+00
  7.4130865E-02  8.2581866E+00
  7.4812858E-02  8.3103478E+00
  7.5501126E-02  8.3619388E+00
  7.6195725E-02  8.4129371E+00
  7.6896715E-02  8.4633203E+00
  7.7604153E-02  8.5130655E+00
  7.8318100E-02  8.5621501E+00
  7.9038615E-02  8.6105513E+00
  7.9765758E-02  8.6582459E+00
  8.0499591E-02  8.7052110E+00
  8.1240175E-02  8.7514234E+00
  8.1987572E-02  8.7968600E+00
  8.2741845E-02  8.8414975E+00
  8.3503057E-02  8.8853128E+00
  8.4271272E-02  8.9282826E+00
  8.5046554E-02  8.9703837E+00
  8.5828969E-02  9.0115928E+00
  8.6618581E-02  9.0518868E+00
  8.7415458E-02  9.0912426E+00
  8.8219666E-02  9.1296372E+00
  8.9031272E-02  9.1670476E+00
  8.9850345E-02  9.2034510E+00
  9.0676954E-02  9.2388247E+00
  9.1511166E-02  9.2731461E+00
  9.2353054E-02  9.3063928E+00
  9.3202686E-02  9.3385427E+00
  9.4060135E-02  9.3695738E+00
  9.4925472E-02  9.3994642E+00
  9.5798770E-02  9.4281925E+00
  9.6680102E-02  9.4557373E+00
  9.7569542E-02  9.4820778E+00
  9.8467165E-02  9.5071933E+00
  9.9373045E-02  9.5310634E+00
  1.0028726E-01  9.5536682E+00
  1.0120988E-01  9.5749880E+00
  1.0214100E-01  9.5950037E+00
  1.0308068E-01  9.6136966E+00
  1.0402900E-01  9.6310482E+00
  1.0498605E-01  9.6470407E+00
  1.0595190E-01  9.6616568E+00
  1.0692664E-01  9.6748796E+00
  1.0791034E-01  9.6866928E+00
  1.0890310E-01  9.6970805E+00
  1.0990499E-01  9.7060278E+00
  1.1091609E-01  9.7135199E+00
  1.1193650E-01  9.7195430E+00
  1.1296629E-01  9.7240838E+00
  1.1400556E-01  9.7271298E+00
  1.1505439E-01  9.7286689E+00
  1.1611287E-01  9.7286902E+00
  1.1718109E-01  9.7271832E+00
  1.1825913E-01  9.7241382E+00
  1.1934709E-01  9.7195464E+00
  1.2044506E-01  9.7133999E+00
  1.2155313E-01  9.7056914E+00
  1.2267140E-01  9.6964147E+00
  1.2379995E-01  9.6855643E+00
  1.2493888E-01  9.6731358E+00
  1.2608830E-01  9.6591256E+00
  1.2724828E-01  9.6435311E+00
  1.2841894E-01  9.6263506E+00
  1.2960037E-01  9.6075835E+00
  1.3079267E-01  9.5872301E+00
  1.3199594E-01  9.5652919E+00
  1.3321027E-01  9.5417712E+00
  1.3443578E-01  9.5166716E+00
  1.3567256E-01  9.4899976E+00
  1.3692072E-01  9.4617550E+00
  1.3818036E-01  9.4319506E+00
  1.3945159E-01  9.4005921E+00
  1.4073452E-01  9.3676889E+00
  1.4202925E-01  9.3332509E+00
  1.4333589E-01  9.2972897E+00
  1.4465455E-01  9.2598178E+00
  1.4598534E-01  9.2208490E+00
  1.4732837E-01  9.1803981E+00
  1.4868376E-01  9.1384813E+00
  1.5005162E-01  9.0951161E+00
  1.5143207E-01  9.0503208E+00
  1.5282521E-01  9.0041154E+00
  1.5423117E-01  8.9565208E+00
  1.5565006E-01  8.9075593E+00
  1.5708201E-01  8.8572542E+00
  1.5852713E-01  8.8056303E+00
  1.5998554E-01  8.7527134E+00
  1.6145738E-01  8.6985307E+00
  1.6294275E-01  8.6431103E+00
  1.6444179E-01  8.5864819E+00
  1.6595462E-01  8.5286761E+00
  1.6748136E-01  8.4697248E+00
  1.6902215E-01  8.4096611E+00
  1.7057712E-01  8.3485191E+00
  1.7214639E-01  8.2863342E+00
  1.7373010E-01  8.2231429E+00
  1.7532838E-01  8.1589827E+00
  1.7694136E-01  8.0938924E+00
  1.7856918E-01  8.0279116E+00
  1.8021198E-01  7.9610812E+00
  1.8186989E-01  7.8934431E+00
  1.8354305E-01  7.8250398E+00
  1.8523161E-01  7.7559154E+00
  1.8693570E-01  7.6861144E+00
  1.8865546E-01  7.6156826E+00
  1.9039105E-01  7.5446663E+00
  1.9214261E-01  7.4731129E+00
  1.9391027E-01  7.4010706E+00
  1.9569420E-01  7.3285883E+00
  1.9749455E-01  7.2557156E+00
  1.9931145E-01  7.1825029E+00
  2.0114507E-01  7.1090011E+00
  2.0299556E-01  7.0352617E+00
  2.0486307E-01  6.9613370E+00
  2.0674776E-01  6.8872796E+00
  2.0864980E-01  6.8131425E+00
  2.1056933E-01  6.7389794E+00
  2.1250652E-01  6.6648440E+00
  2.1446153E-01  6.5907906E+00
  2.1643452E-01  6.5168736E+00
  2.1842567E-01  6.4431478E+00
  2.2043513E-01  6.3696678E+00
  2.2246309E-01  6.2964887E+00
  2.2450969E-01  6.2236654E+00
  2.2657513E-01  6.1512527E+00
  2.2865957E-01  6.0793056E+00
  2.3076318E-01  6.0078787E+00
  2.3288615E-01  5.9370265E+00
  2.3502865E-01  5.8668034E+00
  2.3719086E-01  5.7972631E+00
  2.3937295E-01  5.7284594E+00
  2.4157513E-01  5.6604451E+00
  2.4379756E-01  5.5932730E+00
  2.4604044E-01  5.5269951E+00
  2.4830396E-01  5.4616627E+00
  2.5058829E-01  5.3973266E+00
  2.5289364E-01  5.3340366E+00
  2.5522021E-01  5.2718419E+00
  2.5756817E-01  5.2107907E+00
  2.5993774E-01  5.1509303E+00
  2.6232910E-01  5.0923070E+00
  2.6474246E-01  5.0349660E+00
  2.6717803E-01  4.9789514E+00
  2.6963600E-01  4.9243062E+00
  2.7211659E-01  4.8710719E+00
  2.7462000E-01  4.8192889E+00
  2.7714643E-01  4.7689964E+00
  2.7969611E-01  4.7202318E+00
  2.8226925E-01  4.6730314E+00
  2.8486606E-01  4.6274298E+00
  2.8748676E-01  4.5834600E+00
  2.9013156E-01  4.5411535E+00
  2.9280070E-01  4.5005401E+00
  2.9549440E-01  4.4616479E+00
  2.9821287E-01  4.4245033E+00
  3.0095636E-01  4.3891307E+00
  3.0372508E-01  4.3555530E+00
  3.0651928E-01  4.3237910E+00
  3.0933918E-01  4.2938636E+00
  3.1218503E-01  4.2657879E+00
  3.1505705E-01  4.2395790E+00
  3.1795550E-01  4.2152498E+00
  3.2088061E-01  4.1928114E+00
  3.2383263E-01  4.1722730E+00
  3.2681181E-01  4.1536413E+00
  3.2981840E-01  4.1369212E+00
  3.3285264E-01  4.1221156E+00
  3.3591481E-01  4.1092252E+00
  3.3900514E-01  4.0982483E+00
  3.4212390E-01  4.0891815E+00
  3.4527135E-01  4.0820191E+00
  3.4844776E-01  4.0767533E+00
  3.5165340E-01  4.0733740E+00
  3.5488852E-01  4.0718693E+00
  3.5815340E-01  4.0722249E+00
  3.6144833E-01  4.0744246E+00
  3.6477356E-01  4.0784499E+00
  3.6812938E-01  4.0842806E+00
  3.7151608E-01  4.0918939E+00
  3.7493394E-01  4.1012655E+00
  3.7838323E-01  4.1123687E+00
  3.8186426E-01  4.1251752E+00
  3.8537732E-01  4.1396544E+00
  3.8892269E-01  4.1557739E+00
  3.9250068E-01  4.1734996E+00
  3.9611159E-01  4.1927953E+00
  3.9975571E-01  4.2136232E+00
  4.0343336E-01  4.2359436E+00
  4.0714485E-01  4.2597152E+00
  4.1089048E-01  4.2848951E+00
  4.1467056E-01  4.3114385E+00
  4.1848543E-01  4.3392994E+00
  4.2233539E-01  4.3684302E+00
  4.2622076E-01  4.3987816E+00
  4.3014189E-01  4.4303033E+00
  4.3409908E-01  4.4629434E+00
  4.3809268E-01  4.4966489E+00
  4.4212302E-01  4.5313656E+00
  4.4619044E-01  4.5670381E+00
  4.5029528E-01  4.6036100E+00
  4.5443788E-01  4.6410238E+00
  4.5861859E-01  4.6792212E+00
  4.6283776E-01  4.7181431E+00
  4.6709575E-01  4.7577294E+00
  4.7139291E-01  4.7979196E+00
  4.7572960E-01  4.8386523E+00
  4.8010619E-01  4.8798658E+00
  4.8452304E-01  4.9214977E+00
  4.8898053E-01  4.9634853E+00
  4.9347902E-01  5.0057656E+00
  4.9801890E-01  5.0482753E+00
  5.0260055E-01  5.0909510E+00
  5.0722434E-01  5.1337292E+00
  5.1189067E-01  5.1765464E+00
  5.1659994E-01  5.2193390E+00
  5.2135252E-01  5.2620437E+00
  5.2614883E-01  5.3045974E+00
  5.3098926E-01  5.3469373E+00
  5.3587422E-01  5.3890010E+00
  5.4080413E-01  5.4307263E+00
  5.4577938E-01  5.4720519E+00
  5.5080041E-01  5.5129168E+00
  5.5586763E-01  5.5532608E+00
  5.6098147E-01  5.5930243E+00
  5.6614235E-01  5.6321486E+00
  5.7135071E-01  5.6705760E+00
  5.7660699E-01  5.7082494E+00
  5.8191162E-01  5.7451129E+00
  5.8726505E-01  5.7811117E+00
  5.9266774E-01  5.8161922E+00
  5.9812012E-01  5.8503016E+00
  6.0362267E-01  5.8833888E+00
  6.0917584E-01  5.9154038E+00
  6.1478010E-01  5.9462979E+00
  6.2043591E-01  5.9760238E+00
  6.2614376E-01  6.0045359E+00
  6.3190412E-01  6.0317898E+00
  6.3771747E-01  6.0577428E+00
  6.4358430E-01  6.0823539E+00
  6.4950511E-01  6.1055835E+00
  6.5548038E-01  6.1273939E+00
  6.6151063E-01  6.1477490E+00
  6.6759635E-01  6.1666145E+00
  6.7373806E-01  6.1839578E+00
  6.7993627E-01  6.1997482E+00
  6.8619151E-01  6.2139568E+00
  6.9250429E-01  6.2265566E+00
  6.9887514E-01  6.2375225E+00
  7.0530461E-01  6.2468312E+00
  7.1179322E-01  6.2544615E+00
  7.1834153E-01  6.2603939E+00
  7.2495008E-01  6.2646111E+00
  7.3161943E-01  6.2670977E+00
  7.3835013E-01  6.2678400E+00
  7.4514276E-01  6.2668267E+00
  7.5199787E-01  6.2640482E+00
  7.5891605E-01  6.2594969E+00
  7.6589788E-01  6.2531673E+00
  7.7294393E-01  6.2450556E+00
  7.8005481E-01  6.2351601E+00
  7.8723111E-01  6.2234813E+00
  7.9447342E-01  6.2100211E+00
  8.0178237E-01  6.1947837E+00
  8.0915855E-01  6.1777751E+00
  8.1660259E-01  6.1590032E+00
  8.2411512E-01  6.1384775E+00
  8.3169676E-01  6.1162097E+00
  8.3934814E-01  6.0922131E+00
  8.4706992E-01  6.0665026E+00
  8.5486274E-01  6.0390951E+00
  8.6272724E-01  6.0100092E+00
  8.7066410E-01  5.9792648E+00
  8.7867398E-01  5.9468839E+00
  8.8675754E-01  5.9128897E+00
  8.9491548E-01  5.8773072E+00
  9.0314846E-01  5.8401626E+00
  9.1145718E-01  5.8014838E+00
  9.1984234E-01  5.7613001E+00
  9.2830464E-01  5.7196419E+00
  9.3684480E-01  5.6765412E+00
  9.4546352E-01  5.6320310E+00
  9.5416153E-01  5.5861456E+00
  9.6293955E-01  5.5389205E+00
  9.7179834E-01  5.4903922E+00
  9.8073862E-01  5.4405983E+00
  9.8976115E-01  5.3895772E+00
  9.9886669E-01  5.3373684E+00
  1.0080560E+00  5.2840122E+00
  1.0173298E+00  5.2295496E+00
  1.0266890E+00  5.1740225E+00
  1.0361343E+00  5.1174733E+00
  1.0456664E+00  5.0599452E+00
  1.0552863E+00  5.0014817E+00
  1.0649946E+00  4.9421272E+00
  1.0747923E+00  4.8819260E+00
  1.0846801E+00  4.8209232E+00
  1.0946588E+00  4.7591641E+00
  1.1047294E+00  4.6966941E+00
  1.1148926E+00  4.6335589E+00
  1.1251493E+00  4.5698044E+00
  1.1355004E+00  4.5054765E+00
  1.1459467E+00  4.4406211E+00
  1.1564891E+00  4.3752841E+00
  1.1671285E+00  4.3095112E+00
  1.1778657E+00  4.2433481E+00
  1.1887018E+00  4.1768403E+00
  1.1996375E+00  4.1100327E+00
  1.2106738E+00  4.0429704E+00
  1.2218117E+00  3.9756978E+00
  1.2330521E+00  3.9082590E+00
  1.2443958E+00  3.8406974E+00
  1.2558439E+00  3.7730563E+00
  1.2673973E+00  3.7053782E+00
  1.2790570E+00  3.6377050E+00
  1.2908240E+00  3.5700781E+00
  1.3026992E+00  3.5025379E+00
  1.3146837E+00  3.4351244E+00
  1.3267784E+00  3.3678768E+00
  1.3389844E+00  3.3008334E+00
  1.3513027E+00  3.2340317E+00
  1.3637344E+00  3.1675084E+00
  1.3762803E+00  3.1012992E+00
  1.3889417E+00  3.0354390E+00
  1.4017196E+00  2.9699617E+00
  1.4146151E+00  2.9049002E+00
  1.4276291E+00  2.8402864E+00
  1.4407629E+00  2.7761514E+00
  1.4540176E+00  2.7125250E+00
  1.4673941E+00  2.6494361E+00
  1.4808938E+00  2.5869124E+00
  1.4945176E+00  2.5249808E+00
  1.5082667E+00  2.4636668E+00
  1.5221424E+00  2.4029949E+00
  1.5361457E+00  2.3429887E+00
  1.5502778E+00  2.2836705E+00
  1.5645399E+00  2.2250614E+00
  1.5789332E+00  2.1671815E+00
  1.5934590E+00  2.1100500E+00
  1.6081184E+00  2.0536845E+00
  1.6229126E+00  1.9981020E+00
  1.6378430E+00  1.9433179E+00
  1.6529107E+00  1.8893470E+00
  1.6681170E+00  1.8362026E+00
  1.6834632E+00  1.7838971E+00
  1.6989506E+00  1.7324419E+00
  1.7145805E+00  1.6818470E+00
  1.7303542E+00  1.6321219E+00
  1.7462730E+00  1.5832744E+00
  1.7623382E+00  1.5353119E+00
  1.7785512E+00  1.4882404E+00
  1.7949134E+00  1.4420651E+00
  1.8114261E+00  1.3967900E+00
  1.8280908E+00  1.3524185E+00
  1.8449087E+00  1.3089529E+00
  1.8618813E+00  1.2663944E+00
  1.8790101E+00  1.2247436E+00
  1.8962965E+00  1.1840002E+00
  1.9137419E+00  1.1441630E+00
  1.9313478E+00  1.1052298E+00
  1.9491157E+00  1.0671980E+00
  1.9670470E+00  1.0300640E+00
  1.9851433E+00  9.9382345E-01
  2.0034061E+00  9.5847136E-01
  2.0218369E+00  9.2400203E-01
  2.0404372E+00  8.9040912E-01
  2.0592087E+00  8.5768564E-01
  2.0781528E+00  8.2582401E-01
  2.0972713E+00  7.9481607E-01
  2.1165656E+00  7.6465311E-01
  2.1360374E+00  7.3532590E-01
  2.1556883E+00  7.0682472E-01
  2.1755201E+00  6.7913939E-01
  2.1955343E+00  6.5225927E-01
  2.2157326E+00  6.2617333E-01
  2.2361167E+00  6.0087015E-01
  2.2566884E+00  5.7633794E-01
  2.2774493E+00  5.5256460E-01
  2.2984012E+00  5.2953771E-01
  2.3195458E+00  5.0724457E-01
  2.3408850E+00  4.8567223E-01
  2.3624205E+00  4.6480750E-01
  2.3841541E+00  4.4463701E-01
  2.4060877E+00  4.2514718E-01
  2.4282230E+00  4.0632428E-01
  2.4505620E+00  3.8815445E-01
  2.4731065E+00  3.7062372E-01
  2.4958584E+00  3.5371802E-01
  2.5188196E+00  3.3742320E-01
  2.5419921E+00  3.2172508E-01
  2.5653777E+00  3.0660945E-01
  2.5889785E+00  2.9206206E-01
  2.6127963E+00  2.7806871E-01
  2.6368333E+00  2.6461518E-01
  2.6610915E+00  2.5168733E-01
  2.6855728E+00  2.3927105E-01
  2.7102793E+00  2.2735233E-01
  2.7352131E+00  2.1591723E-01
  2.7603763E+00  2.0495192E-01
  2.7857710E+00  1.9444269E-01
  2.8113994E+00  1.8437596E-01
  2.8372635E+00  1.7473828E-01
  2.8633655E+00  1.6551638E-01
  2.8897077E+00  1.5669713E-01
  2.9162922E+00  1.4826759E-01
  2.9431213E+00  1.4021500E-01
  2.9701972E+00  1.3252679E-01
  2.9975222E+00  1.2519060E-01
  3.0250985E+00  1.1819426E-01
  3.0529286E+00  1.1152586E-01
  3.0810147E+00  1.0517365E-01
  3.1093592E+00  9.9126165E-02
  3.1379644E+00  9.3372140E-02
  3.1668328E+00  8.7900560E-02
  3.1959668E+00  8.2700647E-02
  3.2253688E+00  7.7761872E-02
  3.2550413E+00  7.3073951E-02
  3.2849868E+00  6.8626850E-02
  3.3152078E+00  6.4410790E-02
  3.3457068E+00  6.0416242E-02
  3.3764863E+00  5.6633933E-02
  3.4075491E+00  5.3054842E-02
  3.4388976E+00  4.9670207E-02
  3.4705345E+00  4.6471515E-02
  3.5024624E+00  4.3450511E-02
  3.5346841E+00  4.0599188E-02
  3.5672022E+00  3.7909791E-02
  3.6000195E+00  3.5374815E-02
  3.6331387E+00  3.2987000E-02
  3.6665626E+00  3.0739328E-02
  3.7002939E+00  2.8625024E-02
  3.7343356E+00  2.6637552E-02
  3.7686904E+00  2.4770608E-02
  3.8033614E+00  2.3018120E-02
  3.8383512E+00  2.1374243E-02
  3.8736630E+00  1.9833355E-02
  3.9092996E+00  1.8390054E-02
  3.9452641E+00  1.7039150E-02
  3.9815594E+00  1.5775667E-02
  4.0181887E+00  1.4594832E-02
  4.0551549E+00  1.3492073E-02
  4.0924612E+00  1.2463015E-02
  4.1301107E+00  1.1503472E-02
  4.1681066E+00  1.0609447E-02
  4.2064520E+00  9.7771215E-03
  4.2451502E+00  9.0028542E-03
  4.2842044E+00  8.2831740E-03
  4.3236179E+00  7.6147757E-03
  4.3633939E+00  6.9945143E-03
  4.4035360E+00  6.4194001E-03
  4.4440473E+00  5.8865935E-03
  4.4849313E+00  5.3933998E-03
  4.5261914E+00  4.9372639E-03
  4.5678311E+00  4.5157658E-03
  4.6098539E+00  4.1266149E-03
  4.6522632E+00  3.7676455E-03
  4.6950628E+00  3.4368118E-03
  4.7382560E+00  3.1321828E-03
  4.7818467E+00  2.8519379E-03
  4.8258383E+00  2.5943622E-03
  4.8702347E+00  2.3578415E-03
  4.9150395E+00  2.1408584E-03
  4.9602565E+00  1.9419877E-03
  5.0058895E+00  1.7598917E-03
  5.0519423E+00  1.5933169E-03
  5.0984187E+00  1.4410890E-03
  5.1453228E+00  1.3021097E-03
  5.1926583E+00  1.1753524E-03
  5.2404293E+00  1.0598588E-03
  5.2886398E+00  9.5473499E-04
  5.3372938E+00  8.5914832E-04
  5.3863954E+00  7.7232378E-04
  5.4359488E+00  6.9354090E-04
  5.4859580E+00  6.2213061E-04
  5.5364273E+00  5.5747225E-04
  5.5873609E+00  4.9899072E-04
  5.6387630E+00  4.4615372E-04
  5.6906381E+00  3.9846910E-04
  5.7429904E+00  3.5548237E-04
  5.7958243E+00  3.1677433E-04
  5.8491443E+00  2.8195870E-04
  5.9029548E+00  2.5068003E-04
  5.9572603E+00  2.2261157E-04
  6.0120654E+00  1.9745336E-04
  6.0673748E+00  1.7493032E-04
  6.1231929E+00  1.5479051E-04
  6.1795246E+00  1.3680348E-04
  6.2363745E+00  1.2075870E-04
  6.2937474E+00  1.0646403E-04
  6.3516481E+00  9.3744421E-05
  6.4100815E+00  8.2440510E-05
  6.4690525E+00  7.2407461E-05
  6.5285660E+00  6.3513788E-05
  6.5886269E+00  5.5640284E-05
  6.6492405E+00  4.8679022E-05
  6.7104116E+00  4.2532415E-05
  6.7721456E+00  3.7112343E-05
  6.8344474E+00  3.2339347E-05
  6.8973224E+00  2.8141876E-05
  6.9607759E+00  2.4455587E-05
  7.0248131E+00  2.1222700E-05
  7.0894394E+00  1.8391405E-05
  7.1546602E+00  1.5915310E-05
  7.2204811E+00  1.3752933E-05
  7.2869075E+00  1.1867238E-05
  7.3539451E+00  1.0225208E-05
  7.4215993E+00  8.7974499E-06
  7.4898759E+00  7.5578368E-06
  7.5587807E+00  6.4831814E-06
  7.6283194E+00  5.5529353E-06
  7.6984978E+00  4.7489175E-06
  7.7693218E+00  4.0550660E-06
  7.8407974E+00  3.4572135E-06
  7.9129306E+00  2.9428835E-06
  7.9857273E+00  2.5011061E-06
  8.0591938E+00  2.1222515E-06
  8.1333361E+00  1.7978801E-06
  8.2081606E+00  1.5206077E-06
  8.2836733E+00  1.2839839E-06
  8.3598808E+00  1.0823835E-06
  8.4367894E+00  9.1090953E-07
  8.5144055E+00  7.6530577E-07
  8.5927357E+00  6.4187954E-07
  8.6717864E+00  5.3743254E-07
  8.7515644E+00  4.4919952E-07
  8.8320764E+00  3.7479388E-07
  8.9133290E+00  3.1215944E-07
  8.9953292E+00  2.5952793E-07
  9.0780837E+00  2.1538138E-07
  9.1615995E+00  1.7841912E-07
  9.2458837E+00  1.4752869E-07
  9.3309432E+00  1.2176040E-07
  9.4167853E+00  1.0030503E-07
  9.5034171E+00  8.2474352E-08
  9.5908459E+00  6.7684175E-08
  9.6790790E+00  5.5439563E-08
  9.7681238E+00  4.5322017E-08
  9.8579878E+00  3.6978367E-08
  9.9486786E+00  3.0111163E-08
  1.0040204E+01  2.4470387E-08
  1.0132571E+01  1.9846309E-08
  1.0225788E+01  1.6063360E-08
  1.0319862E+01  1.2974863E-08
  1.0414802E+01  1.0458536E-08
  1.0510615E+01  8.4126473E-09
  1.0607310E+01  6.7527405E-09
  1.0704894E+01  5.4088494E-09
  1.0803376E+01  4.3231369E-09
  1.0902764E+01  3.4478960E-09
  1.1003067E+01  2.7438614E-09
  1.1104292E+01  2.1787869E-09
  1.1206448E+01  1.7262499E-09
  1.1309544E+01  1.3646478E-09
  1.1413589E+01  1.0763592E-09
  1.1518591E+01  8.4704274E-10
  1.1624559E+01  6.6505351E-10
  1.1731501E+01  5.2095808E-10
  1.1839428E+01  4.0713240E-10
  1.1948347E+01  3.1742935E-10
  1.2058269E+01  2.4690446E-10
  1.2169201E+01  1.9159015E-10
  1.2281155E+01  1.4831050E-10
  1.2394138E+01  1.1452948E-10
  1.2508160E+01  8.8227039E-11
  1.2623232E+01  6.7798117E-11
  1.2739362E+01  5.1970609E-11
  1.2856561E+01  3.9738841E-11
  1.2974837E+01  3.0309798E-11
  1.3094202E+01  2.3059769E-11
  1.3214665E+01  1.7499469E-11
  1.3336237E+01  1.3246076E-11
  1.3458926E+01  1.0000852E-11
  1.3582745E+01  7.5312946E-12
  1.3707702E+01  5.6569383E-12
  1.3833809E+01  4.2380824E-12
  1.3961076E+01  3.1668789E-12
  1.4089514E+01  2.3602965E-12
  1.4219134E+01  1.7545871E-12
  1.4349946E+01  1.3009424E-12
  1.4481961E+01  9.6209763E-13
  1.4615191E+01  7.0968081E-13
  1.4749647E+01  5.2215183E-13
  1.4885340E+01  3.8320372E-13
  1.5022281E+01  2.8052647E-13
  1.5160481E+01  2.0485392E-13
  1.5299954E+01  1.4923119E-13
  1.5440709E+01  1.0845321E-13
  1.5582759E+01  7.8635715E-14
  1.5726116E+01  5.6888452E-14
  1.5870792E+01  4.1067034E-14
  1.6016799E+01  2.9585042E-14
  1.6164149E+01  2.1272219E-14
  1.6312855E+01  1.5267771E-14
  1.6462928E+01  1.0940334E-14
  1.6614383E+01  7.8281286E-15
  1.6767230E+01  5.5943501E-15
  1.6921484E+01  3.9940212E-15
  1.7077157E+01  2.8494355E-15
  1.7234262E+01  2.0320243E-15
  1.7392813E+01  1.4490078E-15
  1.7552822E+01  1.0335981E-15
  1.7714303E+01  7.3783134E-16
  1.7877269E+01  5.2733972E-16
  1.8041735E+01  3.7754920E-16
  1.8207714E+01  2.7092267E-16
  1.8375220E+01  1.9496684E-16
  1.8544267E+01  1.4079525E-16
  1.8714869E+01  1.0209518E-16
  1.8887040E+01  7.4386810E-17
  1.9060796E+01  5.4493301E-17
  1.9236150E+01  4.0162698E-17
  1.9413117E+01  2.9798667E-17
  1.9591712E+01  2.2269185E-17
  1.9771951E+01  1.6770829E-17
  1.9953847E+01  1.2732660E-17
  2.0137417E+01  9.7482404E-18
  2.0322675E+01  7.5275819E-18
  2.0509638E+01  5.8632130E-18
  2.0698321E+01  4.6062142E-18
  2.0888740E+01  3.6492923E-18
  2.1080911E+01  2.9148171E-18
  2.1274849E+01  2.3463571E-18
  2.1470572E+01  1.9026801E-18
  2.1668095E+01  1.5534932E-18
  2.1867435E+01  1.2764090E-18
  2.2068610E+01  1.0547795E-18
  2.2271635E+01  8.7614394E-19
  2.2476528E+01  7.3111180E-19
  2.2683305E+01  6.1255650E-19
  2.2891985E+01  5.1503008E-19
  2.3102585E+01  4.3433666E-19
  2.3315123E+01  3.6721999E-19
  2.3529615E+01  3.1113341E-19
  2.3746081E+01  2.6406964E-19
  2.3964538E+01  2.2443419E-19
  2.4185005E+01  1.9095067E-19
  2.4407501E+01  1.6258957E-19
  2.4632043E+01  1.3851443E-19
  2.4858651E+01  1.1804086E-19
  2.5087343E+01  1.0060519E-19
  2.5318140E+01  8.5740320E-20
  2.5551060E+01  7.3056994E-20
  2.5786122E+01  6.2229152E-20
  2.6023348E+01  5.2982443E-20
  2.6262755E+01  4.5085094E-20
  2.6504365E+01  3.8340632E-20
  2.6748198E+01  3.2582015E-20
  2.6994274E+01  2.7666880E-20
  2.7242613E+01  2.3473655E-20
  2.7493238E+01  1.9898356E-20
  2.7746168E+01  1.6851938E-20
  2.8001425E+01  1.4258082E-20
  2.8259030E+01  1.2051336E-20
  2.8519005E+01  1.0175549E-20
  2.8781372E+01  8.5825464E-21
  2.9046153E+01  7.2309984E-21
  2.9313369E+01  6.0854572E-21
  2.9583044E+01  5.1155317E-21
  2.9855200E+01  4.2951801E-21
  3.0129859E+01  3.6021012E-21
  3.0407046E+01  3.0172110E-21
  3.0686782E+01  2.5241919E-21
  3.0969092E+01  2.1091034E-21
  3.1253999E+01  1.7600472E-21
  3.1541527E+01  1.4668781E-21
  3.1831700E+01  1.2209542E-21
  3.2124543E+01  1.0149227E-21
  3.2420079E+01  8.4253372E-22
  3.2718335E+01  6.9848174E-22
  3.3019335E+01  5.7826767E-22
  3.3323103E+01  4.7808106E-22
  3.3629667E+01  3.9469863E-22
  3.3939050E+01  3.2539723E-22
  3.4251280E+01  2.6787912E-22
  3.4566382E+01  2.2020812E-22
  3.4884383E+01  1.8075480E-22
  3.5205310E+01  1.4814976E-22
  3.5529189E+01  1.2124372E-22
  3.5856047E+01  9.9073433E-23
  3.6185913E+01  8.0832736E-23
  3.6518813E+01  6.5847890E-23
  3.6854776E+01  5.3556641E-23
  3.7193830E+01  4.3490458E-23
  3.7536002E+01  3.5259495E-23
  3.7881323E+01  2.8539860E-23
  3.8229821E+01  2.3062871E-23
  3.8581524E+01  1.8605991E-23
  3.8936463E+01  1.4985187E-23
  3.9294668E+01  1.2048513E-23
  3.9656168E+01  9.6707144E-24
  4.0020994E+01  7.7487090E-24
  4.0389176E+01  6.1978012E-24
  4.0760745E+01  4.9485181E-24
  4.1135732E+01  3.9439699E-24
  4.1514169E+01  3.1376504E-24
  4.1896088E+01  2.4916072E-24
  4.2281520E+01  1.9749231E-24
  4.2670499E+01  1.5624559E-24
  4.3063055E+01  1.2337970E-24
  4.3459223E+01  9.7240972E-25
  4.3859036E+01  7.6491950E-25
  4.4262527E+01  6.0052928E-25
  4.4669730E+01  4.7053913E-25
  4.5080679E+01  3.6795221E-25
  4.5495408E+01  2.8715221E-25
  4.5913953E+01  2.2363967E-25
  4.6336349E+01  1.7381701E-25
  4.6762630E+01  1.3481344E-25
  4.7192833E+01  1.0434273E-25
  4.7626994E+01  8.0587923E-26
  4.8065149E+01  6.2107913E-26
  4.8507335E+01  4.7762116E-26
  4.8953589E+01  3.6649681E-26
  4.9403948E+01  2.8060611E-26
  4.9858451E+01  2.1436532E-26
  5.0317135E+01  1.6339265E-26
  5.0780038E+01  1.2425709E-26
  5.1247200E+01  9.4278015E-27
  5.1718660E+01  7.1365804E-27
  5.2194457E+01  5.3895209E-27
  5.2674632E+01  4.0605058E-27
  5.3159224E+01  3.0518960E-27
  5.3648274E+01  2.2882763E-27
  5.4141823E+01  1.7115350E-27
  5.4639912E+01  1.2770006E-27
  5.5142584E+01  9.5041578E-28
  5.5649880E+01  7.0557408E-28
  5.6161844E+01  5.2247695E-28
  5.6678517E+01  3.8590126E-28
  5.7199943E+01  2.8428812E-28
  5.7726167E+01  2.0888320E-28
  5.8257232E+01  1.5307326E-28
  5.8793182E+01  1.1187545E-28
  5.9334063E+01  8.1545207E-29
  5.9879919E+01  5.9275977E-29
  6.0430798E+01  4.2969864E-29
  6.0986744E+01  3.1062933E-29
  6.1547805E+01  2.2392485E-29
  6.2114028E+01  1.6096504E-29
  6.2685459E+01  1.1537672E-29
  6.3262148E+01  8.2461264E-30
  6.3844142E+01  5.8764458E-30
  6.4431490E+01  4.1754189E-30
  6.5024242E+01  2.9579679E-30
  6.5622447E+01  2.0892113E-30
  6.6226155E+01  1.4711403E-30
  6.6835417E+01  1.0327515E-30
  6.7450284E+01  7.2276101E-31
  6.8070808E+01  5.0424043E-31
  6.8697040E+01  3.5068046E-31
  6.9329034E+01  2.4311020E-31
  6.9966841E+01  1.6799608E-31
  7.0610517E+01  1.1571401E-31
  7.1260114E+01  7.9441974E-32
  7.1915687E+01  5.4359775E-32
  7.2577291E+01  3.7072765E-32
  7.3244982E+01  2.5198116E-32
  7.3918815E+01  1.7068793E-32
  7.4598848E+01  1.1522455E-32
  7.5285136E+01  7.7514031E-33
  7.5977738E+01  5.1963007E-33
  7.6676712E+01  3.4711410E-33
  7.7382116E+01  2.3104656E-33
  7.8094010E+01  1.5323610E-33
  7.8812453E+01  1.0126094E-33
  7.9537506E+01  6.6669440E-34
  8.0269228E+01  4.3732077E-34
  8.1007683E+01  2.8578935E-34
  8.1752931E+01  1.8605803E-34
  8.2505035E+01  1.2066754E-34
  8.3264058E+01  7.7956926E-35
  8.4030064E+01  5.0167502E-35
  8.4803117E+01  3.2156842E-35
  8.5583282E+01  2.0529784E-35
  8.6370624E+01  1.3053533E-35
  8.7165210E+01  8.2655248E-36
  8.7967105E+01  5.2115439E-36
  8.8776378E+01  3.2715483E-36
  8.9593096E+01  2.0442770E-36
  9.0417327E+01  1.2711206E-36
  9.1249141E+01  7.8609896E-37
  9.2088608E+01  4.8312926E-37
  9.2935797E+01  2.9469819E-37
  9.3790781E+01  1.7802338E-37
  9.4653630E+01  1.0611297E-37
  9.5524416E+01  6.2014979E-38
  9.6403214E+01  3.5135461E-38
  9.7290097E+01  1.8893099E-38
  9.8185139E+01  9.2345971E-39
  9.9088414E+01  3.7041038E-39
  1.0000000E+02  8.7152929E-40
