  0.0000000E+00 -3.12356025851055330E+00
  1.0221911E-08 -3.12450507932677590E+00
  2.0537860E-08 -3.12477336160458385E+00
  3.0948714E-08 -3.12479839231300316E+00
  4.1455344E-08 -3.12480438888283052E+00
  5.2058633E-08 -3.12480649920663334E+00
  6.2759468E-08 -3.12480742148569623E+00
  7.3558749E-08 -3.12480788520442010E+00
  8.4457379E-08 -3.12480814247889693E+00
  9.5456275E-08 -3.12480829602534360E+00
  1.0655636E-07 -3.12480839297159063E+00
  1.1775856E-07 -3.12480845698091381E+00
  1.2906381E-07 -3.12480850080819916E+00
  1.4047307E-07 -3.12480853173399353E+00
  1.5198730E-07 -3.12480855411553415E+00
  1.6360745E-07 -3.12480857066627093E+00
  1.7533450E-07 -3.12480858313415366E+00
  1.8716944E-07 -3.12480859267862687E+00
  1.9911326E-07 -3.12480860008852934E+00
  2.1116696E-07 -3.12480860591275222E+00
  2.2333154E-07 -3.12480861054085546E+00
  2.3560804E-07 -3.12480861425424239E+00
  2.4799748E-07 -3.12480861725943715E+00
  2.6050090E-07 -3.12480861971024471E+00
  2.7311935E-07 -3.12480862172261542E+00
  2.8585388E-07 -3.12480862338509624E+00
  2.9870556E-07 -3.12480862476596366E+00
  3.1167548E-07 -3.12480862591846176E+00
  3.2476472E-07 -3.12480862688441086E+00
  3.3797438E-07 -3.12480862769701950E+00
  3.5130556E-07 -3.12480862838280826E+00
  3.6475938E-07 -3.12480862896312139E+00
  3.7833698E-07 -3.12480862945527837E+00
  3.9203948E-07 -3.12480862987339636E+00
  4.0586804E-07 -3.12480863022905142E+00
  4.1982383E-07 -3.12480863053179636E+00
  4.3390800E-07 -3.12480863078954973E+00
  4.4812174E-07 -3.12480863100891781E+00
  4.6246625E-07 -3.12480863119541752E+00
  4.7694272E-07 -3.12480863135369491E+00
  4.9155237E-07 -3.12480863148767618E+00
  5.0629642E-07 -3.12480863160067024E+00
  5.2117612E-07 -3.12480863169551615E+00
  5.3619271E-07 -3.12480863177459733E+00
  5.5134744E-07 -3.12480863183999347E+00
  5.6664159E-07 -3.12480863189347113E+00
  5.8207645E-07 -3.12480863193655312E+00
  5.9765330E-07 -3.12480863197055392E+00
  6.1337345E-07 -3.12480863199661174E+00
  6.2923823E-07 -3.12480863201570758E+00
  6.4524895E-07 -3.12480863202870696E+00
  6.6140697E-07 -3.12480863203635995E+00
  6.7771364E-07 -3.12480863203931980E+00
  6.9417033E-07 -3.12480863203814563E+00
  7.1077841E-07 -3.12480863203335213E+00
  7.2753929E-07 -3.12480863202538828E+00
  7.4445435E-07 -3.12480863201461423E+00
  7.6152504E-07 -3.12480863200139192E+00
  7.7875276E-07 -3.12480863198601444E+00
  7.9613898E-07 -3.12480863196874603E+00
  8.1368515E-07 -3.12480863194983183E+00
  8.3139273E-07 -3.12480863192946723E+00
  8.4926323E-07 -3.12480863190784630E+00
  8.6729812E-07 -3.12480863188511782E+00
  8.8549893E-07 -3.12480863186144431E+00
  9.0386718E-07 -3.12480863183695101E+00
  9.2240442E-07 -3.12480863181174229E+00
  9.4111219E-07 -3.12480863178593760E+00
  9.5999207E-07 -3.12480863175961820E+00
  9.7904564E-07 -3.12480863173286627E+00
  9.9827450E-07 -3.12480863170574574E+00
  1.0176803E-06 -3.12480863167833833E+00
  1.0372645E-06 -3.12480863165069067E+00
  1.0570290E-06 -3.12480863162285560E+00
  1.0769753E-06 -3.12480863159487976E+00
  1.0971051E-06 -3.12480863156681465E+00
  1.1174200E-06 -3.12480863153867983E+00
  1.1379219E-06 -3.12480863151051524E+00
  1.1586124E-06 -3.12480863148235466E+00
  1.1794932E-06 -3.12480863145422028E+00
  1.2005661E-06 -3.12480863142612497E+00
  1.2218329E-06 -3.12480863139810427E+00
  1.2432953E-06 -3.12480863137017328E+00
  1.2649552E-06 -3.12480863134233688E+00
  1.2868143E-06 -3.12480863131463060E+00
  1.3088746E-06 -3.12480863128703934E+00
  1.3311378E-06 -3.12480863125959463E+00
  1.3536058E-06 -3.12480863123230224E+00
  1.3762805E-06 -3.12480863120516306E+00
  1.3991638E-06 -3.12480863117819530E+00
  1.4222576E-06 -3.12480863115139718E+00
  1.4455639E-06 -3.12480863112477270E+00
  1.4690846E-06 -3.12480863109833518E+00
  1.4928217E-06 -3.12480863107208195E+00
  1.5167771E-06 -3.12480863104601880E+00
  1.5409529E-06 -3.12480863102015061E+00
  1.5653512E-06 -3.12480863099447514E+00
  1.5899739E-06 -3.12480863096900174E+00
  1.6148231E-06 -3.12480863094372818E+00
  1.6399010E-06 -3.12480863091865135E+00
  1.6652095E-06 -3.12480863089377481E+00
  1.6907509E-06 -3.12480863086909544E+00
  1.7165272E-06 -3.12480863084462213E+00
  1.7425407E-06 -3.12480863082034332E+00
  1.7687935E-06 -3.12480863079627103E+00
  1.7952878E-06 -3.12480863077239013E+00
  1.8220259E-06 -3.12480863074871307E+00
  1.8490099E-06 -3.12480863072523407E+00
  1.8762422E-06 -3.12480863070195625E+00
  1.9037250E-06 -3.12480863067887826E+00
  1.9314606E-06 -3.12480863065598413E+00
  1.9594514E-06 -3.12480863063328540E+00
  1.9876998E-06 -3.12480863061079051E+00
  2.0162080E-06 -3.12480863058848257E+00
  2.0449784E-06 -3.12480863056636204E+00
  2.0740136E-06 -3.12480863054443203E+00
  2.1033158E-06 -3.12480863052268587E+00
  2.1328876E-06 -3.12480863050113067E+00
  2.1627315E-06 -3.12480863047976198E+00
  2.1928499E-06 -3.12480863045856250E+00
  2.2232455E-06 -3.12480863043755663E+00
  2.2539206E-06 -3.12480863041672619E+00
  2.2848780E-06 -3.12480863039607781E+00
  2.3161201E-06 -3.12480863037560663E+00
  2.3476497E-06 -3.12480863035530110E+00
  2.3794693E-06 -3.12480863033517275E+00
  2.4115817E-06 -3.12480863031521539E+00
  2.4439895E-06 -3.12480863029543432E+00
  2.4766954E-06 -3.12480863027582334E+00
  2.5097022E-06 -3.12480863025637534E+00
  2.5430127E-06 -3.12480863023711075E+00
  2.5766296E-06 -3.12480863021799626E+00
  2.6105558E-06 -3.12480863019904564E+00
  2.6447941E-06 -3.12480863018025845E+00
  2.6793473E-06 -3.12480863016163557E+00
  2.7142185E-06 -3.12480863014317167E+00
  2.7494104E-06 -3.12480863012486854E+00
  2.7849262E-06 -3.12480863010672216E+00
  2.8207686E-06 -3.12480863008874277E+00
  2.8569408E-06 -3.12480863007089926E+00
  2.8934458E-06 -3.12480863005322673E+00
  2.9302866E-06 -3.12480863003569231E+00
  2.9674663E-06 -3.12480863001832043E+00
  3.0049881E-06 -3.12480863000109021E+00
  3.0428550E-06 -3.12480862998402031E+00
  3.0810703E-06 -3.12480862996709918E+00
  3.1196372E-06 -3.12480862995032149E+00
  3.1585589E-06 -3.12480862993369035E+00
  3.1978387E-06 -3.12480862991722041E+00
  3.2374798E-06 -3.12480862990088593E+00
  3.2774857E-06 -3.12480862988469577E+00
  3.3178595E-06 -3.12480862986865704E+00
  3.3586048E-06 -3.12480862985275865E+00
  3.3997249E-06 -3.12480862983700636E+00
  3.4412234E-06 -3.12480862982140151E+00
  3.4831036E-06 -3.12480862980593166E+00
  3.5253691E-06 -3.12480862979060525E+00
  3.5680234E-06 -3.12480862977542895E+00
  3.6110701E-06 -3.12480862976038942E+00
  3.6545128E-06 -3.12480862974547691E+00
  3.6983553E-06 -3.12480862973073270E+00
  3.7426010E-06 -3.12480862971611506E+00
  3.7872538E-06 -3.12480862970163997E+00
  3.8323174E-06 -3.12480862968730877E+00
  3.8777955E-06 -3.12480862967311479E+00
  3.9236921E-06 -3.12480862965906159E+00
  3.9700108E-06 -3.12480862964515049E+00
  4.0167557E-06 -3.12480862963138950E+00
  4.0639307E-06 -3.12480862961775285E+00
  4.1115396E-06 -3.12480862960425965E+00
  4.1595865E-06 -3.12480862959091299E+00
  4.2080755E-06 -3.12480862957770622E+00
  4.2570105E-06 -3.12480862956464644E+00
  4.3063957E-06 -3.12480862955173011E+00
  4.3562353E-06 -3.12480862953895411E+00
  4.4065333E-06 -3.12480862952631888E+00
  4.4572941E-06 -3.12480862951382532E+00
  4.5085219E-06 -3.12480862950147698E+00
  4.5602209E-06 -3.12480862948927562E+00
  4.6123956E-06 -3.12480862947721638E+00
  4.6650502E-06 -3.12480862946530014E+00
  4.7181893E-06 -3.12480862945353932E+00
  4.7718172E-06 -3.12480862944191662E+00
  4.8259385E-06 -3.12480862943044624E+00
  4.8805577E-06 -3.12480862941911752E+00
  4.9356794E-06 -3.12480862940794557E+00
  4.9913082E-06 -3.12480862939692061E+00
  5.0474487E-06 -3.12480862938604487E+00
  5.1041058E-06 -3.12480862937532411E+00
  5.1612840E-06 -3.12480862936475789E+00
  5.2189883E-06 -3.12480862935433912E+00
  5.2772234E-06 -3.12480862934408288E+00
  5.3359943E-06 -3.12480862933397630E+00
  5.3953059E-06 -3.12480862932403580E+00
  5.4551631E-06 -3.12480862931425207E+00
  5.5155710E-06 -3.12480862930462200E+00
  5.5765346E-06 -3.12480862929515668E+00
  5.6380591E-06 -3.12480862928585923E+00
  5.7001495E-06 -3.12480862927672121E+00
  5.7628112E-06 -3.12480862926774794E+00
  5.8260494E-06 -3.12480862925894343E+00
  5.8898693E-06 -3.12480862925030944E+00
  5.9542764E-06 -3.12480862924184466E+00
  6.0192760E-06 -3.12480862923355085E+00
  6.0848735E-06 -3.12480862922543379E+00
  6.1510746E-06 -3.12480862921749125E+00
  6.2178846E-06 -3.12480862920972147E+00
  6.2853093E-06 -3.12480862920213198E+00
  6.3533543E-06 -3.12480862919473079E+00
  6.4220253E-06 -3.12480862918750679E+00
  6.4913281E-06 -3.12480862918047508E+00
  6.5612684E-06 -3.12480862917363034E+00
  6.6318521E-06 -3.12480862916697211E+00
  6.7030852E-06 -3.12480862916050572E+00
  6.7749736E-06 -3.12480862915423874E+00
  6.8475234E-06 -3.12480862914816893E+00
  6.9207406E-06 -3.12480862914229851E+00
  6.9946314E-06 -3.12480862913663326E+00
  7.0692020E-06 -3.12480862913117452E+00
  7.1444585E-06 -3.12480862912592006E+00
  7.2204075E-06 -3.12480862912088364E+00
  7.2970551E-06 -3.12480862911605506E+00
  7.3744079E-06 -3.12480862911144186E+00
  7.4524723E-06 -3.12480862910705115E+00
  7.5312548E-06 -3.12480862910287982E+00
  7.6107622E-06 -3.12480862909893853E+00
  7.6910010E-06 -3.12480862909522683E+00
  7.7719779E-06 -3.12480862909174339E+00
  7.8536999E-06 -3.12480862908850243E+00
  7.9361736E-06 -3.12480862908549728E+00
  8.0194061E-06 -3.12480862908274082E+00
  8.1034043E-06 -3.12480862908021573E+00
  8.1881753E-06 -3.12480862907794954E+00
  8.2737261E-06 -3.12480862907593204E+00
  8.3600640E-06 -3.12480862907417878E+00
  8.4471961E-06 -3.12480862907268042E+00
  8.5351299E-06 -3.12480862907144630E+00
  8.6238726E-06 -3.12480862907048706E+00
  8.7134317E-06 -3.12480862906978984E+00
  8.8038147E-06 -3.12480862906938173E+00
  8.8950293E-06 -3.12480862906925649E+00
  8.9870830E-06 -3.12480862906940660E+00
  9.0799835E-06 -3.12480862906985912E+00
  9.1737387E-06 -3.12480862907059764E+00
  9.2683565E-06 -3.12480862907163370E+00
  9.3638447E-06 -3.12480862907298507E+00
  9.4602113E-06 -3.12480862907464108E+00
  9.5574645E-06 -3.12480862907661328E+00
  9.6556124E-06 -3.12480862907890211E+00
  9.7546633E-06 -3.12480862908151291E+00
  9.8546254E-06 -3.12480862908446877E+00
  9.9555071E-06 -3.12480862908775725E+00
  1.0057317E-05 -3.12480862909138768E+00
  1.0160063E-05 -3.12480862909536183E+00
  1.0263755E-05 -3.12480862909969037E+00
  1.0368400E-05 -3.12480862910437507E+00
  1.0474009E-05 -3.12480862910942880E+00
  1.0580589E-05 -3.12480862911485646E+00
  1.0688149E-05 -3.12480862912065849E+00
  1.0796699E-05 -3.12480862912684687E+00
  1.0906247E-05 -3.12480862913342694E+00
  1.1016804E-05 -3.12480862914040092E+00
  1.1128377E-05 -3.12480862914778301E+00
  1.1240977E-05 -3.12480862915557545E+00
  1.1354613E-05 -3.12480862916378443E+00
  1.1469294E-05 -3.12480862917242286E+00
  1.1585030E-05 -3.12480862918148627E+00
  1.1701831E-05 -3.12480862919100444E+00
  1.1819707E-05 -3.12480862920096136E+00
  1.1938666E-05 -3.12480862921137481E+00
  1.2058721E-05 -3.12480862922225455E+00
  1.2179880E-05 -3.12480862923360903E+00
  1.2302153E-05 -3.12480862924544356E+00
  1.2425551E-05 -3.12480862925776703E+00
  1.2550085E-05 -3.12480862927058878E+00
  1.2675764E-05 -3.12480862928391900E+00
  1.2802599E-05 -3.12480862929776393E+00
  1.2930601E-05 -3.12480862931213732E+00
  1.3059781E-05 -3.12480862932704140E+00
  1.3190150E-05 -3.12480862934248504E+00
  1.3321717E-05 -3.12480862935849268E+00
  1.3454495E-05 -3.12480862937505899E+00
  1.3588495E-05 -3.12480862939219950E+00
  1.3723727E-05 -3.12480862940992443E+00
  1.3860203E-05 -3.12480862942824711E+00
  1.3997935E-05 -3.12480862944716975E+00
  1.4136934E-05 -3.12480862946670701E+00
  1.4277212E-05 -3.12480862948687887E+00
  1.4418780E-05 -3.12480862950768667E+00
  1.4561651E-05 -3.12480862952913618E+00
  1.4705836E-05 -3.12480862955125804E+00
  1.4851347E-05 -3.12480862957404559E+00
  1.4998197E-05 -3.12480862959752326E+00
  1.5146398E-05 -3.12480862962169370E+00
  1.5295963E-05 -3.12480862964658224E+00
  1.5446903E-05 -3.12480862967219197E+00
  1.5599233E-05 -3.12480862969853757E+00
  1.5752963E-05 -3.12480862972564433E+00
  1.5908108E-05 -3.12480862975350782E+00
  1.6064680E-05 -3.12480862978215113E+00
  1.6222692E-05 -3.12480862981158625E+00
  1.6382158E-05 -3.12480862984182783E+00
  1.6543092E-05 -3.12480862987288832E+00
  1.6705505E-05 -3.12480862990478636E+00
  1.6869413E-05 -3.12480862993753528E+00
  1.7034829E-05 -3.12480862997115283E+00
  1.7201767E-05 -3.12480863000565856E+00
  1.7370240E-05 -3.12480863004105647E+00
  1.7540263E-05 -3.12480863007737497E+00
  1.7711851E-05 -3.12480863011462029E+00
  1.7885017E-05 -3.12480863015282528E+00
  1.8059776E-05 -3.12480863019198774E+00
  1.8236142E-05 -3.12480863023214273E+00
  1.8414132E-05 -3.12480863027330003E+00
  1.8593758E-05 -3.12480863031547962E+00
  1.8775038E-05 -3.12480863035869083E+00
  1.8957985E-05 -3.12480863040296652E+00
  1.9142615E-05 -3.12480863044832091E+00
  1.9328943E-05 -3.12480863049477131E+00
  1.9516986E-05 -3.12480863054234304E+00
  1.9706759E-05 -3.12480863059105296E+00
  1.9898277E-05 -3.12480863064092862E+00
  2.0091558E-05 -3.12480863069198866E+00
  2.0286617E-05 -3.12480863074424642E+00
  2.0483470E-05 -3.12480863079772853E+00
  2.0682134E-05 -3.12480863085246297E+00
  2.0882626E-05 -3.12480863090846794E+00
  2.1084962E-05 -3.12480863096577188E+00
  2.1289159E-05 -3.12480863102439255E+00
  2.1495236E-05 -3.12480863108435036E+00
  2.1703208E-05 -3.12480863114568086E+00
  2.1913093E-05 -3.12480863120841512E+00
  2.2124909E-05 -3.12480863127256026E+00
  2.2338674E-05 -3.12480863133814868E+00
  2.2554406E-05 -3.12480863140522080E+00
  2.2772122E-05 -3.12480863147378507E+00
  2.2991841E-05 -3.12480863154388144E+00
  2.3213581E-05 -3.12480863161553124E+00
  2.3437361E-05 -3.12480863168876288E+00
  2.3663201E-05 -3.12480863176361767E+00
  2.3891117E-05 -3.12480863184010937E+00
  2.4121131E-05 -3.12480863191827662E+00
  2.4353260E-05 -3.12480863199815229E+00
  2.4587525E-05 -3.12480863207976078E+00
  2.4823946E-05 -3.12480863216314964E+00
  2.5062541E-05 -3.12480863224833838E+00
  2.5303331E-05 -3.12480863233535455E+00
  2.5546337E-05 -3.12480863242424700E+00
  2.5791578E-05 -3.12480863251504282E+00
  2.6039075E-05 -3.12480863260777753E+00
  2.6288849E-05 -3.12480863270248621E+00
  2.6540921E-05 -3.12480863279921550E+00
  2.6795312E-05 -3.12480863289798272E+00
  2.7052043E-05 -3.12480863299884737E+00
  2.7311136E-05 -3.12480863310183610E+00
  2.7572613E-05 -3.12480863320698754E+00
  2.7836495E-05 -3.12480863331435188E+00
  2.8102805E-05 -3.12480863342394910E+00
  2.8371565E-05 -3.12480863353584981E+00
  2.8642797E-05 -3.12480863365008066E+00
  2.8916525E-05 -3.12480863376668605E+00
  2.9192771E-05 -3.12480863388570373E+00
  2.9471558E-05 -3.12480863400719366E+00
  2.9752910E-05 -3.12480863413118648E+00
  3.0036850E-05 -3.12480863425773636E+00
  3.0323403E-05 -3.12480863438689083E+00
  3.0612592E-05 -3.12480863451869251E+00
  3.0904441E-05 -3.12480863465320313E+00
  3.1198975E-05 -3.12480863479046755E+00
  3.1496219E-05 -3.12480863493052352E+00
  3.1796197E-05 -3.12480863507344830E+00
  3.2098935E-05 -3.12480863521926855E+00
  3.2404458E-05 -3.12480863536805931E+00
  3.2712792E-05 -3.12480863551985921E+00
  3.3023962E-05 -3.12480863567472777E+00
  3.3337995E-05 -3.12480863583273427E+00
  3.3654918E-05 -3.12480863599391823E+00
  3.3974755E-05 -3.12480863615836002E+00
  3.4297535E-05 -3.12480863632610850E+00
  3.4623285E-05 -3.12480863649721785E+00
  3.4952031E-05 -3.12480863667176889E+00
  3.5283802E-05 -3.12480863684980470E+00
  3.5618625E-05 -3.12480863703140033E+00
  3.5956529E-05 -3.12480863721662550E+00
  3.6297540E-05 -3.12480863740555304E+00
  3.6641690E-05 -3.12480863759822869E+00
  3.6989005E-05 -3.12480863779474527E+00
  3.7339515E-05 -3.12480863799516229E+00
  3.7693250E-05 -3.12480863819956189E+00
  3.8050239E-05 -3.12480863840800449E+00
  3.8410513E-05 -3.12480863862057667E+00
  3.8774101E-05 -3.12480863883734772E+00
  3.9141033E-05 -3.12480863905840422E+00
  3.9511342E-05 -3.12480863928381059E+00
  3.9885057E-05 -3.12480863951366317E+00
  4.0262210E-05 -3.12480863974803569E+00
  4.0642833E-05 -3.12480863998702008E+00
  4.1026958E-05 -3.12480864023068161E+00
  4.1414616E-05 -3.12480864047913443E+00
  4.1805841E-05 -3.12480864073244913E+00
  4.2200665E-05 -3.12480864099072386E+00
  4.2599121E-05 -3.12480864125405677E+00
  4.3001243E-05 -3.12480864152253446E+00
  4.3407064E-05 -3.12480864179624218E+00
  4.3816619E-05 -3.12480864207529052E+00
  4.4229942E-05 -3.12480864235979006E+00
  4.4647067E-05 -3.12480864264980740E+00
  4.5068029E-05 -3.12480864294547711E+00
  4.5492864E-05 -3.12480864324689112E+00
  4.5921608E-05 -3.12480864355415067E+00
  4.6354296E-05 -3.12480864386737522E+00
  4.6790964E-05 -3.12480864418666560E+00
  4.7231650E-05 -3.12480864451214080E+00
  4.7676390E-05 -3.12480864484392962E+00
  4.8125221E-05 -3.12480864518211199E+00
  4.8578181E-05 -3.12480864552683446E+00
  4.9035309E-05 -3.12480864587821916E+00
  4.9496642E-05 -3.12480864623638865E+00
  4.9962219E-05 -3.12480864660145752E+00
  5.0432079E-05 -3.12480864697356697E+00
  5.0906262E-05 -3.12480864735283781E+00
  5.1384808E-05 -3.12480864773940326E+00
  5.1867755E-05 -3.12480864813341030E+00
  5.2355146E-05 -3.12480864853497931E+00
  5.2847021E-05 -3.12480864894425858E+00
  5.3343420E-05 -3.12480864936140712E+00
  5.3844387E-05 -3.12480864978654527E+00
  5.4349962E-05 -3.12480865021983600E+00
  5.4860188E-05 -3.12480865066142366E+00
  5.5375108E-05 -3.12480865111147654E+00
  5.5894766E-05 -3.12480865157013099E+00
  5.6419204E-05 -3.12480865203756553E+00
  5.6948467E-05 -3.12480865251393070E+00
  5.7482599E-05 -3.12480865299939659E+00
  5.8021644E-05 -3.12480865349413284E+00
  5.8565649E-05 -3.12480865399831043E+00
  5.9114659E-05 -3.12480865451210876E+00
  5.9668719E-05 -3.12480865503569705E+00
  6.0227876E-05 -3.12480865556925735E+00
  6.0792178E-05 -3.12480865611298286E+00
  6.1361671E-05 -3.12480865666706631E+00
  6.1936403E-05 -3.12480865723168266E+00
  6.2516422E-05 -3.12480865780704020E+00
  6.3101778E-05 -3.12480865839334143E+00
  6.3692518E-05 -3.12480865899078397E+00
  6.4288693E-05 -3.12480865959956855E+00
  6.4890353E-05 -3.12480866021992210E+00
  6.5497548E-05 -3.12480866085203202E+00
  6.6110329E-05 -3.12480866149614522E+00
  6.6728748E-05 -3.12480866215246378E+00
  6.7352855E-05 -3.12480866282122838E+00
  6.7982705E-05 -3.12480866350266373E+00
  6.8618348E-05 -3.12480866419699854E+00
  6.9259840E-05 -3.12480866490447928E+00
  6.9907233E-05 -3.12480866562535464E+00
  7.0560582E-05 -3.12480866635986398E+00
  7.1219941E-05 -3.12480866710827287E+00
  7.1885367E-05 -3.12480866787081846E+00
  7.2556914E-05 -3.12480866864777518E+00
  7.3234639E-05 -3.12480866943941216E+00
  7.3918599E-05 -3.12480867024600917E+00
  7.4608851E-05 -3.12480867106782689E+00
  7.5305454E-05 -3.12480867190515399E+00
  7.6008465E-05 -3.12480867275827912E+00
  7.6717943E-05 -3.12480867362749359E+00
  7.7433949E-05 -3.12480867451309807E+00
  7.8156541E-05 -3.12480867541539364E+00
  7.8885782E-05 -3.12480867633469783E+00
  7.9621730E-05 -3.12480867727131617E+00
  8.0364450E-05 -3.12480867822557951E+00
  8.1114002E-05 -3.12480867919780181E+00
  8.1870450E-05 -3.12480868018832458E+00
  8.2633857E-05 -3.12480868119749111E+00
  8.3404288E-05 -3.12480868222563668E+00
  8.4181806E-05 -3.12480868327311789E+00
  8.4966477E-05 -3.12480868434029890E+00
  8.5758366E-05 -3.12480868542753232E+00
  8.6557541E-05 -3.12480868653520449E+00
  8.7364068E-05 -3.12480868766369069E+00
  8.8178015E-05 -3.12480868881336615E+00
  8.8999450E-05 -3.12480868998463723E+00
  8.9828442E-05 -3.12480869117788762E+00
  9.0665060E-05 -3.12480869239354586E+00
  9.1509375E-05 -3.12480869363201341E+00
  9.2361458E-05 -3.12480869489371349E+00
  9.3221379E-05 -3.12480869617908974E+00
  9.4089212E-05 -3.12480869748856138E+00
  9.4965028E-05 -3.12480869882258494E+00
  9.5848902E-05 -3.12480870018161383E+00
  9.6740907E-05 -3.12480870156612101E+00
  9.7641118E-05 -3.12480870297657365E+00
  9.8549611E-05 -3.12480870441344560E+00
  9.9466461E-05 -3.12480870587722848E+00
  1.0039175E-04 -3.12480870736841743E+00
  1.0132554E-04 -3.12480870888753293E+00
  1.0226793E-04 -3.12480871043509412E+00
  1.0321899E-04 -3.12480871201161836E+00
  1.0417880E-04 -3.12480871361764034E+00
  1.0514744E-04 -3.12480871525370496E+00
  1.0612499E-04 -3.12480871692038820E+00
  1.0711153E-04 -3.12480871861823095E+00
  1.0810715E-04 -3.12480872034783275E+00
  1.0911192E-04 -3.12480872210977356E+00
  1.1012594E-04 -3.12480872390464537E+00
  1.1114929E-04 -3.12480872573306012E+00
  1.1218206E-04 -3.12480872759565020E+00
  1.1322432E-04 -3.12480872949304134E+00
  1.1427618E-04 -3.12480873142587701E+00
  1.1533771E-04 -3.12480873339481580E+00
  1.1640900E-04 -3.12480873540053272E+00
  1.1749016E-04 -3.12480873744369347E+00
  1.1858126E-04 -3.12480873952501792E+00
  1.1968239E-04 -3.12480874164518596E+00
  1.2079366E-04 -3.12480874380493701E+00
  1.2191515E-04 -3.12480874600499003E+00
  1.2304695E-04 -3.12480874824609156E+00
  1.2418917E-04 -3.12480875052901874E+00
  1.2534190E-04 -3.12480875285453230E+00
  1.2650523E-04 -3.12480875522341339E+00
  1.2767927E-04 -3.12480875763649513E+00
  1.2886410E-04 -3.12480876009456798E+00
  1.3005984E-04 -3.12480876259846774E+00
  1.3126658E-04 -3.12480876514905459E+00
  1.3248441E-04 -3.12480876774719274E+00
  1.3371345E-04 -3.12480877039375393E+00
  1.3495380E-04 -3.12480877308965344E+00
  1.3620556E-04 -3.12480877583578076E+00
  1.3746884E-04 -3.12480877863307471E+00
  1.3874373E-04 -3.12480878148249053E+00
  1.4003036E-04 -3.12480878438498744E+00
  1.4132882E-04 -3.12480878734155620E+00
  1.4263923E-04 -3.12480879035319026E+00
  1.4396169E-04 -3.12480879342090345E+00
  1.4529632E-04 -3.12480879654574739E+00
  1.4664323E-04 -3.12480879972878078E+00
  1.4800253E-04 -3.12480880297106989E+00
  1.4937433E-04 -3.12480880627371160E+00
  1.5075875E-04 -3.12480880963782948E+00
  1.5215591E-04 -3.12480881306455727E+00
  1.5356593E-04 -3.12480881655507714E+00
  1.5498891E-04 -3.12480882011054417E+00
  1.5642499E-04 -3.12480882373216096E+00
  1.5787428E-04 -3.12480882742117361E+00
  1.5933690E-04 -3.12480883117880692E+00
  1.6081297E-04 -3.12480883500633588E+00
  1.6230263E-04 -3.12480883890506522E+00
  1.6380599E-04 -3.12480884287631477E+00
  1.6532318E-04 -3.12480884692141236E+00
  1.6685433E-04 -3.12480885104173378E+00
  1.6839957E-04 -3.12480885523866458E+00
  1.6995902E-04 -3.12480885951364229E+00
  1.7153281E-04 -3.12480886386809731E+00
  1.7312109E-04 -3.12480886830349958E+00
  1.7472398E-04 -3.12480887282135367E+00
  1.7634161E-04 -3.12480887742318192E+00
  1.7797413E-04 -3.12480888211053509E+00
  1.7962166E-04 -3.12480888688501457E+00
  1.8128435E-04 -3.12480889174821508E+00
  1.8296234E-04 -3.12480889670178463E+00
  1.8465576E-04 -3.12480890174740056E+00
  1.8636477E-04 -3.12480890688676238E+00
  1.8808949E-04 -3.12480891212159362E+00
  1.8983008E-04 -3.12480891745368661E+00
  1.9158669E-04 -3.12480892288482570E+00
  1.9335946E-04 -3.12480892841684987E+00
  1.9514853E-04 -3.12480893405161764E+00
  1.9695406E-04 -3.12480893979104657E+00
  1.9877621E-04 -3.12480894563705425E+00
  2.0061512E-04 -3.12480895159162841E+00
  2.0247094E-04 -3.12480895765677946E+00
  2.0434384E-04 -3.12480896383454709E+00
  2.0623397E-04 -3.12480897012701675E+00
  2.0814148E-04 -3.12480897653630185E+00
  2.1006655E-04 -3.12480898306458332E+00
  2.1200932E-04 -3.12480898971405141E+00
  2.1396997E-04 -3.12480899648696209E+00
  2.1594866E-04 -3.12480900338558332E+00
  2.1794555E-04 -3.12480901041223946E+00
  2.1996081E-04 -3.12480901756931839E+00
  2.2199461E-04 -3.12480902485922796E+00
  2.2404712E-04 -3.12480903228441864E+00
  2.2611851E-04 -3.12480903984740221E+00
  2.2820896E-04 -3.12480904755072553E+00
  2.3031864E-04 -3.12480905539698606E+00
  2.3244773E-04 -3.12480906338882569E+00
  2.3459640E-04 -3.12480907152894094E+00
  2.3676485E-04 -3.12480907982007894E+00
  2.3895324E-04 -3.12480908826503523E+00
  2.4116176E-04 -3.12480909686664887E+00
  2.4339060E-04 -3.12480910562781355E+00
  2.4563995E-04 -3.12480911455150423E+00
  2.4790999E-04 -3.12480912364070962E+00
  2.5020092E-04 -3.12480913289850193E+00
  2.5251292E-04 -3.12480914232800489E+00
  2.5484619E-04 -3.12480915193237152E+00
  2.5720092E-04 -3.12480916171486012E+00
  2.5957732E-04 -3.12480917167876759E+00
  2.6197558E-04 -3.12480918182744594E+00
  2.6439591E-04 -3.12480919216430708E+00
  2.6683850E-04 -3.12480920269284734E+00
  2.6930356E-04 -3.12480921341659812E+00
  2.7179130E-04 -3.12480922433916986E+00
  2.7430192E-04 -3.12480923546426359E+00
  2.7683564E-04 -3.12480924679560346E+00
  2.7939268E-04 -3.12480925833702328E+00
  2.8197323E-04 -3.12480927009239240E+00
  2.8457753E-04 -3.12480928206568276E+00
  2.8720578E-04 -3.12480929426091647E+00
  2.8985822E-04 -3.12480930668221424E+00
  2.9253506E-04 -3.12480931933374340E+00
  2.9523652E-04 -3.12480933221977342E+00
  2.9796283E-04 -3.12480934534464128E+00
  3.0071423E-04 -3.12480935871275722E+00
  3.0349094E-04 -3.12480937232863631E+00
  3.0629319E-04 -3.12480938619685045E+00
  3.0912123E-04 -3.12480940032208032E+00
  3.1197528E-04 -3.12480941470906615E+00
  3.1485558E-04 -3.12480942936265249E+00
  3.1776239E-04 -3.12480944428778207E+00
  3.2069593E-04 -3.12480945948947619E+00
  3.2365647E-04 -3.12480947497284456E+00
  3.2664424E-04 -3.12480949074311010E+00
  3.2965950E-04 -3.12480950680556901E+00
  3.3270249E-04 -3.12480952316561700E+00
  3.3577349E-04 -3.12480953982878296E+00
  3.3887273E-04 -3.12480955680066286E+00
  3.4200049E-04 -3.12480957408696680E+00
  3.4515702E-04 -3.12480959169352301E+00
  3.4834259E-04 -3.12480960962623300E+00
  3.5155746E-04 -3.12480962789114125E+00
  3.5480191E-04 -3.12480964649439930E+00
  3.5807621E-04 -3.12480966544226524E+00
  3.6138064E-04 -3.12480968474110909E+00
  3.6471546E-04 -3.12480970439742567E+00
  3.6808096E-04 -3.12480972441782390E+00
  3.7147743E-04 -3.12480974480904061E+00
  3.7490514E-04 -3.12480976557793877E+00
  3.7836438E-04 -3.12480978673150434E+00
  3.8185545E-04 -3.12480980827685162E+00
  3.8537863E-04 -3.12480983022122993E+00
  3.8893423E-04 -3.12480985257201072E+00
  3.9252254E-04 -3.12480987533671373E+00
  3.9614386E-04 -3.12480989852301283E+00
  3.9979849E-04 -3.12480992213868625E+00
  4.0348675E-04 -3.12480994619168495E+00
  4.0720893E-04 -3.12480997069009314E+00
  4.1096536E-04 -3.12480999564214867E+00
  4.1475635E-04 -3.12481002105625283E+00
  4.1858222E-04 -3.12481004694094455E+00
  4.2244328E-04 -3.12481007330492977E+00
  4.2633986E-04 -3.12481010015706850E+00
  4.3027229E-04 -3.12481012750639930E+00
  4.3424090E-04 -3.12481015536210105E+00
  4.3824601E-04 -3.12481018373356045E+00
  4.4228797E-04 -3.12481021263030856E+00
  4.4636712E-04 -3.12481024206205404E+00
  4.5048380E-04 -3.12481027203870498E+00
  4.5463834E-04 -3.12481030257032000E+00
  4.5883111E-04 -3.12481033366717620E+00
  4.6306245E-04 -3.12481036533973588E+00
  4.6733272E-04 -3.12481039759864121E+00
  4.7164227E-04 -3.12481043045472928E+00
  4.7599147E-04 -3.12481046391905126E+00
  4.8038068E-04 -3.12481049800284438E+00
  4.8481027E-04 -3.12481053271758480E+00
  4.8928061E-04 -3.12481056807493118E+00
  4.9379207E-04 -3.12481060408677003E+00
  4.9834504E-04 -3.12481064076520720E+00
  5.0293990E-04 -3.12481067812257196E+00
  5.0757703E-04 -3.12481071617140715E+00
  5.1225682E-04 -3.12481075492451721E+00
  5.1697966E-04 -3.12481079439492460E+00
  5.2174595E-04 -3.12481083459589559E+00
  5.2655609E-04 -3.12481087554093850E+00
  5.3141048E-04 -3.12481091724380677E+00
  5.3630953E-04 -3.12481095971851630E+00
  5.4125364E-04 -3.12481100297935921E+00
  5.4624325E-04 -3.12481104704086032E+00
  5.5127876E-04 -3.12481109191783224E+00
  5.5636059E-04 -3.12481113762533846E+00
  5.6148917E-04 -3.12481118417876536E+00
  5.6666494E-04 -3.12481123159373952E+00
  5.7188832E-04 -3.12481127988620155E+00
  5.7715975E-04 -3.12481132907236692E+00
  5.8247968E-04 -3.12481137916877527E+00
  5.8784855E-04 -3.12481143019225982E+00
  5.9326682E-04 -3.12481148215994775E+00
  5.9873493E-04 -3.12481153508932330E+00
  6.0425334E-04 -3.12481158899815892E+00
  6.0982253E-04 -3.12481164390456234E+00
  6.1544294E-04 -3.12481169982699525E+00
  6.2111507E-04 -3.12481175678423506E+00
  6.2683937E-04 -3.12481181479540826E+00
  6.3261634E-04 -3.12481187388002990E+00
  6.3844646E-04 -3.12481193405792723E+00
  6.4433021E-04 -3.12481199534933740E+00
  6.5026809E-04 -3.12481205777483506E+00
  6.5626059E-04 -3.12481212135538922E+00
  6.6230823E-04 -3.12481218611238010E+00
  6.6841150E-04 -3.12481225206754898E+00
  6.7457092E-04 -3.12481231924305147E+00
  6.8078701E-04 -3.12481238766145930E+00
  6.8706028E-04 -3.12481245734575319E+00
  6.9339126E-04 -3.12481252831932643E+00
  6.9978049E-04 -3.12481260060603505E+00
  7.0622850E-04 -3.12481267423016984E+00
  7.1273582E-04 -3.12481274921644658E+00
  7.1930301E-04 -3.12481282559005313E+00
  7.2593062E-04 -3.12481290337665163E+00
  7.3261920E-04 -3.12481298260235807E+00
  7.3936932E-04 -3.12481306329378938E+00
  7.4618153E-04 -3.12481314547805145E+00
  7.5305641E-04 -3.12481322918275017E+00
  7.5999454E-04 -3.12481331443599064E+00
  7.6699650E-04 -3.12481340126640905E+00
  7.7406287E-04 -3.12481348970317319E+00
  7.8119426E-04 -3.12481357977598107E+00
  7.8839125E-04 -3.12481367151508760E+00
  7.9565445E-04 -3.12481376495130458E+00
  8.0298447E-04 -3.12481386011600515E+00
  8.1038192E-04 -3.12481395704114506E+00
  8.1784743E-04 -3.12481405575928806E+00
  8.2538162E-04 -3.12481415630359072E+00
  8.3298512E-04 -3.12481425870781004E+00
  8.4065857E-04 -3.12481436300632920E+00
  8.4840262E-04 -3.12481446923418726E+00
  8.5621791E-04 -3.12481457742704949E+00
  8.6410509E-04 -3.12481468762125347E+00
  8.7206484E-04 -3.12481479985381094E+00
  8.8009781E-04 -3.12481491416239887E+00
  8.8820469E-04 -3.12481503058540167E+00
  8.9638615E-04 -3.12481514916191827E+00
  9.0464287E-04 -3.12481526993175596E+00
  9.1297555E-04 -3.12481539293549337E+00
  9.2138489E-04 -3.12481551821441261E+00
  9.2987160E-04 -3.12481564581059823E+00
  9.3843638E-04 -3.12481577576687908E+00
  9.4707995E-04 -3.12481590812688959E+00
  9.5580304E-04 -3.12481604293508841E+00
  9.6460638E-04 -3.12481618023674024E+00
  9.7349072E-04 -3.12481632007793353E+00
  9.8245678E-04 -3.12481646250562939E+00
  9.9150533E-04 -3.12481660756764867E+00
  1.0006371E-03 -3.12481675531269998E+00
  1.0098529E-03 -3.12481690579038718E+00
  1.0191535E-03 -3.12481705905124230E+00
  1.0285397E-03 -3.12481721514671396E+00
  1.0380122E-03 -3.12481737412921001E+00
  1.0475718E-03 -3.12481753605210644E+00
  1.0572194E-03 -3.12481770096976996E+00
  1.0669557E-03 -3.12481786893758029E+00
  1.0767816E-03 -3.12481804001191543E+00
  1.0866980E-03 -3.12481821425021922E+00
  1.0967055E-03 -3.12481839171099196E+00
  1.1068051E-03 -3.12481857245380290E+00
  1.1169976E-03 -3.12481875653933994E+00
  1.1272839E-03 -3.12481894402939853E+00
  1.1376648E-03 -3.12481913498693142E+00
  1.1481412E-03 -3.12481932947603491E+00
  1.1587140E-03 -3.12481952756200476E+00
  1.1693841E-03 -3.12481972931134599E+00
  1.1801523E-03 -3.12481993479178621E+00
  1.1910196E-03 -3.12482014407229780E+00
  1.2019869E-03 -3.12482035722314500E+00
  1.2130551E-03 -3.12482057431589011E+00
  1.2242251E-03 -3.12482079542339131E+00
  1.2354978E-03 -3.12482102061988254E+00
  1.2468743E-03 -3.12482124998097577E+00
  1.2583554E-03 -3.12482148358363432E+00
  1.2699421E-03 -3.12482172150631010E+00
  1.2816354E-03 -3.12482196382884503E+00
  1.2934364E-03 -3.12482221063258603E+00
  1.3053458E-03 -3.12482246200038505E+00
  1.3173649E-03 -3.12482271801662348E+00
  1.3294945E-03 -3.12482297876723969E+00
  1.3417357E-03 -3.12482324433975522E+00
  1.3540895E-03 -3.12482351482331655E+00
  1.3665570E-03 -3.12482379030871460E+00
  1.3791391E-03 -3.12482407088842074E+00
  1.3918370E-03 -3.12482435665661429E+00
  1.4046518E-03 -3.12482464770922119E+00
  1.4175844E-03 -3.12482494414393708E+00
  1.4306360E-03 -3.12482524606025569E+00
  1.4438077E-03 -3.12482555355951774E+00
  1.4571005E-03 -3.12482586674493712E+00
  1.4705157E-03 -3.12482618572163462E+00
  1.4840542E-03 -3.12482651059667482E+00
  1.4977173E-03 -3.12482684147910916E+00
  1.5115061E-03 -3.12482717847996838E+00
  1.5254218E-03 -3.12482752171239486E+00
  1.5394654E-03 -3.12482787129156936E+00
  1.5536383E-03 -3.12482822733484022E+00
  1.5679416E-03 -3.12482858996169188E+00
  1.5823764E-03 -3.12482895929383986E+00
  1.5969441E-03 -3.12482933545523922E+00
  1.6116457E-03 -3.12482971857215341E+00
  1.6264826E-03 -3.12483010877314538E+00
  1.6414560E-03 -3.12483050618919433E+00
  1.6565672E-03 -3.12483091095367582E+00
  1.6718174E-03 -3.12483132320243495E+00
  1.6872078E-03 -3.12483174307381750E+00
  1.7027399E-03 -3.12483217070875874E+00
  1.7184149E-03 -3.12483260625077008E+00
  1.7342340E-03 -3.12483304984602839E+00
  1.7501987E-03 -3.12483350164340346E+00
  1.7663103E-03 -3.12483396179451933E+00
  1.7825700E-03 -3.12483443045381337E+00
  1.7989794E-03 -3.12483490777856865E+00
  1.8155397E-03 -3.12483539392896636E+00
  1.8322524E-03 -3.12483588906816001E+00
  1.8491188E-03 -3.12483639336232955E+00
  1.8661404E-03 -3.12483690698069339E+00
  1.8833186E-03 -3.12483743009563764E+00
  1.9006549E-03 -3.12483796288270854E+00
  1.9181506E-03 -3.12483850552070042E+00
  1.9358072E-03 -3.12483905819170982E+00
  1.9536264E-03 -3.12483962108121638E+00
  1.9716094E-03 -3.12484019437810767E+00
  1.9897579E-03 -3.12484077827477824E+00
  2.0080733E-03 -3.12484137296717090E+00
  2.0265572E-03 -3.12484197865484781E+00
  2.0452112E-03 -3.12484259554106458E+00
  2.0640368E-03 -3.12484322383283875E+00
  2.0830356E-03 -3.12484386374099676E+00
  2.1022092E-03 -3.12484451548027975E+00
  2.1215591E-03 -3.12484517926938521E+00
  2.1410871E-03 -3.12484585533106163E+00
  2.1607947E-03 -3.12484654389217598E+00
  2.1806836E-03 -3.12484724518376655E+00
  2.2007555E-03 -3.12484795944118199E+00
  2.2210121E-03 -3.12484868690407724E+00
  2.2414550E-03 -3.12484942781657038E+00
  2.2620860E-03 -3.12485018242727364E+00
  2.2829068E-03 -3.12485095098940269E+00
  2.3039191E-03 -3.12485173376084147E+00
  2.3251247E-03 -3.12485253100425009E+00
  2.3465254E-03 -3.12485334298715012E+00
  2.3681230E-03 -3.12485416998199383E+00
  2.3899193E-03 -3.12485501226626949E+00
  2.4119161E-03 -3.12485587012260124E+00
  2.4341153E-03 -3.12485674383883438E+00
  2.4565187E-03 -3.12485763370813840E+00
  2.4791282E-03 -3.12485854002908736E+00
  2.5019457E-03 -3.12485946310578422E+00
  2.5249731E-03 -3.12486040324797543E+00
  2.5482124E-03 -3.12486136077105980E+00
  2.5716655E-03 -3.12486233599636343E+00
  2.5953343E-03 -3.12486332925106858E+00
  2.6192209E-03 -3.12486434086844866E+00
  2.6433272E-03 -3.12486537118792107E+00
  2.6676553E-03 -3.12486642055518082E+00
  2.6922072E-03 -3.12486748932229919E+00
  2.7169850E-03 -3.12486857784788707E+00
  2.7419907E-03 -3.12486968649714214E+00
  2.7672264E-03 -3.12487081564203173E+00
  2.7926944E-03 -3.12487196566140346E+00
  2.8183966E-03 -3.12487313694109670E+00
  2.8443353E-03 -3.12487432987407265E+00
  2.8705126E-03 -3.12487554486059027E+00
  2.8969307E-03 -3.12487678230826393E+00
  2.9235919E-03 -3.12487804263225488E+00
  2.9504983E-03 -3.12487932625541420E+00
  2.9776523E-03 -3.12488063360838186E+00
  3.0050561E-03 -3.12488196512978167E+00
  3.0327120E-03 -3.12488332126631496E+00
  3.0606223E-03 -3.12488470247295291E+00
  3.0887894E-03 -3.12488610921308529E+00
  3.1172156E-03 -3.12488754195863594E+00
  3.1459034E-03 -3.12488900119028212E+00
  3.1748550E-03 -3.12489048739757624E+00
  3.2040730E-03 -3.12489200107910525E+00
  3.2335598E-03 -3.12489354274267184E+00
  3.2633179E-03 -3.12489511290546806E+00
  3.2933497E-03 -3.12489671209424236E+00
  3.3236578E-03 -3.12489834084546025E+00
  3.3542448E-03 -3.12489999970555088E+00
  3.3851131E-03 -3.12490168923098244E+00
  3.4162654E-03 -3.12490340998853755E+00
  3.4477043E-03 -3.12490516255546646E+00
  3.4794325E-03 -3.12490694751968157E+00
  3.5114525E-03 -3.12490876547996521E+00
  3.5437671E-03 -3.12491061704615714E+00
  3.5763790E-03 -3.12491250283935695E+00
  3.6092909E-03 -3.12491442349217596E+00
  3.6425056E-03 -3.12491637964889923E+00
  3.6760258E-03 -3.12491837196569477E+00
  3.7098545E-03 -3.12492040111087421E+00
  3.7439943E-03 -3.12492246776510063E+00
  3.7784482E-03 -3.12492457262159862E+00
  3.8132191E-03 -3.12492671638640651E+00
  3.8483099E-03 -3.12492889977863975E+00
  3.8837235E-03 -3.12493112353064495E+00
  3.9194629E-03 -3.12493338838835077E+00
  3.9555310E-03 -3.12493569511143621E+00
  3.9919310E-03 -3.12493804447362633E+00
  4.0286659E-03 -3.12494043726295301E+00
  4.0657387E-03 -3.12494287428199025E+00
  4.1031526E-03 -3.12494535634815573E+00
  4.1409107E-03 -3.12494788429395731E+00
  4.1790161E-03 -3.12495045896728474E+00
  4.2174721E-03 -3.12495308123170501E+00
  4.2562819E-03 -3.12495575196673281E+00
  4.2954487E-03 -3.12495847206812316E+00
  4.3349759E-03 -3.12496124244819118E+00
  4.3748667E-03 -3.12496406403610649E+00
  4.4151244E-03 -3.12496693777819035E+00
  4.4557526E-03 -3.12496986463828685E+00
  4.4967545E-03 -3.12497284559800814E+00
  4.5381336E-03 -3.12497588165709805E+00
  4.5798933E-03 -3.12497897383380474E+00
  4.6220373E-03 -3.12498212316514401E+00
  4.6645690E-03 -3.12498533070732831E+00
  4.7074919E-03 -3.12498859753605274E+00
  4.7508097E-03 -3.12499192474689602E+00
  4.7945261E-03 -3.12499531345567938E+00
  4.8386446E-03 -3.12499876479883110E+00
  4.8831690E-03 -3.12500227993375645E+00
  4.9281030E-03 -3.12500586003929559E+00
  4.9734504E-03 -3.12500950631599039E+00
  5.0192150E-03 -3.12501321998660808E+00
  5.0654006E-03 -3.12501700229648716E+00
  5.1120110E-03 -3.12502085451396594E+00
  5.1590503E-03 -3.12502477793081868E+00
  5.2065224E-03 -3.12502877386266187E+00
  5.2544311E-03 -3.12503284364943745E+00
  5.3027807E-03 -3.12503698865582935E+00
  5.3515750E-03 -3.12504121027171511E+00
  5.4008182E-03 -3.12504550991265351E+00
  5.4505144E-03 -3.12504988902031844E+00
  5.5006679E-03 -3.12505434906308022E+00
  5.5512827E-03 -3.12505889153635863E+00
  5.6023631E-03 -3.12506351796322646E+00
  5.6539135E-03 -3.12506822989485666E+00
  5.7059382E-03 -3.12507302891111127E+00
  5.7584414E-03 -3.12507791662099477E+00
  5.8114277E-03 -3.12508289466323230E+00
  5.8649014E-03 -3.12508796470682482E+00
  5.9188671E-03 -3.12509312845157305E+00
  5.9733292E-03 -3.12509838762869130E+00
  6.0282924E-03 -3.12510374400133273E+00
  6.0837612E-03 -3.12510919936524845E+00
  6.1397404E-03 -3.12511475554930751E+00
  6.1962345E-03 -3.12512041441617638E+00
  6.2532483E-03 -3.12512617786289537E+00
  6.3107867E-03 -3.12513204782154919E+00
  6.3688544E-03 -3.12513802625988202E+00
  6.4274563E-03 -3.12514411518197832E+00
  6.4865973E-03 -3.12515031662892362E+00
  6.5462824E-03 -3.12515663267948263E+00
  6.6065166E-03 -3.12516306545080225E+00
  6.6673049E-03 -3.12516961709911811E+00
  6.7286524E-03 -3.12517628982044648E+00
  6.7905644E-03 -3.12518308585140359E+00
  6.8530459E-03 -3.12519000746983711E+00
  6.9161022E-03 -3.12519705699566996E+00
  6.9797386E-03 -3.12520423679163972E+00
  7.0439605E-03 -3.12521154926410594E+00
  7.1087732E-03 -3.12521899686385307E+00
  7.1741821E-03 -3.12522658208688009E+00
  7.2401928E-03 -3.12523430747527264E+00
  7.3068108E-03 -3.12524217561804241E+00
  7.3740416E-03 -3.12525018915196018E+00
  7.4418910E-03 -3.12525835076247605E+00
  7.5103645E-03 -3.12526666318461599E+00
  7.5794680E-03 -3.12527512920386075E+00
  7.6492072E-03 -3.12528375165711347E+00
  7.7195880E-03 -3.12529253343361546E+00
  7.7906162E-03 -3.12530147747592313E+00
  7.8622979E-03 -3.12531058678089879E+00
  7.9346391E-03 -3.12531986440071252E+00
  8.0076458E-03 -3.12532931344382048E+00
  8.0813241E-03 -3.12533893707607158E+00
  8.1556802E-03 -3.12534873852170580E+00
  8.2307204E-03 -3.12535872106443069E+00
  8.3064510E-03 -3.12536888804858259E+00
  8.3828782E-03 -3.12537924288016633E+00
  8.4600086E-03 -3.12538978902800668E+00
  8.5378485E-03 -3.12540053002496032E+00
  8.6164045E-03 -3.12541146946901627E+00
  8.6956833E-03 -3.12542261102454333E+00
  8.7756913E-03 -3.12543395842349625E+00
  8.8564354E-03 -3.12544551546667071E+00
  8.9379224E-03 -3.12545728602496453E+00
  9.0201590E-03 -3.12546927404065178E+00
  9.1031522E-03 -3.12548148352871813E+00
  9.1869088E-03 -3.12549391857818604E+00
  9.2714360E-03 -3.12550658335350562E+00
  9.3567409E-03 -3.12551948209589003E+00
  9.4428305E-03 -3.12553261912475433E+00
  9.5297121E-03 -3.12554599883917117E+00
  9.6173930E-03 -3.12555962571932033E+00
  9.7058805E-03 -3.12557350432796799E+00
  9.7951821E-03 -3.12558763931199213E+00
  9.8853053E-03 -3.12560203540394399E+00
  9.9762576E-03 -3.12561669742361303E+00
  1.0068047E-02 -3.12563163027962698E+00
  1.0160680E-02 -3.12564683897106699E+00
  1.0254166E-02 -3.12566232858920978E+00
  1.0348511E-02 -3.12567810431908910E+00
  1.0443725E-02 -3.12569417144134443E+00
  1.0539814E-02 -3.12571053533389609E+00
  1.0636788E-02 -3.12572720147376959E+00
  1.0734654E-02 -3.12574417543891636E+00
  1.0833420E-02 -3.12576146291003942E+00
  1.0933094E-02 -3.12577906967251495E+00
  1.1033686E-02 -3.12579700161828677E+00
  1.1135203E-02 -3.12581526474784255E+00
  1.1237654E-02 -3.12583386517217665E+00
  1.1341048E-02 -3.12585280911488894E+00
  1.1445392E-02 -3.12587210291415074E+00
  1.1550697E-02 -3.12589175302488398E+00
  1.1656970E-02 -3.12591176602085463E+00
  1.1764221E-02 -3.12593214859689672E+00
  1.1872459E-02 -3.12595290757110922E+00
  1.1981693E-02 -3.12597404988710537E+00
  1.2091931E-02 -3.12599558261634014E+00
  1.2203184E-02 -3.12601751296043640E+00
  1.2315460E-02 -3.12603984825356696E+00
  1.2428769E-02 -3.12606259596491087E+00
  1.2543120E-02 -3.12608576370108127E+00
  1.2658524E-02 -3.12610935920870903E+00
  1.2774989E-02 -3.12613339037693994E+00
  1.2892525E-02 -3.12615786524007033E+00
  1.3011143E-02 -3.12618279198023830E+00
  1.3130852E-02 -3.12620817893007041E+00
  1.3251662E-02 -3.12623403457549331E+00
  1.3373584E-02 -3.12626036755848702E+00
  1.3496628E-02 -3.12628718667998395E+00
  1.3620803E-02 -3.12631450090275553E+00
  1.3746121E-02 -3.12634231935438756E+00
  1.3872592E-02 -3.12637065133025871E+00
  1.4000226E-02 -3.12639950629665719E+00
  1.4129034E-02 -3.12642889389387912E+00
  1.4259028E-02 -3.12645882393940289E+00
  1.4390217E-02 -3.12648930643112610E+00
  1.4522613E-02 -3.12652035155069230E+00
  1.4656227E-02 -3.12655196966680338E+00
  1.4791071E-02 -3.12658417133868349E+00
  1.4927155E-02 -3.12661696731948924E+00
  1.5064490E-02 -3.12665036855995870E+00
  1.5203090E-02 -3.12668438621187983E+00
  1.5342964E-02 -3.12671903163186826E+00
  1.5484125E-02 -3.12675431638503953E+00
  1.5626585E-02 -3.12679025224887353E+00
  1.5770356E-02 -3.12682685121702120E+00
  1.5915449E-02 -3.12686412550326898E+00
  1.6061877E-02 -3.12690208754554178E+00
  1.6209652E-02 -3.12694075001002370E+00
  1.6358786E-02 -3.12698012579526496E+00
  1.6509292E-02 -3.12702022803643231E+00
  1.6661184E-02 -3.12706107010963841E+00
  1.6814472E-02 -3.12710266563627703E+00
  1.6969171E-02 -3.12714502848753373E+00
  1.7125292E-02 -3.12718817278888661E+00
  1.7282851E-02 -3.12723211292477110E+00
  1.7441858E-02 -3.12727686354325174E+00
  1.7602329E-02 -3.12732243956082145E+00
  1.7764275E-02 -3.12736885616727323E+00
  1.7927712E-02 -3.12741612883067832E+00
  1.8092652E-02 -3.12746427330241383E+00
  1.8259110E-02 -3.12751330562233276E+00
  1.8427099E-02 -3.12756324212395276E+00
  1.8596633E-02 -3.12761409943981628E+00
  1.8767727E-02 -3.12766589450689603E+00
  1.8940395E-02 -3.12771864457210480E+00
  1.9114652E-02 -3.12777236719794782E+00
  1.9290511E-02 -3.12782708026814804E+00
  1.9467989E-02 -3.12788280199355739E+00
  1.9647099E-02 -3.12793955091800724E+00
  1.9827857E-02 -3.12799734592436085E+00
  2.0010278E-02 -3.12805620624063296E+00
  2.0194377E-02 -3.12811615144621546E+00
  2.0380170E-02 -3.12817720147822342E+00
  2.0567672E-02 -3.12823937663796636E+00
  2.0756899E-02 -3.12830269759751323E+00
  2.0947867E-02 -3.12836718540637637E+00
  2.1140592E-02 -3.12843286149827771E+00
  2.1335089E-02 -3.12849974769815242E+00
  2.1531376E-02 -3.12856786622912741E+00
  2.1729469E-02 -3.12863723971969376E+00
  2.1929385E-02 -3.12870789121102799E+00
  2.2131139E-02 -3.12877984416438526E+00
  2.2334750E-02 -3.12885312246864977E+00
  2.2540233E-02 -3.12892775044802951E+00
  2.2747607E-02 -3.12900375286986820E+00
  2.2956889E-02 -3.12908115495257944E+00
  2.3168096E-02 -3.12915998237372639E+00
  2.3381246E-02 -3.12924026127829347E+00
  2.3596358E-02 -3.12932201828703072E+00
  2.3813448E-02 -3.12940528050494438E+00
  2.4032535E-02 -3.12949007552999170E+00
  2.4253638E-02 -3.12957643146186548E+00
  2.4476775E-02 -3.12966437691100730E+00
  2.4701964E-02 -3.12975394100763360E+00
  2.4929226E-02 -3.12984515341112424E+00
  2.5158578E-02 -3.12993804431935052E+00
  2.5390040E-02 -3.13003264447832130E+00
  2.5623631E-02 -3.13012898519194183E+00
  2.5859372E-02 -3.13022709833190049E+00
  2.6097281E-02 -3.13032701634783805E+00
  2.6337379E-02 -3.13042877227751193E+00
  2.6579686E-02 -3.13053239975730468E+00
  2.6824222E-02 -3.13063793303282178E+00
  2.7071007E-02 -3.13074540696966563E+00
  2.7320063E-02 -3.13085485706445121E+00
  2.7571410E-02 -3.13096631945594828E+00
  2.7825070E-02 -3.13107983093640785E+00
  2.8081063E-02 -3.13119542896315117E+00
  2.8339411E-02 -3.13131315167026614E+00
  2.8600136E-02 -3.13143303788054084E+00
  2.8863259E-02 -3.13155512711758499E+00
  2.9128803E-02 -3.13167945961824579E+00
  2.9396790E-02 -3.13180607634498687E+00
  2.9667243E-02 -3.13193501899876248E+00
  2.9940183E-02 -3.13206633003191159E+00
  3.0215635E-02 -3.13220005266133317E+00
  3.0493620E-02 -3.13233623088187674E+00
  3.0774163E-02 -3.13247490947995511E+00
  3.1057287E-02 -3.13261613404733374E+00
  3.1343016E-02 -3.13275995099523552E+00
  3.1631373E-02 -3.13290640756855732E+00
  3.1922383E-02 -3.13305555186044016E+00
  3.2216070E-02 -3.13320743282699965E+00
  3.2512459E-02 -3.13336210030228512E+00
  3.2811575E-02 -3.13351960501351501E+00
  3.3113442E-02 -3.13367999859657642E+00
  3.3418087E-02 -3.13384333361171752E+00
  3.3725534E-02 -3.13400966355949562E+00
  3.4035810E-02 -3.13417904289705795E+00
  3.4348940E-02 -3.13435152705456765E+00
  3.4664951E-02 -3.13452717245193613E+00
  3.4983869E-02 -3.13470603651590274E+00
  3.5305721E-02 -3.13488817769720507E+00
  3.5630534E-02 -3.13507365548815198E+00
  3.5958335E-02 -3.13526253044048620E+00
  3.6289152E-02 -3.13545486418339658E+00
  3.6623012E-02 -3.13565071944189233E+00
  3.6959944E-02 -3.13585016005551553E+00
  3.7299975E-02 -3.13605325099718613E+00
  3.7643135E-02 -3.13626005839247890E+00
  3.7989451E-02 -3.13647064953910748E+00
  3.8338954E-02 -3.13668509292674313E+00
  3.8691672E-02 -3.13690345825711248E+00
  3.9047635E-02 -3.13712581646439803E+00
  3.9406872E-02 -3.13735223973594035E+00
  3.9769414E-02 -3.13758280153327718E+00
  4.0135292E-02 -3.13781757661341265E+00
  4.0504536E-02 -3.13805664105048443E+00
  4.0877176E-02 -3.13830007225771501E+00
  4.1253245E-02 -3.13854794900963530E+00
  4.1632774E-02 -3.13880035146471492E+00
  4.2015794E-02 -3.13905736118822709E+00
  4.2402338E-02 -3.13931906117550863E+00
  4.2792437E-02 -3.13958553587549760E+00
  4.3186126E-02 -3.13985687121459600E+00
  4.3583436E-02 -3.14013315462091125E+00
  4.3984402E-02 -3.14041447504885740E+00
  4.4389057E-02 -3.14070092300390691E+00
  4.4797434E-02 -3.14099259056793700E+00
  4.5209568E-02 -3.14128957142471599E+00
  4.5625493E-02 -3.14159196088584203E+00
  4.6045245E-02 -3.14189985591695198E+00
  4.6468859E-02 -3.14221335516433919E+00
  4.6896370E-02 -3.14253255898187200E+00
  4.7327813E-02 -3.14285756945823547E+00
  4.7763226E-02 -3.14318849044459370E+00
  4.8202645E-02 -3.14352542758255460E+00
  4.8646106E-02 -3.14386848833243038E+00
  4.9093646E-02 -3.14421778200200830E+00
  4.9545304E-02 -3.14457341977542093E+00
  5.0001118E-02 -3.14493551474258792E+00
  5.0461124E-02 -3.14530418192890959E+00
  5.0925362E-02 -3.14567953832528246E+00
  5.1393872E-02 -3.14606170291852205E+00
  5.1866691E-02 -3.14645079672207473E+00
  5.2343860E-02 -3.14684694280709509E+00
  5.2825419E-02 -3.14725026633388127E+00
  5.3311409E-02 -3.14766089458361042E+00
  5.3801869E-02 -3.14807895699039930E+00
  5.4296841E-02 -3.14850458517380272E+00
  5.4796367E-02 -3.14893791297146652E+00
  5.5300489E-02 -3.14937907647224957E+00
  5.5809248E-02 -3.14982821404961122E+00
  5.6322688E-02 -3.15028546639529905E+00
  5.6840851E-02 -3.15075097655339764E+00
  5.7363781E-02 -3.15122488995459893E+00
  5.7891522E-02 -3.15170735445088290E+00
  5.8424118E-02 -3.15219852035036796E+00
  5.8961614E-02 -3.15269854045256093E+00
  5.9504054E-02 -3.15320757008377228E+00
  6.0051485E-02 -3.15372576713293595E+00
  6.0603952E-02 -3.15425329208752236E+00
  6.1161502E-02 -3.15479030806983740E+00
  6.1724180E-02 -3.15533698087350123E+00
  6.2292036E-02 -3.15589347900015449E+00
  6.2865115E-02 -3.15645997369641229E+00
  6.3443467E-02 -3.15703663899095366E+00
  6.4027139E-02 -3.15762365173190052E+00
  6.4616181E-02 -3.15822119162427439E+00
  6.5210642E-02 -3.15882944126767118E+00
  6.5810572E-02 -3.15944858619406732E+00
  6.6416021E-02 -3.16007881490569797E+00
  6.7027040E-02 -3.16072031891320204E+00
  6.7643680E-02 -3.16137329277364154E+00
  6.8265994E-02 -3.16203793412871592E+00
  6.8894032E-02 -3.16271444374300348E+00
  6.9527848E-02 -3.16340302554226271E+00
  7.0167495E-02 -3.16410388665162134E+00
  7.0813026E-02 -3.16481723743388166E+00
  7.1464496E-02 -3.16554329152764247E+00
  7.2121960E-02 -3.16628226588542416E+00
  7.2785472E-02 -3.16703438081166277E+00
  7.3455088E-02 -3.16779986000051972E+00
  7.4130865E-02 -3.16857893057363382E+00
  7.4812858E-02 -3.16937182311750076E+00
  7.5501126E-02 -3.17017877172071660E+00
  7.6195725E-02 -3.17100001401093046E+00
  7.6896715E-02 -3.17183579119145120E+00
  7.7604153E-02 -3.17268634807747096E+00
  7.8318100E-02 -3.17355193313193285E+00
  7.9038615E-02 -3.17443279850089422E+00
  7.9765758E-02 -3.17532920004840991E+00
  8.0499591E-02 -3.17624139739087097E+00
  8.1240175E-02 -3.17716965393072659E+00
  8.1987572E-02 -3.17811423688952477E+00
  8.2741845E-02 -3.17907541734031263E+00
  8.3503057E-02 -3.18005347023914009E+00
  8.4271272E-02 -3.18104867445581130E+00
  8.5046554E-02 -3.18206131280374338E+00
  8.5828969E-02 -3.18309167206874122E+00
  8.6618581E-02 -3.18414004303686227E+00
  8.7415458E-02 -3.18520672052105747E+00
  8.8219666E-02 -3.18629200338666463E+00
  8.9031272E-02 -3.18739619457561085E+00
  8.9850345E-02 -3.18851960112923472E+00
  9.0676954E-02 -3.18966253420967538E+00
  9.1511166E-02 -3.19082530911972739E+00
  9.2353054E-02 -3.19200824532098837E+00
  9.3202686E-02 -3.19321166645034182E+00
  9.4060135E-02 -3.19443590033456015E+00
  9.4925472E-02 -3.19568127900296339E+00
  9.5798770E-02 -3.19694813869795746E+00
  9.6680102E-02 -3.19823681988350517E+00
  9.7569542E-02 -3.19954766725114625E+00
  9.8467165E-02 -3.20088102972371003E+00
  9.9373045E-02 -3.20223726045636026E+00
  1.0028726E-01 -3.20361671683498406E+00
  1.0120988E-01 -3.20501976047177317E+00
  1.0214100E-01 -3.20644675719770733E+00
  1.0308068E-01 -3.20789807705196095E+00
  1.0402900E-01 -3.20937409426797426E+00
  1.0498605E-01 -3.21087518725605525E+00
  1.0595190E-01 -3.21240173858230182E+00
  1.0692664E-01 -3.21395413494373994E+00
  1.0791034E-01 -3.21553276713939473E+00
  1.0890310E-01 -3.21713803003715793E+00
  1.0990499E-01 -3.21877032253627249E+00
  1.1091609E-01 -3.22043004752512019E+00
  1.1193650E-01 -3.22211761183425915E+00
  1.1296629E-01 -3.22383342618438684E+00
  1.1400556E-01 -3.22557790512884068E+00
  1.1505439E-01 -3.22735146699082565E+00
  1.1611287E-01 -3.22915453379462569E+00
  1.1718109E-01 -3.23098753119089954E+00
  1.1825913E-01 -3.23285088837555890E+00
  1.1934709E-01 -3.23474503800214341E+00
  1.2044506E-01 -3.23667041608723638E+00
  1.2155313E-01 -3.23862746190872519E+00
  1.2267140E-01 -3.24061661789655320E+00
  1.2379995E-01 -3.24263832951565867E+00
  1.2493888E-01 -3.24469304514081092E+00
  1.2608830E-01 -3.24678121592284930E+00
  1.2724828E-01 -3.24890329564620028E+00
  1.2841894E-01 -3.25105974057707270E+00
  1.2960037E-01 -3.25325100930215916E+00
  1.3079267E-01 -3.25547756255727450E+00
  1.3199594E-01 -3.25773986304566376E+00
  1.3321027E-01 -3.26003837524542961E+00
  1.3443578E-01 -3.26237356520580102E+00
  1.3567256E-01 -3.26474590033165857E+00
  1.3692072E-01 -3.26715584915590185E+00
  1.3818036E-01 -3.26960388109924560E+00
  1.3945159E-01 -3.27209046621685617E+00
  1.4073452E-01 -3.27461607493131046E+00
  1.4202925E-01 -3.27718117775151052E+00
  1.4333589E-01 -3.27978624497681581E+00
  1.4465455E-01 -3.28243174638597424E+00
  1.4598534E-01 -3.28511815091019077E+00
  1.4732837E-01 -3.28784592628982431E+00
  1.4868376E-01 -3.29061553871399681E+00
  1.5005162E-01 -3.29342745244258062E+00
  1.5143207E-01 -3.29628212940991272E+00
  1.5282521E-01 -3.29918002880943373E+00
  1.5423117E-01 -3.30212160665882992E+00
  1.5565006E-01 -3.30510731534461755E+00
  1.5708201E-01 -3.30813760314578431E+00
  1.5852713E-01 -3.31121291373553905E+00
  1.5998554E-01 -3.31433368566045106E+00
  1.6145738E-01 -3.31750035179622493E+00
  1.6294275E-01 -3.32071333877920738E+00
  1.6444179E-01 -3.32397306641292145E+00
  1.6595462E-01 -3.32727994704868113E+00
  1.6748136E-01 -3.33063438493941355E+00
  1.6902215E-01 -3.33403677556586553E+00
  1.7057712E-01 -3.33748750493417390E+00
  1.7214639E-01 -3.34098694884387681E+00
  1.7373010E-01 -3.34453547212546942E+00
  1.7532838E-01 -3.34813342784645895E+00
  1.7694136E-01 -3.35178115648486141E+00
  1.7856918E-01 -3.35547898506913356E+00
  1.8021198E-01 -3.35922722628358628E+00
  1.8186989E-01 -3.36302617753797861E+00
  1.8354305E-01 -3.36687612000033987E+00
  1.8523161E-01 -3.37077731759188559E+00
  1.8693570E-01 -3.37473001594276978E+00
  1.8865546E-01 -3.37873444130754530E+00
  1.9039105E-01 -3.38279079943926630E+00
  1.9214261E-01 -3.38689927442066363E+00
  1.9391027E-01 -3.39106002745157786E+00
  1.9569420E-01 -3.39527319559102025E+00
  1.9749455E-01 -3.39953889045280455E+00
  1.9931145E-01 -3.40385719685333887E+00
  2.0114507E-01 -3.40822817141024448E+00
  2.0299556E-01 -3.41265184109048558E+00
  2.0486307E-01 -3.41712820170668374E+00
  2.0674776E-01 -3.42165721636015574E+00
  2.0864980E-01 -3.42623881382930762E+00
  2.1056933E-01 -3.43087288690204817E+00
  2.1250652E-01 -3.43555929065066268E+00
  2.1446153E-01 -3.44029784064785238E+00
  2.1643452E-01 -3.44508831112242930E+00
  2.1842567E-01 -3.44993043305322500E+00
  2.2043513E-01 -3.45482389219977870E+00
  2.2246309E-01 -3.45976832706837589E+00
  2.2450969E-01 -3.46476332681188381E+00
  2.2657513E-01 -3.46980842906210274E+00
  2.2865957E-01 -3.47490311769302673E+00
  2.3076318E-01 -3.48004682051368963E+00
  2.3288615E-01 -3.48523890688917248E+00
  2.3502865E-01 -3.49047868528827410E+00
  2.3719086E-01 -3.49576540075657860E+00
  2.3937295E-01 -3.50109823231356376E+00
  2.4157513E-01 -3.50647629027231478E+00
  2.4379756E-01 -3.51189861348066890E+00
  2.4604044E-01 -3.51736416648254258E+00
  2.4830396E-01 -3.52287183659814174E+00
  2.5058829E-01 -3.52842043092203106E+00
  2.5289364E-01 -3.53400867323789614E+00
  2.5522021E-01 -3.53963520084900685E+00
  2.5756817E-01 -3.54529856132344401E+00
  2.5993774E-01 -3.55099720915324957E+00
  2.6232910E-01 -3.55672950232660989E+00
  2.6474246E-01 -3.56249369881255351E+00
  2.6717803E-01 -3.56828795295753354E+00
  2.6963600E-01 -3.57411031179342098E+00
  2.7211659E-01 -3.57995871125660958E+00
  2.7462000E-01 -3.58583097231806702E+00
  2.7714643E-01 -3.59172479702436354E+00
  2.7969611E-01 -3.59763776444965355E+00
  2.8226925E-01 -3.60356732655910994E+00
  2.8486606E-01 -3.60951080398423407E+00
  2.8748676E-01 -3.61546538171078113E+00
  2.9013156E-01 -3.62142810468014265E+00
  2.9280070E-01 -3.62739587330555002E+00
  2.9549440E-01 -3.63336543890437680E+00
  2.9821287E-01 -3.63933339904823994E+00
  3.0095636E-01 -3.64529619283300343E+00
  3.0372508E-01 -3.65125009607084872E+00
  3.0651928E-01 -3.65719121640713274E+00
  3.0933918E-01 -3.66311548836496437E+00
  3.1218503E-01 -3.66901866832084833E+00
  3.1505705E-01 -3.67489632941521815E+00
  3.1795550E-01 -3.68074385640183310E+00
  3.2088061E-01 -3.68655644044093611E+00
  3.2383263E-01 -3.69232907384090847E+00
  3.2681181E-01 -3.69805654475428192E+00
  3.2981840E-01 -3.70373343183406911E+00
  3.3285264E-01 -3.70935409885701750E+00
  3.3591481E-01 -3.71491268932112284E+00
  3.3900514E-01 -3.72040312102518200E+00
  3.4212390E-01 -3.72581908063884359E+00
  3.4527135E-01 -3.73115401827237658E+00
  3.4844776E-01 -3.73640114205592866E+00
  3.5165340E-01 -3.74155341273900666E+00
  3.5488852E-01 -3.74660353832150017E+00
  3.5815340E-01 -3.75154396872831963E+00
  3.6144833E-01 -3.75636689054096085E+00
  3.6477356E-01 -3.76106422179971522E+00
  3.6812938E-01 -3.76562760689144271E+00
  3.7151608E-01 -3.77004841153875869E+00
  3.7493394E-01 -3.77431771790742321E+00
  3.7838323E-01 -3.77842631984975519E+00
  3.8186426E-01 -3.78236471830308796E+00
  3.8537732E-01 -3.78612311686325542E+00
  3.8892269E-01 -3.78969141755429328E+00
  3.9250068E-01 -3.79305921681685954E+00
  3.9611159E-01 -3.79621580173886075E+00
  3.9975571E-01 -3.79915014655330863E+00
  4.0343336E-01 -3.80185090942955561E+00
  4.0714485E-01 -3.80430642958543386E+00
  4.1089048E-01 -3.80650472474924984E+00
  4.1467056E-01 -3.80843348900200684E+00
  4.1848543E-01 -3.81008009103147360E+00
  4.2233539E-01 -3.81143157283148248E+00
  4.2622076E-01 -3.81247464888110477E+00
  4.3014189E-01 -3.81319570583984602E+00
  4.3409908E-01 -3.81358080279683120E+00
  4.3809268E-01 -3.81361567211303454E+00
  4.4212302E-01 -3.81328572089753992E+00
  4.4619044E-01 -3.81257603316025806E+00
  4.5029528E-01 -3.81147137268495584E+00
  4.5443788E-01 -3.80995618666828406E+00
  4.5861859E-01 -3.80801461017162035E+00
  4.6283776E-01 -3.80563047143462008E+00
  4.6709575E-01 -3.80278729810017335E+00
  4.7139291E-01 -3.79946832440263504E+00
  4.7572960E-01 -3.79565649937197369E+00
  4.8010619E-01 -3.79133449610828643E+00
  4.8452304E-01 -3.78648472218214316E+00
  4.8898053E-01 -3.78108933121751756E+00
  4.9347902E-01 -3.77513023571527073E+00
  4.9801890E-01 -3.76858912117593059E+00
  5.0260055E-01 -3.76144746158158050E+00
  5.0722434E-01 -3.75368653629748339E+00
  5.1189067E-01 -3.74528744845433748E+00
  5.1659994E-01 -3.73623114487299812E+00
  5.2135252E-01 -3.72649843759322863E+00
  5.2614883E-01 -3.71607002706857070E+00
  5.3098926E-01 -3.70492652708882497E+00
  5.3587422E-01 -3.69304849149162839E+00
  5.4080413E-01 -3.68041644272355839E+00
  5.4577938E-01 -3.66701090231052618E+00
  5.5080041E-01 -3.65281242329577971E+00
  5.5586763E-01 -3.63780162470224688E+00
  5.6098147E-01 -3.62195922807415549E+00
  5.6614235E-01 -3.60526609615019877E+00
  5.7135071E-01 -3.58770327371820619E+00
  5.7660699E-01 -3.56925203069758368E+00
  5.8191162E-01 -3.54989390749273692E+00
  5.8726505E-01 -3.52961076265599649E+00
  5.9266774E-01 -3.50838482289438902E+00
  5.9812012E-01 -3.48619873544919523E+00
  6.0362267E-01 -3.46303562287160727E+00
  6.0917584E-01 -3.43887914021140340E+00
  6.1478010E-01 -3.41371353462882210E+00
  6.2043591E-01 -3.38752370743201014E+00
  6.2614376E-01 -3.36029527853451793E+00
  6.3190412E-01 -3.33201465331810986E+00
  6.3771747E-01 -3.30266909187682378E+00
  6.4358430E-01 -3.27224678060780105E+00
  6.4950511E-01 -3.24073690610334930E+00
  6.5548038E-01 -3.20812973128698387E+00
  6.6151063E-01 -3.17441667372350356E+00
  6.6759635E-01 -3.13959038601994678E+00
  6.7373806E-01 -3.10364483822006321E+00
  6.7993627E-01 -3.06657540207995316E+00
  6.8619151E-01 -3.02837893709681172E+00
  6.9250429E-01 -2.98905387814621060E+00
  6.9887514E-01 -2.94860032456573995E+00
  7.0530461E-01 -2.90702013050487817E+00
  7.1179322E-01 -2.86431699634157777E+00
  7.1834153E-01 -2.82049656094636569E+00
  7.2495008E-01 -2.77556649455394266E+00
  7.3161943E-01 -2.72953659198046195E+00
  7.3835013E-01 -2.68241886590241041E+00
  7.4514276E-01 -2.63422763988947306E+00
  7.5199787E-01 -2.58497964085934218E+00
  7.5891605E-01 -2.53469409059733986E+00
  7.6589788E-01 -2.48339279595736961E+00
  7.7294393E-01 -2.43110023733335234E+00
  7.8005481E-01 -2.37784365496186334E+00
  7.8723111E-01 -2.32365313258712280E+00
  7.9447342E-01 -2.26856167798849606E+00
  8.0178237E-01 -2.21260529983823595E+00
  8.0915855E-01 -2.15582308032339753E+00
  8.1660259E-01 -2.09825724292995996E+00
  8.2411512E-01 -2.03995321474985891E+00
  8.3169676E-01 -1.98095968263147326E+00
  8.3934814E-01 -1.92132864245217272E+00
  8.4706992E-01 -1.86111544074639479E+00
  8.5486274E-01 -1.80037880787488191E+00
  8.6272724E-01 -1.73918088186917563E+00
  8.7066410E-01 -1.67758722203046040E+00
  8.7867398E-01 -1.61566681130254652E+00
  8.8675754E-01 -1.55349204637500105E+00
  8.9491548E-01 -1.49113871440365342E+00
  9.0314846E-01 -1.42868595516168884E+00
  9.1145718E-01 -1.36621620735503813E+00
  9.1984234E-01 -1.30381513774979618E+00
  9.2830464E-01 -1.24157155166808097E+00
  9.3684480E-01 -1.17957728331067946E+00
  9.4546352E-01 -1.11792706426097022E+00
  9.5416153E-01 -1.05671836841506894E+00
  9.6293955E-01 -9.96051231468531140E-01
  9.7179834E-01 -9.36028042971362217E-01
  9.8073862E-01 -8.76753308842002088E-01
  9.8976115E-01 -8.18333382109324825E-01
  9.9886669E-01 -7.60876159532591023E-01
  1.0080560E+00 -7.04490741635485973E-01
  1.0173298E+00 -6.49287053587793817E-01
  1.0266890E+00 -5.95375424280498722E-01
  1.0361343E+00 -5.42866120876292935E-01
  1.0456664E+00 -4.91868836084604633E-01
  1.0552863E+00 -4.42492125418945226E-01
  1.0649946E+00 -3.94842791757085088E-01
  1.0747923E+00 -3.49025214655626526E-01
  1.0846801E+00 -3.05140622086332303E-01
  1.0946588E+00 -2.63286302582856957E-01
  1.1047294E+00 -2.23554756235005564E-01
  1.1148926E+00 -1.86032783570239807E-01
  1.1251493E+00 -1.50800512148432236E-01
  1.1355004E+00 -1.17930361698929259E-01
  1.1459467E+00 -8.74859498883774761E-02
  1.1564891E+00 -5.95209423638523930E-02
  1.1671285E+00 -3.40778526174630170E-02
  1.1778657E+00 -1.11867995166454667E-02
  1.1887018E+00  9.13576690314464070E-03
  1.1996375E+00  2.68883575183531433E-02
  1.2106738E+00  4.20857363521314545E-02
  1.2218117E+00  5.47601907364005033E-02
  1.2330521E+00  6.49627519278399151E-02
  1.2443958E+00  7.27643326374821514E-02
  1.2558439E+00  7.82567409560537414E-02
  1.2673973E+00  8.15535221700914997E-02
  1.2790570E+00  8.27905708646860805E-02
  1.2908240E+00  8.21264453832101643E-02
  1.3026992E+00  7.97423050417174761E-02
  1.3146837E+00  7.58413773403022046E-02
  1.3267784E+00  7.06478476276781731E-02
  1.3389844E+00  6.44050470897811200E-02
  1.3513027E+00  5.73727963559636234E-02
  1.3637344E+00  4.98237412254359108E-02
  1.3762803E+00  4.20384937471157405E-02
  1.3889417E+00  3.42993658300472168E-02
  1.4017196E+00  2.68824533442957869E-02
  1.4146151E+00  2.00477958540321265E-02
  1.4276291E+00  1.40273001769620174E-02
  1.4407629E+00  9.01007427116387767E-03
  1.4540176E+00  5.12477080014586348E-03
  1.4673941E+00  2.41848631917483074E-03
  1.4808938E+00  8.31701503459459464E-04
  1.4945176E+00  1.68679337426235447E-04
  1.5082667E+00  0.00000000000000000E+00
  1.5221424E+00  0.00000000000000000E+00
  1.5361457E+00  0.00000000000000000E+00
  1.5502778E+00  0.00000000000000000E+00
  1.5645399E+00  0.00000000000000000E+00
  1.5789332E+00  0.00000000000000000E+00
  1.5934590E+00  0.00000000000000000E+00
  1.6081184E+00  0.00000000000000000E+00
  1.6229126E+00  0.00000000000000000E+00
  1.6378430E+00  0.00000000000000000E+00
  1.6529107E+00  0.00000000000000000E+00
