 -5.0000E+00  1.5023E+00  1.5026E+00
 -4.9500E+00  1.4817E+00  1.4820E+00
 -4.9000E+00  1.4608E+00  1.4611E+00
 -4.8500E+00  1.4395E+00  1.4398E+00
 -4.8000E+00  1.4179E+00  1.4182E+00
 -4.7500E+00  1.3959E+00  1.3962E+00
 -4.7000E+00  1.3736E+00  1.3739E+00
 -4.6500E+00  1.3509E+00  1.3512E+00
 -4.6000E+00  1.3278E+00  1.3281E+00
 -4.5500E+00  1.3043E+00  1.3046E+00
 -4.5000E+00  1.2804E+00  1.2807E+00
 -4.4500E+00  1.2561E+00  1.2563E+00
 -4.4000E+00  1.2312E+00  1.2315E+00
 -4.3500E+00  1.2059E+00  1.2062E+00
 -4.3000E+00  1.1801E+00  1.1804E+00
 -4.2500E+00  1.1538E+00  1.1540E+00
 -4.2000E+00  1.1270E+00  1.1272E+00
 -4.1500E+00  1.0995E+00  1.0997E+00
 -4.1000E+00  1.0715E+00  1.0717E+00
 -4.0500E+00  1.0429E+00  1.0431E+00
 -4.0000E+00  1.0136E+00  1.0138E+00
 -3.9500E+00  9.8366E-01  9.8383E-01
 -3.9000E+00  9.5299E-01  9.5316E-01
 -3.8500E+00  9.2159E-01  9.2175E-01
 -3.8000E+00  8.8940E-01  8.8955E-01
 -3.7500E+00  8.5639E-01  8.5654E-01
 -3.7000E+00  8.2252E-01  8.2267E-01
 -3.6500E+00  7.8775E-01  7.8788E-01
 -3.6000E+00  7.5201E-01  7.5215E-01
 -3.5500E+00  7.1527E-01  7.1540E-01
 -3.5000E+00  6.7747E-01  6.7759E-01
 -3.4500E+00  6.3854E-01  6.3866E-01
 -3.4000E+00  5.9842E-01  5.9853E-01
 -3.3500E+00  5.5705E-01  5.5715E-01
 -3.3000E+00  5.1433E-01  5.1443E-01
 -3.2500E+00  4.7020E-01  4.7029E-01
 -3.2000E+00  4.2456E-01  4.2465E-01
 -3.1500E+00  3.7732E-01  3.7740E-01
 -3.1000E+00  3.2836E-01  3.2843E-01
 -3.0500E+00  2.7757E-01  2.7764E-01
 -3.0000E+00  2.2484E-01  2.2490E-01
 -2.9500E+00  1.7001E-01  1.7006E-01
 -2.9000E+00  1.1293E-01  1.1298E-01
 -2.8500E+00  5.3440E-02  5.3486E-02
 -2.8000E+00 -8.6464E-03 -8.6056E-03
 -2.7500E+00 -7.3535E-02 -7.3499E-02
 -2.7000E+00 -1.4145E-01 -1.4142E-01
 -2.6500E+00 -2.1265E-01 -2.1262E-01
 -2.6000E+00 -2.8741E-01 -2.8739E-01
 -2.5500E+00 -3.6605E-01 -3.6603E-01
 -2.5000E+00 -4.4892E-01 -4.4890E-01
 -2.4500E+00 -5.3641E-01 -5.3640E-01
 -2.4000E+00 -6.2898E-01 -6.2897E-01
 -2.3500E+00 -7.2714E-01 -7.2713E-01
 -2.3000E+00 -8.3146E-01 -8.3146E-01
 -2.2500E+00 -9.4261E-01 -9.4261E-01
 -2.2000E+00 -1.0614E+00 -1.0614E+00
 -2.1500E+00 -1.1886E+00 -1.1886E+00
 -2.1000E+00 -1.3253E+00 -1.3253E+00
 -2.0500E+00 -1.4727E+00 -1.4727E+00
 -2.0000E+00 -1.6323E+00 -1.6323E+00
 -1.9500E+00 -1.8056E+00 -1.8056E+00
 -1.9000E+00 -1.9946E+00 -1.9946E+00
 -1.8500E+00 -2.2019E+00 -2.2018E+00
 -1.8000E+00 -2.4301E+00 -2.4301E+00
 -1.7500E+00 -2.6830E+00 -2.6830E+00
 -1.7000E+00 -2.9650E+00 -2.9649E+00
 -1.6500E+00 -3.2815E+00 -3.2814E+00
 -1.6000E+00 -3.6396E+00 -3.6394E+00
 -1.5500E+00 -4.0483E+00 -4.0481E+00
 -1.5000E+00 -4.5197E+00 -4.5194E+00
 -1.4500E+00 -5.0697E+00 -5.0693E+00
 -1.4000E+00 -5.7203E+00 -5.7198E+00
 -1.3500E+00 -6.5025E+00 -6.5019E+00
 -1.3000E+00 -7.4616E+00 -7.4607E+00
 -1.2500E+00 -8.6662E+00 -8.6650E+00
 -1.2000E+00 -1.0226E+01 -1.0224E+01
 -1.1500E+00 -1.2326E+01 -1.2324E+01
 -1.1000E+00 -1.5311E+01 -1.5307E+01
 -1.0500E+00 -1.9891E+01 -1.9884E+01
 -1.0000E+00 -2.7823E+01 -2.7809E+01
 -9.5000E-01 -4.4927E+01 -4.4890E+01
 -9.0000E-01 -1.0905E+02 -1.0883E+02
 -8.5000E-01  2.9669E+02  2.9835E+02
 -8.0000E-01  6.4903E+01  6.4983E+01
 -7.5000E-01  3.7065E+01  3.7091E+01
 -7.0000E-01  2.6231E+01  2.6244E+01
 -6.5000E-01  2.0463E+01  2.0471E+01
 -6.0000E-01  1.6878E+01  1.6884E+01
 -5.5000E-01  1.4433E+01  1.4437E+01
 -5.0000E-01  1.2657E+01  1.2660E+01
 -4.5000E-01  1.1308E+01  1.1310E+01
 -4.0000E-01  1.0247E+01  1.0249E+01
 -3.5000E-01  9.3903E+00  9.3919E+00
 -3.0000E-01  8.6836E+00  8.6850E+00
 -2.5000E-01  8.0902E+00  8.0914E+00
 -2.0000E-01  7.5844E+00  7.5855E+00
 -1.5000E-01  7.1479E+00  7.1488E+00
 -1.0000E-01  6.7670E+00  6.7677E+00
 -5.0000E-02  6.4314E+00  6.4320E+00
  0.0000E+00  6.1332E+00  6.1338E+00
  5.0000E-02  5.8664E+00  5.8670E+00
  1.0000E-01  5.6260E+00  5.6265E+00
  1.5000E-01  5.4081E+00  5.4086E+00
  2.0000E-01  5.2096E+00  5.2100E+00
  2.5000E-01  5.0277E+00  5.0281E+00
  3.0000E-01  4.8604E+00  4.8608E+00
  3.5000E-01  4.7059E+00  4.7062E+00
  4.0000E-01  4.5626E+00  4.5629E+00
  4.5000E-01  4.4293E+00  4.4295E+00
  5.0000E-01  4.3048E+00  4.3050E+00
  5.5000E-01  4.1881E+00  4.1883E+00
  6.0000E-01  4.0786E+00  4.0788E+00
  6.5000E-01  3.9755E+00  3.9756E+00
  7.0000E-01  3.8781E+00  3.8782E+00
  7.5000E-01  3.7859E+00  3.7861E+00
  8.0000E-01  3.6985E+00  3.6986E+00
  8.5000E-01  3.6154E+00  3.6155E+00
  9.0000E-01  3.5363E+00  3.5364E+00
  9.5000E-01  3.4608E+00  3.4609E+00
  1.0000E+00  3.3886E+00  3.3887E+00
  1.0500E+00  3.3195E+00  3.3195E+00
  1.1000E+00  3.2531E+00  3.2532E+00
  1.1500E+00  3.1894E+00  3.1895E+00
  1.2000E+00  3.1282E+00  3.1282E+00
  1.2500E+00  3.0691E+00  3.0691E+00
  1.3000E+00  3.0121E+00  3.0122E+00
  1.3500E+00  2.9571E+00  2.9571E+00
  1.4000E+00  2.9039E+00  2.9039E+00
  1.4500E+00  2.8523E+00  2.8523E+00
  1.5000E+00  2.8023E+00  2.8023E+00
  1.5500E+00  2.7538E+00  2.7538E+00
  1.6000E+00  2.7067E+00  2.7067E+00
  1.6500E+00  2.6608E+00  2.6608E+00
  1.7000E+00  2.6162E+00  2.6162E+00
  1.7500E+00  2.5727E+00  2.5727E+00
  1.8000E+00  2.5302E+00  2.5302E+00
  1.8500E+00  2.4888E+00  2.4888E+00
  1.9000E+00  2.4483E+00  2.4483E+00
  1.9500E+00  2.4087E+00  2.4087E+00
  2.0000E+00  2.3699E+00  2.3699E+00
  2.0500E+00  2.3320E+00  2.3320E+00
  2.1000E+00  2.2948E+00  2.2948E+00
  2.1500E+00  2.2583E+00  2.2583E+00
  2.2000E+00  2.2224E+00  2.2224E+00
  2.2500E+00  2.1873E+00  2.1873E+00
  2.3000E+00  2.1527E+00  2.1527E+00
  2.3500E+00  2.1186E+00  2.1187E+00
  2.4000E+00  2.0852E+00  2.0852E+00
  2.4500E+00  2.0522E+00  2.0522E+00
  2.5000E+00  2.0197E+00  2.0197E+00
  2.5500E+00  1.9877E+00  1.9877E+00
  2.6000E+00  1.9561E+00  1.9561E+00
  2.6500E+00  1.9249E+00  1.9249E+00
  2.7000E+00  1.8941E+00  1.8942E+00
  2.7500E+00  1.8637E+00  1.8638E+00
  2.8000E+00  1.8337E+00  1.8337E+00
  2.8500E+00  1.8039E+00  1.8040E+00
  2.9000E+00  1.7745E+00  1.7746E+00
  2.9500E+00  1.7454E+00  1.7455E+00
  3.0000E+00  1.7166E+00  1.7167E+00
  3.0500E+00  1.6881E+00  1.6882E+00
  3.1000E+00  1.6598E+00  1.6599E+00
  3.1500E+00  1.6318E+00  1.6318E+00
  3.2000E+00  1.6040E+00  1.6040E+00
  3.2500E+00  1.5764E+00  1.5765E+00
  3.3000E+00  1.5490E+00  1.5491E+00
  3.3500E+00  1.5218E+00  1.5219E+00
  3.4000E+00  1.4948E+00  1.4949E+00
  3.4500E+00  1.4680E+00  1.4681E+00
  3.5000E+00  1.4413E+00  1.4415E+00
  3.5500E+00  1.4148E+00  1.4150E+00
  3.6000E+00  1.3885E+00  1.3886E+00
  3.6500E+00  1.3623E+00  1.3624E+00
  3.7000E+00  1.3362E+00  1.3364E+00
  3.7500E+00  1.3102E+00  1.3104E+00
  3.8000E+00  1.2844E+00  1.2846E+00
  3.8500E+00  1.2586E+00  1.2589E+00
  3.9000E+00  1.2330E+00  1.2332E+00
  3.9500E+00  1.2074E+00  1.2077E+00
  4.0000E+00  1.1820E+00  1.1822E+00
  4.0500E+00  1.1566E+00  1.1569E+00
  4.1000E+00  1.1313E+00  1.1316E+00
  4.1500E+00  1.1060E+00  1.1063E+00
  4.2000E+00  1.0808E+00  1.0811E+00
  4.2500E+00  1.0557E+00  1.0560E+00
  4.3000E+00  1.0306E+00  1.0309E+00
  4.3500E+00  1.0055E+00  1.0059E+00
  4.4000E+00  9.8052E-01  9.8092E-01
  4.4500E+00  9.5554E-01  9.5595E-01
  4.5000E+00  9.3058E-01  9.3102E-01
  4.5500E+00  9.0565E-01  9.0610E-01
  4.6000E+00  8.8073E-01  8.8121E-01
  4.6500E+00  8.5583E-01  8.5632E-01
  4.7000E+00  8.3093E-01  8.3144E-01
  4.7500E+00  8.0603E-01  8.0657E-01
  4.8000E+00  7.8113E-01  7.8169E-01
  4.8500E+00  7.5622E-01  7.5680E-01
  4.9000E+00  7.3131E-01  7.3191E-01
  4.9500E+00  7.0637E-01  7.0700E-01
