  0.0000000E+00  0.0000000E+00  0.0000000E+00
  1.0221911E-08 -1.5639888E-07 -1.9113348E-08
  2.0537860E-08 -3.1423656E-07 -3.8402533E-08
  3.0948714E-08 -4.7352629E-07 -5.7869173E-08
  4.1455344E-08 -6.3428142E-07 -7.7514901E-08
  5.2058633E-08 -7.9651543E-07 -9.7341364E-08
  6.2759468E-08 -9.6024193E-07 -1.1735022E-07
  7.3558749E-08 -1.1254746E-06 -1.3754316E-07
  8.4457379E-08 -1.2922274E-06 -1.5792187E-07
  9.5456275E-08 -1.4605143E-06 -1.7848805E-07
  1.0655636E-07 -1.6303493E-06 -1.9924344E-07
  1.1775856E-07 -1.8017467E-06 -2.2018977E-07
  1.2906381E-07 -1.9747209E-06 -2.4132880E-07
  1.4047307E-07 -2.1492864E-06 -2.6266231E-07
  1.5198730E-07 -2.3254579E-06 -2.8419208E-07
  1.6360745E-07 -2.5032500E-06 -3.0591991E-07
  1.7533450E-07 -2.6826777E-06 -3.2784764E-07
  1.8716944E-07 -2.8637562E-06 -3.4997709E-07
  1.9911326E-07 -3.0465004E-06 -3.7231013E-07
  2.1116696E-07 -3.2309258E-06 -3.9484862E-07
  2.2333154E-07 -3.4170479E-06 -4.1759447E-07
  2.3560804E-07 -3.6048822E-06 -4.4054957E-07
  2.4799748E-07 -3.7944445E-06 -4.6371585E-07
  2.6050090E-07 -3.9857507E-06 -4.8709525E-07
  2.7311935E-07 -4.1788168E-06 -5.1068974E-07
  2.8585388E-07 -4.3736591E-06 -5.3450129E-07
  2.9870556E-07 -4.5702938E-06 -5.5853190E-07
  3.1167548E-07 -4.7687374E-06 -5.8278358E-07
  3.2476472E-07 -4.9690067E-06 -6.0725838E-07
  3.3797438E-07 -5.1711184E-06 -6.3195833E-07
  3.5130556E-07 -5.3750893E-06 -6.5688552E-07
  3.6475938E-07 -5.5809368E-06 -6.8204203E-07
  3.7833698E-07 -5.7886779E-06 -7.0742997E-07
  3.9203948E-07 -5.9983302E-06 -7.3305148E-07
  4.0586804E-07 -6.2099112E-06 -7.5890869E-07
  4.1982383E-07 -6.4234386E-06 -7.8500379E-07
  4.3390800E-07 -6.6389304E-06 -8.1133895E-07
  4.4812174E-07 -6.8564046E-06 -8.3791639E-07
  4.6246625E-07 -7.0758794E-06 -8.6473833E-07
  4.7694272E-07 -7.2973734E-06 -8.9180703E-07
  4.9155237E-07 -7.5209050E-06 -9.1912475E-07
  5.0629642E-07 -7.7464930E-06 -9.4669379E-07
  5.2117612E-07 -7.9741562E-06 -9.7451646E-07
  5.3619271E-07 -8.2039139E-06 -1.0025951E-06
  5.5134744E-07 -8.4357853E-06 -1.0309320E-06
  5.6664159E-07 -8.6697897E-06 -1.0595297E-06
  5.8207645E-07 -8.9059469E-06 -1.0883904E-06
  5.9765330E-07 -9.1442766E-06 -1.1175166E-06
  6.1337345E-07 -9.3847989E-06 -1.1469108E-06
  6.2923823E-07 -9.6275338E-06 -1.1765754E-06
  6.4524895E-07 -9.8725018E-06 -1.2065129E-06
  6.6140697E-07 -1.0119723E-05 -1.2367258E-06
  6.7771364E-07 -1.0369219E-05 -1.2672167E-06
  6.9417033E-07 -1.0621010E-05 -1.2979881E-06
  7.1077841E-07 -1.0875118E-05 -1.3290426E-06
  7.2753929E-07 -1.1131563E-05 -1.3603828E-06
  7.4445435E-07 -1.1390367E-05 -1.3920112E-06
  7.6152504E-07 -1.1651553E-05 -1.4239307E-06
  7.7875276E-07 -1.1915141E-05 -1.4561438E-06
  7.9613898E-07 -1.2181153E-05 -1.4886533E-06
  8.1368515E-07 -1.2449614E-05 -1.5214618E-06
  8.3139273E-07 -1.2720543E-05 -1.5545722E-06
  8.4926323E-07 -1.2993965E-05 -1.5879872E-06
  8.6729812E-07 -1.3269903E-05 -1.6217095E-06
  8.8549893E-07 -1.3548379E-05 -1.6557422E-06
  9.0386718E-07 -1.3829417E-05 -1.6900879E-06
  9.2240442E-07 -1.4113040E-05 -1.7247496E-06
  9.4111219E-07 -1.4399273E-05 -1.7597301E-06
  9.5999207E-07 -1.4688138E-05 -1.7950325E-06
  9.7904564E-07 -1.4979661E-05 -1.8306596E-06
  9.9827450E-07 -1.5273866E-05 -1.8666145E-06
  1.0176803E-06 -1.5570778E-05 -1.9029002E-06
  1.0372645E-06 -1.5870421E-05 -1.9395197E-06
  1.0570290E-06 -1.6172820E-05 -1.9764761E-06
  1.0769753E-06 -1.6478001E-05 -2.0137725E-06
  1.0971051E-06 -1.6785990E-05 -2.0514120E-06
  1.1174200E-06 -1.7096813E-05 -2.0893977E-06
  1.1379219E-06 -1.7410494E-05 -2.1277330E-06
  1.1586124E-06 -1.7727061E-05 -2.1664208E-06
  1.1794932E-06 -1.8046541E-05 -2.2054647E-06
  1.2005661E-06 -1.8368960E-05 -2.2448677E-06
  1.2218329E-06 -1.8694344E-05 -2.2846332E-06
  1.2432953E-06 -1.9022722E-05 -2.3247645E-06
  1.2649552E-06 -1.9354121E-05 -2.3652650E-06
  1.2868143E-06 -1.9688569E-05 -2.4061382E-06
  1.3088746E-06 -2.0026094E-05 -2.4473873E-06
  1.3311378E-06 -2.0366723E-05 -2.4890159E-06
  1.3536058E-06 -2.0710486E-05 -2.5310275E-06
  1.3762805E-06 -2.1057411E-05 -2.5734256E-06
  1.3991638E-06 -2.1407528E-05 -2.6162138E-06
  1.4222576E-06 -2.1760866E-05 -2.6593955E-06
  1.4455639E-06 -2.2117455E-05 -2.7029746E-06
  1.4690846E-06 -2.2477324E-05 -2.7469545E-06
  1.4928217E-06 -2.2840503E-05 -2.7913391E-06
  1.5167771E-06 -2.3207023E-05 -2.8361320E-06
  1.5409529E-06 -2.3576916E-05 -2.8813369E-06
  1.5653512E-06 -2.3950211E-05 -2.9269578E-06
  1.5899739E-06 -2.4326940E-05 -2.9729983E-06
  1.6148231E-06 -2.4707135E-05 -3.0194624E-06
  1.6399010E-06 -2.5090827E-05 -3.0663540E-06
  1.6652095E-06 -2.5478049E-05 -3.1136769E-06
  1.6907509E-06 -2.5868833E-05 -3.1614352E-06
  1.7165272E-06 -2.6263213E-05 -3.2096329E-06
  1.7425407E-06 -2.6661220E-05 -3.2582740E-06
  1.7687935E-06 -2.7062889E-05 -3.3073625E-06
  1.7952878E-06 -2.7468253E-05 -3.3569027E-06
  1.8220259E-06 -2.7877346E-05 -3.4068986E-06
  1.8490099E-06 -2.8290202E-05 -3.4573544E-06
  1.8762422E-06 -2.8706857E-05 -3.5082745E-06
  1.9037250E-06 -2.9127344E-05 -3.5596630E-06
  1.9314606E-06 -2.9551700E-05 -3.6115242E-06
  1.9594514E-06 -2.9979960E-05 -3.6638626E-06
  1.9876998E-06 -3.0412159E-05 -3.7166824E-06
  2.0162080E-06 -3.0848334E-05 -3.7699882E-06
  2.0449784E-06 -3.1288522E-05 -3.8237844E-06
  2.0740136E-06 -3.1732759E-05 -3.8780755E-06
  2.1033158E-06 -3.2181083E-05 -3.9328661E-06
  2.1328876E-06 -3.2633531E-05 -3.9881607E-06
  2.1627315E-06 -3.3090141E-05 -4.0439640E-06
  2.1928499E-06 -3.3550952E-05 -4.1002807E-06
  2.2232455E-06 -3.4016002E-05 -4.1571154E-06
  2.2539206E-06 -3.4485331E-05 -4.2144731E-06
  2.2848780E-06 -3.4958976E-05 -4.2723584E-06
  2.3161201E-06 -3.5436979E-05 -4.3307762E-06
  2.3476497E-06 -3.5919380E-05 -4.3897315E-06
  2.3794693E-06 -3.6406218E-05 -4.4492292E-06
  2.4115817E-06 -3.6897535E-05 -4.5092742E-06
  2.4439895E-06 -3.7393371E-05 -4.5698716E-06
  2.4766954E-06 -3.7893769E-05 -4.6310265E-06
  2.5097022E-06 -3.8398770E-05 -4.6927440E-06
  2.5430127E-06 -3.8908417E-05 -4.7550292E-06
  2.5766296E-06 -3.9422752E-05 -4.8178875E-06
  2.6105558E-06 -3.9941819E-05 -4.8813241E-06
  2.6447941E-06 -4.0465661E-05 -4.9453443E-06
  2.6793473E-06 -4.0994321E-05 -5.0099534E-06
  2.7142185E-06 -4.1527846E-05 -5.0751569E-06
  2.7494104E-06 -4.2066278E-05 -5.1409603E-06
  2.7849262E-06 -4.2609663E-05 -5.2073690E-06
  2.8207686E-06 -4.3158047E-05 -5.2743887E-06
  2.8569408E-06 -4.3711476E-05 -5.3420249E-06
  2.8934458E-06 -4.4269996E-05 -5.4102834E-06
  2.9302866E-06 -4.4833654E-05 -5.4791699E-06
  2.9674663E-06 -4.5402497E-05 -5.5486900E-06
  3.0049881E-06 -4.5976574E-05 -5.6188498E-06
  3.0428550E-06 -4.6555931E-05 -5.6896550E-06
  3.0810703E-06 -4.7140618E-05 -5.7611115E-06
  3.1196372E-06 -4.7730683E-05 -5.8332255E-06
  3.1585589E-06 -4.8326177E-05 -5.9060029E-06
  3.1978387E-06 -4.8927149E-05 -5.9794498E-06
  3.2374798E-06 -4.9533649E-05 -6.0535724E-06
  3.2774857E-06 -5.0145729E-05 -6.1283769E-06
  3.3178595E-06 -5.0763439E-05 -6.2038696E-06
  3.3586048E-06 -5.1386832E-05 -6.2800568E-06
  3.3997249E-06 -5.2015960E-05 -6.3569450E-06
  3.4412234E-06 -5.2650875E-05 -6.4345404E-06
  3.4831036E-06 -5.3291631E-05 -6.5128497E-06
  3.5253691E-06 -5.3938281E-05 -6.5918795E-06
  3.5680234E-06 -5.4590880E-05 -6.6716363E-06
  3.6110701E-06 -5.5249482E-05 -6.7521268E-06
  3.6545128E-06 -5.5914143E-05 -6.8333578E-06
  3.6983553E-06 -5.6584918E-05 -6.9153361E-06
  3.7426010E-06 -5.7261864E-05 -6.9980686E-06
  3.7872538E-06 -5.7945038E-05 -7.0815623E-06
  3.8323174E-06 -5.8634495E-05 -7.1658240E-06
  3.8777955E-06 -5.9330296E-05 -7.2508609E-06
  3.9236921E-06 -6.0032497E-05 -7.3366802E-06
  3.9700108E-06 -6.0741158E-05 -7.4232889E-06
  4.0167557E-06 -6.1456337E-05 -7.5106944E-06
  4.0639307E-06 -6.2178096E-05 -7.5989041E-06
  4.1115396E-06 -6.2906495E-05 -7.6879252E-06
  4.1595865E-06 -6.3641594E-05 -7.7777653E-06
  4.2080755E-06 -6.4383455E-05 -7.8684319E-06
  4.2570105E-06 -6.5132141E-05 -7.9599326E-06
  4.3063957E-06 -6.5887714E-05 -8.0522751E-06
  4.3562353E-06 -6.6650238E-05 -8.1454671E-06
  4.4065333E-06 -6.7419776E-05 -8.2395165E-06
  4.4572941E-06 -6.8196394E-05 -8.3344311E-06
  4.5085219E-06 -6.8980155E-05 -8.4302189E-06
  4.5602209E-06 -6.9771127E-05 -8.5268879E-06
  4.6123956E-06 -7.0569375E-05 -8.6244462E-06
  4.6650502E-06 -7.1374965E-05 -8.7229020E-06
  4.7181893E-06 -7.2187967E-05 -8.8222636E-06
  4.7718172E-06 -7.3008447E-05 -8.9225393E-06
  4.8259385E-06 -7.3836475E-05 -9.0237375E-06
  4.8805577E-06 -7.4672121E-05 -9.1258668E-06
  4.9356794E-06 -7.5515453E-05 -9.2289355E-06
  4.9913082E-06 -7.6366543E-05 -9.3329525E-06
  5.0474487E-06 -7.7225463E-05 -9.4379264E-06
  5.1041058E-06 -7.8092283E-05 -9.5438660E-06
  5.1612840E-06 -7.8967078E-05 -9.6507802E-06
  5.2189883E-06 -7.9849920E-05 -9.7586781E-06
  5.2772234E-06 -8.0740883E-05 -9.8675685E-06
  5.3359943E-06 -8.1640042E-05 -9.9774607E-06
  5.3953059E-06 -8.2547472E-05 -1.0088364E-05
  5.4551631E-06 -8.3463250E-05 -1.0200287E-05
  5.5155710E-06 -8.4387453E-05 -1.0313241E-05
  5.5765346E-06 -8.5320156E-05 -1.0427233E-05
  5.6380591E-06 -8.6261440E-05 -1.0542274E-05
  5.7001495E-06 -8.7211383E-05 -1.0658373E-05
  5.7628112E-06 -8.8170064E-05 -1.0775540E-05
  5.8260494E-06 -8.9137564E-05 -1.0893786E-05
  5.8898693E-06 -9.0113964E-05 -1.1013119E-05
  5.9542764E-06 -9.1099346E-05 -1.1133550E-05
  6.0192760E-06 -9.2093793E-05 -1.1255089E-05
  6.0848735E-06 -9.3097387E-05 -1.1377746E-05
  6.1510746E-06 -9.4110213E-05 -1.1501531E-05
  6.2178846E-06 -9.5132357E-05 -1.1626455E-05
  6.2853093E-06 -9.6163902E-05 -1.1752529E-05
  6.3533543E-06 -9.7204937E-05 -1.1879762E-05
  6.4220253E-06 -9.8255549E-05 -1.2008166E-05
  6.4913281E-06 -9.9315824E-05 -1.2137751E-05
  6.5612684E-06 -1.0038585E-04 -1.2268528E-05
  6.6318521E-06 -1.0146573E-04 -1.2400509E-05
  6.7030852E-06 -1.0255553E-04 -1.2533703E-05
  6.7749736E-06 -1.0365536E-04 -1.2668123E-05
  6.8475234E-06 -1.0476531E-04 -1.2803780E-05
  6.9207406E-06 -1.0588547E-04 -1.2940684E-05
  6.9946314E-06 -1.0701593E-04 -1.3078848E-05
  7.0692020E-06 -1.0815679E-04 -1.3218283E-05
  7.1444585E-06 -1.0930815E-04 -1.3359001E-05
  7.2204075E-06 -1.1047009E-04 -1.3501014E-05
  7.2970551E-06 -1.1164273E-04 -1.3644333E-05
  7.3744079E-06 -1.1282615E-04 -1.3788970E-05
  7.4524723E-06 -1.1402046E-04 -1.3934938E-05
  7.5312548E-06 -1.1522576E-04 -1.4082249E-05
  7.6107622E-06 -1.1644214E-04 -1.4230915E-05
  7.6910010E-06 -1.1766971E-04 -1.4380949E-05
  7.7719779E-06 -1.1890857E-04 -1.4532363E-05
  7.8536999E-06 -1.2015883E-04 -1.4685170E-05
  7.9361736E-06 -1.2142059E-04 -1.4839383E-05
  8.0194061E-06 -1.2269396E-04 -1.4995014E-05
  8.1034043E-06 -1.2397904E-04 -1.5152077E-05
  8.1881753E-06 -1.2527594E-04 -1.5310586E-05
  8.2737261E-06 -1.2658477E-04 -1.5470552E-05
  8.3600640E-06 -1.2790564E-04 -1.5631990E-05
  8.4471961E-06 -1.2923866E-04 -1.5794913E-05
  8.5351299E-06 -1.3058394E-04 -1.5959335E-05
  8.6238726E-06 -1.3194160E-04 -1.6125270E-05
  8.7134317E-06 -1.3331175E-04 -1.6292732E-05
  8.8038147E-06 -1.3469450E-04 -1.6461733E-05
  8.8950293E-06 -1.3608996E-04 -1.6632290E-05
  8.9870830E-06 -1.3749827E-04 -1.6804416E-05
  9.0799835E-06 -1.3891953E-04 -1.6978125E-05
  9.1737387E-06 -1.4035386E-04 -1.7153432E-05
  9.2683565E-06 -1.4180139E-04 -1.7330353E-05
  9.3638447E-06 -1.4326223E-04 -1.7508900E-05
  9.4602113E-06 -1.4473651E-04 -1.7689091E-05
  9.5574645E-06 -1.4622435E-04 -1.7870939E-05
  9.6556124E-06 -1.4772588E-04 -1.8054460E-05
  9.7546633E-06 -1.4924122E-04 -1.8239669E-05
  9.8546254E-06 -1.5077050E-04 -1.8426582E-05
  9.9555071E-06 -1.5231384E-04 -1.8615215E-05
  1.0057317E-05 -1.5387139E-04 -1.8805583E-05
  1.0160063E-05 -1.5544325E-04 -1.8997702E-05
  1.0263755E-05 -1.5702958E-04 -1.9191589E-05
  1.0368400E-05 -1.5863050E-04 -1.9387260E-05
  1.0474009E-05 -1.6024615E-04 -1.9584731E-05
  1.0580589E-05 -1.6187665E-04 -1.9784018E-05
  1.0688149E-05 -1.6352216E-04 -1.9985139E-05
  1.0796699E-05 -1.6518280E-04 -2.0188110E-05
  1.0906247E-05 -1.6685871E-04 -2.0392948E-05
  1.1016804E-05 -1.6855005E-04 -2.0599671E-05
  1.1128377E-05 -1.7025694E-04 -2.0808295E-05
  1.1240977E-05 -1.7197953E-04 -2.1018839E-05
  1.1354613E-05 -1.7371796E-04 -2.1231320E-05
  1.1469294E-05 -1.7547239E-04 -2.1445756E-05
  1.1585030E-05 -1.7724295E-04 -2.1662164E-05
  1.1701831E-05 -1.7902980E-04 -2.1880563E-05
  1.1819707E-05 -1.8083309E-04 -2.2100971E-05
  1.1938666E-05 -1.8265296E-04 -2.2323408E-05
  1.2058721E-05 -1.8448957E-04 -2.2547890E-05
  1.2179880E-05 -1.8634308E-04 -2.2774438E-05
  1.2302153E-05 -1.8821364E-04 -2.3003069E-05
  1.2425551E-05 -1.9010140E-04 -2.3233805E-05
  1.2550085E-05 -1.9200652E-04 -2.3466662E-05
  1.2675764E-05 -1.9392917E-04 -2.3701662E-05
  1.2802599E-05 -1.9586951E-04 -2.3938824E-05
  1.2930601E-05 -1.9782769E-04 -2.4178168E-05
  1.3059781E-05 -1.9980388E-04 -2.4419714E-05
  1.3190150E-05 -2.0179825E-04 -2.4663482E-05
  1.3321717E-05 -2.0381097E-04 -2.4909492E-05
  1.3454495E-05 -2.0584220E-04 -2.5157766E-05
  1.3588495E-05 -2.0789211E-04 -2.5408324E-05
  1.3723727E-05 -2.0996088E-04 -2.5661187E-05
  1.3860203E-05 -2.1204867E-04 -2.5916376E-05
  1.3997935E-05 -2.1415567E-04 -2.6173912E-05
  1.4136934E-05 -2.1628205E-04 -2.6433818E-05
  1.4277212E-05 -2.1842799E-04 -2.6696115E-05
  1.4418780E-05 -2.2059367E-04 -2.6960826E-05
  1.4561651E-05 -2.2277927E-04 -2.7227971E-05
  1.4705836E-05 -2.2498497E-04 -2.7497574E-05
  1.4851347E-05 -2.2721095E-04 -2.7769657E-05
  1.4998197E-05 -2.2945742E-04 -2.8044244E-05
  1.5146398E-05 -2.3172454E-04 -2.8321356E-05
  1.5295963E-05 -2.3401252E-04 -2.8601018E-05
  1.5446903E-05 -2.3632154E-04 -2.8883253E-05
  1.5599233E-05 -2.3865181E-04 -2.9168084E-05
  1.5752963E-05 -2.4100350E-04 -2.9455536E-05
  1.5908108E-05 -2.4337683E-04 -2.9745632E-05
  1.6064680E-05 -2.4577198E-04 -3.0038396E-05
  1.6222692E-05 -2.4818917E-04 -3.0333855E-05
  1.6382158E-05 -2.5062859E-04 -3.0632031E-05
  1.6543092E-05 -2.5309044E-04 -3.0932950E-05
  1.6705505E-05 -2.5557494E-04 -3.1236638E-05
  1.6869413E-05 -2.5808229E-04 -3.1543120E-05
  1.7034829E-05 -2.6061270E-04 -3.1852421E-05
  1.7201767E-05 -2.6316639E-04 -3.2164568E-05
  1.7370240E-05 -2.6574357E-04 -3.2479586E-05
  1.7540263E-05 -2.6834445E-04 -3.2797503E-05
  1.7711851E-05 -2.7096925E-04 -3.3118344E-05
  1.7885017E-05 -2.7361819E-04 -3.3442137E-05
  1.8059776E-05 -2.7629150E-04 -3.3768908E-05
  1.8236142E-05 -2.7898939E-04 -3.4098686E-05
  1.8414132E-05 -2.8171210E-04 -3.4431498E-05
  1.8593758E-05 -2.8445985E-04 -3.4767371E-05
  1.8775038E-05 -2.8723288E-04 -3.5106335E-05
  1.8957985E-05 -2.9003141E-04 -3.5448416E-05
  1.9142615E-05 -2.9285568E-04 -3.5793645E-05
  1.9328943E-05 -2.9570592E-04 -3.6142050E-05
  1.9516986E-05 -2.9858238E-04 -3.6493660E-05
  1.9706759E-05 -3.0148530E-04 -3.6848505E-05
  1.9898277E-05 -3.0441492E-04 -3.7206614E-05
  2.0091558E-05 -3.0737148E-04 -3.7568018E-05
  2.0286617E-05 -3.1035523E-04 -3.7932747E-05
  2.0483470E-05 -3.1336643E-04 -3.8300831E-05
  2.0682134E-05 -3.1640532E-04 -3.8672301E-05
  2.0882626E-05 -3.1947216E-04 -3.9047189E-05
  2.1084962E-05 -3.2256721E-04 -3.9425525E-05
  2.1289159E-05 -3.2569072E-04 -3.9807342E-05
  2.1495236E-05 -3.2884296E-04 -4.0192672E-05
  2.1703208E-05 -3.3202420E-04 -4.0581547E-05
  2.1913093E-05 -3.3523469E-04 -4.0973999E-05
  2.2124909E-05 -3.3847471E-04 -4.1370062E-05
  2.2338674E-05 -3.4174453E-04 -4.1769768E-05
  2.2554406E-05 -3.4504442E-04 -4.2173151E-05
  2.2772122E-05 -3.4837466E-04 -4.2580246E-05
  2.2991841E-05 -3.5173553E-04 -4.2991086E-05
  2.3213581E-05 -3.5512731E-04 -4.3405705E-05
  2.3437361E-05 -3.5855028E-04 -4.3824139E-05
  2.3663201E-05 -3.6200474E-04 -4.4246422E-05
  2.3891117E-05 -3.6549097E-04 -4.4672590E-05
  2.4121131E-05 -3.6900926E-04 -4.5102678E-05
  2.4353260E-05 -3.7255990E-04 -4.5536724E-05
  2.4587525E-05 -3.7614320E-04 -4.5974762E-05
  2.4823946E-05 -3.7975946E-04 -4.6416830E-05
  2.5062541E-05 -3.8340898E-04 -4.6862966E-05
  2.5303331E-05 -3.8709206E-04 -4.7313205E-05
  2.5546337E-05 -3.9080901E-04 -4.7767587E-05
  2.5791578E-05 -3.9456014E-04 -4.8226148E-05
  2.6039075E-05 -3.9834578E-04 -4.8688929E-05
  2.6288849E-05 -4.0216623E-04 -4.9155967E-05
  2.6540921E-05 -4.0602181E-04 -4.9627301E-05
  2.6795312E-05 -4.0991286E-04 -5.0102972E-05
  2.7052043E-05 -4.1383969E-04 -5.0583018E-05
  2.7311136E-05 -4.1780263E-04 -5.1067481E-05
  2.7572613E-05 -4.2180202E-04 -5.1556401E-05
  2.7836495E-05 -4.2583819E-04 -5.2049819E-05
  2.8102805E-05 -4.2991147E-04 -5.2547776E-05
  2.8371565E-05 -4.3402222E-04 -5.3050314E-05
  2.8642797E-05 -4.3817077E-04 -5.3557476E-05
  2.8916525E-05 -4.4235748E-04 -5.4069303E-05
  2.9192771E-05 -4.4658269E-04 -5.4585839E-05
  2.9471558E-05 -4.5084675E-04 -5.5107126E-05
  2.9752910E-05 -4.5515003E-04 -5.5633210E-05
  3.0036850E-05 -4.5949288E-04 -5.6164133E-05
  3.0323403E-05 -4.6387567E-04 -5.6699941E-05
  3.0612592E-05 -4.6829877E-04 -5.7240678E-05
  3.0904441E-05 -4.7276254E-04 -5.7786389E-05
  3.1198975E-05 -4.7726736E-04 -5.8337121E-05
  3.1496219E-05 -4.8181361E-04 -5.8892920E-05
  3.1796197E-05 -4.8640167E-04 -5.9453831E-05
  3.2098935E-05 -4.9103191E-04 -6.0019903E-05
  3.2404458E-05 -4.9570474E-04 -6.0591183E-05
  3.2712792E-05 -5.0042054E-04 -6.1167718E-05
  3.3023962E-05 -5.0517971E-04 -6.1749557E-05
  3.3337995E-05 -5.0998264E-04 -6.2336749E-05
  3.3654918E-05 -5.1482974E-04 -6.2929343E-05
  3.3974755E-05 -5.1972142E-04 -6.3527389E-05
  3.4297535E-05 -5.2465808E-04 -6.4130936E-05
  3.4623285E-05 -5.2964013E-04 -6.4740036E-05
  3.4952031E-05 -5.3466800E-04 -6.5354740E-05
  3.5283802E-05 -5.3974210E-04 -6.5975099E-05
  3.5618625E-05 -5.4486286E-04 -6.6601164E-05
  3.5956529E-05 -5.5003071E-04 -6.7232990E-05
  3.6297540E-05 -5.5524609E-04 -6.7870628E-05
  3.6641690E-05 -5.6050942E-04 -6.8514132E-05
  3.6989005E-05 -5.6582115E-04 -6.9163556E-05
  3.7339515E-05 -5.7118173E-04 -6.9818955E-05
  3.7693250E-05 -5.7659160E-04 -7.0480383E-05
  3.8050239E-05 -5.8205121E-04 -7.1147896E-05
  3.8410513E-05 -5.8756103E-04 -7.1821550E-05
  3.8774101E-05 -5.9312152E-04 -7.2501402E-05
  3.9141033E-05 -5.9873313E-04 -7.3187508E-05
  3.9511342E-05 -6.0439635E-04 -7.3879925E-05
  3.9885057E-05 -6.1011164E-04 -7.4578713E-05
  4.0262210E-05 -6.1587948E-04 -7.5283930E-05
  4.0642833E-05 -6.2170036E-04 -7.5995634E-05
  4.1026958E-05 -6.2757477E-04 -7.6713886E-05
  4.1414616E-05 -6.3350319E-04 -7.7438746E-05
  4.1805841E-05 -6.3948612E-04 -7.8170274E-05
  4.2200665E-05 -6.4552407E-04 -7.8908532E-05
  4.2599121E-05 -6.5161753E-04 -7.9653582E-05
  4.3001243E-05 -6.5776702E-04 -8.0405486E-05
  4.3407064E-05 -6.6397306E-04 -8.1164307E-05
  4.3816619E-05 -6.7023616E-04 -8.1930109E-05
  4.4229942E-05 -6.7655685E-04 -8.2702957E-05
  4.4647067E-05 -6.8293566E-04 -8.3482914E-05
  4.5068029E-05 -6.8937311E-04 -8.4270047E-05
  4.5492864E-05 -6.9586976E-04 -8.5064421E-05
  4.5921608E-05 -7.0242614E-04 -8.5866103E-05
  4.6354296E-05 -7.0904281E-04 -8.6675161E-05
  4.6790964E-05 -7.1572031E-04 -8.7491661E-05
  4.7231650E-05 -7.2245921E-04 -8.8315673E-05
  4.7676390E-05 -7.2926007E-04 -8.9147266E-05
  4.8125221E-05 -7.3612346E-04 -8.9986509E-05
  4.8578181E-05 -7.4304995E-04 -9.0833473E-05
  4.9035309E-05 -7.5004013E-04 -9.1688229E-05
  4.9496642E-05 -7.5709457E-04 -9.2550848E-05
  4.9962219E-05 -7.6421388E-04 -9.3421404E-05
  5.0432079E-05 -7.7139864E-04 -9.4299968E-05
  5.0906262E-05 -7.7864946E-04 -9.5186614E-05
  5.1384808E-05 -7.8596694E-04 -9.6081418E-05
  5.1867755E-05 -7.9335170E-04 -9.6984453E-05
  5.2355146E-05 -8.0080436E-04 -9.7895797E-05
  5.2847021E-05 -8.0832553E-04 -9.8815524E-05
  5.3343420E-05 -8.1591585E-04 -9.9743712E-05
  5.3844387E-05 -8.2357596E-04 -1.0068044E-04
  5.4349962E-05 -8.3130649E-04 -1.0162578E-04
  5.4860188E-05 -8.3910809E-04 -1.0257983E-04
  5.5375108E-05 -8.4698142E-04 -1.0354265E-04
  5.5894766E-05 -8.5492713E-04 -1.0451432E-04
  5.6419204E-05 -8.6294589E-04 -1.0549494E-04
  5.6948467E-05 -8.7103837E-04 -1.0648458E-04
  5.7482599E-05 -8.7920525E-04 -1.0748332E-04
  5.8021644E-05 -8.8744721E-04 -1.0849125E-04
  5.8565649E-05 -8.9576493E-04 -1.0950845E-04
  5.9114659E-05 -9.0415913E-04 -1.1053501E-04
  5.9668719E-05 -9.1263049E-04 -1.1157101E-04
  6.0227876E-05 -9.2117973E-04 -1.1261655E-04
  6.0792178E-05 -9.2980757E-04 -1.1367170E-04
  6.1361671E-05 -9.3851472E-04 -1.1473657E-04
  6.1936403E-05 -9.4730191E-04 -1.1581122E-04
  6.2516422E-05 -9.5616988E-04 -1.1689577E-04
  6.3101778E-05 -9.6511938E-04 -1.1799029E-04
  6.3692518E-05 -9.7415114E-04 -1.1909488E-04
  6.4288693E-05 -9.8326593E-04 -1.2020963E-04
  6.4890353E-05 -9.9246451E-04 -1.2133464E-04
  6.5497548E-05 -1.0017476E-03 -1.2247000E-04
  6.6110329E-05 -1.0111161E-03 -1.2361580E-04
  6.6728748E-05 -1.0205707E-03 -1.2477215E-04
  6.7352855E-05 -1.0301122E-03 -1.2593913E-04
  6.7982705E-05 -1.0397414E-03 -1.2711685E-04
  6.8618348E-05 -1.0494591E-03 -1.2830540E-04
  6.9259840E-05 -1.0592662E-03 -1.2950489E-04
  6.9907233E-05 -1.0691634E-03 -1.3071541E-04
  7.0560582E-05 -1.0791515E-03 -1.3193707E-04
  7.1219941E-05 -1.0892315E-03 -1.3316996E-04
  7.1885367E-05 -1.0994041E-03 -1.3441420E-04
  7.2556914E-05 -1.1096703E-03 -1.3566989E-04
  7.3234639E-05 -1.1200308E-03 -1.3693713E-04
  7.3918599E-05 -1.1304865E-03 -1.3821602E-04
  7.4608851E-05 -1.1410383E-03 -1.3950669E-04
  7.5305454E-05 -1.1516871E-03 -1.4080922E-04
  7.6008465E-05 -1.1624338E-03 -1.4212374E-04
  7.6717943E-05 -1.1732793E-03 -1.4345035E-04
  7.7433949E-05 -1.1842245E-03 -1.4478917E-04
  7.8156541E-05 -1.1952702E-03 -1.4614030E-04
  7.8885782E-05 -1.2064175E-03 -1.4750387E-04
  7.9621730E-05 -1.2176672E-03 -1.4887997E-04
  8.0364450E-05 -1.2290203E-03 -1.5026874E-04
  8.1114002E-05 -1.2404778E-03 -1.5167028E-04
  8.1870450E-05 -1.2520406E-03 -1.5308472E-04
  8.2633857E-05 -1.2637096E-03 -1.5451217E-04
  8.3404288E-05 -1.2754859E-03 -1.5595275E-04
  8.4181806E-05 -1.2873704E-03 -1.5740659E-04
  8.4966477E-05 -1.2993641E-03 -1.5887380E-04
  8.5758366E-05 -1.3114681E-03 -1.6035451E-04
  8.6557541E-05 -1.3236833E-03 -1.6184884E-04
  8.7364068E-05 -1.3360108E-03 -1.6335691E-04
  8.8178015E-05 -1.3484515E-03 -1.6487886E-04
  8.8999450E-05 -1.3610066E-03 -1.6641482E-04
  8.9828442E-05 -1.3736770E-03 -1.6796490E-04
  9.0665060E-05 -1.3864639E-03 -1.6952924E-04
  9.1509375E-05 -1.3993683E-03 -1.7110798E-04
  9.2361458E-05 -1.4123913E-03 -1.7270124E-04
  9.3221379E-05 -1.4255340E-03 -1.7430915E-04
  9.4089212E-05 -1.4387974E-03 -1.7593186E-04
  9.4965028E-05 -1.4521828E-03 -1.7756950E-04
  9.5848902E-05 -1.4656911E-03 -1.7922220E-04
  9.6740907E-05 -1.4793235E-03 -1.8089011E-04
  9.7641118E-05 -1.4930813E-03 -1.8257336E-04
  9.8549611E-05 -1.5069654E-03 -1.8427210E-04
  9.9466461E-05 -1.5209771E-03 -1.8598646E-04
  1.0039175E-04 -1.5351176E-03 -1.8771660E-04
  1.0132554E-04 -1.5493880E-03 -1.8946265E-04
  1.0226793E-04 -1.5637895E-03 -1.9122477E-04
  1.0321899E-04 -1.5783233E-03 -1.9300310E-04
  1.0417880E-04 -1.5929907E-03 -1.9479779E-04
  1.0514744E-04 -1.6077929E-03 -1.9660898E-04
  1.0612499E-04 -1.6227311E-03 -1.9843685E-04
  1.0711153E-04 -1.6378065E-03 -2.0028152E-04
  1.0810715E-04 -1.6530204E-03 -2.0214317E-04
  1.0911192E-04 -1.6683741E-03 -2.0402194E-04
  1.1012594E-04 -1.6838689E-03 -2.0591800E-04
  1.1114929E-04 -1.6995060E-03 -2.0783150E-04
  1.1218206E-04 -1.7152868E-03 -2.0976261E-04
  1.1322432E-04 -1.7312126E-03 -2.1171148E-04
  1.1427618E-04 -1.7472847E-03 -2.1367828E-04
  1.1533771E-04 -1.7635044E-03 -2.1566317E-04
  1.1640900E-04 -1.7798732E-03 -2.1766633E-04
  1.1749016E-04 -1.7963923E-03 -2.1968791E-04
  1.1858126E-04 -1.8130632E-03 -2.2172809E-04
  1.1968239E-04 -1.8298872E-03 -2.2378704E-04
  1.2079366E-04 -1.8468658E-03 -2.2586493E-04
  1.2191515E-04 -1.8640004E-03 -2.2796194E-04
  1.2304695E-04 -1.8812924E-03 -2.3007824E-04
  1.2418917E-04 -1.8987432E-03 -2.3221401E-04
  1.2534190E-04 -1.9163543E-03 -2.3436942E-04
  1.2650523E-04 -1.9341272E-03 -2.3654467E-04
  1.2767927E-04 -1.9520634E-03 -2.3873993E-04
  1.2886410E-04 -1.9701643E-03 -2.4095538E-04
  1.3005984E-04 -1.9884314E-03 -2.4319122E-04
  1.3126658E-04 -2.0068664E-03 -2.4544762E-04
  1.3248441E-04 -2.0254707E-03 -2.4772478E-04
  1.3371345E-04 -2.0442459E-03 -2.5002290E-04
  1.3495380E-04 -2.0631935E-03 -2.5234215E-04
  1.3620556E-04 -2.0823151E-03 -2.5468274E-04
  1.3746884E-04 -2.1016124E-03 -2.5704486E-04
  1.3874373E-04 -2.1210870E-03 -2.5942872E-04
  1.4003036E-04 -2.1407403E-03 -2.6183450E-04
  1.4132882E-04 -2.1605742E-03 -2.6426242E-04
  1.4263923E-04 -2.1805903E-03 -2.6671267E-04
  1.4396169E-04 -2.2007901E-03 -2.6918547E-04
  1.4529632E-04 -2.2211755E-03 -2.7168101E-04
  1.4664323E-04 -2.2417481E-03 -2.7419952E-04
  1.4800253E-04 -2.2625096E-03 -2.7674119E-04
  1.4937433E-04 -2.2834618E-03 -2.7930624E-04
  1.5075875E-04 -2.3046064E-03 -2.8189489E-04
  1.5215591E-04 -2.3259452E-03 -2.8450736E-04
  1.5356593E-04 -2.3474799E-03 -2.8714386E-04
  1.5498891E-04 -2.3692124E-03 -2.8980462E-04
  1.5642499E-04 -2.3911444E-03 -2.9248985E-04
  1.5787428E-04 -2.4132778E-03 -2.9519979E-04
  1.5933690E-04 -2.4356145E-03 -2.9793466E-04
  1.6081297E-04 -2.4581562E-03 -3.0069469E-04
  1.6230263E-04 -2.4809050E-03 -3.0348011E-04
  1.6380599E-04 -2.5038626E-03 -3.0629116E-04
  1.6532318E-04 -2.5270310E-03 -3.0912806E-04
  1.6685433E-04 -2.5504121E-03 -3.1199107E-04
  1.6839957E-04 -2.5740079E-03 -3.1488041E-04
  1.6995902E-04 -2.5978203E-03 -3.1779634E-04
  1.7153281E-04 -2.6218514E-03 -3.2073909E-04
  1.7312109E-04 -2.6461030E-03 -3.2370891E-04
  1.7472398E-04 -2.6705774E-03 -3.2670605E-04
  1.7634161E-04 -2.6952764E-03 -3.2973077E-04
  1.7797413E-04 -2.7202021E-03 -3.3278332E-04
  1.7962166E-04 -2.7453567E-03 -3.3586394E-04
  1.8128435E-04 -2.7707422E-03 -3.3897291E-04
  1.8296234E-04 -2.7963607E-03 -3.4211048E-04
  1.8465576E-04 -2.8222144E-03 -3.4527691E-04
  1.8636477E-04 -2.8483054E-03 -3.4847248E-04
  1.8808949E-04 -2.8746359E-03 -3.5169744E-04
  1.8983008E-04 -2.9012081E-03 -3.5495207E-04
  1.9158669E-04 -2.9280242E-03 -3.5823664E-04
  1.9335946E-04 -2.9550864E-03 -3.6155143E-04
  1.9514853E-04 -2.9823971E-03 -3.6489672E-04
  1.9695406E-04 -3.0099583E-03 -3.6827278E-04
  1.9877621E-04 -3.0377726E-03 -3.7167990E-04
  2.0061512E-04 -3.0658421E-03 -3.7511837E-04
  2.0247094E-04 -3.0941692E-03 -3.7858846E-04
  2.0434384E-04 -3.1227563E-03 -3.8209048E-04
  2.0623397E-04 -3.1516058E-03 -3.8562472E-04
  2.0814148E-04 -3.1807200E-03 -3.8919148E-04
  2.1006655E-04 -3.2101014E-03 -3.9279104E-04
  2.1200932E-04 -3.2397524E-03 -3.9642372E-04
  2.1396997E-04 -3.2696755E-03 -4.0008982E-04
  2.1594866E-04 -3.2998731E-03 -4.0378965E-04
  2.1794555E-04 -3.3303479E-03 -4.0752352E-04
  2.1996081E-04 -3.3611023E-03 -4.1129173E-04
  2.2199461E-04 -3.3921389E-03 -4.1509461E-04
  2.2404712E-04 -3.4234602E-03 -4.1893248E-04
  2.2611851E-04 -3.4550690E-03 -4.2280566E-04
  2.2820896E-04 -3.4869677E-03 -4.2671446E-04
  2.3031864E-04 -3.5191591E-03 -4.3065923E-04
  2.3244773E-04 -3.5516458E-03 -4.3464029E-04
  2.3459640E-04 -3.5844306E-03 -4.3865797E-04
  2.3676485E-04 -3.6175161E-03 -4.4271261E-04
  2.3895324E-04 -3.6509052E-03 -4.4680456E-04
  2.4116176E-04 -3.6846005E-03 -4.5093415E-04
  2.4339060E-04 -3.7186049E-03 -4.5510173E-04
  2.4563995E-04 -3.7529213E-03 -4.5930765E-04
  2.4790999E-04 -3.7875524E-03 -4.6355227E-04
  2.5020092E-04 -3.8225012E-03 -4.6783593E-04
  2.5251292E-04 -3.8577706E-03 -4.7215901E-04
  2.5484619E-04 -3.8933634E-03 -4.7652185E-04
  2.5720092E-04 -3.9292827E-03 -4.8092483E-04
  2.5957732E-04 -3.9655314E-03 -4.8536832E-04
  2.6197558E-04 -4.0021125E-03 -4.8985268E-04
  2.6439591E-04 -4.0390292E-03 -4.9437831E-04
  2.6683850E-04 -4.0762844E-03 -4.9894556E-04
  2.6930356E-04 -4.1138812E-03 -5.0355483E-04
  2.7179130E-04 -4.1518228E-03 -5.0820651E-04
  2.7430192E-04 -4.1901123E-03 -5.1290098E-04
  2.7683564E-04 -4.2287529E-03 -5.1763864E-04
  2.7939268E-04 -4.2677479E-03 -5.2241988E-04
  2.8197323E-04 -4.3071003E-03 -5.2724511E-04
  2.8457753E-04 -4.3468136E-03 -5.3211474E-04
  2.8720578E-04 -4.3868910E-03 -5.3702916E-04
  2.8985822E-04 -4.4273358E-03 -5.4198879E-04
  2.9253506E-04 -4.4681515E-03 -5.4699405E-04
  2.9523652E-04 -4.5093413E-03 -5.5204535E-04
  2.9796283E-04 -4.5509087E-03 -5.5714313E-04
  3.0071423E-04 -4.5928571E-03 -5.6228780E-04
  3.0349094E-04 -4.6351901E-03 -5.6747981E-04
  3.0629319E-04 -4.6779111E-03 -5.7271957E-04
  3.0912123E-04 -4.7210237E-03 -5.7800755E-04
  3.1197528E-04 -4.7645315E-03 -5.8334417E-04
  3.1485558E-04 -4.8084380E-03 -5.8872989E-04
  3.1776239E-04 -4.8527470E-03 -5.9416515E-04
  3.2069593E-04 -4.8974620E-03 -5.9965042E-04
  3.2365647E-04 -4.9425868E-03 -6.0518615E-04
  3.2664424E-04 -4.9881252E-03 -6.1077280E-04
  3.2965950E-04 -5.0340808E-03 -6.1641085E-04
  3.3270249E-04 -5.0804576E-03 -6.2210078E-04
  3.3577349E-04 -5.1272593E-03 -6.2784304E-04
  3.3887273E-04 -5.1744899E-03 -6.3363814E-04
  3.4200049E-04 -5.2221532E-03 -6.3948654E-04
  3.4515702E-04 -5.2702532E-03 -6.4538875E-04
  3.4834259E-04 -5.3187939E-03 -6.5134526E-04
  3.5155746E-04 -5.3677793E-03 -6.5735657E-04
  3.5480191E-04 -5.4172135E-03 -6.6342318E-04
  3.5807621E-04 -5.4671005E-03 -6.6954560E-04
  3.6138064E-04 -5.5174445E-03 -6.7572435E-04
  3.6471546E-04 -5.5682497E-03 -6.8195994E-04
  3.6808096E-04 -5.6195202E-03 -6.8825289E-04
  3.7147743E-04 -5.6712603E-03 -6.9460374E-04
  3.7490514E-04 -5.7234743E-03 -7.0101301E-04
  3.7836438E-04 -5.7761665E-03 -7.0748125E-04
  3.8185545E-04 -5.8293413E-03 -7.1400899E-04
  3.8537863E-04 -5.8830030E-03 -7.2059679E-04
  3.8893423E-04 -5.9371562E-03 -7.2724519E-04
  3.9252254E-04 -5.9918052E-03 -7.3395476E-04
  3.9614386E-04 -6.0469546E-03 -7.4072605E-04
  3.9979849E-04 -6.1026090E-03 -7.4755964E-04
  4.0348675E-04 -6.1587729E-03 -7.5445609E-04
  4.0720893E-04 -6.2154511E-03 -7.6141599E-04
  4.1096536E-04 -6.2726481E-03 -7.6843992E-04
  4.1475635E-04 -6.3303688E-03 -7.7552846E-04
  4.1858222E-04 -6.3886178E-03 -7.8268222E-04
  4.2244328E-04 -6.4474001E-03 -7.8990179E-04
  4.2633986E-04 -6.5067204E-03 -7.9718778E-04
  4.3027229E-04 -6.5665836E-03 -8.0454080E-04
  4.3424090E-04 -6.6269948E-03 -8.1196147E-04
  4.3824601E-04 -6.6879588E-03 -8.1945040E-04
  4.4228797E-04 -6.7494808E-03 -8.2700823E-04
  4.4636712E-04 -6.8115657E-03 -8.3463558E-04
  4.5048380E-04 -6.8742188E-03 -8.4233311E-04
  4.5463834E-04 -6.9374451E-03 -8.5010146E-04
  4.5883111E-04 -7.0012500E-03 -8.5794126E-04
  4.6306245E-04 -7.0656387E-03 -8.6585320E-04
  4.6733272E-04 -7.1306164E-03 -8.7383792E-04
  4.7164227E-04 -7.1961886E-03 -8.8189610E-04
  4.7599147E-04 -7.2623606E-03 -8.9002841E-04
  4.8038068E-04 -7.3291380E-03 -8.9823554E-04
  4.8481027E-04 -7.3965261E-03 -9.0651817E-04
  4.8928061E-04 -7.4645306E-03 -9.1487699E-04
  4.9379207E-04 -7.5331571E-03 -9.2331272E-04
  4.9834504E-04 -7.6024113E-03 -9.3182605E-04
  5.0293990E-04 -7.6722987E-03 -9.4041771E-04
  5.0757703E-04 -7.7428252E-03 -9.4908840E-04
  5.1225682E-04 -7.8139967E-03 -9.5783886E-04
  5.1697966E-04 -7.8858189E-03 -9.6666983E-04
  5.2174595E-04 -7.9582977E-03 -9.7558203E-04
  5.2655609E-04 -8.0314392E-03 -9.8457623E-04
  5.3141048E-04 -8.1052494E-03 -9.9365317E-04
  5.3630953E-04 -8.1797342E-03 -1.0028136E-03
  5.4125364E-04 -8.2549000E-03 -1.0120583E-03
  5.4624325E-04 -8.3307527E-03 -1.0213881E-03
  5.5127876E-04 -8.4072988E-03 -1.0308037E-03
  5.5636059E-04 -8.4845444E-03 -1.0403059E-03
  5.6148917E-04 -8.5624959E-03 -1.0498956E-03
  5.6666494E-04 -8.6411598E-03 -1.0595734E-03
  5.7188832E-04 -8.7205425E-03 -1.0693403E-03
  5.7715975E-04 -8.8006505E-03 -1.0791971E-03
  5.8247968E-04 -8.8814904E-03 -1.0891445E-03
  5.8784855E-04 -8.9630688E-03 -1.0991834E-03
  5.9326682E-04 -9.0453924E-03 -1.1093147E-03
  5.9873493E-04 -9.1284681E-03 -1.1195392E-03
  6.0425334E-04 -9.2123025E-03 -1.1298578E-03
  6.0982253E-04 -9.2969027E-03 -1.1402713E-03
  6.1544294E-04 -9.3822755E-03 -1.1507806E-03
  6.2111507E-04 -9.4684279E-03 -1.1613865E-03
  6.2683937E-04 -9.5553671E-03 -1.1720901E-03
  6.3261634E-04 -9.6431001E-03 -1.1828921E-03
  6.3844646E-04 -9.7316341E-03 -1.1937935E-03
  6.4433021E-04 -9.8209764E-03 -1.2047952E-03
  6.5026809E-04 -9.9111343E-03 -1.2158981E-03
  6.5626059E-04 -1.0002115E-02 -1.2271031E-03
  6.6230823E-04 -1.0093927E-02 -1.2384112E-03
  6.6841150E-04 -1.0186576E-02 -1.2498234E-03
  6.7457092E-04 -1.0280071E-02 -1.2613405E-03
  6.8078701E-04 -1.0374419E-02 -1.2729636E-03
  6.8706028E-04 -1.0469628E-02 -1.2846937E-03
  6.9339126E-04 -1.0565705E-02 -1.2965316E-03
  6.9978049E-04 -1.0662660E-02 -1.3084784E-03
  7.0622850E-04 -1.0760499E-02 -1.3205352E-03
  7.1273582E-04 -1.0859230E-02 -1.3327029E-03
  7.1930301E-04 -1.0958862E-02 -1.3449825E-03
  7.2593062E-04 -1.1059402E-02 -1.3573751E-03
  7.3261920E-04 -1.1160860E-02 -1.3698816E-03
  7.3936932E-04 -1.1263243E-02 -1.3825033E-03
  7.4618153E-04 -1.1366559E-02 -1.3952411E-03
  7.5305641E-04 -1.1470817E-02 -1.4080960E-03
  7.5999454E-04 -1.1576026E-02 -1.4210692E-03
  7.6699650E-04 -1.1682194E-02 -1.4341618E-03
  7.7406287E-04 -1.1789330E-02 -1.4473748E-03
  7.8119426E-04 -1.1897443E-02 -1.4607093E-03
  7.8839125E-04 -1.2006540E-02 -1.4741666E-03
  7.9565445E-04 -1.2116632E-02 -1.4877476E-03
  8.0298447E-04 -1.2227727E-02 -1.5014536E-03
  8.1038192E-04 -1.2339835E-02 -1.5152857E-03
  8.1784743E-04 -1.2452963E-02 -1.5292450E-03
  8.2538162E-04 -1.2567123E-02 -1.5433327E-03
  8.3298512E-04 -1.2682322E-02 -1.5575501E-03
  8.4065857E-04 -1.2798570E-02 -1.5718982E-03
  8.4840262E-04 -1.2915878E-02 -1.5863784E-03
  8.5621791E-04 -1.3034253E-02 -1.6009917E-03
  8.6410509E-04 -1.3153706E-02 -1.6157395E-03
  8.7206484E-04 -1.3274247E-02 -1.6306230E-03
  8.8009781E-04 -1.3395886E-02 -1.6456434E-03
  8.8820469E-04 -1.3518632E-02 -1.6608020E-03
  8.9638615E-04 -1.3642495E-02 -1.6761000E-03
  9.0464287E-04 -1.3767485E-02 -1.6915388E-03
  9.1297555E-04 -1.3893613E-02 -1.7071196E-03
  9.2138489E-04 -1.4020888E-02 -1.7228437E-03
  9.2987160E-04 -1.4149322E-02 -1.7387125E-03
  9.3843638E-04 -1.4278924E-02 -1.7547273E-03
  9.4707995E-04 -1.4409704E-02 -1.7708894E-03
  9.5580304E-04 -1.4541675E-02 -1.7872002E-03
  9.6460638E-04 -1.4674846E-02 -1.8036611E-03
  9.7349072E-04 -1.4809227E-02 -1.8202734E-03
  9.8245678E-04 -1.4944831E-02 -1.8370385E-03
  9.9150533E-04 -1.5081667E-02 -1.8539579E-03
  1.0006371E-03 -1.5219748E-02 -1.8710329E-03
  1.0098529E-03 -1.5359084E-02 -1.8882650E-03
  1.0191535E-03 -1.5499686E-02 -1.9056557E-03
  1.0285397E-03 -1.5641565E-02 -1.9232063E-03
  1.0380122E-03 -1.5784734E-02 -1.9409184E-03
  1.0475718E-03 -1.5929204E-02 -1.9587934E-03
  1.0572194E-03 -1.6074987E-02 -1.9768329E-03
  1.0669557E-03 -1.6222093E-02 -1.9950383E-03
  1.0767816E-03 -1.6370536E-02 -2.0134112E-03
  1.0866980E-03 -1.6520327E-02 -2.0319532E-03
  1.0967055E-03 -1.6671477E-02 -2.0506657E-03
  1.1068051E-03 -1.6824001E-02 -2.0695504E-03
  1.1169976E-03 -1.6977909E-02 -2.0886088E-03
  1.1272839E-03 -1.7133214E-02 -2.1078425E-03
  1.1376648E-03 -1.7289928E-02 -2.1272532E-03
  1.1481412E-03 -1.7448065E-02 -2.1468425E-03
  1.1587140E-03 -1.7607636E-02 -2.1666120E-03
  1.1693841E-03 -1.7768655E-02 -2.1865633E-03
  1.1801523E-03 -1.7931135E-02 -2.2066982E-03
  1.1910196E-03 -1.8095089E-02 -2.2270184E-03
  1.2019869E-03 -1.8260529E-02 -2.2475255E-03
  1.2130551E-03 -1.8427470E-02 -2.2682212E-03
  1.2242251E-03 -1.8595924E-02 -2.2891073E-03
  1.2354978E-03 -1.8765906E-02 -2.3101856E-03
  1.2468743E-03 -1.8937428E-02 -2.3314578E-03
  1.2583554E-03 -1.9110504E-02 -2.3529257E-03
  1.2699421E-03 -1.9285149E-02 -2.3745911E-03
  1.2816354E-03 -1.9461376E-02 -2.3964558E-03
  1.2934364E-03 -1.9639200E-02 -2.4185217E-03
  1.3053458E-03 -1.9818634E-02 -2.4407905E-03
  1.3173649E-03 -1.9999693E-02 -2.4632643E-03
  1.3294945E-03 -2.0182392E-02 -2.4859447E-03
  1.3417357E-03 -2.0366745E-02 -2.5088339E-03
  1.3540895E-03 -2.0552767E-02 -2.5319336E-03
  1.3665570E-03 -2.0740472E-02 -2.5552458E-03
  1.3791391E-03 -2.0929876E-02 -2.5787725E-03
  1.3918370E-03 -2.1120994E-02 -2.6025156E-03
  1.4046518E-03 -2.1313841E-02 -2.6264772E-03
  1.4175844E-03 -2.1508432E-02 -2.6506592E-03
  1.4306360E-03 -2.1704783E-02 -2.6750637E-03
  1.4438077E-03 -2.1902910E-02 -2.6996926E-03
  1.4571005E-03 -2.2102828E-02 -2.7245482E-03
  1.4705157E-03 -2.2304553E-02 -2.7496324E-03
  1.4840542E-03 -2.2508101E-02 -2.7749474E-03
  1.4977173E-03 -2.2713489E-02 -2.8004953E-03
  1.5115061E-03 -2.2920733E-02 -2.8262783E-03
  1.5254218E-03 -2.3129848E-02 -2.8522984E-03
  1.5394654E-03 -2.3340853E-02 -2.8785579E-03
  1.5536383E-03 -2.3553762E-02 -2.9050590E-03
  1.5679416E-03 -2.3768595E-02 -2.9318039E-03
  1.5823764E-03 -2.3985366E-02 -2.9587948E-03
  1.5969441E-03 -2.4204094E-02 -2.9860340E-03
  1.6116457E-03 -2.4424796E-02 -3.0135239E-03
  1.6264826E-03 -2.4647490E-02 -3.0412666E-03
  1.6414560E-03 -2.4872192E-02 -3.0692646E-03
  1.6565672E-03 -2.5098921E-02 -3.0975201E-03
  1.6718174E-03 -2.5327694E-02 -3.1260356E-03
  1.6872078E-03 -2.5558530E-02 -3.1548134E-03
  1.7027399E-03 -2.5791447E-02 -3.1838560E-03
  1.7184149E-03 -2.6026463E-02 -3.2131657E-03
  1.7342340E-03 -2.6263597E-02 -3.2427451E-03
  1.7501987E-03 -2.6502867E-02 -3.2725967E-03
  1.7663103E-03 -2.6744293E-02 -3.3027228E-03
  1.7825700E-03 -2.6987892E-02 -3.3331261E-03
  1.7989794E-03 -2.7233685E-02 -3.3638091E-03
  1.8155397E-03 -2.7481690E-02 -3.3947744E-03
  1.8322524E-03 -2.7731928E-02 -3.4260246E-03
  1.8491188E-03 -2.7984417E-02 -3.4575622E-03
  1.8661404E-03 -2.8239178E-02 -3.4893900E-03
  1.8833186E-03 -2.8496230E-02 -3.5215106E-03
  1.9006549E-03 -2.8755594E-02 -3.5539267E-03
  1.9181506E-03 -2.9017289E-02 -3.5866411E-03
  1.9358072E-03 -2.9281337E-02 -3.6196563E-03
  1.9536264E-03 -2.9547758E-02 -3.6529754E-03
  1.9716094E-03 -2.9816573E-02 -3.6866009E-03
  1.9897579E-03 -3.0087802E-02 -3.7205358E-03
  2.0080733E-03 -3.0361467E-02 -3.7547829E-03
  2.0265572E-03 -3.0637590E-02 -3.7893451E-03
  2.0452112E-03 -3.0916191E-02 -3.8242252E-03
  2.0640368E-03 -3.1197292E-02 -3.8594262E-03
  2.0830356E-03 -3.1480916E-02 -3.8949511E-03
  2.1022092E-03 -3.1767084E-02 -3.9308028E-03
  2.1215591E-03 -3.2055818E-02 -3.9669843E-03
  2.1410871E-03 -3.2347142E-02 -4.0034986E-03
  2.1607947E-03 -3.2641076E-02 -4.0403489E-03
  2.1806836E-03 -3.2937645E-02 -4.0775383E-03
  2.2007555E-03 -3.3236872E-02 -4.1150697E-03
  2.2210121E-03 -3.3538778E-02 -4.1529464E-03
  2.2414550E-03 -3.3843388E-02 -4.1911716E-03
  2.2620860E-03 -3.4150726E-02 -4.2297485E-03
  2.2829068E-03 -3.4460814E-02 -4.2686802E-03
  2.3039191E-03 -3.4773677E-02 -4.3079701E-03
  2.3251247E-03 -3.5089339E-02 -4.3476215E-03
  2.3465254E-03 -3.5407825E-02 -4.3876377E-03
  2.3681230E-03 -3.5729158E-02 -4.4280220E-03
  2.3899193E-03 -3.6053363E-02 -4.4687778E-03
  2.4119161E-03 -3.6380466E-02 -4.5099086E-03
  2.4341153E-03 -3.6710491E-02 -4.5514178E-03
  2.4565187E-03 -3.7043463E-02 -4.5933088E-03
  2.4791282E-03 -3.7379409E-02 -4.6355853E-03
  2.5019457E-03 -3.7718354E-02 -4.6782507E-03
  2.5249731E-03 -3.8060324E-02 -4.7213086E-03
  2.5482124E-03 -3.8405344E-02 -4.7647626E-03
  2.5716655E-03 -3.8753442E-02 -4.8086164E-03
  2.5953343E-03 -3.9104644E-02 -4.8528736E-03
  2.6192209E-03 -3.9458976E-02 -4.8975380E-03
  2.6433272E-03 -3.9816466E-02 -4.9426133E-03
  2.6676553E-03 -4.0177140E-02 -4.9881033E-03
  2.6922072E-03 -4.0541027E-02 -5.0340118E-03
  2.7169850E-03 -4.0908153E-02 -5.0803427E-03
  2.7419907E-03 -4.1278547E-02 -5.1270997E-03
  2.7672264E-03 -4.1652236E-02 -5.1742870E-03
  2.7926944E-03 -4.2029250E-02 -5.2219083E-03
  2.8183966E-03 -4.2409615E-02 -5.2699678E-03
  2.8443353E-03 -4.2793362E-02 -5.3184694E-03
  2.8705126E-03 -4.3180519E-02 -5.3674172E-03
  2.8969307E-03 -4.3571115E-02 -5.4168154E-03
  2.9235919E-03 -4.3965180E-02 -5.4666680E-03
  2.9504983E-03 -4.4362743E-02 -5.5169792E-03
  2.9776523E-03 -4.4763834E-02 -5.5677533E-03
  3.0050561E-03 -4.5168484E-02 -5.6189945E-03
  3.0327120E-03 -4.5576722E-02 -5.6707071E-03
  3.0606223E-03 -4.5988579E-02 -5.7228954E-03
  3.0887894E-03 -4.6404086E-02 -5.7755639E-03
  3.1172156E-03 -4.6823274E-02 -5.8287170E-03
  3.1459034E-03 -4.7246174E-02 -5.8823590E-03
  3.1748550E-03 -4.7672819E-02 -5.9364946E-03
  3.2040730E-03 -4.8103239E-02 -5.9911281E-03
  3.2335598E-03 -4.8537466E-02 -6.0462643E-03
  3.2633179E-03 -4.8975533E-02 -6.1019078E-03
  3.2933497E-03 -4.9417473E-02 -6.1580632E-03
  3.3236578E-03 -4.9863318E-02 -6.2147352E-03
  3.3542448E-03 -5.0313101E-02 -6.2719285E-03
  3.3851131E-03 -5.0766855E-02 -6.3296481E-03
  3.4162654E-03 -5.1224615E-02 -6.3878987E-03
  3.4477043E-03 -5.1686412E-02 -6.4466851E-03
  3.4794325E-03 -5.2152283E-02 -6.5060124E-03
  3.5114525E-03 -5.2622260E-02 -6.5658855E-03
  3.5437671E-03 -5.3096379E-02 -6.6263095E-03
  3.5763790E-03 -5.3574675E-02 -6.6872893E-03
  3.6092909E-03 -5.4057181E-02 -6.7488302E-03
  3.6425056E-03 -5.4543934E-02 -6.8109372E-03
  3.6760258E-03 -5.5034969E-02 -6.8736156E-03
  3.7098545E-03 -5.5530323E-02 -6.9368707E-03
  3.7439943E-03 -5.6030030E-02 -7.0007076E-03
  3.7784482E-03 -5.6534128E-02 -7.0651319E-03
  3.8132191E-03 -5.7042653E-02 -7.1301489E-03
  3.8483099E-03 -5.7555642E-02 -7.1957641E-03
  3.8837235E-03 -5.8073132E-02 -7.2619829E-03
  3.9194629E-03 -5.8595161E-02 -7.3288109E-03
  3.9555310E-03 -5.9121767E-02 -7.3962538E-03
  3.9919310E-03 -5.9652987E-02 -7.4643171E-03
  4.0286659E-03 -6.0188859E-02 -7.5330066E-03
  4.0657387E-03 -6.0729423E-02 -7.6023280E-03
  4.1031526E-03 -6.1274716E-02 -7.6722872E-03
  4.1409107E-03 -6.1824779E-02 -7.7428901E-03
  4.1790161E-03 -6.2379651E-02 -7.8141425E-03
  4.2174721E-03 -6.2939370E-02 -7.8860504E-03
  4.2562819E-03 -6.3503978E-02 -7.9586198E-03
  4.2954487E-03 -6.4073514E-02 -8.0318569E-03
  4.3349759E-03 -6.4648019E-02 -8.1057678E-03
  4.3748667E-03 -6.5227534E-02 -8.1803587E-03
  4.4151244E-03 -6.5812100E-02 -8.2556359E-03
  4.4557526E-03 -6.6401758E-02 -8.3316055E-03
  4.4967545E-03 -6.6996550E-02 -8.4082741E-03
  4.5381336E-03 -6.7596517E-02 -8.4856481E-03
  4.5798933E-03 -6.8201703E-02 -8.5637339E-03
  4.6220373E-03 -6.8812150E-02 -8.6425382E-03
  4.6645690E-03 -6.9427900E-02 -8.7220674E-03
  4.7074919E-03 -7.0048997E-02 -8.8023283E-03
  4.7508097E-03 -7.0675484E-02 -8.8833276E-03
  4.7945261E-03 -7.1307405E-02 -8.9650721E-03
  4.8386446E-03 -7.1944803E-02 -9.0475687E-03
  4.8831690E-03 -7.2587724E-02 -9.1308243E-03
  4.9281030E-03 -7.3236212E-02 -9.2148458E-03
  4.9734504E-03 -7.3890311E-02 -9.2996404E-03
  5.0192150E-03 -7.4550068E-02 -9.3852151E-03
  5.0654006E-03 -7.5215527E-02 -9.4715770E-03
  5.1120110E-03 -7.5886734E-02 -9.5587336E-03
  5.1590503E-03 -7.6563736E-02 -9.6466919E-03
  5.2065224E-03 -7.7246579E-02 -9.7354596E-03
  5.2544311E-03 -7.7935310E-02 -9.8250439E-03
  5.3027807E-03 -7.8629976E-02 -9.9154524E-03
  5.3515750E-03 -7.9330623E-02 -1.0006693E-02
  5.4008182E-03 -8.0037301E-02 -1.0098772E-02
  5.4505144E-03 -8.0750056E-02 -1.0191699E-02
  5.5006679E-03 -8.1468937E-02 -1.0285481E-02
  5.5512827E-03 -8.2193993E-02 -1.0380126E-02
  5.6023631E-03 -8.2925273E-02 -1.0475641E-02
  5.6539135E-03 -8.3662825E-02 -1.0572035E-02
  5.7059382E-03 -8.4406700E-02 -1.0669316E-02
  5.7584414E-03 -8.5156947E-02 -1.0767492E-02
  5.8114277E-03 -8.5913616E-02 -1.0866572E-02
  5.8649014E-03 -8.6676758E-02 -1.0966563E-02
  5.9188671E-03 -8.7446423E-02 -1.1067474E-02
  5.9733292E-03 -8.8222663E-02 -1.1169313E-02
  6.0282924E-03 -8.9005529E-02 -1.1272089E-02
  6.0837612E-03 -8.9795073E-02 -1.1375811E-02
  6.1397404E-03 -9.0591346E-02 -1.1480487E-02
  6.1962345E-03 -9.1394402E-02 -1.1586126E-02
  6.2532483E-03 -9.2204292E-02 -1.1692737E-02
  6.3107867E-03 -9.3021069E-02 -1.1800329E-02
  6.3688544E-03 -9.3844788E-02 -1.1908911E-02
  6.4274563E-03 -9.4675501E-02 -1.2018492E-02
  6.4865973E-03 -9.5513262E-02 -1.2129081E-02
  6.5462824E-03 -9.6358126E-02 -1.2240687E-02
  6.6065166E-03 -9.7210147E-02 -1.2353321E-02
  6.6673049E-03 -9.8069380E-02 -1.2466990E-02
  6.7286524E-03 -9.8935879E-02 -1.2581706E-02
  6.7905644E-03 -9.9809702E-02 -1.2697477E-02
  6.8530459E-03 -1.0069090E-01 -1.2814313E-02
  6.9161022E-03 -1.0157954E-01 -1.2932224E-02
  6.9797386E-03 -1.0247566E-01 -1.3051220E-02
  7.0439605E-03 -1.0337933E-01 -1.3171311E-02
  7.1087732E-03 -1.0429061E-01 -1.3292506E-02
  7.1741821E-03 -1.0520955E-01 -1.3414817E-02
  7.2401928E-03 -1.0613621E-01 -1.3538253E-02
  7.3068108E-03 -1.0707064E-01 -1.3662825E-02
  7.3740416E-03 -1.0801291E-01 -1.3788543E-02
  7.4418910E-03 -1.0896307E-01 -1.3915418E-02
  7.5103645E-03 -1.0992119E-01 -1.4043460E-02
  7.5794680E-03 -1.1088732E-01 -1.4172680E-02
  7.6492072E-03 -1.1186151E-01 -1.4303089E-02
  7.7195880E-03 -1.1284384E-01 -1.4434698E-02
  7.7906162E-03 -1.1383436E-01 -1.4567517E-02
  7.8622979E-03 -1.1483313E-01 -1.4701559E-02
  7.9346391E-03 -1.1584021E-01 -1.4836834E-02
  8.0076458E-03 -1.1685567E-01 -1.4973354E-02
  8.0813241E-03 -1.1787955E-01 -1.5111130E-02
  8.1556802E-03 -1.1891194E-01 -1.5250174E-02
  8.2307204E-03 -1.1995288E-01 -1.5390497E-02
  8.3064510E-03 -1.2100243E-01 -1.5532111E-02
  8.3828782E-03 -1.2206067E-01 -1.5675028E-02
  8.4600086E-03 -1.2312765E-01 -1.5819260E-02
  8.5378485E-03 -1.2420344E-01 -1.5964819E-02
  8.6164045E-03 -1.2528810E-01 -1.6111717E-02
  8.6956833E-03 -1.2638169E-01 -1.6259968E-02
  8.7756913E-03 -1.2748428E-01 -1.6409582E-02
  8.8564354E-03 -1.2859592E-01 -1.6560572E-02
  8.9379224E-03 -1.2971669E-01 -1.6712953E-02
  9.0201590E-03 -1.3084665E-01 -1.6866735E-02
  9.1031522E-03 -1.3198587E-01 -1.7021932E-02
  9.1869088E-03 -1.3313440E-01 -1.7178557E-02
  9.2714360E-03 -1.3429232E-01 -1.7336623E-02
  9.3567409E-03 -1.3545968E-01 -1.7496144E-02
  9.4428305E-03 -1.3663656E-01 -1.7657133E-02
  9.5297121E-03 -1.3782302E-01 -1.7819602E-02
  9.6173930E-03 -1.3901913E-01 -1.7983567E-02
  9.7058805E-03 -1.4022495E-01 -1.8149041E-02
  9.7951821E-03 -1.4144055E-01 -1.8316037E-02
  9.8853053E-03 -1.4266599E-01 -1.8484570E-02
  9.9762576E-03 -1.4390135E-01 -1.8654653E-02
  1.0068047E-02 -1.4514669E-01 -1.8826302E-02
  1.0160680E-02 -1.4640208E-01 -1.8999530E-02
  1.0254166E-02 -1.4766758E-01 -1.9174352E-02
  1.0348511E-02 -1.4894327E-01 -1.9350783E-02
  1.0443725E-02 -1.5022921E-01 -1.9528837E-02
  1.0539814E-02 -1.5152547E-01 -1.9708530E-02
  1.0636788E-02 -1.5283212E-01 -1.9889876E-02
  1.0734654E-02 -1.5414923E-01 -2.0072891E-02
  1.0833420E-02 -1.5547686E-01 -2.0257589E-02
  1.0933094E-02 -1.5681508E-01 -2.0443988E-02
  1.1033686E-02 -1.5816397E-01 -2.0632102E-02
  1.1135203E-02 -1.5952359E-01 -2.0821946E-02
  1.1237654E-02 -1.6089402E-01 -2.1013538E-02
  1.1341048E-02 -1.6227531E-01 -2.1206893E-02
  1.1445392E-02 -1.6366755E-01 -2.1402027E-02
  1.1550697E-02 -1.6507080E-01 -2.1598957E-02
  1.1656970E-02 -1.6648513E-01 -2.1797699E-02
  1.1764221E-02 -1.6791061E-01 -2.1998270E-02
  1.1872459E-02 -1.6934731E-01 -2.2200686E-02
  1.1981693E-02 -1.7079531E-01 -2.2404965E-02
  1.2091931E-02 -1.7225466E-01 -2.2611124E-02
  1.2203184E-02 -1.7372545E-01 -2.2819181E-02
  1.2315460E-02 -1.7520774E-01 -2.3029152E-02
  1.2428769E-02 -1.7670161E-01 -2.3241055E-02
  1.2543120E-02 -1.7820711E-01 -2.3454908E-02
  1.2658524E-02 -1.7972433E-01 -2.3670730E-02
  1.2774989E-02 -1.8125334E-01 -2.3888537E-02
  1.2892525E-02 -1.8279420E-01 -2.4108349E-02
  1.3011143E-02 -1.8434699E-01 -2.4330184E-02
  1.3130852E-02 -1.8591178E-01 -2.4554060E-02
  1.3251662E-02 -1.8748863E-01 -2.4779997E-02
  1.3373584E-02 -1.8907762E-01 -2.5008013E-02
  1.3496628E-02 -1.9067882E-01 -2.5238128E-02
  1.3620803E-02 -1.9229230E-01 -2.5470360E-02
  1.3746121E-02 -1.9391813E-01 -2.5704729E-02
  1.3872592E-02 -1.9555639E-01 -2.5941256E-02
  1.4000226E-02 -1.9720713E-01 -2.6179959E-02
  1.4129034E-02 -1.9887043E-01 -2.6420860E-02
  1.4259028E-02 -2.0054637E-01 -2.6663977E-02
  1.4390217E-02 -2.0223501E-01 -2.6909332E-02
  1.4522613E-02 -2.0393642E-01 -2.7156945E-02
  1.4656227E-02 -2.0565067E-01 -2.7406837E-02
  1.4791071E-02 -2.0737784E-01 -2.7659029E-02
  1.4927155E-02 -2.0911798E-01 -2.7913542E-02
  1.5064490E-02 -2.1087118E-01 -2.8170398E-02
  1.5203090E-02 -2.1263750E-01 -2.8429618E-02
  1.5342964E-02 -2.1441701E-01 -2.8691224E-02
  1.5484125E-02 -2.1620977E-01 -2.8955237E-02
  1.5626585E-02 -2.1801587E-01 -2.9221681E-02
  1.5770356E-02 -2.1983535E-01 -2.9490577E-02
  1.5915449E-02 -2.2166831E-01 -2.9761948E-02
  1.6061877E-02 -2.2351479E-01 -3.0035817E-02
  1.6209652E-02 -2.2537487E-01 -3.0312207E-02
  1.6358786E-02 -2.2724862E-01 -3.0591141E-02
  1.6509292E-02 -2.2913611E-01 -3.0872642E-02
  1.6661184E-02 -2.3103739E-01 -3.1156735E-02
  1.6814472E-02 -2.3295254E-01 -3.1443443E-02
  1.6969171E-02 -2.3488162E-01 -3.1732790E-02
  1.7125292E-02 -2.3682470E-01 -3.2024800E-02
  1.7282851E-02 -2.3878185E-01 -3.2319498E-02
  1.7441858E-02 -2.4075312E-01 -3.2616910E-02
  1.7602329E-02 -2.4273858E-01 -3.2917059E-02
  1.7764275E-02 -2.4473830E-01 -3.3219971E-02
  1.7927712E-02 -2.4675234E-01 -3.3525671E-02
  1.8092652E-02 -2.4878076E-01 -3.3834186E-02
  1.8259110E-02 -2.5082362E-01 -3.4145541E-02
  1.8427099E-02 -2.5288099E-01 -3.4459763E-02
  1.8596633E-02 -2.5495293E-01 -3.4776877E-02
  1.8767727E-02 -2.5703949E-01 -3.5096910E-02
  1.8940395E-02 -2.5914075E-01 -3.5419890E-02
  1.9114652E-02 -2.6125674E-01 -3.5745844E-02
  1.9290511E-02 -2.6338755E-01 -3.6074798E-02
  1.9467989E-02 -2.6553322E-01 -3.6406781E-02
  1.9647099E-02 -2.6769381E-01 -3.6741821E-02
  1.9827857E-02 -2.6986937E-01 -3.7079945E-02
  2.0010278E-02 -2.7205997E-01 -3.7421183E-02
  2.0194377E-02 -2.7426566E-01 -3.7765562E-02
  2.0380170E-02 -2.7648649E-01 -3.8113112E-02
  2.0567672E-02 -2.7872252E-01 -3.8463862E-02
  2.0756899E-02 -2.8097380E-01 -3.8817842E-02
  2.0947867E-02 -2.8324037E-01 -3.9175082E-02
  2.1140592E-02 -2.8552230E-01 -3.9535610E-02
  2.1335089E-02 -2.8781962E-01 -3.9899459E-02
  2.1531376E-02 -2.9013240E-01 -4.0266658E-02
  2.1729469E-02 -2.9246068E-01 -4.0637239E-02
  2.1929385E-02 -2.9480449E-01 -4.1011231E-02
  2.2131139E-02 -2.9716390E-01 -4.1388668E-02
  2.2334750E-02 -2.9953895E-01 -4.1769581E-02
  2.2540233E-02 -3.0192967E-01 -4.2154002E-02
  2.2747607E-02 -3.0433612E-01 -4.2541963E-02
  2.2956889E-02 -3.0675832E-01 -4.2933497E-02
  2.3168096E-02 -3.0919633E-01 -4.3328637E-02
  2.3381246E-02 -3.1165018E-01 -4.3727416E-02
  2.3596358E-02 -3.1411991E-01 -4.4129867E-02
  2.3813448E-02 -3.1660556E-01 -4.4536026E-02
  2.4032535E-02 -3.1910716E-01 -4.4945925E-02
  2.4253638E-02 -3.2162474E-01 -4.5359600E-02
  2.4476775E-02 -3.2415833E-01 -4.5777085E-02
  2.4701964E-02 -3.2670798E-01 -4.6198416E-02
  2.4929226E-02 -3.2927370E-01 -4.6623627E-02
  2.5158578E-02 -3.3185553E-01 -4.7052756E-02
  2.5390040E-02 -3.3445349E-01 -4.7485837E-02
  2.5623631E-02 -3.3706760E-01 -4.7922908E-02
  2.5859372E-02 -3.3969789E-01 -4.8364005E-02
  2.6097281E-02 -3.4234439E-01 -4.8809166E-02
  2.6337379E-02 -3.4500710E-01 -4.9258428E-02
  2.6579686E-02 -3.4768606E-01 -4.9711828E-02
  2.6824222E-02 -3.5038126E-01 -5.0169406E-02
  2.7071007E-02 -3.5309274E-01 -5.0631200E-02
  2.7320063E-02 -3.5582050E-01 -5.1097249E-02
  2.7571410E-02 -3.5856455E-01 -5.1567592E-02
  2.7825070E-02 -3.6132491E-01 -5.2042268E-02
  2.8081063E-02 -3.6410157E-01 -5.2521318E-02
  2.8339411E-02 -3.6689455E-01 -5.3004783E-02
  2.8600136E-02 -3.6970384E-01 -5.3492702E-02
  2.8863259E-02 -3.7252945E-01 -5.3985118E-02
  2.9128803E-02 -3.7537138E-01 -5.4482072E-02
  2.9396790E-02 -3.7822962E-01 -5.4983605E-02
  2.9667243E-02 -3.8110416E-01 -5.5489761E-02
  2.9940183E-02 -3.8399501E-01 -5.6000581E-02
  3.0215635E-02 -3.8690214E-01 -5.6516110E-02
  3.0493620E-02 -3.8982555E-01 -5.7036390E-02
  3.0774163E-02 -3.9276522E-01 -5.7561465E-02
  3.1057287E-02 -3.9572113E-01 -5.8091381E-02
  3.1343016E-02 -3.9869326E-01 -5.8626181E-02
  3.1631373E-02 -4.0168160E-01 -5.9165911E-02
  3.1922383E-02 -4.0468611E-01 -5.9710616E-02
  3.2216070E-02 -4.0770676E-01 -6.0260343E-02
  3.2512459E-02 -4.1074354E-01 -6.0815138E-02
  3.2811575E-02 -4.1379639E-01 -6.1375049E-02
  3.3113442E-02 -4.1686530E-01 -6.1940121E-02
  3.3418087E-02 -4.1995021E-01 -6.2510404E-02
  3.3725534E-02 -4.2305108E-01 -6.3085945E-02
  3.4035810E-02 -4.2616788E-01 -6.3666793E-02
  3.4348940E-02 -4.2930055E-01 -6.4252997E-02
  3.4664951E-02 -4.3244905E-01 -6.4844607E-02
  3.4983869E-02 -4.3561331E-01 -6.5441674E-02
  3.5305721E-02 -4.3879329E-01 -6.6044246E-02
  3.5630534E-02 -4.4198891E-01 -6.6652377E-02
  3.5958335E-02 -4.4520012E-01 -6.7266116E-02
  3.6289152E-02 -4.4842686E-01 -6.7885517E-02
  3.6623012E-02 -4.5166904E-01 -6.8510631E-02
  3.6959944E-02 -4.5492660E-01 -6.9141511E-02
  3.7299975E-02 -4.5819946E-01 -6.9778212E-02
  3.7643135E-02 -4.6148754E-01 -7.0420787E-02
  3.7989451E-02 -4.6479075E-01 -7.1069290E-02
  3.8338954E-02 -4.6810900E-01 -7.1723777E-02
  3.8691672E-02 -4.7144221E-01 -7.2384302E-02
  3.9047635E-02 -4.7479028E-01 -7.3050923E-02
  3.9406872E-02 -4.7815311E-01 -7.3723696E-02
  3.9769414E-02 -4.8153059E-01 -7.4402677E-02
  4.0135292E-02 -4.8492262E-01 -7.5087925E-02
  4.0504536E-02 -4.8832909E-01 -7.5779497E-02
  4.0877176E-02 -4.9174988E-01 -7.6477453E-02
  4.1253245E-02 -4.9518487E-01 -7.7181852E-02
  4.1632774E-02 -4.9863394E-01 -7.7892753E-02
  4.2015794E-02 -5.0209696E-01 -7.8610217E-02
  4.2402338E-02 -5.0557380E-01 -7.9334305E-02
  4.2792437E-02 -5.0906432E-01 -8.0065079E-02
  4.3186126E-02 -5.1256838E-01 -8.0802600E-02
  4.3583436E-02 -5.1608584E-01 -8.1546933E-02
  4.3984402E-02 -5.1961654E-01 -8.2298138E-02
  4.4389057E-02 -5.2316034E-01 -8.3056282E-02
  4.4797434E-02 -5.2671706E-01 -8.3821428E-02
  4.5209568E-02 -5.3028656E-01 -8.4593642E-02
  4.5625493E-02 -5.3386865E-01 -8.5372989E-02
  4.6045245E-02 -5.3746317E-01 -8.6159536E-02
  4.6468859E-02 -5.4106994E-01 -8.6953350E-02
  4.6896370E-02 -5.4468877E-01 -8.7754498E-02
  4.7327813E-02 -5.4831947E-01 -8.8563049E-02
  4.7763226E-02 -5.5196186E-01 -8.9379072E-02
  4.8202645E-02 -5.5561573E-01 -9.0202636E-02
  4.8646106E-02 -5.5928088E-01 -9.1033813E-02
  4.9093646E-02 -5.6295711E-01 -9.1872672E-02
  4.9545304E-02 -5.6664418E-01 -9.2719285E-02
  5.0001118E-02 -5.7034190E-01 -9.3573726E-02
  5.0461124E-02 -5.7405002E-01 -9.4436066E-02
  5.0925362E-02 -5.7776832E-01 -9.5306380E-02
  5.1393872E-02 -5.8149657E-01 -9.6184742E-02
  5.1866691E-02 -5.8523453E-01 -9.7071228E-02
  5.2343860E-02 -5.8898193E-01 -9.7965912E-02
  5.2825419E-02 -5.9273854E-01 -9.8868872E-02
  5.3311409E-02 -5.9650409E-01 -9.9780185E-02
  5.3801869E-02 -6.0027832E-01 -1.0069993E-01
  5.4296841E-02 -6.0406096E-01 -1.0162818E-01
  5.4796367E-02 -6.0785173E-01 -1.0256503E-01
  5.5300489E-02 -6.1165035E-01 -1.0351054E-01
  5.5809248E-02 -6.1545653E-01 -1.0446481E-01
  5.6322688E-02 -6.1926998E-01 -1.0542791E-01
  5.6840851E-02 -6.2309039E-01 -1.0639992E-01
  5.7363781E-02 -6.2691746E-01 -1.0738094E-01
  5.7891522E-02 -6.3075088E-01 -1.0837103E-01
  5.8424118E-02 -6.3459032E-01 -1.0937030E-01
  5.8961614E-02 -6.3843547E-01 -1.1037882E-01
  5.9504054E-02 -6.4228599E-01 -1.1139668E-01
  6.0051485E-02 -6.4614153E-01 -1.1242398E-01
  6.0603952E-02 -6.5000177E-01 -1.1346079E-01
  6.1161502E-02 -6.5386634E-01 -1.1450720E-01
  6.1724180E-02 -6.5773488E-01 -1.1556332E-01
  6.2292036E-02 -6.6160705E-01 -1.1662922E-01
  6.2865115E-02 -6.6548245E-01 -1.1770500E-01
  6.3443467E-02 -6.6936072E-01 -1.1879076E-01
  6.4027139E-02 -6.7324148E-01 -1.1988658E-01
  6.4616181E-02 -6.7712433E-01 -1.2099257E-01
  6.5210642E-02 -6.8100887E-01 -1.2210881E-01
  6.5810572E-02 -6.8489470E-01 -1.2323541E-01
  6.6416021E-02 -6.8878142E-01 -1.2437246E-01
  6.7027040E-02 -6.9266860E-01 -1.2552006E-01
  6.7643680E-02 -6.9655582E-01 -1.2667831E-01
  6.8265994E-02 -7.0044264E-01 -1.2784731E-01
  6.8894032E-02 -7.0432864E-01 -1.2902716E-01
  6.9527848E-02 -7.0821337E-01 -1.3021796E-01
  7.0167495E-02 -7.1209637E-01 -1.3141982E-01
  7.0813026E-02 -7.1597719E-01 -1.3263285E-01
  7.1464496E-02 -7.1985537E-01 -1.3385714E-01
  7.2121960E-02 -7.2373042E-01 -1.3509280E-01
  7.2785472E-02 -7.2760189E-01 -1.3633995E-01
  7.3455088E-02 -7.3146927E-01 -1.3759868E-01
  7.4130865E-02 -7.3533208E-01 -1.3886912E-01
  7.4812858E-02 -7.3918981E-01 -1.4015136E-01
  7.5501126E-02 -7.4304198E-01 -1.4144553E-01
  7.6195725E-02 -7.4688805E-01 -1.4275173E-01
  7.6896715E-02 -7.5072752E-01 -1.4407008E-01
  7.7604153E-02 -7.5455985E-01 -1.4540070E-01
  7.8318100E-02 -7.5838453E-01 -1.4674370E-01
  7.9038615E-02 -7.6220100E-01 -1.4809920E-01
  7.9765758E-02 -7.6600872E-01 -1.4946731E-01
  8.0499591E-02 -7.6980715E-01 -1.5084816E-01
  8.1240175E-02 -7.7359573E-01 -1.5224187E-01
  8.1987572E-02 -7.7737388E-01 -1.5364856E-01
  8.2741845E-02 -7.8114105E-01 -1.5506835E-01
  8.3503057E-02 -7.8489665E-01 -1.5650138E-01
  8.4271272E-02 -7.8864010E-01 -1.5794776E-01
  8.5046554E-02 -7.9237081E-01 -1.5940762E-01
  8.5828969E-02 -7.9608820E-01 -1.6088109E-01
  8.6618581E-02 -7.9979165E-01 -1.6236830E-01
  8.7415458E-02 -8.0348056E-01 -1.6386939E-01
  8.8219666E-02 -8.0715433E-01 -1.6538448E-01
  8.9031272E-02 -8.1081233E-01 -1.6691371E-01
  8.9850345E-02 -8.1445394E-01 -1.6845721E-01
  9.0676954E-02 -8.1807853E-01 -1.7001512E-01
  9.1511166E-02 -8.2168546E-01 -1.7158758E-01
  9.2353054E-02 -8.2527411E-01 -1.7317473E-01
  9.3202686E-02 -8.2884383E-01 -1.7477671E-01
  9.4060135E-02 -8.3239397E-01 -1.7639366E-01
  9.4925472E-02 -8.3592387E-01 -1.7802572E-01
  9.5798770E-02 -8.3943289E-01 -1.7967304E-01
  9.6680102E-02 -8.4292035E-01 -1.8133577E-01
  9.7569542E-02 -8.4638560E-01 -1.8301405E-01
  9.8467165E-02 -8.4982796E-01 -1.8470804E-01
  9.9373045E-02 -8.5324677E-01 -1.8641788E-01
  1.0028726E-01 -8.5664135E-01 -1.8814373E-01
  1.0120988E-01 -8.6001101E-01 -1.8988574E-01
  1.0214100E-01 -8.6335509E-01 -1.9164406E-01
  1.0308068E-01 -8.6667288E-01 -1.9341887E-01
  1.0402900E-01 -8.6996372E-01 -1.9521030E-01
  1.0498605E-01 -8.7322690E-01 -1.9701854E-01
  1.0595190E-01 -8.7646173E-01 -1.9884372E-01
  1.0692664E-01 -8.7966754E-01 -2.0068603E-01
  1.0791034E-01 -8.8284361E-01 -2.0254563E-01
  1.0890310E-01 -8.8598926E-01 -2.0442268E-01
  1.0990499E-01 -8.8910380E-01 -2.0631735E-01
  1.1091609E-01 -8.9218652E-01 -2.0822982E-01
  1.1193650E-01 -8.9523674E-01 -2.1016026E-01
  1.1296629E-01 -8.9825375E-01 -2.1210883E-01
  1.1400556E-01 -9.0123687E-01 -2.1407572E-01
  1.1505439E-01 -9.0418541E-01 -2.1606111E-01
  1.1611287E-01 -9.0709867E-01 -2.1806517E-01
  1.1718109E-01 -9.0997597E-01 -2.2008809E-01
  1.1825913E-01 -9.1281662E-01 -2.2213004E-01
  1.1934709E-01 -9.1561994E-01 -2.2419123E-01
  1.2044506E-01 -9.1838525E-01 -2.2627182E-01
  1.2155313E-01 -9.2111189E-01 -2.2837202E-01
  1.2267140E-01 -9.2379917E-01 -2.3049201E-01
  1.2379995E-01 -9.2644643E-01 -2.3263199E-01
  1.2493888E-01 -9.2905302E-01 -2.3479215E-01
  1.2608830E-01 -9.3161829E-01 -2.3697269E-01
  1.2724828E-01 -9.3414159E-01 -2.3917381E-01
  1.2841894E-01 -9.3662229E-01 -2.4139570E-01
  1.2960037E-01 -9.3905975E-01 -2.4363858E-01
  1.3079267E-01 -9.4145336E-01 -2.4590265E-01
  1.3199594E-01 -9.4380250E-01 -2.4818812E-01
  1.3321027E-01 -9.4610659E-01 -2.5049519E-01
  1.3443578E-01 -9.4836503E-01 -2.5282408E-01
  1.3567256E-01 -9.5057724E-01 -2.5517500E-01
  1.3692072E-01 -9.5274267E-01 -2.5754816E-01
  1.3818036E-01 -9.5486077E-01 -2.5994380E-01
  1.3945159E-01 -9.5693099E-01 -2.6236212E-01
  1.4073452E-01 -9.5895283E-01 -2.6480336E-01
  1.4202925E-01 -9.6092577E-01 -2.6726773E-01
  1.4333589E-01 -9.6284935E-01 -2.6975547E-01
  1.4465455E-01 -9.6472308E-01 -2.7226679E-01
  1.4598534E-01 -9.6654653E-01 -2.7480195E-01
  1.4732837E-01 -9.6831926E-01 -2.7736117E-01
  1.4868376E-01 -9.7004087E-01 -2.7994468E-01
  1.5005162E-01 -9.7171099E-01 -2.8255273E-01
  1.5143207E-01 -9.7332925E-01 -2.8518556E-01
  1.5282521E-01 -9.7489532E-01 -2.8784342E-01
  1.5423117E-01 -9.7640889E-01 -2.9052654E-01
  1.5565006E-01 -9.7786969E-01 -2.9323519E-01
  1.5708201E-01 -9.7927747E-01 -2.9596961E-01
  1.5852713E-01 -9.8063200E-01 -2.9873005E-01
  1.5998554E-01 -9.8193311E-01 -3.0151678E-01
  1.6145738E-01 -9.8318064E-01 -3.0433005E-01
  1.6294275E-01 -9.8437446E-01 -3.0717012E-01
  1.6444179E-01 -9.8551450E-01 -3.1003727E-01
  1.6595462E-01 -9.8660072E-01 -3.1293175E-01
  1.6748136E-01 -9.8763310E-01 -3.1585384E-01
  1.6902215E-01 -9.8861169E-01 -3.1880380E-01
  1.7057712E-01 -9.8953656E-01 -3.2178192E-01
  1.7214639E-01 -9.9040784E-01 -3.2478847E-01
  1.7373010E-01 -9.9122570E-01 -3.2782374E-01
  1.7532838E-01 -9.9199036E-01 -3.3088799E-01
  1.7694136E-01 -9.9270210E-01 -3.3398153E-01
  1.7856918E-01 -9.9336122E-01 -3.3710464E-01
  1.8021198E-01 -9.9396812E-01 -3.4025761E-01
  1.8186989E-01 -9.9452322E-01 -3.4344073E-01
  1.8354305E-01 -9.9502701E-01 -3.4665431E-01
  1.8523161E-01 -9.9548006E-01 -3.4989863E-01
  1.8693570E-01 -9.9588296E-01 -3.5317401E-01
  1.8865546E-01 -9.9623642E-01 -3.5648075E-01
  1.9039105E-01 -9.9654116E-01 -3.5981915E-01
  1.9214261E-01 -9.9679802E-01 -3.6318952E-01
  1.9391027E-01 -9.9700787E-01 -3.6659218E-01
  1.9569420E-01 -9.9717169E-01 -3.7002745E-01
  1.9749455E-01 -9.9729051E-01 -3.7349564E-01
  1.9931145E-01 -9.9736545E-01 -3.7699707E-01
  2.0114507E-01 -9.9739772E-01 -3.8053206E-01
  2.0299556E-01 -9.9738859E-01 -3.8410095E-01
  2.0486307E-01 -9.9733943E-01 -3.8770406E-01
  2.0674776E-01 -9.9725171E-01 -3.9134173E-01
  2.0864980E-01 -9.9712697E-01 -3.9501428E-01
  2.1056933E-01 -9.9696685E-01 -3.9872206E-01
  2.1250652E-01 -9.9677309E-01 -4.0246540E-01
  2.1446153E-01 -9.9654751E-01 -4.0624464E-01
  2.1643452E-01 -9.9629206E-01 -4.1006014E-01
  2.1842567E-01 -9.9600877E-01 -4.1391224E-01
  2.2043513E-01 -9.9569976E-01 -4.1780128E-01
  2.2246309E-01 -9.9536728E-01 -4.2172762E-01
  2.2450969E-01 -9.9501368E-01 -4.2569161E-01
  2.2657513E-01 -9.9464142E-01 -4.2969361E-01
  2.2865957E-01 -9.9425304E-01 -4.3373398E-01
  2.3076318E-01 -9.9385123E-01 -4.3781307E-01
  2.3288615E-01 -9.9343876E-01 -4.4193126E-01
  2.3502865E-01 -9.9301854E-01 -4.4608890E-01
  2.3719086E-01 -9.9259356E-01 -4.5028636E-01
  2.3937295E-01 -9.9216694E-01 -4.5452401E-01
  2.4157513E-01 -9.9174190E-01 -4.5880223E-01
  2.4379756E-01 -9.9132178E-01 -4.6312137E-01
  2.4604044E-01 -9.9091003E-01 -4.6748183E-01
  2.4830396E-01 -9.9051018E-01 -4.7188396E-01
  2.5058829E-01 -9.9012590E-01 -4.7632816E-01
  2.5289364E-01 -9.8976094E-01 -4.8081479E-01
  2.5522021E-01 -9.8941915E-01 -4.8534424E-01
  2.5756817E-01 -9.8910448E-01 -4.8991688E-01
  2.5993774E-01 -9.8882096E-01 -4.9453311E-01
  2.6232910E-01 -9.8857272E-01 -4.9919329E-01
  2.6474246E-01 -9.8836395E-01 -5.0389781E-01
  2.6717803E-01 -9.8819893E-01 -5.0864705E-01
  2.6963600E-01 -9.8808200E-01 -5.1344141E-01
  2.7211659E-01 -9.8801755E-01 -5.1828125E-01
  2.7462000E-01 -9.8801003E-01 -5.2316697E-01
  2.7714643E-01 -9.8806392E-01 -5.2809894E-01
  2.7969611E-01 -9.8818374E-01 -5.3307755E-01
  2.8226925E-01 -9.8837402E-01 -5.3810319E-01
  2.8486606E-01 -9.8863931E-01 -5.4317622E-01
  2.8748676E-01 -9.8898415E-01 -5.4829704E-01
  2.9013156E-01 -9.8941306E-01 -5.5346601E-01
  2.9280070E-01 -9.8993053E-01 -5.5868352E-01
  2.9549440E-01 -9.9054103E-01 -5.6394995E-01
  2.9821287E-01 -9.9124894E-01 -5.6926565E-01
  3.0095636E-01 -9.9205859E-01 -5.7463101E-01
  3.0372508E-01 -9.9297422E-01 -5.8004639E-01
  3.0651928E-01 -9.9399997E-01 -5.8551216E-01
  3.0933918E-01 -9.9513987E-01 -5.9102867E-01
  3.1218503E-01 -9.9639780E-01 -5.9659628E-01
  3.1505705E-01 -9.9777751E-01 -6.0221534E-01
  3.1795550E-01 -9.9928260E-01 -6.0788621E-01
  3.2088061E-01 -1.0009165E+00 -6.1360922E-01
  3.2383263E-01 -1.0026824E+00 -6.1938472E-01
  3.2681181E-01 -1.0045833E+00 -6.2521302E-01
  3.2981840E-01 -1.0066220E+00 -6.3109447E-01
  3.3285264E-01 -1.0088012E+00 -6.3702938E-01
  3.3591481E-01 -1.0111231E+00 -6.4301806E-01
  3.3900514E-01 -1.0135899E+00 -6.4906081E-01
  3.4212390E-01 -1.0162034E+00 -6.5515792E-01
  3.4527135E-01 -1.0189651E+00 -6.6130970E-01
  3.4844776E-01 -1.0218764E+00 -6.6751641E-01
  3.5165340E-01 -1.0249383E+00 -6.7377832E-01
  3.5488852E-01 -1.0281514E+00 -6.8009568E-01
  3.5815340E-01 -1.0315164E+00 -6.8646875E-01
  3.6144833E-01 -1.0350333E+00 -6.9289776E-01
  3.6477356E-01 -1.0387019E+00 -6.9938292E-01
  3.6812938E-01 -1.0425220E+00 -7.0592445E-01
  3.7151608E-01 -1.0464928E+00 -7.1252254E-01
  3.7493394E-01 -1.0506134E+00 -7.1917737E-01
  3.7838323E-01 -1.0548824E+00 -7.2588910E-01
  3.8186426E-01 -1.0592985E+00 -7.3265789E-01
  3.8537732E-01 -1.0638597E+00 -7.3948386E-01
  3.8892269E-01 -1.0685642E+00 -7.4636712E-01
  3.9250068E-01 -1.0734095E+00 -7.5330778E-01
  3.9611159E-01 -1.0783933E+00 -7.6030589E-01
  3.9975571E-01 -1.0835127E+00 -7.6736153E-01
  4.0343336E-01 -1.0887649E+00 -7.7447472E-01
  4.0714485E-01 -1.0941466E+00 -7.8164546E-01
  4.1089048E-01 -1.0996546E+00 -7.8887375E-01
  4.1467056E-01 -1.1052854E+00 -7.9615955E-01
  4.1848543E-01 -1.1110352E+00 -8.0350280E-01
  4.2233539E-01 -1.1169002E+00 -8.1090339E-01
  4.2622076E-01 -1.1228766E+00 -8.1836122E-01
  4.3014189E-01 -1.1289601E+00 -8.2587613E-01
  4.3409908E-01 -1.1351465E+00 -8.3344795E-01
  4.3809268E-01 -1.1414316E+00 -8.4107647E-01
  4.4212302E-01 -1.1478110E+00 -8.4876144E-01
  4.4619044E-01 -1.1542801E+00 -8.5650258E-01
  4.5029528E-01 -1.1608345E+00 -8.6429959E-01
  4.5443788E-01 -1.1674695E+00 -8.7215212E-01
  4.5861859E-01 -1.1741804E+00 -8.8005978E-01
  4.6283776E-01 -1.1809626E+00 -8.8802214E-01
  4.6709575E-01 -1.1878114E+00 -8.9603873E-01
  4.7139291E-01 -1.1947219E+00 -9.0410904E-01
  4.7572960E-01 -1.2016895E+00 -9.1223253E-01
  4.8010619E-01 -1.2087095E+00 -9.2040859E-01
  4.8452304E-01 -1.2157770E+00 -9.2863657E-01
  4.8898053E-01 -1.2228873E+00 -9.3691577E-01
  4.9347902E-01 -1.2300358E+00 -9.4524546E-01
  4.9801890E-01 -1.2372177E+00 -9.5362483E-01
  5.0260055E-01 -1.2444284E+00 -9.6205304E-01
  5.0722434E-01 -1.2516632E+00 -9.7052917E-01
  5.1189067E-01 -1.2589176E+00 -9.7905226E-01
  5.1659994E-01 -1.2661871E+00 -9.8762129E-01
  5.2135252E-01 -1.2734670E+00 -9.9623518E-01
  5.2614883E-01 -1.2807530E+00 -1.0048928E+00
  5.3098926E-01 -1.2880407E+00 -1.0135929E+00
  5.3587422E-01 -1.2953257E+00 -1.0223342E+00
  5.4080413E-01 -1.3026038E+00 -1.0311154E+00
  5.4577938E-01 -1.3098708E+00 -1.0399351E+00
  5.5080041E-01 -1.3171225E+00 -1.0487917E+00
  5.5586763E-01 -1.3243547E+00 -1.0576838E+00
  5.6098147E-01 -1.3315636E+00 -1.0666097E+00
  5.6614235E-01 -1.3387450E+00 -1.0755677E+00
  5.7135071E-01 -1.3458952E+00 -1.0845559E+00
  5.7660699E-01 -1.3530104E+00 -1.0935726E+00
  5.8191162E-01 -1.3600866E+00 -1.1026158E+00
  5.8726505E-01 -1.3671204E+00 -1.1116833E+00
  5.9266774E-01 -1.3741080E+00 -1.1207733E+00
  5.9812012E-01 -1.3810460E+00 -1.1298833E+00
  6.0362267E-01 -1.3879307E+00 -1.1390111E+00
  6.0917584E-01 -1.3947590E+00 -1.1481543E+00
  6.1478010E-01 -1.4015273E+00 -1.1573105E+00
  6.2043591E-01 -1.4082324E+00 -1.1664770E+00
  6.2614376E-01 -1.4148713E+00 -1.1756512E+00
  6.3190412E-01 -1.4214406E+00 -1.1848303E+00
  6.3771747E-01 -1.4279374E+00 -1.1940114E+00
  6.4358430E-01 -1.4343587E+00 -1.2031916E+00
  6.4950511E-01 -1.4407016E+00 -1.2123678E+00
  6.5548038E-01 -1.4469632E+00 -1.2215368E+00
  6.6151063E-01 -1.4531407E+00 -1.2306954E+00
  6.6759635E-01 -1.4592314E+00 -1.2398401E+00
  6.7373806E-01 -1.4652327E+00 -1.2489675E+00
  6.7993627E-01 -1.4711420E+00 -1.2580739E+00
  6.8619151E-01 -1.4769567E+00 -1.2671557E+00
  6.9250429E-01 -1.4826745E+00 -1.2762091E+00
  6.9887514E-01 -1.4882929E+00 -1.2852302E+00
  7.0530461E-01 -1.4938096E+00 -1.2942149E+00
  7.1179322E-01 -1.4992224E+00 -1.3031591E+00
  7.1834153E-01 -1.5045290E+00 -1.3120586E+00
  7.2495008E-01 -1.5097273E+00 -1.3209090E+00
  7.3161943E-01 -1.5148153E+00 -1.3297060E+00
  7.3835013E-01 -1.5197909E+00 -1.3384449E+00
  7.4514276E-01 -1.5246521E+00 -1.3471211E+00
  7.5199787E-01 -1.5293972E+00 -1.3557299E+00
  7.5891605E-01 -1.5340243E+00 -1.3642664E+00
  7.6589788E-01 -1.5385315E+00 -1.3727257E+00
  7.7294393E-01 -1.5429172E+00 -1.3811028E+00
  7.8005481E-01 -1.5471798E+00 -1.3893925E+00
  7.8723111E-01 -1.5513176E+00 -1.3975896E+00
  7.9447342E-01 -1.5553291E+00 -1.4056889E+00
  8.0178237E-01 -1.5592129E+00 -1.4136850E+00
  8.0915855E-01 -1.5629675E+00 -1.4215725E+00
  8.1660259E-01 -1.5665915E+00 -1.4293458E+00
  8.2411512E-01 -1.5700836E+00 -1.4369995E+00
  8.3169676E-01 -1.5734426E+00 -1.4445278E+00
  8.3934814E-01 -1.5766673E+00 -1.4519251E+00
  8.4706992E-01 -1.5797566E+00 -1.4591858E+00
  8.5486274E-01 -1.5827093E+00 -1.4663040E+00
  8.6272724E-01 -1.5855244E+00 -1.4732741E+00
  8.7066410E-01 -1.5882010E+00 -1.4800903E+00
  8.7867398E-01 -1.5907381E+00 -1.4867467E+00
  8.8675754E-01 -1.5931348E+00 -1.4932377E+00
  8.9491548E-01 -1.5953903E+00 -1.4995574E+00
  9.0314846E-01 -1.5975039E+00 -1.5057002E+00
  9.1145718E-01 -1.5994748E+00 -1.5116603E+00
  9.1984234E-01 -1.6013024E+00 -1.5174322E+00
  9.2830464E-01 -1.6029860E+00 -1.5230103E+00
  9.3684480E-01 -1.6045252E+00 -1.5283891E+00
  9.4546352E-01 -1.6059192E+00 -1.5335633E+00
  9.5416153E-01 -1.6071678E+00 -1.5385276E+00
  9.6293955E-01 -1.6082705E+00 -1.5432769E+00
  9.7179834E-01 -1.6092269E+00 -1.5478061E+00
  9.8073862E-01 -1.6100367E+00 -1.5521106E+00
  9.8976115E-01 -1.6106996E+00 -1.5561856E+00
  9.9886669E-01 -1.6112154E+00 -1.5600268E+00
  1.0080560E+00 -1.6115840E+00 -1.5636299E+00
  1.0173298E+00 -1.6118052E+00 -1.5669911E+00
  1.0266890E+00 -1.6118788E+00 -1.5701065E+00
  1.0361343E+00 -1.6118050E+00 -1.5729729E+00
  1.0456664E+00 -1.6115837E+00 -1.5755871E+00
  1.0552863E+00 -1.6112149E+00 -1.5779462E+00
  1.0649946E+00 -1.6106988E+00 -1.5800480E+00
  1.0747923E+00 -1.6100354E+00 -1.5818902E+00
  1.0846801E+00 -1.6092250E+00 -1.5834713E+00
  1.0946588E+00 -1.6082678E+00 -1.5847899E+00
  1.1047294E+00 -1.6071641E+00 -1.5858451E+00
  1.1148926E+00 -1.6059142E+00 -1.5866364E+00
  1.1251493E+00 -1.6045184E+00 -1.5871640E+00
  1.1355004E+00 -1.6029772E+00 -1.5874283E+00
  1.1459467E+00 -1.6012909E+00 -1.5874302E+00
  1.1564891E+00 -1.5994601E+00 -1.5871712E+00
  1.1671285E+00 -1.5974852E+00 -1.5866532E+00
  1.1778657E+00 -1.5953668E+00 -1.5858785E+00
  1.1887018E+00 -1.5931056E+00 -1.5848502E+00
  1.1996375E+00 -1.5907020E+00 -1.5835717E+00
  1.2106738E+00 -1.5881569E+00 -1.5820467E+00
  1.2218117E+00 -1.5854709E+00 -1.5802798E+00
  1.2330521E+00 -1.5826447E+00 -1.5782757E+00
  1.2443958E+00 -1.5796791E+00 -1.5760397E+00
  1.2558439E+00 -1.5765750E+00 -1.5735774E+00
  1.2673973E+00 -1.5733331E+00 -1.5708949E+00
  1.2790570E+00 -1.5699543E+00 -1.5679986E+00
  1.2908240E+00 -1.5664396E+00 -1.5648951E+00
  1.3026992E+00 -1.5627898E+00 -1.5615912E+00
  1.3146837E+00 -1.5590060E+00 -1.5580942E+00
  1.3267784E+00 -1.5550891E+00 -1.5544110E+00
  1.3389844E+00 -1.5510402E+00 -1.5505490E+00
  1.3513027E+00 -1.5468604E+00 -1.5465152E+00
  1.3637344E+00 -1.5425507E+00 -1.5423167E+00
  1.3762803E+00 -1.5381122E+00 -1.5379604E+00
  1.3889417E+00 -1.5335461E+00 -1.5334527E+00
  1.4017196E+00 -1.5288535E+00 -1.5287998E+00
  1.4146151E+00 -1.5240357E+00 -1.5240074E+00
  1.4276291E+00 -1.5190939E+00 -1.5190806E+00
  1.4407629E+00 -1.5140293E+00 -1.5140240E+00
  1.4540176E+00 -1.5088432E+00 -1.5088416E+00
  1.4673941E+00 -1.5035368E+00 -1.5035365E+00
  1.4808938E+00 -1.4981115E+00 -1.4981115E+00
  1.4945176E+00 -1.4925687E+00 -1.4925687E+00
  1.5082667E+00 -1.4869096E+00 -1.4869096E+00
  1.5221424E+00 -1.4811358E+00 -1.4811358E+00
  1.5361457E+00 -1.4752484E+00 -1.4752484E+00
  1.5502778E+00 -1.4692490E+00 -1.4692490E+00
  1.5645399E+00 -1.4631391E+00 -1.4631391E+00
  1.5789332E+00 -1.4569200E+00 -1.4569200E+00
  1.5934590E+00 -1.4505932E+00 -1.4505932E+00
  1.6081184E+00 -1.4441602E+00 -1.4441602E+00
  1.6229126E+00 -1.4376226E+00 -1.4376226E+00
  1.6378430E+00 -1.4309818E+00 -1.4309818E+00
  1.6529107E+00 -1.4242393E+00 -1.4242393E+00
  1.6681170E+00 -1.4173967E+00 -1.4173967E+00
  1.6834632E+00 -1.4104555E+00 -1.4104555E+00
  1.6989506E+00 -1.4034174E+00 -1.4034174E+00
  1.7145805E+00 -1.3962839E+00 -1.3962839E+00
  1.7303542E+00 -1.3890565E+00 -1.3890565E+00
  1.7462730E+00 -1.3817369E+00 -1.3817369E+00
  1.7623382E+00 -1.3743267E+00 -1.3743267E+00
  1.7785512E+00 -1.3668275E+00 -1.3668275E+00
  1.7949134E+00 -1.3592409E+00 -1.3592409E+00
  1.8114261E+00 -1.3515686E+00 -1.3515686E+00
  1.8280908E+00 -1.3438121E+00 -1.3438121E+00
  1.8449087E+00 -1.3359732E+00 -1.3359732E+00
  1.8618813E+00 -1.3280534E+00 -1.3280534E+00
  1.8790101E+00 -1.3200545E+00 -1.3200545E+00
  1.8962965E+00 -1.3119781E+00 -1.3119781E+00
  1.9137419E+00 -1.3038258E+00 -1.3038258E+00
  1.9313478E+00 -1.2955994E+00 -1.2955994E+00
  1.9491157E+00 -1.2873004E+00 -1.2873004E+00
  1.9670470E+00 -1.2789306E+00 -1.2789306E+00
  1.9851433E+00 -1.2704916E+00 -1.2704916E+00
  2.0034061E+00 -1.2619851E+00 -1.2619851E+00
  2.0218369E+00 -1.2534127E+00 -1.2534127E+00
  2.0404372E+00 -1.2447762E+00 -1.2447762E+00
  2.0592087E+00 -1.2360772E+00 -1.2360772E+00
  2.0781528E+00 -1.2273173E+00 -1.2273173E+00
  2.0972713E+00 -1.2184983E+00 -1.2184983E+00
  2.1165656E+00 -1.2096218E+00 -1.2096218E+00
  2.1360374E+00 -1.2006895E+00 -1.2006895E+00
  2.1556883E+00 -1.1917030E+00 -1.1917030E+00
  2.1755201E+00 -1.1826639E+00 -1.1826639E+00
  2.1955343E+00 -1.1735740E+00 -1.1735740E+00
  2.2157326E+00 -1.1644349E+00 -1.1644349E+00
  2.2361167E+00 -1.1552482E+00 -1.1552482E+00
  2.2566884E+00 -1.1460155E+00 -1.1460155E+00
  2.2774493E+00 -1.1367385E+00 -1.1367385E+00
  2.2984012E+00 -1.1274189E+00 -1.1274189E+00
  2.3195458E+00 -1.1180582E+00 -1.1180582E+00
  2.3408850E+00 -1.1086581E+00 -1.1086581E+00
  2.3624205E+00 -1.0992201E+00 -1.0992201E+00
  2.3841541E+00 -1.0897459E+00 -1.0897459E+00
  2.4060877E+00 -1.0802371E+00 -1.0802371E+00
  2.4282230E+00 -1.0706952E+00 -1.0706952E+00
  2.4505620E+00 -1.0611218E+00 -1.0611218E+00
  2.4731065E+00 -1.0515186E+00 -1.0515186E+00
  2.4958584E+00 -1.0418871E+00 -1.0418871E+00
  2.5188196E+00 -1.0322288E+00 -1.0322288E+00
  2.5419921E+00 -1.0225454E+00 -1.0225454E+00
  2.5653777E+00 -1.0128383E+00 -1.0128383E+00
  2.5889785E+00 -1.0031091E+00 -1.0031091E+00
  2.6127963E+00 -9.9335926E-01 -9.9335926E-01
  2.6368333E+00 -9.8359043E-01 -9.8359043E-01
  2.6610915E+00 -9.7380407E-01 -9.7380407E-01
  2.6855728E+00 -9.6400169E-01 -9.6400169E-01
  2.7102793E+00 -9.5418481E-01 -9.5418481E-01
  2.7352131E+00 -9.4435492E-01 -9.4435492E-01
  2.7603763E+00 -9.3451351E-01 -9.3451351E-01
  2.7857710E+00 -9.2466206E-01 -9.2466206E-01
  2.8113994E+00 -9.1480207E-01 -9.1480207E-01
  2.8372635E+00 -9.0493500E-01 -9.0493500E-01
  2.8633655E+00 -8.9506231E-01 -8.9506231E-01
  2.8897077E+00 -8.8518548E-01 -8.8518548E-01
  2.9162922E+00 -8.7530595E-01 -8.7530595E-01
  2.9431213E+00 -8.6542519E-01 -8.6542519E-01
  2.9701972E+00 -8.5554463E-01 -8.5554463E-01
  2.9975222E+00 -8.4566572E-01 -8.4566572E-01
  3.0250985E+00 -8.3578990E-01 -8.3578990E-01
  3.0529286E+00 -8.2591859E-01 -8.2591859E-01
  3.0810147E+00 -8.1605325E-01 -8.1605325E-01
  3.1093592E+00 -8.0619528E-01 -8.0619528E-01
  3.1379644E+00 -7.9634611E-01 -7.9634611E-01
  3.1668328E+00 -7.8650718E-01 -7.8650718E-01
  3.1959668E+00 -7.7667988E-01 -7.7667988E-01
  3.2253688E+00 -7.6686565E-01 -7.6686565E-01
  3.2550413E+00 -7.5706590E-01 -7.5706590E-01
  3.2849868E+00 -7.4728205E-01 -7.4728205E-01
  3.3152078E+00 -7.3751549E-01 -7.3751549E-01
  3.3457068E+00 -7.2776766E-01 -7.2776766E-01
  3.3764863E+00 -7.1803995E-01 -7.1803995E-01
  3.4075491E+00 -7.0833379E-01 -7.0833379E-01
  3.4388976E+00 -6.9865057E-01 -6.9865057E-01
  3.4705345E+00 -6.8899171E-01 -6.8899171E-01
  3.5024624E+00 -6.7935863E-01 -6.7935863E-01
  3.5346841E+00 -6.6975272E-01 -6.6975272E-01
  3.5672022E+00 -6.6017541E-01 -6.6017541E-01
  3.6000195E+00 -6.5062810E-01 -6.5062810E-01
  3.6331387E+00 -6.4111220E-01 -6.4111220E-01
  3.6665626E+00 -6.3162914E-01 -6.3162914E-01
  3.7002939E+00 -6.2218031E-01 -6.2218031E-01
  3.7343356E+00 -6.1276713E-01 -6.1276713E-01
  3.7686904E+00 -6.0339102E-01 -6.0339102E-01
  3.8033614E+00 -5.9405338E-01 -5.9405338E-01
  3.8383512E+00 -5.8475564E-01 -5.8475564E-01
  3.8736630E+00 -5.7549920E-01 -5.7549920E-01
  3.9092996E+00 -5.6628547E-01 -5.6628547E-01
  3.9452641E+00 -5.5711587E-01 -5.5711587E-01
  3.9815594E+00 -5.4799180E-01 -5.4799180E-01
  4.0181887E+00 -5.3891467E-01 -5.3891467E-01
  4.0551549E+00 -5.2988588E-01 -5.2988588E-01
  4.0924612E+00 -5.2090685E-01 -5.2090685E-01
  4.1301107E+00 -5.1197896E-01 -5.1197896E-01
  4.1681066E+00 -5.0310362E-01 -5.0310362E-01
  4.2064520E+00 -4.9428220E-01 -4.9428220E-01
  4.2451502E+00 -4.8551611E-01 -4.8551611E-01
  4.2842044E+00 -4.7680671E-01 -4.7680671E-01
  4.3236179E+00 -4.6815537E-01 -4.6815537E-01
  4.3633939E+00 -4.5956347E-01 -4.5956347E-01
  4.4035360E+00 -4.5103236E-01 -4.5103236E-01
  4.4440473E+00 -4.4256337E-01 -4.4256337E-01
  4.4849313E+00 -4.3415786E-01 -4.3415786E-01
  4.5261914E+00 -4.2581714E-01 -4.2581714E-01
  4.5678311E+00 -4.1754252E-01 -4.1754252E-01
  4.6098539E+00 -4.0933531E-01 -4.0933531E-01
  4.6522632E+00 -4.0119678E-01 -4.0119678E-01
  4.6950628E+00 -3.9312820E-01 -3.9312820E-01
  4.7382560E+00 -3.8513083E-01 -3.8513083E-01
  4.7818467E+00 -3.7720590E-01 -3.7720590E-01
  4.8258383E+00 -3.6935462E-01 -3.6935462E-01
  4.8702347E+00 -3.6157819E-01 -3.6157819E-01
  4.9150395E+00 -3.5387778E-01 -3.5387778E-01
  4.9602565E+00 -3.4625453E-01 -3.4625453E-01
  5.0058895E+00 -3.3870958E-01 -3.3870958E-01
  5.0519423E+00 -3.3124402E-01 -3.3124402E-01
  5.0984187E+00 -3.2385894E-01 -3.2385894E-01
  5.1453228E+00 -3.1655537E-01 -3.1655537E-01
  5.1926583E+00 -3.0933433E-01 -3.0933433E-01
  5.2404293E+00 -3.0219682E-01 -3.0219682E-01
  5.2886398E+00 -2.9514379E-01 -2.9514379E-01
  5.3372938E+00 -2.8817617E-01 -2.8817617E-01
  5.3863954E+00 -2.8129485E-01 -2.8129485E-01
  5.4359488E+00 -2.7450068E-01 -2.7450068E-01
  5.4859580E+00 -2.6779449E-01 -2.6779449E-01
  5.5364273E+00 -2.6117706E-01 -2.6117706E-01
  5.5873609E+00 -2.5464915E-01 -2.5464915E-01
  5.6387630E+00 -2.4821145E-01 -2.4821145E-01
  5.6906381E+00 -2.4186464E-01 -2.4186464E-01
  5.7429904E+00 -2.3560935E-01 -2.3560935E-01
  5.7958243E+00 -2.2944617E-01 -2.2944617E-01
  5.8491443E+00 -2.2337563E-01 -2.2337563E-01
  5.9029548E+00 -2.1739825E-01 -2.1739825E-01
  5.9572603E+00 -2.1151447E-01 -2.1151447E-01
  6.0120654E+00 -2.0572472E-01 -2.0572472E-01
  6.0673748E+00 -2.0002935E-01 -2.0002935E-01
  6.1231929E+00 -1.9442870E-01 -1.9442870E-01
  6.1795246E+00 -1.8892303E-01 -1.8892303E-01
  6.2363745E+00 -1.8351257E-01 -1.8351257E-01
  6.2937474E+00 -1.7819751E-01 -1.7819751E-01
  6.3516481E+00 -1.7297798E-01 -1.7297798E-01
  6.4100815E+00 -1.6785406E-01 -1.6785406E-01
  6.4690525E+00 -1.6282579E-01 -1.6282579E-01
  6.5285660E+00 -1.5789315E-01 -1.5789315E-01
  6.5886269E+00 -1.5305609E-01 -1.5305609E-01
  6.6492405E+00 -1.4831450E-01 -1.4831450E-01
  6.7104116E+00 -1.4366821E-01 -1.4366821E-01
  6.7721456E+00 -1.3911702E-01 -1.3911702E-01
  6.8344474E+00 -1.3466068E-01 -1.3466068E-01
  6.8973224E+00 -1.3029888E-01 -1.3029888E-01
  6.9607759E+00 -1.2603126E-01 -1.2603126E-01
  7.0248131E+00 -1.2185744E-01 -1.2185744E-01
  7.0894394E+00 -1.1777695E-01 -1.1777695E-01
  7.1546602E+00 -1.1378931E-01 -1.1378931E-01
  7.2204811E+00 -1.0989398E-01 -1.0989398E-01
  7.2869075E+00 -1.0609037E-01 -1.0609037E-01
  7.3539451E+00 -1.0237784E-01 -1.0237784E-01
  7.4215993E+00 -9.8755736E-02 -9.8755736E-02
  7.4898759E+00 -9.5223325E-02 -9.5223325E-02
  7.5587807E+00 -9.1779851E-02 -9.1779851E-02
  7.6283194E+00 -8.8424511E-02 -8.8424511E-02
  7.6984978E+00 -8.5156462E-02 -8.5156462E-02
  7.7693218E+00 -8.1974823E-02 -8.1974823E-02
  7.8407974E+00 -7.8878673E-02 -7.8878673E-02
  7.9129306E+00 -7.5867056E-02 -7.5867056E-02
  7.9857273E+00 -7.2938977E-02 -7.2938977E-02
  8.0591938E+00 -7.0093410E-02 -7.0093410E-02
  8.1333361E+00 -6.7329294E-02 -6.7329294E-02
  8.2081606E+00 -6.4645535E-02 -6.4645535E-02
  8.2836733E+00 -6.2041012E-02 -6.2041012E-02
  8.3598808E+00 -5.9514571E-02 -5.9514571E-02
  8.4367894E+00 -5.7065034E-02 -5.7065034E-02
  8.5144055E+00 -5.4691196E-02 -5.4691196E-02
  8.5927357E+00 -5.2391826E-02 -5.2391826E-02
  8.6717864E+00 -5.0165674E-02 -5.0165674E-02
  8.7515644E+00 -4.8011464E-02 -4.8011464E-02
  8.8320764E+00 -4.5927904E-02 -4.5927904E-02
  8.9133290E+00 -4.3913684E-02 -4.3913684E-02
  8.9953292E+00 -4.1967477E-02 -4.1967477E-02
  9.0780837E+00 -4.0087941E-02 -4.0087941E-02
  9.1615995E+00 -3.8273722E-02 -3.8273722E-02
  9.2458837E+00 -3.6523455E-02 -3.6523455E-02
  9.3309432E+00 -3.4835764E-02 -3.4835764E-02
  9.4167853E+00 -3.3209267E-02 -3.3209267E-02
  9.5034171E+00 -3.1642576E-02 -3.1642576E-02
  9.5908459E+00 -3.0134296E-02 -3.0134296E-02
  9.6790790E+00 -2.8683031E-02 -2.8683031E-02
  9.7681238E+00 -2.7287383E-02 -2.7287383E-02
  9.8579878E+00 -2.5945956E-02 -2.5945956E-02
  9.9486786E+00 -2.4657352E-02 -2.4657352E-02
  1.0040204E+01 -2.3420181E-02 -2.3420181E-02
  1.0132571E+01 -2.2233055E-02 -2.2233055E-02
  1.0225788E+01 -2.1094591E-02 -2.1094591E-02
  1.0319862E+01 -2.0003418E-02 -2.0003418E-02
  1.0414802E+01 -1.8958169E-02 -1.8958169E-02
  1.0510615E+01 -1.7957492E-02 -1.7957492E-02
  1.0607310E+01 -1.7000043E-02 -1.7000043E-02
  1.0704894E+01 -1.6084493E-02 -1.6084493E-02
  1.0803376E+01 -1.5209527E-02 -1.5209527E-02
  1.0902764E+01 -1.4373843E-02 -1.4373843E-02
  1.1003067E+01 -1.3576159E-02 -1.3576159E-02
  1.1104292E+01 -1.2815207E-02 -1.2815207E-02
  1.1206448E+01 -1.2089738E-02 -1.2089738E-02
  1.1309544E+01 -1.1398524E-02 -1.1398524E-02
  1.1413589E+01 -1.0740355E-02 -1.0740355E-02
  1.1518591E+01 -1.0114043E-02 -1.0114043E-02
  1.1624559E+01 -9.5184208E-03 -9.5184208E-03
  1.1731501E+01 -8.9523435E-03 -8.9523435E-03
  1.1839428E+01 -8.4146894E-03 -8.4146894E-03
  1.1948347E+01 -7.9043604E-03 -7.9043604E-03
  1.2058269E+01 -7.4202818E-03 -7.4202818E-03
  1.2169201E+01 -6.9614036E-03 -6.9614036E-03
  1.2281155E+01 -6.5267005E-03 -6.5267005E-03
  1.2394138E+01 -6.1151722E-03 -6.1151722E-03
  1.2508160E+01 -5.7258439E-03 -5.7258439E-03
  1.2623232E+01 -5.3577663E-03 -5.3577663E-03
  1.2739362E+01 -5.0100158E-03 -5.0100158E-03
  1.2856561E+01 -4.6816948E-03 -4.6816948E-03
  1.2974837E+01 -4.3719315E-03 -4.3719315E-03
  1.3094202E+01 -4.0798802E-03 -4.0798802E-03
  1.3214665E+01 -3.8047210E-03 -3.8047210E-03
  1.3336237E+01 -3.5456598E-03 -3.5456598E-03
  1.3458926E+01 -3.3019285E-03 -3.3019285E-03
  1.3582745E+01 -3.0727843E-03 -3.0727843E-03
  1.3707702E+01 -2.8575097E-03 -2.8575097E-03
  1.3833809E+01 -2.6554127E-03 -2.6554127E-03
  1.3961076E+01 -2.4658258E-03 -2.4658258E-03
  1.4089514E+01 -2.2881062E-03 -2.2881062E-03
  1.4219134E+01 -2.1216351E-03 -2.1216351E-03
  1.4349946E+01 -1.9658180E-03 -1.9658180E-03
  1.4481961E+01 -1.8200832E-03 -1.8200832E-03
  1.4615191E+01 -1.6838826E-03 -1.6838826E-03
  1.4749647E+01 -1.5566903E-03 -1.5566903E-03
  1.4885340E+01 -1.4380026E-03 -1.4380026E-03
  1.5022281E+01 -1.3273374E-03 -1.3273374E-03
  1.5160481E+01 -1.2242338E-03 -1.2242338E-03
  1.5299954E+01 -1.1282514E-03 -1.1282514E-03
  1.5440709E+01 -1.0389699E-03 -1.0389699E-03
  1.5582759E+01 -9.5598860E-04 -9.5598860E-04
  1.5726116E+01 -8.7892557E-04 -8.7892557E-04
  1.5870792E+01 -8.0741747E-04 -8.0741747E-04
  1.6016799E+01 -7.4111876E-04 -7.4111876E-04
  1.6164149E+01 -6.7970120E-04 -6.7970120E-04
  1.6312855E+01 -6.2285324E-04 -6.2285324E-04
  1.6462928E+01 -5.7027949E-04 -5.7027949E-04
  1.6614383E+01 -5.2170014E-04 -5.2170014E-04
  1.6767230E+01 -4.7685038E-04 -4.7685038E-04
  1.6921484E+01 -4.3547986E-04 -4.3547986E-04
  1.7077157E+01 -3.9735210E-04 -3.9735210E-04
  1.7234262E+01 -3.6224395E-04 -3.6224395E-04
  1.7392813E+01 -3.2994509E-04 -3.2994509E-04
  1.7552822E+01 -3.0025738E-04 -3.0025738E-04
  1.7714303E+01 -2.7299445E-04 -2.7299445E-04
  1.7877269E+01 -2.4798114E-04 -2.4798114E-04
  1.8041735E+01 -2.2505293E-04 -2.2505293E-04
  1.8207714E+01 -2.0405556E-04 -2.0405556E-04
  1.8375220E+01 -1.8484441E-04 -1.8484441E-04
  1.8544267E+01 -1.6728417E-04 -1.6728417E-04
  1.8714869E+01 -1.5124825E-04 -1.5124825E-04
  1.8887040E+01 -1.3661839E-04 -1.3661839E-04
  1.9060796E+01 -1.2328426E-04 -1.2328426E-04
  1.9236150E+01 -1.1114296E-04 -1.1114296E-04
  1.9413117E+01 -1.0009871E-04 -1.0009871E-04
  1.9591712E+01 -9.0062371E-05 -9.0062371E-05
  1.9771951E+01 -8.0951105E-05 -8.0951105E-05
  1.9953847E+01 -7.2688005E-05 -7.2688005E-05
  2.0137417E+01 -6.5201787E-05 -6.5201787E-05
  2.0322675E+01 -5.8426357E-05 -5.8426357E-05
  2.0509638E+01 -5.2300616E-05 -5.2300616E-05
  2.0698321E+01 -4.6768096E-05 -4.6768096E-05
  2.0888740E+01 -4.1776663E-05 -4.1776663E-05
  2.1080911E+01 -3.7278034E-05 -3.7278034E-05
  2.1274849E+01 -3.3228141E-05 -3.3228141E-05
  2.1470572E+01 -2.9586024E-05 -2.9586024E-05
  2.1668095E+01 -2.6314147E-05 -2.6314147E-05
  2.1867435E+01 -2.3378290E-05 -2.3378290E-05
  2.2068610E+01 -2.0746864E-05 -2.0746864E-05
  2.2271635E+01 -1.8390798E-05 -1.8390798E-05
  2.2476528E+01 -1.6283952E-05 -1.6283952E-05
  2.2683305E+01 -1.4401855E-05 -1.4401855E-05
  2.2891985E+01 -1.2722676E-05 -1.2722676E-05
  2.3102585E+01 -1.1226117E-05 -1.1226117E-05
  2.3315123E+01 -9.8937345E-06 -9.8937345E-06
  2.3529615E+01 -8.7094618E-06 -8.7094618E-06
  2.3746081E+01 -7.6577093E-06 -7.6577093E-06
  2.3964538E+01 -6.7242063E-06 -6.7242063E-06
  2.4185005E+01 -5.8982989E-06 -5.8982989E-06
  2.4407501E+01 -5.1671225E-06 -5.1671225E-06
  2.4632043E+01 -4.5200628E-06 -4.5200628E-06
  2.4858651E+01 -3.9497429E-06 -3.9497429E-06
  2.5087343E+01 -3.4477508E-06 -3.4477508E-06
  2.5318140E+01 -3.0045914E-06 -3.0045914E-06
  2.5551060E+01 -2.6147385E-06 -2.6147385E-06
  2.5786122E+01 -2.2735588E-06 -2.2735588E-06
  2.6023348E+01 -1.9755178E-06 -1.9755178E-06
  2.6262755E+01 -1.7101641E-06 -1.7101641E-06
  2.6504365E+01 -1.4809181E-06 -1.4809181E-06
  2.6748198E+01 -1.2833630E-06 -1.2833630E-06
  2.6994274E+01 -1.1086717E-06 -1.1086717E-06
  2.7242613E+01 -9.5514882E-07 -9.5514882E-07
  2.7493238E+01 -8.1995513E-07 -8.1995513E-07
  2.7746168E+01 -7.0818005E-07 -7.0818005E-07
  2.8001425E+01 -6.0441311E-07 -6.0441311E-07
  2.8259030E+01 -5.2311998E-07 -5.2311998E-07
  2.8519005E+01 -4.3976055E-07 -4.3976055E-07
  2.8781372E+01 -3.9010575E-07 -3.9010575E-07
  2.9046153E+01 -3.1903472E-07 -3.1903472E-07
  2.9313369E+01 -2.6790576E-07 -2.6790576E-07
  2.9583044E+01 -2.4806185E-07 -2.4806185E-07
  2.9855200E+01 -1.9345369E-07 -1.9345369E-07
  3.0129859E+01 -1.7032729E-07 -1.7032729E-07
  3.0407046E+01 -1.4433304E-07 -1.4433304E-07
  3.0686782E+01 -1.2211665E-07 -1.2211665E-07
  3.0969092E+01 -1.0315857E-07 -1.0315857E-07
  3.1253999E+01 -8.7006344E-08 -8.7006344E-08
  3.1541527E+01 -7.3266483E-08 -7.3266483E-08
  3.1831700E+01 -6.1597379E-08 -6.1597379E-08
  3.2124543E+01 -5.1702933E-08 -5.1702933E-08
  3.2420079E+01 -4.3326908E-08 -4.3326908E-08
  3.2718335E+01 -3.6247934E-08 -3.6247934E-08
  3.3019335E+01 -3.0275077E-08 -3.0275077E-08
  3.3323103E+01 -2.5243934E-08 -2.5243934E-08
  3.3629667E+01 -2.1013184E-08 -2.1013184E-08
  3.3939050E+01 -1.7461558E-08 -1.7461558E-08
  3.4251280E+01 -1.4485167E-08 -1.4485167E-08
  3.4566382E+01 -1.1995174E-08 -1.1995174E-08
  3.4884383E+01 -9.9157405E-09 -9.9157405E-09
  3.5205310E+01 -8.1822405E-09 -8.1822405E-09
  3.5529189E+01 -6.7397024E-09 -6.7397024E-09
  3.5856047E+01 -5.5414501E-09 -5.5414501E-09
  3.6185913E+01 -4.5479232E-09 -4.5479232E-09
  3.6518813E+01 -3.7256538E-09 -3.7256538E-09
  3.6854776E+01 -3.0463807E-09 -3.0463807E-09
  3.7193830E+01 -2.4862839E-09 -2.4862839E-09
  3.7536002E+01 -2.0253246E-09 -2.0253246E-09
  3.7881323E+01 -1.6466766E-09 -1.6466766E-09
  3.8229821E+01 -1.3362390E-09 -1.3362390E-09
  3.8581524E+01 -1.0822171E-09 -1.0822171E-09
  3.8936463E+01 -8.7476471E-10 -8.7476471E-10
  3.9294668E+01 -7.0567849E-10 -7.0567849E-10
  3.9656168E+01 -5.6813733E-10 -5.6813733E-10
  4.0020994E+01 -4.5648089E-10 -4.5648089E-10
  4.0389176E+01 -3.6602150E-10 -3.6602150E-10
  4.0760745E+01 -2.9288503E-10 -2.9288503E-10
  4.1135732E+01 -2.3387624E-10 -2.3387624E-10
  4.1514169E+01 -1.8636531E-10 -1.8636531E-10
  4.1896088E+01 -1.4819232E-10 -1.4819232E-10
  4.2281520E+01 -1.1758705E-10 -1.1758705E-10
  4.2670499E+01 -9.3101773E-11 -9.3101773E-11
  4.3063055E+01 -7.3555041E-11 -7.3555041E-11
  4.3459223E+01 -5.7984813E-11 -5.7984813E-11
  4.3859036E+01 -4.5609429E-11 -4.5609429E-11
  4.4262527E+01 -3.5795193E-11 -3.5795193E-11
  4.4669730E+01 -2.8029511E-11 -2.8029511E-11
  4.5080679E+01 -2.1898687E-11 -2.1898687E-11
  4.5495408E+01 -1.7069596E-11 -1.7069596E-11
  4.5913953E+01 -1.3274612E-11 -1.3274612E-11
  4.6336349E+01 -1.0299225E-11 -1.0299225E-11
  4.6762630E+01 -7.9719046E-12 -7.9719046E-12
  4.7192833E+01 -6.1558066E-12 -6.1558066E-12
  4.7626994E+01 -4.7420228E-12 -4.7420228E-12
  4.8065149E+01 -3.6440849E-12 -3.6440849E-12
  4.8507335E+01 -2.7935073E-12 -2.7935073E-12
  4.8953589E+01 -2.1361798E-12 -2.1361798E-12
  4.9403948E+01 -1.6294557E-12 -1.6294557E-12
  4.9858451E+01 -1.2398070E-12 -1.2398070E-12
  5.0317135E+01 -9.4094089E-13 -9.4094089E-13
  5.0780038E+01 -7.1229047E-13 -7.1229047E-13
  5.1247200E+01 -5.3780916E-13 -5.3780916E-13
  5.1718660E+01 -4.0500947E-13 -4.0500947E-13
  5.2194457E+01 -3.0419888E-13 -3.0419888E-13
  5.2674632E+01 -2.2787410E-13 -2.2787410E-13
  5.3159224E+01 -1.7024195E-13 -1.7024195E-13
  5.3648274E+01 -1.2684160E-13 -1.2684160E-13
  5.4141823E+01 -9.4247422E-14 -9.4247422E-14
  5.4639912E+01 -6.9835940E-14 -6.9835940E-14
  5.5142584E+01 -5.1603499E-14 -5.1603499E-14
  5.5649880E+01 -3.8024090E-14 -3.8024090E-14
  5.6161844E+01 -2.7938737E-14 -2.7938737E-14
  5.6678517E+01 -2.0469707E-14 -2.0469707E-14
  5.7199943E+01 -1.4954156E-14 -1.4954156E-14
  5.7726167E+01 -1.0892963E-14 -1.0892963E-14
  5.8257232E+01 -7.9113822E-15 -7.9113822E-15
  5.8793182E+01 -5.7288717E-15 -5.7288717E-15
  5.9334063E+01 -4.1360361E-15 -4.1360361E-15
  5.9879919E+01 -2.9770494E-15 -2.9770494E-15
  6.0430798E+01 -2.1362995E-15 -2.1362995E-15
  6.0986744E+01 -1.5282710E-15 -1.5282710E-15
  6.1547805E+01 -1.0899044E-15 -1.0899044E-15
  6.2114028E+01 -7.7484315E-16 -7.7484315E-16
  6.2685459E+01 -5.4911580E-16 -5.4911580E-16
  6.3262148E+01 -3.8790569E-16 -3.8790569E-16
  6.3844142E+01 -2.7314145E-16 -2.7314145E-16
  6.4431490E+01 -1.9170586E-16 -1.9170586E-16
  6.5024242E+01 -1.3410855E-16 -1.3410855E-16
  6.5622447E+01 -9.3505599E-17 -9.3505599E-17
  6.6226155E+01 -6.4977886E-17 -6.4977886E-17
  6.6835417E+01 -4.5001492E-17 -4.5001492E-17
  6.7450284E+01 -3.1060475E-17 -3.1060475E-17
  6.8070808E+01 -2.1364632E-17 -2.1364632E-17
  6.8697040E+01 -1.4644519E-17 -1.4644519E-17
  6.9329034E+01 -1.0003068E-17 -1.0003068E-17
  6.9966841E+01 -6.8085666E-18 -6.8085666E-18
  7.0610517E+01 -4.6177279E-18 -4.6177279E-18
  7.1260114E+01 -3.1205908E-18 -3.1205908E-18
  7.1915687E+01 -2.1011966E-18 -2.1011966E-18
  7.2577291E+01 -1.4096242E-18 -1.4096242E-18
  7.3244982E+01 -9.4217597E-19 -9.4217597E-19
  7.3918815E+01 -6.2739042E-19 -6.2739042E-19
  7.4598848E+01 -4.1620367E-19 -4.1620367E-19
  7.5285136E+01  0.0000000E+00  0.0000000E+00
  7.5977738E+01  0.0000000E+00  0.0000000E+00
  7.6676712E+01  0.0000000E+00  0.0000000E+00
  7.7382116E+01  0.0000000E+00  0.0000000E+00
  7.8094010E+01  0.0000000E+00  0.0000000E+00
  7.8812453E+01  0.0000000E+00  0.0000000E+00
  7.9537506E+01  0.0000000E+00  0.0000000E+00
  8.0269228E+01  0.0000000E+00  0.0000000E+00
  8.1007683E+01  0.0000000E+00  0.0000000E+00
  8.1752931E+01  0.0000000E+00  0.0000000E+00
  8.2505035E+01  0.0000000E+00  0.0000000E+00
  8.3264058E+01  0.0000000E+00  0.0000000E+00
  8.4030064E+01  0.0000000E+00  0.0000000E+00
  8.4803117E+01  0.0000000E+00  0.0000000E+00
  8.5583282E+01  0.0000000E+00  0.0000000E+00
  8.6370624E+01  0.0000000E+00  0.0000000E+00
  8.7165210E+01  0.0000000E+00  0.0000000E+00
  8.7967105E+01  0.0000000E+00  0.0000000E+00
  8.8776378E+01  0.0000000E+00  0.0000000E+00
  8.9593096E+01  0.0000000E+00  0.0000000E+00
  9.0417327E+01  0.0000000E+00  0.0000000E+00
  9.1249141E+01  0.0000000E+00  0.0000000E+00
  9.2088608E+01  0.0000000E+00  0.0000000E+00
  9.2935797E+01  0.0000000E+00  0.0000000E+00
  9.3790781E+01  0.0000000E+00  0.0000000E+00
  9.4653630E+01  0.0000000E+00  0.0000000E+00
  9.5524416E+01  0.0000000E+00  0.0000000E+00
  9.6403214E+01  0.0000000E+00  0.0000000E+00
  9.7290097E+01  0.0000000E+00  0.0000000E+00
  9.8185139E+01  0.0000000E+00  0.0000000E+00
  9.9088414E+01  0.0000000E+00  0.0000000E+00
  1.0000000E+02  0.0000000E+00  0.0000000E+00
