  0.0000000E+00 -2.76968196273347589E+00
  1.0221911E-08 -2.76968196273342082E+00
  2.0537860E-08 -2.76968196273347012E+00
  3.0948714E-08 -2.76968196273350831E+00
  4.1455344E-08 -2.76968196273350475E+00
  5.2058633E-08 -2.76968196273351497E+00
  6.2759468E-08 -2.76968196273352785E+00
  7.3558749E-08 -2.76968196273353184E+00
  8.4457379E-08 -2.76968196273354961E+00
  9.5456275E-08 -2.76968196273356337E+00
  1.0655636E-07 -2.76968196273357670E+00
  1.1775856E-07 -2.76968196273358380E+00
  1.2906381E-07 -2.76968196273360334E+00
  1.4047307E-07 -2.76968196273362377E+00
  1.5198730E-07 -2.76968196273363976E+00
  1.6360745E-07 -2.76968196273367173E+00
  1.7533450E-07 -2.76968196273369527E+00
  1.8716944E-07 -2.76968196273373035E+00
  1.9911326E-07 -2.76968196273375700E+00
  2.1116696E-07 -2.76968196273379119E+00
  2.2333154E-07 -2.76968196273382228E+00
  2.3560804E-07 -2.76968196273386313E+00
  2.4799748E-07 -2.76968196273389822E+00
  2.6050090E-07 -2.76968196273394662E+00
  2.7311935E-07 -2.76968196273398792E+00
  2.8585388E-07 -2.76968196273404388E+00
  2.9870556E-07 -2.76968196273408607E+00
  3.1167548E-07 -2.76968196273414602E+00
  3.2476472E-07 -2.76968196273419709E+00
  3.3797438E-07 -2.76968196273425127E+00
  3.5130556E-07 -2.76968196273431522E+00
  3.6475938E-07 -2.76968196273437695E+00
  3.7833698E-07 -2.76968196273444001E+00
  3.9203948E-07 -2.76968196273451062E+00
  4.0586804E-07 -2.76968196273458789E+00
  4.1982383E-07 -2.76968196273466472E+00
  4.3390800E-07 -2.76968196273474332E+00
  4.4812174E-07 -2.76968196273482281E+00
  4.6246625E-07 -2.76968196273491030E+00
  4.7694272E-07 -2.76968196273499645E+00
  4.9155237E-07 -2.76968196273509060E+00
  5.0629642E-07 -2.76968196273518918E+00
  5.2117612E-07 -2.76968196273528955E+00
  5.3619271E-07 -2.76968196273538991E+00
  5.5134744E-07 -2.76968196273550360E+00
  5.6664159E-07 -2.76968196273561862E+00
  5.8207645E-07 -2.76968196273573941E+00
  5.9765330E-07 -2.76968196273585976E+00
  6.1337345E-07 -2.76968196273598721E+00
  6.2923823E-07 -2.76968196273611644E+00
  6.4524895E-07 -2.76968196273625544E+00
  6.6140697E-07 -2.76968196273639622E+00
  6.7771364E-07 -2.76968196273654144E+00
  6.9417033E-07 -2.76968196273669598E+00
  7.1077841E-07 -2.76968196273685008E+00
  7.2753929E-07 -2.76968196273701928E+00
  7.4445435E-07 -2.76968196273718759E+00
  7.6152504E-07 -2.76968196273735456E+00
  7.7875276E-07 -2.76968196273753309E+00
  7.9613898E-07 -2.76968196273772493E+00
  8.1368515E-07 -2.76968196273792255E+00
  8.3139273E-07 -2.76968196273812195E+00
  8.4926323E-07 -2.76968196273832845E+00
  8.6729812E-07 -2.76968196273853451E+00
  8.8549893E-07 -2.76968196273875611E+00
  9.0386718E-07 -2.76968196273898393E+00
  9.2240442E-07 -2.76968196273921174E+00
  9.4111219E-07 -2.76968196273945022E+00
  9.5999207E-07 -2.76968196273969980E+00
  9.7904564E-07 -2.76968196273994893E+00
  9.9827450E-07 -2.76968196274020650E+00
  1.0176803E-06 -2.76968196274048140E+00
  1.0372645E-06 -2.76968196274075584E+00
  1.0570290E-06 -2.76968196274103606E+00
  1.0769753E-06 -2.76968196274132872E+00
  1.0971051E-06 -2.76968196274163070E+00
  1.1174200E-06 -2.76968196274193978E+00
  1.1379219E-06 -2.76968196274225953E+00
  1.1586124E-06 -2.76968196274258682E+00
  1.1794932E-06 -2.76968196274292744E+00
  1.2005661E-06 -2.76968196274327649E+00
  1.2218329E-06 -2.76968196274363176E+00
  1.2432953E-06 -2.76968196274400613E+00
  1.2649552E-06 -2.76968196274437917E+00
  1.2868143E-06 -2.76968196274476997E+00
  1.3088746E-06 -2.76968196274516165E+00
  1.3311378E-06 -2.76968196274557421E+00
  1.3536058E-06 -2.76968196274599654E+00
  1.3762805E-06 -2.76968196274642819E+00
  1.3991638E-06 -2.76968196274687806E+00
  1.4222576E-06 -2.76968196274733636E+00
  1.4455639E-06 -2.76968196274779910E+00
  1.4690846E-06 -2.76968196274827916E+00
  1.4928217E-06 -2.76968196274876899E+00
  1.5167771E-06 -2.76968196274927125E+00
  1.5409529E-06 -2.76968196274978729E+00
  1.5653512E-06 -2.76968196275031664E+00
  1.5899739E-06 -2.76968196275086243E+00
  1.6148231E-06 -2.76968196275142065E+00
  1.6399010E-06 -2.76968196275199086E+00
  1.6652095E-06 -2.76968196275257661E+00
  1.6907509E-06 -2.76968196275317657E+00
  1.7165272E-06 -2.76968196275379253E+00
  1.7425407E-06 -2.76968196275442091E+00
  1.7687935E-06 -2.76968196275506395E+00
  1.7952878E-06 -2.76968196275572431E+00
  1.8220259E-06 -2.76968196275640022E+00
  1.8490099E-06 -2.76968196275709566E+00
  1.8762422E-06 -2.76968196275780931E+00
  1.9037250E-06 -2.76968196275853851E+00
  1.9314606E-06 -2.76968196275928635E+00
  1.9594514E-06 -2.76968196276004397E+00
  1.9876998E-06 -2.76968196276083001E+00
  2.0162080E-06 -2.76968196276163114E+00
  2.0449784E-06 -2.76968196276245537E+00
  2.0740136E-06 -2.76968196276329248E+00
  2.1033158E-06 -2.76968196276415268E+00
  2.1328876E-06 -2.76968196276503376E+00
  2.1627315E-06 -2.76968196276593615E+00
  2.1928499E-06 -2.76968196276685585E+00
  2.2232455E-06 -2.76968196276780265E+00
  2.2539206E-06 -2.76968196276876366E+00
  2.2848780E-06 -2.76968196276975398E+00
  2.3161201E-06 -2.76968196277076384E+00
  2.3476497E-06 -2.76968196277179768E+00
  2.3794693E-06 -2.76968196277285061E+00
  2.4115817E-06 -2.76968196277393597E+00
  2.4439895E-06 -2.76968196277504530E+00
  2.4766954E-06 -2.76968196277618040E+00
  2.5097022E-06 -2.76968196277733769E+00
  2.5430127E-06 -2.76968196277853806E+00
  2.5766296E-06 -2.76968196277974688E+00
  2.6105558E-06 -2.76968196278099210E+00
  2.6447941E-06 -2.76968196278225909E+00
  2.6793473E-06 -2.76968196278355538E+00
  2.7142185E-06 -2.76968196278488810E+00
  2.7494104E-06 -2.76968196278624790E+00
  2.7849262E-06 -2.76968196278763790E+00
  2.8207686E-06 -2.76968196278906387E+00
  2.8569408E-06 -2.76968196279050671E+00
  2.8934458E-06 -2.76968196279199352E+00
  2.9302866E-06 -2.76968196279350698E+00
  2.9674663E-06 -2.76968196279506662E+00
  3.0049881E-06 -2.76968196279664891E+00
  3.0428550E-06 -2.76968196279826895E+00
  3.0810703E-06 -2.76968196279993295E+00
  3.1196372E-06 -2.76968196280162404E+00
  3.1585589E-06 -2.76968196280335199E+00
  3.1978387E-06 -2.76968196280512968E+00
  3.2374798E-06 -2.76968196280693313E+00
  3.2774857E-06 -2.76968196280878676E+00
  3.3178595E-06 -2.76968196281067502E+00
  3.3586048E-06 -2.76968196281260681E+00
  3.3997249E-06 -2.76968196281457546E+00
  3.4412234E-06 -2.76968196281658940E+00
  3.4831036E-06 -2.76968196281864731E+00
  3.5253691E-06 -2.76968196282074697E+00
  3.5680234E-06 -2.76968196282289947E+00
  3.6110701E-06 -2.76968196282509416E+00
  3.6545128E-06 -2.76968196282733459E+00
  3.6983553E-06 -2.76968196282962476E+00
  3.7426010E-06 -2.76968196283196555E+00
  3.7872538E-06 -2.76968196283435875E+00
  3.8323174E-06 -2.76968196283680168E+00
  3.8777955E-06 -2.76968196283928902E+00
  3.9236921E-06 -2.76968196284183721E+00
  3.9700108E-06 -2.76968196284443779E+00
  4.0167557E-06 -2.76968196284709611E+00
  4.0639307E-06 -2.76968196284981083E+00
  4.1115396E-06 -2.76968196285257484E+00
  4.1595865E-06 -2.76968196285540458E+00
  4.2080755E-06 -2.76968196285829071E+00
  4.2570105E-06 -2.76968196286124479E+00
  4.3063957E-06 -2.76968196286425528E+00
  4.3562353E-06 -2.76968196286733459E+00
  4.4065333E-06 -2.76968196287047297E+00
  4.4572941E-06 -2.76968196287367618E+00
  4.5085219E-06 -2.76968196287695001E+00
  4.5602209E-06 -2.76968196288029933E+00
  4.6123956E-06 -2.76968196288370949E+00
  4.6650502E-06 -2.76968196288719248E+00
  4.7181893E-06 -2.76968196289075230E+00
  4.7718172E-06 -2.76968196289438584E+00
  4.8259385E-06 -2.76968196289809709E+00
  4.8805577E-06 -2.76968196290187851E+00
  4.9356794E-06 -2.76968196290574120E+00
  4.9913082E-06 -2.76968196290968516E+00
  5.0474487E-06 -2.76968196291370816E+00
  5.1041058E-06 -2.76968196291781776E+00
  5.1612840E-06 -2.76968196292201663E+00
  5.2189883E-06 -2.76968196292629321E+00
  5.2772234E-06 -2.76968196293066571E+00
  5.3359943E-06 -2.76968196293512481E+00
  5.3953059E-06 -2.76968196293967717E+00
  5.4551631E-06 -2.76968196294432811E+00
  5.5155710E-06 -2.76968196294906299E+00
  5.5765346E-06 -2.76968196295390223E+00
  5.6380591E-06 -2.76968196295883695E+00
  5.7001495E-06 -2.76968196296386759E+00
  5.7628112E-06 -2.76968196296900881E+00
  5.8260494E-06 -2.76968196297425084E+00
  5.8898693E-06 -2.76968196297960256E+00
  5.9542764E-06 -2.76968196298505864E+00
  6.0192760E-06 -2.76968196299062708E+00
  6.0848735E-06 -2.76968196299631098E+00
  6.1510746E-06 -2.76968196300210989E+00
  6.2178846E-06 -2.76968196300802383E+00
  6.2853093E-06 -2.76968196301405678E+00
  6.3533543E-06 -2.76968196302022163E+00
  6.4220253E-06 -2.76968196302649794E+00
  6.4913281E-06 -2.76968196303290659E+00
  6.5612684E-06 -2.76968196303944714E+00
  6.6318521E-06 -2.76968196304611070E+00
  6.7030852E-06 -2.76968196305291237E+00
  6.7749736E-06 -2.76968196305985037E+00
  6.8475234E-06 -2.76968196306693093E+00
  6.9207406E-06 -2.76968196307415715E+00
  6.9946314E-06 -2.76968196308151837E+00
  7.0692020E-06 -2.76968196308903147E+00
  7.1444585E-06 -2.76968196309669601E+00
  7.2204075E-06 -2.76968196310451820E+00
  7.2970551E-06 -2.76968196311248782E+00
  7.3744079E-06 -2.76968196312061732E+00
  7.4524723E-06 -2.76968196312891601E+00
  7.5312548E-06 -2.76968196313737769E+00
  7.6107622E-06 -2.76968196314600457E+00
  7.6910010E-06 -2.76968196315480464E+00
  7.7719779E-06 -2.76968196316377702E+00
  7.8536999E-06 -2.76968196317293947E+00
  7.9361736E-06 -2.76968196318227111E+00
  8.0194061E-06 -2.76968196319180038E+00
  8.1034043E-06 -2.76968196320151039E+00
  8.1881753E-06 -2.76968196321141313E+00
  8.2737261E-06 -2.76968196322151172E+00
  8.3600640E-06 -2.76968196323181148E+00
  8.4471961E-06 -2.76968196324230709E+00
  8.5351299E-06 -2.76968196325301896E+00
  8.6238726E-06 -2.76968196326394356E+00
  8.7134317E-06 -2.76968196327507465E+00
  8.8038147E-06 -2.76968196328642824E+00
  8.8950293E-06 -2.76968196329800698E+00
  8.9870830E-06 -2.76968196330980732E+00
  9.0799835E-06 -2.76968196332184391E+00
  9.1737387E-06 -2.76968196333411276E+00
  9.2683565E-06 -2.76968196334662276E+00
  9.3638447E-06 -2.76968196335938632E+00
  9.4602113E-06 -2.76968196337239458E+00
  9.5574645E-06 -2.76968196338565731E+00
  9.6556124E-06 -2.76968196339918382E+00
  9.7546633E-06 -2.76968196341296835E+00
  9.8546254E-06 -2.76968196342702999E+00
  9.9555071E-06 -2.76968196344136386E+00
  1.0057317E-05 -2.76968196345598017E+00
  1.0160063E-05 -2.76968196347088114E+00
  1.0263755E-05 -2.76968196348606988E+00
  1.0368400E-05 -2.76968196350155083E+00
  1.0474009E-05 -2.76968196351734486E+00
  1.0580589E-05 -2.76968196353344309E+00
  1.0688149E-05 -2.76968196354984819E+00
  1.0796699E-05 -2.76968196356657925E+00
  1.0906247E-05 -2.76968196358363228E+00
  1.1016804E-05 -2.76968196360101704E+00
  1.1128377E-05 -2.76968196361874064E+00
  1.1240977E-05 -2.76968196363681241E+00
  1.1354613E-05 -2.76968196365523633E+00
  1.1469294E-05 -2.76968196367401331E+00
  1.1585030E-05 -2.76968196369315356E+00
  1.1701831E-05 -2.76968196371266817E+00
  1.1819707E-05 -2.76968196373256648E+00
  1.1938666E-05 -2.76968196375283471E+00
  1.2058721E-05 -2.76968196377350750E+00
  1.2179880E-05 -2.76968196379457732E+00
  1.2302153E-05 -2.76968196381605436E+00
  1.2425551E-05 -2.76968196383795151E+00
  1.2550085E-05 -2.76968196386026566E+00
  1.2675764E-05 -2.76968196388301680E+00
  1.2802599E-05 -2.76968196390621113E+00
  1.2930601E-05 -2.76968196392984956E+00
  1.3059781E-05 -2.76968196395394228E+00
  1.3190150E-05 -2.76968196397849775E+00
  1.3321717E-05 -2.76968196400353195E+00
  1.3454495E-05 -2.76968196402904887E+00
  1.3588495E-05 -2.76968196405506051E+00
  1.3723727E-05 -2.76968196408157041E+00
  1.3860203E-05 -2.76968196410859147E+00
  1.3997935E-05 -2.76968196413613033E+00
  1.4136934E-05 -2.76968196416420298E+00
  1.4277212E-05 -2.76968196419281654E+00
  1.4418780E-05 -2.76968196422197588E+00
  1.4561651E-05 -2.76968196425169122E+00
  1.4705836E-05 -2.76968196428199098E+00
  1.4851347E-05 -2.76968196431286406E+00
  1.4998197E-05 -2.76968196434432512E+00
  1.5146398E-05 -2.76968196437639103E+00
  1.5295963E-05 -2.76968196440907599E+00
  1.5446903E-05 -2.76968196444238490E+00
  1.5599233E-05 -2.76968196447633730E+00
  1.5752963E-05 -2.76968196451094251E+00
  1.5908108E-05 -2.76968196454620363E+00
  1.6064680E-05 -2.76968196458214733E+00
  1.6222692E-05 -2.76968196461877980E+00
  1.6382158E-05 -2.76968196465610994E+00
  1.6543092E-05 -2.76968196469415062E+00
  1.6705505E-05 -2.76968196473292405E+00
  1.6869413E-05 -2.76968196477243289E+00
  1.7034829E-05 -2.76968196481269935E+00
  1.7201767E-05 -2.76968196485373630E+00
  1.7370240E-05 -2.76968196489556107E+00
  1.7540263E-05 -2.76968196493817764E+00
  1.7711851E-05 -2.76968196498161046E+00
  1.7885017E-05 -2.76968196502587327E+00
  1.8059776E-05 -2.76968196507098430E+00
  1.8236142E-05 -2.76968196511694353E+00
  1.8414132E-05 -2.76968196516379228E+00
  1.8593758E-05 -2.76968196521152743E+00
  1.8775038E-05 -2.76968196526017163E+00
  1.8957985E-05 -2.76968196530974042E+00
  1.9142615E-05 -2.76968196536025113E+00
  1.9328943E-05 -2.76968196541172773E+00
  1.9516986E-05 -2.76968196546418044E+00
  1.9706759E-05 -2.76968196551763191E+00
  1.9898277E-05 -2.76968196557210300E+00
  2.0091558E-05 -2.76968196562761104E+00
  2.0286617E-05 -2.76968196568417158E+00
  2.0483470E-05 -2.76968196574180503E+00
  2.0682134E-05 -2.76968196580053672E+00
  2.0882626E-05 -2.76968196586038484E+00
  2.1084962E-05 -2.76968196592136939E+00
  2.1289159E-05 -2.76968196598351168E+00
  2.1495236E-05 -2.76968196604682948E+00
  2.1703208E-05 -2.76968196611134543E+00
  2.1913093E-05 -2.76968196617709461E+00
  2.2124909E-05 -2.76968196624409169E+00
  2.2338674E-05 -2.76968196631234820E+00
  2.2554406E-05 -2.76968196638191611E+00
  2.2772122E-05 -2.76968196645278431E+00
  2.2991841E-05 -2.76968196652500387E+00
  2.3213581E-05 -2.76968196659859078E+00
  2.3437361E-05 -2.76968196667357525E+00
  2.3663201E-05 -2.76968196674998035E+00
  2.3891117E-05 -2.76968196682782430E+00
  2.4121131E-05 -2.76968196690713953E+00
  2.4353260E-05 -2.76968196698796776E+00
  2.4587525E-05 -2.76968196707032011E+00
  2.4823946E-05 -2.76968196715423254E+00
  2.5062541E-05 -2.76968196723972682E+00
  2.5303331E-05 -2.76968196732684158E+00
  2.5546337E-05 -2.76968196741560124E+00
  2.5791578E-05 -2.76968196750603868E+00
  2.6039075E-05 -2.76968196759818408E+00
  2.6288849E-05 -2.76968196769206854E+00
  2.6540921E-05 -2.76968196778773246E+00
  2.6795312E-05 -2.76968196788520160E+00
  2.7052043E-05 -2.76968196798450261E+00
  2.7311136E-05 -2.76968196808568345E+00
  2.7572613E-05 -2.76968196818877388E+00
  2.7836495E-05 -2.76968196829380409E+00
  2.8102805E-05 -2.76968196840081626E+00
  2.8371565E-05 -2.76968196850985038E+00
  2.8642797E-05 -2.76968196862094107E+00
  2.8916525E-05 -2.76968196873412609E+00
  2.9192771E-05 -2.76968196884944540E+00
  2.9471558E-05 -2.76968196896693986E+00
  2.9752910E-05 -2.76968196908664188E+00
  3.0036850E-05 -2.76968196920860565E+00
  3.0323403E-05 -2.76968196933286359E+00
  3.0612592E-05 -2.76968196945945211E+00
  3.0904441E-05 -2.76968196958843738E+00
  3.1198975E-05 -2.76968196971985137E+00
  3.1496219E-05 -2.76968196985372828E+00
  3.1796197E-05 -2.76968196999013250E+00
  3.2098935E-05 -2.76968197012910000E+00
  3.2404458E-05 -2.76968197027068364E+00
  3.2712792E-05 -2.76968197041492692E+00
  3.3023962E-05 -2.76968197056188492E+00
  3.3337995E-05 -2.76968197071160738E+00
  3.3654918E-05 -2.76968197086413825E+00
  3.3974755E-05 -2.76968197101953617E+00
  3.4297535E-05 -2.76968197117786596E+00
  3.4623285E-05 -2.76968197133915917E+00
  3.4952031E-05 -2.76968197150348328E+00
  3.5283802E-05 -2.76968197167089247E+00
  3.5618625E-05 -2.76968197184144893E+00
  3.5956529E-05 -2.76968197201520949E+00
  3.6297540E-05 -2.76968197219223455E+00
  3.6641690E-05 -2.76968197237258096E+00
  3.6989005E-05 -2.76968197255632154E+00
  3.7339515E-05 -2.76968197274350114E+00
  3.7693250E-05 -2.76968197293419838E+00
  3.8050239E-05 -2.76968197312847675E+00
  3.8410513E-05 -2.76968197332639621E+00
  3.8774101E-05 -2.76968197352802692E+00
  3.9141033E-05 -2.76968197373344260E+00
  3.9511342E-05 -2.76968197394270588E+00
  3.9885057E-05 -2.76968197415589268E+00
  4.0262210E-05 -2.76968197437307850E+00
  4.0642833E-05 -2.76968197459433529E+00
  4.1026958E-05 -2.76968197481973322E+00
  4.1414616E-05 -2.76968197504935931E+00
  4.1805841E-05 -2.76968197528329174E+00
  4.2200665E-05 -2.76968197552160023E+00
  4.2599121E-05 -2.76968197576437447E+00
  4.3001243E-05 -2.76968197601170463E+00
  4.3407064E-05 -2.76968197626365908E+00
  4.3816619E-05 -2.76968197652033643E+00
  4.4229942E-05 -2.76968197678182415E+00
  4.4647067E-05 -2.76968197704819952E+00
  4.5068029E-05 -2.76968197731955756E+00
  4.5492864E-05 -2.76968197759599777E+00
  4.5921608E-05 -2.76968197787761339E+00
  4.6354296E-05 -2.76968197816449990E+00
  4.6790964E-05 -2.76968197845674435E+00
  4.7231650E-05 -2.76968197875446975E+00
  4.7676390E-05 -2.76968197905775693E+00
  4.8125221E-05 -2.76968197936671245E+00
  4.8578181E-05 -2.76968197968144469E+00
  4.9035309E-05 -2.76968198000206733E+00
  4.9496642E-05 -2.76968198032868695E+00
  4.9962219E-05 -2.76968198066141147E+00
  5.0432079E-05 -2.76968198100036256E+00
  5.0906262E-05 -2.76968198134564192E+00
  5.1384808E-05 -2.76968198169737612E+00
  5.1867755E-05 -2.76968198205568950E+00
  5.2355146E-05 -2.76968198242068997E+00
  5.2847021E-05 -2.76968198279251698E+00
  5.3343420E-05 -2.76968198317128600E+00
  5.3844387E-05 -2.76968198355713424E+00
  5.4349962E-05 -2.76968198395018872E+00
  5.4860188E-05 -2.76968198435058488E+00
  5.5375108E-05 -2.76968198475845684E+00
  5.5894766E-05 -2.76968198517394582E+00
  5.6419204E-05 -2.76968198559719303E+00
  5.6948467E-05 -2.76968198602833793E+00
  5.7482599E-05 -2.76968198646753416E+00
  5.8021644E-05 -2.76968198691492518E+00
  5.8565649E-05 -2.76968198737067706E+00
  5.9114659E-05 -2.76968198783492969E+00
  5.9668719E-05 -2.76968198830784029E+00
  6.0227876E-05 -2.76968198878957095E+00
  6.0792178E-05 -2.76968198928029974E+00
  6.1361671E-05 -2.76968198978018654E+00
  6.1936403E-05 -2.76968199028938766E+00
  6.2516422E-05 -2.76968199080809674E+00
  6.3101778E-05 -2.76968199133647897E+00
  6.3692518E-05 -2.76968199187471820E+00
  6.4288693E-05 -2.76968199242299429E+00
  6.4890353E-05 -2.76968199298149242E+00
  6.5497548E-05 -2.76968199355040090E+00
  6.6110329E-05 -2.76968199412992222E+00
  6.6728748E-05 -2.76968199472023890E+00
  6.7352855E-05 -2.76968199532156234E+00
  6.7982705E-05 -2.76968199593410080E+00
  6.8618348E-05 -2.76968199655805281E+00
  6.9259840E-05 -2.76968199719362840E+00
  6.9907233E-05 -2.76968199784105229E+00
  7.0560582E-05 -2.76968199850053809E+00
  7.1219941E-05 -2.76968199917231406E+00
  7.1885367E-05 -2.76968199985660402E+00
  7.2556914E-05 -2.76968200055364022E+00
  7.3234639E-05 -2.76968200126365804E+00
  7.3918599E-05 -2.76968200198691639E+00
  7.4608851E-05 -2.76968200272363507E+00
  7.5305454E-05 -2.76968200347407256E+00
  7.6008465E-05 -2.76968200423848554E+00
  7.6717943E-05 -2.76968200501713957E+00
  7.7433949E-05 -2.76968200581028645E+00
  7.8156541E-05 -2.76968200661820019E+00
  7.8885782E-05 -2.76968200744115700E+00
  7.9621730E-05 -2.76968200827943889E+00
  8.0364450E-05 -2.76968200913332385E+00
  8.1114002E-05 -2.76968201000310499E+00
  8.1870450E-05 -2.76968201088906918E+00
  8.2633857E-05 -2.76968201179152773E+00
  8.3404288E-05 -2.76968201271077508E+00
  8.4181806E-05 -2.76968201364712652E+00
  8.4966477E-05 -2.76968201460091468E+00
  8.5758366E-05 -2.76968201557243576E+00
  8.6557541E-05 -2.76968201656203750E+00
  8.7364068E-05 -2.76968201757005605E+00
  8.8178015E-05 -2.76968201859682273E+00
  8.8999450E-05 -2.76968201964268923E+00
  8.9828442E-05 -2.76968202070801084E+00
  9.0665060E-05 -2.76968202179315570E+00
  9.1509375E-05 -2.76968202289847332E+00
  9.2361458E-05 -2.76968202402434915E+00
  9.3221379E-05 -2.76968202517117135E+00
  9.4089212E-05 -2.76968202633930405E+00
  9.4965028E-05 -2.76968202752916870E+00
  9.5848902E-05 -2.76968202874115432E+00
  9.6740907E-05 -2.76968202997567481E+00
  9.7641118E-05 -2.76968203123315249E+00
  9.8549611E-05 -2.76968203251400213E+00
  9.9466461E-05 -2.76968203381866696E+00
  1.0039175E-04 -2.76968203514757239E+00
  1.0132554E-04 -2.76968203650119493E+00
  1.0226793E-04 -2.76968203787997291E+00
  1.0321899E-04 -2.76968203928437795E+00
  1.0417880E-04 -2.76968204071488522E+00
  1.0514744E-04 -2.76968204217197034E+00
  1.0612499E-04 -2.76968204365613913E+00
  1.0711153E-04 -2.76968204516788541E+00
  1.0810715E-04 -2.76968204670772122E+00
  1.0911192E-04 -2.76968204827617326E+00
  1.1012594E-04 -2.76968204987376332E+00
  1.1114929E-04 -2.76968205150102609E+00
  1.1218206E-04 -2.76968205315853222E+00
  1.1322432E-04 -2.76968205484682795E+00
  1.1427618E-04 -2.76968205656647415E+00
  1.1533771E-04 -2.76968205831807568E+00
  1.1640900E-04 -2.76968206010219964E+00
  1.1749016E-04 -2.76968206191946598E+00
  1.1858126E-04 -2.76968206377048975E+00
  1.1968239E-04 -2.76968206565588737E+00
  1.2079366E-04 -2.76968206757629876E+00
  1.2191515E-04 -2.76968206953236962E+00
  1.2304695E-04 -2.76968207152476698E+00
  1.2418917E-04 -2.76968207355416141E+00
  1.2534190E-04 -2.76968207562123592E+00
  1.2650523E-04 -2.76968207772668595E+00
  1.2767927E-04 -2.76968207987123494E+00
  1.2886410E-04 -2.76968208205560007E+00
  1.3005984E-04 -2.76968208428050833E+00
  1.3126658E-04 -2.76968208654672443E+00
  1.3248441E-04 -2.76968208885500600E+00
  1.3371345E-04 -2.76968209120613107E+00
  1.3495380E-04 -2.76968209360090389E+00
  1.3620556E-04 -2.76968209604013049E+00
  1.3746884E-04 -2.76968209852463154E+00
  1.3874373E-04 -2.76968210105523571E+00
  1.4003036E-04 -2.76968210363280587E+00
  1.4132882E-04 -2.76968210625822397E+00
  1.4263923E-04 -2.76968210893235600E+00
  1.4396169E-04 -2.76968211165610967E+00
  1.4529632E-04 -2.76968211443040557E+00
  1.4664323E-04 -2.76968211725618918E+00
  1.4800253E-04 -2.76968212013440196E+00
  1.4937433E-04 -2.76968212306601114E+00
  1.5075875E-04 -2.76968212605201280E+00
  1.5215591E-04 -2.76968212909341327E+00
  1.5356593E-04 -2.76968213219125170E+00
  1.5498891E-04 -2.76968213534655483E+00
  1.5642499E-04 -2.76968213856038847E+00
  1.5787428E-04 -2.76968214183384553E+00
  1.5933690E-04 -2.76968214516802336E+00
  1.6081297E-04 -2.76968214856404371E+00
  1.6230263E-04 -2.76968215202305990E+00
  1.6380599E-04 -2.76968215554623498E+00
  1.6532318E-04 -2.76968215913475424E+00
  1.6685433E-04 -2.76968216278983759E+00
  1.6839957E-04 -2.76968216651270227E+00
  1.6995902E-04 -2.76968217030461084E+00
  1.7153281E-04 -2.76968217416684626E+00
  1.7312109E-04 -2.76968217810069994E+00
  1.7472398E-04 -2.76968218210750905E+00
  1.7634161E-04 -2.76968218618860629E+00
  1.7797413E-04 -2.76968219034538965E+00
  1.7962166E-04 -2.76968219457925269E+00
  1.8128435E-04 -2.76968219889162270E+00
  1.8296234E-04 -2.76968220328394255E+00
  1.8465576E-04 -2.76968220775770302E+00
  1.8636477E-04 -2.76968221231441225E+00
  1.8808949E-04 -2.76968221695559613E+00
  1.8983008E-04 -2.76968222168283029E+00
  1.9158669E-04 -2.76968222649770013E+00
  1.9335946E-04 -2.76968223140182790E+00
  1.9514853E-04 -2.76968223639686695E+00
  1.9695406E-04 -2.76968224148450615E+00
  1.9877621E-04 -2.76968224666644680E+00
  2.0061512E-04 -2.76968225194444528E+00
  2.0247094E-04 -2.76968225732028461E+00
  2.0434384E-04 -2.76968226279576024E+00
  2.0623397E-04 -2.76968226837272269E+00
  2.0814148E-04 -2.76968227405305001E+00
  2.1006655E-04 -2.76968227983865445E+00
  2.1200932E-04 -2.76968228573148956E+00
  2.1396997E-04 -2.76968229173354219E+00
  2.1594866E-04 -2.76968229784682096E+00
  2.1794555E-04 -2.76968230407339133E+00
  2.1996081E-04 -2.76968231041534940E+00
  2.2199461E-04 -2.76968231687483790E+00
  2.2404712E-04 -2.76968232345403020E+00
  2.2611851E-04 -2.76968233015513787E+00
  2.2820896E-04 -2.76968233698041111E+00
  2.3031864E-04 -2.76968234393215962E+00
  2.3244773E-04 -2.76968235101270732E+00
  2.3459640E-04 -2.76968235822445719E+00
  2.3676485E-04 -2.76968236556982994E+00
  2.3895324E-04 -2.76968237305129827E+00
  2.4116176E-04 -2.76968238067137307E+00
  2.4339060E-04 -2.76968238843262426E+00
  2.4563995E-04 -2.76968239633766977E+00
  2.4790999E-04 -2.76968240438917146E+00
  2.5020092E-04 -2.76968241258983072E+00
  2.5251292E-04 -2.76968242094241246E+00
  2.5484619E-04 -2.76968242944972820E+00
  2.5720092E-04 -2.76968243811463877E+00
  2.5957732E-04 -2.76968244694005961E+00
  2.6197558E-04 -2.76968245592896878E+00
  2.6439591E-04 -2.76968246508438654E+00
  2.6683850E-04 -2.76968247440939130E+00
  2.6930356E-04 -2.76968248390712501E+00
  2.7179130E-04 -2.76968249358077045E+00
  2.7430192E-04 -2.76968250343360678E+00
  2.7683564E-04 -2.76968251346893535E+00
  2.7939268E-04 -2.76968252369012458E+00
  2.8197323E-04 -2.76968253410063525E+00
  2.8457753E-04 -2.76968254470394992E+00
  2.8720578E-04 -2.76968255550364173E+00
  2.8985822E-04 -2.76968256650334688E+00
  2.9253506E-04 -2.76968257770676507E+00
  2.9523652E-04 -2.76968258911766707E+00
  2.9796283E-04 -2.76968260073989070E+00
  3.0071423E-04 -2.76968261257734438E+00
  3.0349094E-04 -2.76968262463401027E+00
  3.0629319E-04 -2.76968263691394334E+00
  3.0912123E-04 -2.76968264942128739E+00
  3.1197528E-04 -2.76968266216022529E+00
  3.1485558E-04 -2.76968267513506028E+00
  3.1776239E-04 -2.76968268835014353E+00
  3.2069593E-04 -2.76968270180993414E+00
  3.2365647E-04 -2.76968271551895295E+00
  3.2664424E-04 -2.76968272948180694E+00
  3.2965950E-04 -2.76968274370319723E+00
  3.3270249E-04 -2.76968275818790133E+00
  3.3577349E-04 -2.76968277294079090E+00
  3.3887273E-04 -2.76968278796683887E+00
  3.4200049E-04 -2.76968280327108296E+00
  3.4515702E-04 -2.76968281885868350E+00
  3.4834259E-04 -2.76968283473487054E+00
  3.5155746E-04 -2.76968285090498156E+00
  3.5480191E-04 -2.76968286737446556E+00
  3.5807621E-04 -2.76968288414885366E+00
  3.6138064E-04 -2.76968290123378580E+00
  3.6471546E-04 -2.76968291863501159E+00
  3.6808096E-04 -2.76968293635837526E+00
  3.7147743E-04 -2.76968295440983159E+00
  3.7490514E-04 -2.76968297279546727E+00
  3.7836438E-04 -2.76968299152144892E+00
  3.8185545E-04 -2.76968301059408040E+00
  3.8537863E-04 -2.76968303001977079E+00
  3.8893423E-04 -2.76968304980504820E+00
  3.9252254E-04 -2.76968306995656599E+00
  3.9614386E-04 -2.76968309048110495E+00
  3.9979849E-04 -2.76968311138555245E+00
  4.0348675E-04 -2.76968313267694466E+00
  4.0720893E-04 -2.76968315436243451E+00
  4.1096536E-04 -2.76968317644930995E+00
  4.1475635E-04 -2.76968319894499970E+00
  4.1858222E-04 -2.76968322185707194E+00
  4.2244328E-04 -2.76968324519321785E+00
  4.2633986E-04 -2.76968326896128181E+00
  4.3027229E-04 -2.76968329316925699E+00
  4.3424090E-04 -2.76968331782527377E+00
  4.3824601E-04 -2.76968334293762375E+00
  4.4228797E-04 -2.76968336851475172E+00
  4.4636712E-04 -2.76968339456524415E+00
  4.5048380E-04 -2.76968342109786381E+00
  4.5463834E-04 -2.76968344812151379E+00
  4.5883111E-04 -2.76968347564529838E+00
  4.6306245E-04 -2.76968350367845240E+00
  4.6733272E-04 -2.76968353223040831E+00
  4.7164227E-04 -2.76968356131074733E+00
  4.7599147E-04 -2.76968359092924699E+00
  4.8038068E-04 -2.76968362109586197E+00
  4.8481027E-04 -2.76968365182072995E+00
  4.8928061E-04 -2.76968368311417290E+00
  4.9379207E-04 -2.76968371498670862E+00
  4.9834504E-04 -2.76968374744905477E+00
  5.0293990E-04 -2.76968378051210840E+00
  5.0757703E-04 -2.76968381418698417E+00
  5.1225682E-04 -2.76968384848499172E+00
  5.1697966E-04 -2.76968388341766314E+00
  5.2174595E-04 -2.76968391899673527E+00
  5.2655609E-04 -2.76968395523415722E+00
  5.3141048E-04 -2.76968399214210237E+00
  5.3630953E-04 -2.76968402973297234E+00
  5.4125364E-04 -2.76968406801940947E+00
  5.4624325E-04 -2.76968410701426482E+00
  5.5127876E-04 -2.76968414673064567E+00
  5.5636059E-04 -2.76968418718189202E+00
  5.6148917E-04 -2.76968422838159523E+00
  5.6666494E-04 -2.76968427034359488E+00
  5.7188832E-04 -2.76968431308199570E+00
  5.7715975E-04 -2.76968435661114798E+00
  5.8247968E-04 -2.76968440094567425E+00
  5.8784855E-04 -2.76968444610047193E+00
  5.9326682E-04 -2.76968449209070799E+00
  5.9873493E-04 -2.76968453893183675E+00
  6.0425334E-04 -2.76968458663959050E+00
  6.0982253E-04 -2.76968463522999420E+00
  6.1544294E-04 -2.76968468471937079E+00
  6.2111507E-04 -2.76968473512434743E+00
  6.2683937E-04 -2.76968478646184169E+00
  6.3261634E-04 -2.76968483874912064E+00
  6.3844646E-04 -2.76968489200372936E+00
  6.4433021E-04 -2.76968494624356509E+00
  6.5026809E-04 -2.76968500148683816E+00
  6.5626059E-04 -2.76968505775211549E+00
  6.6230823E-04 -2.76968511505828729E+00
  6.6841150E-04 -2.76968517342461151E+00
  6.7457092E-04 -2.76968523287068136E+00
  6.8078701E-04 -2.76968529341646441E+00
  6.8706028E-04 -2.76968535508231106E+00
  6.9339126E-04 -2.76968541788890521E+00
  6.9978049E-04 -2.76968548185736330E+00
  7.0622850E-04 -2.76968554700916325E+00
  7.1273582E-04 -2.76968561336618624E+00
  7.1930301E-04 -2.76968568095071621E+00
  7.2593062E-04 -2.76968574978545679E+00
  7.3261920E-04 -2.76968581989351925E+00
  7.3936932E-04 -2.76968589129845455E+00
  7.4618153E-04 -2.76968596402424261E+00
  7.5305641E-04 -2.76968603809530300E+00
  7.5999454E-04 -2.76968611353650740E+00
  7.6699650E-04 -2.76968619037320174E+00
  7.7406287E-04 -2.76968626863119072E+00
  7.8119426E-04 -2.76968634833674665E+00
  7.8839125E-04 -2.76968642951663702E+00
  7.9565445E-04 -2.76968651219812312E+00
  8.0298447E-04 -2.76968659640897386E+00
  8.1038192E-04 -2.76968668217745817E+00
  8.1784743E-04 -2.76968676953238369E+00
  8.2538162E-04 -2.76968685850309271E+00
  8.3298512E-04 -2.76968694911944491E+00
  8.4065857E-04 -2.76968704141188127E+00
  8.4840262E-04 -2.76968713541138944E+00
  8.5621791E-04 -2.76968723114953042E+00
  8.6410509E-04 -2.76968732865845402E+00
  8.7206484E-04 -2.76968742797089940E+00
  8.8009781E-04 -2.76968752912022032E+00
  8.8820469E-04 -2.76968763214037317E+00
  8.9638615E-04 -2.76968773706595650E+00
  9.0464287E-04 -2.76968784393218037E+00
  9.1297555E-04 -2.76968795277494806E+00
  9.2138489E-04 -2.76968806363080100E+00
  9.2987160E-04 -2.76968817653695609E+00
  9.3843638E-04 -2.76968829153132257E+00
  9.4707995E-04 -2.76968840865251531E+00
  9.5580304E-04 -2.76968852793984910E+00
  9.6460638E-04 -2.76968864943338300E+00
  9.7349072E-04 -2.76968877317390261E+00
  9.8245678E-04 -2.76968889920295025E+00
  9.9150533E-04 -2.76968902756285162E+00
  1.0006371E-03 -2.76968915829669093E+00
  1.0098529E-03 -2.76968929144835796E+00
  1.0191535E-03 -2.76968942706256360E+00
  1.0285397E-03 -2.76968956518483544E+00
  1.0380122E-03 -2.76968970586153862E+00
  1.0475718E-03 -2.76968984913990690E+00
  1.0572194E-03 -2.76968999506803959E+00
  1.0669557E-03 -2.76969014369493483E+00
  1.0767816E-03 -2.76969029507047493E+00
  1.0866980E-03 -2.76969044924549523E+00
  1.0967055E-03 -2.76969060627174679E+00
  1.1068051E-03 -2.76969076620193499E+00
  1.1169976E-03 -2.76969092908976222E+00
  1.1272839E-03 -2.76969109498990607E+00
  1.1376648E-03 -2.76969126395806242E+00
  1.1481412E-03 -2.76969143605095081E+00
  1.1587140E-03 -2.76969161132634367E+00
  1.1693841E-03 -2.76969178984307662E+00
  1.1801523E-03 -2.76969197166107639E+00
  1.1910196E-03 -2.76969215684138037E+00
  1.2019869E-03 -2.76969234544614951E+00
  1.2130551E-03 -2.76969253753870470E+00
  1.2242251E-03 -2.76969273318350195E+00
  1.2354978E-03 -2.76969293244623627E+00
  1.2468743E-03 -2.76969313539380391E+00
  1.2583554E-03 -2.76969334209430862E+00
  1.2699421E-03 -2.76969355261715044E+00
  1.2816354E-03 -2.76969376703298042E+00
  1.2934364E-03 -2.76969398541377565E+00
  1.3053458E-03 -2.76969420783284370E+00
  1.3173649E-03 -2.76969443436484308E+00
  1.3294945E-03 -2.76969466508580675E+00
  1.3417357E-03 -2.76969490007319008E+00
  1.3540895E-03 -2.76969513940585443E+00
  1.3665570E-03 -2.76969538316413821E+00
  1.3791391E-03 -2.76969563142986219E+00
  1.3918370E-03 -2.76969588428634195E+00
  1.4046518E-03 -2.76969614181847312E+00
  1.4175844E-03 -2.76969640411268525E+00
  1.4306360E-03 -2.76969667125700880E+00
  1.4438077E-03 -2.76969694334111871E+00
  1.4571005E-03 -2.76969722045632993E+00
  1.4705157E-03 -2.76969750269565695E+00
  1.4840542E-03 -2.76969779015383288E+00
  1.4977173E-03 -2.76969808292733477E+00
  1.5115061E-03 -2.76969838111442801E+00
  1.5254218E-03 -2.76969868481519121E+00
  1.5394654E-03 -2.76969899413156195E+00
  1.5536383E-03 -2.76969930916734697E+00
  1.5679416E-03 -2.76969963002827635E+00
  1.5823764E-03 -2.76969995682205239E+00
  1.5969441E-03 -2.76970028965834070E+00
  1.6116457E-03 -2.76970062864885724E+00
  1.6264826E-03 -2.76970097390736836E+00
  1.6414560E-03 -2.76970132554974446E+00
  1.6565672E-03 -2.76970168369400982E+00
  1.6718174E-03 -2.76970204846035273E+00
  1.6872078E-03 -2.76970241997119571E+00
  1.7027399E-03 -2.76970279835122390E+00
  1.7184149E-03 -2.76970318372742108E+00
  1.7342340E-03 -2.76970357622912333E+00
  1.7501987E-03 -2.76970397598805063E+00
  1.7663103E-03 -2.76970438313836453E+00
  1.7825700E-03 -2.76970479781671086E+00
  1.7989794E-03 -2.76970522016224363E+00
  1.8155397E-03 -2.76970565031670324E+00
  1.8322524E-03 -2.76970608842444665E+00
  1.8491188E-03 -2.76970653463250116E+00
  1.8661404E-03 -2.76970698909060253E+00
  1.8833186E-03 -2.76970745195126744E+00
  1.9006549E-03 -2.76970792336982807E+00
  1.9181506E-03 -2.76970840350447967E+00
  1.9358072E-03 -2.76970889251634045E+00
  1.9536264E-03 -2.76970939056951915E+00
  1.9716094E-03 -2.76970989783115673E+00
  1.9897579E-03 -2.76971041447147304E+00
  2.0080733E-03 -2.76971094066383827E+00
  2.0265572E-03 -2.76971147658482941E+00
  2.0452112E-03 -2.76971202241428660E+00
  2.0640368E-03 -2.76971257833537798E+00
  2.0830356E-03 -2.76971314453464945E+00
  2.1022092E-03 -2.76971372120209480E+00
  2.1215591E-03 -2.76971430853122103E+00
  2.1410871E-03 -2.76971490671912113E+00
  2.1607947E-03 -2.76971551596651988E+00
  2.1806836E-03 -2.76971613647785553E+00
  2.2007555E-03 -2.76971676846133796E+00
  2.2210121E-03 -2.76971741212904510E+00
  2.2414550E-03 -2.76971806769695794E+00
  2.2620860E-03 -2.76971873538504765E+00
  2.2829068E-03 -2.76971941541735900E+00
  2.3039191E-03 -2.76972010802208191E+00
  2.3251247E-03 -2.76972081343160470E+00
  2.3465254E-03 -2.76972153188263448E+00
  2.3681230E-03 -2.76972226361624285E+00
  2.3899193E-03 -2.76972300887794631E+00
  2.4119161E-03 -2.76972376791782349E+00
  2.4341153E-03 -2.76972454099054710E+00
  2.4565187E-03 -2.76972532835551855E+00
  2.4791282E-03 -2.76972613027692116E+00
  2.5019457E-03 -2.76972694702382727E+00
  2.5249731E-03 -2.76972777887028743E+00
  2.5482124E-03 -2.76972862609538817E+00
  2.5716655E-03 -2.76972948898342786E+00
  2.5953343E-03 -2.76973036782390647E+00
  2.6192209E-03 -2.76973126291169791E+00
  2.6433272E-03 -2.76973217454712151E+00
  2.6676553E-03 -2.76973310303604681E+00
  2.6922072E-03 -2.76973404868999662E+00
  2.7169850E-03 -2.76973501182627091E+00
  2.7419907E-03 -2.76973599276799787E+00
  2.7672264E-03 -2.76973699184429201E+00
  2.7926944E-03 -2.76973800939036474E+00
  2.8183966E-03 -2.76973904574760521E+00
  2.8443353E-03 -2.76974010126371573E+00
  2.8705126E-03 -2.76974117629283656E+00
  2.8969307E-03 -2.76974227119562721E+00
  2.9235919E-03 -2.76974338633943784E+00
  2.9504983E-03 -2.76974452209839761E+00
  2.9776523E-03 -2.76974567885354483E+00
  3.0050561E-03 -2.76974685699297174E+00
  3.0327120E-03 -2.76974805691192882E+00
  3.0606223E-03 -2.76974927901298207E+00
  3.0887894E-03 -2.76975052370613062E+00
  3.1172156E-03 -2.76975179140894978E+00
  3.1459034E-03 -2.76975308254673402E+00
  3.1748550E-03 -2.76975439755264841E+00
  3.2040730E-03 -2.76975573686783871E+00
  3.2335598E-03 -2.76975710094162419E+00
  3.2633179E-03 -2.76975849023162279E+00
  3.2933497E-03 -2.76975990520389326E+00
  3.3236578E-03 -2.76976134633312343E+00
  3.3542448E-03 -2.76976281410277858E+00
  3.3851131E-03 -2.76976430900523507E+00
  3.4162654E-03 -2.76976583154199396E+00
  3.4477043E-03 -2.76976738222380359E+00
  3.4794325E-03 -2.76976896157085895E+00
  3.5114525E-03 -2.76977057011295935E+00
  3.5437671E-03 -2.76977220838970917E+00
  3.5763790E-03 -2.76977387695066968E+00
  3.6092909E-03 -2.76977557635557314E+00
  3.6425056E-03 -2.76977730717447912E+00
  3.6760258E-03 -2.76977906998798584E+00
  3.7098545E-03 -2.76978086538741985E+00
  3.7439943E-03 -2.76978269397503540E+00
  3.7784482E-03 -2.76978455636421961E+00
  3.8132191E-03 -2.76978645317968430E+00
  3.8483099E-03 -2.76978838505768410E+00
  3.8837235E-03 -2.76979035264624152E+00
  3.9194629E-03 -2.76979235660534284E+00
  3.9555310E-03 -2.76979439760717439E+00
  3.9919310E-03 -2.76979647633633697E+00
  4.0286659E-03 -2.76979859349008928E+00
  4.0657387E-03 -2.76980074977856017E+00
  4.1031526E-03 -2.76980294592501064E+00
  4.1409107E-03 -2.76980518266606301E+00
  4.1790161E-03 -2.76980746075193807E+00
  4.2174721E-03 -2.76980978094673702E+00
  4.2562819E-03 -2.76981214402866494E+00
  4.2954487E-03 -2.76981455079030248E+00
  4.3349759E-03 -2.76981700203888570E+00
  4.3748667E-03 -2.76981949859654941E+00
  4.4151244E-03 -2.76982204130063314E+00
  4.4557526E-03 -2.76982463100393961E+00
  4.4967545E-03 -2.76982726857503225E+00
  4.5381336E-03 -2.76982995489850525E+00
  4.5798933E-03 -2.76983269087530770E+00
  4.6220373E-03 -2.76983547742303093E+00
  4.6645690E-03 -2.76983831547621939E+00
  4.7074919E-03 -2.76984120598668104E+00
  4.7508097E-03 -2.76984414992379557E+00
  4.7945261E-03 -2.76984714827486878E+00
  4.8386446E-03 -2.76985020204543675E+00
  4.8831690E-03 -2.76985331225961140E+00
  4.9281030E-03 -2.76985647996042994E+00
  4.9734504E-03 -2.76985970621018174E+00
  5.0192150E-03 -2.76986299209078313E+00
  5.0654006E-03 -2.76986633870415266E+00
  5.1120110E-03 -2.76986974717253753E+00
  5.1590503E-03 -2.76987321863893232E+00
  5.2065224E-03 -2.76987675426743607E+00
  5.2544311E-03 -2.76988035524366571E+00
  5.3027807E-03 -2.76988402277511048E+00
  5.3515750E-03 -2.76988775809158394E+00
  5.4008182E-03 -2.76989156244561796E+00
  5.4505144E-03 -2.76989543711284014E+00
  5.5006679E-03 -2.76989938339250186E+00
  5.5512827E-03 -2.76990340260779533E+00
  5.6023631E-03 -2.76990749610638121E+00
  5.6539135E-03 -2.76991166526079313E+00
  5.7059382E-03 -2.76991591146892491E+00
  5.7584414E-03 -2.76992023615448479E+00
  5.8114277E-03 -2.76992464076747291E+00
  5.8649014E-03 -2.76992912678466574E+00
  5.9188671E-03 -2.76993369571011305E+00
  5.9733292E-03 -2.76993834907564596E+00
  6.0282924E-03 -2.76994308844137027E+00
  6.0837612E-03 -2.76994791539621676E+00
  6.1397404E-03 -2.76995283155844829E+00
  6.1962345E-03 -2.76995783857620737E+00
  6.2532483E-03 -2.76996293812808370E+00
  6.3107867E-03 -2.76996813192364844E+00
  6.3688544E-03 -2.76997342170404215E+00
  6.4274563E-03 -2.76997880924256057E+00
  6.4865973E-03 -2.76998429634522925E+00
  6.5462824E-03 -2.76998988485143771E+00
  6.6065166E-03 -2.76999557663451546E+00
  6.6673049E-03 -2.77000137360239629E+00
  6.7286524E-03 -2.77000727769822275E+00
  6.7905644E-03 -2.77001329090103621E+00
  6.8530459E-03 -2.77001941522639106E+00
  6.9161022E-03 -2.77002565272705414E+00
  6.9797386E-03 -2.77003200549368866E+00
  7.0439605E-03 -2.77003847565556827E+00
  7.1087732E-03 -2.77004506538125206E+00
  7.1741821E-03 -2.77005177687933424E+00
  7.2401928E-03 -2.77005861239918261E+00
  7.3068108E-03 -2.77006557423168820E+00
  7.3740416E-03 -2.77007266471000912E+00
  7.4418910E-03 -2.77007988621037082E+00
  7.5103645E-03 -2.77008724115287919E+00
  7.5794680E-03 -2.77009473200228751E+00
  7.6492072E-03 -2.77010236126883713E+00
  7.7195880E-03 -2.77011013150910612E+00
  7.7906162E-03 -2.77011804532685169E+00
  7.8622979E-03 -2.77012610537386506E+00
  7.9346391E-03 -2.77013431435089519E+00
  8.0076458E-03 -2.77014267500852185E+00
  8.0813241E-03 -2.77015119014806377E+00
  8.1556802E-03 -2.77015986262255653E+00
  8.2307204E-03 -2.77016869533764121E+00
  8.3064510E-03 -2.77017769125261371E+00
  8.3828782E-03 -2.77018685338134096E+00
  8.4600086E-03 -2.77019618479328633E+00
  8.5378485E-03 -2.77020568861456429E+00
  8.6164045E-03 -2.77021536802895696E+00
  8.6956833E-03 -2.77022522627896084E+00
  8.7756913E-03 -2.77023526666690767E+00
  8.8564354E-03 -2.77024549255601649E+00
  8.9379224E-03 -2.77025590737158556E+00
  9.0201590E-03 -2.77026651460204043E+00
  9.1031522E-03 -2.77027731780017739E+00
  9.1869088E-03 -2.77028832058430563E+00
  9.2714360E-03 -2.77029952663948542E+00
  9.3567409E-03 -2.77031093971870401E+00
  9.4428305E-03 -2.77032256364417595E+00
  9.5297121E-03 -2.77033440230859407E+00
  9.6173930E-03 -2.77034645967642623E+00
  9.7058805E-03 -2.77035873978524139E+00
  9.7951821E-03 -2.77037124674703605E+00
  9.8853053E-03 -2.77038398474963987E+00
  9.9762576E-03 -2.77039695805807717E+00
  1.0068047E-02 -2.77041017101599918E+00
  1.0160680E-02 -2.77042362804712061E+00
  1.0254166E-02 -2.77043733365671230E+00
  1.0348511E-02 -2.77045129243305954E+00
  1.0443725E-02 -2.77046550904904487E+00
  1.0539814E-02 -2.77047998826365260E+00
  1.0636788E-02 -2.77049473492357379E+00
  1.0734654E-02 -2.77050975396482713E+00
  1.0833420E-02 -2.77052505041435548E+00
  1.0933094E-02 -2.77054062939176582E+00
  1.1033686E-02 -2.77055649611095367E+00
  1.1135203E-02 -2.77057265588190971E+00
  1.1237654E-02 -2.77058911411240283E+00
  1.1341048E-02 -2.77060587630988131E+00
  1.1445392E-02 -2.77062294808320342E+00
  1.1550697E-02 -2.77064033514452923E+00
  1.1656970E-02 -2.77065804331123733E+00
  1.1764221E-02 -2.77067607850784547E+00
  1.1872459E-02 -2.77069444676796417E+00
  1.1981693E-02 -2.77071315423631015E+00
  1.2091931E-02 -2.77073220717074609E+00
  1.2203184E-02 -2.77075161194435093E+00
  1.2315460E-02 -2.77077137504751159E+00
  1.2428769E-02 -2.77079150309012556E+00
  1.2543120E-02 -2.77081200280372819E+00
  1.2658524E-02 -2.77083288104378056E+00
  1.2774989E-02 -2.77085414479190284E+00
  1.2892525E-02 -2.77087580115818710E+00
  1.3011143E-02 -2.77089785738357364E+00
  1.3130852E-02 -2.77092032084223616E+00
  1.3251662E-02 -2.77094319904400788E+00
  1.3373584E-02 -2.77096649963688302E+00
  1.3496628E-02 -2.77099023040954018E+00
  1.3620803E-02 -2.77101439929392379E+00
  1.3746121E-02 -2.77103901436785094E+00
  1.3872592E-02 -2.77106408385769321E+00
  1.4000226E-02 -2.77108961614109361E+00
  1.4129034E-02 -2.77111561974971865E+00
  1.4259028E-02 -2.77114210337210043E+00
  1.4390217E-02 -2.77116907585647620E+00
  1.4522613E-02 -2.77119654621371936E+00
  1.4656227E-02 -2.77122452362033256E+00
  1.4791071E-02 -2.77125301742143071E+00
  1.4927155E-02 -2.77128203713385668E+00
  1.5064490E-02 -2.77131159244931435E+00
  1.5203090E-02 -2.77134169323753721E+00
  1.5342964E-02 -2.77137234954954970E+00
  1.5484125E-02 -2.77140357162099038E+00
  1.5626585E-02 -2.77143536987547767E+00
  1.5770356E-02 -2.77146775492801600E+00
  1.5915449E-02 -2.77150073758849080E+00
  1.6061877E-02 -2.77153432886525941E+00
  1.6209652E-02 -2.77156853996871044E+00
  1.6358786E-02 -2.77160338231499948E+00
  1.6509292E-02 -2.77163886752974520E+00
  1.6661184E-02 -2.77167500745190409E+00
  1.6814472E-02 -2.77171181413760248E+00
  1.6969171E-02 -2.77174929986410845E+00
  1.7125292E-02 -2.77178747713386242E+00
  1.7282851E-02 -2.77182635867857607E+00
  1.7441858E-02 -2.77186595746337971E+00
  1.7602329E-02 -2.77190628669108818E+00
  1.7764275E-02 -2.77194735980650853E+00
  1.7927712E-02 -2.77198919050083381E+00
  1.8092652E-02 -2.77203179271614131E+00
  1.8259110E-02 -2.77207518064991465E+00
  1.8427099E-02 -2.77211936875970633E+00
  1.8596633E-02 -2.77216437176784503E+00
  1.8767727E-02 -2.77221020466623136E+00
  1.8940395E-02 -2.77225688272124060E+00
  1.9114652E-02 -2.77230442147869915E+00
  1.9290511E-02 -2.77235283676892053E+00
  1.9467989E-02 -2.77240214471188651E+00
  1.9647099E-02 -2.77245236172248610E+00
  1.9827857E-02 -2.77250350451583305E+00
  2.0010278E-02 -2.77255559011273034E+00
  2.0194377E-02 -2.77260863584516803E+00
  2.0380170E-02 -2.77266265936194856E+00
  2.0567672E-02 -2.77271767863443763E+00
  2.0756899E-02 -2.77277371196236411E+00
  2.0947867E-02 -2.77283077797976452E+00
  2.1140592E-02 -2.77288889566099295E+00
  2.1335089E-02 -2.77294808432687967E+00
  2.1531376E-02 -2.77300836365097236E+00
  2.1729469E-02 -2.77306975366587993E+00
  2.1929385E-02 -2.77313227476976287E+00
  2.2131139E-02 -2.77319594773287514E+00
  2.2334750E-02 -2.77326079370428902E+00
  2.2540233E-02 -2.77332683421870652E+00
  2.2747607E-02 -2.77339409120337477E+00
  2.2956889E-02 -2.77346258698514259E+00
  2.3168096E-02 -2.77353234429763562E+00
  2.3381246E-02 -2.77360338628855496E+00
  2.3596358E-02 -2.77367573652711163E+00
  2.3813448E-02 -2.77374941901156236E+00
  2.4032535E-02 -2.77382445817690915E+00
  2.4253638E-02 -2.77390087890269665E+00
  2.4476775E-02 -2.77397870652099110E+00
  2.4701964E-02 -2.77405796682445471E+00
  2.4929226E-02 -2.77413868607458625E+00
  2.5158578E-02 -2.77422089101007874E+00
  2.5390040E-02 -2.77430460885532604E+00
  2.5623631E-02 -2.77438986732912030E+00
  2.5859372E-02 -2.77447669465340052E+00
  2.6097281E-02 -2.77456511956230267E+00
  2.6337379E-02 -2.77465517131115957E+00
  2.6579686E-02 -2.77474687968585743E+00
  2.6824222E-02 -2.77484027501222963E+00
  2.7071007E-02 -2.77493538816562291E+00
  2.7320063E-02 -2.77503225058067216E+00
  2.7571410E-02 -2.77513089426121207E+00
  2.7825070E-02 -2.77523135179033931E+00
  2.8081063E-02 -2.77533365634067231E+00
  2.8339411E-02 -2.77543784168477403E+00
  2.8600136E-02 -2.77554394220574130E+00
  2.8863259E-02 -2.77565199290798459E+00
  2.9128803E-02 -2.77576202942820904E+00
  2.9396790E-02 -2.77587408804650160E+00
  2.9667243E-02 -2.77598820569768812E+00
  2.9940183E-02 -2.77610441998284019E+00
  3.0215635E-02 -2.77622276918096933E+00
  3.0493620E-02 -2.77634329226092325E+00
  3.0774163E-02 -2.77646602889349170E+00
  3.1057287E-02 -2.77659101946367981E+00
  3.1343016E-02 -2.77671830508321626E+00
  3.1631373E-02 -2.77684792760323207E+00
  3.1922383E-02 -2.77697992962718887E+00
  3.2216070E-02 -2.77711435452397426E+00
  3.2512459E-02 -2.77725124644123733E+00
  3.2811575E-02 -2.77739065031893784E+00
  3.3113442E-02 -2.77753261190309386E+00
  3.3418087E-02 -2.77767717775978840E+00
  3.3725534E-02 -2.77782439528934022E+00
  3.4035810E-02 -2.77797431274080386E+00
  3.4348940E-02 -2.77812697922656948E+00
  3.4664951E-02 -2.77828244473728736E+00
  3.4983869E-02 -2.77844076015703356E+00
  3.5305721E-02 -2.77860197727862968E+00
  3.5630534E-02 -2.77876614881930895E+00
  3.5958335E-02 -2.77893332843655205E+00
  3.6289152E-02 -2.77910357074419290E+00
  3.6623012E-02 -2.77927693132880815E+00
  3.6959944E-02 -2.77945346676628313E+00
  3.7299975E-02 -2.77963323463873380E+00
  3.7643135E-02 -2.77981629355160420E+00
  3.7989451E-02 -2.78000270315105835E+00
  3.8338954E-02 -2.78019252414165674E+00
  3.8691672E-02 -2.78038581830425136E+00
  3.9047635E-02 -2.78058264851421022E+00
  3.9406872E-02 -2.78078307875987241E+00
  3.9769414E-02 -2.78098717416128638E+00
  4.0135292E-02 -2.78119500098925077E+00
  4.0504536E-02 -2.78140662668459493E+00
  4.0877176E-02 -2.78162211987779173E+00
  4.1253245E-02 -2.78184155040879899E+00
  4.1632774E-02 -2.78206498934728019E+00
  4.2015794E-02 -2.78229250901299263E+00
  4.2402338E-02 -2.78252418299659032E+00
  4.2792437E-02 -2.78276008618064985E+00
  4.3186126E-02 -2.78300029476099686E+00
  4.3583436E-02 -2.78324488626837008E+00
  4.3984402E-02 -2.78349393959042679E+00
  4.4389057E-02 -2.78374753499384253E+00
  4.4797434E-02 -2.78400575414704932E+00
  4.5209568E-02 -2.78426868014297035E+00
  4.5625493E-02 -2.78453639752226945E+00
  4.6045245E-02 -2.78480899229682333E+00
  4.6468859E-02 -2.78508655197352040E+00
  4.6896370E-02 -2.78536916557838810E+00
  4.7327813E-02 -2.78565692368101514E+00
  4.7763226E-02 -2.78594991841931394E+00
  4.8202645E-02 -2.78624824352458367E+00
  4.8646106E-02 -2.78655199434690504E+00
  4.9093646E-02 -2.78686126788086153E+00
  4.9545304E-02 -2.78717616279153813E+00
  5.0001118E-02 -2.78749677944086116E+00
  5.0461124E-02 -2.78782321991432802E+00
  5.0925362E-02 -2.78815558804792607E+00
  5.1393872E-02 -2.78849398945546545E+00
  5.1866691E-02 -2.78883853155621608E+00
  5.2343860E-02 -2.78918932360282268E+00
  5.2825419E-02 -2.78954647670959499E+00
  5.3311409E-02 -2.78991010388106364E+00
  5.3801869E-02 -2.79028032004085347E+00
  5.4296841E-02 -2.79065724206091259E+00
  5.4796367E-02 -2.79104098879100304E+00
  5.5300489E-02 -2.79143168108852002E+00
  5.5809248E-02 -2.79182944184857806E+00
  5.6322688E-02 -2.79223439603449286E+00
  5.6840851E-02 -2.79264667070840922E+00
  5.7363781E-02 -2.79306639506237042E+00
  5.7891522E-02 -2.79349370044959144E+00
  5.8424118E-02 -2.79392872041598839E+00
  5.8961614E-02 -2.79437159073208718E+00
  5.9504054E-02 -2.79482244942509883E+00
  6.0051485E-02 -2.79528143681130814E+00
  6.0603952E-02 -2.79574869552871830E+00
  6.1161502E-02 -2.79622437056992679E+00
  6.1724180E-02 -2.79670860931525400E+00
  6.2292036E-02 -2.79720156156609479E+00
  6.2865115E-02 -2.79770337957849025E+00
  6.3443467E-02 -2.79821421809694160E+00
  6.4027139E-02 -2.79873423438835633E+00
  6.4616181E-02 -2.79926358827625688E+00
  6.5210642E-02 -2.79980244217513485E+00
  6.5810572E-02 -2.80035096112495774E+00
  6.6416021E-02 -2.80090931282581757E+00
  6.7027040E-02 -2.80147766767277062E+00
  6.7643680E-02 -2.80205619879073620E+00
  6.8265994E-02 -2.80264508206949481E+00
  6.8894032E-02 -2.80324449619881833E+00
  6.9527848E-02 -2.80385462270363561E+00
  7.0167495E-02 -2.80447564597922394E+00
  7.0813026E-02 -2.80510775332649587E+00
  7.1464496E-02 -2.80575113498716222E+00
  7.2121960E-02 -2.80640598417902609E+00
  7.2785472E-02 -2.80707249713111562E+00
  7.3455088E-02 -2.80775087311877547E+00
  7.4130865E-02 -2.80844131449870149E+00
  7.4812858E-02 -2.80914402674379282E+00
  7.5501126E-02 -2.80985921847787212E+00
  7.6195725E-02 -2.81058710151020552E+00
  7.6896715E-02 -2.81132789086982982E+00
  7.7604153E-02 -2.81208180483957060E+00
  7.8318100E-02 -2.81284906498983345E+00
  7.9038615E-02 -2.81362989621196835E+00
  7.9765758E-02 -2.81442452675137833E+00
  8.0499591E-02 -2.81523318824010227E+00
  8.1240175E-02 -2.81605611572903181E+00
  8.1987572E-02 -2.81689354771954514E+00
  8.2741845E-02 -2.81774572619466124E+00
  8.3503057E-02 -2.81861289664949588E+00
  8.4271272E-02 -2.81949530812117466E+00
  8.5046554E-02 -2.82039321321795189E+00
  8.5828969E-02 -2.82130686814756615E+00
  8.6618581E-02 -2.82223653274481112E+00
  8.7415458E-02 -2.82318247049815074E+00
  8.8219666E-02 -2.82414494857544351E+00
  8.9031272E-02 -2.82512423784858147E+00
  8.9850345E-02 -2.82612061291702332E+00
  9.0676954E-02 -2.82713435213023034E+00
  9.1511166E-02 -2.82816573760877565E+00
  9.2353054E-02 -2.82921505526409822E+00
  9.3202686E-02 -2.83028259481693700E+00
  9.4060135E-02 -2.83136864981414504E+00
  9.4925472E-02 -2.83247351764399280E+00
  9.5798770E-02 -2.83359749954970486E+00
  9.6680102E-02 -2.83474090064124251E+00
  9.7569542E-02 -2.83590402990516788E+00
  9.8467165E-02 -2.83708720021248428E+00
  9.9373045E-02 -2.83829072832440321E+00
  1.0028726E-01 -2.83951493489578599E+00
  1.0120988E-01 -2.84076014447630731E+00
  1.0214100E-01 -2.84202668550908921E+00
  1.0308068E-01 -2.84331489032668605E+00
  1.0402900E-01 -2.84462509514436013E+00
  1.0498605E-01 -2.84595764005042051E+00
  1.0595190E-01 -2.84731286899350522E+00
  1.0692664E-01 -2.84869112976668726E+00
  1.0791034E-01 -2.85009277398819449E+00
  1.0890310E-01 -2.85151815707855727E+00
  1.0990499E-01 -2.85296763823413713E+00
  1.1091609E-01 -2.85444158039667650E+00
  1.1193650E-01 -2.85594035021880366E+00
  1.1296629E-01 -2.85746431802536538E+00
  1.1400556E-01 -2.85901385777006745E+00
  1.1505439E-01 -2.86058934698769596E+00
  1.1611287E-01 -2.86219116674126228E+00
  1.1718109E-01 -2.86381970156412891E+00
  1.1825913E-01 -2.86547533939671206E+00
  1.1934709E-01 -2.86715847151766967E+00
  1.2044506E-01 -2.86886949246918732E+00
  1.2155313E-01 -2.87060879997620733E+00
  1.2267140E-01 -2.87237679485926645E+00
  1.2379995E-01 -2.87417388094066695E+00
  1.2493888E-01 -2.87600046494380468E+00
  1.2608830E-01 -2.87785695638514127E+00
  1.2724828E-01 -2.87974376745874272E+00
  1.2841894E-01 -2.88166131291289318E+00
  1.2960037E-01 -2.88361000991857797E+00
  1.3079267E-01 -2.88559027792939204E+00
  1.3199594E-01 -2.88760253853257831E+00
  1.3321027E-01 -2.88964721529080615E+00
  1.3443578E-01 -2.89172473357438431E+00
  1.3567256E-01 -2.89383552038337655E+00
  1.3692072E-01 -2.89598000415936507E+00
  1.3818036E-01 -2.89815861458632629E+00
  1.3945159E-01 -2.90037178238027815E+00
  1.4073452E-01 -2.90261993906720228E+00
  1.4202925E-01 -2.90490351674877667E+00
  1.4333589E-01 -2.90722294785552116E+00
  1.4465455E-01 -2.90957866488673966E+00
  1.4598534E-01 -2.91197110013685867E+00
  1.4732837E-01 -2.91440068540763297E+00
  1.4868376E-01 -2.91686785170558638E+00
  1.5005162E-01 -2.91937302892427386E+00
  1.5143207E-01 -2.92191664551069774E+00
  1.5282521E-01 -2.92449912811528012E+00
  1.5423117E-01 -2.92712090122488267E+00
  1.5565006E-01 -2.92978238677814939E+00
  1.5708201E-01 -2.93248400376256457E+00
  1.5852713E-01 -2.93522616779261458E+00
  1.5998554E-01 -2.93800929066825534E+00
  1.6145738E-01 -2.94083377991314254E+00
  1.6294275E-01 -2.94370003829174598E+00
  1.6444179E-01 -2.94660846330472692E+00
  1.6595462E-01 -2.94955944666175141E+00
  1.6748136E-01 -2.95255337373099191E+00
  1.6902215E-01 -2.95559062296450747E+00
  1.7057712E-01 -2.95867156529868680E+00
  1.7214639E-01 -2.96179656352881482E+00
  1.7373010E-01 -2.96496597165712084E+00
  1.7532838E-01 -2.96818013421313687E+00
  1.7694136E-01 -2.97143938554571418E+00
  1.7856918E-01 -2.97474404908553725E+00
  1.8021198E-01 -2.97809443657738804E+00
  1.8186989E-01 -2.98149084728099290E+00
  1.8354305E-01 -2.98493356713960756E+00
  1.8523161E-01 -2.98842286791523915E+00
  1.8693570E-01 -2.99195900628943257E+00
  1.8865546E-01 -2.99554222292861638E+00
  1.9039105E-01 -2.99917274151292812E+00
  1.9214261E-01 -3.00285076772728976E+00
  1.9391027E-01 -3.00657648821375689E+00
  1.9569420E-01 -3.01035006948385631E+00
  1.9749455E-01 -3.01417165678981336E+00
  1.9931145E-01 -3.01804137295348562E+00
  2.0114507E-01 -3.02195931715161770E+00
  2.0299556E-01 -3.02592556365645660E+00
  2.0486307E-01 -3.02994016053021875E+00
  2.0674776E-01 -3.03400312827230323E+00
  2.0864980E-01 -3.03811445841785721E+00
  2.1056933E-01 -3.04227411208644849E+00
  2.1250652E-01 -3.04648201847945810E+00
  2.1446153E-01 -3.05073807332498381E+00
  2.1643452E-01 -3.05504213726871621E+00
  2.1842567E-01 -3.05939403420967171E+00
  2.2043513E-01 -3.06379354957914174E+00
  2.2246309E-01 -3.06824042856176371E+00
  2.2450969E-01 -3.07273437425707741E+00
  2.2657513E-01 -3.07727504578043254E+00
  2.2865957E-01 -3.08186205630163679E+00
  2.3076318E-01 -3.08649497102015768E+00
  2.3288615E-01 -3.09117330507541066E+00
  2.3502865E-01 -3.09589652139075389E+00
  2.3719086E-01 -3.10066402844991718E+00
  2.3937295E-01 -3.10547517800448114E+00
  2.4157513E-01 -3.11032926271109345E+00
  2.4379756E-01 -3.11522551369713607E+00
  2.4604044E-01 -3.12016309805362502E+00
  2.4830396E-01 -3.12514111625401991E+00
  2.5058829E-01 -3.13015859949786091E+00
  2.5289364E-01 -3.13521450697802972E+00
  2.5522021E-01 -3.14030772307051942E+00
  2.5756817E-01 -3.14543705444575128E+00
  2.5993774E-01 -3.15060122710038115E+00
  2.6232910E-01 -3.15579888330876601E+00
  2.6474246E-01 -3.16102857849316221E+00
  2.6717803E-01 -3.16628877801205189E+00
  2.6963600E-01 -3.17157785386585500E+00
  2.7211659E-01 -3.17689408131946882E+00
  2.7462000E-01 -3.18223563544126042E+00
  2.7714643E-01 -3.18760058755825915E+00
  2.7969611E-01 -3.19298690162718657E+00
  2.8226925E-01 -3.19839243052154165E+00
  2.8486606E-01 -3.20381491223464687E+00
  2.8748676E-01 -3.20925196599914830E+00
  2.9013156E-01 -3.21470108832331691E+00
  2.9280070E-01 -3.22015964894487805E+00
  2.9549440E-01 -3.22562488670333414E+00
  2.9821287E-01 -3.23109390533175622E+00
  3.0095636E-01 -3.23656366916956362E+00
  3.0372508E-01 -3.24203099879782020E+00
  3.0651928E-01 -3.24749256659899377E+00
  3.0933918E-01 -3.25294489224335148E+00
  3.1218503E-01 -3.25838433810459183E+00
  3.1505705E-01 -3.26380710460744661E+00
  3.1795550E-01 -3.26920922551055959E+00
  3.2088061E-01 -3.27458656312824248E+00
  3.2383263E-01 -3.27993480349504507E+00
  3.2681181E-01 -3.28524945147761915E+00
  3.2981840E-01 -3.29052582583873932E+00
  3.3285264E-01 -3.29575905425886884E+00
  3.3591481E-01 -3.30094406832104292E+00
  3.3900514E-01 -3.30607559846563248E+00
  3.4212390E-01 -3.31114816892176389E+00
  3.4527135E-01 -3.31615609262304512E+00
  3.4844776E-01 -3.32109346611579825E+00
  3.5165340E-01 -3.32595416446854486E+00
  3.5488852E-01 -3.33073183619229862E+00
  3.5815340E-01 -3.33541989818187457E+00
  3.6144833E-01 -3.34001153068923085E+00
  3.6477356E-01 -3.34449967234056977E+00
  3.6812938E-01 -3.34887701520982928E+00
  3.7151608E-01 -3.35313599996197942E+00
  3.7493394E-01 -3.35726881108048447E+00
  3.7838323E-01 -3.36126737219423743E+00
  3.8186426E-01 -3.36512334152015136E+00
  3.8537732E-01 -3.36882810743872385E+00
  3.8892269E-01 -3.37237278422084952E+00
  3.9250068E-01 -3.37574820792526564E+00
  3.9611159E-01 -3.37894493248716588E+00
  3.9975571E-01 -3.38195322601958681E+00
  4.0343336E-01 -3.38476306735053090E+00
  4.0714485E-01 -3.38736414281980514E+00
  4.1089048E-01 -3.38974584336104323E+00
  4.1467056E-01 -3.39189726189558005E+00
  4.1848543E-01 -3.39380719106606277E+00
  4.2233539E-01 -3.39546412133936926E+00
  4.2622076E-01 -3.39685623950944215E+00
  4.3014189E-01 -3.39797142763238869E+00
  4.3409908E-01 -3.39879726242735236E+00
  4.3809268E-01 -3.39932101517845542E+00
  4.4212302E-01 -3.39952965217430902E+00
  4.4619044E-01 -3.39940983572330691E+00
  4.5029528E-01 -3.39894792578430849E+00
  4.5443788E-01 -3.39812998225395901E+00
  4.5861859E-01 -3.39694176795323832E+00
  4.6283776E-01 -3.39536875235766145E+00
  4.6709575E-01 -3.39339611611667857E+00
  4.7139291E-01 -3.39100875640964361E+00
  4.7572960E-01 -3.38819129318702750E+00
  4.8010619E-01 -3.38492807634697757E+00
  4.8452304E-01 -3.38120319389885626E+00
  4.8898053E-01 -3.37700048116652152E+00
  4.9347902E-01 -3.37230353108564662E+00
  4.9801890E-01 -3.36709570565030081E+00
  5.0260055E-01 -3.36136014856537280E+00
  5.0722434E-01 -3.35507979916234911E+00
  5.1189067E-01 -3.34823740763678579E+00
  5.1659994E-01 -3.34081555166677768E+00
  5.2135252E-01 -3.33279665447222140E+00
  5.2614883E-01 -3.32416300437522239E+00
  5.3098926E-01 -3.31489677592230736E+00
  5.3587422E-01 -3.30498005262918415E+00
  5.4080413E-01 -3.29439485140878441E+00
  5.4577938E-01 -3.28312314874286981E+00
  5.5080041E-01 -3.27114690865709479E+00
  5.5586763E-01 -3.25844811255832356E+00
  5.6098147E-01 -3.24500879099214279E+00
  5.6614235E-01 -3.23081105737680074E+00
  5.7135071E-01 -3.21583714376811924E+00
  5.7660699E-01 -3.20006943870780258E+00
  5.8191162E-01 -3.18349052720481263E+00
  5.8726505E-01 -3.16608323289677251E+00
  5.9266774E-01 -3.14783066243458665E+00
  5.9812012E-01 -3.12871625212992788E+00
  6.0362267E-01 -3.10872381690055288E+00
  6.0917584E-01 -3.08783760154358200E+00
  6.1478010E-01 -3.06604233436143225E+00
  6.2043591E-01 -3.04332328315890477E+00
  6.2614376E-01 -3.01966631362336102E+00
  6.3190412E-01 -2.99505795009243636E+00
  6.3771747E-01 -2.96948543870590864E+00
  6.4358430E-01 -2.94293681292940512E+00
  6.4950511E-01 -2.91540096142843952E+00
  6.5548038E-01 -2.88686769826085543E+00
  6.6151063E-01 -2.85732783534483881E+00
  6.6759635E-01 -2.82677325714791561E+00
  6.7373806E-01 -2.79519699752957873E+00
  6.7993627E-01 -2.76259331865670443E+00
  6.8619151E-01 -2.72895779189649357E+00
  6.9250429E-01 -2.69428738057634343E+00
  6.9887514E-01 -2.65858052448353721E+00
  7.0530461E-01 -2.62183722596056334E+00
  7.1179322E-01 -2.58405913743327753E+00
  7.1834153E-01 -2.54524965018984783E+00
  7.2495008E-01 -2.50541398420777073E+00
  7.3161943E-01 -2.46455927880470549E+00
  7.3835013E-01 -2.42269468386579989E+00
  7.4514276E-01 -2.37983145137643604E+00
  7.5199787E-01 -2.33598302696340010E+00
  7.5891605E-01 -2.29116514112127900E+00
  7.6589788E-01 -2.24539589977234266E+00
  7.7294393E-01 -2.19869587377861375E+00
  7.8005481E-01 -2.15108818699360871E+00
  7.8723111E-01 -2.10259860240812868E+00
  7.9447342E-01 -2.05325560590987166E+00
  8.0178237E-01 -2.00309048713975413E+00
  8.0915855E-01 -1.95213741688925402E+00
  8.1660259E-01 -1.90043352044179392E+00
  8.2411512E-01 -1.84801894621818730E+00
  8.3169676E-01 -1.79493692903964197E+00
  8.3934814E-01 -1.74123384727343322E+00
  8.4706992E-01 -1.68695927307437099E+00
  8.5486274E-01 -1.63216601488014557E+00
  8.6272724E-01 -1.57691015126016221E+00
  8.7066410E-01 -1.52125105515520853E+00
  8.7867398E-01 -1.46525140747929372E+00
  8.8675754E-01 -1.40897719898458429E+00
  8.9491548E-01 -1.35249771921597550E+00
  9.0314846E-01 -1.29588553130253725E+00
  9.1145718E-01 -1.23921643125018099E+00
  9.1984234E-01 -1.18256939031102926E+00
  9.2830464E-01 -1.12602647891349772E+00
  9.3684480E-01 -1.06967277054024001E+00
  9.4546352E-01 -1.01359622384130632E+00
  9.5416153E-01 -9.57887541167292023E-01
  9.6293955E-01 -9.02640001602541320E-01
  9.7179834E-01 -8.47949266473838503E-01
  9.8073862E-01 -7.93913155206488197E-01
  9.8976115E-01 -7.40631389300330123E-01
  9.9886669E-01 -6.88205302105680206E-01
  1.0080560E+00 -6.36737511997044425E-01
  1.0173298E+00 -5.86331556476382132E-01
  1.0266890E+00 -5.37091484691263665E-01
  1.0361343E+00 -4.89121405836094425E-01
  1.0456664E+00 -4.42524990922053940E-01
  1.0552863E+00 -3.97404925464965975E-01
  1.0649946E+00 -3.53862310760651555E-01
  1.0747923E+00 -3.11996011607618529E-01
  1.0846801E+00 -2.71901948612733924E-01
  1.0946588E+00 -2.33672333594424964E-01
  1.1047294E+00 -1.97394847100340914E-01
  1.1148926E+00 -1.63151757705091827E-01
  1.1251493E+00 -1.31018983575377612E-01
  1.1355004E+00 -1.01065097812758617E-01
  1.1459467E+00 -7.33502803429716271E-02
  1.1564891E+00 -4.79252206498591363E-02
  1.1671285E+00 -2.48299774934800134E-02
  1.1778657E+00 -4.09280394891425436E-03
  1.1887018E+00  1.42710512955211422E-02
  1.1996375E+00  3.02605523828080765E-02
  1.2106738E+00  4.38900769027638776E-02
  1.2218117E+00  5.51905869566492666E-02
  1.2330521E+00  6.42107441561523412E-02
  1.2443958E+00  7.10179365356752995E-02
  1.2558439E+00  7.56991790611889065E-02
  1.2673973E+00  7.83618422513681079E-02
  1.2790570E+00  7.91341553012489540E-02
  1.2908240E+00  7.81654209197538835E-02
  1.3026992E+00  7.56258687578548472E-02
  1.3146837E+00  7.17060627008917623E-02
  1.3267784E+00  6.66157643014661377E-02
  1.3389844E+00  6.05821400959651313E-02
  1.3513027E+00  5.38471843167391342E-02
  1.3637344E+00  4.66642103937206301E-02
  1.3762803E+00  3.92932444123045982E-02
  1.3889417E+00  3.19951310960978966E-02
  1.4017196E+00  2.50241375983163601E-02
  1.4146151E+00  1.86188120423642113E-02
  1.4276291E+00  1.29908219052609058E-02
  1.4407629E+00  8.31146146931825876E-03
  1.4540176E+00  4.69547707884537553E-03
  1.4673941E+00  2.18181316186903326E-03
  1.4808938E+00  7.10830195441443814E-04
  1.4945176E+00  9.74872897287397622E-05
  1.5082667E+00  0.00000000000000000E+00
  1.5221424E+00  0.00000000000000000E+00
  1.5361457E+00  0.00000000000000000E+00
  1.5502778E+00  0.00000000000000000E+00
  1.5645399E+00  0.00000000000000000E+00
  1.5789332E+00  0.00000000000000000E+00
  1.5934590E+00  0.00000000000000000E+00
  1.6081184E+00  0.00000000000000000E+00
  1.6229126E+00  0.00000000000000000E+00
  1.6378430E+00  0.00000000000000000E+00
  1.6529107E+00  0.00000000000000000E+00
