 # l=           0 basis function with energy    -2.17336564802655     
  0.0000E+00  0.0000E+00  0.0000E+00  0.0000E+00
  1.0222E-08  1.2446E-07 -2.0874E-08 -7.5771E-08
  2.0538E-08  2.5007E-07 -4.1940E-08 -1.5224E-07
  3.0949E-08  3.7683E-07 -6.3200E-08 -2.2941E-07
  4.1455E-08  5.0476E-07 -8.4655E-08 -3.0729E-07
  5.2059E-08  6.3386E-07 -1.0631E-07 -3.8589E-07
  6.2759E-08  7.6416E-07 -1.2816E-07 -4.6521E-07
  7.3559E-08  8.9565E-07 -1.5021E-07 -5.4527E-07
  8.4457E-08  1.0283E-06 -1.7247E-07 -6.2605E-07
  9.5456E-08  1.1623E-06 -1.9493E-07 -7.0758E-07
  1.0656E-07  1.2974E-06 -2.1760E-07 -7.8987E-07
  1.1776E-07  1.4338E-06 -2.4047E-07 -8.7290E-07
  1.2906E-07  1.5715E-06 -2.6356E-07 -9.5671E-07
  1.4047E-07  1.7104E-06 -2.8686E-07 -1.0413E-06
  1.5199E-07  1.8506E-06 -3.1037E-07 -1.1266E-06
  1.6361E-07  1.9921E-06 -3.3410E-07 -1.2128E-06
  1.7533E-07  2.1349E-06 -3.5805E-07 -1.2997E-06
  1.8717E-07  2.2790E-06 -3.8222E-07 -1.3874E-06
  1.9911E-07  2.4244E-06 -4.0661E-07 -1.4760E-06
  2.1117E-07  2.5712E-06 -4.3122E-07 -1.5653E-06
  2.2333E-07  2.7193E-06 -4.5606E-07 -1.6555E-06
  2.3561E-07  2.8687E-06 -4.8113E-07 -1.7465E-06
  2.4800E-07  3.0196E-06 -5.0643E-07 -1.8383E-06
  2.6050E-07  3.1718E-06 -5.3196E-07 -1.9310E-06
  2.7312E-07  3.3255E-06 -5.5773E-07 -2.0245E-06
  2.8585E-07  3.4805E-06 -5.8374E-07 -2.1189E-06
  2.9871E-07  3.6370E-06 -6.0998E-07 -2.2142E-06
  3.1168E-07  3.7949E-06 -6.3647E-07 -2.3103E-06
  3.2476E-07  3.9543E-06 -6.6320E-07 -2.4074E-06
  3.3797E-07  4.1151E-06 -6.9017E-07 -2.5053E-06
  3.5131E-07  4.2775E-06 -7.1739E-07 -2.6041E-06
  3.6476E-07  4.4413E-06 -7.4487E-07 -2.7038E-06
  3.7834E-07  4.6066E-06 -7.7259E-07 -2.8045E-06
  3.9204E-07  4.7734E-06 -8.0058E-07 -2.9061E-06
  4.0587E-07  4.9418E-06 -8.2882E-07 -3.0086E-06
  4.1982E-07  5.1117E-06 -8.5731E-07 -3.1120E-06
  4.3391E-07  5.2832E-06 -8.8608E-07 -3.2164E-06
  4.4812E-07  5.4563E-06 -9.1510E-07 -3.3218E-06
  4.6247E-07  5.6309E-06 -9.4439E-07 -3.4281E-06
  4.7694E-07  5.8072E-06 -9.7396E-07 -3.5354E-06
  4.9155E-07  5.9851E-06 -1.0038E-06 -3.6437E-06
  5.0630E-07  6.1646E-06 -1.0339E-06 -3.7530E-06
  5.2118E-07  6.3458E-06 -1.0643E-06 -3.8633E-06
  5.3619E-07  6.5286E-06 -1.0949E-06 -3.9746E-06
  5.5135E-07  6.7131E-06 -1.1259E-06 -4.0869E-06
  5.6664E-07  6.8994E-06 -1.1571E-06 -4.2003E-06
  5.8208E-07  7.0873E-06 -1.1886E-06 -4.3147E-06
  5.9765E-07  7.2770E-06 -1.2205E-06 -4.4302E-06
  6.1337E-07  7.4684E-06 -1.2526E-06 -4.5467E-06
  6.2924E-07  7.6615E-06 -1.2850E-06 -4.6643E-06
  6.4525E-07  7.8565E-06 -1.3177E-06 -4.7830E-06
  6.6141E-07  8.0532E-06 -1.3506E-06 -4.9028E-06
  6.7771E-07  8.2518E-06 -1.3839E-06 -5.0237E-06
  6.9417E-07  8.4521E-06 -1.4176E-06 -5.1456E-06
  7.1078E-07  8.6543E-06 -1.4515E-06 -5.2688E-06
  7.2754E-07  8.8584E-06 -1.4857E-06 -5.3930E-06
  7.4445E-07  9.0644E-06 -1.5202E-06 -5.5184E-06
  7.6153E-07  9.2722E-06 -1.5551E-06 -5.6449E-06
  7.7875E-07  9.4820E-06 -1.5903E-06 -5.7726E-06
  7.9614E-07  9.6937E-06 -1.6258E-06 -5.9015E-06
  8.1369E-07  9.9073E-06 -1.6616E-06 -6.0316E-06
  8.3139E-07  1.0123E-05 -1.6978E-06 -6.1628E-06
  8.4926E-07  1.0341E-05 -1.7343E-06 -6.2953E-06
  8.6730E-07  1.0560E-05 -1.7711E-06 -6.4290E-06
  8.8550E-07  1.0782E-05 -1.8083E-06 -6.5639E-06
  9.0387E-07  1.1005E-05 -1.8458E-06 -6.7001E-06
  9.2240E-07  1.1231E-05 -1.8836E-06 -6.8375E-06
  9.4111E-07  1.1459E-05 -1.9218E-06 -6.9761E-06
  9.5999E-07  1.1689E-05 -1.9604E-06 -7.1161E-06
  9.7905E-07  1.1921E-05 -1.9993E-06 -7.2573E-06
  9.9827E-07  1.2155E-05 -2.0386E-06 -7.3999E-06
  1.0177E-06  1.2391E-05 -2.0782E-06 -7.5437E-06
  1.0373E-06  1.2630E-05 -2.1182E-06 -7.6889E-06
  1.0570E-06  1.2870E-05 -2.1585E-06 -7.8354E-06
  1.0770E-06  1.3113E-05 -2.1993E-06 -7.9832E-06
  1.0971E-06  1.3358E-05 -2.2404E-06 -8.1325E-06
  1.1174E-06  1.3606E-05 -2.2819E-06 -8.2830E-06
  1.1379E-06  1.3855E-05 -2.3237E-06 -8.4350E-06
  1.1586E-06  1.4107E-05 -2.3660E-06 -8.5884E-06
  1.1795E-06  1.4361E-05 -2.4086E-06 -8.7432E-06
  1.2006E-06  1.4618E-05 -2.4517E-06 -8.8994E-06
  1.2218E-06  1.4877E-05 -2.4951E-06 -9.0570E-06
  1.2433E-06  1.5138E-05 -2.5389E-06 -9.2161E-06
  1.2650E-06  1.5402E-05 -2.5831E-06 -9.3767E-06
  1.2868E-06  1.5668E-05 -2.6278E-06 -9.5387E-06
  1.3089E-06  1.5937E-05 -2.6728E-06 -9.7022E-06
  1.3311E-06  1.6208E-05 -2.7183E-06 -9.8673E-06
  1.3536E-06  1.6481E-05 -2.7642E-06 -1.0034E-05
  1.3763E-06  1.6757E-05 -2.8105E-06 -1.0202E-05
  1.3992E-06  1.7036E-05 -2.8572E-06 -1.0372E-05
  1.4223E-06  1.7317E-05 -2.9044E-06 -1.0543E-05
  1.4456E-06  1.7601E-05 -2.9520E-06 -1.0715E-05
  1.4691E-06  1.7887E-05 -3.0000E-06 -1.0890E-05
  1.4928E-06  1.8176E-05 -3.0485E-06 -1.1066E-05
  1.5168E-06  1.8468E-05 -3.0974E-06 -1.1243E-05
  1.5410E-06  1.8762E-05 -3.1467E-06 -1.1423E-05
  1.5654E-06  1.9059E-05 -3.1966E-06 -1.1603E-05
  1.5900E-06  1.9359E-05 -3.2469E-06 -1.1786E-05
  1.6148E-06  1.9662E-05 -3.2976E-06 -1.1970E-05
  1.6399E-06  1.9967E-05 -3.3488E-06 -1.2156E-05
  1.6652E-06  2.0275E-05 -3.4005E-06 -1.2344E-05
  1.6908E-06  2.0586E-05 -3.4526E-06 -1.2533E-05
  1.7165E-06  2.0900E-05 -3.5053E-06 -1.2724E-05
  1.7425E-06  2.1217E-05 -3.5584E-06 -1.2917E-05
  1.7688E-06  2.1536E-05 -3.6120E-06 -1.3111E-05
  1.7953E-06  2.1859E-05 -3.6661E-06 -1.3308E-05
  1.8220E-06  2.2185E-05 -3.7207E-06 -1.3506E-05
  1.8490E-06  2.2513E-05 -3.7758E-06 -1.3706E-05
  1.8762E-06  2.2845E-05 -3.8314E-06 -1.3908E-05
  1.9037E-06  2.3179E-05 -3.8876E-06 -1.4112E-05
  1.9315E-06  2.3517E-05 -3.9442E-06 -1.4317E-05
  1.9595E-06  2.3858E-05 -4.0014E-06 -1.4525E-05
  1.9877E-06  2.4202E-05 -4.0590E-06 -1.4734E-05
  2.0162E-06  2.4549E-05 -4.1173E-06 -1.4945E-05
  2.0450E-06  2.4899E-05 -4.1760E-06 -1.5159E-05
  2.0740E-06  2.5253E-05 -4.2353E-06 -1.5374E-05
  2.1033E-06  2.5609E-05 -4.2951E-06 -1.5591E-05
  2.1329E-06  2.5969E-05 -4.3555E-06 -1.5810E-05
  2.1627E-06  2.6333E-05 -4.4165E-06 -1.6032E-05
  2.1928E-06  2.6700E-05 -4.4780E-06 -1.6255E-05
  2.2232E-06  2.7070E-05 -4.5400E-06 -1.6480E-05
  2.2539E-06  2.7443E-05 -4.6027E-06 -1.6708E-05
  2.2849E-06  2.7820E-05 -4.6659E-06 -1.6937E-05
  2.3161E-06  2.8200E-05 -4.7297E-06 -1.7169E-05
  2.3476E-06  2.8584E-05 -4.7941E-06 -1.7402E-05
  2.3795E-06  2.8972E-05 -4.8591E-06 -1.7638E-05
  2.4116E-06  2.9363E-05 -4.9246E-06 -1.7876E-05
  2.4440E-06  2.9757E-05 -4.9908E-06 -1.8116E-05
  2.4767E-06  3.0155E-05 -5.0576E-06 -1.8359E-05
  2.5097E-06  3.0557E-05 -5.1250E-06 -1.8604E-05
  2.5430E-06  3.0963E-05 -5.1930E-06 -1.8850E-05
  2.5766E-06  3.1372E-05 -5.2617E-06 -1.9100E-05
  2.6106E-06  3.1785E-05 -5.3310E-06 -1.9351E-05
  2.6448E-06  3.2202E-05 -5.4009E-06 -1.9605E-05
  2.6793E-06  3.2623E-05 -5.4714E-06 -1.9861E-05
  2.7142E-06  3.3047E-05 -5.5427E-06 -2.0120E-05
  2.7494E-06  3.3476E-05 -5.6145E-06 -2.0380E-05
  2.7849E-06  3.3908E-05 -5.6870E-06 -2.0644E-05
  2.8208E-06  3.4345E-05 -5.7602E-06 -2.0909E-05
  2.8569E-06  3.4785E-05 -5.8341E-06 -2.1178E-05
  2.8934E-06  3.5230E-05 -5.9086E-06 -2.1448E-05
  2.9303E-06  3.5678E-05 -5.9839E-06 -2.1721E-05
  2.9675E-06  3.6131E-05 -6.0598E-06 -2.1997E-05
  3.0050E-06  3.6588E-05 -6.1364E-06 -2.2275E-05
  3.0429E-06  3.7049E-05 -6.2138E-06 -2.2556E-05
  3.0811E-06  3.7514E-05 -6.2918E-06 -2.2839E-05
  3.1196E-06  3.7983E-05 -6.3706E-06 -2.3125E-05
  3.1586E-06  3.8457E-05 -6.4500E-06 -2.3413E-05
  3.1978E-06  3.8936E-05 -6.5302E-06 -2.3704E-05
  3.2375E-06  3.9418E-05 -6.6112E-06 -2.3998E-05
  3.2775E-06  3.9905E-05 -6.6929E-06 -2.4295E-05
  3.3179E-06  4.0397E-05 -6.7753E-06 -2.4594E-05
  3.3586E-06  4.0893E-05 -6.8585E-06 -2.4896E-05
  3.3997E-06  4.1394E-05 -6.9425E-06 -2.5201E-05
  3.4412E-06  4.1899E-05 -7.0273E-06 -2.5509E-05
  3.4831E-06  4.2409E-05 -7.1128E-06 -2.5819E-05
  3.5254E-06  4.2923E-05 -7.1991E-06 -2.6132E-05
  3.5680E-06  4.3443E-05 -7.2862E-06 -2.6449E-05
  3.6111E-06  4.3967E-05 -7.3741E-06 -2.6768E-05
  3.6545E-06  4.4496E-05 -7.4628E-06 -2.7090E-05
  3.6984E-06  4.5029E-05 -7.5523E-06 -2.7415E-05
  3.7426E-06  4.5568E-05 -7.6427E-06 -2.7743E-05
  3.7873E-06  4.6112E-05 -7.7339E-06 -2.8074E-05
  3.8323E-06  4.6661E-05 -7.8259E-06 -2.8408E-05
  3.8778E-06  4.7214E-05 -7.9188E-06 -2.8745E-05
  3.9237E-06  4.7773E-05 -8.0125E-06 -2.9085E-05
  3.9700E-06  4.8337E-05 -8.1071E-06 -2.9428E-05
  4.0168E-06  4.8906E-05 -8.2025E-06 -2.9775E-05
  4.0639E-06  4.9480E-05 -8.2989E-06 -3.0125E-05
  4.1115E-06  5.0060E-05 -8.3961E-06 -3.0477E-05
  4.1596E-06  5.0645E-05 -8.4942E-06 -3.0834E-05
  4.2081E-06  5.1235E-05 -8.5932E-06 -3.1193E-05
  4.2570E-06  5.1831E-05 -8.6932E-06 -3.1556E-05
  4.3064E-06  5.2432E-05 -8.7940E-06 -3.1922E-05
  4.3562E-06  5.3039E-05 -8.8958E-06 -3.2291E-05
  4.4065E-06  5.3652E-05 -8.9985E-06 -3.2664E-05
  4.4573E-06  5.4270E-05 -9.1022E-06 -3.3040E-05
  4.5085E-06  5.4893E-05 -9.2068E-06 -3.3420E-05
  4.5602E-06  5.5523E-05 -9.3123E-06 -3.3803E-05
  4.6124E-06  5.6158E-05 -9.4189E-06 -3.4190E-05
  4.6651E-06  5.6799E-05 -9.5264E-06 -3.4580E-05
  4.7182E-06  5.7446E-05 -9.6349E-06 -3.4974E-05
  4.7718E-06  5.8099E-05 -9.7444E-06 -3.5372E-05
  4.8259E-06  5.8758E-05 -9.8550E-06 -3.5773E-05
  4.8806E-06  5.9423E-05 -9.9665E-06 -3.6178E-05
  4.9357E-06  6.0094E-05 -1.0079E-05 -3.6586E-05
  4.9913E-06  6.0771E-05 -1.0193E-05 -3.6999E-05
  5.0474E-06  6.1455E-05 -1.0307E-05 -3.7415E-05
  5.1041E-06  6.2144E-05 -1.0423E-05 -3.7835E-05
  5.1613E-06  6.2841E-05 -1.0540E-05 -3.8259E-05
  5.2190E-06  6.3543E-05 -1.0658E-05 -3.8687E-05
  5.2772E-06  6.4252E-05 -1.0777E-05 -3.9118E-05
  5.3360E-06  6.4968E-05 -1.0897E-05 -3.9554E-05
  5.3953E-06  6.5690E-05 -1.1018E-05 -3.9994E-05
  5.4552E-06  6.6419E-05 -1.1140E-05 -4.0437E-05
  5.5156E-06  6.7154E-05 -1.1263E-05 -4.0885E-05
  5.5765E-06  6.7896E-05 -1.1388E-05 -4.1337E-05
  5.6381E-06  6.8645E-05 -1.1513E-05 -4.1793E-05
  5.7001E-06  6.9401E-05 -1.1640E-05 -4.2253E-05
  5.7628E-06  7.0164E-05 -1.1768E-05 -4.2718E-05
  5.8260E-06  7.0934E-05 -1.1897E-05 -4.3186E-05
  5.8899E-06  7.1711E-05 -1.2028E-05 -4.3660E-05
  5.9543E-06  7.2495E-05 -1.2159E-05 -4.4137E-05
  6.0193E-06  7.3286E-05 -1.2292E-05 -4.4619E-05
  6.0849E-06  7.4085E-05 -1.2426E-05 -4.5105E-05
  6.1511E-06  7.4891E-05 -1.2561E-05 -4.5596E-05
  6.2179E-06  7.5704E-05 -1.2697E-05 -4.6091E-05
  6.2853E-06  7.6525E-05 -1.2835E-05 -4.6591E-05
  6.3534E-06  7.7354E-05 -1.2974E-05 -4.7095E-05
  6.4220E-06  7.8190E-05 -1.3114E-05 -4.7604E-05
  6.4913E-06  7.9033E-05 -1.3256E-05 -4.8118E-05
  6.5613E-06  7.9885E-05 -1.3399E-05 -4.8636E-05
  6.6319E-06  8.0744E-05 -1.3543E-05 -4.9160E-05
  6.7031E-06  8.1612E-05 -1.3688E-05 -4.9688E-05
  6.7750E-06  8.2487E-05 -1.3835E-05 -5.0221E-05
  6.8475E-06  8.3370E-05 -1.3983E-05 -5.0758E-05
  6.9207E-06  8.4261E-05 -1.4133E-05 -5.1301E-05
  6.9946E-06  8.5161E-05 -1.4284E-05 -5.1849E-05
  7.0692E-06  8.6069E-05 -1.4436E-05 -5.2402E-05
  7.1445E-06  8.6985E-05 -1.4590E-05 -5.2959E-05
  7.2204E-06  8.7910E-05 -1.4745E-05 -5.3522E-05
  7.2971E-06  8.8843E-05 -1.4901E-05 -5.4091E-05
  7.3744E-06  8.9784E-05 -1.5059E-05 -5.4664E-05
  7.4525E-06  9.0735E-05 -1.5219E-05 -5.5243E-05
  7.5313E-06  9.1694E-05 -1.5379E-05 -5.5827E-05
  7.6108E-06  9.2662E-05 -1.5542E-05 -5.6416E-05
  7.6910E-06  9.3639E-05 -1.5706E-05 -5.7011E-05
  7.7720E-06  9.4625E-05 -1.5871E-05 -5.7611E-05
  7.8537E-06  9.5620E-05 -1.6038E-05 -5.8217E-05
  7.9362E-06  9.6624E-05 -1.6206E-05 -5.8828E-05
  8.0194E-06  9.7637E-05 -1.6376E-05 -5.9445E-05
  8.1034E-06  9.8659E-05 -1.6548E-05 -6.0068E-05
  8.1882E-06  9.9691E-05 -1.6721E-05 -6.0696E-05
  8.2737E-06  1.0073E-04 -1.6896E-05 -6.1330E-05
  8.3601E-06  1.0178E-04 -1.7072E-05 -6.1970E-05
  8.4472E-06  1.0284E-04 -1.7250E-05 -6.2616E-05
  8.5351E-06  1.0392E-04 -1.7429E-05 -6.3268E-05
  8.6239E-06  1.0500E-04 -1.7611E-05 -6.3926E-05
  8.7134E-06  1.0609E-04 -1.7794E-05 -6.4590E-05
  8.8038E-06  1.0719E-04 -1.7978E-05 -6.5260E-05
  8.8950E-06  1.0830E-04 -1.8164E-05 -6.5936E-05
  8.9871E-06  1.0942E-04 -1.8352E-05 -6.6618E-05
  9.0800E-06  1.1055E-04 -1.8542E-05 -6.7307E-05
  9.1737E-06  1.1169E-04 -1.8734E-05 -6.8002E-05
  9.2684E-06  1.1284E-04 -1.8927E-05 -6.8703E-05
  9.3638E-06  1.1400E-04 -1.9122E-05 -6.9411E-05
  9.4602E-06  1.1518E-04 -1.9319E-05 -7.0125E-05
  9.5575E-06  1.1636E-04 -1.9517E-05 -7.0846E-05
  9.6556E-06  1.1756E-04 -1.9718E-05 -7.1574E-05
  9.7547E-06  1.1876E-04 -1.9920E-05 -7.2308E-05
  9.8546E-06  1.1998E-04 -2.0124E-05 -7.3049E-05
  9.9555E-06  1.2121E-04 -2.0330E-05 -7.3797E-05
  1.0057E-05  1.2245E-04 -2.0538E-05 -7.4551E-05
  1.0160E-05  1.2370E-04 -2.0748E-05 -7.5313E-05
  1.0264E-05  1.2496E-04 -2.0959E-05 -7.6082E-05
  1.0368E-05  1.2623E-04 -2.1173E-05 -7.6857E-05
  1.0474E-05  1.2752E-04 -2.1389E-05 -7.7640E-05
  1.0581E-05  1.2882E-04 -2.1606E-05 -7.8430E-05
  1.0688E-05  1.3013E-04 -2.1826E-05 -7.9228E-05
  1.0797E-05  1.3145E-04 -2.2048E-05 -8.0032E-05
  1.0906E-05  1.3278E-04 -2.2271E-05 -8.0844E-05
  1.1017E-05  1.3413E-04 -2.2497E-05 -8.1664E-05
  1.1128E-05  1.3549E-04 -2.2725E-05 -8.2491E-05
  1.1241E-05  1.3686E-04 -2.2955E-05 -8.3325E-05
  1.1355E-05  1.3824E-04 -2.3187E-05 -8.4168E-05
  1.1469E-05  1.3964E-04 -2.3421E-05 -8.5018E-05
  1.1585E-05  1.4104E-04 -2.3658E-05 -8.5876E-05
  1.1702E-05  1.4247E-04 -2.3896E-05 -8.6742E-05
  1.1820E-05  1.4390E-04 -2.4137E-05 -8.7615E-05
  1.1939E-05  1.4535E-04 -2.4380E-05 -8.8497E-05
  1.2059E-05  1.4681E-04 -2.4625E-05 -8.9387E-05
  1.2180E-05  1.4829E-04 -2.4872E-05 -9.0285E-05
  1.2302E-05  1.4977E-04 -2.5122E-05 -9.1192E-05
  1.2426E-05  1.5128E-04 -2.5374E-05 -9.2106E-05
  1.2550E-05  1.5279E-04 -2.5628E-05 -9.3029E-05
  1.2676E-05  1.5432E-04 -2.5885E-05 -9.3961E-05
  1.2803E-05  1.5587E-04 -2.6144E-05 -9.4901E-05
  1.2931E-05  1.5742E-04 -2.6405E-05 -9.5850E-05
  1.3060E-05  1.5900E-04 -2.6669E-05 -9.6808E-05
  1.3190E-05  1.6058E-04 -2.6935E-05 -9.7774E-05
  1.3322E-05  1.6219E-04 -2.7204E-05 -9.8749E-05
  1.3454E-05  1.6380E-04 -2.7475E-05 -9.9733E-05
  1.3588E-05  1.6543E-04 -2.7749E-05 -1.0073E-04
  1.3724E-05  1.6708E-04 -2.8025E-05 -1.0173E-04
  1.3860E-05  1.6874E-04 -2.8304E-05 -1.0274E-04
  1.3998E-05  1.7042E-04 -2.8585E-05 -1.0376E-04
  1.4137E-05  1.7211E-04 -2.8869E-05 -1.0479E-04
  1.4277E-05  1.7382E-04 -2.9155E-05 -1.0583E-04
  1.4419E-05  1.7554E-04 -2.9444E-05 -1.0688E-04
  1.4562E-05  1.7728E-04 -2.9736E-05 -1.0794E-04
  1.4706E-05  1.7903E-04 -3.0031E-05 -1.0901E-04
  1.4851E-05  1.8081E-04 -3.0328E-05 -1.1009E-04
  1.4998E-05  1.8259E-04 -3.0628E-05 -1.1118E-04
  1.5146E-05  1.8440E-04 -3.0930E-05 -1.1227E-04
  1.5296E-05  1.8622E-04 -3.1236E-05 -1.1338E-04
  1.5447E-05  1.8805E-04 -3.1544E-05 -1.1450E-04
  1.5599E-05  1.8991E-04 -3.1855E-05 -1.1563E-04
  1.5753E-05  1.9178E-04 -3.2169E-05 -1.1677E-04
  1.5908E-05  1.9367E-04 -3.2486E-05 -1.1792E-04
  1.6065E-05  1.9557E-04 -3.2805E-05 -1.1908E-04
  1.6223E-05  1.9750E-04 -3.3128E-05 -1.2025E-04
  1.6382E-05  1.9944E-04 -3.3454E-05 -1.2144E-04
  1.6543E-05  2.0140E-04 -3.3782E-05 -1.2263E-04
  1.6706E-05  2.0337E-04 -3.4114E-05 -1.2383E-04
  1.6869E-05  2.0537E-04 -3.4449E-05 -1.2505E-04
  1.7035E-05  2.0738E-04 -3.4786E-05 -1.2627E-04
  1.7202E-05  2.0942E-04 -3.5127E-05 -1.2751E-04
  1.7370E-05  2.1147E-04 -3.5471E-05 -1.2876E-04
  1.7540E-05  2.1354E-04 -3.5819E-05 -1.3002E-04
  1.7712E-05  2.1562E-04 -3.6169E-05 -1.3129E-04
  1.7885E-05  2.1773E-04 -3.6523E-05 -1.3258E-04
  1.8060E-05  2.1986E-04 -3.6880E-05 -1.3387E-04
  1.8236E-05  2.2201E-04 -3.7240E-05 -1.3518E-04
  1.8414E-05  2.2417E-04 -3.7603E-05 -1.3650E-04
  1.8594E-05  2.2636E-04 -3.7970E-05 -1.3783E-04
  1.8775E-05  2.2857E-04 -3.8340E-05 -1.3917E-04
  1.8958E-05  2.3079E-04 -3.8714E-05 -1.4053E-04
  1.9143E-05  2.3304E-04 -3.9091E-05 -1.4190E-04
  1.9329E-05  2.3531E-04 -3.9471E-05 -1.4328E-04
  1.9517E-05  2.3760E-04 -3.9855E-05 -1.4467E-04
  1.9707E-05  2.3991E-04 -4.0243E-05 -1.4608E-04
  1.9898E-05  2.4224E-04 -4.0634E-05 -1.4750E-04
  2.0092E-05  2.4459E-04 -4.1029E-05 -1.4893E-04
  2.0287E-05  2.4696E-04 -4.1427E-05 -1.5038E-04
  2.0483E-05  2.4936E-04 -4.1829E-05 -1.5184E-04
  2.0682E-05  2.5178E-04 -4.2235E-05 -1.5331E-04
  2.0883E-05  2.5422E-04 -4.2644E-05 -1.5480E-04
  2.1085E-05  2.5668E-04 -4.3057E-05 -1.5630E-04
  2.1289E-05  2.5917E-04 -4.3474E-05 -1.5781E-04
  2.1495E-05  2.6167E-04 -4.3895E-05 -1.5934E-04
  2.1703E-05  2.6421E-04 -4.4320E-05 -1.6088E-04
  2.1913E-05  2.6676E-04 -4.4748E-05 -1.6243E-04
  2.2125E-05  2.6934E-04 -4.5181E-05 -1.6400E-04
  2.2339E-05  2.7194E-04 -4.5617E-05 -1.6559E-04
  2.2554E-05  2.7457E-04 -4.6058E-05 -1.6719E-04
  2.2772E-05  2.7722E-04 -4.6503E-05 -1.6880E-04
  2.2992E-05  2.7989E-04 -4.6951E-05 -1.7043E-04
  2.3214E-05  2.8259E-04 -4.7404E-05 -1.7207E-04
  2.3437E-05  2.8531E-04 -4.7861E-05 -1.7373E-04
  2.3663E-05  2.8806E-04 -4.8322E-05 -1.7541E-04
  2.3891E-05  2.9083E-04 -4.8788E-05 -1.7710E-04
  2.4121E-05  2.9363E-04 -4.9257E-05 -1.7880E-04
  2.4353E-05  2.9646E-04 -4.9731E-05 -1.8052E-04
  2.4588E-05  2.9931E-04 -5.0210E-05 -1.8226E-04
  2.4824E-05  3.0219E-04 -5.0692E-05 -1.8401E-04
  2.5063E-05  3.0509E-04 -5.1180E-05 -1.8578E-04
  2.5303E-05  3.0802E-04 -5.1671E-05 -1.8756E-04
  2.5546E-05  3.1098E-04 -5.2168E-05 -1.8937E-04
  2.5792E-05  3.1396E-04 -5.2668E-05 -1.9118E-04
  2.6039E-05  3.1698E-04 -5.3174E-05 -1.9302E-04
  2.6289E-05  3.2002E-04 -5.3684E-05 -1.9487E-04
  2.6541E-05  3.2308E-04 -5.4199E-05 -1.9674E-04
  2.6795E-05  3.2618E-04 -5.4718E-05 -1.9862E-04
  2.7052E-05  3.2930E-04 -5.5242E-05 -2.0053E-04
  2.7311E-05  3.3246E-04 -5.5772E-05 -2.0245E-04
  2.7573E-05  3.3564E-04 -5.6305E-05 -2.0439E-04
  2.7836E-05  3.3885E-04 -5.6844E-05 -2.0634E-04
  2.8103E-05  3.4209E-04 -5.7388E-05 -2.0832E-04
  2.8372E-05  3.4536E-04 -5.7937E-05 -2.1031E-04
  2.8643E-05  3.4866E-04 -5.8491E-05 -2.1232E-04
  2.8917E-05  3.5199E-04 -5.9050E-05 -2.1435E-04
  2.9193E-05  3.5536E-04 -5.9614E-05 -2.1640E-04
  2.9472E-05  3.5875E-04 -6.0183E-05 -2.1846E-04
  2.9753E-05  3.6217E-04 -6.0758E-05 -2.2055E-04
  3.0037E-05  3.6563E-04 -6.1338E-05 -2.2265E-04
  3.0323E-05  3.6912E-04 -6.1923E-05 -2.2478E-04
  3.0613E-05  3.7263E-04 -6.2513E-05 -2.2692E-04
  3.0904E-05  3.7619E-04 -6.3109E-05 -2.2908E-04
  3.1199E-05  3.7977E-04 -6.3711E-05 -2.3127E-04
  3.1496E-05  3.8339E-04 -6.4318E-05 -2.3347E-04
  3.1796E-05  3.8704E-04 -6.4930E-05 -2.3569E-04
  3.2099E-05  3.9072E-04 -6.5549E-05 -2.3794E-04
  3.2404E-05  3.9444E-04 -6.6173E-05 -2.4020E-04
  3.2713E-05  3.9819E-04 -6.6802E-05 -2.4249E-04
  3.3024E-05  4.0198E-04 -6.7438E-05 -2.4480E-04
  3.3338E-05  4.0580E-04 -6.8079E-05 -2.4712E-04
  3.3655E-05  4.0966E-04 -6.8726E-05 -2.4947E-04
  3.3975E-05  4.1355E-04 -6.9379E-05 -2.5184E-04
  3.4298E-05  4.1748E-04 -7.0038E-05 -2.5424E-04
  3.4623E-05  4.2144E-04 -7.0704E-05 -2.5665E-04
  3.4952E-05  4.2544E-04 -7.1375E-05 -2.5909E-04
  3.5284E-05  4.2948E-04 -7.2052E-05 -2.6155E-04
  3.5619E-05  4.3355E-04 -7.2736E-05 -2.6403E-04
  3.5957E-05  4.3766E-04 -7.3426E-05 -2.6653E-04
  3.6298E-05  4.4181E-04 -7.4122E-05 -2.6906E-04
  3.6642E-05  4.4600E-04 -7.4825E-05 -2.7161E-04
  3.6989E-05  4.5023E-04 -7.5535E-05 -2.7419E-04
  3.7340E-05  4.5449E-04 -7.6250E-05 -2.7678E-04
  3.7693E-05  4.5880E-04 -7.6973E-05 -2.7941E-04
  3.8050E-05  4.6314E-04 -7.7702E-05 -2.8205E-04
  3.8411E-05  4.6752E-04 -7.8437E-05 -2.8472E-04
  3.8774E-05  4.7195E-04 -7.9180E-05 -2.8742E-04
  3.9141E-05  4.7641E-04 -7.9929E-05 -2.9014E-04
  3.9511E-05  4.8092E-04 -8.0685E-05 -2.9288E-04
  3.9885E-05  4.8546E-04 -8.1448E-05 -2.9565E-04
  4.0262E-05  4.9005E-04 -8.2219E-05 -2.9845E-04
  4.0643E-05  4.9468E-04 -8.2996E-05 -3.0127E-04
  4.1027E-05  4.9936E-04 -8.3780E-05 -3.0412E-04
  4.1415E-05  5.0407E-04 -8.4572E-05 -3.0699E-04
  4.1806E-05  5.0883E-04 -8.5371E-05 -3.0989E-04
  4.2201E-05  5.1364E-04 -8.6177E-05 -3.1282E-04
  4.2599E-05  5.1849E-04 -8.6991E-05 -3.1577E-04
  4.3001E-05  5.2338E-04 -8.7812E-05 -3.1875E-04
  4.3407E-05  5.2832E-04 -8.8641E-05 -3.2176E-04
  4.3817E-05  5.3330E-04 -8.9477E-05 -3.2480E-04
  4.4230E-05  5.3833E-04 -9.0321E-05 -3.2786E-04
  4.4647E-05  5.4340E-04 -9.1173E-05 -3.3095E-04
  4.5068E-05  5.4852E-04 -9.2033E-05 -3.3407E-04
  4.5493E-05  5.5369E-04 -9.2900E-05 -3.3722E-04
  4.5922E-05  5.5891E-04 -9.3776E-05 -3.4040E-04
  4.6354E-05  5.6417E-04 -9.4659E-05 -3.4361E-04
  4.6791E-05  5.6948E-04 -9.5551E-05 -3.4685E-04
  4.7232E-05  5.7485E-04 -9.6451E-05 -3.5011E-04
  4.7676E-05  5.8026E-04 -9.7359E-05 -3.5341E-04
  4.8125E-05  5.8572E-04 -9.8276E-05 -3.5674E-04
  4.8578E-05  5.9123E-04 -9.9201E-05 -3.6009E-04
  4.9035E-05  5.9679E-04 -1.0013E-04 -3.6348E-04
  4.9497E-05  6.0240E-04 -1.0108E-04 -3.6690E-04
  4.9962E-05  6.0806E-04 -1.0203E-04 -3.7035E-04
  5.0432E-05  6.1378E-04 -1.0299E-04 -3.7384E-04
  5.0906E-05  6.1955E-04 -1.0395E-04 -3.7735E-04
  5.1385E-05  6.2537E-04 -1.0493E-04 -3.8090E-04
  5.1868E-05  6.3124E-04 -1.0592E-04 -3.8448E-04
  5.2355E-05  6.3717E-04 -1.0691E-04 -3.8809E-04
  5.2847E-05  6.4316E-04 -1.0792E-04 -3.9174E-04
  5.3343E-05  6.4920E-04 -1.0893E-04 -3.9542E-04
  5.3844E-05  6.5529E-04 -1.0995E-04 -3.9913E-04
  5.4350E-05  6.6144E-04 -1.1099E-04 -4.0288E-04
  5.4860E-05  6.6765E-04 -1.1203E-04 -4.0666E-04
  5.5375E-05  6.7391E-04 -1.1308E-04 -4.1048E-04
  5.5895E-05  6.8023E-04 -1.1414E-04 -4.1433E-04
  5.6419E-05  6.8661E-04 -1.1521E-04 -4.1822E-04
  5.6948E-05  6.9305E-04 -1.1629E-04 -4.2214E-04
  5.7483E-05  6.9954E-04 -1.1738E-04 -4.2610E-04
  5.8022E-05  7.0610E-04 -1.1848E-04 -4.3009E-04
  5.8566E-05  7.1272E-04 -1.1960E-04 -4.3413E-04
  5.9115E-05  7.1939E-04 -1.2072E-04 -4.3820E-04
  5.9669E-05  7.2613E-04 -1.2185E-04 -4.4230E-04
  6.0228E-05  7.3293E-04 -1.2299E-04 -4.4645E-04
  6.0792E-05  7.3980E-04 -1.2414E-04 -4.5063E-04
  6.1362E-05  7.4672E-04 -1.2531E-04 -4.5485E-04
  6.1936E-05  7.5371E-04 -1.2648E-04 -4.5911E-04
  6.2516E-05  7.6077E-04 -1.2766E-04 -4.6341E-04
  6.3102E-05  7.6789E-04 -1.2886E-04 -4.6775E-04
  6.3693E-05  7.7507E-04 -1.3007E-04 -4.7213E-04
  6.4289E-05  7.8232E-04 -1.3128E-04 -4.7655E-04
  6.4890E-05  7.8964E-04 -1.3251E-04 -4.8101E-04
  6.5498E-05  7.9702E-04 -1.3375E-04 -4.8551E-04
  6.6110E-05  8.0448E-04 -1.3500E-04 -4.9005E-04
  6.6729E-05  8.1200E-04 -1.3627E-04 -4.9464E-04
  6.7353E-05  8.1959E-04 -1.3754E-04 -4.9926E-04
  6.7983E-05  8.2725E-04 -1.3883E-04 -5.0393E-04
  6.8618E-05  8.3498E-04 -1.4012E-04 -5.0864E-04
  6.9260E-05  8.4278E-04 -1.4143E-04 -5.1340E-04
  6.9907E-05  8.5065E-04 -1.4276E-04 -5.1820E-04
  7.0561E-05  8.5860E-04 -1.4409E-04 -5.2304E-04
  7.1220E-05  8.6661E-04 -1.4544E-04 -5.2793E-04
  7.1885E-05  8.7471E-04 -1.4680E-04 -5.3286E-04
  7.2557E-05  8.8287E-04 -1.4817E-04 -5.3784E-04
  7.3235E-05  8.9111E-04 -1.4955E-04 -5.4286E-04
  7.3919E-05  8.9943E-04 -1.5095E-04 -5.4793E-04
  7.4609E-05  9.0782E-04 -1.5236E-04 -5.5305E-04
  7.5305E-05  9.1629E-04 -1.5378E-04 -5.5821E-04
  7.6008E-05  9.2484E-04 -1.5522E-04 -5.6342E-04
  7.6718E-05  9.3347E-04 -1.5666E-04 -5.6868E-04
  7.7434E-05  9.4218E-04 -1.5813E-04 -5.7399E-04
  7.8157E-05  9.5096E-04 -1.5960E-04 -5.7935E-04
  7.8886E-05  9.5983E-04 -1.6109E-04 -5.8475E-04
  7.9622E-05  9.6878E-04 -1.6259E-04 -5.9021E-04
  8.0364E-05  9.7781E-04 -1.6411E-04 -5.9571E-04
  8.1114E-05  9.8692E-04 -1.6564E-04 -6.0127E-04
  8.1870E-05  9.9612E-04 -1.6719E-04 -6.0688E-04
  8.2634E-05  1.0054E-03 -1.6874E-04 -6.1254E-04
  8.3404E-05  1.0148E-03 -1.7032E-04 -6.1825E-04
  8.4182E-05  1.0242E-03 -1.7191E-04 -6.2401E-04
  8.4966E-05  1.0338E-03 -1.7351E-04 -6.2983E-04
  8.5758E-05  1.0434E-03 -1.7513E-04 -6.3570E-04
  8.6558E-05  1.0531E-03 -1.7676E-04 -6.4162E-04
  8.7364E-05  1.0629E-03 -1.7840E-04 -6.4760E-04
  8.8178E-05  1.0728E-03 -1.8007E-04 -6.5363E-04
  8.8999E-05  1.0828E-03 -1.8174E-04 -6.5972E-04
  8.9828E-05  1.0929E-03 -1.8344E-04 -6.6587E-04
  9.0665E-05  1.1030E-03 -1.8515E-04 -6.7207E-04
  9.1509E-05  1.1133E-03 -1.8687E-04 -6.7833E-04
  9.2361E-05  1.1237E-03 -1.8861E-04 -6.8464E-04
  9.3221E-05  1.1341E-03 -1.9037E-04 -6.9102E-04
  9.4089E-05  1.1447E-03 -1.9214E-04 -6.9745E-04
  9.4965E-05  1.1553E-03 -1.9393E-04 -7.0394E-04
  9.5849E-05  1.1660E-03 -1.9573E-04 -7.1049E-04
  9.6741E-05  1.1769E-03 -1.9755E-04 -7.1711E-04
  9.7641E-05  1.1878E-03 -1.9939E-04 -7.2378E-04
  9.8550E-05  1.1989E-03 -2.0125E-04 -7.3051E-04
  9.9466E-05  1.2100E-03 -2.0312E-04 -7.3731E-04
  1.0039E-04  1.2213E-03 -2.0501E-04 -7.4417E-04
  1.0133E-04  1.2326E-03 -2.0691E-04 -7.5109E-04
  1.0227E-04  1.2441E-03 -2.0884E-04 -7.5808E-04
  1.0322E-04  1.2556E-03 -2.1078E-04 -7.6513E-04
  1.0418E-04  1.2673E-03 -2.1274E-04 -7.7224E-04
  1.0515E-04  1.2791E-03 -2.1472E-04 -7.7942E-04
  1.0612E-04  1.2909E-03 -2.1672E-04 -7.8667E-04
  1.0711E-04  1.3029E-03 -2.1873E-04 -7.9398E-04
  1.0811E-04  1.3150E-03 -2.2076E-04 -8.0136E-04
  1.0911E-04  1.3272E-03 -2.2282E-04 -8.0881E-04
  1.1013E-04  1.3396E-03 -2.2489E-04 -8.1633E-04
  1.1115E-04  1.3520E-03 -2.2698E-04 -8.2391E-04
  1.1218E-04  1.3645E-03 -2.2908E-04 -8.3157E-04
  1.1322E-04  1.3772E-03 -2.3121E-04 -8.3929E-04
  1.1428E-04  1.3900E-03 -2.3336E-04 -8.4709E-04
  1.1534E-04  1.4029E-03 -2.3553E-04 -8.5496E-04
  1.1641E-04  1.4159E-03 -2.3772E-04 -8.6290E-04
  1.1749E-04  1.4290E-03 -2.3992E-04 -8.7091E-04
  1.1858E-04  1.4423E-03 -2.4215E-04 -8.7900E-04
  1.1968E-04  1.4557E-03 -2.4440E-04 -8.8716E-04
  1.2079E-04  1.4692E-03 -2.4667E-04 -8.9540E-04
  1.2192E-04  1.4828E-03 -2.4896E-04 -9.0371E-04
  1.2305E-04  1.4966E-03 -2.5127E-04 -9.1210E-04
  1.2419E-04  1.5104E-03 -2.5360E-04 -9.2057E-04
  1.2534E-04  1.5244E-03 -2.5596E-04 -9.2912E-04
  1.2651E-04  1.5386E-03 -2.5833E-04 -9.3774E-04
  1.2768E-04  1.5528E-03 -2.6073E-04 -9.4644E-04
  1.2886E-04  1.5672E-03 -2.6315E-04 -9.5522E-04
  1.3006E-04  1.5817E-03 -2.6559E-04 -9.6409E-04
  1.3127E-04  1.5964E-03 -2.6806E-04 -9.7303E-04
  1.3248E-04  1.6112E-03 -2.7054E-04 -9.8206E-04
  1.3371E-04  1.6261E-03 -2.7305E-04 -9.9117E-04
  1.3495E-04  1.6412E-03 -2.7559E-04 -1.0004E-03
  1.3621E-04  1.6564E-03 -2.7814E-04 -1.0096E-03
  1.3747E-04  1.6717E-03 -2.8072E-04 -1.0190E-03
  1.3874E-04  1.6872E-03 -2.8333E-04 -1.0285E-03
  1.4003E-04  1.7029E-03 -2.8595E-04 -1.0380E-03
  1.4133E-04  1.7186E-03 -2.8860E-04 -1.0476E-03
  1.4264E-04  1.7345E-03 -2.9128E-04 -1.0573E-03
  1.4396E-04  1.7506E-03 -2.9398E-04 -1.0671E-03
  1.4530E-04  1.7668E-03 -2.9671E-04 -1.0770E-03
  1.4664E-04  1.7832E-03 -2.9946E-04 -1.0870E-03
  1.4800E-04  1.7997E-03 -3.0223E-04 -1.0971E-03
  1.4937E-04  1.8163E-03 -3.0503E-04 -1.1073E-03
  1.5076E-04  1.8331E-03 -3.0786E-04 -1.1175E-03
  1.5216E-04  1.8501E-03 -3.1071E-04 -1.1279E-03
  1.5357E-04  1.8672E-03 -3.1359E-04 -1.1383E-03
  1.5499E-04  1.8845E-03 -3.1650E-04 -1.1489E-03
  1.5642E-04  1.9019E-03 -3.1943E-04 -1.1595E-03
  1.5787E-04  1.9195E-03 -3.2239E-04 -1.1703E-03
  1.5934E-04  1.9373E-03 -3.2538E-04 -1.1811E-03
  1.6081E-04  1.9552E-03 -3.2839E-04 -1.1921E-03
  1.6230E-04  1.9733E-03 -3.3144E-04 -1.2031E-03
  1.6381E-04  1.9916E-03 -3.3451E-04 -1.2142E-03
  1.6532E-04  2.0100E-03 -3.3760E-04 -1.2255E-03
  1.6685E-04  2.0286E-03 -3.4073E-04 -1.2368E-03
  1.6840E-04  2.0473E-03 -3.4389E-04 -1.2483E-03
  1.6996E-04  2.0662E-03 -3.4707E-04 -1.2598E-03
  1.7153E-04  2.0854E-03 -3.5028E-04 -1.2715E-03
  1.7312E-04  2.1046E-03 -3.5353E-04 -1.2833E-03
  1.7472E-04  2.1241E-03 -3.5680E-04 -1.2952E-03
  1.7634E-04  2.1437E-03 -3.6010E-04 -1.3072E-03
  1.7797E-04  2.1635E-03 -3.6344E-04 -1.3193E-03
  1.7962E-04  2.1835E-03 -3.6680E-04 -1.3315E-03
  1.8128E-04  2.2037E-03 -3.7020E-04 -1.3438E-03
  1.8296E-04  2.2241E-03 -3.7362E-04 -1.3562E-03
  1.8466E-04  2.2446E-03 -3.7708E-04 -1.3688E-03
  1.8636E-04  2.2654E-03 -3.8057E-04 -1.3815E-03
  1.8809E-04  2.2863E-03 -3.8409E-04 -1.3942E-03
  1.8983E-04  2.3074E-03 -3.8765E-04 -1.4071E-03
  1.9159E-04  2.3287E-03 -3.9124E-04 -1.4202E-03
  1.9336E-04  2.3502E-03 -3.9486E-04 -1.4333E-03
  1.9515E-04  2.3719E-03 -3.9851E-04 -1.4466E-03
  1.9695E-04  2.3939E-03 -4.0220E-04 -1.4600E-03
  1.9878E-04  2.4160E-03 -4.0592E-04 -1.4735E-03
  2.0062E-04  2.4383E-03 -4.0967E-04 -1.4871E-03
  2.0247E-04  2.4608E-03 -4.1346E-04 -1.5008E-03
  2.0434E-04  2.4835E-03 -4.1729E-04 -1.5147E-03
  2.0623E-04  2.5064E-03 -4.2115E-04 -1.5287E-03
  2.0814E-04  2.5296E-03 -4.2504E-04 -1.5429E-03
  2.1007E-04  2.5529E-03 -4.2897E-04 -1.5572E-03
  2.1201E-04  2.5765E-03 -4.3294E-04 -1.5716E-03
  2.1397E-04  2.6003E-03 -4.3694E-04 -1.5861E-03
  2.1595E-04  2.6243E-03 -4.4098E-04 -1.6008E-03
  2.1795E-04  2.6485E-03 -4.4506E-04 -1.6156E-03
  2.1996E-04  2.6729E-03 -4.4918E-04 -1.6305E-03
  2.2199E-04  2.6976E-03 -4.5333E-04 -1.6456E-03
  2.2405E-04  2.7225E-03 -4.5752E-04 -1.6608E-03
  2.2612E-04  2.7476E-03 -4.6175E-04 -1.6761E-03
  2.2821E-04  2.7730E-03 -4.6602E-04 -1.6916E-03
  2.3032E-04  2.7985E-03 -4.7033E-04 -1.7073E-03
  2.3245E-04  2.8244E-03 -4.7468E-04 -1.7231E-03
  2.3460E-04  2.8504E-03 -4.7906E-04 -1.7390E-03
  2.3676E-04  2.8767E-03 -4.8349E-04 -1.7551E-03
  2.3895E-04  2.9032E-03 -4.8796E-04 -1.7713E-03
  2.4116E-04  2.9300E-03 -4.9247E-04 -1.7876E-03
  2.4339E-04  2.9570E-03 -4.9702E-04 -1.8042E-03
  2.4564E-04  2.9843E-03 -5.0162E-04 -1.8208E-03
  2.4791E-04  3.0118E-03 -5.0625E-04 -1.8377E-03
  2.5020E-04  3.0396E-03 -5.1093E-04 -1.8547E-03
  2.5251E-04  3.0676E-03 -5.1565E-04 -1.8718E-03
  2.5485E-04  3.0959E-03 -5.2042E-04 -1.8891E-03
  2.5720E-04  3.1244E-03 -5.2522E-04 -1.9065E-03
  2.5958E-04  3.1532E-03 -5.3008E-04 -1.9242E-03
  2.6198E-04  3.1823E-03 -5.3498E-04 -1.9419E-03
  2.6440E-04  3.2116E-03 -5.3992E-04 -1.9599E-03
  2.6684E-04  3.2412E-03 -5.4491E-04 -1.9780E-03
  2.6930E-04  3.2711E-03 -5.4994E-04 -1.9963E-03
  2.7179E-04  3.3012E-03 -5.5502E-04 -2.0147E-03
  2.7430E-04  3.3317E-03 -5.6015E-04 -2.0333E-03
  2.7684E-04  3.3623E-03 -5.6532E-04 -2.0521E-03
  2.7939E-04  3.3933E-03 -5.7054E-04 -2.0710E-03
  2.8197E-04  3.4246E-03 -5.7581E-04 -2.0902E-03
  2.8458E-04  3.4561E-03 -5.8113E-04 -2.1095E-03
  2.8721E-04  3.4880E-03 -5.8650E-04 -2.1290E-03
  2.8986E-04  3.5201E-03 -5.9191E-04 -2.1486E-03
  2.9254E-04  3.5525E-03 -5.9738E-04 -2.1685E-03
  2.9524E-04  3.5852E-03 -6.0290E-04 -2.1885E-03
  2.9796E-04  3.6183E-03 -6.0846E-04 -2.2087E-03
  3.0071E-04  3.6516E-03 -6.1408E-04 -2.2291E-03
  3.0349E-04  3.6852E-03 -6.1975E-04 -2.2497E-03
  3.0629E-04  3.7191E-03 -6.2548E-04 -2.2704E-03
  3.0912E-04  3.7534E-03 -6.3125E-04 -2.2914E-03
  3.1198E-04  3.7879E-03 -6.3708E-04 -2.3126E-03
  3.1486E-04  3.8228E-03 -6.4296E-04 -2.3339E-03
  3.1776E-04  3.8580E-03 -6.4890E-04 -2.3555E-03
  3.2070E-04  3.8935E-03 -6.5489E-04 -2.3772E-03
  3.2366E-04  3.9294E-03 -6.6093E-04 -2.3992E-03
  3.2664E-04  3.9655E-03 -6.6703E-04 -2.4213E-03
  3.2966E-04  4.0020E-03 -6.7319E-04 -2.4437E-03
  3.3270E-04  4.0389E-03 -6.7941E-04 -2.4662E-03
  3.3577E-04  4.0760E-03 -6.8568E-04 -2.4890E-03
  3.3887E-04  4.1135E-03 -6.9201E-04 -2.5119E-03
  3.4200E-04  4.1514E-03 -6.9839E-04 -2.5351E-03
  3.4516E-04  4.1896E-03 -7.0484E-04 -2.5585E-03
  3.4834E-04  4.2281E-03 -7.1134E-04 -2.5821E-03
  3.5156E-04  4.2670E-03 -7.1791E-04 -2.6060E-03
  3.5480E-04  4.3063E-03 -7.2453E-04 -2.6300E-03
  3.5808E-04  4.3459E-03 -7.3122E-04 -2.6543E-03
  3.6138E-04  4.3859E-03 -7.3797E-04 -2.6788E-03
  3.6472E-04  4.4262E-03 -7.4478E-04 -2.7035E-03
  3.6808E-04  4.4669E-03 -7.5165E-04 -2.7285E-03
  3.7148E-04  4.5080E-03 -7.5859E-04 -2.7536E-03
  3.7491E-04  4.5494E-03 -7.6559E-04 -2.7790E-03
  3.7836E-04  4.5913E-03 -7.7265E-04 -2.8047E-03
  3.8186E-04  4.6335E-03 -7.7978E-04 -2.8306E-03
  3.8538E-04  4.6761E-03 -7.8697E-04 -2.8567E-03
  3.8893E-04  4.7191E-03 -7.9423E-04 -2.8830E-03
  3.9252E-04  4.7625E-03 -8.0156E-04 -2.9096E-03
  3.9614E-04  4.8063E-03 -8.0896E-04 -2.9365E-03
  3.9980E-04  4.8504E-03 -8.1642E-04 -2.9636E-03
  4.0349E-04  4.8950E-03 -8.2395E-04 -2.9909E-03
  4.0721E-04  4.9400E-03 -8.3155E-04 -3.0185E-03
  4.1097E-04  4.9854E-03 -8.3922E-04 -3.0463E-03
  4.1476E-04  5.0312E-03 -8.4697E-04 -3.0744E-03
  4.1858E-04  5.0775E-03 -8.5478E-04 -3.1028E-03
  4.2244E-04  5.1241E-03 -8.6266E-04 -3.1314E-03
  4.2634E-04  5.1712E-03 -8.7062E-04 -3.1603E-03
  4.3027E-04  5.2187E-03 -8.7865E-04 -3.1895E-03
  4.3424E-04  5.2667E-03 -8.8675E-04 -3.2189E-03
  4.3825E-04  5.3151E-03 -8.9493E-04 -3.2486E-03
  4.4229E-04  5.3639E-03 -9.0319E-04 -3.2785E-03
  4.4637E-04  5.4131E-03 -9.1152E-04 -3.3088E-03
  4.5048E-04  5.4629E-03 -9.1992E-04 -3.3393E-03
  4.5464E-04  5.5130E-03 -9.2841E-04 -3.3701E-03
  4.5883E-04  5.5637E-03 -9.3697E-04 -3.4012E-03
  4.6306E-04  5.6148E-03 -9.4561E-04 -3.4325E-03
  4.6733E-04  5.6663E-03 -9.5433E-04 -3.4642E-03
  4.7164E-04  5.7184E-03 -9.6313E-04 -3.4961E-03
  4.7599E-04  5.7709E-03 -9.7201E-04 -3.5284E-03
  4.8038E-04  5.8238E-03 -9.8098E-04 -3.5609E-03
  4.8481E-04  5.8773E-03 -9.9002E-04 -3.5937E-03
  4.8928E-04  5.9313E-03 -9.9915E-04 -3.6269E-03
  4.9379E-04  5.9857E-03 -1.0084E-03 -3.6603E-03
  4.9835E-04  6.0407E-03 -1.0177E-03 -3.6941E-03
  5.0294E-04  6.0961E-03 -1.0270E-03 -3.7281E-03
  5.0758E-04  6.1521E-03 -1.0365E-03 -3.7625E-03
  5.1226E-04  6.2085E-03 -1.0461E-03 -3.7972E-03
  5.1698E-04  6.2655E-03 -1.0557E-03 -3.8322E-03
  5.2175E-04  6.3230E-03 -1.0654E-03 -3.8675E-03
  5.2656E-04  6.3810E-03 -1.0753E-03 -3.9032E-03
  5.3141E-04  6.4395E-03 -1.0852E-03 -3.9392E-03
  5.3631E-04  6.4986E-03 -1.0952E-03 -3.9755E-03
  5.4125E-04  6.5582E-03 -1.1053E-03 -4.0121E-03
  5.4624E-04  6.6184E-03 -1.1155E-03 -4.0491E-03
  5.5128E-04  6.6791E-03 -1.1258E-03 -4.0864E-03
  5.5636E-04  6.7404E-03 -1.1361E-03 -4.1241E-03
  5.6149E-04  6.8022E-03 -1.1466E-03 -4.1621E-03
  5.6666E-04  6.8646E-03 -1.1572E-03 -4.2005E-03
  5.7189E-04  6.9275E-03 -1.1678E-03 -4.2392E-03
  5.7716E-04  6.9910E-03 -1.1786E-03 -4.2783E-03
  5.8248E-04  7.0551E-03 -1.1895E-03 -4.3177E-03
  5.8785E-04  7.1198E-03 -1.2004E-03 -4.3575E-03
  5.9327E-04  7.1851E-03 -1.2115E-03 -4.3977E-03
  5.9873E-04  7.2510E-03 -1.2227E-03 -4.4382E-03
  6.0425E-04  7.3174E-03 -1.2339E-03 -4.4791E-03
  6.0982E-04  7.3845E-03 -1.2453E-03 -4.5204E-03
  6.1544E-04  7.4522E-03 -1.2568E-03 -4.5621E-03
  6.2112E-04  7.5205E-03 -1.2684E-03 -4.6041E-03
  6.2684E-04  7.5894E-03 -1.2801E-03 -4.6465E-03
  6.3262E-04  7.6590E-03 -1.2919E-03 -4.6894E-03
  6.3845E-04  7.7291E-03 -1.3038E-03 -4.7326E-03
  6.4433E-04  7.7999E-03 -1.3158E-03 -4.7762E-03
  6.5027E-04  7.8714E-03 -1.3279E-03 -4.8202E-03
  6.5626E-04  7.9435E-03 -1.3401E-03 -4.8646E-03
  6.6231E-04  8.0163E-03 -1.3525E-03 -4.9095E-03
  6.6841E-04  8.0897E-03 -1.3649E-03 -4.9547E-03
  6.7457E-04  8.1638E-03 -1.3775E-03 -5.0004E-03
  6.8079E-04  8.2386E-03 -1.3902E-03 -5.0464E-03
  6.8706E-04  8.3140E-03 -1.4030E-03 -5.0929E-03
  6.9339E-04  8.3901E-03 -1.4160E-03 -5.1399E-03
  6.9978E-04  8.4670E-03 -1.4290E-03 -5.1872E-03
  7.0623E-04  8.5445E-03 -1.4422E-03 -5.2350E-03
  7.1274E-04  8.6227E-03 -1.4555E-03 -5.2833E-03
  7.1930E-04  8.7017E-03 -1.4689E-03 -5.3319E-03
  7.2593E-04  8.7813E-03 -1.4824E-03 -5.3811E-03
  7.3262E-04  8.8617E-03 -1.4961E-03 -5.4307E-03
  7.3937E-04  8.9428E-03 -1.5099E-03 -5.4807E-03
  7.4618E-04  9.0246E-03 -1.5238E-03 -5.5312E-03
  7.5306E-04  9.1072E-03 -1.5378E-03 -5.5821E-03
  7.5999E-04  9.1905E-03 -1.5520E-03 -5.6336E-03
  7.6700E-04  9.2746E-03 -1.5663E-03 -5.6855E-03
  7.7406E-04  9.3595E-03 -1.5807E-03 -5.7379E-03
  7.8119E-04  9.4451E-03 -1.5953E-03 -5.7907E-03
  7.8839E-04  9.5315E-03 -1.6100E-03 -5.8441E-03
  7.9565E-04  9.6187E-03 -1.6248E-03 -5.8979E-03
  8.0298E-04  9.7067E-03 -1.6398E-03 -5.9522E-03
  8.1038E-04  9.7954E-03 -1.6549E-03 -6.0071E-03
  8.1785E-04  9.8850E-03 -1.6701E-03 -6.0624E-03
  8.2538E-04  9.9754E-03 -1.6855E-03 -6.1183E-03
  8.3299E-04  1.0067E-02 -1.7010E-03 -6.1746E-03
  8.4066E-04  1.0159E-02 -1.7167E-03 -6.2315E-03
  8.4840E-04  1.0251E-02 -1.7325E-03 -6.2889E-03
  8.5622E-04  1.0345E-02 -1.7485E-03 -6.3468E-03
  8.6411E-04  1.0440E-02 -1.7646E-03 -6.4053E-03
  8.7206E-04  1.0535E-02 -1.7808E-03 -6.4643E-03
  8.8010E-04  1.0631E-02 -1.7972E-03 -6.5239E-03
  8.8820E-04  1.0729E-02 -1.8138E-03 -6.5840E-03
  8.9639E-04  1.0827E-02 -1.8305E-03 -6.6446E-03
  9.0464E-04  1.0926E-02 -1.8474E-03 -6.7058E-03
  9.1298E-04  1.1025E-02 -1.8644E-03 -6.7676E-03
  9.2138E-04  1.1126E-02 -1.8815E-03 -6.8299E-03
  9.2987E-04  1.1228E-02 -1.8989E-03 -6.8928E-03
  9.3844E-04  1.1330E-02 -1.9164E-03 -6.9563E-03
  9.4708E-04  1.1434E-02 -1.9340E-03 -7.0204E-03
  9.5580E-04  1.1538E-02 -1.9518E-03 -7.0850E-03
  9.6461E-04  1.1643E-02 -1.9698E-03 -7.1503E-03
  9.7349E-04  1.1750E-02 -1.9879E-03 -7.2161E-03
  9.8246E-04  1.1857E-02 -2.0063E-03 -7.2826E-03
  9.9151E-04  1.1965E-02 -2.0247E-03 -7.3497E-03
  1.0006E-03  1.2074E-02 -2.0434E-03 -7.4174E-03
  1.0099E-03  1.2185E-02 -2.0622E-03 -7.4857E-03
  1.0192E-03  1.2296E-02 -2.0812E-03 -7.5546E-03
  1.0285E-03  1.2408E-02 -2.1004E-03 -7.6242E-03
  1.0380E-03  1.2521E-02 -2.1197E-03 -7.6944E-03
  1.0476E-03  1.2635E-02 -2.1392E-03 -7.7653E-03
  1.0572E-03  1.2751E-02 -2.1589E-03 -7.8368E-03
  1.0670E-03  1.2867E-02 -2.1788E-03 -7.9090E-03
  1.0768E-03  1.2984E-02 -2.1989E-03 -7.9818E-03
  1.0867E-03  1.3103E-02 -2.2191E-03 -8.0553E-03
  1.0967E-03  1.3222E-02 -2.2396E-03 -8.1295E-03
  1.1068E-03  1.3343E-02 -2.2602E-03 -8.2044E-03
  1.1170E-03  1.3464E-02 -2.2810E-03 -8.2799E-03
  1.1273E-03  1.3587E-02 -2.3020E-03 -8.3562E-03
  1.1377E-03  1.3711E-02 -2.3232E-03 -8.4331E-03
  1.1481E-03  1.3836E-02 -2.3446E-03 -8.5108E-03
  1.1587E-03  1.3962E-02 -2.3662E-03 -8.5891E-03
  1.1694E-03  1.4089E-02 -2.3880E-03 -8.6682E-03
  1.1802E-03  1.4218E-02 -2.4100E-03 -8.7481E-03
  1.1910E-03  1.4347E-02 -2.4322E-03 -8.8286E-03
  1.2020E-03  1.4478E-02 -2.4546E-03 -8.9099E-03
  1.2131E-03  1.4610E-02 -2.4772E-03 -8.9920E-03
  1.2242E-03  1.4743E-02 -2.5000E-03 -9.0748E-03
  1.2355E-03  1.4877E-02 -2.5230E-03 -9.1583E-03
  1.2469E-03  1.5012E-02 -2.5462E-03 -9.2426E-03
  1.2584E-03  1.5149E-02 -2.5697E-03 -9.3277E-03
  1.2699E-03  1.5287E-02 -2.5933E-03 -9.4136E-03
  1.2816E-03  1.5426E-02 -2.6172E-03 -9.5003E-03
  1.2934E-03  1.5566E-02 -2.6413E-03 -9.5878E-03
  1.3053E-03  1.5708E-02 -2.6656E-03 -9.6761E-03
  1.3174E-03  1.5851E-02 -2.6902E-03 -9.7652E-03
  1.3295E-03  1.5995E-02 -2.7149E-03 -9.8551E-03
  1.3417E-03  1.6141E-02 -2.7399E-03 -9.9458E-03
  1.3541E-03  1.6287E-02 -2.7652E-03 -1.0037E-02
  1.3666E-03  1.6436E-02 -2.7906E-03 -1.0130E-02
  1.3791E-03  1.6585E-02 -2.8163E-03 -1.0223E-02
  1.3918E-03  1.6736E-02 -2.8422E-03 -1.0317E-02
  1.4047E-03  1.6888E-02 -2.8684E-03 -1.0412E-02
  1.4176E-03  1.7041E-02 -2.8948E-03 -1.0508E-02
  1.4306E-03  1.7196E-02 -2.9215E-03 -1.0605E-02
  1.4438E-03  1.7353E-02 -2.9484E-03 -1.0702E-02
  1.4571E-03  1.7510E-02 -2.9755E-03 -1.0801E-02
  1.4705E-03  1.7669E-02 -3.0029E-03 -1.0900E-02
  1.4841E-03  1.7830E-02 -3.0306E-03 -1.1001E-02
  1.4977E-03  1.7992E-02 -3.0585E-03 -1.1102E-02
  1.5115E-03  1.8155E-02 -3.0866E-03 -1.1204E-02
  1.5254E-03  1.8320E-02 -3.1150E-03 -1.1307E-02
  1.5395E-03  1.8486E-02 -3.1437E-03 -1.1412E-02
  1.5536E-03  1.8654E-02 -3.1726E-03 -1.1517E-02
  1.5679E-03  1.8823E-02 -3.2019E-03 -1.1623E-02
  1.5824E-03  1.8994E-02 -3.2313E-03 -1.1730E-02
  1.5969E-03  1.9167E-02 -3.2611E-03 -1.1838E-02
  1.6116E-03  1.9340E-02 -3.2911E-03 -1.1947E-02
  1.6265E-03  1.9516E-02 -3.3214E-03 -1.2057E-02
  1.6415E-03  1.9693E-02 -3.3520E-03 -1.2168E-02
  1.6566E-03  1.9871E-02 -3.3828E-03 -1.2280E-02
  1.6718E-03  2.0052E-02 -3.4140E-03 -1.2393E-02
  1.6872E-03  2.0233E-02 -3.4454E-03 -1.2507E-02
  1.7027E-03  2.0417E-02 -3.4771E-03 -1.2622E-02
  1.7184E-03  2.0602E-02 -3.5091E-03 -1.2738E-02
  1.7342E-03  2.0788E-02 -3.5414E-03 -1.2855E-02
  1.7502E-03  2.0977E-02 -3.5740E-03 -1.2974E-02
  1.7663E-03  2.1167E-02 -3.6069E-03 -1.3093E-02
  1.7826E-03  2.1359E-02 -3.6401E-03 -1.3214E-02
  1.7990E-03  2.1552E-02 -3.6737E-03 -1.3335E-02
  1.8155E-03  2.1747E-02 -3.7075E-03 -1.3458E-02
  1.8323E-03  2.1944E-02 -3.7416E-03 -1.3582E-02
  1.8491E-03  2.2143E-02 -3.7760E-03 -1.3707E-02
  1.8661E-03  2.2343E-02 -3.8108E-03 -1.3833E-02
  1.8833E-03  2.2545E-02 -3.8459E-03 -1.3960E-02
  1.9007E-03  2.2749E-02 -3.8813E-03 -1.4089E-02
  1.9182E-03  2.2955E-02 -3.9170E-03 -1.4219E-02
  1.9358E-03  2.3163E-02 -3.9531E-03 -1.4349E-02
  1.9536E-03  2.3372E-02 -3.9895E-03 -1.4482E-02
  1.9716E-03  2.3583E-02 -4.0262E-03 -1.4615E-02
  1.9898E-03  2.3797E-02 -4.0632E-03 -1.4749E-02
  2.0081E-03  2.4012E-02 -4.1006E-03 -1.4885E-02
  2.0266E-03  2.4229E-02 -4.1384E-03 -1.5022E-02
  2.0452E-03  2.4448E-02 -4.1765E-03 -1.5160E-02
  2.0640E-03  2.4668E-02 -4.2149E-03 -1.5300E-02
  2.0830E-03  2.4891E-02 -4.2537E-03 -1.5441E-02
  2.1022E-03  2.5116E-02 -4.2929E-03 -1.5583E-02
  2.1216E-03  2.5343E-02 -4.3324E-03 -1.5726E-02
  2.1411E-03  2.5571E-02 -4.3723E-03 -1.5871E-02
  2.1608E-03  2.5802E-02 -4.4125E-03 -1.6017E-02
  2.1807E-03  2.6035E-02 -4.4531E-03 -1.6165E-02
  2.2008E-03  2.6270E-02 -4.4941E-03 -1.6313E-02
  2.2210E-03  2.6507E-02 -4.5355E-03 -1.6464E-02
  2.2415E-03  2.6746E-02 -4.5772E-03 -1.6615E-02
  2.2621E-03  2.6987E-02 -4.6193E-03 -1.6768E-02
  2.2829E-03  2.7230E-02 -4.6619E-03 -1.6922E-02
  2.3039E-03  2.7476E-02 -4.7048E-03 -1.7078E-02
  2.3251E-03  2.7723E-02 -4.7481E-03 -1.7235E-02
  2.3465E-03  2.7973E-02 -4.7918E-03 -1.7394E-02
  2.3681E-03  2.8225E-02 -4.8359E-03 -1.7554E-02
  2.3899E-03  2.8479E-02 -4.8804E-03 -1.7716E-02
  2.4119E-03  2.8736E-02 -4.9253E-03 -1.7879E-02
  2.4341E-03  2.8994E-02 -4.9706E-03 -1.8043E-02
  2.4565E-03  2.9255E-02 -5.0164E-03 -1.8209E-02
  2.4791E-03  2.9518E-02 -5.0626E-03 -1.8377E-02
  2.5019E-03  2.9784E-02 -5.1091E-03 -1.8546E-02
  2.5250E-03  3.0052E-02 -5.1562E-03 -1.8717E-02
  2.5482E-03  3.0322E-02 -5.2036E-03 -1.8889E-02
  2.5717E-03  3.0595E-02 -5.2515E-03 -1.9063E-02
  2.5953E-03  3.0870E-02 -5.2999E-03 -1.9238E-02
  2.6192E-03  3.1147E-02 -5.3486E-03 -1.9415E-02
  2.6433E-03  3.1427E-02 -5.3979E-03 -1.9594E-02
  2.6677E-03  3.1709E-02 -5.4475E-03 -1.9774E-02
  2.6922E-03  3.1994E-02 -5.4977E-03 -1.9956E-02
  2.7170E-03  3.2281E-02 -5.5483E-03 -2.0140E-02
  2.7420E-03  3.2571E-02 -5.5993E-03 -2.0325E-02
  2.7672E-03  3.2863E-02 -5.6509E-03 -2.0512E-02
  2.7927E-03  3.3158E-02 -5.7029E-03 -2.0701E-02
  2.8184E-03  3.3455E-02 -5.7554E-03 -2.0892E-02
  2.8443E-03  3.3755E-02 -5.8083E-03 -2.1084E-02
  2.8705E-03  3.4058E-02 -5.8618E-03 -2.1278E-02
  2.8969E-03  3.4363E-02 -5.9157E-03 -2.1474E-02
  2.9236E-03  3.4671E-02 -5.9702E-03 -2.1672E-02
  2.9505E-03  3.4982E-02 -6.0251E-03 -2.1871E-02
  2.9777E-03  3.5295E-02 -6.0806E-03 -2.2072E-02
  3.0051E-03  3.5611E-02 -6.1365E-03 -2.2275E-02
  3.0327E-03  3.5930E-02 -6.1930E-03 -2.2480E-02
  3.0606E-03  3.6251E-02 -6.2500E-03 -2.2687E-02
  3.0888E-03  3.6575E-02 -6.3075E-03 -2.2896E-02
  3.1172E-03  3.6903E-02 -6.3656E-03 -2.3107E-02
  3.1459E-03  3.7233E-02 -6.4241E-03 -2.3319E-02
  3.1749E-03  3.7565E-02 -6.4833E-03 -2.3534E-02
  3.2041E-03  3.7901E-02 -6.5429E-03 -2.3751E-02
  3.2336E-03  3.8240E-02 -6.6031E-03 -2.3969E-02
  3.2633E-03  3.8581E-02 -6.6639E-03 -2.4190E-02
  3.2933E-03  3.8926E-02 -6.7252E-03 -2.4412E-02
  3.3237E-03  3.9273E-02 -6.7871E-03 -2.4637E-02
  3.3542E-03  3.9624E-02 -6.8496E-03 -2.4864E-02
  3.3851E-03  3.9977E-02 -6.9126E-03 -2.5093E-02
  3.4163E-03  4.0334E-02 -6.9762E-03 -2.5324E-02
  3.4477E-03  4.0693E-02 -7.0404E-03 -2.5557E-02
  3.4794E-03  4.1056E-02 -7.1052E-03 -2.5792E-02
  3.5115E-03  4.1422E-02 -7.1706E-03 -2.6029E-02
  3.5438E-03  4.1791E-02 -7.2366E-03 -2.6269E-02
  3.5764E-03  4.2163E-02 -7.3032E-03 -2.6510E-02
  3.6093E-03  4.2538E-02 -7.3704E-03 -2.6754E-02
  3.6425E-03  4.2917E-02 -7.4382E-03 -2.7001E-02
  3.6760E-03  4.3298E-02 -7.5067E-03 -2.7249E-02
  3.7099E-03  4.3684E-02 -7.5757E-03 -2.7500E-02
  3.7440E-03  4.4072E-02 -7.6455E-03 -2.7753E-02
  3.7784E-03  4.4464E-02 -7.7158E-03 -2.8008E-02
  3.8132E-03  4.4859E-02 -7.7868E-03 -2.8266E-02
  3.8483E-03  4.5257E-02 -7.8585E-03 -2.8526E-02
  3.8837E-03  4.5659E-02 -7.9308E-03 -2.8789E-02
  3.9195E-03  4.6064E-02 -8.0038E-03 -2.9054E-02
  3.9555E-03  4.6473E-02 -8.0774E-03 -2.9321E-02
  3.9919E-03  4.6885E-02 -8.1517E-03 -2.9591E-02
  4.0287E-03  4.7301E-02 -8.2268E-03 -2.9863E-02
  4.0657E-03  4.7720E-02 -8.3025E-03 -3.0138E-02
  4.1032E-03  4.8143E-02 -8.3789E-03 -3.0415E-02
  4.1409E-03  4.8569E-02 -8.4560E-03 -3.0695E-02
  4.1790E-03  4.8999E-02 -8.5338E-03 -3.0978E-02
  4.2175E-03  4.9433E-02 -8.6123E-03 -3.1263E-02
  4.2563E-03  4.9870E-02 -8.6915E-03 -3.1550E-02
  4.2954E-03  5.0311E-02 -8.7715E-03 -3.1841E-02
  4.3350E-03  5.0756E-02 -8.8522E-03 -3.2134E-02
  4.3749E-03  5.1205E-02 -8.9337E-03 -3.2429E-02
  4.4151E-03  5.1657E-02 -9.0159E-03 -3.2728E-02
  4.4558E-03  5.2113E-02 -9.0989E-03 -3.3029E-02
  4.4968E-03  5.2573E-02 -9.1826E-03 -3.3333E-02
  4.5381E-03  5.3037E-02 -9.2671E-03 -3.3640E-02
  4.5799E-03  5.3505E-02 -9.3524E-03 -3.3949E-02
  4.6220E-03  5.3977E-02 -9.4384E-03 -3.4261E-02
  4.6646E-03  5.4452E-02 -9.5253E-03 -3.4577E-02
  4.7075E-03  5.4932E-02 -9.6129E-03 -3.4895E-02
  4.7508E-03  5.5416E-02 -9.7014E-03 -3.5216E-02
  4.7945E-03  5.5904E-02 -9.7906E-03 -3.5540E-02
  4.8386E-03  5.6395E-02 -9.8807E-03 -3.5867E-02
  4.8832E-03  5.6891E-02 -9.9716E-03 -3.6197E-02
  4.9281E-03  5.7391E-02 -1.0063E-02 -3.6530E-02
  4.9735E-03  5.7896E-02 -1.0156E-02 -3.6866E-02
  5.0192E-03  5.8404E-02 -1.0249E-02 -3.7206E-02
  5.0654E-03  5.8917E-02 -1.0344E-02 -3.7548E-02
  5.1120E-03  5.9434E-02 -1.0439E-02 -3.7893E-02
  5.1591E-03  5.9955E-02 -1.0535E-02 -3.8242E-02
  5.2065E-03  6.0481E-02 -1.0632E-02 -3.8594E-02
  5.2544E-03  6.1011E-02 -1.0730E-02 -3.8949E-02
  5.3028E-03  6.1545E-02 -1.0828E-02 -3.9308E-02
  5.3516E-03  6.2084E-02 -1.0928E-02 -3.9669E-02
  5.4008E-03  6.2627E-02 -1.1029E-02 -4.0034E-02
  5.4505E-03  6.3175E-02 -1.1130E-02 -4.0403E-02
  5.5007E-03  6.3727E-02 -1.1233E-02 -4.0774E-02
  5.5513E-03  6.4284E-02 -1.1336E-02 -4.1150E-02
  5.6024E-03  6.4846E-02 -1.1440E-02 -4.1528E-02
  5.6539E-03  6.5412E-02 -1.1545E-02 -4.1910E-02
  5.7059E-03  6.5983E-02 -1.1652E-02 -4.2296E-02
  5.7584E-03  6.6558E-02 -1.1759E-02 -4.2685E-02
  5.8114E-03  6.7138E-02 -1.1867E-02 -4.3078E-02
  5.8649E-03  6.7723E-02 -1.1976E-02 -4.3474E-02
  5.9189E-03  6.8313E-02 -1.2086E-02 -4.3874E-02
  5.9733E-03  6.8907E-02 -1.2198E-02 -4.4278E-02
  6.0283E-03  6.9506E-02 -1.2310E-02 -4.4685E-02
  6.0838E-03  7.0111E-02 -1.2423E-02 -4.5097E-02
  6.1397E-03  7.0720E-02 -1.2537E-02 -4.5511E-02
  6.1962E-03  7.1334E-02 -1.2653E-02 -4.5930E-02
  6.2532E-03  7.1953E-02 -1.2769E-02 -4.6353E-02
  6.3108E-03  7.2577E-02 -1.2887E-02 -4.6779E-02
  6.3689E-03  7.3206E-02 -1.3005E-02 -4.7210E-02
  6.4275E-03  7.3840E-02 -1.3125E-02 -4.7644E-02
  6.4866E-03  7.4480E-02 -1.3246E-02 -4.8083E-02
  6.5463E-03  7.5124E-02 -1.3368E-02 -4.8525E-02
  6.6065E-03  7.5774E-02 -1.3491E-02 -4.8971E-02
  6.6673E-03  7.6429E-02 -1.3615E-02 -4.9422E-02
  6.7287E-03  7.7089E-02 -1.3740E-02 -4.9877E-02
  6.7906E-03  7.7755E-02 -1.3866E-02 -5.0336E-02
  6.8530E-03  7.8426E-02 -1.3994E-02 -5.0799E-02
  6.9161E-03  7.9102E-02 -1.4123E-02 -5.1266E-02
  6.9797E-03  7.9783E-02 -1.4253E-02 -5.1738E-02
  7.0440E-03  8.0471E-02 -1.4384E-02 -5.2214E-02
  7.1088E-03  8.1163E-02 -1.4516E-02 -5.2694E-02
  7.1742E-03  8.1861E-02 -1.4650E-02 -5.3179E-02
  7.2402E-03  8.2565E-02 -1.4784E-02 -5.3669E-02
  7.3068E-03  8.3274E-02 -1.4920E-02 -5.4162E-02
  7.3740E-03  8.3989E-02 -1.5058E-02 -5.4661E-02
  7.4419E-03  8.4709E-02 -1.5196E-02 -5.5164E-02
  7.5104E-03  8.5435E-02 -1.5336E-02 -5.5671E-02
  7.5795E-03  8.6167E-02 -1.5477E-02 -5.6183E-02
  7.6492E-03  8.6905E-02 -1.5620E-02 -5.6700E-02
  7.7196E-03  8.7648E-02 -1.5763E-02 -5.7222E-02
  7.7906E-03  8.8397E-02 -1.5908E-02 -5.7749E-02
  7.8623E-03  8.9153E-02 -1.6055E-02 -5.8280E-02
  7.9346E-03  8.9914E-02 -1.6202E-02 -5.8816E-02
  8.0076E-03  9.0680E-02 -1.6351E-02 -5.9357E-02
  8.0813E-03  9.1453E-02 -1.6502E-02 -5.9903E-02
  8.1557E-03  9.2232E-02 -1.6654E-02 -6.0455E-02
  8.2307E-03  9.3017E-02 -1.6807E-02 -6.1011E-02
  8.3065E-03  9.3808E-02 -1.6962E-02 -6.1572E-02
  8.3829E-03  9.4606E-02 -1.7118E-02 -6.2139E-02
  8.4600E-03  9.5409E-02 -1.7275E-02 -6.2710E-02
  8.5378E-03  9.6218E-02 -1.7434E-02 -6.3287E-02
  8.6164E-03  9.7034E-02 -1.7594E-02 -6.3870E-02
  8.6957E-03  9.7856E-02 -1.7756E-02 -6.4457E-02
  8.7757E-03  9.8684E-02 -1.7920E-02 -6.5050E-02
  8.8564E-03  9.9519E-02 -1.8084E-02 -6.5649E-02
  8.9379E-03  1.0036E-01 -1.8251E-02 -6.6253E-02
  9.0202E-03  1.0121E-01 -1.8419E-02 -6.6862E-02
  9.1032E-03  1.0206E-01 -1.8588E-02 -6.7478E-02
  9.1869E-03  1.0292E-01 -1.8759E-02 -6.8098E-02
  9.2714E-03  1.0379E-01 -1.8932E-02 -6.8725E-02
  9.3567E-03  1.0466E-01 -1.9106E-02 -6.9357E-02
  9.4428E-03  1.0554E-01 -1.9282E-02 -6.9995E-02
  9.5297E-03  1.0643E-01 -1.9459E-02 -7.0639E-02
  9.6174E-03  1.0732E-01 -1.9638E-02 -7.1289E-02
  9.7059E-03  1.0822E-01 -1.9819E-02 -7.1945E-02
  9.7952E-03  1.0913E-01 -2.0001E-02 -7.2607E-02
  9.8853E-03  1.1004E-01 -2.0185E-02 -7.3275E-02
  9.9763E-03  1.1096E-01 -2.0371E-02 -7.3949E-02
  1.0068E-02  1.1189E-01 -2.0558E-02 -7.4630E-02
  1.0161E-02  1.1282E-01 -2.0747E-02 -7.5316E-02
  1.0254E-02  1.1376E-01 -2.0938E-02 -7.6009E-02
  1.0349E-02  1.1471E-01 -2.1131E-02 -7.6709E-02
  1.0444E-02  1.1567E-01 -2.1325E-02 -7.7414E-02
  1.0540E-02  1.1663E-01 -2.1521E-02 -7.8127E-02
  1.0637E-02  1.1760E-01 -2.1719E-02 -7.8845E-02
  1.0735E-02  1.1857E-01 -2.1919E-02 -7.9571E-02
  1.0833E-02  1.1955E-01 -2.2121E-02 -8.0303E-02
  1.0933E-02  1.2054E-01 -2.2324E-02 -8.1042E-02
  1.1034E-02  1.2154E-01 -2.2529E-02 -8.1787E-02
  1.1135E-02  1.2255E-01 -2.2737E-02 -8.2540E-02
  1.1238E-02  1.2356E-01 -2.2946E-02 -8.3299E-02
  1.1341E-02  1.2458E-01 -2.3157E-02 -8.4066E-02
  1.1445E-02  1.2560E-01 -2.3370E-02 -8.4839E-02
  1.1551E-02  1.2664E-01 -2.3585E-02 -8.5620E-02
  1.1657E-02  1.2768E-01 -2.3802E-02 -8.6407E-02
  1.1764E-02  1.2872E-01 -2.4021E-02 -8.7202E-02
  1.1872E-02  1.2978E-01 -2.4242E-02 -8.8004E-02
  1.1982E-02  1.3084E-01 -2.4465E-02 -8.8814E-02
  1.2092E-02  1.3191E-01 -2.4690E-02 -8.9631E-02
  1.2203E-02  1.3299E-01 -2.4917E-02 -9.0456E-02
  1.2315E-02  1.3408E-01 -2.5146E-02 -9.1288E-02
  1.2429E-02  1.3517E-01 -2.5377E-02 -9.2128E-02
  1.2543E-02  1.3627E-01 -2.5611E-02 -9.2976E-02
  1.2659E-02  1.3738E-01 -2.5846E-02 -9.3831E-02
  1.2775E-02  1.3849E-01 -2.6084E-02 -9.4694E-02
  1.2893E-02  1.3962E-01 -2.6324E-02 -9.5565E-02
  1.3011E-02  1.4075E-01 -2.6566E-02 -9.6445E-02
  1.3131E-02  1.4189E-01 -2.6811E-02 -9.7332E-02
  1.3252E-02  1.4303E-01 -2.7057E-02 -9.8227E-02
  1.3374E-02  1.4419E-01 -2.7306E-02 -9.9131E-02
  1.3497E-02  1.4535E-01 -2.7557E-02 -1.0004E-01
  1.3621E-02  1.4652E-01 -2.7811E-02 -1.0096E-01
  1.3746E-02  1.4770E-01 -2.8066E-02 -1.0189E-01
  1.3873E-02  1.4888E-01 -2.8325E-02 -1.0283E-01
  1.4000E-02  1.5008E-01 -2.8585E-02 -1.0378E-01
  1.4129E-02  1.5128E-01 -2.8848E-02 -1.0473E-01
  1.4259E-02  1.5249E-01 -2.9113E-02 -1.0569E-01
  1.4390E-02  1.5370E-01 -2.9381E-02 -1.0667E-01
  1.4523E-02  1.5493E-01 -2.9651E-02 -1.0765E-01
  1.4656E-02  1.5616E-01 -2.9924E-02 -1.0864E-01
  1.4791E-02  1.5740E-01 -3.0199E-02 -1.0964E-01
  1.4927E-02  1.5865E-01 -3.0477E-02 -1.1065E-01
  1.5064E-02  1.5991E-01 -3.0757E-02 -1.1166E-01
  1.5203E-02  1.6117E-01 -3.1040E-02 -1.1269E-01
  1.5343E-02  1.6245E-01 -3.1326E-02 -1.1373E-01
  1.5484E-02  1.6373E-01 -3.1614E-02 -1.1477E-01
  1.5627E-02  1.6502E-01 -3.1904E-02 -1.1583E-01
  1.5770E-02  1.6632E-01 -3.2198E-02 -1.1690E-01
  1.5915E-02  1.6762E-01 -3.2494E-02 -1.1797E-01
  1.6062E-02  1.6894E-01 -3.2793E-02 -1.1906E-01
  1.6210E-02  1.7026E-01 -3.3094E-02 -1.2015E-01
  1.6359E-02  1.7159E-01 -3.3399E-02 -1.2126E-01
  1.6509E-02  1.7292E-01 -3.3706E-02 -1.2237E-01
  1.6661E-02  1.7427E-01 -3.4016E-02 -1.2350E-01
  1.6814E-02  1.7563E-01 -3.4329E-02 -1.2463E-01
  1.6969E-02  1.7699E-01 -3.4644E-02 -1.2578E-01
  1.7125E-02  1.7836E-01 -3.4963E-02 -1.2694E-01
  1.7283E-02  1.7974E-01 -3.5285E-02 -1.2811E-01
  1.7442E-02  1.8112E-01 -3.5609E-02 -1.2928E-01
  1.7602E-02  1.8252E-01 -3.5936E-02 -1.3047E-01
  1.7764E-02  1.8392E-01 -3.6267E-02 -1.3167E-01
  1.7928E-02  1.8533E-01 -3.6600E-02 -1.3289E-01
  1.8093E-02  1.8675E-01 -3.6937E-02 -1.3411E-01
  1.8259E-02  1.8818E-01 -3.7277E-02 -1.3534E-01
  1.8427E-02  1.8962E-01 -3.7619E-02 -1.3659E-01
  1.8597E-02  1.9106E-01 -3.7965E-02 -1.3784E-01
  1.8768E-02  1.9251E-01 -3.8314E-02 -1.3911E-01
  1.8940E-02  1.9397E-01 -3.8667E-02 -1.4039E-01
  1.9115E-02  1.9544E-01 -3.9022E-02 -1.4168E-01
  1.9291E-02  1.9692E-01 -3.9381E-02 -1.4299E-01
  1.9468E-02  1.9840E-01 -3.9743E-02 -1.4430E-01
  1.9647E-02  1.9989E-01 -4.0109E-02 -1.4563E-01
  1.9828E-02  2.0139E-01 -4.0477E-02 -1.4697E-01
  2.0010E-02  2.0290E-01 -4.0849E-02 -1.4832E-01
  2.0194E-02  2.0442E-01 -4.1225E-02 -1.4968E-01
  2.0380E-02  2.0594E-01 -4.1604E-02 -1.5106E-01
  2.0568E-02  2.0748E-01 -4.1987E-02 -1.5245E-01
  2.0757E-02  2.0902E-01 -4.2373E-02 -1.5385E-01
  2.0948E-02  2.1057E-01 -4.2762E-02 -1.5527E-01
  2.1141E-02  2.1212E-01 -4.3155E-02 -1.5670E-01
  2.1335E-02  2.1369E-01 -4.3552E-02 -1.5814E-01
  2.1531E-02  2.1526E-01 -4.3952E-02 -1.5959E-01
  2.1729E-02  2.1684E-01 -4.4357E-02 -1.6106E-01
  2.1929E-02  2.1842E-01 -4.4764E-02 -1.6254E-01
  2.2131E-02  2.2002E-01 -4.5176E-02 -1.6404E-01
  2.2335E-02  2.2162E-01 -4.5591E-02 -1.6555E-01
  2.2540E-02  2.2323E-01 -4.6010E-02 -1.6707E-01
  2.2748E-02  2.2485E-01 -4.6433E-02 -1.6861E-01
  2.2957E-02  2.2648E-01 -4.6860E-02 -1.7016E-01
  2.3168E-02  2.2811E-01 -4.7291E-02 -1.7172E-01
  2.3381E-02  2.2975E-01 -4.7725E-02 -1.7330E-01
  2.3596E-02  2.3140E-01 -4.8164E-02 -1.7490E-01
  2.3813E-02  2.3305E-01 -4.8607E-02 -1.7651E-01
  2.4033E-02  2.3471E-01 -4.9054E-02 -1.7813E-01
  2.4254E-02  2.3638E-01 -4.9505E-02 -1.7977E-01
  2.4477E-02  2.3806E-01 -4.9960E-02 -1.8142E-01
  2.4702E-02  2.3974E-01 -5.0419E-02 -1.8309E-01
  2.4929E-02  2.4144E-01 -5.0882E-02 -1.8477E-01
  2.5159E-02  2.4313E-01 -5.1350E-02 -1.8647E-01
  2.5390E-02  2.4484E-01 -5.1822E-02 -1.8819E-01
  2.5624E-02  2.4655E-01 -5.2298E-02 -1.8992E-01
  2.5859E-02  2.4827E-01 -5.2779E-02 -1.9167E-01
  2.6097E-02  2.4999E-01 -5.3264E-02 -1.9343E-01
  2.6337E-02  2.5172E-01 -5.3753E-02 -1.9521E-01
  2.6580E-02  2.5346E-01 -5.4247E-02 -1.9700E-01
  2.6824E-02  2.5520E-01 -5.4746E-02 -1.9882E-01
  2.7071E-02  2.5696E-01 -5.5249E-02 -2.0064E-01
  2.7320E-02  2.5871E-01 -5.5756E-02 -2.0249E-01
  2.7571E-02  2.6047E-01 -5.6269E-02 -2.0435E-01
  2.7825E-02  2.6224E-01 -5.6786E-02 -2.0623E-01
  2.8081E-02  2.6402E-01 -5.7308E-02 -2.0813E-01
  2.8339E-02  2.6580E-01 -5.7834E-02 -2.1004E-01
  2.8600E-02  2.6758E-01 -5.8365E-02 -2.1198E-01
  2.8863E-02  2.6938E-01 -5.8902E-02 -2.1393E-01
  2.9129E-02  2.7117E-01 -5.9443E-02 -2.1589E-01
  2.9397E-02  2.7298E-01 -5.9989E-02 -2.1788E-01
  2.9667E-02  2.7478E-01 -6.0540E-02 -2.1988E-01
  2.9940E-02  2.7660E-01 -6.1096E-02 -2.2190E-01
  3.0216E-02  2.7841E-01 -6.1658E-02 -2.2395E-01
  3.0494E-02  2.8024E-01 -6.2224E-02 -2.2601E-01
  3.0774E-02  2.8206E-01 -6.2796E-02 -2.2808E-01
  3.1057E-02  2.8390E-01 -6.3372E-02 -2.3018E-01
  3.1343E-02  2.8573E-01 -6.3955E-02 -2.3230E-01
  3.1631E-02  2.8757E-01 -6.4542E-02 -2.3443E-01
  3.1922E-02  2.8942E-01 -6.5135E-02 -2.3659E-01
  3.2216E-02  2.9127E-01 -6.5733E-02 -2.3877E-01
  3.2512E-02  2.9312E-01 -6.6337E-02 -2.4096E-01
  3.2812E-02  2.9498E-01 -6.6946E-02 -2.4318E-01
  3.3113E-02  2.9684E-01 -6.7561E-02 -2.4542E-01
  3.3418E-02  2.9870E-01 -6.8181E-02 -2.4767E-01
  3.3726E-02  3.0056E-01 -6.8807E-02 -2.4995E-01
  3.4036E-02  3.0243E-01 -6.9439E-02 -2.5225E-01
  3.4349E-02  3.0431E-01 -7.0077E-02 -2.5457E-01
  3.4665E-02  3.0618E-01 -7.0720E-02 -2.5691E-01
  3.4984E-02  3.0806E-01 -7.1370E-02 -2.5927E-01
  3.5306E-02  3.0994E-01 -7.2025E-02 -2.6166E-01
  3.5631E-02  3.1182E-01 -7.2686E-02 -2.6406E-01
  3.5958E-02  3.1370E-01 -7.3354E-02 -2.6649E-01
  3.6289E-02  3.1559E-01 -7.4027E-02 -2.6894E-01
  3.6623E-02  3.1747E-01 -7.4707E-02 -2.7141E-01
  3.6960E-02  3.1936E-01 -7.5392E-02 -2.7391E-01
  3.7300E-02  3.2125E-01 -7.6085E-02 -2.7643E-01
  3.7643E-02  3.2314E-01 -7.6783E-02 -2.7897E-01
  3.7989E-02  3.2503E-01 -7.7488E-02 -2.8154E-01
  3.8339E-02  3.2691E-01 -7.8199E-02 -2.8413E-01
  3.8692E-02  3.2880E-01 -7.8917E-02 -2.8674E-01
  3.9048E-02  3.3069E-01 -7.9641E-02 -2.8937E-01
  3.9407E-02  3.3258E-01 -8.0372E-02 -2.9204E-01
  3.9769E-02  3.3447E-01 -8.1109E-02 -2.9472E-01
  4.0135E-02  3.3636E-01 -8.1854E-02 -2.9743E-01
  4.0505E-02  3.3824E-01 -8.2605E-02 -3.0017E-01
  4.0877E-02  3.4013E-01 -8.3363E-02 -3.0293E-01
  4.1253E-02  3.4201E-01 -8.4127E-02 -3.0571E-01
  4.1633E-02  3.4389E-01 -8.4899E-02 -3.0852E-01
  4.2016E-02  3.4577E-01 -8.5678E-02 -3.1136E-01
  4.2402E-02  3.4765E-01 -8.6464E-02 -3.1422E-01
  4.2792E-02  3.4952E-01 -8.7257E-02 -3.1711E-01
  4.3186E-02  3.5139E-01 -8.8058E-02 -3.2003E-01
  4.3583E-02  3.5326E-01 -8.8865E-02 -3.2297E-01
  4.3984E-02  3.5512E-01 -8.9680E-02 -3.2594E-01
  4.4389E-02  3.5698E-01 -9.0503E-02 -3.2893E-01
  4.4797E-02  3.5883E-01 -9.1333E-02 -3.3196E-01
  4.5210E-02  3.6068E-01 -9.2170E-02 -3.3501E-01
  4.5625E-02  3.6252E-01 -9.3015E-02 -3.3809E-01
  4.6045E-02  3.6436E-01 -9.3868E-02 -3.4120E-01
  4.6469E-02  3.6619E-01 -9.4729E-02 -3.4433E-01
  4.6896E-02  3.6802E-01 -9.5597E-02 -3.4750E-01
  4.7328E-02  3.6983E-01 -9.6474E-02 -3.5069E-01
  4.7763E-02  3.7165E-01 -9.7358E-02 -3.5392E-01
  4.8203E-02  3.7345E-01 -9.8250E-02 -3.5717E-01
  4.8646E-02  3.7525E-01 -9.9151E-02 -3.6045E-01
  4.9094E-02  3.7704E-01 -1.0006E-01 -3.6377E-01
  4.9545E-02  3.7882E-01 -1.0098E-01 -3.6711E-01
  5.0001E-02  3.8059E-01 -1.0190E-01 -3.7048E-01
  5.0461E-02  3.8235E-01 -1.0284E-01 -3.7389E-01
  5.0925E-02  3.8410E-01 -1.0378E-01 -3.7733E-01
  5.1394E-02  3.8584E-01 -1.0473E-01 -3.8079E-01
  5.1867E-02  3.8758E-01 -1.0569E-01 -3.8429E-01
  5.2344E-02  3.8930E-01 -1.0666E-01 -3.8783E-01
  5.2825E-02  3.9101E-01 -1.0763E-01 -3.9139E-01
  5.3311E-02  3.9270E-01 -1.0862E-01 -3.9499E-01
  5.3802E-02  3.9439E-01 -1.0961E-01 -3.9862E-01
  5.4297E-02  3.9606E-01 -1.1062E-01 -4.0228E-01
  5.4796E-02  3.9772E-01 -1.1163E-01 -4.0598E-01
  5.5300E-02  3.9937E-01 -1.1265E-01 -4.0971E-01
  5.5809E-02  4.0100E-01 -1.1368E-01 -4.1347E-01
  5.6323E-02  4.0261E-01 -1.1472E-01 -4.1727E-01
  5.6841E-02  4.0421E-01 -1.1577E-01 -4.2111E-01
  5.7364E-02  4.0580E-01 -1.1683E-01 -4.2498E-01
  5.7892E-02  4.0737E-01 -1.1790E-01 -4.2888E-01
  5.8424E-02  4.0892E-01 -1.1898E-01 -4.3282E-01
  5.8962E-02  4.1046E-01 -1.2007E-01 -4.3680E-01
  5.9504E-02  4.1197E-01 -1.2117E-01 -4.4081E-01
  6.0051E-02  4.1347E-01 -1.2228E-01 -4.4486E-01
  6.0604E-02  4.1495E-01 -1.2339E-01 -4.4895E-01
  6.1162E-02  4.1642E-01 -1.2452E-01 -4.5307E-01
  6.1724E-02  4.1786E-01 -1.2566E-01 -4.5723E-01
  6.2292E-02  4.1928E-01 -1.2681E-01 -4.6143E-01
  6.2865E-02  4.2068E-01 -1.2797E-01 -4.6567E-01
  6.3443E-02  4.2206E-01 -1.2914E-01 -4.6995E-01
  6.4027E-02  4.2341E-01 -1.3032E-01 -4.7427E-01
  6.4616E-02  4.2474E-01 -1.3151E-01 -4.7862E-01
  6.5211E-02  4.2605E-01 -1.3271E-01 -4.8302E-01
  6.5811E-02  4.2734E-01 -1.3392E-01 -4.8745E-01
  6.6416E-02  4.2860E-01 -1.3515E-01 -4.9193E-01
  6.7027E-02  4.2984E-01 -1.3638E-01 -4.9645E-01
  6.7644E-02  4.3105E-01 -1.3763E-01 -5.0101E-01
  6.8266E-02  4.3223E-01 -1.3888E-01 -5.0561E-01
  6.8894E-02  4.3339E-01 -1.4015E-01 -5.1025E-01
  6.9528E-02  4.3452E-01 -1.4143E-01 -5.1493E-01
  7.0167E-02  4.3562E-01 -1.4272E-01 -5.1966E-01
  7.0813E-02  4.3669E-01 -1.4403E-01 -5.2443E-01
  7.1464E-02  4.3773E-01 -1.4534E-01 -5.2924E-01
  7.2122E-02  4.3874E-01 -1.4667E-01 -5.3410E-01
  7.2785E-02  4.3972E-01 -1.4800E-01 -5.3901E-01
  7.3455E-02  4.4067E-01 -1.4935E-01 -5.4395E-01
  7.4131E-02  4.4159E-01 -1.5072E-01 -5.4895E-01
  7.4813E-02  4.4247E-01 -1.5209E-01 -5.5398E-01
  7.5501E-02  4.4332E-01 -1.5348E-01 -5.5907E-01
  7.6196E-02  4.4414E-01 -1.5487E-01 -5.6420E-01
  7.6897E-02  4.4492E-01 -1.5629E-01 -5.6937E-01
  7.7604E-02  4.4566E-01 -1.5771E-01 -5.7460E-01
  7.8318E-02  4.4637E-01 -1.5915E-01 -5.7987E-01
  7.9039E-02  4.4703E-01 -1.6060E-01 -5.8519E-01
  7.9766E-02  4.4767E-01 -1.6206E-01 -5.9056E-01
  8.0500E-02  4.4826E-01 -1.6353E-01 -5.9598E-01
  8.1240E-02  4.4881E-01 -1.6502E-01 -6.0144E-01
  8.1988E-02  4.4932E-01 -1.6652E-01 -6.0696E-01
  8.2742E-02  4.4979E-01 -1.6804E-01 -6.1252E-01
  8.3503E-02  4.5022E-01 -1.6957E-01 -6.1814E-01
  8.4271E-02  4.5061E-01 -1.7111E-01 -6.2381E-01
  8.5047E-02  4.5095E-01 -1.7267E-01 -6.2953E-01
  8.5829E-02  4.5125E-01 -1.7424E-01 -6.3530E-01
  8.6619E-02  4.5150E-01 -1.7582E-01 -6.4112E-01
  8.7415E-02  4.5171E-01 -1.7742E-01 -6.4700E-01
  8.8220E-02  4.5187E-01 -1.7903E-01 -6.5293E-01
  8.9031E-02  4.5199E-01 -1.8066E-01 -6.5891E-01
  8.9850E-02  4.5205E-01 -1.8230E-01 -6.6495E-01
  9.0677E-02  4.5207E-01 -1.8395E-01 -6.7104E-01
  9.1511E-02  4.5203E-01 -1.8562E-01 -6.7719E-01
  9.2353E-02  4.5195E-01 -1.8731E-01 -6.8339E-01
  9.3203E-02  4.5181E-01 -1.8901E-01 -6.8965E-01
  9.4060E-02  4.5163E-01 -1.9072E-01 -6.9597E-01
  9.4925E-02  4.5138E-01 -1.9245E-01 -7.0234E-01
  9.5799E-02  4.5109E-01 -1.9419E-01 -7.0877E-01
  9.6680E-02  4.5074E-01 -1.9595E-01 -7.1526E-01
  9.7570E-02  4.5033E-01 -1.9773E-01 -7.2181E-01
  9.8467E-02  4.4987E-01 -1.9952E-01 -7.2842E-01
  9.9373E-02  4.4935E-01 -2.0133E-01 -7.3508E-01
  1.0029E-01  4.4877E-01 -2.0315E-01 -7.4181E-01
  1.0121E-01  4.4814E-01 -2.0499E-01 -7.4860E-01
  1.0214E-01  4.4744E-01 -2.0684E-01 -7.5544E-01
  1.0308E-01  4.4668E-01 -2.0871E-01 -7.6235E-01
  1.0403E-01  4.4586E-01 -2.1060E-01 -7.6933E-01
  1.0499E-01  4.4498E-01 -2.1250E-01 -7.7636E-01
  1.0595E-01  4.4403E-01 -2.1442E-01 -7.8346E-01
  1.0693E-01  4.4302E-01 -2.1636E-01 -7.9062E-01
  1.0791E-01  4.4195E-01 -2.1831E-01 -7.9784E-01
  1.0890E-01  4.4081E-01 -2.2028E-01 -8.0513E-01
  1.0990E-01  4.3960E-01 -2.2227E-01 -8.1249E-01
  1.1092E-01  4.3833E-01 -2.2427E-01 -8.1991E-01
  1.1194E-01  4.3699E-01 -2.2630E-01 -8.2740E-01
  1.1297E-01  4.3558E-01 -2.2834E-01 -8.3495E-01
  1.1401E-01  4.3409E-01 -2.3039E-01 -8.4257E-01
  1.1505E-01  4.3254E-01 -2.3247E-01 -8.5026E-01
  1.1611E-01  4.3092E-01 -2.3456E-01 -8.5802E-01
  1.1718E-01  4.2922E-01 -2.3667E-01 -8.6585E-01
  1.1826E-01  4.2745E-01 -2.3880E-01 -8.7374E-01
  1.1935E-01  4.2560E-01 -2.4095E-01 -8.8171E-01
  1.2045E-01  4.2368E-01 -2.4311E-01 -8.8975E-01
  1.2155E-01  4.2169E-01 -2.4530E-01 -8.9785E-01
  1.2267E-01  4.1962E-01 -2.4750E-01 -9.0603E-01
  1.2380E-01  4.1747E-01 -2.4972E-01 -9.1429E-01
  1.2494E-01  4.1524E-01 -2.5196E-01 -9.2261E-01
  1.2609E-01  4.1293E-01 -2.5422E-01 -9.3101E-01
  1.2725E-01  4.1054E-01 -2.5650E-01 -9.3948E-01
  1.2842E-01  4.0808E-01 -2.5879E-01 -9.4803E-01
  1.2960E-01  4.0553E-01 -2.6111E-01 -9.5665E-01
  1.3079E-01  4.0290E-01 -2.6345E-01 -9.6535E-01
  1.3200E-01  4.0018E-01 -2.6580E-01 -9.7412E-01
  1.3321E-01  3.9738E-01 -2.6818E-01 -9.8297E-01
  1.3444E-01  3.9450E-01 -2.7058E-01 -9.9190E-01
  1.3567E-01  3.9153E-01 -2.7299E-01 -1.0009E+00
  1.3692E-01  3.8848E-01 -2.7543E-01 -1.0100E+00
  1.3818E-01  3.8534E-01 -2.7788E-01 -1.0191E+00
  1.3945E-01  3.8211E-01 -2.8036E-01 -1.0284E+00
  1.4073E-01  3.7880E-01 -2.8286E-01 -1.0377E+00
  1.4203E-01  3.7539E-01 -2.8538E-01 -1.0471E+00
  1.4334E-01  3.7190E-01 -2.8792E-01 -1.0566E+00
  1.4465E-01  3.6832E-01 -2.9048E-01 -1.0662E+00
  1.4599E-01  3.6465E-01 -2.9306E-01 -1.0758E+00
  1.4733E-01  3.6088E-01 -2.9566E-01 -1.0855E+00
  1.4868E-01  3.5702E-01 -2.9828E-01 -1.0953E+00
  1.5005E-01  3.5307E-01 -3.0093E-01 -1.1052E+00
  1.5143E-01  3.4903E-01 -3.0360E-01 -1.1152E+00
  1.5283E-01  3.4490E-01 -3.0629E-01 -1.1253E+00
  1.5423E-01  3.4067E-01 -3.0900E-01 -1.1354E+00
  1.5565E-01  3.3634E-01 -3.1173E-01 -1.1457E+00
  1.5708E-01  3.3193E-01 -3.1448E-01 -1.1560E+00
  1.5853E-01  3.2741E-01 -3.1726E-01 -1.1664E+00
  1.5999E-01  3.2280E-01 -3.2006E-01 -1.1769E+00
  1.6146E-01  3.1809E-01 -3.2288E-01 -1.1875E+00
  1.6294E-01  3.1329E-01 -3.2573E-01 -1.1981E+00
  1.6444E-01  3.0839E-01 -3.2859E-01 -1.2089E+00
  1.6595E-01  3.0339E-01 -3.3148E-01 -1.2197E+00
  1.6748E-01  2.9829E-01 -3.3440E-01 -1.2306E+00
  1.6902E-01  2.9310E-01 -3.3733E-01 -1.2417E+00
  1.7058E-01  2.8780E-01 -3.4029E-01 -1.2528E+00
  1.7215E-01  2.8241E-01 -3.4327E-01 -1.2640E+00
  1.7373E-01  2.7692E-01 -3.4628E-01 -1.2753E+00
  1.7533E-01  2.7133E-01 -3.4931E-01 -1.2867E+00
  1.7694E-01  2.6564E-01 -3.5236E-01 -1.2981E+00
  1.7857E-01  2.5985E-01 -3.5544E-01 -1.3097E+00
  1.8021E-01  2.5396E-01 -3.5854E-01 -1.3213E+00
  1.8187E-01  2.4797E-01 -3.6166E-01 -1.3331E+00
  1.8354E-01  2.4188E-01 -3.6481E-01 -1.3449E+00
  1.8523E-01  2.3568E-01 -3.6798E-01 -1.3569E+00
  1.8694E-01  2.2939E-01 -3.7118E-01 -1.3689E+00
  1.8866E-01  2.2300E-01 -3.7440E-01 -1.3810E+00
  1.9039E-01  2.1651E-01 -3.7764E-01 -1.3932E+00
  1.9214E-01  2.0992E-01 -3.8091E-01 -1.4055E+00
  1.9391E-01  2.0323E-01 -3.8421E-01 -1.4179E+00
  1.9569E-01  1.9644E-01 -3.8752E-01 -1.4304E+00
  1.9749E-01  1.8954E-01 -3.9087E-01 -1.4429E+00
  1.9931E-01  1.8255E-01 -3.9423E-01 -1.4556E+00
  2.0115E-01  1.7546E-01 -3.9763E-01 -1.4684E+00
  2.0300E-01  1.6827E-01 -4.0104E-01 -1.4812E+00
  2.0486E-01  1.6098E-01 -4.0449E-01 -1.4942E+00
  2.0675E-01  1.5360E-01 -4.0795E-01 -1.5072E+00
  2.0865E-01  1.4611E-01 -4.1144E-01 -1.5203E+00
  2.1057E-01  1.3853E-01 -4.1496E-01 -1.5335E+00
  2.1251E-01  1.3085E-01 -4.1850E-01 -1.5469E+00
  2.1446E-01  1.2308E-01 -4.2207E-01 -1.5603E+00
  2.1643E-01  1.1520E-01 -4.2566E-01 -1.5737E+00
  2.1843E-01  1.0724E-01 -4.2928E-01 -1.5873E+00
  2.2044E-01  9.9172E-02 -4.3292E-01 -1.6010E+00
  2.2246E-01  9.1015E-02 -4.3659E-01 -1.6147E+00
  2.2451E-01  8.2764E-02 -4.4028E-01 -1.6286E+00
  2.2658E-01  7.4421E-02 -4.4400E-01 -1.6425E+00
  2.2866E-01  6.5985E-02 -4.4774E-01 -1.6565E+00
  2.3076E-01  5.7458E-02 -4.5151E-01 -1.6706E+00
  2.3289E-01  4.8840E-02 -4.5531E-01 -1.6848E+00
  2.3503E-01  4.0134E-02 -4.5912E-01 -1.6991E+00
  2.3719E-01  3.1338E-02 -4.6297E-01 -1.7134E+00
  2.3937E-01  2.2455E-02 -4.6684E-01 -1.7278E+00
  2.4158E-01  1.3486E-02 -4.7073E-01 -1.7423E+00
  2.4380E-01  4.4308E-03 -4.7465E-01 -1.7569E+00
  2.4604E-01 -4.7083E-03 -4.7859E-01 -1.7716E+00
  2.4830E-01 -1.3930E-02 -4.8256E-01 -1.7863E+00
  2.5059E-01 -2.3234E-02 -4.8656E-01 -1.8011E+00
  2.5289E-01 -3.2619E-02 -4.9058E-01 -1.8160E+00
  2.5522E-01 -4.2083E-02 -4.9462E-01 -1.8309E+00
  2.5757E-01 -5.1624E-02 -4.9869E-01 -1.8460E+00
  2.5994E-01 -6.1243E-02 -5.0278E-01 -1.8610E+00
  2.6233E-01 -7.0936E-02 -5.0689E-01 -1.8762E+00
  2.6474E-01 -8.0702E-02 -5.1104E-01 -1.8914E+00
  2.6718E-01 -9.0540E-02 -5.1520E-01 -1.9066E+00
  2.6964E-01 -1.0045E-01 -5.1939E-01 -1.9219E+00
  2.7212E-01 -1.1043E-01 -5.2360E-01 -1.9373E+00
  2.7462E-01 -1.2047E-01 -5.2784E-01 -1.9527E+00
  2.7715E-01 -1.3058E-01 -5.3210E-01 -1.9681E+00
  2.7970E-01 -1.4075E-01 -5.3638E-01 -1.9836E+00
  2.8227E-01 -1.5099E-01 -5.4068E-01 -1.9992E+00
  2.8487E-01 -1.6128E-01 -5.4501E-01 -2.0147E+00
  2.8749E-01 -1.7163E-01 -5.4936E-01 -2.0303E+00
  2.9013E-01 -1.8204E-01 -5.5374E-01 -2.0460E+00
  2.9280E-01 -1.9250E-01 -5.5813E-01 -2.0616E+00
  2.9549E-01 -2.0301E-01 -5.6255E-01 -2.0773E+00
  2.9821E-01 -2.1357E-01 -5.6699E-01 -2.0930E+00
  3.0096E-01 -2.2418E-01 -5.7145E-01 -2.1087E+00
  3.0373E-01 -2.3484E-01 -5.7593E-01 -2.1244E+00
  3.0652E-01 -2.4553E-01 -5.8043E-01 -2.1400E+00
  3.0934E-01 -2.5627E-01 -5.8496E-01 -2.1557E+00
  3.1219E-01 -2.6704E-01 -5.8950E-01 -2.1714E+00
  3.1506E-01 -2.7785E-01 -5.9406E-01 -2.1870E+00
  3.1796E-01 -2.8870E-01 -5.9864E-01 -2.2027E+00
  3.2088E-01 -2.9957E-01 -6.0324E-01 -2.2183E+00
  3.2383E-01 -3.1047E-01 -6.0786E-01 -2.2338E+00
  3.2681E-01 -3.2140E-01 -6.1250E-01 -2.2493E+00
  3.2982E-01 -3.3235E-01 -6.1715E-01 -2.2648E+00
  3.3285E-01 -3.4332E-01 -6.2182E-01 -2.2802E+00
  3.3591E-01 -3.5431E-01 -6.2651E-01 -2.2955E+00
  3.3901E-01 -3.6531E-01 -6.3122E-01 -2.3108E+00
  3.4212E-01 -3.7633E-01 -6.3594E-01 -2.3259E+00
  3.4527E-01 -3.8735E-01 -6.4067E-01 -2.3410E+00
  3.4845E-01 -3.9838E-01 -6.4542E-01 -2.3560E+00
  3.5165E-01 -4.0941E-01 -6.5018E-01 -2.3708E+00
  3.5489E-01 -4.2044E-01 -6.5496E-01 -2.3855E+00
  3.5815E-01 -4.3147E-01 -6.5975E-01 -2.4001E+00
  3.6145E-01 -4.4250E-01 -6.6455E-01 -2.4146E+00
  3.6477E-01 -4.5351E-01 -6.6936E-01 -2.4289E+00
  3.6813E-01 -4.6451E-01 -6.7418E-01 -2.4430E+00
  3.7152E-01 -4.7550E-01 -6.7901E-01 -2.4569E+00
  3.7493E-01 -4.8647E-01 -6.8386E-01 -2.4707E+00
  3.7838E-01 -4.9742E-01 -6.8871E-01 -2.4843E+00
  3.8186E-01 -5.0834E-01 -6.9356E-01 -2.4976E+00
  3.8538E-01 -5.1924E-01 -6.9843E-01 -2.5107E+00
  3.8892E-01 -5.3010E-01 -7.0330E-01 -2.5236E+00
  3.9250E-01 -5.4093E-01 -7.0817E-01 -2.5362E+00
  3.9611E-01 -5.5172E-01 -7.1305E-01 -2.5485E+00
  3.9976E-01 -5.6247E-01 -7.1793E-01 -2.5606E+00
  4.0343E-01 -5.7317E-01 -7.2282E-01 -2.5723E+00
  4.0714E-01 -5.8383E-01 -7.2771E-01 -2.5837E+00
  4.1089E-01 -5.9444E-01 -7.3259E-01 -2.5948E+00
  4.1467E-01 -6.0499E-01 -7.3748E-01 -2.6055E+00
  4.1849E-01 -6.1548E-01 -7.4236E-01 -2.6159E+00
  4.2234E-01 -6.2591E-01 -7.4724E-01 -2.6259E+00
  4.2622E-01 -6.3628E-01 -7.5212E-01 -2.6355E+00
  4.3014E-01 -6.4657E-01 -7.5699E-01 -2.6446E+00
  4.3410E-01 -6.5680E-01 -7.6185E-01 -2.6533E+00
  4.3809E-01 -6.6695E-01 -7.6671E-01 -2.6616E+00
  4.4212E-01 -6.7702E-01 -7.7155E-01 -2.6693E+00
  4.4619E-01 -6.8700E-01 -7.7639E-01 -2.6766E+00
  4.5030E-01 -6.9690E-01 -7.8122E-01 -2.6833E+00
  4.5444E-01 -7.0672E-01 -7.8603E-01 -2.6895E+00
  4.5862E-01 -7.1644E-01 -7.9083E-01 -2.6952E+00
  4.6284E-01 -7.2606E-01 -7.9561E-01 -2.7002E+00
  4.6710E-01 -7.3558E-01 -8.0037E-01 -2.7047E+00
  4.7139E-01 -7.4500E-01 -8.0512E-01 -2.7085E+00
  4.7573E-01 -7.5431E-01 -8.0984E-01 -2.7116E+00
  4.8011E-01 -7.6351E-01 -8.1455E-01 -2.7141E+00
  4.8452E-01 -7.7260E-01 -8.1923E-01 -2.7158E+00
  4.8898E-01 -7.8157E-01 -8.2388E-01 -2.7169E+00
  4.9348E-01 -7.9043E-01 -8.2851E-01 -2.7172E+00
  4.9802E-01 -7.9915E-01 -8.3311E-01 -2.7167E+00
  5.0260E-01 -8.0775E-01 -8.3767E-01 -2.7154E+00
  5.0722E-01 -8.1623E-01 -8.4221E-01 -2.7133E+00
  5.1189E-01 -8.2456E-01 -8.4671E-01 -2.7104E+00
  5.1660E-01 -8.3276E-01 -8.5118E-01 -2.7065E+00
  5.2135E-01 -8.4082E-01 -8.5560E-01 -2.7018E+00
  5.2615E-01 -8.4874E-01 -8.5999E-01 -2.6962E+00
  5.3099E-01 -8.5652E-01 -8.6434E-01 -2.6896E+00
  5.3587E-01 -8.6414E-01 -8.6864E-01 -2.6821E+00
  5.4080E-01 -8.7161E-01 -8.7289E-01 -2.6735E+00
  5.4578E-01 -8.7893E-01 -8.7710E-01 -2.6640E+00
  5.5080E-01 -8.8609E-01 -8.8126E-01 -2.6534E+00
  5.5587E-01 -8.9308E-01 -8.8536E-01 -2.6417E+00
  5.6098E-01 -8.9992E-01 -8.8941E-01 -2.6289E+00
  5.6614E-01 -9.0659E-01 -8.9340E-01 -2.6151E+00
  5.7135E-01 -9.1309E-01 -8.9734E-01 -2.6001E+00
  5.7661E-01 -9.1942E-01 -9.0121E-01 -2.5839E+00
  5.8191E-01 -9.2557E-01 -9.0501E-01 -2.5666E+00
  5.8727E-01 -9.3155E-01 -9.0875E-01 -2.5481E+00
  5.9267E-01 -9.3735E-01 -9.1243E-01 -2.5284E+00
  5.9812E-01 -9.4297E-01 -9.1603E-01 -2.5075E+00
  6.0362E-01 -9.4841E-01 -9.1955E-01 -2.4853E+00
  6.0918E-01 -9.5366E-01 -9.2300E-01 -2.4618E+00
  6.1478E-01 -9.5872E-01 -9.2638E-01 -2.4371E+00
  6.2044E-01 -9.6359E-01 -9.2967E-01 -2.4111E+00
  6.2614E-01 -9.6827E-01 -9.3287E-01 -2.3839E+00
  6.3190E-01 -9.7276E-01 -9.3599E-01 -2.3553E+00
  6.3772E-01 -9.7706E-01 -9.3902E-01 -2.3254E+00
  6.4358E-01 -9.8115E-01 -9.4195E-01 -2.2942E+00
  6.4951E-01 -9.8505E-01 -9.4480E-01 -2.2616E+00
  6.5548E-01 -9.8875E-01 -9.4754E-01 -2.2278E+00
  6.6151E-01 -9.9225E-01 -9.5018E-01 -2.1927E+00
  6.6760E-01 -9.9554E-01 -9.5272E-01 -2.1562E+00
  6.7374E-01 -9.9864E-01 -9.5516E-01 -2.1184E+00
  6.7994E-01 -1.0015E+00 -9.5748E-01 -2.0794E+00
  6.8619E-01 -1.0042E+00 -9.5970E-01 -2.0390E+00
  6.9250E-01 -1.0067E+00 -9.6180E-01 -1.9974E+00
  6.9888E-01 -1.0089E+00 -9.6378E-01 -1.9545E+00
  7.0530E-01 -1.0110E+00 -9.6564E-01 -1.9104E+00
  7.1179E-01 -1.0129E+00 -9.6738E-01 -1.8652E+00
  7.1834E-01 -1.0145E+00 -9.6899E-01 -1.8187E+00
  7.2495E-01 -1.0159E+00 -9.7048E-01 -1.7711E+00
  7.3162E-01 -1.0171E+00 -9.7183E-01 -1.7224E+00
  7.3835E-01 -1.0181E+00 -9.7305E-01 -1.6726E+00
  7.4514E-01 -1.0189E+00 -9.7413E-01 -1.6218E+00
  7.5200E-01 -1.0195E+00 -9.7507E-01 -1.5700E+00
  7.5892E-01 -1.0199E+00 -9.7587E-01 -1.5173E+00
  7.6590E-01 -1.0201E+00 -9.7653E-01 -1.4637E+00
  7.7294E-01 -1.0200E+00 -9.7703E-01 -1.4093E+00
  7.8005E-01 -1.0198E+00 -9.7739E-01 -1.3542E+00
  7.8723E-01 -1.0193E+00 -9.7759E-01 -1.2984E+00
  7.9447E-01 -1.0186E+00 -9.7764E-01 -1.2419E+00
  8.0178E-01 -1.0178E+00 -9.7753E-01 -1.1849E+00
  8.0916E-01 -1.0167E+00 -9.7726E-01 -1.1275E+00
  8.1660E-01 -1.0154E+00 -9.7682E-01 -1.0697E+00
  8.2412E-01 -1.0139E+00 -9.7622E-01 -1.0116E+00
  8.3170E-01 -1.0122E+00 -9.7546E-01 -9.5334E-01
  8.3935E-01 -1.0103E+00 -9.7452E-01 -8.9496E-01
  8.4707E-01 -1.0082E+00 -9.7342E-01 -8.3658E-01
  8.5486E-01 -1.0058E+00 -9.7214E-01 -7.7831E-01
  8.6273E-01 -1.0033E+00 -9.7068E-01 -7.2024E-01
  8.7066E-01 -1.0006E+00 -9.6905E-01 -6.6248E-01
  8.7867E-01 -9.9774E-01 -9.6724E-01 -6.0515E-01
  8.8676E-01 -9.9465E-01 -9.6525E-01 -5.4837E-01
  8.9492E-01 -9.9136E-01 -9.6308E-01 -4.9224E-01
  9.0315E-01 -9.8788E-01 -9.6072E-01 -4.3689E-01
  9.1146E-01 -9.8422E-01 -9.5819E-01 -3.8243E-01
  9.1984E-01 -9.8037E-01 -9.5546E-01 -3.2898E-01
  9.2830E-01 -9.7634E-01 -9.5256E-01 -2.7667E-01
  9.3684E-01 -9.7213E-01 -9.4946E-01 -2.2561E-01
  9.4546E-01 -9.6774E-01 -9.4618E-01 -1.7593E-01
  9.5416E-01 -9.6317E-01 -9.4271E-01 -1.2775E-01
  9.6294E-01 -9.5843E-01 -9.3906E-01 -8.1181E-02
  9.7180E-01 -9.5351E-01 -9.3522E-01 -3.6341E-02
  9.8074E-01 -9.4843E-01 -9.3119E-01  6.6565E-03
  9.8976E-01 -9.4319E-01 -9.2697E-01  4.7702E-02
  9.9887E-01 -9.3778E-01 -9.2257E-01  8.6689E-02
  1.0081E+00 -9.3221E-01 -9.1799E-01  1.2352E-01
  1.0173E+00 -9.2648E-01 -9.1322E-01  1.5809E-01
  1.0267E+00 -9.2060E-01 -9.0827E-01  1.9033E-01
  1.0361E+00 -9.1457E-01 -9.0313E-01  2.2014E-01
  1.0457E+00 -9.0840E-01 -8.9782E-01  2.4745E-01
  1.0553E+00 -9.0208E-01 -8.9233E-01  2.7221E-01
  1.0650E+00 -8.9561E-01 -8.8667E-01  2.9435E-01
  1.0748E+00 -8.8901E-01 -8.8083E-01  3.1383E-01
  1.0847E+00 -8.8228E-01 -8.7482E-01  3.3062E-01
  1.0947E+00 -8.7542E-01 -8.6864E-01  3.4469E-01
  1.1047E+00 -8.6843E-01 -8.6230E-01  3.5605E-01
  1.1149E+00 -8.6131E-01 -8.5580E-01  3.6470E-01
  1.1251E+00 -8.5408E-01 -8.4914E-01  3.7065E-01
  1.1355E+00 -8.4673E-01 -8.4232E-01  3.7395E-01
  1.1459E+00 -8.3926E-01 -8.3536E-01  3.7464E-01
  1.1565E+00 -8.3169E-01 -8.2825E-01  3.7279E-01
  1.1671E+00 -8.2402E-01 -8.2100E-01  3.6850E-01
  1.1779E+00 -8.1624E-01 -8.1361E-01  3.6185E-01
  1.1887E+00 -8.0836E-01 -8.0609E-01  3.5298E-01
  1.1996E+00 -8.0039E-01 -7.9844E-01  3.4202E-01
  1.2107E+00 -7.9233E-01 -7.9067E-01  3.2911E-01
  1.2218E+00 -7.8418E-01 -7.8278E-01  3.1445E-01
  1.2331E+00 -7.7595E-01 -7.7478E-01  2.9820E-01
  1.2444E+00 -7.6765E-01 -7.6668E-01  2.8058E-01
  1.2558E+00 -7.5926E-01 -7.5847E-01  2.6181E-01
  1.2674E+00 -7.5081E-01 -7.5017E-01  2.4212E-01
  1.2791E+00 -7.4229E-01 -7.4178E-01  2.2176E-01
  1.2908E+00 -7.3371E-01 -7.3331E-01  2.0098E-01
  1.3027E+00 -7.2507E-01 -7.2476E-01  1.8005E-01
  1.3147E+00 -7.1637E-01 -7.1614E-01  1.5923E-01
  1.3268E+00 -7.0762E-01 -7.0745E-01  1.3879E-01
  1.3390E+00 -6.9882E-01 -6.9870E-01  1.1901E-01
  1.3513E+00 -6.8998E-01 -6.8990E-01  1.0014E-01
  1.3637E+00 -6.8111E-01 -6.8105E-01  8.2427E-02
  1.3763E+00 -6.7219E-01 -6.7215E-01  6.6105E-02
  1.3889E+00 -6.6324E-01 -6.6322E-01  5.1376E-02
  1.4017E+00 -6.5427E-01 -6.5425E-01  3.8413E-02
  1.4146E+00 -6.4527E-01 -6.4526E-01  2.7345E-02
  1.4276E+00 -6.3625E-01 -6.3624E-01  1.8249E-02
  1.4408E+00 -6.2721E-01 -6.2721E-01  1.1143E-02
  1.4540E+00 -6.1816E-01 -6.1816E-01  5.9669E-03
  1.4674E+00 -6.0910E-01 -6.0910E-01  2.5754E-03
  1.4809E+00 -6.0003E-01 -6.0003E-01  7.1879E-04
  1.4945E+00 -5.9096E-01 -5.9096E-01  2.8679E-05
  1.5083E+00 -5.8189E-01 -5.8189E-01  0.0000E+00
  1.5221E+00 -5.7283E-01 -5.7283E-01  0.0000E+00
  1.5361E+00 -5.6378E-01 -5.6378E-01  0.0000E+00
  1.5503E+00 -5.5473E-01 -5.5473E-01  0.0000E+00
  1.5645E+00 -5.4570E-01 -5.4570E-01  0.0000E+00
  1.5789E+00 -5.3669E-01 -5.3669E-01  0.0000E+00
  1.5935E+00 -5.2771E-01 -5.2771E-01  0.0000E+00
  1.6081E+00 -5.1874E-01 -5.1874E-01  0.0000E+00
  1.6229E+00 -5.0981E-01 -5.0981E-01  0.0000E+00
  1.6378E+00 -5.0090E-01 -5.0090E-01  0.0000E+00
  1.6529E+00 -4.9203E-01 -4.9203E-01  0.0000E+00
  1.6681E+00 -4.8320E-01 -4.8320E-01  0.0000E+00
  1.6835E+00 -4.7441E-01 -4.7441E-01  0.0000E+00
  1.6990E+00 -4.6566E-01 -4.6566E-01  0.0000E+00
  1.7146E+00 -4.5696E-01 -4.5696E-01  0.0000E+00
  1.7304E+00 -4.4831E-01 -4.4831E-01  0.0000E+00
  1.7463E+00 -4.3971E-01 -4.3971E-01  0.0000E+00
  1.7623E+00 -4.3116E-01 -4.3116E-01  0.0000E+00
  1.7786E+00 -4.2267E-01 -4.2267E-01  0.0000E+00
  1.7949E+00 -4.1424E-01 -4.1424E-01  0.0000E+00
  1.8114E+00 -4.0587E-01 -4.0587E-01  0.0000E+00
  1.8281E+00 -3.9757E-01 -3.9757E-01  0.0000E+00
  1.8449E+00 -3.8933E-01 -3.8933E-01  0.0000E+00
  1.8619E+00 -3.8117E-01 -3.8117E-01  0.0000E+00
  1.8790E+00 -3.7307E-01 -3.7307E-01  0.0000E+00
  1.8963E+00 -3.6505E-01 -3.6505E-01  0.0000E+00
  1.9137E+00 -3.5710E-01 -3.5710E-01  0.0000E+00
  1.9313E+00 -3.4923E-01 -3.4923E-01  0.0000E+00
  1.9491E+00 -3.4144E-01 -3.4144E-01  0.0000E+00
  1.9670E+00 -3.3373E-01 -3.3373E-01  0.0000E+00
  1.9851E+00 -3.2611E-01 -3.2611E-01  0.0000E+00
  2.0034E+00 -3.1857E-01 -3.1857E-01  0.0000E+00
  2.0218E+00 -3.1111E-01 -3.1111E-01  0.0000E+00
  2.0404E+00 -3.0375E-01 -3.0375E-01  0.0000E+00
  2.0592E+00 -2.9647E-01 -2.9647E-01  0.0000E+00
  2.0782E+00 -2.8928E-01 -2.8928E-01  0.0000E+00
  2.0973E+00 -2.8219E-01 -2.8219E-01  0.0000E+00
  2.1166E+00 -2.7519E-01 -2.7519E-01  0.0000E+00
  2.1360E+00 -2.6828E-01 -2.6828E-01  0.0000E+00
  2.1557E+00 -2.6147E-01 -2.6147E-01  0.0000E+00
  2.1755E+00 -2.5476E-01 -2.5476E-01  0.0000E+00
  2.1955E+00 -2.4814E-01 -2.4814E-01  0.0000E+00
  2.2157E+00 -2.4162E-01 -2.4162E-01  0.0000E+00
  2.2361E+00 -2.3520E-01 -2.3520E-01  0.0000E+00
  2.2567E+00 -2.2888E-01 -2.2888E-01  0.0000E+00
  2.2774E+00 -2.2267E-01 -2.2267E-01  0.0000E+00
  2.2984E+00 -2.1655E-01 -2.1655E-01  0.0000E+00
  2.3195E+00 -2.1053E-01 -2.1053E-01  0.0000E+00
  2.3409E+00 -2.0462E-01 -2.0462E-01  0.0000E+00
  2.3624E+00 -1.9881E-01 -1.9881E-01  0.0000E+00
  2.3842E+00 -1.9310E-01 -1.9310E-01  0.0000E+00
