 # l=           0 basis function with energy     2.00000000000000     
  0.0000E+00  0.0000E+00  0.0000E+00  0.0000E+00
  1.0222E-08  1.5959E-07 -2.8955E-08 -3.0639E-07
  2.0538E-08  3.2066E-07 -5.8176E-08 -6.1560E-07
  3.0949E-08  4.8320E-07 -8.7665E-08 -9.2765E-07
  4.1455E-08  6.4724E-07 -1.1743E-07 -1.2426E-06
  5.2059E-08  8.1279E-07 -1.4746E-07 -1.5604E-06
  6.2759E-08  9.7986E-07 -1.7777E-07 -1.8811E-06
  7.3559E-08  1.1485E-06 -2.0836E-07 -2.2048E-06
  8.4457E-08  1.3186E-06 -2.3923E-07 -2.5315E-06
  9.5456E-08  1.4904E-06 -2.7039E-07 -2.8612E-06
  1.0656E-07  1.6637E-06 -3.0183E-07 -3.1939E-06
  1.1776E-07  1.8386E-06 -3.3356E-07 -3.5297E-06
  1.2906E-07  2.0151E-06 -3.6559E-07 -3.8685E-06
  1.4047E-07  2.1932E-06 -3.9790E-07 -4.2105E-06
  1.5199E-07  2.3730E-06 -4.3052E-07 -4.5556E-06
  1.6361E-07  2.5544E-06 -4.6344E-07 -4.9039E-06
  1.7533E-07  2.7375E-06 -4.9665E-07 -5.2554E-06
  1.8717E-07  2.9223E-06 -5.3018E-07 -5.6102E-06
  1.9911E-07  3.1087E-06 -5.6401E-07 -5.9682E-06
  2.1117E-07  3.2969E-06 -5.9815E-07 -6.3295E-06
  2.2333E-07  3.4869E-06 -6.3261E-07 -6.6941E-06
  2.3561E-07  3.6785E-06 -6.6738E-07 -7.0621E-06
  2.4800E-07  3.8720E-06 -7.0248E-07 -7.4334E-06
  2.6050E-07  4.0672E-06 -7.3790E-07 -7.8082E-06
  2.7312E-07  4.2642E-06 -7.7364E-07 -8.1864E-06
  2.8585E-07  4.4630E-06 -8.0971E-07 -8.5681E-06
  2.9871E-07  4.6637E-06 -8.4611E-07 -8.9533E-06
  3.1168E-07  4.8662E-06 -8.8285E-07 -9.3421E-06
  3.2476E-07  5.0705E-06 -9.1993E-07 -9.7344E-06
  3.3797E-07  5.2768E-06 -9.5735E-07 -1.0130E-05
  3.5131E-07  5.4849E-06 -9.9511E-07 -1.0530E-05
  3.6476E-07  5.6950E-06 -1.0332E-06 -1.0933E-05
  3.7834E-07  5.9069E-06 -1.0717E-06 -1.1340E-05
  3.9204E-07  6.1209E-06 -1.1105E-06 -1.1751E-05
  4.0587E-07  6.3368E-06 -1.1497E-06 -1.2165E-05
  4.1982E-07  6.5547E-06 -1.1892E-06 -1.2584E-05
  4.3391E-07  6.7746E-06 -1.2291E-06 -1.3006E-05
  4.4812E-07  6.9965E-06 -1.2694E-06 -1.3432E-05
  4.6247E-07  7.2204E-06 -1.3100E-06 -1.3862E-05
  4.7694E-07  7.4465E-06 -1.3510E-06 -1.4296E-05
  4.9155E-07  7.6745E-06 -1.3924E-06 -1.4734E-05
  5.0630E-07  7.9047E-06 -1.4341E-06 -1.5176E-05
  5.2118E-07  8.1371E-06 -1.4763E-06 -1.5622E-05
  5.3619E-07  8.3715E-06 -1.5188E-06 -1.6072E-05
  5.5135E-07  8.6081E-06 -1.5617E-06 -1.6526E-05
  5.6664E-07  8.8469E-06 -1.6051E-06 -1.6984E-05
  5.8208E-07  9.0879E-06 -1.6488E-06 -1.7447E-05
  5.9765E-07  9.3311E-06 -1.6929E-06 -1.7914E-05
  6.1337E-07  9.5765E-06 -1.7374E-06 -1.8385E-05
  6.2924E-07  9.8242E-06 -1.7824E-06 -1.8861E-05
  6.4525E-07  1.0074E-05 -1.8277E-06 -1.9341E-05
  6.6141E-07  1.0326E-05 -1.8735E-06 -1.9825E-05
  6.7771E-07  1.0581E-05 -1.9197E-06 -2.0314E-05
  6.9417E-07  1.0838E-05 -1.9663E-06 -2.0807E-05
  7.1078E-07  1.1097E-05 -2.0134E-06 -2.1305E-05
  7.2754E-07  1.1359E-05 -2.0608E-06 -2.1807E-05
  7.4445E-07  1.1623E-05 -2.1087E-06 -2.2314E-05
  7.6153E-07  1.1890E-05 -2.1571E-06 -2.2826E-05
  7.7875E-07  1.2159E-05 -2.2059E-06 -2.3342E-05
  7.9614E-07  1.2430E-05 -2.2551E-06 -2.3863E-05
  8.1369E-07  1.2704E-05 -2.3048E-06 -2.4389E-05
  8.3139E-07  1.2980E-05 -2.3550E-06 -2.4920E-05
  8.4926E-07  1.3259E-05 -2.4056E-06 -2.5456E-05
  8.6730E-07  1.3541E-05 -2.4567E-06 -2.5996E-05
  8.8550E-07  1.3825E-05 -2.5083E-06 -2.6542E-05
  9.0387E-07  1.4112E-05 -2.5603E-06 -2.7092E-05
  9.2240E-07  1.4401E-05 -2.6128E-06 -2.7648E-05
  9.4111E-07  1.4693E-05 -2.6658E-06 -2.8209E-05
  9.5999E-07  1.4988E-05 -2.7193E-06 -2.8775E-05
  9.7905E-07  1.5286E-05 -2.7732E-06 -2.9346E-05
  9.9827E-07  1.5586E-05 -2.8277E-06 -2.9922E-05
  1.0177E-06  1.5889E-05 -2.8827E-06 -3.0504E-05
  1.0373E-06  1.6195E-05 -2.9382E-06 -3.1091E-05
  1.0570E-06  1.6503E-05 -2.9941E-06 -3.1683E-05
  1.0770E-06  1.6815E-05 -3.0506E-06 -3.2281E-05
  1.0971E-06  1.7129E-05 -3.1077E-06 -3.2884E-05
  1.1174E-06  1.7446E-05 -3.1652E-06 -3.3493E-05
  1.1379E-06  1.7766E-05 -3.2233E-06 -3.4108E-05
  1.1586E-06  1.8089E-05 -3.2819E-06 -3.4728E-05
  1.1795E-06  1.8415E-05 -3.3410E-06 -3.5354E-05
  1.2006E-06  1.8744E-05 -3.4007E-06 -3.5986E-05
  1.2218E-06  1.9076E-05 -3.4610E-06 -3.6623E-05
  1.2433E-06  1.9411E-05 -3.5218E-06 -3.7266E-05
  1.2650E-06  1.9749E-05 -3.5831E-06 -3.7916E-05
  1.2868E-06  2.0091E-05 -3.6450E-06 -3.8571E-05
  1.3089E-06  2.0435E-05 -3.7075E-06 -3.9232E-05
  1.3311E-06  2.0783E-05 -3.7706E-06 -3.9899E-05
  1.3536E-06  2.1134E-05 -3.8342E-06 -4.0573E-05
  1.3763E-06  2.1488E-05 -3.8985E-06 -4.1252E-05
  1.3992E-06  2.1845E-05 -3.9633E-06 -4.1938E-05
  1.4223E-06  2.2205E-05 -4.0287E-06 -4.2630E-05
  1.4456E-06  2.2569E-05 -4.0947E-06 -4.3329E-05
  1.4691E-06  2.2936E-05 -4.1613E-06 -4.4034E-05
  1.4928E-06  2.3307E-05 -4.2286E-06 -4.4746E-05
  1.5168E-06  2.3681E-05 -4.2964E-06 -4.5464E-05
  1.5410E-06  2.4058E-05 -4.3649E-06 -4.6188E-05
  1.5654E-06  2.4439E-05 -4.4340E-06 -4.6920E-05
  1.5900E-06  2.4824E-05 -4.5038E-06 -4.7658E-05
  1.6148E-06  2.5212E-05 -4.5742E-06 -4.8402E-05
  1.6399E-06  2.5603E-05 -4.6452E-06 -4.9154E-05
  1.6652E-06  2.5998E-05 -4.7169E-06 -4.9913E-05
  1.6908E-06  2.6397E-05 -4.7892E-06 -5.0678E-05
  1.7165E-06  2.6800E-05 -4.8622E-06 -5.1451E-05
  1.7425E-06  2.7206E-05 -4.9359E-06 -5.2231E-05
  1.7688E-06  2.7616E-05 -5.0103E-06 -5.3017E-05
  1.7953E-06  2.8029E-05 -5.0853E-06 -5.3812E-05
  1.8220E-06  2.8447E-05 -5.1611E-06 -5.4613E-05
  1.8490E-06  2.8868E-05 -5.2375E-06 -5.5422E-05
  1.8762E-06  2.9293E-05 -5.3147E-06 -5.6238E-05
  1.9037E-06  2.9722E-05 -5.3925E-06 -5.7062E-05
  1.9315E-06  3.0155E-05 -5.4711E-06 -5.7893E-05
  1.9595E-06  3.0592E-05 -5.5503E-06 -5.8732E-05
  1.9877E-06  3.1033E-05 -5.6304E-06 -5.9579E-05
  2.0162E-06  3.1478E-05 -5.7111E-06 -6.0433E-05
  2.0450E-06  3.1928E-05 -5.7926E-06 -6.1296E-05
  2.0740E-06  3.2381E-05 -5.8749E-06 -6.2166E-05
  2.1033E-06  3.2838E-05 -5.9579E-06 -6.3044E-05
  2.1329E-06  3.3300E-05 -6.0416E-06 -6.3931E-05
  2.1627E-06  3.3766E-05 -6.1262E-06 -6.4825E-05
  2.1928E-06  3.4236E-05 -6.2115E-06 -6.5728E-05
  2.2232E-06  3.4711E-05 -6.2976E-06 -6.6639E-05
  2.2539E-06  3.5190E-05 -6.3845E-06 -6.7559E-05
  2.2849E-06  3.5673E-05 -6.4722E-06 -6.8486E-05
  2.3161E-06  3.6161E-05 -6.5606E-06 -6.9423E-05
  2.3476E-06  3.6653E-05 -6.6500E-06 -7.0368E-05
  2.3795E-06  3.7150E-05 -6.7401E-06 -7.1322E-05
  2.4116E-06  3.7651E-05 -6.8311E-06 -7.2284E-05
  2.4440E-06  3.8157E-05 -6.9229E-06 -7.3256E-05
  2.4767E-06  3.8668E-05 -7.0155E-06 -7.4236E-05
  2.5097E-06  3.9183E-05 -7.1090E-06 -7.5225E-05
  2.5430E-06  3.9703E-05 -7.2033E-06 -7.6224E-05
  2.5766E-06  4.0228E-05 -7.2986E-06 -7.7231E-05
  2.6106E-06  4.0758E-05 -7.3947E-06 -7.8248E-05
  2.6448E-06  4.1292E-05 -7.4917E-06 -7.9274E-05
  2.6793E-06  4.1832E-05 -7.5895E-06 -8.0310E-05
  2.7142E-06  4.2376E-05 -7.6883E-06 -8.1355E-05
  2.7494E-06  4.2925E-05 -7.7880E-06 -8.2410E-05
  2.7849E-06  4.3480E-05 -7.8886E-06 -8.3475E-05
  2.8208E-06  4.4039E-05 -7.9901E-06 -8.4549E-05
  2.8569E-06  4.4604E-05 -8.0926E-06 -8.5633E-05
  2.8934E-06  4.5174E-05 -8.1960E-06 -8.6728E-05
  2.9303E-06  4.5749E-05 -8.3003E-06 -8.7832E-05
  2.9675E-06  4.6330E-05 -8.4057E-06 -8.8946E-05
  3.0050E-06  4.6915E-05 -8.5119E-06 -9.0071E-05
  3.0429E-06  4.7507E-05 -8.6192E-06 -9.1206E-05
  3.0811E-06  4.8103E-05 -8.7275E-06 -9.2351E-05
  3.1196E-06  4.8705E-05 -8.8367E-06 -9.3507E-05
  3.1586E-06  4.9313E-05 -8.9469E-06 -9.4674E-05
  3.1978E-06  4.9926E-05 -9.0582E-06 -9.5851E-05
  3.2375E-06  5.0545E-05 -9.1705E-06 -9.7040E-05
  3.2775E-06  5.1170E-05 -9.2838E-06 -9.8239E-05
  3.3179E-06  5.1800E-05 -9.3982E-06 -9.9449E-05
  3.3586E-06  5.2436E-05 -9.5136E-06 -1.0067E-04
  3.3997E-06  5.3078E-05 -9.6301E-06 -1.0190E-04
  3.4412E-06  5.3726E-05 -9.7476E-06 -1.0315E-04
  3.4831E-06  5.4380E-05 -9.8663E-06 -1.0440E-04
  3.5254E-06  5.5040E-05 -9.9860E-06 -1.0567E-04
  3.5680E-06  5.5706E-05 -1.0107E-05 -1.0695E-04
  3.6111E-06  5.6378E-05 -1.0229E-05 -1.0824E-04
  3.6545E-06  5.7056E-05 -1.0352E-05 -1.0954E-04
  3.6984E-06  5.7740E-05 -1.0476E-05 -1.1085E-04
  3.7426E-06  5.8431E-05 -1.0601E-05 -1.1218E-04
  3.7873E-06  5.9128E-05 -1.0728E-05 -1.1352E-04
  3.8323E-06  5.9832E-05 -1.0855E-05 -1.1487E-04
  3.8778E-06  6.0542E-05 -1.0984E-05 -1.1623E-04
  3.9237E-06  6.1258E-05 -1.1114E-05 -1.1761E-04
  3.9700E-06  6.1981E-05 -1.1245E-05 -1.1900E-04
  4.0168E-06  6.2711E-05 -1.1378E-05 -1.2040E-04
  4.0639E-06  6.3448E-05 -1.1512E-05 -1.2181E-04
  4.1115E-06  6.4191E-05 -1.1646E-05 -1.2324E-04
  4.1596E-06  6.4941E-05 -1.1782E-05 -1.2468E-04
  4.2081E-06  6.5698E-05 -1.1920E-05 -1.2613E-04
  4.2570E-06  6.6462E-05 -1.2058E-05 -1.2760E-04
  4.3064E-06  6.7233E-05 -1.2198E-05 -1.2908E-04
  4.3562E-06  6.8011E-05 -1.2339E-05 -1.3057E-04
  4.4065E-06  6.8796E-05 -1.2482E-05 -1.3208E-04
  4.4573E-06  6.9589E-05 -1.2626E-05 -1.3360E-04
  4.5085E-06  7.0388E-05 -1.2771E-05 -1.3514E-04
  4.5602E-06  7.1196E-05 -1.2917E-05 -1.3669E-04
  4.6124E-06  7.2010E-05 -1.3065E-05 -1.3825E-04
  4.6651E-06  7.2832E-05 -1.3214E-05 -1.3983E-04
  4.7182E-06  7.3662E-05 -1.3365E-05 -1.4142E-04
  4.7718E-06  7.4499E-05 -1.3517E-05 -1.4303E-04
  4.8259E-06  7.5344E-05 -1.3670E-05 -1.4465E-04
  4.8806E-06  7.6197E-05 -1.3825E-05 -1.4629E-04
  4.9357E-06  7.7057E-05 -1.3981E-05 -1.4794E-04
  4.9913E-06  7.7926E-05 -1.4138E-05 -1.4961E-04
  5.0474E-06  7.8802E-05 -1.4297E-05 -1.5129E-04
  5.1041E-06  7.9686E-05 -1.4458E-05 -1.5299E-04
  5.1613E-06  8.0579E-05 -1.4620E-05 -1.5470E-04
  5.2190E-06  8.1480E-05 -1.4783E-05 -1.5643E-04
  5.2772E-06  8.2389E-05 -1.4948E-05 -1.5818E-04
  5.3360E-06  8.3307E-05 -1.5115E-05 -1.5994E-04
  5.3953E-06  8.4233E-05 -1.5283E-05 -1.6172E-04
  5.4552E-06  8.5167E-05 -1.5452E-05 -1.6351E-04
  5.5156E-06  8.6110E-05 -1.5623E-05 -1.6532E-04
  5.5765E-06  8.7062E-05 -1.5796E-05 -1.6715E-04
  5.6381E-06  8.8022E-05 -1.5970E-05 -1.6899E-04
  5.7001E-06  8.8992E-05 -1.6146E-05 -1.7086E-04
  5.7628E-06  8.9970E-05 -1.6324E-05 -1.7273E-04
  5.8260E-06  9.0957E-05 -1.6503E-05 -1.7463E-04
  5.8899E-06  9.1953E-05 -1.6684E-05 -1.7654E-04
  5.9543E-06  9.2959E-05 -1.6866E-05 -1.7847E-04
  6.0193E-06  9.3974E-05 -1.7050E-05 -1.8042E-04
  6.0849E-06  9.4998E-05 -1.7236E-05 -1.8239E-04
  6.1511E-06  9.6031E-05 -1.7424E-05 -1.8437E-04
  6.2179E-06  9.7074E-05 -1.7613E-05 -1.8637E-04
  6.2853E-06  9.8127E-05 -1.7804E-05 -1.8839E-04
  6.3534E-06  9.9189E-05 -1.7997E-05 -1.9043E-04
  6.4220E-06  1.0026E-04 -1.8191E-05 -1.9249E-04
  6.4913E-06  1.0134E-04 -1.8387E-05 -1.9457E-04
  6.5613E-06  1.0243E-04 -1.8585E-05 -1.9667E-04
  6.6319E-06  1.0354E-04 -1.8785E-05 -1.9878E-04
  6.7031E-06  1.0465E-04 -1.8987E-05 -2.0092E-04
  6.7750E-06  1.0577E-04 -1.9191E-05 -2.0307E-04
  6.8475E-06  1.0690E-04 -1.9396E-05 -2.0525E-04
  6.9207E-06  1.0805E-04 -1.9604E-05 -2.0744E-04
  6.9946E-06  1.0920E-04 -1.9813E-05 -2.0966E-04
  7.0692E-06  1.1036E-04 -2.0024E-05 -2.1189E-04
  7.1445E-06  1.1154E-04 -2.0237E-05 -2.1415E-04
  7.2204E-06  1.1272E-04 -2.0453E-05 -2.1642E-04
  7.2971E-06  1.1392E-04 -2.0670E-05 -2.1872E-04
  7.3744E-06  1.1513E-04 -2.0889E-05 -2.2104E-04
  7.4525E-06  1.1635E-04 -2.1110E-05 -2.2338E-04
  7.5313E-06  1.1758E-04 -2.1333E-05 -2.2574E-04
  7.6108E-06  1.1882E-04 -2.1558E-05 -2.2812E-04
  7.6910E-06  1.2007E-04 -2.1786E-05 -2.3053E-04
  7.7720E-06  1.2134E-04 -2.2015E-05 -2.3296E-04
  7.8537E-06  1.2261E-04 -2.2246E-05 -2.3541E-04
  7.9362E-06  1.2390E-04 -2.2480E-05 -2.3788E-04
  8.0194E-06  1.2520E-04 -2.2716E-05 -2.4037E-04
  8.1034E-06  1.2651E-04 -2.2954E-05 -2.4289E-04
  8.1882E-06  1.2783E-04 -2.3194E-05 -2.4543E-04
  8.2737E-06  1.2917E-04 -2.3436E-05 -2.4799E-04
  8.3601E-06  1.3052E-04 -2.3681E-05 -2.5058E-04
  8.4472E-06  1.3188E-04 -2.3928E-05 -2.5319E-04
  8.5351E-06  1.3325E-04 -2.4177E-05 -2.5583E-04
  8.6239E-06  1.3463E-04 -2.4428E-05 -2.5849E-04
  8.7134E-06  1.3603E-04 -2.4682E-05 -2.6117E-04
  8.8038E-06  1.3744E-04 -2.4938E-05 -2.6388E-04
  8.8950E-06  1.3887E-04 -2.5196E-05 -2.6662E-04
  8.9871E-06  1.4030E-04 -2.5457E-05 -2.6938E-04
  9.0800E-06  1.4175E-04 -2.5720E-05 -2.7216E-04
  9.1737E-06  1.4322E-04 -2.5986E-05 -2.7497E-04
  9.2684E-06  1.4469E-04 -2.6254E-05 -2.7781E-04
  9.3638E-06  1.4618E-04 -2.6524E-05 -2.8067E-04
  9.4602E-06  1.4769E-04 -2.6797E-05 -2.8356E-04
  9.5575E-06  1.4921E-04 -2.7073E-05 -2.8647E-04
  9.6556E-06  1.5074E-04 -2.7351E-05 -2.8942E-04
  9.7547E-06  1.5229E-04 -2.7631E-05 -2.9238E-04
  9.8546E-06  1.5385E-04 -2.7914E-05 -2.9538E-04
  9.9555E-06  1.5542E-04 -2.8200E-05 -2.9840E-04
  1.0057E-05  1.5701E-04 -2.8488E-05 -3.0146E-04
  1.0160E-05  1.5861E-04 -2.8779E-05 -3.0454E-04
  1.0264E-05  1.6023E-04 -2.9073E-05 -3.0764E-04
  1.0368E-05  1.6187E-04 -2.9370E-05 -3.1078E-04
  1.0474E-05  1.6351E-04 -2.9669E-05 -3.1395E-04
  1.0581E-05  1.6518E-04 -2.9971E-05 -3.1714E-04
  1.0688E-05  1.6686E-04 -3.0275E-05 -3.2036E-04
  1.0797E-05  1.6855E-04 -3.0583E-05 -3.2362E-04
  1.0906E-05  1.7026E-04 -3.0893E-05 -3.2690E-04
  1.1017E-05  1.7199E-04 -3.1206E-05 -3.3022E-04
  1.1128E-05  1.7373E-04 -3.1522E-05 -3.3356E-04
  1.1241E-05  1.7549E-04 -3.1841E-05 -3.3693E-04
  1.1355E-05  1.7726E-04 -3.2163E-05 -3.4034E-04
  1.1469E-05  1.7905E-04 -3.2488E-05 -3.4378E-04
  1.1585E-05  1.8086E-04 -3.2816E-05 -3.4725E-04
  1.1702E-05  1.8268E-04 -3.3147E-05 -3.5075E-04
  1.1820E-05  1.8452E-04 -3.3481E-05 -3.5428E-04
  1.1939E-05  1.8638E-04 -3.3818E-05 -3.5785E-04
  1.2059E-05  1.8825E-04 -3.4158E-05 -3.6145E-04
  1.2180E-05  1.9014E-04 -3.4501E-05 -3.6508E-04
  1.2302E-05  1.9205E-04 -3.4847E-05 -3.6874E-04
  1.2426E-05  1.9398E-04 -3.5197E-05 -3.7244E-04
  1.2550E-05  1.9592E-04 -3.5549E-05 -3.7617E-04
  1.2676E-05  1.9788E-04 -3.5905E-05 -3.7994E-04
  1.2803E-05  1.9986E-04 -3.6265E-05 -3.8374E-04
  1.2931E-05  2.0186E-04 -3.6627E-05 -3.8758E-04
  1.3060E-05  2.0388E-04 -3.6993E-05 -3.9145E-04
  1.3190E-05  2.0591E-04 -3.7362E-05 -3.9536E-04
  1.3322E-05  2.0797E-04 -3.7735E-05 -3.9930E-04
  1.3454E-05  2.1004E-04 -3.8111E-05 -4.0328E-04
  1.3588E-05  2.1213E-04 -3.8491E-05 -4.0730E-04
  1.3724E-05  2.1424E-04 -3.8874E-05 -4.1135E-04
  1.3860E-05  2.1637E-04 -3.9260E-05 -4.1544E-04
  1.3998E-05  2.1852E-04 -3.9651E-05 -4.1957E-04
  1.4137E-05  2.2069E-04 -4.0044E-05 -4.2374E-04
  1.4277E-05  2.2288E-04 -4.0442E-05 -4.2794E-04
  1.4419E-05  2.2509E-04 -4.0843E-05 -4.3219E-04
  1.4562E-05  2.2732E-04 -4.1247E-05 -4.3647E-04
  1.4706E-05  2.2957E-04 -4.1656E-05 -4.4079E-04
  1.4851E-05  2.3184E-04 -4.2068E-05 -4.4515E-04
  1.4998E-05  2.3413E-04 -4.2484E-05 -4.4955E-04
  1.5146E-05  2.3645E-04 -4.2904E-05 -4.5399E-04
  1.5296E-05  2.3878E-04 -4.3327E-05 -4.5848E-04
  1.5447E-05  2.4114E-04 -4.3755E-05 -4.6300E-04
  1.5599E-05  2.4352E-04 -4.4186E-05 -4.6757E-04
  1.5753E-05  2.4592E-04 -4.4622E-05 -4.7218E-04
  1.5908E-05  2.4834E-04 -4.5061E-05 -4.7683E-04
  1.6065E-05  2.5078E-04 -4.5505E-05 -4.8152E-04
  1.6223E-05  2.5325E-04 -4.5952E-05 -4.8626E-04
  1.6382E-05  2.5574E-04 -4.6404E-05 -4.9104E-04
  1.6543E-05  2.5825E-04 -4.6860E-05 -4.9586E-04
  1.6706E-05  2.6078E-04 -4.7320E-05 -5.0073E-04
  1.6869E-05  2.6334E-04 -4.7784E-05 -5.0564E-04
  1.7035E-05  2.6592E-04 -4.8253E-05 -5.1060E-04
  1.7202E-05  2.6853E-04 -4.8726E-05 -5.1560E-04
  1.7370E-05  2.7116E-04 -4.9203E-05 -5.2065E-04
  1.7540E-05  2.7381E-04 -4.9685E-05 -5.2575E-04
  1.7712E-05  2.7649E-04 -5.0171E-05 -5.3089E-04
  1.7885E-05  2.7919E-04 -5.0661E-05 -5.3608E-04
  1.8060E-05  2.8192E-04 -5.1156E-05 -5.4132E-04
  1.8236E-05  2.8467E-04 -5.1656E-05 -5.4661E-04
  1.8414E-05  2.8745E-04 -5.2160E-05 -5.5194E-04
  1.8594E-05  2.9025E-04 -5.2669E-05 -5.5733E-04
  1.8775E-05  2.9308E-04 -5.3182E-05 -5.6276E-04
  1.8958E-05  2.9594E-04 -5.3700E-05 -5.6824E-04
  1.9143E-05  2.9882E-04 -5.4223E-05 -5.7378E-04
  1.9329E-05  3.0173E-04 -5.4751E-05 -5.7936E-04
  1.9517E-05  3.0466E-04 -5.5284E-05 -5.8500E-04
  1.9707E-05  3.0763E-04 -5.5821E-05 -5.9069E-04
  1.9898E-05  3.1062E-04 -5.6364E-05 -5.9643E-04
  2.0092E-05  3.1363E-04 -5.6911E-05 -6.0222E-04
  2.0287E-05  3.1668E-04 -5.7464E-05 -6.0807E-04
  2.0483E-05  3.1975E-04 -5.8022E-05 -6.1397E-04
  2.0682E-05  3.2285E-04 -5.8584E-05 -6.1992E-04
  2.0883E-05  3.2598E-04 -5.9152E-05 -6.2593E-04
  2.1085E-05  3.2914E-04 -5.9725E-05 -6.3200E-04
  2.1289E-05  3.3232E-04 -6.0304E-05 -6.3812E-04
  2.1495E-05  3.3554E-04 -6.0887E-05 -6.4429E-04
  2.1703E-05  3.3878E-04 -6.1477E-05 -6.5053E-04
  2.1913E-05  3.4206E-04 -6.2071E-05 -6.5682E-04
  2.2125E-05  3.4537E-04 -6.2671E-05 -6.6317E-04
  2.2339E-05  3.4870E-04 -6.3277E-05 -6.6957E-04
  2.2554E-05  3.5207E-04 -6.3888E-05 -6.7604E-04
  2.2772E-05  3.5547E-04 -6.4504E-05 -6.8257E-04
  2.2992E-05  3.5890E-04 -6.5127E-05 -6.8915E-04
  2.3214E-05  3.6236E-04 -6.5755E-05 -6.9580E-04
  2.3437E-05  3.6585E-04 -6.6389E-05 -7.0251E-04
  2.3663E-05  3.6937E-04 -6.7028E-05 -7.0928E-04
  2.3891E-05  3.7293E-04 -6.7674E-05 -7.1611E-04
  2.4121E-05  3.7652E-04 -6.8326E-05 -7.2300E-04
  2.4353E-05  3.8014E-04 -6.8983E-05 -7.2996E-04
  2.4588E-05  3.8380E-04 -6.9647E-05 -7.3698E-04
  2.4824E-05  3.8749E-04 -7.0316E-05 -7.4407E-04
  2.5063E-05  3.9121E-04 -7.0992E-05 -7.5122E-04
  2.5303E-05  3.9497E-04 -7.1674E-05 -7.5844E-04
  2.5546E-05  3.9876E-04 -7.2363E-05 -7.6572E-04
  2.5792E-05  4.0259E-04 -7.3057E-05 -7.7307E-04
  2.6039E-05  4.0645E-04 -7.3758E-05 -7.8049E-04
  2.6289E-05  4.1035E-04 -7.4466E-05 -7.8798E-04
  2.6541E-05  4.1428E-04 -7.5180E-05 -7.9553E-04
  2.6795E-05  4.1825E-04 -7.5900E-05 -8.0316E-04
  2.7052E-05  4.2226E-04 -7.6628E-05 -8.1085E-04
  2.7311E-05  4.2630E-04 -7.7362E-05 -8.1862E-04
  2.7573E-05  4.3038E-04 -7.8102E-05 -8.2646E-04
  2.7836E-05  4.3450E-04 -7.8850E-05 -8.3437E-04
  2.8103E-05  4.3866E-04 -7.9604E-05 -8.4235E-04
  2.8372E-05  4.4285E-04 -8.0365E-05 -8.5040E-04
  2.8643E-05  4.4708E-04 -8.1134E-05 -8.5853E-04
  2.8917E-05  4.5135E-04 -8.1909E-05 -8.6674E-04
  2.9193E-05  4.5567E-04 -8.2692E-05 -8.7502E-04
  2.9472E-05  4.6002E-04 -8.3481E-05 -8.8337E-04
  2.9753E-05  4.6441E-04 -8.4278E-05 -8.9181E-04
  3.0037E-05  4.6884E-04 -8.5082E-05 -9.0032E-04
  3.0323E-05  4.7331E-04 -8.5894E-05 -9.0891E-04
  3.0613E-05  4.7782E-04 -8.6713E-05 -9.1758E-04
  3.0904E-05  4.8238E-04 -8.7540E-05 -9.2632E-04
  3.1199E-05  4.8697E-04 -8.8374E-05 -9.3515E-04
  3.1496E-05  4.9161E-04 -8.9216E-05 -9.4406E-04
  3.1796E-05  4.9629E-04 -9.0066E-05 -9.5305E-04
  3.2099E-05  5.0101E-04 -9.0924E-05 -9.6213E-04
  3.2404E-05  5.0578E-04 -9.1789E-05 -9.7128E-04
  3.2713E-05  5.1059E-04 -9.2662E-05 -9.8053E-04
  3.3024E-05  5.1545E-04 -9.3544E-05 -9.8985E-04
  3.3338E-05  5.2035E-04 -9.4433E-05 -9.9927E-04
  3.3655E-05  5.2529E-04 -9.5331E-05 -1.0088E-03
  3.3975E-05  5.3028E-04 -9.6237E-05 -1.0184E-03
  3.4298E-05  5.3532E-04 -9.7151E-05 -1.0280E-03
  3.4623E-05  5.4040E-04 -9.8074E-05 -1.0378E-03
  3.4952E-05  5.4553E-04 -9.9005E-05 -1.0476E-03
  3.5284E-05  5.5071E-04 -9.9945E-05 -1.0576E-03
  3.5619E-05  5.5593E-04 -1.0089E-04 -1.0676E-03
  3.5957E-05  5.6121E-04 -1.0185E-04 -1.0778E-03
  3.6298E-05  5.6653E-04 -1.0282E-04 -1.0880E-03
  3.6642E-05  5.7190E-04 -1.0379E-04 -1.0983E-03
  3.6989E-05  5.7732E-04 -1.0478E-04 -1.1087E-03
  3.7340E-05  5.8278E-04 -1.0577E-04 -1.1192E-03
  3.7693E-05  5.8830E-04 -1.0677E-04 -1.1298E-03
  3.8050E-05  5.9387E-04 -1.0778E-04 -1.1405E-03
  3.8411E-05  5.9949E-04 -1.0880E-04 -1.1513E-03
  3.8774E-05  6.0517E-04 -1.0983E-04 -1.1622E-03
  3.9141E-05  6.1089E-04 -1.1087E-04 -1.1732E-03
  3.9511E-05  6.1667E-04 -1.1192E-04 -1.1843E-03
  3.9885E-05  6.2250E-04 -1.1298E-04 -1.1955E-03
  4.0262E-05  6.2838E-04 -1.1405E-04 -1.2068E-03
  4.0643E-05  6.3432E-04 -1.1513E-04 -1.2182E-03
  4.1027E-05  6.4032E-04 -1.1621E-04 -1.2297E-03
  4.1415E-05  6.4636E-04 -1.1731E-04 -1.2414E-03
  4.1806E-05  6.5247E-04 -1.1842E-04 -1.2531E-03
  4.2201E-05  6.5863E-04 -1.1954E-04 -1.2649E-03
  4.2599E-05  6.6484E-04 -1.2067E-04 -1.2769E-03
  4.3001E-05  6.7112E-04 -1.2181E-04 -1.2889E-03
  4.3407E-05  6.7745E-04 -1.2295E-04 -1.3011E-03
  4.3817E-05  6.8384E-04 -1.2412E-04 -1.3134E-03
  4.4230E-05  6.9028E-04 -1.2529E-04 -1.3257E-03
  4.4647E-05  6.9679E-04 -1.2647E-04 -1.3382E-03
  4.5068E-05  7.0336E-04 -1.2766E-04 -1.3509E-03
  4.5493E-05  7.0999E-04 -1.2886E-04 -1.3636E-03
  4.5922E-05  7.1668E-04 -1.3008E-04 -1.3764E-03
  4.6354E-05  7.2343E-04 -1.3130E-04 -1.3894E-03
  4.6791E-05  7.3024E-04 -1.3254E-04 -1.4025E-03
  4.7232E-05  7.3711E-04 -1.3379E-04 -1.4157E-03
  4.7676E-05  7.4405E-04 -1.3505E-04 -1.4290E-03
  4.8125E-05  7.5105E-04 -1.3632E-04 -1.4425E-03
  4.8578E-05  7.5812E-04 -1.3760E-04 -1.4561E-03
  4.9035E-05  7.6525E-04 -1.3890E-04 -1.4698E-03
  4.9497E-05  7.7244E-04 -1.4020E-04 -1.4836E-03
  4.9962E-05  7.7971E-04 -1.4152E-04 -1.4976E-03
  5.0432E-05  7.8704E-04 -1.4285E-04 -1.5116E-03
  5.0906E-05  7.9443E-04 -1.4420E-04 -1.5259E-03
  5.1385E-05  8.0190E-04 -1.4555E-04 -1.5402E-03
  5.1868E-05  8.0943E-04 -1.4692E-04 -1.5547E-03
  5.2355E-05  8.1703E-04 -1.4830E-04 -1.5693E-03
  5.2847E-05  8.2471E-04 -1.4969E-04 -1.5840E-03
  5.3343E-05  8.3245E-04 -1.5110E-04 -1.5989E-03
  5.3844E-05  8.4026E-04 -1.5252E-04 -1.6139E-03
  5.4350E-05  8.4815E-04 -1.5395E-04 -1.6291E-03
  5.4860E-05  8.5611E-04 -1.5540E-04 -1.6444E-03
  5.5375E-05  8.6414E-04 -1.5686E-04 -1.6598E-03
  5.5895E-05  8.7224E-04 -1.5833E-04 -1.6754E-03
  5.6419E-05  8.8042E-04 -1.5981E-04 -1.6911E-03
  5.6948E-05  8.8868E-04 -1.6131E-04 -1.7070E-03
  5.7483E-05  8.9701E-04 -1.6283E-04 -1.7230E-03
  5.8022E-05  9.0542E-04 -1.6435E-04 -1.7391E-03
  5.8566E-05  9.1390E-04 -1.6589E-04 -1.7554E-03
  5.9115E-05  9.2246E-04 -1.6745E-04 -1.7719E-03
  5.9669E-05  9.3110E-04 -1.6902E-04 -1.7885E-03
  6.0228E-05  9.3983E-04 -1.7060E-04 -1.8053E-03
  6.0792E-05  9.4863E-04 -1.7220E-04 -1.8222E-03
  6.1362E-05  9.5751E-04 -1.7381E-04 -1.8392E-03
  6.1936E-05  9.6647E-04 -1.7544E-04 -1.8565E-03
  6.2516E-05  9.7552E-04 -1.7708E-04 -1.8739E-03
  6.3102E-05  9.8465E-04 -1.7874E-04 -1.8914E-03
  6.3693E-05  9.9386E-04 -1.8042E-04 -1.9091E-03
  6.4289E-05  1.0032E-03 -1.8210E-04 -1.9270E-03
  6.4890E-05  1.0125E-03 -1.8381E-04 -1.9450E-03
  6.5498E-05  1.0220E-03 -1.8553E-04 -1.9632E-03
  6.6110E-05  1.0316E-03 -1.8726E-04 -1.9816E-03
  6.6729E-05  1.0412E-03 -1.8902E-04 -2.0001E-03
  6.7353E-05  1.0509E-03 -1.9078E-04 -2.0188E-03
  6.7983E-05  1.0608E-03 -1.9257E-04 -2.0377E-03
  6.8618E-05  1.0707E-03 -1.9437E-04 -2.0568E-03
  6.9260E-05  1.0807E-03 -1.9619E-04 -2.0760E-03
  6.9907E-05  1.0908E-03 -1.9802E-04 -2.0954E-03
  7.0561E-05  1.1010E-03 -1.9987E-04 -2.1150E-03
  7.1220E-05  1.1112E-03 -2.0174E-04 -2.1347E-03
  7.1885E-05  1.1216E-03 -2.0362E-04 -2.1547E-03
  7.2557E-05  1.1321E-03 -2.0552E-04 -2.1748E-03
  7.3235E-05  1.1427E-03 -2.0744E-04 -2.1951E-03
  7.3919E-05  1.1533E-03 -2.0938E-04 -2.2156E-03
  7.4609E-05  1.1641E-03 -2.1134E-04 -2.2363E-03
  7.5305E-05  1.1749E-03 -2.1331E-04 -2.2572E-03
  7.6008E-05  1.1859E-03 -2.1530E-04 -2.2783E-03
  7.6718E-05  1.1970E-03 -2.1731E-04 -2.2995E-03
  7.7434E-05  1.2081E-03 -2.1934E-04 -2.3210E-03
  7.8157E-05  1.2194E-03 -2.2139E-04 -2.3426E-03
  7.8886E-05  1.2308E-03 -2.2345E-04 -2.3645E-03
  7.9622E-05  1.2422E-03 -2.2554E-04 -2.3866E-03
  8.0364E-05  1.2538E-03 -2.2764E-04 -2.4088E-03
  8.1114E-05  1.2655E-03 -2.2976E-04 -2.4313E-03
  8.1870E-05  1.2773E-03 -2.3191E-04 -2.4540E-03
  8.2634E-05  1.2892E-03 -2.3407E-04 -2.4768E-03
  8.3404E-05  1.3012E-03 -2.3625E-04 -2.4999E-03
  8.4182E-05  1.3133E-03 -2.3845E-04 -2.5232E-03
  8.4966E-05  1.3256E-03 -2.4068E-04 -2.5468E-03
  8.5758E-05  1.3379E-03 -2.4292E-04 -2.5705E-03
  8.6558E-05  1.3504E-03 -2.4518E-04 -2.5945E-03
  8.7364E-05  1.3629E-03 -2.4747E-04 -2.6186E-03
  8.8178E-05  1.3756E-03 -2.4977E-04 -2.6430E-03
  8.8999E-05  1.3884E-03 -2.5210E-04 -2.6677E-03
  8.9828E-05  1.4014E-03 -2.5445E-04 -2.6925E-03
  9.0665E-05  1.4144E-03 -2.5682E-04 -2.7176E-03
  9.1509E-05  1.4276E-03 -2.5921E-04 -2.7429E-03
  9.2361E-05  1.4408E-03 -2.6162E-04 -2.7684E-03
  9.3221E-05  1.4542E-03 -2.6406E-04 -2.7942E-03
  9.4089E-05  1.4678E-03 -2.6652E-04 -2.8202E-03
  9.4965E-05  1.4814E-03 -2.6900E-04 -2.8465E-03
  9.5849E-05  1.4952E-03 -2.7150E-04 -2.8730E-03
  9.6741E-05  1.5091E-03 -2.7403E-04 -2.8997E-03
  9.7641E-05  1.5231E-03 -2.7658E-04 -2.9267E-03
  9.8550E-05  1.5373E-03 -2.7915E-04 -2.9539E-03
  9.9466E-05  1.5516E-03 -2.8175E-04 -2.9814E-03
  1.0039E-04  1.5660E-03 -2.8437E-04 -3.0091E-03
  1.0133E-04  1.5805E-03 -2.8702E-04 -3.0371E-03
  1.0227E-04  1.5952E-03 -2.8968E-04 -3.0654E-03
  1.0322E-04  1.6101E-03 -2.9238E-04 -3.0939E-03
  1.0418E-04  1.6250E-03 -2.9510E-04 -3.1226E-03
  1.0515E-04  1.6401E-03 -2.9784E-04 -3.1517E-03
  1.0612E-04  1.6553E-03 -3.0061E-04 -3.1810E-03
  1.0711E-04  1.6707E-03 -3.0340E-04 -3.2105E-03
  1.0811E-04  1.6862E-03 -3.0622E-04 -3.2404E-03
  1.0911E-04  1.7019E-03 -3.0907E-04 -3.2705E-03
  1.1013E-04  1.7177E-03 -3.1194E-04 -3.3009E-03
  1.1115E-04  1.7336E-03 -3.1484E-04 -3.3316E-03
  1.1218E-04  1.7497E-03 -3.1777E-04 -3.3625E-03
  1.1322E-04  1.7660E-03 -3.2072E-04 -3.3938E-03
  1.1428E-04  1.7824E-03 -3.2370E-04 -3.4253E-03
  1.1534E-04  1.7989E-03 -3.2671E-04 -3.4571E-03
  1.1641E-04  1.8156E-03 -3.2974E-04 -3.4892E-03
  1.1749E-04  1.8324E-03 -3.3280E-04 -3.5216E-03
  1.1858E-04  1.8494E-03 -3.3589E-04 -3.5543E-03
  1.1968E-04  1.8666E-03 -3.3901E-04 -3.5873E-03
  1.2079E-04  1.8839E-03 -3.4216E-04 -3.6206E-03
  1.2192E-04  1.9014E-03 -3.4534E-04 -3.6543E-03
  1.2305E-04  1.9190E-03 -3.4854E-04 -3.6882E-03
  1.2419E-04  1.9368E-03 -3.5178E-04 -3.7224E-03
  1.2534E-04  1.9548E-03 -3.5504E-04 -3.7570E-03
  1.2651E-04  1.9729E-03 -3.5834E-04 -3.7918E-03
  1.2768E-04  1.9912E-03 -3.6166E-04 -3.8270E-03
  1.2886E-04  2.0096E-03 -3.6502E-04 -3.8625E-03
  1.3006E-04  2.0282E-03 -3.6841E-04 -3.8984E-03
  1.3127E-04  2.0470E-03 -3.7183E-04 -3.9346E-03
  1.3248E-04  2.0660E-03 -3.7528E-04 -3.9711E-03
  1.3371E-04  2.0852E-03 -3.7876E-04 -4.0079E-03
  1.3495E-04  2.1045E-03 -3.8227E-04 -4.0451E-03
  1.3621E-04  2.1240E-03 -3.8582E-04 -4.0826E-03
  1.3747E-04  2.1436E-03 -3.8939E-04 -4.1205E-03
  1.3874E-04  2.1635E-03 -3.9301E-04 -4.1587E-03
  1.4003E-04  2.1835E-03 -3.9665E-04 -4.1972E-03
  1.4133E-04  2.2038E-03 -4.0033E-04 -4.2362E-03
  1.4264E-04  2.2242E-03 -4.0404E-04 -4.2754E-03
  1.4396E-04  2.2448E-03 -4.0779E-04 -4.3151E-03
  1.4530E-04  2.2655E-03 -4.1157E-04 -4.3551E-03
  1.4664E-04  2.2865E-03 -4.1538E-04 -4.3955E-03
  1.4800E-04  2.3077E-03 -4.1923E-04 -4.4362E-03
  1.4937E-04  2.3290E-03 -4.2312E-04 -4.4773E-03
  1.5076E-04  2.3506E-03 -4.2704E-04 -4.5188E-03
  1.5216E-04  2.3724E-03 -4.3100E-04 -4.5607E-03
  1.5357E-04  2.3943E-03 -4.3499E-04 -4.6030E-03
  1.5499E-04  2.4165E-03 -4.3902E-04 -4.6456E-03
  1.5642E-04  2.4388E-03 -4.4309E-04 -4.6886E-03
  1.5787E-04  2.4614E-03 -4.4720E-04 -4.7321E-03
  1.5934E-04  2.4842E-03 -4.5134E-04 -4.7759E-03
  1.6081E-04  2.5071E-03 -4.5552E-04 -4.8202E-03
  1.6230E-04  2.5303E-03 -4.5974E-04 -4.8648E-03
  1.6381E-04  2.5537E-03 -4.6400E-04 -4.9099E-03
  1.6532E-04  2.5773E-03 -4.6829E-04 -4.9554E-03
  1.6685E-04  2.6012E-03 -4.7263E-04 -5.0013E-03
  1.6840E-04  2.6252E-03 -4.7701E-04 -5.0476E-03
  1.6996E-04  2.6495E-03 -4.8143E-04 -5.0943E-03
  1.7153E-04  2.6740E-03 -4.8588E-04 -5.1415E-03
  1.7312E-04  2.6987E-03 -4.9038E-04 -5.1891E-03
  1.7472E-04  2.7237E-03 -4.9492E-04 -5.2371E-03
  1.7634E-04  2.7488E-03 -4.9951E-04 -5.2856E-03
  1.7797E-04  2.7743E-03 -5.0413E-04 -5.3346E-03
  1.7962E-04  2.7999E-03 -5.0880E-04 -5.3839E-03
  1.8128E-04  2.8258E-03 -5.1351E-04 -5.4338E-03
  1.8296E-04  2.8519E-03 -5.1826E-04 -5.4841E-03
  1.8466E-04  2.8782E-03 -5.2306E-04 -5.5348E-03
  1.8636E-04  2.9048E-03 -5.2790E-04 -5.5861E-03
  1.8809E-04  2.9317E-03 -5.3278E-04 -5.6378E-03
  1.8983E-04  2.9587E-03 -5.3771E-04 -5.6899E-03
  1.9159E-04  2.9861E-03 -5.4269E-04 -5.7426E-03
  1.9336E-04  3.0137E-03 -5.4771E-04 -5.7957E-03
  1.9515E-04  3.0415E-03 -5.5278E-04 -5.8493E-03
  1.9695E-04  3.0696E-03 -5.5789E-04 -5.9035E-03
  1.9878E-04  3.0979E-03 -5.6305E-04 -5.9581E-03
  2.0062E-04  3.1265E-03 -5.6826E-04 -6.0132E-03
  2.0247E-04  3.1554E-03 -5.7352E-04 -6.0688E-03
  2.0434E-04  3.1845E-03 -5.7883E-04 -6.1250E-03
  2.0623E-04  3.2139E-03 -5.8418E-04 -6.1816E-03
  2.0814E-04  3.2436E-03 -5.8958E-04 -6.2388E-03
  2.1007E-04  3.2736E-03 -5.9504E-04 -6.2965E-03
  2.1201E-04  3.3038E-03 -6.0054E-04 -6.3547E-03
  2.1397E-04  3.3343E-03 -6.0609E-04 -6.4135E-03
  2.1595E-04  3.3650E-03 -6.1170E-04 -6.4728E-03
  2.1795E-04  3.3961E-03 -6.1735E-04 -6.5327E-03
  2.1996E-04  3.4274E-03 -6.2306E-04 -6.5931E-03
  2.2199E-04  3.4591E-03 -6.2882E-04 -6.6540E-03
  2.2405E-04  3.4910E-03 -6.3464E-04 -6.7155E-03
  2.2612E-04  3.5232E-03 -6.4050E-04 -6.7776E-03
  2.2821E-04  3.5557E-03 -6.4643E-04 -6.8403E-03
  2.3032E-04  3.5885E-03 -6.5240E-04 -6.9035E-03
  2.3245E-04  3.6216E-03 -6.5843E-04 -6.9673E-03
  2.3460E-04  3.6550E-03 -6.6452E-04 -7.0317E-03
  2.3676E-04  3.6887E-03 -6.7066E-04 -7.0967E-03
  2.3895E-04  3.7227E-03 -6.7686E-04 -7.1623E-03
  2.4116E-04  3.7571E-03 -6.8312E-04 -7.2285E-03
  2.4339E-04  3.7917E-03 -6.8943E-04 -7.2953E-03
  2.4564E-04  3.8267E-03 -6.9580E-04 -7.3628E-03
  2.4791E-04  3.8620E-03 -7.0223E-04 -7.4308E-03
  2.5020E-04  3.8976E-03 -7.0872E-04 -7.4995E-03
  2.5251E-04  3.9335E-03 -7.1527E-04 -7.5688E-03
  2.5485E-04  3.9698E-03 -7.2188E-04 -7.6387E-03
  2.5720E-04  4.0064E-03 -7.2855E-04 -7.7093E-03
  2.5958E-04  4.0433E-03 -7.3528E-04 -7.7805E-03
  2.6198E-04  4.0806E-03 -7.4207E-04 -7.8524E-03
  2.6440E-04  4.1182E-03 -7.4893E-04 -7.9249E-03
  2.6684E-04  4.1561E-03 -7.5585E-04 -7.9982E-03
  2.6930E-04  4.1944E-03 -7.6283E-04 -8.0720E-03
  2.7179E-04  4.2331E-03 -7.6988E-04 -8.1466E-03
  2.7430E-04  4.2721E-03 -7.7699E-04 -8.2219E-03
  2.7684E-04  4.3115E-03 -7.8417E-04 -8.2978E-03
  2.7939E-04  4.3512E-03 -7.9141E-04 -8.3745E-03
  2.8197E-04  4.3913E-03 -7.9872E-04 -8.4518E-03
  2.8458E-04  4.4317E-03 -8.0610E-04 -8.5299E-03
  2.8721E-04  4.4726E-03 -8.1354E-04 -8.6086E-03
  2.8986E-04  4.5137E-03 -8.2105E-04 -8.6881E-03
  2.9254E-04  4.5553E-03 -8.2864E-04 -8.7684E-03
  2.9524E-04  4.5973E-03 -8.3629E-04 -8.8494E-03
  2.9796E-04  4.6396E-03 -8.4401E-04 -8.9311E-03
  3.0071E-04  4.6823E-03 -8.5180E-04 -9.0135E-03
  3.0349E-04  4.7255E-03 -8.5967E-04 -9.0968E-03
  3.0629E-04  4.7690E-03 -8.6761E-04 -9.1808E-03
  3.0912E-04  4.8129E-03 -8.7562E-04 -9.2655E-03
  3.1198E-04  4.8572E-03 -8.8370E-04 -9.3511E-03
  3.1486E-04  4.9019E-03 -8.9186E-04 -9.4374E-03
  3.1776E-04  4.9470E-03 -9.0009E-04 -9.5245E-03
  3.2070E-04  4.9926E-03 -9.0840E-04 -9.6125E-03
  3.2366E-04  5.0385E-03 -9.1679E-04 -9.7012E-03
  3.2664E-04  5.0849E-03 -9.2525E-04 -9.7908E-03
  3.2966E-04  5.1317E-03 -9.3379E-04 -9.8811E-03
  3.3270E-04  5.1789E-03 -9.4241E-04 -9.9724E-03
  3.3577E-04  5.2266E-03 -9.5111E-04 -1.0064E-02
  3.3887E-04  5.2747E-03 -9.5989E-04 -1.0157E-02
  3.4200E-04  5.3232E-03 -9.6875E-04 -1.0251E-02
  3.4516E-04  5.3722E-03 -9.7769E-04 -1.0346E-02
  3.4834E-04  5.4216E-03 -9.8672E-04 -1.0441E-02
  3.5156E-04  5.4715E-03 -9.9582E-04 -1.0538E-02
  3.5480E-04  5.5218E-03 -1.0050E-03 -1.0635E-02
  3.5808E-04  5.5726E-03 -1.0143E-03 -1.0733E-02
  3.6138E-04  5.6239E-03 -1.0236E-03 -1.0832E-02
  3.6472E-04  5.6756E-03 -1.0331E-03 -1.0932E-02
  3.6808E-04  5.7278E-03 -1.0426E-03 -1.1033E-02
  3.7148E-04  5.7805E-03 -1.0522E-03 -1.1135E-02
  3.7491E-04  5.8337E-03 -1.0620E-03 -1.1237E-02
  3.7836E-04  5.8873E-03 -1.0718E-03 -1.1341E-02
  3.8186E-04  5.9414E-03 -1.0816E-03 -1.1446E-02
  3.8538E-04  5.9961E-03 -1.0916E-03 -1.1551E-02
  3.8893E-04  6.0512E-03 -1.1017E-03 -1.1658E-02
  3.9252E-04  6.1068E-03 -1.1119E-03 -1.1765E-02
  3.9614E-04  6.1630E-03 -1.1221E-03 -1.1874E-02
  3.9980E-04  6.2196E-03 -1.1325E-03 -1.1983E-02
  4.0349E-04  6.2768E-03 -1.1429E-03 -1.2094E-02
  4.0721E-04  6.3345E-03 -1.1535E-03 -1.2206E-02
  4.1097E-04  6.3927E-03 -1.1641E-03 -1.2318E-02
  4.1476E-04  6.4514E-03 -1.1748E-03 -1.2432E-02
  4.1858E-04  6.5107E-03 -1.1857E-03 -1.2546E-02
  4.2244E-04  6.5705E-03 -1.1966E-03 -1.2662E-02
  4.2634E-04  6.6309E-03 -1.2077E-03 -1.2779E-02
  4.3027E-04  6.6918E-03 -1.2188E-03 -1.2897E-02
  4.3424E-04  6.7533E-03 -1.2300E-03 -1.3016E-02
  4.3825E-04  6.8154E-03 -1.2414E-03 -1.3136E-02
  4.4229E-04  6.8780E-03 -1.2528E-03 -1.3257E-02
  4.4637E-04  6.9412E-03 -1.2644E-03 -1.3379E-02
  4.5048E-04  7.0049E-03 -1.2760E-03 -1.3503E-02
  4.5464E-04  7.0692E-03 -1.2878E-03 -1.3627E-02
  4.5883E-04  7.1342E-03 -1.2997E-03 -1.3753E-02
  4.6306E-04  7.1997E-03 -1.3117E-03 -1.3880E-02
  4.6733E-04  7.2658E-03 -1.3238E-03 -1.4008E-02
  4.7164E-04  7.3325E-03 -1.3360E-03 -1.4137E-02
  4.7599E-04  7.3998E-03 -1.3483E-03 -1.4267E-02
  4.8038E-04  7.4678E-03 -1.3607E-03 -1.4399E-02
  4.8481E-04  7.5363E-03 -1.3733E-03 -1.4532E-02
  4.8928E-04  7.6055E-03 -1.3859E-03 -1.4666E-02
  4.9379E-04  7.6754E-03 -1.3987E-03 -1.4801E-02
  4.9835E-04  7.7458E-03 -1.4116E-03 -1.4937E-02
  5.0294E-04  7.8169E-03 -1.4246E-03 -1.5075E-02
  5.0758E-04  7.8886E-03 -1.4378E-03 -1.5214E-02
  5.1226E-04  7.9610E-03 -1.4510E-03 -1.5354E-02
  5.1698E-04  8.0341E-03 -1.4644E-03 -1.5496E-02
  5.2175E-04  8.1078E-03 -1.4779E-03 -1.5639E-02
  5.2656E-04  8.1822E-03 -1.4915E-03 -1.5783E-02
  5.3141E-04  8.2573E-03 -1.5053E-03 -1.5928E-02
  5.3631E-04  8.3330E-03 -1.5192E-03 -1.6075E-02
  5.4125E-04  8.4095E-03 -1.5332E-03 -1.6223E-02
  5.4624E-04  8.4866E-03 -1.5473E-03 -1.6373E-02
  5.5128E-04  8.5645E-03 -1.5616E-03 -1.6524E-02
  5.5636E-04  8.6430E-03 -1.5759E-03 -1.6676E-02
  5.6149E-04  8.7223E-03 -1.5905E-03 -1.6830E-02
  5.6666E-04  8.8023E-03 -1.6051E-03 -1.6985E-02
  5.7189E-04  8.8830E-03 -1.6199E-03 -1.7142E-02
  5.7716E-04  8.9645E-03 -1.6349E-03 -1.7300E-02
  5.8248E-04  9.0467E-03 -1.6499E-03 -1.7459E-02
  5.8785E-04  9.1296E-03 -1.6651E-03 -1.7620E-02
  5.9327E-04  9.2133E-03 -1.6805E-03 -1.7782E-02
  5.9873E-04  9.2978E-03 -1.6960E-03 -1.7946E-02
  6.0425E-04  9.3830E-03 -1.7116E-03 -1.8112E-02
  6.0982E-04  9.4690E-03 -1.7274E-03 -1.8279E-02
  6.1544E-04  9.5558E-03 -1.7433E-03 -1.8447E-02
  6.2112E-04  9.6434E-03 -1.7594E-03 -1.8617E-02
  6.2684E-04  9.7317E-03 -1.7756E-03 -1.8789E-02
  6.3262E-04  9.8209E-03 -1.7920E-03 -1.8962E-02
  6.3845E-04  9.9109E-03 -1.8085E-03 -1.9137E-02
  6.4433E-04  1.0002E-02 -1.8251E-03 -1.9313E-02
  6.5027E-04  1.0093E-02 -1.8420E-03 -1.9491E-02
  6.5626E-04  1.0186E-02 -1.8589E-03 -1.9671E-02
  6.6231E-04  1.0279E-02 -1.8761E-03 -1.9852E-02
  6.6841E-04  1.0373E-02 -1.8933E-03 -2.0035E-02
  6.7457E-04  1.0468E-02 -1.9108E-03 -2.0219E-02
  6.8079E-04  1.0564E-02 -1.9284E-03 -2.0406E-02
  6.8706E-04  1.0661E-02 -1.9462E-03 -2.0594E-02
  6.9339E-04  1.0758E-02 -1.9641E-03 -2.0784E-02
  6.9978E-04  1.0857E-02 -1.9822E-03 -2.0975E-02
  7.0623E-04  1.0956E-02 -2.0005E-03 -2.1168E-02
  7.1274E-04  1.1057E-02 -2.0189E-03 -2.1363E-02
  7.1930E-04  1.1158E-02 -2.0375E-03 -2.1560E-02
  7.2593E-04  1.1260E-02 -2.0563E-03 -2.1759E-02
  7.3262E-04  1.1363E-02 -2.0752E-03 -2.1959E-02
  7.3937E-04  1.1467E-02 -2.0943E-03 -2.2162E-02
  7.4618E-04  1.1572E-02 -2.1136E-03 -2.2366E-02
  7.5306E-04  1.1678E-02 -2.1331E-03 -2.2572E-02
  7.5999E-04  1.1785E-02 -2.1528E-03 -2.2780E-02
  7.6700E-04  1.1893E-02 -2.1726E-03 -2.2990E-02
  7.7406E-04  1.2001E-02 -2.1926E-03 -2.3202E-02
  7.8119E-04  1.2111E-02 -2.2128E-03 -2.3415E-02
  7.8839E-04  1.2222E-02 -2.2332E-03 -2.3631E-02
  7.9565E-04  1.2334E-02 -2.2538E-03 -2.3849E-02
  8.0298E-04  1.2447E-02 -2.2745E-03 -2.4068E-02
  8.1038E-04  1.2560E-02 -2.2955E-03 -2.4290E-02
  8.1785E-04  1.2675E-02 -2.3166E-03 -2.4514E-02
  8.2538E-04  1.2791E-02 -2.3380E-03 -2.4740E-02
  8.3299E-04  1.2908E-02 -2.3595E-03 -2.4968E-02
  8.4066E-04  1.3026E-02 -2.3813E-03 -2.5198E-02
  8.4840E-04  1.3145E-02 -2.4032E-03 -2.5430E-02
  8.5622E-04  1.3265E-02 -2.4253E-03 -2.5664E-02
  8.6411E-04  1.3387E-02 -2.4477E-03 -2.5900E-02
  8.7206E-04  1.3509E-02 -2.4702E-03 -2.6139E-02
  8.8010E-04  1.3632E-02 -2.4930E-03 -2.6380E-02
  8.8820E-04  1.3757E-02 -2.5159E-03 -2.6623E-02
  8.9639E-04  1.3883E-02 -2.5391E-03 -2.6868E-02
  9.0464E-04  1.4010E-02 -2.5625E-03 -2.7116E-02
  9.1298E-04  1.4138E-02 -2.5861E-03 -2.7365E-02
  9.2138E-04  1.4267E-02 -2.6099E-03 -2.7617E-02
  9.2987E-04  1.4397E-02 -2.6340E-03 -2.7872E-02
  9.3844E-04  1.4528E-02 -2.6582E-03 -2.8128E-02
  9.4708E-04  1.4661E-02 -2.6827E-03 -2.8387E-02
  9.5580E-04  1.4795E-02 -2.7074E-03 -2.8649E-02
  9.6461E-04  1.4930E-02 -2.7323E-03 -2.8913E-02
  9.7349E-04  1.5066E-02 -2.7575E-03 -2.9179E-02
  9.8246E-04  1.5204E-02 -2.7829E-03 -2.9448E-02
  9.9151E-04  1.5343E-02 -2.8085E-03 -2.9719E-02
  1.0006E-03  1.5483E-02 -2.8344E-03 -2.9993E-02
  1.0099E-03  1.5624E-02 -2.8605E-03 -3.0269E-02
  1.0192E-03  1.5767E-02 -2.8869E-03 -3.0548E-02
  1.0285E-03  1.5910E-02 -2.9134E-03 -3.0829E-02
  1.0380E-03  1.6056E-02 -2.9403E-03 -3.1113E-02
  1.0476E-03  1.6202E-02 -2.9674E-03 -3.1400E-02
  1.0572E-03  1.6350E-02 -2.9947E-03 -3.1689E-02
  1.0670E-03  1.6499E-02 -3.0223E-03 -3.1981E-02
  1.0768E-03  1.6649E-02 -3.0501E-03 -3.2275E-02
  1.0867E-03  1.6801E-02 -3.0782E-03 -3.2572E-02
  1.0967E-03  1.6954E-02 -3.1065E-03 -3.2872E-02
  1.1068E-03  1.7109E-02 -3.1351E-03 -3.3175E-02
  1.1170E-03  1.7265E-02 -3.1640E-03 -3.3481E-02
  1.1273E-03  1.7422E-02 -3.1931E-03 -3.3789E-02
  1.1377E-03  1.7581E-02 -3.2225E-03 -3.4100E-02
  1.1481E-03  1.7741E-02 -3.2522E-03 -3.4414E-02
  1.1587E-03  1.7903E-02 -3.2822E-03 -3.4731E-02
  1.1694E-03  1.8066E-02 -3.3124E-03 -3.5051E-02
  1.1802E-03  1.8231E-02 -3.3429E-03 -3.5373E-02
  1.1910E-03  1.8397E-02 -3.3737E-03 -3.5699E-02
  1.2020E-03  1.8564E-02 -3.4047E-03 -3.6028E-02
  1.2131E-03  1.8734E-02 -3.4361E-03 -3.6360E-02
  1.2242E-03  1.8904E-02 -3.4677E-03 -3.6694E-02
  1.2355E-03  1.9076E-02 -3.4997E-03 -3.7032E-02
  1.2469E-03  1.9250E-02 -3.5319E-03 -3.7373E-02
  1.2584E-03  1.9425E-02 -3.5644E-03 -3.7717E-02
  1.2699E-03  1.9602E-02 -3.5972E-03 -3.8065E-02
  1.2816E-03  1.9780E-02 -3.6304E-03 -3.8415E-02
  1.2934E-03  1.9960E-02 -3.6638E-03 -3.8769E-02
  1.3053E-03  2.0142E-02 -3.6975E-03 -3.9126E-02
  1.3174E-03  2.0325E-02 -3.7316E-03 -3.9486E-02
  1.3295E-03  2.0510E-02 -3.7659E-03 -3.9850E-02
  1.3417E-03  2.0697E-02 -3.8006E-03 -4.0217E-02
  1.3541E-03  2.0885E-02 -3.8356E-03 -4.0587E-02
  1.3666E-03  2.1075E-02 -3.8709E-03 -4.0961E-02
  1.3791E-03  2.1267E-02 -3.9065E-03 -4.1338E-02
  1.3918E-03  2.1460E-02 -3.9425E-03 -4.1718E-02
  1.4047E-03  2.1655E-02 -3.9788E-03 -4.2102E-02
  1.4176E-03  2.1852E-02 -4.0154E-03 -4.2490E-02
  1.4306E-03  2.2050E-02 -4.0524E-03 -4.2881E-02
  1.4438E-03  2.2251E-02 -4.0897E-03 -4.3276E-02
  1.4571E-03  2.2453E-02 -4.1274E-03 -4.3675E-02
  1.4705E-03  2.2657E-02 -4.1654E-03 -4.4077E-02
  1.4841E-03  2.2863E-02 -4.2037E-03 -4.4482E-02
  1.4977E-03  2.3070E-02 -4.2424E-03 -4.4892E-02
  1.5115E-03  2.3280E-02 -4.2815E-03 -4.5305E-02
  1.5254E-03  2.3491E-02 -4.3209E-03 -4.5722E-02
  1.5395E-03  2.3704E-02 -4.3607E-03 -4.6143E-02
  1.5536E-03  2.3920E-02 -4.4008E-03 -4.6568E-02
  1.5679E-03  2.4137E-02 -4.4413E-03 -4.6997E-02
  1.5824E-03  2.4356E-02 -4.4822E-03 -4.7429E-02
  1.5969E-03  2.4577E-02 -4.5235E-03 -4.7866E-02
  1.6116E-03  2.4800E-02 -4.5651E-03 -4.8307E-02
  1.6265E-03  2.5025E-02 -4.6072E-03 -4.8751E-02
  1.6415E-03  2.5252E-02 -4.6496E-03 -4.9200E-02
  1.6566E-03  2.5481E-02 -4.6924E-03 -4.9653E-02
  1.6718E-03  2.5712E-02 -4.7356E-03 -5.0110E-02
  1.6872E-03  2.5945E-02 -4.7792E-03 -5.0572E-02
  1.7027E-03  2.6180E-02 -4.8232E-03 -5.1037E-02
  1.7184E-03  2.6417E-02 -4.8676E-03 -5.1507E-02
  1.7342E-03  2.6657E-02 -4.9124E-03 -5.1981E-02
  1.7502E-03  2.6898E-02 -4.9576E-03 -5.2460E-02
  1.7663E-03  2.7142E-02 -5.0032E-03 -5.2942E-02
  1.7826E-03  2.7388E-02 -5.0493E-03 -5.3430E-02
  1.7990E-03  2.7636E-02 -5.0958E-03 -5.3922E-02
  1.8155E-03  2.7886E-02 -5.1427E-03 -5.4418E-02
  1.8323E-03  2.8138E-02 -5.1900E-03 -5.4919E-02
  1.8491E-03  2.8393E-02 -5.2378E-03 -5.5424E-02
  1.8661E-03  2.8650E-02 -5.2860E-03 -5.5935E-02
  1.8833E-03  2.8909E-02 -5.3347E-03 -5.6450E-02
  1.9007E-03  2.9171E-02 -5.3838E-03 -5.6969E-02
  1.9182E-03  2.9435E-02 -5.4333E-03 -5.7494E-02
  1.9358E-03  2.9701E-02 -5.4833E-03 -5.8023E-02
  1.9536E-03  2.9969E-02 -5.5338E-03 -5.8557E-02
  1.9716E-03  3.0240E-02 -5.5848E-03 -5.9096E-02
  1.9898E-03  3.0514E-02 -5.6362E-03 -5.9640E-02
  2.0081E-03  3.0789E-02 -5.6880E-03 -6.0189E-02
  2.0266E-03  3.1068E-02 -5.7404E-03 -6.0743E-02
  2.0452E-03  3.1348E-02 -5.7932E-03 -6.1302E-02
  2.0640E-03  3.1632E-02 -5.8466E-03 -6.1866E-02
  2.0830E-03  3.1917E-02 -5.9004E-03 -6.2436E-02
  2.1022E-03  3.2205E-02 -5.9547E-03 -6.3010E-02
  2.1216E-03  3.2496E-02 -6.0095E-03 -6.3590E-02
  2.1411E-03  3.2790E-02 -6.0648E-03 -6.4176E-02
  2.1608E-03  3.3085E-02 -6.1206E-03 -6.4766E-02
  2.1807E-03  3.3384E-02 -6.1770E-03 -6.5362E-02
  2.2008E-03  3.3685E-02 -6.2338E-03 -6.5964E-02
  2.2210E-03  3.3989E-02 -6.2912E-03 -6.6571E-02
  2.2415E-03  3.4296E-02 -6.3491E-03 -6.7184E-02
  2.2621E-03  3.4605E-02 -6.4076E-03 -6.7802E-02
  2.2829E-03  3.4917E-02 -6.4665E-03 -6.8426E-02
  2.3039E-03  3.5231E-02 -6.5260E-03 -6.9056E-02
  2.3251E-03  3.5549E-02 -6.5861E-03 -6.9692E-02
  2.3465E-03  3.5869E-02 -6.6467E-03 -7.0333E-02
  2.3681E-03  3.6192E-02 -6.7079E-03 -7.0980E-02
  2.3899E-03  3.6518E-02 -6.7696E-03 -7.1634E-02
  2.4119E-03  3.6847E-02 -6.8320E-03 -7.2293E-02
  2.4341E-03  3.7179E-02 -6.8948E-03 -7.2958E-02
  2.4565E-03  3.7513E-02 -6.9583E-03 -7.3630E-02
  2.4791E-03  3.7851E-02 -7.0223E-03 -7.4307E-02
  2.5019E-03  3.8191E-02 -7.0870E-03 -7.4991E-02
  2.5250E-03  3.8535E-02 -7.1522E-03 -7.5681E-02
  2.5482E-03  3.8881E-02 -7.2180E-03 -7.6378E-02
  2.5717E-03  3.9231E-02 -7.2844E-03 -7.7081E-02
  2.5953E-03  3.9583E-02 -7.3515E-03 -7.7790E-02
  2.6192E-03  3.9939E-02 -7.4192E-03 -7.8506E-02
  2.6433E-03  4.0298E-02 -7.4874E-03 -7.9229E-02
  2.6677E-03  4.0660E-02 -7.5563E-03 -7.9958E-02
  2.6922E-03  4.1025E-02 -7.6259E-03 -8.0694E-02
  2.7170E-03  4.1393E-02 -7.6961E-03 -8.1436E-02
  2.7420E-03  4.1765E-02 -7.7669E-03 -8.2186E-02
  2.7672E-03  4.2139E-02 -7.8384E-03 -8.2942E-02
  2.7927E-03  4.2517E-02 -7.9105E-03 -8.3706E-02
  2.8184E-03  4.2899E-02 -7.9833E-03 -8.4476E-02
  2.8443E-03  4.3283E-02 -8.0568E-03 -8.5253E-02
  2.8705E-03  4.3671E-02 -8.1309E-03 -8.6038E-02
  2.8969E-03  4.4063E-02 -8.2058E-03 -8.6830E-02
  2.9236E-03  4.4458E-02 -8.2813E-03 -8.7629E-02
  2.9505E-03  4.4856E-02 -8.3575E-03 -8.8435E-02
  2.9777E-03  4.5258E-02 -8.4344E-03 -8.9249E-02
  3.0051E-03  4.5663E-02 -8.5120E-03 -9.0070E-02
  3.0327E-03  4.6071E-02 -8.5904E-03 -9.0899E-02
  3.0606E-03  4.6484E-02 -8.6694E-03 -9.1736E-02
  3.0888E-03  4.6900E-02 -8.7492E-03 -9.2580E-02
  3.1172E-03  4.7319E-02 -8.8297E-03 -9.3432E-02
  3.1459E-03  4.7742E-02 -8.9110E-03 -9.4292E-02
  3.1749E-03  4.8169E-02 -8.9930E-03 -9.5159E-02
  3.2041E-03  4.8599E-02 -9.0758E-03 -9.6035E-02
  3.2336E-03  4.9033E-02 -9.1593E-03 -9.6919E-02
  3.2633E-03  4.9471E-02 -9.2436E-03 -9.7811E-02
  3.2933E-03  4.9913E-02 -9.3286E-03 -9.8711E-02
  3.3237E-03  5.0359E-02 -9.4145E-03 -9.9619E-02
  3.3542E-03  5.0808E-02 -9.5011E-03 -1.0054E-01
  3.3851E-03  5.1261E-02 -9.5885E-03 -1.0146E-01
  3.4163E-03  5.1718E-02 -9.6768E-03 -1.0239E-01
  3.4477E-03  5.2179E-02 -9.7658E-03 -1.0334E-01
  3.4794E-03  5.2645E-02 -9.8557E-03 -1.0429E-01
  3.5115E-03  5.3114E-02 -9.9464E-03 -1.0525E-01
  3.5438E-03  5.3587E-02 -1.0038E-02 -1.0622E-01
  3.5764E-03  5.4064E-02 -1.0130E-02 -1.0719E-01
  3.6093E-03  5.4545E-02 -1.0224E-02 -1.0818E-01
  3.6425E-03  5.5031E-02 -1.0318E-02 -1.0918E-01
  3.6760E-03  5.5520E-02 -1.0413E-02 -1.1018E-01
  3.7099E-03  5.6014E-02 -1.0508E-02 -1.1119E-01
  3.7440E-03  5.6512E-02 -1.0605E-02 -1.1222E-01
  3.7784E-03  5.7014E-02 -1.0703E-02 -1.1325E-01
  3.8132E-03  5.7521E-02 -1.0801E-02 -1.1429E-01
  3.8483E-03  5.8032E-02 -1.0901E-02 -1.1534E-01
  3.8837E-03  5.8547E-02 -1.1001E-02 -1.1640E-01
  3.9195E-03  5.9066E-02 -1.1102E-02 -1.1748E-01
  3.9555E-03  5.9590E-02 -1.1204E-02 -1.1856E-01
  3.9919E-03  6.0119E-02 -1.1307E-02 -1.1965E-01
  4.0287E-03  6.0652E-02 -1.1411E-02 -1.2075E-01
  4.0657E-03  6.1190E-02 -1.1516E-02 -1.2186E-01
  4.1032E-03  6.1732E-02 -1.1622E-02 -1.2298E-01
  4.1409E-03  6.2279E-02 -1.1729E-02 -1.2411E-01
  4.1790E-03  6.2830E-02 -1.1837E-02 -1.2525E-01
  4.2175E-03  6.3386E-02 -1.1946E-02 -1.2641E-01
  4.2563E-03  6.3947E-02 -1.2056E-02 -1.2757E-01
  4.2954E-03  6.4512E-02 -1.2167E-02 -1.2874E-01
  4.3350E-03  6.5083E-02 -1.2279E-02 -1.2993E-01
  4.3749E-03  6.5658E-02 -1.2392E-02 -1.3112E-01
  4.4151E-03  6.6238E-02 -1.2506E-02 -1.3233E-01
  4.4558E-03  6.6823E-02 -1.2621E-02 -1.3355E-01
  4.4968E-03  6.7413E-02 -1.2737E-02 -1.3478E-01
  4.5381E-03  6.8007E-02 -1.2854E-02 -1.3602E-01
  4.5799E-03  6.8607E-02 -1.2973E-02 -1.3727E-01
  4.6220E-03  6.9212E-02 -1.3092E-02 -1.3853E-01
  4.6646E-03  6.9822E-02 -1.3213E-02 -1.3981E-01
  4.7075E-03  7.0437E-02 -1.3334E-02 -1.4109E-01
  4.7508E-03  7.1057E-02 -1.3457E-02 -1.4239E-01
  4.7945E-03  7.1683E-02 -1.3581E-02 -1.4370E-01
  4.8386E-03  7.2313E-02 -1.3706E-02 -1.4502E-01
  4.8832E-03  7.2949E-02 -1.3832E-02 -1.4636E-01
  4.9281E-03  7.3590E-02 -1.3959E-02 -1.4770E-01
  4.9735E-03  7.4237E-02 -1.4087E-02 -1.4906E-01
  5.0192E-03  7.4889E-02 -1.4217E-02 -1.5043E-01
  5.0654E-03  7.5547E-02 -1.4348E-02 -1.5182E-01
  5.1120E-03  7.6209E-02 -1.4480E-02 -1.5321E-01
  5.1591E-03  7.6878E-02 -1.4613E-02 -1.5462E-01
  5.2065E-03  7.7552E-02 -1.4748E-02 -1.5605E-01
  5.2544E-03  7.8231E-02 -1.4883E-02 -1.5748E-01
  5.3028E-03  7.8917E-02 -1.5020E-02 -1.5893E-01
  5.3516E-03  7.9607E-02 -1.5158E-02 -1.6039E-01
  5.4008E-03  8.0304E-02 -1.5298E-02 -1.6187E-01
  5.4505E-03  8.1006E-02 -1.5439E-02 -1.6336E-01
  5.5007E-03  8.1715E-02 -1.5581E-02 -1.6486E-01
  5.5513E-03  8.2429E-02 -1.5724E-02 -1.6638E-01
  5.6024E-03  8.3148E-02 -1.5869E-02 -1.6791E-01
  5.6539E-03  8.3874E-02 -1.6015E-02 -1.6945E-01
  5.7059E-03  8.4606E-02 -1.6162E-02 -1.7101E-01
  5.7584E-03  8.5344E-02 -1.6311E-02 -1.7258E-01
  5.8114E-03  8.6088E-02 -1.6461E-02 -1.7417E-01
  5.8649E-03  8.6837E-02 -1.6612E-02 -1.7577E-01
  5.9189E-03  8.7594E-02 -1.6765E-02 -1.7739E-01
  5.9733E-03  8.8356E-02 -1.6919E-02 -1.7902E-01
  6.0283E-03  8.9124E-02 -1.7075E-02 -1.8067E-01
  6.0838E-03  8.9899E-02 -1.7232E-02 -1.8233E-01
  6.1397E-03  9.0680E-02 -1.7391E-02 -1.8401E-01
  6.1962E-03  9.1467E-02 -1.7551E-02 -1.8570E-01
  6.2532E-03  9.2261E-02 -1.7712E-02 -1.8741E-01
  6.3108E-03  9.3061E-02 -1.7875E-02 -1.8913E-01
  6.3689E-03  9.3868E-02 -1.8040E-02 -1.9087E-01
  6.4275E-03  9.4681E-02 -1.8205E-02 -1.9263E-01
  6.4866E-03  9.5501E-02 -1.8373E-02 -1.9440E-01
  6.5463E-03  9.6327E-02 -1.8542E-02 -1.9619E-01
  6.6065E-03  9.7160E-02 -1.8713E-02 -1.9799E-01
  6.6673E-03  9.8000E-02 -1.8885E-02 -1.9982E-01
  6.7287E-03  9.8847E-02 -1.9059E-02 -2.0165E-01
  6.7906E-03  9.9700E-02 -1.9234E-02 -2.0351E-01
  6.8530E-03  1.0056E-01 -1.9411E-02 -2.0538E-01
  6.9161E-03  1.0143E-01 -1.9589E-02 -2.0727E-01
  6.9797E-03  1.0230E-01 -1.9770E-02 -2.0918E-01
  7.0440E-03  1.0318E-01 -1.9952E-02 -2.1110E-01
  7.1088E-03  1.0407E-01 -2.0135E-02 -2.1304E-01
  7.1742E-03  1.0496E-01 -2.0320E-02 -2.1500E-01
  7.2402E-03  1.0587E-01 -2.0507E-02 -2.1698E-01
  7.3068E-03  1.0678E-01 -2.0696E-02 -2.1898E-01
  7.3740E-03  1.0769E-01 -2.0886E-02 -2.2099E-01
  7.4419E-03  1.0862E-01 -2.1078E-02 -2.2302E-01
  7.5104E-03  1.0955E-01 -2.1272E-02 -2.2507E-01
  7.5795E-03  1.1049E-01 -2.1468E-02 -2.2714E-01
  7.6492E-03  1.1143E-01 -2.1666E-02 -2.2923E-01
  7.7196E-03  1.1238E-01 -2.1865E-02 -2.3134E-01
  7.7906E-03  1.1335E-01 -2.2066E-02 -2.3347E-01
  7.8623E-03  1.1431E-01 -2.2269E-02 -2.3562E-01
  7.9346E-03  1.1529E-01 -2.2474E-02 -2.3778E-01
  8.0076E-03  1.1627E-01 -2.2681E-02 -2.3997E-01
  8.0813E-03  1.1726E-01 -2.2889E-02 -2.4218E-01
  8.1557E-03  1.1826E-01 -2.3100E-02 -2.4440E-01
  8.2307E-03  1.1927E-01 -2.3312E-02 -2.4665E-01
  8.3065E-03  1.2028E-01 -2.3527E-02 -2.4892E-01
  8.3829E-03  1.2130E-01 -2.3743E-02 -2.5121E-01
  8.4600E-03  1.2233E-01 -2.3962E-02 -2.5352E-01
  8.5378E-03  1.2337E-01 -2.4182E-02 -2.5585E-01
  8.6164E-03  1.2442E-01 -2.4405E-02 -2.5820E-01
  8.6957E-03  1.2547E-01 -2.4629E-02 -2.6058E-01
  8.7757E-03  1.2653E-01 -2.4856E-02 -2.6298E-01
  8.8564E-03  1.2760E-01 -2.5084E-02 -2.6539E-01
  8.9379E-03  1.2868E-01 -2.5315E-02 -2.6783E-01
  9.0202E-03  1.2977E-01 -2.5548E-02 -2.7030E-01
  9.1032E-03  1.3086E-01 -2.5783E-02 -2.7278E-01
  9.1869E-03  1.3197E-01 -2.6020E-02 -2.7529E-01
  9.2714E-03  1.3308E-01 -2.6259E-02 -2.7782E-01
  9.3567E-03  1.3420E-01 -2.6501E-02 -2.8038E-01
  9.4428E-03  1.3533E-01 -2.6745E-02 -2.8296E-01
  9.5297E-03  1.3646E-01 -2.6991E-02 -2.8556E-01
  9.6174E-03  1.3761E-01 -2.7239E-02 -2.8818E-01
  9.7059E-03  1.3876E-01 -2.7490E-02 -2.9083E-01
  9.7952E-03  1.3992E-01 -2.7743E-02 -2.9351E-01
  9.8853E-03  1.4109E-01 -2.7998E-02 -2.9621E-01
  9.9763E-03  1.4227E-01 -2.8255E-02 -2.9893E-01
  1.0068E-02  1.4346E-01 -2.8515E-02 -3.0168E-01
  1.0161E-02  1.4466E-01 -2.8777E-02 -3.0445E-01
  1.0254E-02  1.4587E-01 -2.9042E-02 -3.0725E-01
  1.0349E-02  1.4708E-01 -2.9309E-02 -3.1008E-01
  1.0444E-02  1.4830E-01 -2.9579E-02 -3.1293E-01
  1.0540E-02  1.4954E-01 -2.9851E-02 -3.1581E-01
  1.0637E-02  1.5078E-01 -3.0126E-02 -3.1871E-01
  1.0735E-02  1.5203E-01 -3.0403E-02 -3.2164E-01
  1.0833E-02  1.5329E-01 -3.0682E-02 -3.2460E-01
  1.0933E-02  1.5456E-01 -3.0964E-02 -3.2758E-01
  1.1034E-02  1.5584E-01 -3.1249E-02 -3.3059E-01
  1.1135E-02  1.5712E-01 -3.1537E-02 -3.3363E-01
  1.1238E-02  1.5842E-01 -3.1827E-02 -3.3670E-01
  1.1341E-02  1.5973E-01 -3.2120E-02 -3.3979E-01
  1.1445E-02  1.6104E-01 -3.2415E-02 -3.4292E-01
  1.1551E-02  1.6237E-01 -3.2713E-02 -3.4607E-01
  1.1657E-02  1.6370E-01 -3.3014E-02 -3.4925E-01
  1.1764E-02  1.6504E-01 -3.3318E-02 -3.5246E-01
  1.1872E-02  1.6640E-01 -3.3624E-02 -3.5570E-01
  1.1982E-02  1.6776E-01 -3.3933E-02 -3.5897E-01
  1.2092E-02  1.6913E-01 -3.4245E-02 -3.6227E-01
  1.2203E-02  1.7051E-01 -3.4560E-02 -3.6560E-01
  1.2315E-02  1.7190E-01 -3.4878E-02 -3.6896E-01
  1.2429E-02  1.7330E-01 -3.5199E-02 -3.7235E-01
  1.2543E-02  1.7472E-01 -3.5523E-02 -3.7577E-01
  1.2659E-02  1.7614E-01 -3.5849E-02 -3.7923E-01
  1.2775E-02  1.7757E-01 -3.6179E-02 -3.8271E-01
  1.2893E-02  1.7901E-01 -3.6512E-02 -3.8623E-01
  1.3011E-02  1.8046E-01 -3.6848E-02 -3.8978E-01
  1.3131E-02  1.8192E-01 -3.7186E-02 -3.9336E-01
  1.3252E-02  1.8338E-01 -3.7528E-02 -3.9698E-01
  1.3374E-02  1.8486E-01 -3.7874E-02 -4.0063E-01
  1.3497E-02  1.8635E-01 -3.8222E-02 -4.0431E-01
  1.3621E-02  1.8785E-01 -3.8573E-02 -4.0802E-01
  1.3746E-02  1.8936E-01 -3.8928E-02 -4.1177E-01
  1.3873E-02  1.9088E-01 -3.9286E-02 -4.1556E-01
  1.4000E-02  1.9241E-01 -3.9647E-02 -4.1937E-01
  1.4129E-02  1.9395E-01 -4.0012E-02 -4.2323E-01
  1.4259E-02  1.9550E-01 -4.0380E-02 -4.2712E-01
  1.4390E-02  1.9706E-01 -4.0751E-02 -4.3104E-01
  1.4523E-02  1.9863E-01 -4.1126E-02 -4.3500E-01
  1.4656E-02  2.0021E-01 -4.1504E-02 -4.3900E-01
  1.4791E-02  2.0180E-01 -4.1886E-02 -4.4303E-01
  1.4927E-02  2.0340E-01 -4.2271E-02 -4.4710E-01
  1.5064E-02  2.0501E-01 -4.2660E-02 -4.5121E-01
  1.5203E-02  2.0664E-01 -4.3052E-02 -4.5535E-01
  1.5343E-02  2.0827E-01 -4.3448E-02 -4.5954E-01
  1.5484E-02  2.0991E-01 -4.3847E-02 -4.6376E-01
  1.5627E-02  2.1156E-01 -4.4250E-02 -4.6802E-01
  1.5770E-02  2.1322E-01 -4.4657E-02 -4.7232E-01
  1.5915E-02  2.1490E-01 -4.5068E-02 -4.7666E-01
  1.6062E-02  2.1658E-01 -4.5482E-02 -4.8104E-01
  1.6210E-02  2.1827E-01 -4.5900E-02 -4.8545E-01
  1.6359E-02  2.1998E-01 -4.6322E-02 -4.8991E-01
  1.6509E-02  2.2169E-01 -4.6748E-02 -4.9441E-01
  1.6661E-02  2.2342E-01 -4.7178E-02 -4.9895E-01
  1.6814E-02  2.2515E-01 -4.7612E-02 -5.0353E-01
  1.6969E-02  2.2690E-01 -4.8050E-02 -5.0816E-01
  1.7125E-02  2.2866E-01 -4.8491E-02 -5.1282E-01
  1.7283E-02  2.3042E-01 -4.8937E-02 -5.1753E-01
  1.7442E-02  2.3220E-01 -4.9387E-02 -5.2229E-01
  1.7602E-02  2.3399E-01 -4.9841E-02 -5.2708E-01
  1.7764E-02  2.3578E-01 -5.0299E-02 -5.3192E-01
  1.7928E-02  2.3759E-01 -5.0762E-02 -5.3680E-01
  1.8093E-02  2.3941E-01 -5.1228E-02 -5.4173E-01
  1.8259E-02  2.4124E-01 -5.1699E-02 -5.4671E-01
  1.8427E-02  2.4308E-01 -5.2174E-02 -5.5173E-01
  1.8597E-02  2.4493E-01 -5.2654E-02 -5.5679E-01
  1.8768E-02  2.4679E-01 -5.3138E-02 -5.6190E-01
  1.8940E-02  2.4866E-01 -5.3626E-02 -5.6706E-01
  1.9115E-02  2.5054E-01 -5.4119E-02 -5.7226E-01
  1.9291E-02  2.5243E-01 -5.4617E-02 -5.7752E-01
  1.9468E-02  2.5434E-01 -5.5119E-02 -5.8282E-01
  1.9647E-02  2.5625E-01 -5.5626E-02 -5.8817E-01
  1.9828E-02  2.5817E-01 -5.6137E-02 -5.9356E-01
  2.0010E-02  2.6010E-01 -5.6653E-02 -5.9901E-01
  2.0194E-02  2.6204E-01 -5.7173E-02 -6.0451E-01
  2.0380E-02  2.6400E-01 -5.7699E-02 -6.1005E-01
  2.0568E-02  2.6596E-01 -5.8229E-02 -6.1565E-01
  2.0757E-02  2.6793E-01 -5.8764E-02 -6.2130E-01
  2.0948E-02  2.6992E-01 -5.9304E-02 -6.2700E-01
  2.1141E-02  2.7191E-01 -5.9849E-02 -6.3275E-01
  2.1335E-02  2.7391E-01 -6.0399E-02 -6.3856E-01
  2.1531E-02  2.7593E-01 -6.0954E-02 -6.4441E-01
  2.1729E-02  2.7795E-01 -6.1515E-02 -6.5032E-01
  2.1929E-02  2.7998E-01 -6.2080E-02 -6.5629E-01
  2.2131E-02  2.8202E-01 -6.2650E-02 -6.6231E-01
  2.2335E-02  2.8408E-01 -6.3226E-02 -6.6838E-01
  2.2540E-02  2.8614E-01 -6.3807E-02 -6.7451E-01
  2.2748E-02  2.8821E-01 -6.4393E-02 -6.8069E-01
  2.2957E-02  2.9029E-01 -6.4985E-02 -6.8694E-01
  2.3168E-02  2.9238E-01 -6.5582E-02 -6.9323E-01
  2.3381E-02  2.9448E-01 -6.6184E-02 -6.9959E-01
  2.3596E-02  2.9659E-01 -6.6792E-02 -7.0600E-01
  2.3813E-02  2.9871E-01 -6.7406E-02 -7.1247E-01
  2.4033E-02  3.0084E-01 -6.8025E-02 -7.1901E-01
  2.4254E-02  3.0298E-01 -6.8650E-02 -7.2560E-01
  2.4477E-02  3.0512E-01 -6.9281E-02 -7.3225E-01
  2.4702E-02  3.0728E-01 -6.9917E-02 -7.3896E-01
  2.4929E-02  3.0944E-01 -7.0560E-02 -7.4573E-01
  2.5159E-02  3.1162E-01 -7.1208E-02 -7.5256E-01
  2.5390E-02  3.1380E-01 -7.1862E-02 -7.5945E-01
  2.5624E-02  3.1599E-01 -7.2522E-02 -7.6641E-01
  2.5859E-02  3.1819E-01 -7.3188E-02 -7.7343E-01
  2.6097E-02  3.2039E-01 -7.3860E-02 -7.8052E-01
  2.6337E-02  3.2261E-01 -7.4538E-02 -7.8767E-01
  2.6580E-02  3.2483E-01 -7.5223E-02 -7.9488E-01
  2.6824E-02  3.2706E-01 -7.5914E-02 -8.0216E-01
  2.7071E-02  3.2930E-01 -7.6611E-02 -8.0950E-01
  2.7320E-02  3.3155E-01 -7.7314E-02 -8.1692E-01
  2.7571E-02  3.3381E-01 -7.8024E-02 -8.2440E-01
  2.7825E-02  3.3607E-01 -7.8741E-02 -8.3194E-01
  2.8081E-02  3.3834E-01 -7.9464E-02 -8.3956E-01
  2.8339E-02  3.4062E-01 -8.0193E-02 -8.4724E-01
  2.8600E-02  3.4290E-01 -8.0930E-02 -8.5499E-01
  2.8863E-02  3.4520E-01 -8.1673E-02 -8.6282E-01
  2.9129E-02  3.4749E-01 -8.2423E-02 -8.7071E-01
  2.9397E-02  3.4980E-01 -8.3179E-02 -8.7868E-01
  2.9667E-02  3.5211E-01 -8.3943E-02 -8.8672E-01
  2.9940E-02  3.5443E-01 -8.4713E-02 -8.9483E-01
  3.0216E-02  3.5675E-01 -8.5491E-02 -9.0301E-01
  3.0494E-02  3.5909E-01 -8.6276E-02 -9.1127E-01
  3.0774E-02  3.6142E-01 -8.7068E-02 -9.1960E-01
  3.1057E-02  3.6376E-01 -8.7867E-02 -9.2801E-01
  3.1343E-02  3.6611E-01 -8.8673E-02 -9.3649E-01
  3.1631E-02  3.6846E-01 -8.9487E-02 -9.4506E-01
  3.1922E-02  3.7082E-01 -9.0308E-02 -9.5369E-01
  3.2216E-02  3.7319E-01 -9.1137E-02 -9.6241E-01
  3.2512E-02  3.7555E-01 -9.1973E-02 -9.7120E-01
  3.2812E-02  3.7793E-01 -9.2817E-02 -9.8008E-01
  3.3113E-02  3.8030E-01 -9.3668E-02 -9.8903E-01
  3.3418E-02  3.8268E-01 -9.4528E-02 -9.9806E-01
  3.3726E-02  3.8507E-01 -9.5395E-02 -1.0072E+00
  3.4036E-02  3.8746E-01 -9.6270E-02 -1.0164E+00
  3.4349E-02  3.8985E-01 -9.7153E-02 -1.0257E+00
  3.4665E-02  3.9224E-01 -9.8044E-02 -1.0350E+00
  3.4984E-02  3.9464E-01 -9.8943E-02 -1.0445E+00
  3.5306E-02  3.9704E-01 -9.9851E-02 -1.0540E+00
  3.5631E-02  3.9944E-01 -1.0077E-01 -1.0636E+00
  3.5958E-02  4.0184E-01 -1.0169E-01 -1.0733E+00
  3.6289E-02  4.0425E-01 -1.0262E-01 -1.0831E+00
  3.6623E-02  4.0666E-01 -1.0356E-01 -1.0930E+00
  3.6960E-02  4.0907E-01 -1.0451E-01 -1.1030E+00
  3.7300E-02  4.1148E-01 -1.0547E-01 -1.1130E+00
  3.7643E-02  4.1389E-01 -1.0644E-01 -1.1232E+00
  3.7989E-02  4.1630E-01 -1.0741E-01 -1.1334E+00
  3.8339E-02  4.1871E-01 -1.0840E-01 -1.1437E+00
  3.8692E-02  4.2112E-01 -1.0939E-01 -1.1541E+00
  3.9048E-02  4.2353E-01 -1.1040E-01 -1.1647E+00
  3.9407E-02  4.2594E-01 -1.1141E-01 -1.1753E+00
  3.9769E-02  4.2835E-01 -1.1243E-01 -1.1860E+00
  4.0135E-02  4.3075E-01 -1.1346E-01 -1.1968E+00
  4.0505E-02  4.3316E-01 -1.1450E-01 -1.2077E+00
  4.0877E-02  4.3556E-01 -1.1555E-01 -1.2186E+00
  4.1253E-02  4.3796E-01 -1.1660E-01 -1.2297E+00
  4.1633E-02  4.4036E-01 -1.1767E-01 -1.2409E+00
  4.2016E-02  4.4275E-01 -1.1875E-01 -1.2522E+00
  4.2402E-02  4.4514E-01 -1.1984E-01 -1.2636E+00
  4.2792E-02  4.4752E-01 -1.2094E-01 -1.2751E+00
  4.3186E-02  4.4990E-01 -1.2204E-01 -1.2867E+00
  4.3583E-02  4.5228E-01 -1.2316E-01 -1.2984E+00
  4.3984E-02  4.5465E-01 -1.2429E-01 -1.3102E+00
  4.4389E-02  4.5701E-01 -1.2543E-01 -1.3221E+00
  4.4797E-02  4.5937E-01 -1.2657E-01 -1.3341E+00
  4.5210E-02  4.6172E-01 -1.2773E-01 -1.3462E+00
  4.5625E-02  4.6407E-01 -1.2890E-01 -1.3584E+00
  4.6045E-02  4.6640E-01 -1.3008E-01 -1.3707E+00
  4.6469E-02  4.6873E-01 -1.3127E-01 -1.3832E+00
  4.6896E-02  4.7105E-01 -1.3247E-01 -1.3957E+00
  4.7328E-02  4.7336E-01 -1.3368E-01 -1.4084E+00
  4.7763E-02  4.7567E-01 -1.3491E-01 -1.4211E+00
  4.8203E-02  4.7796E-01 -1.3614E-01 -1.4340E+00
  4.8646E-02  4.8024E-01 -1.3739E-01 -1.4470E+00
  4.9094E-02  4.8251E-01 -1.3864E-01 -1.4601E+00
  4.9545E-02  4.8477E-01 -1.3991E-01 -1.4733E+00
  5.0001E-02  4.8702E-01 -1.4119E-01 -1.4866E+00
  5.0461E-02  4.8925E-01 -1.4248E-01 -1.5001E+00
  5.0925E-02  4.9147E-01 -1.4378E-01 -1.5137E+00
  5.1394E-02  4.9368E-01 -1.4510E-01 -1.5274E+00
  5.1867E-02  4.9587E-01 -1.4642E-01 -1.5412E+00
  5.2344E-02  4.9805E-01 -1.4776E-01 -1.5551E+00
  5.2825E-02  5.0022E-01 -1.4911E-01 -1.5691E+00
  5.3311E-02  5.0236E-01 -1.5047E-01 -1.5833E+00
  5.3802E-02  5.0449E-01 -1.5185E-01 -1.5976E+00
  5.4297E-02  5.0661E-01 -1.5323E-01 -1.6120E+00
  5.4796E-02  5.0870E-01 -1.5463E-01 -1.6266E+00
  5.5300E-02  5.1078E-01 -1.5604E-01 -1.6412E+00
  5.5809E-02  5.1284E-01 -1.5747E-01 -1.6560E+00
  5.6323E-02  5.1488E-01 -1.5891E-01 -1.6710E+00
  5.6841E-02  5.1690E-01 -1.6036E-01 -1.6860E+00
  5.7364E-02  5.1890E-01 -1.6182E-01 -1.7012E+00
  5.7892E-02  5.2087E-01 -1.6330E-01 -1.7165E+00
  5.8424E-02  5.2283E-01 -1.6478E-01 -1.7319E+00
  5.8962E-02  5.2476E-01 -1.6629E-01 -1.7475E+00
  5.9504E-02  5.2667E-01 -1.6780E-01 -1.7632E+00
  6.0051E-02  5.2855E-01 -1.6933E-01 -1.7791E+00
  6.0604E-02  5.3041E-01 -1.7088E-01 -1.7950E+00
  6.1162E-02  5.3224E-01 -1.7243E-01 -1.8111E+00
  6.1724E-02  5.3405E-01 -1.7401E-01 -1.8274E+00
  6.2292E-02  5.3583E-01 -1.7559E-01 -1.8438E+00
  6.2865E-02  5.3758E-01 -1.7719E-01 -1.8603E+00
  6.3443E-02  5.3930E-01 -1.7880E-01 -1.8770E+00
  6.4027E-02  5.4100E-01 -1.8043E-01 -1.8938E+00
  6.4616E-02  5.4266E-01 -1.8208E-01 -1.9107E+00
  6.5211E-02  5.4429E-01 -1.8373E-01 -1.9278E+00
  6.5811E-02  5.4589E-01 -1.8540E-01 -1.9451E+00
  6.6416E-02  5.4746E-01 -1.8709E-01 -1.9625E+00
  6.7027E-02  5.4899E-01 -1.8879E-01 -1.9800E+00
  6.7644E-02  5.5049E-01 -1.9051E-01 -1.9977E+00
  6.8266E-02  5.5196E-01 -1.9224E-01 -2.0155E+00
  6.8894E-02  5.5338E-01 -1.9399E-01 -2.0334E+00
  6.9528E-02  5.5478E-01 -1.9575E-01 -2.0516E+00
  7.0167E-02  5.5613E-01 -1.9753E-01 -2.0698E+00
  7.0813E-02  5.5745E-01 -1.9933E-01 -2.0883E+00
  7.1464E-02  5.5872E-01 -2.0114E-01 -2.1068E+00
  7.2122E-02  5.5996E-01 -2.0296E-01 -2.1256E+00
  7.2785E-02  5.6115E-01 -2.0481E-01 -2.1444E+00
  7.3455E-02  5.6231E-01 -2.0666E-01 -2.1635E+00
  7.4131E-02  5.6342E-01 -2.0854E-01 -2.1827E+00
  7.4813E-02  5.6448E-01 -2.1043E-01 -2.2020E+00
  7.5501E-02  5.6550E-01 -2.1234E-01 -2.2215E+00
  7.6196E-02  5.6648E-01 -2.1426E-01 -2.2412E+00
  7.6897E-02  5.6741E-01 -2.1621E-01 -2.2610E+00
  7.7604E-02  5.6829E-01 -2.1817E-01 -2.2810E+00
  7.8318E-02  5.6912E-01 -2.2014E-01 -2.3011E+00
  7.9039E-02  5.6990E-01 -2.2214E-01 -2.3214E+00
  7.9766E-02  5.7063E-01 -2.2415E-01 -2.3419E+00
  8.0500E-02  5.7132E-01 -2.2618E-01 -2.3625E+00
  8.1240E-02  5.7194E-01 -2.2822E-01 -2.3833E+00
  8.1988E-02  5.7252E-01 -2.3029E-01 -2.4043E+00
  8.2742E-02  5.7304E-01 -2.3237E-01 -2.4254E+00
  8.3503E-02  5.7350E-01 -2.3447E-01 -2.4467E+00
  8.4271E-02  5.7391E-01 -2.3659E-01 -2.4682E+00
  8.5047E-02  5.7426E-01 -2.3872E-01 -2.4898E+00
  8.5829E-02  5.7455E-01 -2.4088E-01 -2.5116E+00
  8.6619E-02  5.7478E-01 -2.4305E-01 -2.5336E+00
  8.7415E-02  5.7496E-01 -2.4525E-01 -2.5557E+00
  8.8220E-02  5.7506E-01 -2.4746E-01 -2.5780E+00
  8.9031E-02  5.7511E-01 -2.4969E-01 -2.6005E+00
  8.9850E-02  5.7509E-01 -2.5194E-01 -2.6232E+00
  9.0677E-02  5.7501E-01 -2.5421E-01 -2.6460E+00
  9.1511E-02  5.7486E-01 -2.5650E-01 -2.6690E+00
  9.2353E-02  5.7465E-01 -2.5881E-01 -2.6922E+00
  9.3203E-02  5.7436E-01 -2.6114E-01 -2.7155E+00
  9.4060E-02  5.7401E-01 -2.6349E-01 -2.7390E+00
  9.4925E-02  5.7359E-01 -2.6586E-01 -2.7627E+00
  9.5799E-02  5.7309E-01 -2.6825E-01 -2.7866E+00
  9.6680E-02  5.7252E-01 -2.7066E-01 -2.8107E+00
  9.7570E-02  5.7188E-01 -2.7309E-01 -2.8349E+00
  9.8467E-02  5.7117E-01 -2.7554E-01 -2.8593E+00
  9.9373E-02  5.7037E-01 -2.7801E-01 -2.8839E+00
  1.0029E-01  5.6950E-01 -2.8051E-01 -2.9087E+00
  1.0121E-01  5.6856E-01 -2.8302E-01 -2.9336E+00
  1.0214E-01  5.6753E-01 -2.8556E-01 -2.9588E+00
  1.0308E-01  5.6642E-01 -2.8811E-01 -2.9841E+00
  1.0403E-01  5.6523E-01 -2.9069E-01 -3.0095E+00
  1.0499E-01  5.6396E-01 -2.9329E-01 -3.0352E+00
  1.0595E-01  5.6261E-01 -2.9591E-01 -3.0611E+00
  1.0693E-01  5.6117E-01 -2.9856E-01 -3.0871E+00
  1.0791E-01  5.5964E-01 -3.0122E-01 -3.1133E+00
  1.0890E-01  5.5803E-01 -3.0391E-01 -3.1397E+00
  1.0990E-01  5.5632E-01 -3.0662E-01 -3.1662E+00
  1.1092E-01  5.5453E-01 -3.0936E-01 -3.1930E+00
  1.1194E-01  5.5265E-01 -3.1211E-01 -3.2199E+00
  1.1297E-01  5.5068E-01 -3.1489E-01 -3.2470E+00
  1.1401E-01  5.4861E-01 -3.1770E-01 -3.2743E+00
  1.1505E-01  5.4645E-01 -3.2052E-01 -3.3018E+00
  1.1611E-01  5.4420E-01 -3.2337E-01 -3.3294E+00
  1.1718E-01  5.4185E-01 -3.2624E-01 -3.3572E+00
  1.1826E-01  5.3940E-01 -3.2914E-01 -3.3852E+00
  1.1935E-01  5.3685E-01 -3.3206E-01 -3.4134E+00
  1.2045E-01  5.3420E-01 -3.3500E-01 -3.4417E+00
  1.2155E-01  5.3146E-01 -3.3797E-01 -3.4703E+00
  1.2267E-01  5.2861E-01 -3.4096E-01 -3.4990E+00
  1.2380E-01  5.2566E-01 -3.4398E-01 -3.5279E+00
  1.2494E-01  5.2260E-01 -3.4702E-01 -3.5569E+00
  1.2609E-01  5.1945E-01 -3.5008E-01 -3.5861E+00
  1.2725E-01  5.1618E-01 -3.5317E-01 -3.6155E+00
  1.2842E-01  5.1281E-01 -3.5629E-01 -3.6451E+00
  1.2960E-01  5.0933E-01 -3.5942E-01 -3.6748E+00
  1.3079E-01  5.0574E-01 -3.6259E-01 -3.7048E+00
  1.3200E-01  5.0204E-01 -3.6578E-01 -3.7348E+00
  1.3321E-01  4.9824E-01 -3.6899E-01 -3.7651E+00
  1.3444E-01  4.9432E-01 -3.7223E-01 -3.7955E+00
  1.3567E-01  4.9028E-01 -3.7550E-01 -3.8260E+00
  1.3692E-01  4.8614E-01 -3.7879E-01 -3.8568E+00
  1.3818E-01  4.8187E-01 -3.8211E-01 -3.8876E+00
  1.3945E-01  4.7750E-01 -3.8545E-01 -3.9187E+00
  1.4073E-01  4.7300E-01 -3.8882E-01 -3.9499E+00
  1.4203E-01  4.6839E-01 -3.9221E-01 -3.9812E+00
  1.4334E-01  4.6367E-01 -3.9564E-01 -4.0127E+00
  1.4465E-01  4.5882E-01 -3.9908E-01 -4.0444E+00
  1.4599E-01  4.5385E-01 -4.0256E-01 -4.0762E+00
  1.4733E-01  4.4876E-01 -4.0606E-01 -4.1081E+00
  1.4868E-01  4.4356E-01 -4.0959E-01 -4.1402E+00
  1.5005E-01  4.3823E-01 -4.1314E-01 -4.1724E+00
  1.5143E-01  4.3277E-01 -4.1672E-01 -4.2048E+00
  1.5283E-01  4.2719E-01 -4.2033E-01 -4.2372E+00
  1.5423E-01  4.2149E-01 -4.2396E-01 -4.2698E+00
  1.5565E-01  4.1567E-01 -4.2763E-01 -4.3026E+00
  1.5708E-01  4.0972E-01 -4.3131E-01 -4.3354E+00
  1.5853E-01  4.0364E-01 -4.3503E-01 -4.3684E+00
  1.5999E-01  3.9743E-01 -4.3877E-01 -4.4015E+00
  1.6146E-01  3.9110E-01 -4.4254E-01 -4.4347E+00
  1.6294E-01  3.8464E-01 -4.4634E-01 -4.4679E+00
  1.6444E-01  3.7806E-01 -4.5017E-01 -4.5013E+00
  1.6595E-01  3.7134E-01 -4.5402E-01 -4.5348E+00
  1.6748E-01  3.6450E-01 -4.5790E-01 -4.5684E+00
  1.6902E-01  3.5752E-01 -4.6181E-01 -4.6020E+00
  1.7058E-01  3.5042E-01 -4.6575E-01 -4.6358E+00
  1.7215E-01  3.4318E-01 -4.6971E-01 -4.6696E+00
  1.7373E-01  3.3582E-01 -4.7370E-01 -4.7035E+00
  1.7533E-01  3.2832E-01 -4.7772E-01 -4.7374E+00
  1.7694E-01  3.2070E-01 -4.8176E-01 -4.7714E+00
  1.7857E-01  3.1294E-01 -4.8584E-01 -4.8055E+00
  1.8021E-01  3.0505E-01 -4.8994E-01 -4.8395E+00
  1.8187E-01  2.9704E-01 -4.9407E-01 -4.8737E+00
  1.8354E-01  2.8888E-01 -4.9823E-01 -4.9078E+00
  1.8523E-01  2.8060E-01 -5.0241E-01 -4.9420E+00
  1.8694E-01  2.7219E-01 -5.0662E-01 -4.9762E+00
  1.8866E-01  2.6365E-01 -5.1086E-01 -5.0104E+00
  1.9039E-01  2.5497E-01 -5.1513E-01 -5.0446E+00
  1.9214E-01  2.4617E-01 -5.1942E-01 -5.0787E+00
  1.9391E-01  2.3723E-01 -5.2375E-01 -5.1129E+00
  1.9569E-01  2.2817E-01 -5.2810E-01 -5.1470E+00
  1.9749E-01  2.1897E-01 -5.3247E-01 -5.1811E+00
  1.9931E-01  2.0965E-01 -5.3688E-01 -5.2151E+00
  2.0115E-01  2.0020E-01 -5.4131E-01 -5.2491E+00
  2.0300E-01  1.9061E-01 -5.4576E-01 -5.2830E+00
  2.0486E-01  1.8090E-01 -5.5025E-01 -5.3169E+00
  2.0675E-01  1.7107E-01 -5.5476E-01 -5.3506E+00
  2.0865E-01  1.6110E-01 -5.5930E-01 -5.3842E+00
  2.1057E-01  1.5101E-01 -5.6386E-01 -5.4177E+00
  2.1251E-01  1.4080E-01 -5.6845E-01 -5.4511E+00
  2.1446E-01  1.3046E-01 -5.7307E-01 -5.4844E+00
  2.1643E-01  1.2000E-01 -5.7771E-01 -5.5175E+00
  2.1843E-01  1.0941E-01 -5.8237E-01 -5.5504E+00
  2.2044E-01  9.8708E-02 -5.8707E-01 -5.5831E+00
  2.2246E-01  8.7882E-02 -5.9178E-01 -5.6157E+00
  2.2451E-01  7.6937E-02 -5.9653E-01 -5.6480E+00
  2.2658E-01  6.5874E-02 -6.0129E-01 -5.6802E+00
  2.2866E-01  5.4695E-02 -6.0609E-01 -5.7120E+00
  2.3076E-01  4.3400E-02 -6.1090E-01 -5.7437E+00
  2.3289E-01  3.1992E-02 -6.1574E-01 -5.7750E+00
  2.3503E-01  2.0471E-02 -6.2060E-01 -5.8060E+00
  2.3719E-01  8.8400E-03 -6.2549E-01 -5.8368E+00
  2.3937E-01 -2.9003E-03 -6.3040E-01 -5.8672E+00
  2.4158E-01 -1.4748E-02 -6.3533E-01 -5.8973E+00
  2.4380E-01 -2.6701E-02 -6.4028E-01 -5.9270E+00
  2.4604E-01 -3.8758E-02 -6.4525E-01 -5.9563E+00
  2.4830E-01 -5.0917E-02 -6.5025E-01 -5.9852E+00
  2.5059E-01 -6.3175E-02 -6.5527E-01 -6.0137E+00
  2.5289E-01 -7.5531E-02 -6.6030E-01 -6.0417E+00
  2.5522E-01 -8.7982E-02 -6.6536E-01 -6.0693E+00
  2.5757E-01 -1.0053E-01 -6.7043E-01 -6.0964E+00
  2.5994E-01 -1.1316E-01 -6.7552E-01 -6.1229E+00
  2.6233E-01 -1.2589E-01 -6.8064E-01 -6.1489E+00
  2.6474E-01 -1.3870E-01 -6.8576E-01 -6.1744E+00
  2.6718E-01 -1.5159E-01 -6.9091E-01 -6.1993E+00
  2.6964E-01 -1.6457E-01 -6.9607E-01 -6.2235E+00
  2.7212E-01 -1.7762E-01 -7.0125E-01 -6.2471E+00
  2.7462E-01 -1.9075E-01 -7.0644E-01 -6.2700E+00
  2.7715E-01 -2.0395E-01 -7.1165E-01 -6.2923E+00
  2.7970E-01 -2.1722E-01 -7.1686E-01 -6.3138E+00
  2.8227E-01 -2.3056E-01 -7.2210E-01 -6.3345E+00
  2.8487E-01 -2.4396E-01 -7.2734E-01 -6.3545E+00
  2.8749E-01 -2.5742E-01 -7.3259E-01 -6.3736E+00
  2.9013E-01 -2.7094E-01 -7.3786E-01 -6.3919E+00
  2.9280E-01 -2.8451E-01 -7.4313E-01 -6.4094E+00
  2.9549E-01 -2.9813E-01 -7.4841E-01 -6.4259E+00
  2.9821E-01 -3.1180E-01 -7.5370E-01 -6.4414E+00
  3.0096E-01 -3.2551E-01 -7.5900E-01 -6.4560E+00
  3.0373E-01 -3.3927E-01 -7.6430E-01 -6.4695E+00
  3.0652E-01 -3.5305E-01 -7.6960E-01 -6.4820E+00
  3.0934E-01 -3.6687E-01 -7.7491E-01 -6.4935E+00
  3.1219E-01 -3.8072E-01 -7.8022E-01 -6.5037E+00
  3.1506E-01 -3.9459E-01 -7.8553E-01 -6.5129E+00
  3.1796E-01 -4.0848E-01 -7.9084E-01 -6.5208E+00
  3.2088E-01 -4.2238E-01 -7.9615E-01 -6.5275E+00
  3.2383E-01 -4.3630E-01 -8.0146E-01 -6.5328E+00
  3.2681E-01 -4.5022E-01 -8.0676E-01 -6.5369E+00
  3.2982E-01 -4.6414E-01 -8.1206E-01 -6.5396E+00
  3.3285E-01 -4.7807E-01 -8.1735E-01 -6.5409E+00
  3.3591E-01 -4.9198E-01 -8.2263E-01 -6.5407E+00
  3.3901E-01 -5.0589E-01 -8.2790E-01 -6.5390E+00
  3.4212E-01 -5.1977E-01 -8.3316E-01 -6.5358E+00
  3.4527E-01 -5.3364E-01 -8.3840E-01 -6.5310E+00
  3.4845E-01 -5.4748E-01 -8.4363E-01 -6.5246E+00
  3.5165E-01 -5.6129E-01 -8.4885E-01 -6.5164E+00
  3.5489E-01 -5.7506E-01 -8.5405E-01 -6.5066E+00
  3.5815E-01 -5.8880E-01 -8.5922E-01 -6.4949E+00
  3.6145E-01 -6.0248E-01 -8.6438E-01 -6.4815E+00
  3.6477E-01 -6.1611E-01 -8.6951E-01 -6.4661E+00
  3.6813E-01 -6.2969E-01 -8.7461E-01 -6.4489E+00
  3.7152E-01 -6.4320E-01 -8.7969E-01 -6.4296E+00
  3.7493E-01 -6.5664E-01 -8.8474E-01 -6.4084E+00
  3.7838E-01 -6.7001E-01 -8.8975E-01 -6.3850E+00
  3.8186E-01 -6.8330E-01 -8.9473E-01 -6.3595E+00
  3.8538E-01 -6.9651E-01 -8.9968E-01 -6.3318E+00
  3.8892E-01 -7.0962E-01 -9.0458E-01 -6.3019E+00
  3.9250E-01 -7.2264E-01 -9.0945E-01 -6.2697E+00
  3.9611E-01 -7.3555E-01 -9.1427E-01 -6.2352E+00
  3.9976E-01 -7.4835E-01 -9.1904E-01 -6.1983E+00
  4.0343E-01 -7.6104E-01 -9.2377E-01 -6.1589E+00
  4.0714E-01 -7.7361E-01 -9.2844E-01 -6.1170E+00
  4.1089E-01 -7.8605E-01 -9.3307E-01 -6.0726E+00
  4.1467E-01 -7.9836E-01 -9.3763E-01 -6.0256E+00
  4.1849E-01 -8.1052E-01 -9.4214E-01 -5.9759E+00
  4.2234E-01 -8.2254E-01 -9.4658E-01 -5.9235E+00
  4.2622E-01 -8.3441E-01 -9.5096E-01 -5.8683E+00
  4.3014E-01 -8.4611E-01 -9.5526E-01 -5.8104E+00
  4.3410E-01 -8.5766E-01 -9.5950E-01 -5.7496E+00
  4.3809E-01 -8.6903E-01 -9.6366E-01 -5.6859E+00
  4.4212E-01 -8.8022E-01 -9.6775E-01 -5.6192E+00
  4.4619E-01 -8.9122E-01 -9.7175E-01 -5.5495E+00
  4.5030E-01 -9.0203E-01 -9.7567E-01 -5.4768E+00
  4.5444E-01 -9.1265E-01 -9.7950E-01 -5.4010E+00
  4.5862E-01 -9.2306E-01 -9.8324E-01 -5.3221E+00
  4.6284E-01 -9.3326E-01 -9.8688E-01 -5.2400E+00
  4.6710E-01 -9.4324E-01 -9.9042E-01 -5.1547E+00
  4.7139E-01 -9.5299E-01 -9.9386E-01 -5.0661E+00
  4.7573E-01 -9.6251E-01 -9.9719E-01 -4.9743E+00
  4.8011E-01 -9.7179E-01 -1.0004E+00 -4.8792E+00
  4.8452E-01 -9.8083E-01 -1.0035E+00 -4.7807E+00
  4.8898E-01 -9.8961E-01 -1.0065E+00 -4.6789E+00
  4.9348E-01 -9.9814E-01 -1.0094E+00 -4.5737E+00
  4.9802E-01 -1.0064E+00 -1.0121E+00 -4.4651E+00
  5.0260E-01 -1.0144E+00 -1.0147E+00 -4.3531E+00
  5.0722E-01 -1.0221E+00 -1.0172E+00 -4.2376E+00
  5.1189E-01 -1.0295E+00 -1.0195E+00 -4.1188E+00
  5.1660E-01 -1.0366E+00 -1.0217E+00 -3.9965E+00
  5.2135E-01 -1.0435E+00 -1.0237E+00 -3.8708E+00
  5.2615E-01 -1.0500E+00 -1.0256E+00 -3.7416E+00
  5.3099E-01 -1.0562E+00 -1.0273E+00 -3.6091E+00
  5.3587E-01 -1.0621E+00 -1.0288E+00 -3.4732E+00
  5.4080E-01 -1.0677E+00 -1.0302E+00 -3.3339E+00
  5.4578E-01 -1.0729E+00 -1.0314E+00 -3.1913E+00
  5.5080E-01 -1.0778E+00 -1.0324E+00 -3.0454E+00
  5.5587E-01 -1.0823E+00 -1.0332E+00 -2.8963E+00
  5.6098E-01 -1.0865E+00 -1.0339E+00 -2.7440E+00
  5.6614E-01 -1.0904E+00 -1.0343E+00 -2.5886E+00
  5.7135E-01 -1.0938E+00 -1.0345E+00 -2.4301E+00
  5.7661E-01 -1.0969E+00 -1.0346E+00 -2.2686E+00
  5.8191E-01 -1.0997E+00 -1.0344E+00 -2.1042E+00
  5.8727E-01 -1.1020E+00 -1.0340E+00 -1.9371E+00
  5.9267E-01 -1.1040E+00 -1.0333E+00 -1.7672E+00
  5.9812E-01 -1.1055E+00 -1.0325E+00 -1.5948E+00
  6.0362E-01 -1.1067E+00 -1.0314E+00 -1.4199E+00
  6.0918E-01 -1.1074E+00 -1.0300E+00 -1.2428E+00
  6.1478E-01 -1.1078E+00 -1.0284E+00 -1.0634E+00
  6.2044E-01 -1.1077E+00 -1.0265E+00 -8.8203E-01
  6.2614E-01 -1.1072E+00 -1.0244E+00 -6.9882E-01
  6.3190E-01 -1.1063E+00 -1.0220E+00 -5.1394E-01
  6.3772E-01 -1.1049E+00 -1.0193E+00 -3.2759E-01
  6.4358E-01 -1.1031E+00 -1.0164E+00 -1.3997E-01
  6.4951E-01 -1.1009E+00 -1.0131E+00  4.8710E-02
  6.5548E-01 -1.0982E+00 -1.0096E+00  2.3821E-01
  6.6151E-01 -1.0951E+00 -1.0057E+00  4.2830E-01
  6.6760E-01 -1.0915E+00 -1.0016E+00  6.1873E-01
  6.7374E-01 -1.0874E+00 -9.9711E-01  8.0922E-01
  6.7994E-01 -1.0829E+00 -9.9231E-01  9.9950E-01
  6.8619E-01 -1.0779E+00 -9.8719E-01  1.1893E+00
  6.9250E-01 -1.0725E+00 -9.8173E-01  1.3783E+00
  6.9888E-01 -1.0665E+00 -9.7592E-01  1.5661E+00
  7.0530E-01 -1.0601E+00 -9.6977E-01  1.7525E+00
  7.1179E-01 -1.0532E+00 -9.6325E-01  1.9372E+00
  7.1834E-01 -1.0458E+00 -9.5638E-01  2.1197E+00
  7.2495E-01 -1.0380E+00 -9.4913E-01  2.2997E+00
  7.3162E-01 -1.0296E+00 -9.4151E-01  2.4768E+00
  7.3835E-01 -1.0207E+00 -9.3350E-01  2.6507E+00
  7.4514E-01 -1.0114E+00 -9.2511E-01  2.8210E+00
  7.5200E-01 -1.0015E+00 -9.1632E-01  2.9872E+00
  7.5892E-01 -9.9116E-01 -9.0712E-01  3.1490E+00
  7.6590E-01 -9.8030E-01 -8.9752E-01  3.3059E+00
  7.7294E-01 -9.6892E-01 -8.8750E-01  3.4576E+00
  7.8005E-01 -9.5704E-01 -8.7705E-01  3.6036E+00
  7.8723E-01 -9.4466E-01 -8.6618E-01  3.7434E+00
  7.9447E-01 -9.3176E-01 -8.5488E-01  3.8767E+00
  8.0178E-01 -9.1835E-01 -8.4314E-01  4.0031E+00
  8.0916E-01 -9.0444E-01 -8.3095E-01  4.1221E+00
  8.1660E-01 -8.9001E-01 -8.1832E-01  4.2332E+00
  8.2412E-01 -8.7507E-01 -8.0522E-01  4.3362E+00
  8.3170E-01 -8.5962E-01 -7.9167E-01  4.4305E+00
  8.3935E-01 -8.4366E-01 -7.7765E-01  4.5158E+00
  8.4707E-01 -8.2719E-01 -7.6316E-01  4.5918E+00
  8.5486E-01 -8.1021E-01 -7.4820E-01  4.6579E+00
  8.6273E-01 -7.9273E-01 -7.3276E-01  4.7140E+00
  8.7066E-01 -7.7474E-01 -7.1684E-01  4.7597E+00
  8.7867E-01 -7.5624E-01 -7.0043E-01  4.7946E+00
  8.8676E-01 -7.3724E-01 -6.8354E-01  4.8185E+00
  8.9492E-01 -7.1775E-01 -6.6615E-01  4.8312E+00
  9.0315E-01 -6.9775E-01 -6.4827E-01  4.8325E+00
  9.1146E-01 -6.7726E-01 -6.2989E-01  4.8221E+00
  9.1984E-01 -6.5628E-01 -6.1101E-01  4.8000E+00
  9.2830E-01 -6.3482E-01 -5.9164E-01  4.7660E+00
  9.3684E-01 -6.1287E-01 -5.7176E-01  4.7202E+00
  9.4546E-01 -5.9044E-01 -5.5139E-01  4.6625E+00
  9.5416E-01 -5.6754E-01 -5.3051E-01  4.5929E+00
  9.6294E-01 -5.4416E-01 -5.0914E-01  4.5117E+00
  9.7180E-01 -5.2032E-01 -4.8726E-01  4.4189E+00
  9.8074E-01 -4.9603E-01 -4.6489E-01  4.3149E+00
  9.8976E-01 -4.7127E-01 -4.4202E-01  4.1999E+00
  9.9887E-01 -4.4608E-01 -4.1866E-01  4.0744E+00
  1.0081E+00 -4.2044E-01 -3.9481E-01  3.9386E+00
  1.0173E+00 -3.9436E-01 -3.7047E-01  3.7933E+00
  1.0267E+00 -3.6787E-01 -3.4566E-01  3.6389E+00
  1.0361E+00 -3.4095E-01 -3.2036E-01  3.4762E+00
  1.0457E+00 -3.1362E-01 -2.9460E-01  3.3058E+00
  1.0553E+00 -2.8589E-01 -2.6837E-01  3.1286E+00
  1.0650E+00 -2.5777E-01 -2.4168E-01  2.9454E+00
  1.0748E+00 -2.2926E-01 -2.1455E-01  2.7573E+00
  1.0847E+00 -2.0038E-01 -1.8697E-01  2.5652E+00
  1.0947E+00 -1.7113E-01 -1.5896E-01  2.3703E+00
  1.1047E+00 -1.4153E-01 -1.3053E-01  2.1737E+00
  1.1149E+00 -1.1159E-01 -1.0169E-01  1.9765E+00
  1.1251E+00 -8.1318E-02 -7.2449E-02  1.7800E+00
  1.1355E+00 -5.0726E-02 -4.2820E-02  1.5855E+00
  1.1459E+00 -1.9826E-02 -1.2817E-02  1.3943E+00
  1.1565E+00  1.1368E-02  1.7548E-02  1.2077E+00
  1.1671E+00  4.2843E-02  4.8259E-02  1.0270E+00
  1.1779E+00  7.4586E-02  7.9301E-02  8.5352E-01
  1.1887E+00  1.0658E-01  1.1066E-01  6.8844E-01
  1.1996E+00  1.3882E-01  1.4232E-01  5.3301E-01
  1.2107E+00  1.7127E-01  1.7425E-01  3.8834E-01
  1.2218E+00  2.0394E-01  2.0645E-01  2.5547E-01
  1.2331E+00  2.3680E-01  2.3890E-01  1.3530E-01
  1.2444E+00  2.6983E-01  2.7157E-01  2.8607E-02
  1.2558E+00  3.0302E-01  3.0444E-01 -6.4003E-02
  1.2674E+00  3.3635E-01  3.3749E-01 -1.4211E-01
  1.2791E+00  3.6980E-01  3.7071E-01 -2.0552E-01
  1.2908E+00  4.0335E-01  4.0407E-01 -2.5425E-01
  1.3027E+00  4.3699E-01  4.3754E-01 -2.8859E-01
  1.3147E+00  4.7069E-01  4.7110E-01 -3.0909E-01
  1.3268E+00  5.0443E-01  5.0474E-01 -3.1658E-01
  1.3390E+00  5.3820E-01  5.3842E-01 -3.1218E-01
  1.3513E+00  5.7196E-01  5.7211E-01 -2.9729E-01
  1.3637E+00  6.0570E-01  6.0581E-01 -2.7357E-01
  1.3763E+00  6.3940E-01  6.3947E-01 -2.4294E-01
  1.3889E+00  6.7303E-01  6.7307E-01 -2.0752E-01
  1.4017E+00  7.0657E-01  7.0659E-01 -1.6955E-01
  1.4146E+00  7.3999E-01  7.4000E-01 -1.3137E-01
  1.4276E+00  7.7327E-01  7.7327E-01 -9.5236E-02
  1.4408E+00  8.0638E-01  8.0638E-01 -6.3249E-02
  1.4540E+00  8.3929E-01  8.3929E-01 -3.7137E-02
  1.4674E+00  8.7199E-01  8.7199E-01 -1.8055E-02
  1.4809E+00  9.0444E-01  9.0444E-01 -6.3225E-03
  1.4945E+00  9.3661E-01  9.3661E-01 -1.0989E-03
  1.5083E+00  9.6847E-01  9.6847E-01  0.0000E+00
  1.5221E+00  1.0000E+00  1.0000E+00  0.0000E+00
  1.5361E+00  1.0312E+00  1.0312E+00  0.0000E+00
  1.5503E+00  1.0619E+00  1.0619E+00  0.0000E+00
  1.5645E+00  1.0923E+00  1.0923E+00  0.0000E+00
  1.5789E+00  1.1222E+00  1.1222E+00  0.0000E+00
  1.5935E+00  1.1516E+00  1.1516E+00  0.0000E+00
  1.6081E+00  1.1804E+00  1.1804E+00  0.0000E+00
  1.6229E+00  1.2087E+00  1.2087E+00  0.0000E+00
  1.6378E+00  1.2365E+00  1.2365E+00  0.0000E+00
  1.6529E+00  1.2636E+00  1.2636E+00  0.0000E+00
  1.6681E+00  1.2900E+00  1.2900E+00  0.0000E+00
  1.6835E+00  1.3158E+00  1.3158E+00  0.0000E+00
  1.6990E+00  1.3408E+00  1.3408E+00  0.0000E+00
  1.7146E+00  1.3651E+00  1.3651E+00  0.0000E+00
  1.7304E+00  1.3885E+00  1.3885E+00  0.0000E+00
  1.7463E+00  1.4111E+00  1.4111E+00  0.0000E+00
  1.7623E+00  1.4329E+00  1.4329E+00  0.0000E+00
  1.7786E+00  1.4537E+00  1.4537E+00  0.0000E+00
  1.7949E+00  1.4736E+00  1.4736E+00  0.0000E+00
  1.8114E+00  1.4924E+00  1.4924E+00  0.0000E+00
  1.8281E+00  1.5103E+00  1.5103E+00  0.0000E+00
  1.8449E+00  1.5271E+00  1.5271E+00  0.0000E+00
  1.8619E+00  1.5428E+00  1.5428E+00  0.0000E+00
  1.8790E+00  1.5573E+00  1.5573E+00  0.0000E+00
  1.8963E+00  1.5707E+00  1.5707E+00  0.0000E+00
  1.9137E+00  1.5828E+00  1.5828E+00  0.0000E+00
  1.9313E+00  1.5937E+00  1.5937E+00  0.0000E+00
  1.9491E+00  1.6033E+00  1.6033E+00  0.0000E+00
  1.9670E+00  1.6115E+00  1.6115E+00  0.0000E+00
  1.9851E+00  1.6184E+00  1.6184E+00  0.0000E+00
  2.0034E+00  1.6239E+00  1.6239E+00  0.0000E+00
  2.0218E+00  1.6279E+00  1.6279E+00  0.0000E+00
  2.0404E+00  1.6304E+00  1.6304E+00  0.0000E+00
  2.0592E+00  1.6315E+00  1.6315E+00  0.0000E+00
  2.0782E+00  1.6309E+00  1.6309E+00  0.0000E+00
  2.0973E+00  1.6288E+00  1.6288E+00  0.0000E+00
  2.1166E+00  1.6250E+00  1.6250E+00  0.0000E+00
  2.1360E+00  1.6196E+00  1.6196E+00  0.0000E+00
  2.1557E+00  1.6125E+00  1.6125E+00  0.0000E+00
  2.1755E+00  1.6037E+00  1.6037E+00  0.0000E+00
  2.1955E+00  1.5932E+00  1.5932E+00  0.0000E+00
  2.2157E+00  1.5808E+00  1.5808E+00  0.0000E+00
  2.2361E+00  1.5667E+00  1.5667E+00  0.0000E+00
  2.2567E+00  1.5507E+00  1.5507E+00  0.0000E+00
  2.2774E+00  1.5329E+00  1.5329E+00  0.0000E+00
  2.2984E+00  1.5133E+00  1.5133E+00  0.0000E+00
  2.3195E+00  1.4917E+00  1.4917E+00  0.0000E+00
  2.3409E+00  1.4682E+00  1.4682E+00  0.0000E+00
  2.3624E+00  1.4428E+00  1.4428E+00  0.0000E+00
  2.3842E+00  1.4155E+00  1.4155E+00  0.0000E+00
