 # l=           1 basis function with energy   -0.830901092403682     
  0.0000E+00  0.0000E+00  0.0000E+00  0.0000E+00
  1.0222E-08  2.2283E-15  2.2157E-16 -6.4721E-16
  2.0538E-08  8.9956E-15  8.9444E-16 -2.6127E-15
  3.0949E-08  2.0427E-14  2.0311E-15 -5.9329E-15
  4.1455E-08  3.6650E-14  3.6442E-15 -1.0645E-14
  5.2059E-08  5.7797E-14  5.7468E-15 -1.6787E-14
  6.2759E-08  8.3999E-14  8.3521E-15 -2.4397E-14
  7.3559E-08  1.1539E-13  1.1474E-14 -3.3516E-14
  8.4457E-08  1.5212E-13  1.5126E-14 -4.4183E-14
  9.5456E-08  1.9432E-13  1.9322E-14 -5.6440E-14
  1.0656E-07  2.4215E-13  2.4077E-14 -7.0330E-14
  1.1776E-07  2.9573E-13  2.9405E-14 -8.5895E-14
  1.2906E-07  3.5524E-13  3.5322E-14 -1.0318E-13
  1.4047E-07  4.2083E-13  4.1843E-14 -1.2223E-13
  1.5199E-07  4.9264E-13  4.8984E-14 -1.4309E-13
  1.6361E-07  5.7085E-13  5.6760E-14 -1.6580E-13
  1.7533E-07  6.5562E-13  6.5189E-14 -1.9042E-13
  1.8717E-07  7.4711E-13  7.4286E-14 -2.1700E-13
  1.9911E-07  8.4551E-13  8.4070E-14 -2.4557E-13
  2.1117E-07  9.5097E-13  9.4556E-14 -2.7621E-13
  2.2333E-07  1.0637E-12  1.0576E-13 -3.0894E-13
  2.3561E-07  1.1839E-12  1.1771E-13 -3.4384E-13
  2.4800E-07  1.3116E-12  1.3042E-13 -3.8096E-13
  2.6050E-07  1.4472E-12  1.4390E-13 -4.2034E-13
  2.7312E-07  1.5908E-12  1.5818E-13 -4.6205E-13
  2.8585E-07  1.7426E-12  1.7327E-13 -5.0614E-13
  2.9871E-07  1.9028E-12  1.8920E-13 -5.5267E-13
  3.1168E-07  2.0717E-12  2.0599E-13 -6.0171E-13
  3.2476E-07  2.2493E-12  2.2365E-13 -6.5331E-13
  3.3797E-07  2.4360E-12  2.4222E-13 -7.0754E-13
  3.5131E-07  2.6320E-12  2.6170E-13 -7.6445E-13
  3.6476E-07  2.8375E-12  2.8213E-13 -8.2413E-13
  3.7834E-07  3.0526E-12  3.0353E-13 -8.8662E-13
  3.9204E-07  3.2778E-12  3.2591E-13 -9.5201E-13
  4.0587E-07  3.5131E-12  3.4931E-13 -1.0204E-12
  4.1982E-07  3.7588E-12  3.7374E-13 -1.0917E-12
  4.3391E-07  4.0152E-12  3.9924E-13 -1.1662E-12
  4.4812E-07  4.2826E-12  4.2582E-13 -1.2439E-12
  4.6247E-07  4.5612E-12  4.5352E-13 -1.3248E-12
  4.7694E-07  4.8512E-12  4.8236E-13 -1.4090E-12
  4.9155E-07  5.1530E-12  5.1236E-13 -1.4967E-12
  5.0630E-07  5.4667E-12  5.4356E-13 -1.5878E-12
  5.2118E-07  5.7928E-12  5.7598E-13 -1.6825E-12
  5.3619E-07  6.1314E-12  6.0965E-13 -1.7808E-12
  5.5135E-07  6.4829E-12  6.4460E-13 -1.8829E-12
  5.6664E-07  6.8475E-12  6.8086E-13 -1.9888E-12
  5.8208E-07  7.2256E-12  7.1845E-13 -2.0987E-12
  5.9765E-07  7.6175E-12  7.5742E-13 -2.2125E-12
  6.1337E-07  8.0235E-12  7.9779E-13 -2.3304E-12
  6.2924E-07  8.4440E-12  8.3959E-13 -2.4525E-12
  6.4525E-07  8.8791E-12  8.8286E-13 -2.5789E-12
  6.6141E-07  9.3294E-12  9.2763E-13 -2.7097E-12
  6.7771E-07  9.7951E-12  9.7394E-13 -2.8449E-12
  6.9417E-07  1.0277E-11  1.0218E-12 -2.9848E-12
  7.1078E-07  1.0774E-11  1.0713E-12 -3.1293E-12
  7.2754E-07  1.1288E-11  1.1224E-12 -3.2786E-12
  7.4445E-07  1.1819E-11  1.1752E-12 -3.4329E-12
  7.6153E-07  1.2368E-11  1.2297E-12 -3.5921E-12
  7.7875E-07  1.2933E-11  1.2860E-12 -3.7565E-12
  7.9614E-07  1.3517E-11  1.3441E-12 -3.9261E-12
  8.1369E-07  1.4120E-11  1.4039E-12 -4.1010E-12
  8.3139E-07  1.4741E-11  1.4657E-12 -4.2815E-12
  8.4926E-07  1.5382E-11  1.5294E-12 -4.4675E-12
  8.6730E-07  1.6042E-11  1.5951E-12 -4.6593E-12
  8.8550E-07  1.6722E-11  1.6627E-12 -4.8569E-12
  9.0387E-07  1.7423E-11  1.7324E-12 -5.0605E-12
  9.2240E-07  1.8145E-11  1.8042E-12 -5.2702E-12
  9.4111E-07  1.8889E-11  1.8781E-12 -5.4861E-12
  9.5999E-07  1.9654E-11  1.9542E-12 -5.7084E-12
  9.7905E-07  2.0442E-11  2.0326E-12 -5.9373E-12
  9.9827E-07  2.1253E-11  2.1132E-12 -6.1728E-12
  1.0177E-06  2.2087E-11  2.1961E-12 -6.4151E-12
  1.0373E-06  2.2945E-11  2.2815E-12 -6.6644E-12
  1.0570E-06  2.3828E-11  2.3693E-12 -6.9208E-12
  1.0770E-06  2.4736E-11  2.4595E-12 -7.1844E-12
  1.0971E-06  2.5669E-11  2.5523E-12 -7.4555E-12
  1.1174E-06  2.6629E-11  2.6477E-12 -7.7342E-12
  1.1379E-06  2.7615E-11  2.7458E-12 -8.0206E-12
  1.1586E-06  2.8628E-11  2.8465E-12 -8.3149E-12
  1.1795E-06  2.9669E-11  2.9501E-12 -8.6173E-12
  1.2006E-06  3.0739E-11  3.0564E-12 -8.9280E-12
  1.2218E-06  3.1837E-11  3.1656E-12 -9.2471E-12
  1.2433E-06  3.2966E-11  3.2778E-12 -9.5748E-12
  1.2650E-06  3.4124E-11  3.3930E-12 -9.9113E-12
  1.2868E-06  3.5314E-11  3.5113E-12 -1.0257E-11
  1.3089E-06  3.6535E-11  3.6327E-12 -1.0612E-11
  1.3311E-06  3.7789E-11  3.7574E-12 -1.0976E-11
  1.3536E-06  3.9075E-11  3.8853E-12 -1.1349E-11
  1.3763E-06  4.0395E-11  4.0165E-12 -1.1733E-11
  1.3992E-06  4.1750E-11  4.1512E-12 -1.2126E-11
  1.4223E-06  4.3139E-11  4.2894E-12 -1.2530E-11
  1.4456E-06  4.4565E-11  4.4311E-12 -1.2944E-11
  1.4691E-06  4.6027E-11  4.5765E-12 -1.3368E-11
  1.4928E-06  4.7526E-11  4.7256E-12 -1.3804E-11
  1.5168E-06  4.9063E-11  4.8785E-12 -1.4250E-11
  1.5410E-06  5.0640E-11  5.0352E-12 -1.4708E-11
  1.5654E-06  5.2256E-11  5.1959E-12 -1.5178E-11
  1.5900E-06  5.3913E-11  5.3607E-12 -1.5659E-11
  1.6148E-06  5.5611E-11  5.5295E-12 -1.6152E-11
  1.6399E-06  5.7352E-11  5.7026E-12 -1.6658E-11
  1.6652E-06  5.9136E-11  5.8800E-12 -1.7176E-11
  1.6908E-06  6.0964E-11  6.0618E-12 -1.7707E-11
  1.7165E-06  6.2837E-11  6.2480E-12 -1.8251E-11
  1.7425E-06  6.4756E-11  6.4388E-12 -1.8808E-11
  1.7688E-06  6.6722E-11  6.6343E-12 -1.9379E-11
  1.7953E-06  6.8736E-11  6.8345E-12 -1.9964E-11
  1.8220E-06  7.0798E-11  7.0396E-12 -2.0563E-11
  1.8490E-06  7.2911E-11  7.2497E-12 -2.1177E-11
  1.8762E-06  7.5074E-11  7.4648E-12 -2.1805E-11
  1.9037E-06  7.7290E-11  7.6851E-12 -2.2449E-11
  1.9315E-06  7.9558E-11  7.9106E-12 -2.3107E-11
  1.9595E-06  8.1881E-11  8.1416E-12 -2.3782E-11
  1.9877E-06  8.4259E-11  8.3780E-12 -2.4473E-11
  2.0162E-06  8.6693E-11  8.6200E-12 -2.5180E-11
  2.0450E-06  8.9185E-11  8.8678E-12 -2.5903E-11
  2.0740E-06  9.1735E-11  9.1214E-12 -2.6644E-11
  2.1033E-06  9.4346E-11  9.3810E-12 -2.7402E-11
  2.1329E-06  9.7017E-11  9.6466E-12 -2.8178E-11
  2.1627E-06  9.9751E-11  9.9185E-12 -2.8973E-11
  2.1928E-06  1.0255E-10  1.0197E-11 -2.9785E-11
  2.2232E-06  1.0541E-10  1.0481E-11 -3.0617E-11
  2.2539E-06  1.0834E-10  1.0772E-11 -3.1467E-11
  2.2849E-06  1.1134E-10  1.1070E-11 -3.2338E-11
  2.3161E-06  1.1440E-10  1.1375E-11 -3.3228E-11
  2.3476E-06  1.1754E-10  1.1687E-11 -3.4139E-11
  2.3795E-06  1.2075E-10  1.2006E-11 -3.5070E-11
  2.4116E-06  1.2403E-10  1.2332E-11 -3.6023E-11
  2.4440E-06  1.2738E-10  1.2666E-11 -3.6998E-11
  2.4767E-06  1.3082E-10  1.3007E-11 -3.7995E-11
  2.5097E-06  1.3432E-10  1.3356E-11 -3.9014E-11
  2.5430E-06  1.3791E-10  1.3713E-11 -4.0057E-11
  2.5766E-06  1.4158E-10  1.4078E-11 -4.1123E-11
  2.6106E-06  1.4534E-10  1.4451E-11 -4.2213E-11
  2.6448E-06  1.4917E-10  1.4833E-11 -4.3328E-11
  2.6793E-06  1.5310E-10  1.5223E-11 -4.4467E-11
  2.7142E-06  1.5711E-10  1.5622E-11 -4.5632E-11
  2.7494E-06  1.6121E-10  1.6029E-11 -4.6823E-11
  2.7849E-06  1.6540E-10  1.6446E-11 -4.8041E-11
  2.8208E-06  1.6969E-10  1.6872E-11 -4.9285E-11
  2.8569E-06  1.7407E-10  1.7308E-11 -5.0557E-11
  2.8934E-06  1.7854E-10  1.7753E-11 -5.1858E-11
  2.9303E-06  1.8312E-10  1.8208E-11 -5.3186E-11
  2.9675E-06  1.8779E-10  1.8673E-11 -5.4545E-11
  3.0050E-06  1.9257E-10  1.9148E-11 -5.5933E-11
  3.0429E-06  1.9746E-10  1.9634E-11 -5.7351E-11
  3.0811E-06  2.0245E-10  2.0130E-11 -5.8801E-11
  3.1196E-06  2.0755E-10  2.0637E-11 -6.0282E-11
  3.1586E-06  2.1276E-10  2.1155E-11 -6.1796E-11
  3.1978E-06  2.1808E-10  2.1685E-11 -6.3342E-11
  3.2375E-06  2.2352E-10  2.2226E-11 -6.4922E-11
  3.2775E-06  2.2908E-10  2.2778E-11 -6.6537E-11
  3.3179E-06  2.3476E-10  2.3343E-11 -6.8186E-11
  3.3586E-06  2.4056E-10  2.3920E-11 -6.9871E-11
  3.3997E-06  2.4649E-10  2.4509E-11 -7.1593E-11
  3.4412E-06  2.5254E-10  2.5111E-11 -7.3351E-11
  3.4831E-06  2.5873E-10  2.5726E-11 -7.5147E-11
  3.5254E-06  2.6505E-10  2.6354E-11 -7.6982E-11
  3.5680E-06  2.7150E-10  2.6996E-11 -7.8856E-11
  3.6111E-06  2.7809E-10  2.7651E-11 -8.0770E-11
  3.6545E-06  2.8482E-10  2.8320E-11 -8.2726E-11
  3.6984E-06  2.9169E-10  2.9004E-11 -8.4722E-11
  3.7426E-06  2.9872E-10  2.9702E-11 -8.6762E-11
  3.7873E-06  3.0589E-10  3.0415E-11 -8.8844E-11
  3.8323E-06  3.1321E-10  3.1143E-11 -9.0971E-11
  3.8778E-06  3.2069E-10  3.1887E-11 -9.3143E-11
  3.9237E-06  3.2832E-10  3.2646E-11 -9.5361E-11
  3.9700E-06  3.3612E-10  3.3421E-11 -9.7626E-11
  4.0168E-06  3.4408E-10  3.4213E-11 -9.9938E-11
  4.0639E-06  3.5221E-10  3.5021E-11 -1.0230E-10
  4.1115E-06  3.6051E-10  3.5847E-11 -1.0471E-10
  4.1596E-06  3.6899E-10  3.6689E-11 -1.0717E-10
  4.2081E-06  3.7764E-10  3.7550E-11 -1.0969E-10
  4.2570E-06  3.8647E-10  3.8428E-11 -1.1225E-10
  4.3064E-06  3.9549E-10  3.9325E-11 -1.1487E-10
  4.3562E-06  4.0470E-10  4.0240E-11 -1.1754E-10
  4.4065E-06  4.1410E-10  4.1175E-11 -1.2027E-10
  4.4573E-06  4.2369E-10  4.2129E-11 -1.2306E-10
  4.5085E-06  4.3349E-10  4.3103E-11 -1.2591E-10
  4.5602E-06  4.4349E-10  4.4097E-11 -1.2881E-10
  4.6124E-06  4.5369E-10  4.5112E-11 -1.3178E-10
  4.6651E-06  4.6411E-10  4.6148E-11 -1.3480E-10
  4.7182E-06  4.7474E-10  4.7205E-11 -1.3789E-10
  4.7718E-06  4.8560E-10  4.8284E-11 -1.4104E-10
  4.8259E-06  4.9667E-10  4.9386E-11 -1.4426E-10
  4.8806E-06  5.0798E-10  5.0510E-11 -1.4754E-10
  4.9357E-06  5.1952E-10  5.1657E-11 -1.5089E-10
  4.9913E-06  5.3130E-10  5.2828E-11 -1.5432E-10
  5.0474E-06  5.4331E-10  5.4023E-11 -1.5781E-10
  5.1041E-06  5.5558E-10  5.5243E-11 -1.6137E-10
  5.1613E-06  5.6810E-10  5.6488E-11 -1.6500E-10
  5.2190E-06  5.8087E-10  5.7758E-11 -1.6871E-10
  5.2772E-06  5.9391E-10  5.9054E-11 -1.7250E-10
  5.3360E-06  6.0721E-10  6.0377E-11 -1.7636E-10
  5.3953E-06  6.2078E-10  6.1726E-11 -1.8031E-10
  5.4552E-06  6.3463E-10  6.3104E-11 -1.8433E-10
  5.5156E-06  6.4877E-10  6.4509E-11 -1.8844E-10
  5.5765E-06  6.6319E-10  6.5943E-11 -1.9262E-10
  5.6381E-06  6.7790E-10  6.7406E-11 -1.9690E-10
  5.7001E-06  6.9291E-10  6.8899E-11 -2.0126E-10
  5.7628E-06  7.0823E-10  7.0422E-11 -2.0571E-10
  5.8260E-06  7.2386E-10  7.1976E-11 -2.1025E-10
  5.8899E-06  7.3980E-10  7.3561E-11 -2.1488E-10
  5.9543E-06  7.5607E-10  7.5179E-11 -2.1960E-10
  6.0193E-06  7.7267E-10  7.6829E-11 -2.2442E-10
  6.0849E-06  7.8960E-10  7.8513E-11 -2.2934E-10
  6.1511E-06  8.0688E-10  8.0231E-11 -2.3436E-10
  6.2179E-06  8.2450E-10  8.1983E-11 -2.3948E-10
  6.2853E-06  8.4248E-10  8.3771E-11 -2.4470E-10
  6.3534E-06  8.6082E-10  8.5594E-11 -2.5003E-10
  6.4220E-06  8.7953E-10  8.7455E-11 -2.5546E-10
  6.4913E-06  8.9861E-10  8.9352E-11 -2.6100E-10
  6.5613E-06  9.1808E-10  9.1288E-11 -2.6666E-10
  6.6319E-06  9.3794E-10  9.3263E-11 -2.7243E-10
  6.7031E-06  9.5819E-10  9.5277E-11 -2.7831E-10
  6.7750E-06  9.7886E-10  9.7332E-11 -2.8431E-10
  6.8475E-06  9.9993E-10  9.9427E-11 -2.9043E-10
  6.9207E-06  1.0214E-09  1.0156E-10 -2.9668E-10
  6.9946E-06  1.0434E-09  1.0375E-10 -3.0305E-10
  7.0692E-06  1.0657E-09  1.0597E-10 -3.0954E-10
  7.1445E-06  1.0885E-09  1.0824E-10 -3.1617E-10
  7.2204E-06  1.1118E-09  1.1055E-10 -3.2293E-10
  7.2971E-06  1.1355E-09  1.1291E-10 -3.2982E-10
  7.3744E-06  1.1597E-09  1.1532E-10 -3.3685E-10
  7.4525E-06  1.1844E-09  1.1777E-10 -3.4402E-10
  7.5313E-06  1.2096E-09  1.2027E-10 -3.5133E-10
  7.6108E-06  1.2353E-09  1.2283E-10 -3.5879E-10
  7.6910E-06  1.2614E-09  1.2543E-10 -3.6639E-10
  7.7720E-06  1.2881E-09  1.2809E-10 -3.7415E-10
  7.8537E-06  1.3154E-09  1.3079E-10 -3.8206E-10
  7.9362E-06  1.3431E-09  1.3356E-10 -3.9012E-10
  8.0194E-06  1.3715E-09  1.3637E-10 -3.9835E-10
  8.1034E-06  1.4003E-09  1.3924E-10 -4.0674E-10
  8.1882E-06  1.4298E-09  1.4217E-10 -4.1529E-10
  8.2737E-06  1.4598E-09  1.4516E-10 -4.2402E-10
  8.3601E-06  1.4905E-09  1.4820E-10 -4.3291E-10
  8.4472E-06  1.5217E-09  1.5131E-10 -4.4198E-10
  8.5351E-06  1.5535E-09  1.5448E-10 -4.5123E-10
  8.6239E-06  1.5860E-09  1.5770E-10 -4.6067E-10
  8.7134E-06  1.6191E-09  1.6100E-10 -4.7028E-10
  8.8038E-06  1.6529E-09  1.6435E-10 -4.8009E-10
  8.8950E-06  1.6873E-09  1.6778E-10 -4.9009E-10
  8.9871E-06  1.7224E-09  1.7127E-10 -5.0029E-10
  9.0800E-06  1.7582E-09  1.7483E-10 -5.1068E-10
  9.1737E-06  1.7947E-09  1.7846E-10 -5.2128E-10
  9.2684E-06  1.8319E-09  1.8216E-10 -5.3209E-10
  9.3638E-06  1.8699E-09  1.8593E-10 -5.4311E-10
  9.4602E-06  1.9085E-09  1.8978E-10 -5.5435E-10
  9.5575E-06  1.9480E-09  1.9370E-10 -5.6580E-10
  9.6556E-06  1.9882E-09  1.9770E-10 -5.7748E-10
  9.7547E-06  2.0292E-09  2.0177E-10 -5.8939E-10
  9.8546E-06  2.0710E-09  2.0593E-10 -6.0154E-10
  9.9555E-06  2.1136E-09  2.1017E-10 -6.1391E-10
  1.0057E-05  2.1571E-09  2.1449E-10 -6.2653E-10
  1.0160E-05  2.2014E-09  2.1889E-10 -6.3940E-10
  1.0264E-05  2.2465E-09  2.2338E-10 -6.5252E-10
  1.0368E-05  2.2926E-09  2.2796E-10 -6.6589E-10
  1.0474E-05  2.3395E-09  2.3263E-10 -6.7953E-10
  1.0581E-05  2.3874E-09  2.3739E-10 -6.9343E-10
  1.0688E-05  2.4361E-09  2.4224E-10 -7.0760E-10
  1.0797E-05  2.4859E-09  2.4718E-10 -7.2204E-10
  1.0906E-05  2.5366E-09  2.5223E-10 -7.3677E-10
  1.1017E-05  2.5883E-09  2.5737E-10 -7.5178E-10
  1.1128E-05  2.6409E-09  2.6260E-10 -7.6709E-10
  1.1241E-05  2.6947E-09  2.6795E-10 -7.8269E-10
  1.1355E-05  2.7494E-09  2.7339E-10 -7.9859E-10
  1.1469E-05  2.8052E-09  2.7894E-10 -8.1481E-10
  1.1585E-05  2.8621E-09  2.8460E-10 -8.3133E-10
  1.1702E-05  2.9201E-09  2.9037E-10 -8.4818E-10
  1.1820E-05  2.9793E-09  2.9625E-10 -8.6535E-10
  1.1939E-05  3.0395E-09  3.0224E-10 -8.8286E-10
  1.2059E-05  3.1010E-09  3.0835E-10 -9.0071E-10
  1.2180E-05  3.1636E-09  3.1458E-10 -9.1890E-10
  1.2302E-05  3.2274E-09  3.2092E-10 -9.3744E-10
  1.2426E-05  3.2925E-09  3.2739E-10 -9.5634E-10
  1.2550E-05  3.3588E-09  3.3399E-10 -9.7561E-10
  1.2676E-05  3.4264E-09  3.4071E-10 -9.9524E-10
  1.2803E-05  3.4953E-09  3.4756E-10 -1.0153E-09
  1.2931E-05  3.5656E-09  3.5455E-10 -1.0357E-09
  1.3060E-05  3.6372E-09  3.6167E-10 -1.0565E-09
  1.3190E-05  3.7101E-09  3.6893E-10 -1.0777E-09
  1.3322E-05  3.7845E-09  3.7632E-10 -1.0993E-09
  1.3454E-05  3.8603E-09  3.8386E-10 -1.1213E-09
  1.3588E-05  3.9376E-09  3.9154E-10 -1.1437E-09
  1.3724E-05  4.0164E-09  3.9938E-10 -1.1666E-09
  1.3860E-05  4.0967E-09  4.0736E-10 -1.1899E-09
  1.3998E-05  4.1785E-09  4.1550E-10 -1.2137E-09
  1.4137E-05  4.2619E-09  4.2379E-10 -1.2379E-09
  1.4277E-05  4.3469E-09  4.3224E-10 -1.2626E-09
  1.4419E-05  4.4335E-09  4.4086E-10 -1.2878E-09
  1.4562E-05  4.5218E-09  4.4963E-10 -1.3134E-09
  1.4706E-05  4.6118E-09  4.5858E-10 -1.3396E-09
  1.4851E-05  4.7035E-09  4.6770E-10 -1.3662E-09
  1.4998E-05  4.7970E-09  4.7700E-10 -1.3933E-09
  1.5146E-05  4.8922E-09  4.8647E-10 -1.4210E-09
  1.5296E-05  4.9893E-09  4.9613E-10 -1.4492E-09
  1.5447E-05  5.0883E-09  5.0597E-10 -1.4780E-09
  1.5599E-05  5.1891E-09  5.1599E-10 -1.5073E-09
  1.5753E-05  5.2919E-09  5.2622E-10 -1.5371E-09
  1.5908E-05  5.3966E-09  5.3663E-10 -1.5675E-09
  1.6065E-05  5.5034E-09  5.4725E-10 -1.5985E-09
  1.6223E-05  5.6122E-09  5.5806E-10 -1.6301E-09
  1.6382E-05  5.7231E-09  5.6909E-10 -1.6624E-09
  1.6543E-05  5.8360E-09  5.8033E-10 -1.6952E-09
  1.6706E-05  5.9512E-09  5.9178E-10 -1.7286E-09
  1.6869E-05  6.0685E-09  6.0345E-10 -1.7627E-09
  1.7035E-05  6.1881E-09  6.1534E-10 -1.7974E-09
  1.7202E-05  6.3100E-09  6.2746E-10 -1.8329E-09
  1.7370E-05  6.4342E-09  6.3981E-10 -1.8689E-09
  1.7540E-05  6.5608E-09  6.5240E-10 -1.9057E-09
  1.7712E-05  6.6898E-09  6.6522E-10 -1.9432E-09
  1.7885E-05  6.8212E-09  6.7829E-10 -1.9813E-09
  1.8060E-05  6.9552E-09  6.9161E-10 -2.0203E-09
  1.8236E-05  7.0917E-09  7.0519E-10 -2.0599E-09
  1.8414E-05  7.2308E-09  7.1902E-10 -2.1003E-09
  1.8594E-05  7.3725E-09  7.3312E-10 -2.1415E-09
  1.8775E-05  7.5170E-09  7.4748E-10 -2.1834E-09
  1.8958E-05  7.6642E-09  7.6212E-10 -2.2262E-09
  1.9143E-05  7.8142E-09  7.7704E-10 -2.2698E-09
  1.9329E-05  7.9670E-09  7.9224E-10 -2.3142E-09
  1.9517E-05  8.1228E-09  8.0773E-10 -2.3594E-09
  1.9707E-05  8.2815E-09  8.2351E-10 -2.4055E-09
  1.9898E-05  8.4432E-09  8.3959E-10 -2.4525E-09
  2.0092E-05  8.6081E-09  8.5598E-10 -2.5004E-09
  2.0287E-05  8.7760E-09  8.7269E-10 -2.5492E-09
  2.0483E-05  8.9471E-09  8.8970E-10 -2.5989E-09
  2.0682E-05  9.1215E-09  9.0705E-10 -2.6495E-09
  2.0883E-05  9.2992E-09  9.2472E-10 -2.7012E-09
  2.1085E-05  9.4803E-09  9.4272E-10 -2.7538E-09
  2.1289E-05  9.6648E-09  9.6107E-10 -2.8074E-09
  2.1495E-05  9.8528E-09  9.7977E-10 -2.8620E-09
  2.1703E-05  1.0044E-08  9.9882E-10 -2.9176E-09
  2.1913E-05  1.0240E-08  1.0182E-09 -2.9743E-09
  2.2125E-05  1.0438E-08  1.0380E-09 -3.0321E-09
  2.2339E-05  1.0641E-08  1.0582E-09 -3.0910E-09
  2.2554E-05  1.0848E-08  1.0787E-09 -3.1510E-09
  2.2772E-05  1.1058E-08  1.0996E-09 -3.2121E-09
  2.2992E-05  1.1272E-08  1.1210E-09 -3.2744E-09
  2.3214E-05  1.1491E-08  1.1427E-09 -3.3378E-09
  2.3437E-05  1.1714E-08  1.1648E-09 -3.4025E-09
  2.3663E-05  1.1940E-08  1.1874E-09 -3.4684E-09
  2.3891E-05  1.2171E-08  1.2104E-09 -3.5355E-09
  2.4121E-05  1.2407E-08  1.2338E-09 -3.6039E-09
  2.4353E-05  1.2647E-08  1.2576E-09 -3.6736E-09
  2.4588E-05  1.2891E-08  1.2819E-09 -3.7446E-09
  2.4824E-05  1.3140E-08  1.3067E-09 -3.8170E-09
  2.5063E-05  1.3394E-08  1.3320E-09 -3.8907E-09
  2.5303E-05  1.3653E-08  1.3577E-09 -3.9659E-09
  2.5546E-05  1.3916E-08  1.3839E-09 -4.0424E-09
  2.5792E-05  1.4185E-08  1.4106E-09 -4.1204E-09
  2.6039E-05  1.4458E-08  1.4378E-09 -4.1998E-09
  2.6289E-05  1.4737E-08  1.4655E-09 -4.2808E-09
  2.6541E-05  1.5021E-08  1.4937E-09 -4.3633E-09
  2.6795E-05  1.5310E-08  1.5225E-09 -4.4473E-09
  2.7052E-05  1.5605E-08  1.5518E-09 -4.5330E-09
  2.7311E-05  1.5905E-08  1.5817E-09 -4.6202E-09
  2.7573E-05  1.6211E-08  1.6121E-09 -4.7091E-09
  2.7836E-05  1.6523E-08  1.6431E-09 -4.7997E-09
  2.8103E-05  1.6841E-08  1.6747E-09 -4.8919E-09
  2.8372E-05  1.7164E-08  1.7069E-09 -4.9859E-09
  2.8643E-05  1.7494E-08  1.7397E-09 -5.0817E-09
  2.8917E-05  1.7830E-08  1.7731E-09 -5.1793E-09
  2.9193E-05  1.8172E-08  1.8071E-09 -5.2788E-09
  2.9472E-05  1.8521E-08  1.8418E-09 -5.3801E-09
  2.9753E-05  1.8876E-08  1.8771E-09 -5.4833E-09
  3.0037E-05  1.9238E-08  1.9131E-09 -5.5884E-09
  3.0323E-05  1.9607E-08  1.9498E-09 -5.6956E-09
  3.0613E-05  1.9983E-08  1.9872E-09 -5.8047E-09
  3.0904E-05  2.0366E-08  2.0253E-09 -5.9159E-09
  3.1199E-05  2.0756E-08  2.0640E-09 -6.0292E-09
  3.1496E-05  2.1153E-08  2.1036E-09 -6.1447E-09
  3.1796E-05  2.1558E-08  2.1438E-09 -6.2623E-09
  3.2099E-05  2.1970E-08  2.1848E-09 -6.3821E-09
  3.2404E-05  2.2390E-08  2.2266E-09 -6.5041E-09
  3.2713E-05  2.2819E-08  2.2692E-09 -6.6285E-09
  3.3024E-05  2.3255E-08  2.3126E-09 -6.7552E-09
  3.3338E-05  2.3699E-08  2.3568E-09 -6.8843E-09
  3.3655E-05  2.4152E-08  2.4018E-09 -7.0158E-09
  3.3975E-05  2.4613E-08  2.4477E-09 -7.1498E-09
  3.4298E-05  2.5083E-08  2.4944E-09 -7.2863E-09
  3.4623E-05  2.5561E-08  2.5420E-09 -7.4254E-09
  3.4952E-05  2.6049E-08  2.5905E-09 -7.5670E-09
  3.5284E-05  2.6546E-08  2.6399E-09 -7.7114E-09
  3.5619E-05  2.7052E-08  2.6903E-09 -7.8584E-09
  3.5957E-05  2.7568E-08  2.7415E-09 -8.0082E-09
  3.6298E-05  2.8093E-08  2.7938E-09 -8.1608E-09
  3.6642E-05  2.8628E-08  2.8470E-09 -8.3163E-09
  3.6989E-05  2.9174E-08  2.9012E-09 -8.4747E-09
  3.7340E-05  2.9729E-08  2.9565E-09 -8.6361E-09
  3.7693E-05  3.0295E-08  3.0128E-09 -8.8005E-09
  3.8050E-05  3.0872E-08  3.0701E-09 -8.9680E-09
  3.8411E-05  3.1459E-08  3.1285E-09 -9.1386E-09
  3.8774E-05  3.2057E-08  3.1880E-09 -9.3125E-09
  3.9141E-05  3.2667E-08  3.2487E-09 -9.4895E-09
  3.9511E-05  3.3288E-08  3.3104E-09 -9.6700E-09
  3.9885E-05  3.3920E-08  3.3733E-09 -9.8537E-09
  4.0262E-05  3.4565E-08  3.4374E-09 -1.0041E-08
  4.0643E-05  3.5221E-08  3.5027E-09 -1.0232E-08
  4.1027E-05  3.5890E-08  3.5693E-09 -1.0426E-08
  4.1415E-05  3.6572E-08  3.6370E-09 -1.0624E-08
  4.1806E-05  3.7266E-08  3.7061E-09 -1.0826E-08
  4.2201E-05  3.7973E-08  3.7764E-09 -1.1031E-08
  4.2599E-05  3.8693E-08  3.8480E-09 -1.1240E-08
  4.3001E-05  3.9427E-08  3.9210E-09 -1.1454E-08
  4.3407E-05  4.0175E-08  3.9954E-09 -1.1671E-08
  4.3817E-05  4.0936E-08  4.0711E-09 -1.1892E-08
  4.4230E-05  4.1712E-08  4.1483E-09 -1.2118E-08
  4.4647E-05  4.2503E-08  4.2269E-09 -1.2347E-08
  4.5068E-05  4.3308E-08  4.3070E-09 -1.2581E-08
  4.5493E-05  4.4128E-08  4.3886E-09 -1.2819E-08
  4.5922E-05  4.4964E-08  4.4717E-09 -1.3062E-08
  4.6354E-05  4.5815E-08  4.5564E-09 -1.3309E-08
  4.6791E-05  4.6682E-08  4.6426E-09 -1.3561E-08
  4.7232E-05  4.7565E-08  4.7305E-09 -1.3818E-08
  4.7676E-05  4.8465E-08  4.8200E-09 -1.4080E-08
  4.8125E-05  4.9382E-08  4.9112E-09 -1.4346E-08
  4.8578E-05  5.0316E-08  5.0040E-09 -1.4617E-08
  4.9035E-05  5.1267E-08  5.0987E-09 -1.4894E-08
  4.9497E-05  5.2236E-08  5.1951E-09 -1.5175E-08
  4.9962E-05  5.3223E-08  5.2932E-09 -1.5462E-08
  5.0432E-05  5.4229E-08  5.3933E-09 -1.5754E-08
  5.0906E-05  5.5254E-08  5.4952E-09 -1.6052E-08
  5.1385E-05  5.6297E-08  5.5990E-09 -1.6355E-08
  5.1868E-05  5.7360E-08  5.7047E-09 -1.6664E-08
  5.2355E-05  5.8443E-08  5.8124E-09 -1.6979E-08
  5.2847E-05  5.9546E-08  5.9222E-09 -1.7299E-08
  5.3343E-05  6.0670E-08  6.0339E-09 -1.7626E-08
  5.3844E-05  6.1815E-08  6.1478E-09 -1.7958E-08
  5.4350E-05  6.2981E-08  6.2638E-09 -1.8297E-08
  5.4860E-05  6.4169E-08  6.3820E-09 -1.8642E-08
  5.5375E-05  6.5379E-08  6.5023E-09 -1.8994E-08
  5.5895E-05  6.6612E-08  6.6249E-09 -1.9352E-08
  5.6419E-05  6.7867E-08  6.7498E-09 -1.9717E-08
  5.6948E-05  6.9146E-08  6.8771E-09 -2.0088E-08
  5.7483E-05  7.0449E-08  7.0067E-09 -2.0467E-08
  5.8022E-05  7.1777E-08  7.1387E-09 -2.0853E-08
  5.8566E-05  7.3129E-08  7.2732E-09 -2.1245E-08
  5.9115E-05  7.4506E-08  7.4102E-09 -2.1646E-08
  5.9669E-05  7.5909E-08  7.5497E-09 -2.2053E-08
  6.0228E-05  7.7338E-08  7.6919E-09 -2.2469E-08
  6.0792E-05  7.8794E-08  7.8367E-09 -2.2892E-08
  6.1362E-05  8.0277E-08  7.9842E-09 -2.3323E-08
  6.1936E-05  8.1788E-08  8.1345E-09 -2.3761E-08
  6.2516E-05  8.3327E-08  8.2876E-09 -2.4209E-08
  6.3102E-05  8.4894E-08  8.4435E-09 -2.4664E-08
  6.3693E-05  8.6491E-08  8.6023E-09 -2.5128E-08
  6.4289E-05  8.8117E-08  8.7641E-09 -2.5601E-08
  6.4890E-05  8.9774E-08  8.9289E-09 -2.6082E-08
  6.5498E-05  9.1462E-08  9.0968E-09 -2.6572E-08
  6.6110E-05  9.3181E-08  9.2678E-09 -2.7072E-08
  6.6729E-05  9.4932E-08  9.4420E-09 -2.7581E-08
  6.7353E-05  9.6716E-08  9.6195E-09 -2.8099E-08
  6.7983E-05  9.8533E-08  9.8002E-09 -2.8627E-08
  6.8618E-05  1.0038E-07  9.9843E-09 -2.9165E-08
  6.9260E-05  1.0227E-07  1.0172E-08 -2.9713E-08
  6.9907E-05  1.0419E-07  1.0363E-08 -3.0271E-08
  7.0561E-05  1.0615E-07  1.0558E-08 -3.0839E-08
  7.1220E-05  1.0814E-07  1.0756E-08 -3.1418E-08
  7.1885E-05  1.1017E-07  1.0958E-08 -3.2008E-08
  7.2557E-05  1.1224E-07  1.1163E-08 -3.2609E-08
  7.3235E-05  1.1434E-07  1.1373E-08 -3.3221E-08
  7.3919E-05  1.1649E-07  1.1586E-08 -3.3845E-08
  7.4609E-05  1.1867E-07  1.1804E-08 -3.4480E-08
  7.5305E-05  1.2090E-07  1.2025E-08 -3.5126E-08
  7.6008E-05  1.2317E-07  1.2251E-08 -3.5785E-08
  7.6718E-05  1.2548E-07  1.2481E-08 -3.6456E-08
  7.7434E-05  1.2783E-07  1.2715E-08 -3.7140E-08
  7.8157E-05  1.3023E-07  1.2953E-08 -3.7837E-08
  7.8886E-05  1.3267E-07  1.3196E-08 -3.8546E-08
  7.9622E-05  1.3515E-07  1.3443E-08 -3.9268E-08
  8.0364E-05  1.3769E-07  1.3695E-08 -4.0005E-08
  8.1114E-05  1.4027E-07  1.3952E-08 -4.0754E-08
  8.1870E-05  1.4289E-07  1.4213E-08 -4.1518E-08
  8.2634E-05  1.4557E-07  1.4480E-08 -4.2296E-08
  8.3404E-05  1.4830E-07  1.4751E-08 -4.3088E-08
  8.4182E-05  1.5107E-07  1.5027E-08 -4.3895E-08
  8.4966E-05  1.5390E-07  1.5309E-08 -4.4717E-08
  8.5758E-05  1.5678E-07  1.5595E-08 -4.5555E-08
  8.6558E-05  1.5972E-07  1.5887E-08 -4.6408E-08
  8.7364E-05  1.6271E-07  1.6185E-08 -4.7277E-08
  8.8178E-05  1.6575E-07  1.6488E-08 -4.8162E-08
  8.8999E-05  1.6886E-07  1.6796E-08 -4.9063E-08
  8.9828E-05  1.7202E-07  1.7111E-08 -4.9981E-08
  9.0665E-05  1.7523E-07  1.7431E-08 -5.0917E-08
  9.1509E-05  1.7851E-07  1.7757E-08 -5.1870E-08
  9.2361E-05  1.8185E-07  1.8089E-08 -5.2840E-08
  9.3221E-05  1.8525E-07  1.8428E-08 -5.3828E-08
  9.4089E-05  1.8872E-07  1.8772E-08 -5.4835E-08
  9.4965E-05  1.9225E-07  1.9123E-08 -5.5861E-08
  9.5849E-05  1.9584E-07  1.9481E-08 -5.6906E-08
  9.6741E-05  1.9950E-07  1.9845E-08 -5.7970E-08
  9.7641E-05  2.0323E-07  2.0216E-08 -5.9054E-08
  9.8550E-05  2.0703E-07  2.0594E-08 -6.0158E-08
  9.9466E-05  2.1090E-07  2.0979E-08 -6.1282E-08
  1.0039E-04  2.1484E-07  2.1371E-08 -6.2428E-08
  1.0133E-04  2.1886E-07  2.1771E-08 -6.3594E-08
  1.0227E-04  2.2294E-07  2.2178E-08 -6.4783E-08
  1.0322E-04  2.2711E-07  2.2592E-08 -6.5993E-08
  1.0418E-04  2.3135E-07  2.3014E-08 -6.7226E-08
  1.0515E-04  2.3567E-07  2.3444E-08 -6.8482E-08
  1.0612E-04  2.4007E-07  2.3882E-08 -6.9762E-08
  1.0711E-04  2.4456E-07  2.4328E-08 -7.1065E-08
  1.0811E-04  2.4912E-07  2.4783E-08 -7.2392E-08
  1.0911E-04  2.5377E-07  2.5245E-08 -7.3744E-08
  1.1013E-04  2.5851E-07  2.5717E-08 -7.5121E-08
  1.1115E-04  2.6334E-07  2.6197E-08 -7.6523E-08
  1.1218E-04  2.6825E-07  2.6686E-08 -7.7952E-08
  1.1322E-04  2.7326E-07  2.7184E-08 -7.9407E-08
  1.1428E-04  2.7836E-07  2.7692E-08 -8.0890E-08
  1.1534E-04  2.8355E-07  2.8209E-08 -8.2399E-08
  1.1641E-04  2.8884E-07  2.8735E-08 -8.3937E-08
  1.1749E-04  2.9423E-07  2.9271E-08 -8.5504E-08
  1.1858E-04  2.9972E-07  2.9817E-08 -8.7099E-08
  1.1968E-04  3.0531E-07  3.0374E-08 -8.8724E-08
  1.2079E-04  3.1101E-07  3.0940E-08 -9.0379E-08
  1.2192E-04  3.1681E-07  3.1518E-08 -9.2065E-08
  1.2305E-04  3.2271E-07  3.2106E-08 -9.3783E-08
  1.2419E-04  3.2873E-07  3.2704E-08 -9.5532E-08
  1.2534E-04  3.3486E-07  3.3314E-08 -9.7314E-08
  1.2651E-04  3.4110E-07  3.3936E-08 -9.9128E-08
  1.2768E-04  3.4746E-07  3.4568E-08 -1.0098E-07
  1.2886E-04  3.5394E-07  3.5213E-08 -1.0286E-07
  1.3006E-04  3.6054E-07  3.5869E-08 -1.0478E-07
  1.3127E-04  3.6726E-07  3.6538E-08 -1.0673E-07
  1.3248E-04  3.7410E-07  3.7219E-08 -1.0872E-07
  1.3371E-04  3.8107E-07  3.7913E-08 -1.1075E-07
  1.3495E-04  3.8817E-07  3.8620E-08 -1.1281E-07
  1.3621E-04  3.9540E-07  3.9339E-08 -1.1491E-07
  1.3747E-04  4.0277E-07  4.0073E-08 -1.1705E-07
  1.3874E-04  4.1027E-07  4.0819E-08 -1.1924E-07
  1.4003E-04  4.1792E-07  4.1580E-08 -1.2146E-07
  1.4133E-04  4.2570E-07  4.2355E-08 -1.2372E-07
  1.4264E-04  4.3363E-07  4.3144E-08 -1.2603E-07
  1.4396E-04  4.4170E-07  4.3947E-08 -1.2837E-07
  1.4530E-04  4.4993E-07  4.4766E-08 -1.3076E-07
  1.4664E-04  4.5831E-07  4.5600E-08 -1.3320E-07
  1.4800E-04  4.6684E-07  4.6449E-08 -1.3568E-07
  1.4937E-04  4.7553E-07  4.7314E-08 -1.3821E-07
  1.5076E-04  4.8438E-07  4.8195E-08 -1.4078E-07
  1.5216E-04  4.9340E-07  4.9093E-08 -1.4340E-07
  1.5357E-04  5.0258E-07  5.0007E-08 -1.4607E-07
  1.5499E-04  5.1194E-07  5.0938E-08 -1.4879E-07
  1.5642E-04  5.2146E-07  5.1886E-08 -1.5156E-07
  1.5787E-04  5.3117E-07  5.2852E-08 -1.5438E-07
  1.5934E-04  5.4105E-07  5.3836E-08 -1.5726E-07
  1.6081E-04  5.5112E-07  5.4838E-08 -1.6019E-07
  1.6230E-04  5.6137E-07  5.5859E-08 -1.6317E-07
  1.6381E-04  5.7182E-07  5.6898E-08 -1.6620E-07
  1.6532E-04  5.8245E-07  5.7957E-08 -1.6930E-07
  1.6685E-04  5.9329E-07  5.9036E-08 -1.7245E-07
  1.6840E-04  6.0432E-07  6.0134E-08 -1.7566E-07
  1.6996E-04  6.1556E-07  6.1253E-08 -1.7892E-07
  1.7153E-04  6.2701E-07  6.2393E-08 -1.8225E-07
  1.7312E-04  6.3867E-07  6.3553E-08 -1.8564E-07
  1.7472E-04  6.5055E-07  6.4736E-08 -1.8910E-07
  1.7634E-04  6.6265E-07  6.5940E-08 -1.9262E-07
  1.7797E-04  6.7497E-07  6.7166E-08 -1.9620E-07
  1.7962E-04  6.8752E-07  6.8416E-08 -1.9985E-07
  1.8128E-04  7.0030E-07  6.9688E-08 -2.0356E-07
  1.8296E-04  7.1332E-07  7.0984E-08 -2.0735E-07
  1.8466E-04  7.2658E-07  7.2304E-08 -2.1121E-07
  1.8636E-04  7.4008E-07  7.3649E-08 -2.1513E-07
  1.8809E-04  7.5384E-07  7.5018E-08 -2.1913E-07
  1.8983E-04  7.6785E-07  7.6413E-08 -2.2321E-07
  1.9159E-04  7.8212E-07  7.7834E-08 -2.2736E-07
  1.9336E-04  7.9666E-07  7.9281E-08 -2.3159E-07
  1.9515E-04  8.1146E-07  8.0755E-08 -2.3589E-07
  1.9695E-04  8.2654E-07  8.2256E-08 -2.4028E-07
  1.9878E-04  8.4189E-07  8.3785E-08 -2.4474E-07
  2.0062E-04  8.5754E-07  8.5343E-08 -2.4929E-07
  2.0247E-04  8.7347E-07  8.6929E-08 -2.5393E-07
  2.0434E-04  8.8969E-07  8.8545E-08 -2.5865E-07
  2.0623E-04  9.0622E-07  9.0190E-08 -2.6345E-07
  2.0814E-04  9.2306E-07  9.1866E-08 -2.6835E-07
  2.1007E-04  9.4020E-07  9.3573E-08 -2.7333E-07
  2.1201E-04  9.5766E-07  9.5312E-08 -2.7841E-07
  2.1397E-04  9.7545E-07  9.7083E-08 -2.8359E-07
  2.1595E-04  9.9357E-07  9.8887E-08 -2.8886E-07
  2.1795E-04  1.0120E-06  1.0072E-07 -2.9422E-07
  2.1996E-04  1.0308E-06  1.0260E-07 -2.9969E-07
  2.2199E-04  1.0499E-06  1.0450E-07 -3.0526E-07
  2.2405E-04  1.0694E-06  1.0644E-07 -3.1093E-07
  2.2612E-04  1.0893E-06  1.0842E-07 -3.1670E-07
  2.2821E-04  1.1095E-06  1.1043E-07 -3.2259E-07
  2.3032E-04  1.1301E-06  1.1249E-07 -3.2858E-07
  2.3245E-04  1.1511E-06  1.1457E-07 -3.3468E-07
  2.3460E-04  1.1725E-06  1.1670E-07 -3.4090E-07
  2.3676E-04  1.1942E-06  1.1887E-07 -3.4723E-07
  2.3895E-04  1.2164E-06  1.2108E-07 -3.5368E-07
  2.4116E-04  1.2390E-06  1.2333E-07 -3.6025E-07
  2.4339E-04  1.2620E-06  1.2562E-07 -3.6693E-07
  2.4564E-04  1.2854E-06  1.2795E-07 -3.7375E-07
  2.4791E-04  1.3092E-06  1.3032E-07 -3.8069E-07
  2.5020E-04  1.3335E-06  1.3274E-07 -3.8776E-07
  2.5251E-04  1.3583E-06  1.3521E-07 -3.9496E-07
  2.5485E-04  1.3835E-06  1.3772E-07 -4.0229E-07
  2.5720E-04  1.4092E-06  1.4028E-07 -4.0976E-07
  2.5958E-04  1.4353E-06  1.4288E-07 -4.1736E-07
  2.6198E-04  1.4619E-06  1.4553E-07 -4.2511E-07
  2.6440E-04  1.4891E-06  1.4823E-07 -4.3300E-07
  2.6684E-04  1.5167E-06  1.5099E-07 -4.4104E-07
  2.6930E-04  1.5448E-06  1.5379E-07 -4.4923E-07
  2.7179E-04  1.5735E-06  1.5664E-07 -4.5756E-07
  2.7430E-04  1.6027E-06  1.5955E-07 -4.6606E-07
  2.7684E-04  1.6324E-06  1.6251E-07 -4.7471E-07
  2.7939E-04  1.6627E-06  1.6553E-07 -4.8352E-07
  2.8197E-04  1.6935E-06  1.6860E-07 -4.9249E-07
  2.8458E-04  1.7249E-06  1.7173E-07 -5.0163E-07
  2.8721E-04  1.7569E-06  1.7491E-07 -5.1094E-07
  2.8986E-04  1.7895E-06  1.7816E-07 -5.2042E-07
  2.9254E-04  1.8226E-06  1.8147E-07 -5.3007E-07
  2.9524E-04  1.8564E-06  1.8483E-07 -5.3991E-07
  2.9796E-04  1.8909E-06  1.8826E-07 -5.4993E-07
  3.0071E-04  1.9259E-06  1.9176E-07 -5.6013E-07
  3.0349E-04  1.9616E-06  1.9531E-07 -5.7052E-07
  3.0629E-04  1.9980E-06  1.9894E-07 -5.8111E-07
  3.0912E-04  2.0350E-06  2.0263E-07 -5.9189E-07
  3.1198E-04  2.0728E-06  2.0639E-07 -6.0287E-07
  3.1486E-04  2.1112E-06  2.1021E-07 -6.1405E-07
  3.1776E-04  2.1503E-06  2.1411E-07 -6.2544E-07
  3.2070E-04  2.1902E-06  2.1808E-07 -6.3704E-07
  3.2366E-04  2.2308E-06  2.2213E-07 -6.4886E-07
  3.2664E-04  2.2721E-06  2.2625E-07 -6.6089E-07
  3.2966E-04  2.3142E-06  2.3045E-07 -6.7315E-07
  3.3270E-04  2.3571E-06  2.3472E-07 -6.8564E-07
  3.3577E-04  2.4008E-06  2.3907E-07 -6.9835E-07
  3.3887E-04  2.4453E-06  2.4351E-07 -7.1130E-07
  3.4200E-04  2.4906E-06  2.4802E-07 -7.2449E-07
  3.4516E-04  2.5367E-06  2.5262E-07 -7.3793E-07
  3.4834E-04  2.5837E-06  2.5731E-07 -7.5161E-07
  3.5156E-04  2.6316E-06  2.6208E-07 -7.6555E-07
  3.5480E-04  2.6804E-06  2.6694E-07 -7.7975E-07
  3.5808E-04  2.7300E-06  2.7189E-07 -7.9420E-07
  3.6138E-04  2.7806E-06  2.7693E-07 -8.0893E-07
  3.6472E-04  2.8321E-06  2.8206E-07 -8.2393E-07
  3.6808E-04  2.8846E-06  2.8729E-07 -8.3920E-07
  3.7148E-04  2.9380E-06  2.9262E-07 -8.5476E-07
  3.7491E-04  2.9925E-06  2.9804E-07 -8.7061E-07
  3.7836E-04  3.0479E-06  3.0357E-07 -8.8675E-07
  3.8186E-04  3.1043E-06  3.0920E-07 -9.0319E-07
  3.8538E-04  3.1618E-06  3.1493E-07 -9.1993E-07
  3.8893E-04  3.2204E-06  3.2077E-07 -9.3699E-07
  3.9252E-04  3.2800E-06  3.2671E-07 -9.5436E-07
  3.9614E-04  3.3408E-06  3.3277E-07 -9.7205E-07
  3.9980E-04  3.4027E-06  3.3894E-07 -9.9007E-07
  4.0349E-04  3.4657E-06  3.4522E-07 -1.0084E-06
  4.0721E-04  3.5299E-06  3.5162E-07 -1.0271E-06
  4.1097E-04  3.5952E-06  3.5814E-07 -1.0461E-06
  4.1476E-04  3.6618E-06  3.6477E-07 -1.0655E-06
  4.1858E-04  3.7296E-06  3.7154E-07 -1.0853E-06
  4.2244E-04  3.7986E-06  3.7842E-07 -1.1054E-06
  4.2634E-04  3.8690E-06  3.8543E-07 -1.1259E-06
  4.3027E-04  3.9406E-06  3.9258E-07 -1.1467E-06
  4.3424E-04  4.0136E-06  3.9985E-07 -1.1680E-06
  4.3825E-04  4.0879E-06  4.0726E-07 -1.1896E-06
  4.4229E-04  4.1635E-06  4.1481E-07 -1.2117E-06
  4.4637E-04  4.2406E-06  4.2250E-07 -1.2341E-06
  4.5048E-04  4.3191E-06  4.3033E-07 -1.2570E-06
  4.5464E-04  4.3991E-06  4.3830E-07 -1.2803E-06
  4.5883E-04  4.4805E-06  4.4642E-07 -1.3040E-06
  4.6306E-04  4.5634E-06  4.5469E-07 -1.3282E-06
  4.6733E-04  4.6479E-06  4.6312E-07 -1.3528E-06
  4.7164E-04  4.7339E-06  4.7170E-07 -1.3779E-06
  4.7599E-04  4.8215E-06  4.8044E-07 -1.4034E-06
  4.8038E-04  4.9108E-06  4.8934E-07 -1.4294E-06
  4.8481E-04  5.0017E-06  4.9840E-07 -1.4559E-06
  4.8928E-04  5.0942E-06  5.0764E-07 -1.4829E-06
  4.9379E-04  5.1885E-06  5.1704E-07 -1.5103E-06
  4.9835E-04  5.2845E-06  5.2662E-07 -1.5383E-06
  5.0294E-04  5.3823E-06  5.3638E-07 -1.5668E-06
  5.0758E-04  5.4819E-06  5.4631E-07 -1.5958E-06
  5.1226E-04  5.5833E-06  5.5643E-07 -1.6254E-06
  5.1698E-04  5.6866E-06  5.6674E-07 -1.6555E-06
  5.2175E-04  5.7918E-06  5.7724E-07 -1.6862E-06
  5.2656E-04  5.8990E-06  5.8793E-07 -1.7174E-06
  5.3141E-04  6.0081E-06  5.9882E-07 -1.7492E-06
  5.3631E-04  6.1193E-06  6.0992E-07 -1.7816E-06
  5.4125E-04  6.2325E-06  6.2121E-07 -1.8146E-06
  5.4624E-04  6.3478E-06  6.3272E-07 -1.8482E-06
  5.5128E-04  6.4652E-06  6.4444E-07 -1.8825E-06
  5.5636E-04  6.5848E-06  6.5637E-07 -1.9173E-06
  5.6149E-04  6.7066E-06  6.6853E-07 -1.9528E-06
  5.6666E-04  6.8307E-06  6.8091E-07 -1.9890E-06
  5.7189E-04  6.9570E-06  6.9352E-07 -2.0258E-06
  5.7716E-04  7.0857E-06  7.0637E-07 -2.0634E-06
  5.8248E-04  7.2167E-06  7.1945E-07 -2.1016E-06
  5.8785E-04  7.3502E-06  7.3277E-07 -2.1405E-06
  5.9327E-04  7.4861E-06  7.4634E-07 -2.1801E-06
  5.9873E-04  7.6246E-06  7.6016E-07 -2.2205E-06
  6.0425E-04  7.7656E-06  7.7424E-07 -2.2616E-06
  6.0982E-04  7.9092E-06  7.8858E-07 -2.3035E-06
  6.1544E-04  8.0555E-06  8.0318E-07 -2.3462E-06
  6.2112E-04  8.2044E-06  8.1806E-07 -2.3896E-06
  6.2684E-04  8.3561E-06  8.3320E-07 -2.4339E-06
  6.3262E-04  8.5106E-06  8.4863E-07 -2.4789E-06
  6.3845E-04  8.6680E-06  8.6435E-07 -2.5248E-06
  6.4433E-04  8.8283E-06  8.8035E-07 -2.5716E-06
  6.5027E-04  8.9915E-06  8.9665E-07 -2.6192E-06
  6.5626E-04  9.1577E-06  9.1325E-07 -2.6677E-06
  6.6231E-04  9.3270E-06  9.3016E-07 -2.7171E-06
  6.6841E-04  9.4995E-06  9.4738E-07 -2.7674E-06
  6.7457E-04  9.6751E-06  9.6493E-07 -2.8186E-06
  6.8079E-04  9.8539E-06  9.8279E-07 -2.8708E-06
  6.8706E-04  1.0036E-05  1.0010E-06 -2.9240E-06
  6.9339E-04  1.0222E-05  1.0195E-06 -2.9781E-06
  6.9978E-04  1.0411E-05  1.0384E-06 -3.0332E-06
  7.0623E-04  1.0603E-05  1.0576E-06 -3.0894E-06
  7.1274E-04  1.0799E-05  1.0772E-06 -3.1466E-06
  7.1930E-04  1.0999E-05  1.0971E-06 -3.2048E-06
  7.2593E-04  1.1202E-05  1.1175E-06 -3.2642E-06
  7.3262E-04  1.1409E-05  1.1381E-06 -3.3246E-06
  7.3937E-04  1.1620E-05  1.1592E-06 -3.3861E-06
  7.4618E-04  1.1834E-05  1.1807E-06 -3.4488E-06
  7.5306E-04  1.2053E-05  1.2025E-06 -3.5127E-06
  7.5999E-04  1.2276E-05  1.2248E-06 -3.5777E-06
  7.6700E-04  1.2503E-05  1.2475E-06 -3.6439E-06
  7.7406E-04  1.2734E-05  1.2705E-06 -3.7114E-06
  7.8119E-04  1.2969E-05  1.2941E-06 -3.7801E-06
  7.8839E-04  1.3209E-05  1.3180E-06 -3.8501E-06
  7.9565E-04  1.3453E-05  1.3424E-06 -3.9213E-06
  8.0298E-04  1.3701E-05  1.3673E-06 -3.9939E-06
  8.1038E-04  1.3954E-05  1.3926E-06 -4.0678E-06
  8.1785E-04  1.4212E-05  1.4183E-06 -4.1431E-06
  8.2538E-04  1.4475E-05  1.4446E-06 -4.2198E-06
  8.3299E-04  1.4742E-05  1.4713E-06 -4.2979E-06
  8.4066E-04  1.5015E-05  1.4986E-06 -4.3775E-06
  8.4840E-04  1.5292E-05  1.5263E-06 -4.4585E-06
  8.5622E-04  1.5574E-05  1.5546E-06 -4.5410E-06
  8.6411E-04  1.5862E-05  1.5833E-06 -4.6251E-06
  8.7206E-04  1.6155E-05  1.6126E-06 -4.7107E-06
  8.8010E-04  1.6454E-05  1.6425E-06 -4.7978E-06
  8.8820E-04  1.6757E-05  1.6729E-06 -4.8866E-06
  8.9639E-04  1.7067E-05  1.7038E-06 -4.9771E-06
  9.0464E-04  1.7382E-05  1.7354E-06 -5.0692E-06
  9.1298E-04  1.7703E-05  1.7675E-06 -5.1630E-06
  9.2138E-04  1.8030E-05  1.8002E-06 -5.2585E-06
  9.2987E-04  1.8363E-05  1.8335E-06 -5.3559E-06
  9.3844E-04  1.8702E-05  1.8674E-06 -5.4550E-06
  9.4708E-04  1.9048E-05  1.9020E-06 -5.5559E-06
  9.5580E-04  1.9399E-05  1.9372E-06 -5.6588E-06
  9.6461E-04  1.9758E-05  1.9731E-06 -5.7635E-06
  9.7349E-04  2.0122E-05  2.0096E-06 -5.8701E-06
  9.8246E-04  2.0494E-05  2.0468E-06 -5.9788E-06
  9.9151E-04  2.0872E-05  2.0846E-06 -6.0894E-06
  1.0006E-03  2.1258E-05  2.1232E-06 -6.2021E-06
  1.0099E-03  2.1650E-05  2.1625E-06 -6.3168E-06
  1.0192E-03  2.2050E-05  2.2025E-06 -6.4337E-06
  1.0285E-03  2.2457E-05  2.2433E-06 -6.5528E-06
  1.0380E-03  2.2871E-05  2.2848E-06 -6.6740E-06
  1.0476E-03  2.3294E-05  2.3271E-06 -6.7975E-06
  1.0572E-03  2.3724E-05  2.3701E-06 -6.9233E-06
  1.0670E-03  2.4162E-05  2.4140E-06 -7.0514E-06
  1.0768E-03  2.4608E-05  2.4586E-06 -7.1819E-06
  1.0867E-03  2.5062E-05  2.5041E-06 -7.3148E-06
  1.0967E-03  2.5524E-05  2.5505E-06 -7.4501E-06
  1.1068E-03  2.5995E-05  2.5976E-06 -7.5880E-06
  1.1170E-03  2.6475E-05  2.6457E-06 -7.7284E-06
  1.1273E-03  2.6964E-05  2.6947E-06 -7.8714E-06
  1.1377E-03  2.7461E-05  2.7445E-06 -8.0170E-06
  1.1481E-03  2.7968E-05  2.7953E-06 -8.1654E-06
  1.1587E-03  2.8484E-05  2.8470E-06 -8.3164E-06
  1.1694E-03  2.9010E-05  2.8997E-06 -8.4703E-06
  1.1802E-03  2.9545E-05  2.9533E-06 -8.6270E-06
  1.1910E-03  3.0090E-05  3.0080E-06 -8.7867E-06
  1.2020E-03  3.0646E-05  3.0636E-06 -8.9492E-06
  1.2131E-03  3.1211E-05  3.1203E-06 -9.1148E-06
  1.2242E-03  3.1787E-05  3.1780E-06 -9.2834E-06
  1.2355E-03  3.2373E-05  3.2368E-06 -9.4552E-06
  1.2469E-03  3.2971E-05  3.2967E-06 -9.6301E-06
  1.2584E-03  3.3579E-05  3.3577E-06 -9.8083E-06
  1.2699E-03  3.4198E-05  3.4198E-06 -9.9897E-06
  1.2816E-03  3.4829E-05  3.4831E-06 -1.0175E-05
  1.2934E-03  3.5472E-05  3.5475E-06 -1.0363E-05
  1.3053E-03  3.6126E-05  3.6132E-06 -1.0554E-05
  1.3174E-03  3.6792E-05  3.6800E-06 -1.0750E-05
  1.3295E-03  3.7471E-05  3.7481E-06 -1.0949E-05
  1.3417E-03  3.8162E-05  3.8174E-06 -1.1151E-05
  1.3541E-03  3.8866E-05  3.8881E-06 -1.1357E-05
  1.3666E-03  3.9583E-05  3.9600E-06 -1.1568E-05
  1.3791E-03  4.0313E-05  4.0332E-06 -1.1782E-05
  1.3918E-03  4.1056E-05  4.1079E-06 -1.2000E-05
  1.4047E-03  4.1813E-05  4.1838E-06 -1.2222E-05
  1.4176E-03  4.2584E-05  4.2612E-06 -1.2448E-05
  1.4306E-03  4.3369E-05  4.3401E-06 -1.2678E-05
  1.4438E-03  4.4169E-05  4.4203E-06 -1.2912E-05
  1.4571E-03  4.4983E-05  4.5021E-06 -1.3151E-05
  1.4705E-03  4.5813E-05  4.5854E-06 -1.3395E-05
  1.4841E-03  4.6657E-05  4.6702E-06 -1.3642E-05
  1.4977E-03  4.7517E-05  4.7566E-06 -1.3895E-05
  1.5115E-03  4.8393E-05  4.8446E-06 -1.4152E-05
  1.5254E-03  4.9285E-05  4.9342E-06 -1.4413E-05
  1.5395E-03  5.0194E-05  5.0255E-06 -1.4680E-05
  1.5536E-03  5.1119E-05  5.1184E-06 -1.4952E-05
  1.5679E-03  5.2061E-05  5.2131E-06 -1.5228E-05
  1.5824E-03  5.3021E-05  5.3095E-06 -1.5510E-05
  1.5969E-03  5.3998E-05  5.4078E-06 -1.5797E-05
  1.6116E-03  5.4993E-05  5.5078E-06 -1.6089E-05
  1.6265E-03  5.6007E-05  5.6097E-06 -1.6387E-05
  1.6415E-03  5.7039E-05  5.7134E-06 -1.6690E-05
  1.6566E-03  5.8090E-05  5.8191E-06 -1.6998E-05
  1.6718E-03  5.9160E-05  5.9267E-06 -1.7313E-05
  1.6872E-03  6.0250E-05  6.0364E-06 -1.7633E-05
  1.7027E-03  6.1360E-05  6.1480E-06 -1.7959E-05
  1.7184E-03  6.2491E-05  6.2617E-06 -1.8291E-05
  1.7342E-03  6.3642E-05  6.3775E-06 -1.8630E-05
  1.7502E-03  6.4815E-05  6.4955E-06 -1.8974E-05
  1.7663E-03  6.6009E-05  6.6156E-06 -1.9325E-05
  1.7826E-03  6.7225E-05  6.7380E-06 -1.9683E-05
  1.7990E-03  6.8463E-05  6.8626E-06 -2.0047E-05
  1.8155E-03  6.9724E-05  6.9895E-06 -2.0418E-05
  1.8323E-03  7.1008E-05  7.1188E-06 -2.0795E-05
  1.8491E-03  7.2316E-05  7.2505E-06 -2.1180E-05
  1.8661E-03  7.3648E-05  7.3846E-06 -2.1572E-05
  1.8833E-03  7.5004E-05  7.5212E-06 -2.1971E-05
  1.9007E-03  7.6386E-05  7.6603E-06 -2.2377E-05
  1.9182E-03  7.7792E-05  7.8019E-06 -2.2791E-05
  1.9358E-03  7.9225E-05  7.9462E-06 -2.3212E-05
  1.9536E-03  8.0684E-05  8.0932E-06 -2.3642E-05
  1.9716E-03  8.2169E-05  8.2429E-06 -2.4079E-05
  1.9898E-03  8.3682E-05  8.3953E-06 -2.4524E-05
  2.0081E-03  8.5223E-05  8.5506E-06 -2.4978E-05
  2.0266E-03  8.6792E-05  8.7087E-06 -2.5440E-05
  2.0452E-03  8.8389E-05  8.8698E-06 -2.5910E-05
  2.0640E-03  9.0016E-05  9.0338E-06 -2.6389E-05
  2.0830E-03  9.1673E-05  9.2009E-06 -2.6877E-05
  2.1022E-03  9.3361E-05  9.3711E-06 -2.7375E-05
  2.1216E-03  9.5079E-05  9.5444E-06 -2.7881E-05
  2.1411E-03  9.6829E-05  9.7209E-06 -2.8396E-05
  2.1608E-03  9.8611E-05  9.9007E-06 -2.8922E-05
  2.1807E-03  1.0043E-04  1.0084E-05 -2.9457E-05
  2.2008E-03  1.0227E-04  1.0270E-05 -3.0001E-05
  2.2210E-03  1.0416E-04  1.0460E-05 -3.0556E-05
  2.2415E-03  1.0607E-04  1.0654E-05 -3.1121E-05
  2.2621E-03  1.0802E-04  1.0851E-05 -3.1697E-05
  2.2829E-03  1.1001E-04  1.1051E-05 -3.2283E-05
  2.3039E-03  1.1203E-04  1.1256E-05 -3.2880E-05
  2.3251E-03  1.1410E-04  1.1464E-05 -3.3488E-05
  2.3465E-03  1.1619E-04  1.1676E-05 -3.4107E-05
  2.3681E-03  1.1833E-04  1.1892E-05 -3.4738E-05
  2.3899E-03  1.2051E-04  1.2112E-05 -3.5381E-05
  2.4119E-03  1.2272E-04  1.2336E-05 -3.6035E-05
  2.4341E-03  1.2498E-04  1.2564E-05 -3.6701E-05
  2.4565E-03  1.2728E-04  1.2796E-05 -3.7380E-05
  2.4791E-03  1.2962E-04  1.3033E-05 -3.8071E-05
  2.5019E-03  1.3200E-04  1.3274E-05 -3.8775E-05
  2.5250E-03  1.3443E-04  1.3519E-05 -3.9493E-05
  2.5482E-03  1.3690E-04  1.3769E-05 -4.0223E-05
  2.5717E-03  1.3942E-04  1.4024E-05 -4.0967E-05
  2.5953E-03  1.4198E-04  1.4283E-05 -4.1724E-05
  2.6192E-03  1.4459E-04  1.4547E-05 -4.2496E-05
  2.6433E-03  1.4725E-04  1.4816E-05 -4.3282E-05
  2.6677E-03  1.4996E-04  1.5090E-05 -4.4082E-05
  2.6922E-03  1.5271E-04  1.5369E-05 -4.4897E-05
  2.7170E-03  1.5552E-04  1.5653E-05 -4.5728E-05
  2.7420E-03  1.5838E-04  1.5943E-05 -4.6573E-05
  2.7672E-03  1.6129E-04  1.6238E-05 -4.7435E-05
  2.7927E-03  1.6425E-04  1.6538E-05 -4.8312E-05
  2.8184E-03  1.6727E-04  1.6844E-05 -4.9205E-05
  2.8443E-03  1.7034E-04  1.7155E-05 -5.0115E-05
  2.8705E-03  1.7347E-04  1.7472E-05 -5.1042E-05
  2.8969E-03  1.7666E-04  1.7796E-05 -5.1986E-05
  2.9236E-03  1.7991E-04  1.8125E-05 -5.2947E-05
  2.9505E-03  1.8321E-04  1.8460E-05 -5.3926E-05
  2.9777E-03  1.8657E-04  1.8801E-05 -5.4923E-05
  3.0051E-03  1.9000E-04  1.9149E-05 -5.5939E-05
  3.0327E-03  1.9349E-04  1.9503E-05 -5.6974E-05
  3.0606E-03  1.9704E-04  1.9863E-05 -5.8027E-05
  3.0888E-03  2.0066E-04  2.0231E-05 -5.9100E-05
  3.1172E-03  2.0435E-04  2.0605E-05 -6.0193E-05
  3.1459E-03  2.0810E-04  2.0986E-05 -6.1306E-05
  3.1749E-03  2.1192E-04  2.1374E-05 -6.2440E-05
  3.2041E-03  2.1581E-04  2.1769E-05 -6.3594E-05
  3.2336E-03  2.1977E-04  2.2172E-05 -6.4770E-05
  3.2633E-03  2.2380E-04  2.2582E-05 -6.5968E-05
  3.2933E-03  2.2791E-04  2.2999E-05 -6.7188E-05
  3.3237E-03  2.3209E-04  2.3424E-05 -6.8430E-05
  3.3542E-03  2.3635E-04  2.3857E-05 -6.9696E-05
  3.3851E-03  2.4069E-04  2.4299E-05 -7.0985E-05
  3.4163E-03  2.4511E-04  2.4748E-05 -7.2297E-05
  3.4477E-03  2.4960E-04  2.5205E-05 -7.3634E-05
  3.4794E-03  2.5418E-04  2.5671E-05 -7.4996E-05
  3.5115E-03  2.5884E-04  2.6146E-05 -7.6383E-05
  3.5438E-03  2.6359E-04  2.6630E-05 -7.7795E-05
  3.5764E-03  2.6843E-04  2.7122E-05 -7.9234E-05
  3.6093E-03  2.7335E-04  2.7623E-05 -8.0699E-05
  3.6425E-03  2.7836E-04  2.8134E-05 -8.2191E-05
  3.6760E-03  2.8347E-04  2.8654E-05 -8.3711E-05
  3.7099E-03  2.8866E-04  2.9184E-05 -8.5259E-05
  3.7440E-03  2.9396E-04  2.9724E-05 -8.6835E-05
  3.7784E-03  2.9934E-04  3.0273E-05 -8.8441E-05
  3.8132E-03  3.0483E-04  3.0833E-05 -9.0077E-05
  3.8483E-03  3.1042E-04  3.1403E-05 -9.1742E-05
  3.8837E-03  3.1611E-04  3.1984E-05 -9.3439E-05
  3.9195E-03  3.2190E-04  3.2575E-05 -9.5167E-05
  3.9555E-03  3.2780E-04  3.3177E-05 -9.6926E-05
  3.9919E-03  3.3381E-04  3.3791E-05 -9.8719E-05
  4.0287E-03  3.3992E-04  3.4416E-05 -1.0054E-04
  4.0657E-03  3.4615E-04  3.5052E-05 -1.0240E-04
  4.1032E-03  3.5249E-04  3.5700E-05 -1.0430E-04
  4.1409E-03  3.5895E-04  3.6360E-05 -1.0623E-04
  4.1790E-03  3.6552E-04  3.7032E-05 -1.0819E-04
  4.2175E-03  3.7221E-04  3.7717E-05 -1.1019E-04
  4.2563E-03  3.7903E-04  3.8414E-05 -1.1223E-04
  4.2954E-03  3.8597E-04  3.9124E-05 -1.1430E-04
  4.3350E-03  3.9304E-04  3.9848E-05 -1.1642E-04
  4.3749E-03  4.0023E-04  4.0585E-05 -1.1857E-04
  4.4151E-03  4.0756E-04  4.1335E-05 -1.2076E-04
  4.4558E-03  4.1502E-04  4.2099E-05 -1.2300E-04
  4.4968E-03  4.2261E-04  4.2877E-05 -1.2527E-04
  4.5381E-03  4.3035E-04  4.3670E-05 -1.2759E-04
  4.5799E-03  4.3822E-04  4.4478E-05 -1.2995E-04
  4.6220E-03  4.4624E-04  4.5300E-05 -1.3235E-04
  4.6646E-03  4.5440E-04  4.6137E-05 -1.3480E-04
  4.7075E-03  4.6272E-04  4.6990E-05 -1.3729E-04
  4.7508E-03  4.7118E-04  4.7859E-05 -1.3983E-04
  4.7945E-03  4.7980E-04  4.8744E-05 -1.4241E-04
  4.8386E-03  4.8857E-04  4.9645E-05 -1.4505E-04
  4.8832E-03  4.9750E-04  5.0563E-05 -1.4773E-04
  4.9281E-03  5.0660E-04  5.1498E-05 -1.5046E-04
  4.9735E-03  5.1586E-04  5.2450E-05 -1.5324E-04
  5.0192E-03  5.2529E-04  5.3419E-05 -1.5608E-04
  5.0654E-03  5.3489E-04  5.4407E-05 -1.5896E-04
  5.1120E-03  5.4467E-04  5.5413E-05 -1.6190E-04
  5.1591E-03  5.5462E-04  5.6437E-05 -1.6489E-04
  5.2065E-03  5.6475E-04  5.7481E-05 -1.6794E-04
  5.2544E-03  5.7507E-04  5.8543E-05 -1.7105E-04
  5.3028E-03  5.8558E-04  5.9626E-05 -1.7421E-04
  5.3516E-03  5.9627E-04  6.0728E-05 -1.7743E-04
  5.4008E-03  6.0716E-04  6.1851E-05 -1.8072E-04
  5.4505E-03  6.1825E-04  6.2994E-05 -1.8406E-04
  5.5007E-03  6.2954E-04  6.4159E-05 -1.8746E-04
  5.5513E-03  6.4103E-04  6.5345E-05 -1.9093E-04
  5.6024E-03  6.5273E-04  6.6553E-05 -1.9446E-04
  5.6539E-03  6.6465E-04  6.7783E-05 -1.9805E-04
  5.7059E-03  6.7678E-04  6.9037E-05 -2.0172E-04
  5.7584E-03  6.8913E-04  7.0313E-05 -2.0545E-04
  5.8114E-03  7.0170E-04  7.1613E-05 -2.0925E-04
  5.8649E-03  7.1450E-04  7.2937E-05 -2.1312E-04
  5.9189E-03  7.2754E-04  7.4285E-05 -2.1706E-04
  5.9733E-03  7.4081E-04  7.5658E-05 -2.2107E-04
  6.0283E-03  7.5432E-04  7.7057E-05 -2.2516E-04
  6.0838E-03  7.6807E-04  7.8481E-05 -2.2932E-04
  6.1397E-03  7.8208E-04  7.9932E-05 -2.3356E-04
  6.1962E-03  7.9633E-04  8.1410E-05 -2.3788E-04
  6.2532E-03  8.1085E-04  8.2915E-05 -2.4228E-04
  6.3108E-03  8.2563E-04  8.4448E-05 -2.4676E-04
  6.3689E-03  8.4067E-04  8.6009E-05 -2.5133E-04
  6.4275E-03  8.5599E-04  8.7599E-05 -2.5597E-04
  6.4866E-03  8.7158E-04  8.9218E-05 -2.6071E-04
  6.5463E-03  8.8746E-04  9.0868E-05 -2.6553E-04
  6.6065E-03  9.0362E-04  9.2548E-05 -2.7044E-04
  6.6673E-03  9.2008E-04  9.4258E-05 -2.7544E-04
  6.7287E-03  9.3683E-04  9.6001E-05 -2.8053E-04
  6.7906E-03  9.5388E-04  9.7776E-05 -2.8572E-04
  6.8530E-03  9.7125E-04  9.9583E-05 -2.9101E-04
  6.9161E-03  9.8892E-04  1.0142E-04 -2.9639E-04
  6.9797E-03  1.0069E-03  1.0330E-04 -3.0187E-04
  7.0440E-03  1.0252E-03  1.0521E-04 -3.0745E-04
  7.1088E-03  1.0439E-03  1.0715E-04 -3.1314E-04
  7.1742E-03  1.0629E-03  1.0913E-04 -3.1893E-04
  7.2402E-03  1.0822E-03  1.1115E-04 -3.2483E-04
  7.3068E-03  1.1019E-03  1.1321E-04 -3.3083E-04
  7.3740E-03  1.1219E-03  1.1530E-04 -3.3695E-04
  7.4419E-03  1.1423E-03  1.1743E-04 -3.4318E-04
  7.5104E-03  1.1631E-03  1.1960E-04 -3.4953E-04
  7.5795E-03  1.1842E-03  1.2181E-04 -3.5600E-04
  7.6492E-03  1.2057E-03  1.2406E-04 -3.6258E-04
  7.7196E-03  1.2276E-03  1.2636E-04 -3.6929E-04
  7.7906E-03  1.2499E-03  1.2869E-04 -3.7612E-04
  7.8623E-03  1.2726E-03  1.3107E-04 -3.8307E-04
  7.9346E-03  1.2957E-03  1.3350E-04 -3.9016E-04
  8.0076E-03  1.3193E-03  1.3596E-04 -3.9737E-04
  8.0813E-03  1.3432E-03  1.3848E-04 -4.0472E-04
  8.1557E-03  1.3676E-03  1.4104E-04 -4.1221E-04
  8.2307E-03  1.3924E-03  1.4364E-04 -4.1983E-04
  8.3065E-03  1.4177E-03  1.4630E-04 -4.2760E-04
  8.3829E-03  1.4434E-03  1.4900E-04 -4.3551E-04
  8.4600E-03  1.4695E-03  1.5176E-04 -4.4356E-04
  8.5378E-03  1.4962E-03  1.5456E-04 -4.5177E-04
  8.6164E-03  1.5233E-03  1.5742E-04 -4.6012E-04
  8.6957E-03  1.5509E-03  1.6033E-04 -4.6864E-04
  8.7757E-03  1.5790E-03  1.6329E-04 -4.7730E-04
  8.8564E-03  1.6076E-03  1.6631E-04 -4.8613E-04
  8.9379E-03  1.6368E-03  1.6939E-04 -4.9512E-04
  9.0202E-03  1.6664E-03  1.7252E-04 -5.0428E-04
  9.1032E-03  1.6966E-03  1.7571E-04 -5.1361E-04
  9.1869E-03  1.7273E-03  1.7895E-04 -5.2311E-04
  9.2714E-03  1.7586E-03  1.8226E-04 -5.3279E-04
  9.3567E-03  1.7904E-03  1.8563E-04 -5.4264E-04
  9.4428E-03  1.8228E-03  1.8906E-04 -5.5268E-04
  9.5297E-03  1.8558E-03  1.9256E-04 -5.6291E-04
  9.6174E-03  1.8893E-03  1.9612E-04 -5.7332E-04
  9.7059E-03  1.9235E-03  1.9974E-04 -5.8393E-04
  9.7952E-03  1.9583E-03  2.0343E-04 -5.9473E-04
  9.8853E-03  1.9937E-03  2.0719E-04 -6.0573E-04
  9.9763E-03  2.0297E-03  2.1102E-04 -6.1694E-04
  1.0068E-02  2.0664E-03  2.1492E-04 -6.2835E-04
  1.0161E-02  2.1037E-03  2.1890E-04 -6.3998E-04
  1.0254E-02  2.1417E-03  2.2294E-04 -6.5182E-04
  1.0349E-02  2.1804E-03  2.2706E-04 -6.6387E-04
  1.0444E-02  2.2198E-03  2.3126E-04 -6.7616E-04
  1.0540E-02  2.2598E-03  2.3554E-04 -6.8867E-04
  1.0637E-02  2.3006E-03  2.3989E-04 -7.0141E-04
  1.0735E-02  2.3421E-03  2.4432E-04 -7.1439E-04
  1.0833E-02  2.3844E-03  2.4884E-04 -7.2760E-04
  1.0933E-02  2.4274E-03  2.5344E-04 -7.4107E-04
  1.1034E-02  2.4711E-03  2.5812E-04 -7.5478E-04
  1.1135E-02  2.5157E-03  2.6289E-04 -7.6874E-04
  1.1238E-02  2.5610E-03  2.6775E-04 -7.8297E-04
  1.1341E-02  2.6071E-03  2.7270E-04 -7.9746E-04
  1.1445E-02  2.6541E-03  2.7774E-04 -8.1221E-04
  1.1551E-02  2.7019E-03  2.8288E-04 -8.2724E-04
  1.1657E-02  2.7505E-03  2.8811E-04 -8.4255E-04
  1.1764E-02  2.8000E-03  2.9343E-04 -8.5814E-04
  1.1872E-02  2.8504E-03  2.9885E-04 -8.7402E-04
  1.1982E-02  2.9017E-03  3.0438E-04 -8.9020E-04
  1.2092E-02  2.9539E-03  3.1000E-04 -9.0667E-04
  1.2203E-02  3.0070E-03  3.1573E-04 -9.2345E-04
  1.2315E-02  3.0611E-03  3.2157E-04 -9.4054E-04
  1.2429E-02  3.1161E-03  3.2751E-04 -9.5795E-04
  1.2543E-02  3.1721E-03  3.3357E-04 -9.7567E-04
  1.2659E-02  3.2291E-03  3.3973E-04 -9.9373E-04
  1.2775E-02  3.2870E-03  3.4601E-04 -1.0121E-03
  1.2893E-02  3.3461E-03  3.5241E-04 -1.0309E-03
  1.3011E-02  3.4061E-03  3.5892E-04 -1.0499E-03
  1.3131E-02  3.4672E-03  3.6555E-04 -1.0694E-03
  1.3252E-02  3.5294E-03  3.7231E-04 -1.0892E-03
  1.3374E-02  3.5927E-03  3.7919E-04 -1.1093E-03
  1.3497E-02  3.6571E-03  3.8620E-04 -1.1299E-03
  1.3621E-02  3.7227E-03  3.9334E-04 -1.1508E-03
  1.3746E-02  3.7894E-03  4.0061E-04 -1.1721E-03
  1.3873E-02  3.8573E-03  4.0801E-04 -1.1938E-03
  1.4000E-02  3.9263E-03  4.1555E-04 -1.2159E-03
  1.4129E-02  3.9966E-03  4.2323E-04 -1.2384E-03
  1.4259E-02  4.0682E-03  4.3105E-04 -1.2613E-03
  1.4390E-02  4.1409E-03  4.3902E-04 -1.2847E-03
  1.4523E-02  4.2150E-03  4.4713E-04 -1.3085E-03
  1.4656E-02  4.2904E-03  4.5540E-04 -1.3327E-03
  1.4791E-02  4.3671E-03  4.6381E-04 -1.3574E-03
  1.4927E-02  4.4451E-03  4.7239E-04 -1.3825E-03
  1.5064E-02  4.5245E-03  4.8112E-04 -1.4081E-03
  1.5203E-02  4.6053E-03  4.9001E-04 -1.4342E-03
  1.5343E-02  4.6875E-03  4.9906E-04 -1.4607E-03
  1.5484E-02  4.7712E-03  5.0829E-04 -1.4878E-03
  1.5627E-02  4.8563E-03  5.1768E-04 -1.5153E-03
  1.5770E-02  4.9429E-03  5.2725E-04 -1.5434E-03
  1.5915E-02  5.0311E-03  5.3699E-04 -1.5720E-03
  1.6062E-02  5.1207E-03  5.4692E-04 -1.6011E-03
  1.6210E-02  5.2120E-03  5.5702E-04 -1.6307E-03
  1.6359E-02  5.3048E-03  5.6732E-04 -1.6609E-03
  1.6509E-02  5.3993E-03  5.7780E-04 -1.6917E-03
  1.6661E-02  5.4954E-03  5.8848E-04 -1.7230E-03
  1.6814E-02  5.5932E-03  5.9935E-04 -1.7550E-03
  1.6969E-02  5.6926E-03  6.1043E-04 -1.7875E-03
  1.7125E-02  5.7939E-03  6.2171E-04 -1.8206E-03
  1.7283E-02  5.8968E-03  6.3320E-04 -1.8543E-03
  1.7442E-02  6.0016E-03  6.4490E-04 -1.8887E-03
  1.7602E-02  6.1082E-03  6.5682E-04 -1.9237E-03
  1.7764E-02  6.2167E-03  6.6896E-04 -1.9593E-03
  1.7928E-02  6.3270E-03  6.8132E-04 -1.9956E-03
  1.8093E-02  6.4392E-03  6.9391E-04 -2.0326E-03
  1.8259E-02  6.5534E-03  7.0673E-04 -2.0703E-03
  1.8427E-02  6.6696E-03  7.1979E-04 -2.1086E-03
  1.8597E-02  6.7878E-03  7.3309E-04 -2.1477E-03
  1.8768E-02  6.9081E-03  7.4664E-04 -2.1875E-03
  1.8940E-02  7.0304E-03  7.6044E-04 -2.2281E-03
  1.9115E-02  7.1548E-03  7.7449E-04 -2.2694E-03
  1.9291E-02  7.2814E-03  7.8880E-04 -2.3114E-03
  1.9468E-02  7.4102E-03  8.0337E-04 -2.3543E-03
  1.9647E-02  7.5412E-03  8.1822E-04 -2.3979E-03
  1.9828E-02  7.6744E-03  8.3334E-04 -2.4424E-03
  2.0010E-02  7.8100E-03  8.4874E-04 -2.4877E-03
  2.0194E-02  7.9479E-03  8.6442E-04 -2.5338E-03
  2.0380E-02  8.0882E-03  8.8039E-04 -2.5808E-03
  2.0568E-02  8.2309E-03  8.9666E-04 -2.6286E-03
  2.0757E-02  8.3760E-03  9.1323E-04 -2.6774E-03
  2.0948E-02  8.5236E-03  9.3010E-04 -2.7270E-03
  2.1141E-02  8.6738E-03  9.4729E-04 -2.7776E-03
  2.1335E-02  8.8266E-03  9.6479E-04 -2.8291E-03
  2.1531E-02  8.9819E-03  9.8261E-04 -2.8816E-03
  2.1729E-02  9.1400E-03  1.0008E-03 -2.9350E-03
  2.1929E-02  9.3007E-03  1.0193E-03 -2.9895E-03
  2.2131E-02  9.4642E-03  1.0381E-03 -3.0450E-03
  2.2335E-02  9.6305E-03  1.0573E-03 -3.1014E-03
  2.2540E-02  9.7996E-03  1.0768E-03 -3.1590E-03
  2.2748E-02  9.9716E-03  1.0967E-03 -3.2176E-03
  2.2957E-02  1.0147E-02  1.1170E-03 -3.2773E-03
  2.3168E-02  1.0325E-02  1.1376E-03 -3.3381E-03
  2.3381E-02  1.0506E-02  1.1586E-03 -3.4001E-03
  2.3596E-02  1.0690E-02  1.1800E-03 -3.4632E-03
  2.3813E-02  1.0877E-02  1.2018E-03 -3.5275E-03
  2.4033E-02  1.1067E-02  1.2240E-03 -3.5930E-03
  2.4254E-02  1.1261E-02  1.2466E-03 -3.6597E-03
  2.4477E-02  1.1458E-02  1.2697E-03 -3.7276E-03
  2.4702E-02  1.1658E-02  1.2931E-03 -3.7969E-03
  2.4929E-02  1.1861E-02  1.3170E-03 -3.8674E-03
  2.5159E-02  1.2069E-02  1.3413E-03 -3.9392E-03
  2.5390E-02  1.2279E-02  1.3661E-03 -4.0124E-03
  2.5624E-02  1.2493E-02  1.3914E-03 -4.0869E-03
  2.5859E-02  1.2711E-02  1.4171E-03 -4.1628E-03
  2.6097E-02  1.2932E-02  1.4432E-03 -4.2402E-03
  2.6337E-02  1.3158E-02  1.4699E-03 -4.3189E-03
  2.6580E-02  1.3387E-02  1.4970E-03 -4.3992E-03
  2.6824E-02  1.3619E-02  1.5247E-03 -4.4809E-03
  2.7071E-02  1.3856E-02  1.5529E-03 -4.5642E-03
  2.7320E-02  1.4097E-02  1.5815E-03 -4.6491E-03
  2.7571E-02  1.4342E-02  1.6108E-03 -4.7355E-03
  2.7825E-02  1.4590E-02  1.6405E-03 -4.8235E-03
  2.8081E-02  1.4843E-02  1.6708E-03 -4.9132E-03
  2.8339E-02  1.5101E-02  1.7017E-03 -5.0046E-03
  2.8600E-02  1.5362E-02  1.7331E-03 -5.0976E-03
  2.8863E-02  1.5628E-02  1.7651E-03 -5.1924E-03
  2.9129E-02  1.5899E-02  1.7977E-03 -5.2890E-03
  2.9397E-02  1.6173E-02  1.8309E-03 -5.3874E-03
  2.9667E-02  1.6453E-02  1.8647E-03 -5.4876E-03
  2.9940E-02  1.6737E-02  1.8992E-03 -5.5898E-03
  3.0216E-02  1.7026E-02  1.9342E-03 -5.6938E-03
  3.0494E-02  1.7319E-02  1.9700E-03 -5.7998E-03
  3.0774E-02  1.7618E-02  2.0063E-03 -5.9077E-03
  3.1057E-02  1.7921E-02  2.0434E-03 -6.0177E-03
  3.1343E-02  1.8230E-02  2.0811E-03 -6.1297E-03
  3.1631E-02  1.8543E-02  2.1196E-03 -6.2439E-03
  3.1922E-02  1.8862E-02  2.1587E-03 -6.3602E-03
  3.2216E-02  1.9186E-02  2.1986E-03 -6.4786E-03
  3.2512E-02  1.9516E-02  2.2392E-03 -6.5993E-03
  3.2812E-02  1.9850E-02  2.2805E-03 -6.7223E-03
  3.3113E-02  2.0191E-02  2.3226E-03 -6.8475E-03
  3.3418E-02  2.0537E-02  2.3655E-03 -6.9752E-03
  3.3726E-02  2.0888E-02  2.4092E-03 -7.1052E-03
  3.4036E-02  2.1245E-02  2.4537E-03 -7.2376E-03
  3.4349E-02  2.1609E-02  2.4990E-03 -7.3726E-03
  3.4665E-02  2.1978E-02  2.5451E-03 -7.5101E-03
  3.4984E-02  2.2353E-02  2.5921E-03 -7.6501E-03
  3.5306E-02  2.2734E-02  2.6399E-03 -7.7928E-03
  3.5631E-02  2.3122E-02  2.6887E-03 -7.9382E-03
  3.5958E-02  2.3515E-02  2.7383E-03 -8.0864E-03
  3.6289E-02  2.3916E-02  2.7889E-03 -8.2373E-03
  3.6623E-02  2.4322E-02  2.8403E-03 -8.3910E-03
  3.6960E-02  2.4736E-02  2.8928E-03 -8.5477E-03
  3.7300E-02  2.5156E-02  2.9462E-03 -8.7073E-03
  3.7643E-02  2.5583E-02  3.0006E-03 -8.8699E-03
  3.7989E-02  2.6016E-02  3.0559E-03 -9.0356E-03
  3.8339E-02  2.6457E-02  3.1123E-03 -9.2044E-03
  3.8692E-02  2.6905E-02  3.1698E-03 -9.3765E-03
  3.9048E-02  2.7360E-02  3.2283E-03 -9.5517E-03
  3.9407E-02  2.7822E-02  3.2879E-03 -9.7303E-03
  3.9769E-02  2.8292E-02  3.3486E-03 -9.9122E-03
  4.0135E-02  2.8769E-02  3.4104E-03 -1.0098E-02
  4.0505E-02  2.9254E-02  3.4733E-03 -1.0286E-02
  4.0877E-02  2.9747E-02  3.5374E-03 -1.0479E-02
  4.1253E-02  3.0247E-02  3.6027E-03 -1.0675E-02
  4.1633E-02  3.0756E-02  3.6691E-03 -1.0875E-02
  4.2016E-02  3.1272E-02  3.7368E-03 -1.1078E-02
  4.2402E-02  3.1797E-02  3.8058E-03 -1.1286E-02
  4.2792E-02  3.2330E-02  3.8760E-03 -1.1497E-02
  4.3186E-02  3.2872E-02  3.9475E-03 -1.1713E-02
  4.3583E-02  3.3422E-02  4.0204E-03 -1.1932E-02
  4.3984E-02  3.3981E-02  4.0945E-03 -1.2156E-02
  4.4389E-02  3.4549E-02  4.1701E-03 -1.2384E-02
  4.4797E-02  3.5125E-02  4.2470E-03 -1.2616E-02
  4.5210E-02  3.5711E-02  4.3254E-03 -1.2853E-02
  4.5625E-02  3.6306E-02  4.4051E-03 -1.3094E-02
  4.6045E-02  3.6910E-02  4.4864E-03 -1.3340E-02
  4.6469E-02  3.7524E-02  4.5691E-03 -1.3590E-02
  4.6896E-02  3.8147E-02  4.6534E-03 -1.3845E-02
  4.7328E-02  3.8780E-02  4.7392E-03 -1.4105E-02
  4.7763E-02  3.9423E-02  4.8267E-03 -1.4370E-02
  4.8203E-02  4.0076E-02  4.9157E-03 -1.4640E-02
  4.8646E-02  4.0739E-02  5.0063E-03 -1.4916E-02
  4.9094E-02  4.1412E-02  5.0986E-03 -1.5196E-02
  4.9545E-02  4.2096E-02  5.1927E-03 -1.5482E-02
  5.0001E-02  4.2790E-02  5.2884E-03 -1.5773E-02
  5.0461E-02  4.3495E-02  5.3859E-03 -1.6070E-02
  5.0925E-02  4.4211E-02  5.4852E-03 -1.6373E-02
  5.1394E-02  4.4938E-02  5.5863E-03 -1.6681E-02
  5.1867E-02  4.5676E-02  5.6893E-03 -1.6995E-02
  5.2344E-02  4.6425E-02  5.7942E-03 -1.7316E-02
  5.2825E-02  4.7186E-02  5.9010E-03 -1.7642E-02
  5.3311E-02  4.7958E-02  6.0098E-03 -1.7975E-02
  5.3802E-02  4.8742E-02  6.1205E-03 -1.8314E-02
  5.4297E-02  4.9538E-02  6.2333E-03 -1.8660E-02
  5.4796E-02  5.0347E-02  6.3482E-03 -1.9012E-02
  5.5300E-02  5.1167E-02  6.4652E-03 -1.9371E-02
  5.5809E-02  5.2000E-02  6.5843E-03 -1.9737E-02
  5.6323E-02  5.2845E-02  6.7057E-03 -2.0110E-02
  5.6841E-02  5.3703E-02  6.8292E-03 -2.0491E-02
  5.7364E-02  5.4574E-02  6.9551E-03 -2.0878E-02
  5.7892E-02  5.5458E-02  7.0832E-03 -2.1273E-02
  5.8424E-02  5.6355E-02  7.2137E-03 -2.1676E-02
  5.8962E-02  5.7265E-02  7.3466E-03 -2.2086E-02
  5.9504E-02  5.8189E-02  7.4819E-03 -2.2505E-02
  6.0051E-02  5.9127E-02  7.6197E-03 -2.2931E-02
  6.0604E-02  6.0079E-02  7.7600E-03 -2.3366E-02
  6.1162E-02  6.1045E-02  7.9029E-03 -2.3810E-02
  6.1724E-02  6.2025E-02  8.0485E-03 -2.4262E-02
  6.2292E-02  6.3019E-02  8.1967E-03 -2.4722E-02
  6.2865E-02  6.4028E-02  8.3476E-03 -2.5192E-02
  6.3443E-02  6.5052E-02  8.5013E-03 -2.5671E-02
  6.4027E-02  6.6091E-02  8.6578E-03 -2.6159E-02
  6.4616E-02  6.7145E-02  8.8171E-03 -2.6656E-02
  6.5211E-02  6.8214E-02  8.9794E-03 -2.7164E-02
  6.5811E-02  6.9299E-02  9.1447E-03 -2.7681E-02
  6.6416E-02  7.0400E-02  9.3130E-03 -2.8208E-02
  6.7027E-02  7.1516E-02  9.4844E-03 -2.8746E-02
  6.7644E-02  7.2649E-02  9.6589E-03 -2.9294E-02
  6.8266E-02  7.3798E-02  9.8366E-03 -2.9853E-02
  6.8894E-02  7.4963E-02  1.0018E-02 -3.0423E-02
  6.9528E-02  7.6145E-02  1.0202E-02 -3.1004E-02
  7.0167E-02  7.7344E-02  1.0390E-02 -3.1597E-02
  7.0813E-02  7.8560E-02  1.0581E-02 -3.2201E-02
  7.1464E-02  7.9793E-02  1.0775E-02 -3.2817E-02
  7.2122E-02  8.1044E-02  1.0973E-02 -3.3446E-02
  7.2785E-02  8.2312E-02  1.1175E-02 -3.4086E-02
  7.3455E-02  8.3599E-02  1.1381E-02 -3.4740E-02
  7.4131E-02  8.4903E-02  1.1590E-02 -3.5406E-02
  7.4813E-02  8.6226E-02  1.1803E-02 -3.6085E-02
  7.5501E-02  8.7567E-02  1.2020E-02 -3.6778E-02
  7.6196E-02  8.8926E-02  1.2241E-02 -3.7485E-02
  7.6897E-02  9.0305E-02  1.2466E-02 -3.8205E-02
  7.7604E-02  9.1702E-02  1.2695E-02 -3.8940E-02
  7.8318E-02  9.3119E-02  1.2928E-02 -3.9690E-02
  7.9039E-02  9.4556E-02  1.3165E-02 -4.0455E-02
  7.9766E-02  9.6012E-02  1.3407E-02 -4.1234E-02
  8.0500E-02  9.7488E-02  1.3653E-02 -4.2030E-02
  8.1240E-02  9.8984E-02  1.3904E-02 -4.2841E-02
  8.1988E-02  1.0050E-01  1.4159E-02 -4.3668E-02
  8.2742E-02  1.0204E-01  1.4419E-02 -4.4513E-02
  8.3503E-02  1.0360E-01  1.4684E-02 -4.5374E-02
  8.4271E-02  1.0517E-01  1.4954E-02 -4.6252E-02
  8.5047E-02  1.0677E-01  1.5228E-02 -4.7148E-02
  8.5829E-02  1.0840E-01  1.5507E-02 -4.8062E-02
  8.6619E-02  1.1004E-01  1.5792E-02 -4.8994E-02
  8.7415E-02  1.1170E-01  1.6082E-02 -4.9945E-02
  8.8220E-02  1.1339E-01  1.6377E-02 -5.0916E-02
  8.9031E-02  1.1510E-01  1.6677E-02 -5.1906E-02
  8.9850E-02  1.1683E-01  1.6983E-02 -5.2916E-02
  9.0677E-02  1.1858E-01  1.7294E-02 -5.3946E-02
  9.1511E-02  1.2036E-01  1.7611E-02 -5.4998E-02
  9.2353E-02  1.2216E-01  1.7934E-02 -5.6071E-02
  9.3203E-02  1.2399E-01  1.8263E-02 -5.7165E-02
  9.4060E-02  1.2583E-01  1.8597E-02 -5.8282E-02
  9.4925E-02  1.2770E-01  1.8938E-02 -5.9422E-02
  9.5799E-02  1.2960E-01  1.9285E-02 -6.0585E-02
  9.6680E-02  1.3152E-01  1.9638E-02 -6.1772E-02
  9.7570E-02  1.3346E-01  1.9997E-02 -6.2983E-02
  9.8467E-02  1.3543E-01  2.0364E-02 -6.4219E-02
  9.9373E-02  1.3742E-01  2.0736E-02 -6.5480E-02
  1.0029E-01  1.3944E-01  2.1116E-02 -6.6767E-02
  1.0121E-01  1.4148E-01  2.1502E-02 -6.8081E-02
  1.0214E-01  1.4355E-01  2.1895E-02 -6.9422E-02
  1.0308E-01  1.4564E-01  2.2296E-02 -7.0790E-02
  1.0403E-01  1.4776E-01  2.2704E-02 -7.2187E-02
  1.0499E-01  1.4991E-01  2.3119E-02 -7.3613E-02
  1.0595E-01  1.5208E-01  2.3541E-02 -7.5068E-02
  1.0693E-01  1.5428E-01  2.3972E-02 -7.6554E-02
  1.0791E-01  1.5650E-01  2.4410E-02 -7.8070E-02
  1.0890E-01  1.5875E-01  2.4855E-02 -7.9618E-02
  1.0990E-01  1.6103E-01  2.5309E-02 -8.1198E-02
  1.1092E-01  1.6334E-01  2.5771E-02 -8.2811E-02
  1.1194E-01  1.6567E-01  2.6242E-02 -8.4458E-02
  1.1297E-01  1.6803E-01  2.6721E-02 -8.6140E-02
  1.1401E-01  1.7042E-01  2.7208E-02 -8.7856E-02
  1.1505E-01  1.7284E-01  2.7705E-02 -8.9609E-02
  1.1611E-01  1.7528E-01  2.8210E-02 -9.1398E-02
  1.1718E-01  1.7776E-01  2.8724E-02 -9.3225E-02
  1.1826E-01  1.8026E-01  2.9248E-02 -9.5091E-02
  1.1935E-01  1.8279E-01  2.9781E-02 -9.6996E-02
  1.2045E-01  1.8535E-01  3.0324E-02 -9.8941E-02
  1.2155E-01  1.8793E-01  3.0876E-02 -1.0093E-01
  1.2267E-01  1.9055E-01  3.1438E-02 -1.0296E-01
  1.2380E-01  1.9320E-01  3.2010E-02 -1.0503E-01
  1.2494E-01  1.9587E-01  3.2593E-02 -1.0714E-01
  1.2609E-01  1.9858E-01  3.3186E-02 -1.0930E-01
  1.2725E-01  2.0132E-01  3.3789E-02 -1.1151E-01
  1.2842E-01  2.0408E-01  3.4404E-02 -1.1376E-01
  1.2960E-01  2.0688E-01  3.5029E-02 -1.1607E-01
  1.3079E-01  2.0970E-01  3.5666E-02 -1.1842E-01
  1.3200E-01  2.1256E-01  3.6314E-02 -1.2082E-01
  1.3321E-01  2.1545E-01  3.6973E-02 -1.2327E-01
  1.3444E-01  2.1836E-01  3.7644E-02 -1.2578E-01
  1.3567E-01  2.2131E-01  3.8327E-02 -1.2834E-01
  1.3692E-01  2.2429E-01  3.9023E-02 -1.3095E-01
  1.3818E-01  2.2730E-01  3.9730E-02 -1.3362E-01
  1.3945E-01  2.3034E-01  4.0450E-02 -1.3635E-01
  1.4073E-01  2.3341E-01  4.1183E-02 -1.3914E-01
  1.4203E-01  2.3651E-01  4.1929E-02 -1.4199E-01
  1.4334E-01  2.3965E-01  4.2689E-02 -1.4490E-01
  1.4465E-01  2.4282E-01  4.3461E-02 -1.4787E-01
  1.4599E-01  2.4601E-01  4.4248E-02 -1.5091E-01
  1.4733E-01  2.4924E-01  4.5048E-02 -1.5401E-01
  1.4868E-01  2.5250E-01  4.5863E-02 -1.5719E-01
  1.5005E-01  2.5579E-01  4.6691E-02 -1.6043E-01
  1.5143E-01  2.5912E-01  4.7535E-02 -1.6374E-01
  1.5283E-01  2.6247E-01  4.8393E-02 -1.6712E-01
  1.5423E-01  2.6586E-01  4.9267E-02 -1.7058E-01
  1.5565E-01  2.6928E-01  5.0155E-02 -1.7411E-01
  1.5708E-01  2.7273E-01  5.1060E-02 -1.7772E-01
  1.5853E-01  2.7622E-01  5.1980E-02 -1.8141E-01
  1.5999E-01  2.7973E-01  5.2916E-02 -1.8518E-01
  1.6146E-01  2.8328E-01  5.3869E-02 -1.8904E-01
  1.6294E-01  2.8686E-01  5.4839E-02 -1.9297E-01
  1.6444E-01  2.9047E-01  5.5825E-02 -1.9700E-01
  1.6595E-01  2.9411E-01  5.6829E-02 -2.0111E-01
  1.6748E-01  2.9778E-01  5.7850E-02 -2.0532E-01
  1.6902E-01  3.0149E-01  5.8889E-02 -2.0961E-01
  1.7058E-01  3.0522E-01  5.9946E-02 -2.1400E-01
  1.7215E-01  3.0899E-01  6.1022E-02 -2.1849E-01
  1.7373E-01  3.1279E-01  6.2116E-02 -2.2308E-01
  1.7533E-01  3.1662E-01  6.3229E-02 -2.2777E-01
  1.7694E-01  3.2049E-01  6.4362E-02 -2.3256E-01
  1.7857E-01  3.2438E-01  6.5514E-02 -2.3746E-01
  1.8021E-01  3.2831E-01  6.6686E-02 -2.4247E-01
  1.8187E-01  3.3226E-01  6.7878E-02 -2.4759E-01
  1.8354E-01  3.3625E-01  6.9091E-02 -2.5282E-01
  1.8523E-01  3.4027E-01  7.0324E-02 -2.5816E-01
  1.8694E-01  3.4432E-01  7.1579E-02 -2.6363E-01
  1.8866E-01  3.4839E-01  7.2855E-02 -2.6922E-01
  1.9039E-01  3.5250E-01  7.4154E-02 -2.7493E-01
  1.9214E-01  3.5664E-01  7.5474E-02 -2.8076E-01
  1.9391E-01  3.6081E-01  7.6817E-02 -2.8673E-01
  1.9569E-01  3.6501E-01  7.8183E-02 -2.9282E-01
  1.9749E-01  3.6923E-01  7.9572E-02 -2.9906E-01
  1.9931E-01  3.7349E-01  8.0985E-02 -3.0543E-01
  2.0115E-01  3.7777E-01  8.2422E-02 -3.1194E-01
  2.0300E-01  3.8209E-01  8.3883E-02 -3.1859E-01
  2.0486E-01  3.8643E-01  8.5369E-02 -3.2539E-01
  2.0675E-01  3.9080E-01  8.6880E-02 -3.3234E-01
  2.0865E-01  3.9519E-01  8.8417E-02 -3.3944E-01
  2.1057E-01  3.9962E-01  8.9979E-02 -3.4670E-01
  2.1251E-01  4.0407E-01  9.1567E-02 -3.5412E-01
  2.1446E-01  4.0855E-01  9.3183E-02 -3.6170E-01
  2.1643E-01  4.1305E-01  9.4825E-02 -3.6945E-01
  2.1843E-01  4.1758E-01  9.6495E-02 -3.7737E-01
  2.2044E-01  4.2213E-01  9.8192E-02 -3.8546E-01
  2.2246E-01  4.2671E-01  9.9918E-02 -3.9372E-01
  2.2451E-01  4.3132E-01  1.0167E-01 -4.0217E-01
  2.2658E-01  4.3595E-01  1.0346E-01 -4.1080E-01
  2.2866E-01  4.4060E-01  1.0527E-01 -4.1961E-01
  2.3076E-01  4.4527E-01  1.0711E-01 -4.2862E-01
  2.3289E-01  4.4997E-01  1.0898E-01 -4.3782E-01
  2.3503E-01  4.5469E-01  1.1089E-01 -4.4722E-01
  2.3719E-01  4.5943E-01  1.1282E-01 -4.5682E-01
  2.3937E-01  4.6420E-01  1.1479E-01 -4.6662E-01
  2.4158E-01  4.6898E-01  1.1679E-01 -4.7663E-01
  2.4380E-01  4.7378E-01  1.1882E-01 -4.8686E-01
  2.4604E-01  4.7861E-01  1.2088E-01 -4.9730E-01
  2.4830E-01  4.8345E-01  1.2298E-01 -5.0796E-01
  2.5059E-01  4.8831E-01  1.2511E-01 -5.1885E-01
  2.5289E-01  4.9319E-01  1.2728E-01 -5.2996E-01
  2.5522E-01  4.9808E-01  1.2948E-01 -5.4130E-01
  2.5757E-01  5.0299E-01  1.3171E-01 -5.5288E-01
  2.5994E-01  5.0792E-01  1.3399E-01 -5.6470E-01
  2.6233E-01  5.1286E-01  1.3629E-01 -5.7675E-01
  2.6474E-01  5.1782E-01  1.3864E-01 -5.8906E-01
  2.6718E-01  5.2279E-01  1.4102E-01 -6.0161E-01
  2.6964E-01  5.2777E-01  1.4344E-01 -6.1441E-01
  2.7212E-01  5.3277E-01  1.4589E-01 -6.2747E-01
  2.7462E-01  5.3777E-01  1.4839E-01 -6.4079E-01
  2.7715E-01  5.4279E-01  1.5092E-01 -6.5438E-01
  2.7970E-01  5.4781E-01  1.5349E-01 -6.6822E-01
  2.8227E-01  5.5285E-01  1.5610E-01 -6.8234E-01
  2.8487E-01  5.5789E-01  1.5876E-01 -6.9673E-01
  2.8749E-01  5.6294E-01  1.6145E-01 -7.1139E-01
  2.9013E-01  5.6800E-01  1.6418E-01 -7.2633E-01
  2.9280E-01  5.7306E-01  1.6696E-01 -7.4154E-01
  2.9549E-01  5.7813E-01  1.6978E-01 -7.5704E-01
  2.9821E-01  5.8320E-01  1.7264E-01 -7.7283E-01
  3.0096E-01  5.8827E-01  1.7554E-01 -7.8889E-01
  3.0373E-01  5.9334E-01  1.7849E-01 -8.0525E-01
  3.0652E-01  5.9841E-01  1.8148E-01 -8.2189E-01
  3.0934E-01  6.0349E-01  1.8451E-01 -8.3882E-01
  3.1219E-01  6.0856E-01  1.8759E-01 -8.5605E-01
  3.1506E-01  6.1363E-01  1.9071E-01 -8.7356E-01
  3.1796E-01  6.1870E-01  1.9388E-01 -8.9137E-01
  3.2088E-01  6.2376E-01  1.9710E-01 -9.0946E-01
  3.2383E-01  6.2882E-01  2.0036E-01 -9.2785E-01
  3.2681E-01  6.3387E-01  2.0367E-01 -9.4653E-01
  3.2982E-01  6.3891E-01  2.0703E-01 -9.6549E-01
  3.3285E-01  6.4394E-01  2.1043E-01 -9.8474E-01
  3.3591E-01  6.4897E-01  2.1388E-01 -1.0043E+00
  3.3901E-01  6.5398E-01  2.1738E-01 -1.0241E+00
  3.4212E-01  6.5898E-01  2.2093E-01 -1.0442E+00
  3.4527E-01  6.6397E-01  2.2453E-01 -1.0645E+00
  3.4845E-01  6.6894E-01  2.2818E-01 -1.0852E+00
  3.5165E-01  6.7389E-01  2.3187E-01 -1.1061E+00
  3.5489E-01  6.7883E-01  2.3562E-01 -1.1272E+00
  3.5815E-01  6.8375E-01  2.3942E-01 -1.1486E+00
  3.6145E-01  6.8866E-01  2.4326E-01 -1.1703E+00
  3.6477E-01  6.9354E-01  2.4716E-01 -1.1922E+00
  3.6813E-01  6.9839E-01  2.5111E-01 -1.2143E+00
  3.7152E-01  7.0323E-01  2.5511E-01 -1.2366E+00
  3.7493E-01  7.0804E-01  2.5917E-01 -1.2591E+00
  3.7838E-01  7.1283E-01  2.6327E-01 -1.2819E+00
  3.8186E-01  7.1758E-01  2.6743E-01 -1.3048E+00
  3.8538E-01  7.2231E-01  2.7164E-01 -1.3278E+00
  3.8892E-01  7.2701E-01  2.7590E-01 -1.3511E+00
  3.9250E-01  7.3168E-01  2.8021E-01 -1.3744E+00
  3.9611E-01  7.3631E-01  2.8458E-01 -1.3979E+00
  3.9976E-01  7.4091E-01  2.8900E-01 -1.4215E+00
  4.0343E-01  7.4548E-01  2.9347E-01 -1.4451E+00
  4.0714E-01  7.5001E-01  2.9799E-01 -1.4688E+00
  4.1089E-01  7.5450E-01  3.0257E-01 -1.4925E+00
  4.1467E-01  7.5895E-01  3.0720E-01 -1.5163E+00
  4.1849E-01  7.6336E-01  3.1188E-01 -1.5400E+00
  4.2234E-01  7.6773E-01  3.1661E-01 -1.5637E+00
  4.2622E-01  7.7206E-01  3.2140E-01 -1.5873E+00
  4.3014E-01  7.7634E-01  3.2624E-01 -1.6107E+00
  4.3410E-01  7.8057E-01  3.3113E-01 -1.6341E+00
  4.3809E-01  7.8475E-01  3.3607E-01 -1.6573E+00
  4.4212E-01  7.8889E-01  3.4107E-01 -1.6802E+00
  4.4619E-01  7.9298E-01  3.4611E-01 -1.7029E+00
  4.5030E-01  7.9701E-01  3.5121E-01 -1.7253E+00
  4.5444E-01  8.0099E-01  3.5635E-01 -1.7474E+00
  4.5862E-01  8.0492E-01  3.6155E-01 -1.7691E+00
  4.6284E-01  8.0879E-01  3.6680E-01 -1.7904E+00
  4.6710E-01  8.1260E-01  3.7209E-01 -1.8112E+00
  4.7139E-01  8.1635E-01  3.7743E-01 -1.8314E+00
  4.7573E-01  8.2004E-01  3.8282E-01 -1.8511E+00
  4.8011E-01  8.2367E-01  3.8826E-01 -1.8702E+00
  4.8452E-01  8.2724E-01  3.9374E-01 -1.8885E+00
  4.8898E-01  8.3074E-01  3.9927E-01 -1.9061E+00
  4.9348E-01  8.3418E-01  4.0484E-01 -1.9228E+00
  4.9802E-01  8.3755E-01  4.1046E-01 -1.9387E+00
  5.0260E-01  8.4085E-01  4.1612E-01 -1.9536E+00
  5.0722E-01  8.4408E-01  4.2182E-01 -1.9675E+00
  5.1189E-01  8.4724E-01  4.2756E-01 -1.9803E+00
  5.1660E-01  8.5033E-01  4.3334E-01 -1.9919E+00
  5.2135E-01  8.5335E-01  4.3916E-01 -2.0022E+00
  5.2615E-01  8.5629E-01  4.4501E-01 -2.0112E+00
  5.3099E-01  8.5915E-01  4.5090E-01 -2.0188E+00
  5.3587E-01  8.6193E-01  4.5682E-01 -2.0249E+00
  5.4080E-01  8.6464E-01  4.6278E-01 -2.0294E+00
  5.4578E-01  8.6727E-01  4.6876E-01 -2.0322E+00
  5.5080E-01  8.6981E-01  4.7477E-01 -2.0333E+00
  5.5587E-01  8.7228E-01  4.8081E-01 -2.0325E+00
  5.6098E-01  8.7466E-01  4.8688E-01 -2.0297E+00
  5.6614E-01  8.7696E-01  4.9297E-01 -2.0248E+00
  5.7135E-01  8.7917E-01  4.9908E-01 -2.0178E+00
  5.7661E-01  8.8129E-01  5.0521E-01 -2.0086E+00
  5.8191E-01  8.8333E-01  5.1135E-01 -1.9970E+00
  5.8727E-01  8.8528E-01  5.1751E-01 -1.9829E+00
  5.9267E-01  8.8714E-01  5.2368E-01 -1.9663E+00
  5.9812E-01  8.8890E-01  5.2987E-01 -1.9470E+00
  6.0362E-01  8.9058E-01  5.3605E-01 -1.9249E+00
  6.0918E-01  8.9217E-01  5.4225E-01 -1.8999E+00
  6.1478E-01  8.9366E-01  5.4844E-01 -1.8720E+00
  6.2044E-01  8.9506E-01  5.5463E-01 -1.8410E+00
  6.2614E-01  8.9636E-01  5.6082E-01 -1.8069E+00
  6.3190E-01  8.9757E-01  5.6700E-01 -1.7694E+00
  6.3772E-01  8.9868E-01  5.7317E-01 -1.7286E+00
  6.4358E-01  8.9969E-01  5.7932E-01 -1.6843E+00
  6.4951E-01  9.0061E-01  5.8546E-01 -1.6365E+00
  6.5548E-01  9.0143E-01  5.9157E-01 -1.5850E+00
  6.6151E-01  9.0215E-01  5.9766E-01 -1.5298E+00
  6.6760E-01  9.0277E-01  6.0373E-01 -1.4708E+00
  6.7374E-01  9.0329E-01  6.0976E-01 -1.4079E+00
  6.7994E-01  9.0371E-01  6.1575E-01 -1.3411E+00
  6.8619E-01  9.0403E-01  6.2171E-01 -1.2703E+00
  6.9250E-01  9.0424E-01  6.2762E-01 -1.1954E+00
  6.9888E-01  9.0436E-01  6.3348E-01 -1.1163E+00
  7.0530E-01  9.0437E-01  6.3929E-01 -1.0332E+00
  7.1179E-01  9.0428E-01  6.4504E-01 -9.4587E-01
  7.1834E-01  9.0409E-01  6.5074E-01 -8.5436E-01
  7.2495E-01  9.0380E-01  6.5636E-01 -7.5866E-01
  7.3162E-01  9.0340E-01  6.6192E-01 -6.5877E-01
  7.3835E-01  9.0290E-01  6.6740E-01 -5.5472E-01
  7.4514E-01  9.0230E-01  6.7280E-01 -4.4653E-01
  7.5200E-01  9.0159E-01  6.7811E-01 -3.3426E-01
  7.5892E-01  9.0078E-01  6.8334E-01 -2.1797E-01
  7.6590E-01  8.9987E-01  6.8847E-01 -9.7727E-02
  7.7294E-01  8.9886E-01  6.9350E-01  2.6358E-02
  7.8005E-01  8.9774E-01  6.9843E-01  1.5418E-01
  7.8723E-01  8.9651E-01  7.0325E-01  2.8559E-01
  7.9447E-01  8.9519E-01  7.0795E-01  4.2046E-01
  8.0178E-01  8.9376E-01  7.1253E-01  5.5860E-01
  8.0916E-01  8.9223E-01  7.1699E-01  6.9981E-01
  8.1660E-01  8.9060E-01  7.2131E-01  8.4389E-01
  8.2412E-01  8.8886E-01  7.2550E-01  9.9060E-01
  8.3170E-01  8.8703E-01  7.2955E-01  1.1397E+00
  8.3935E-01  8.8509E-01  7.3346E-01  1.2908E+00
  8.4707E-01  8.8306E-01  7.3721E-01  1.4437E+00
  8.5486E-01  8.8092E-01  7.4081E-01  1.5981E+00
  8.6273E-01  8.7868E-01  7.4424E-01  1.7535E+00
  8.7066E-01  8.7635E-01  7.4751E-01  1.9096E+00
  8.7867E-01  8.7391E-01  7.5061E-01  2.0660E+00
  8.8676E-01  8.7138E-01  7.5353E-01  2.2223E+00
  8.9492E-01  8.6875E-01  7.5627E-01  2.3779E+00
  9.0315E-01  8.6603E-01  7.5883E-01  2.5325E+00
  9.1146E-01  8.6321E-01  7.6119E-01  2.6855E+00
  9.1984E-01  8.6029E-01  7.6336E-01  2.8363E+00
  9.2830E-01  8.5728E-01  7.6534E-01  2.9845E+00
  9.3684E-01  8.5418E-01  7.6711E-01  3.1295E+00
  9.4546E-01  8.5098E-01  7.6867E-01  3.2707E+00
  9.5416E-01  8.4770E-01  7.7003E-01  3.4074E+00
  9.6294E-01  8.4432E-01  7.7117E-01  3.5391E+00
  9.7180E-01  8.4085E-01  7.7210E-01  3.6651E+00
  9.8074E-01  8.3730E-01  7.7281E-01  3.7848E+00
  9.8976E-01  8.3365E-01  7.7330E-01  3.8975E+00
  9.9887E-01  8.2992E-01  7.7357E-01  4.0026E+00
  1.0081E+00  8.2611E-01  7.7361E-01  4.0995E+00
  1.0173E+00  8.2221E-01  7.7342E-01  4.1874E+00
  1.0267E+00  8.1823E-01  7.7301E-01  4.2657E+00
  1.0361E+00  8.1416E-01  7.7237E-01  4.3339E+00
  1.0457E+00  8.1002E-01  7.7150E-01  4.3913E+00
  1.0553E+00  8.0579E-01  7.7040E-01  4.4372E+00
  1.0650E+00  8.0149E-01  7.6907E-01  4.4712E+00
  1.0748E+00  7.9711E-01  7.6752E-01  4.4928E+00
  1.0847E+00  7.9265E-01  7.6574E-01  4.5013E+00
  1.0947E+00  7.8812E-01  7.6373E-01  4.4965E+00
  1.1047E+00  7.8352E-01  7.6151E-01  4.4779E+00
  1.1149E+00  7.7884E-01  7.5906E-01  4.4452E+00
  1.1251E+00  7.7409E-01  7.5640E-01  4.3982E+00
  1.1355E+00  7.6928E-01  7.5352E-01  4.3367E+00
  1.1459E+00  7.6440E-01  7.5044E-01  4.2607E+00
  1.1565E+00  7.5945E-01  7.4715E-01  4.1701E+00
  1.1671E+00  7.5443E-01  7.4366E-01  4.0652E+00
  1.1779E+00  7.4935E-01  7.3998E-01  3.9461E+00
  1.1887E+00  7.4421E-01  7.3611E-01  3.8134E+00
  1.1996E+00  7.3901E-01  7.3206E-01  3.6674E+00
  1.2107E+00  7.3375E-01  7.2784E-01  3.5090E+00
  1.2218E+00  7.2844E-01  7.2344E-01  3.3389E+00
  1.2331E+00  7.2306E-01  7.1889E-01  3.1580E+00
  1.2444E+00  7.1763E-01  7.1418E-01  2.9676E+00
  1.2558E+00  7.1215E-01  7.0933E-01  2.7690E+00
  1.2674E+00  7.0662E-01  7.0434E-01  2.5637E+00
  1.2791E+00  7.0104E-01  6.9922E-01  2.3533E+00
  1.2908E+00  6.9541E-01  6.9398E-01  2.1397E+00
  1.3027E+00  6.8973E-01  6.8863E-01  1.9249E+00
  1.3147E+00  6.8401E-01  6.8318E-01  1.7110E+00
  1.3268E+00  6.7824E-01  6.7763E-01  1.5003E+00
  1.3390E+00  6.7243E-01  6.7199E-01  1.2952E+00
  1.3513E+00  6.6658E-01  6.6627E-01  1.0980E+00
  1.3637E+00  6.6069E-01  6.6049E-01  9.1125E-01
  1.3763E+00  6.5477E-01  6.5463E-01  7.3736E-01
  1.3889E+00  6.4881E-01  6.4872E-01  5.7860E-01
  1.4017E+00  6.4281E-01  6.4276E-01  4.3706E-01
  1.4146E+00  6.3678E-01  6.3676E-01  3.1453E-01
  1.4276E+00  6.3072E-01  6.3071E-01  2.1235E-01
  1.4408E+00  6.2463E-01  6.2463E-01  1.3126E-01
  1.4540E+00  6.1852E-01  6.1852E-01  7.1228E-02
  1.4674E+00  6.1237E-01  6.1237E-01  3.1209E-02
  1.4809E+00  6.0621E-01  6.0621E-01  8.8966E-03
  1.4945E+00  6.0002E-01  6.0002E-01  4.2034E-04
  1.5083E+00  5.9380E-01  5.9380E-01  0.0000E+00
  1.5221E+00  5.8757E-01  5.8757E-01  0.0000E+00
  1.5361E+00  5.8132E-01  5.8132E-01  0.0000E+00
  1.5503E+00  5.7505E-01  5.7505E-01  0.0000E+00
  1.5645E+00  5.6877E-01  5.6877E-01  0.0000E+00
  1.5789E+00  5.6247E-01  5.6247E-01  0.0000E+00
  1.5935E+00  5.5617E-01  5.5617E-01  0.0000E+00
  1.6081E+00  5.4985E-01  5.4985E-01  0.0000E+00
  1.6229E+00  5.4352E-01  5.4352E-01  0.0000E+00
  1.6378E+00  5.3718E-01  5.3718E-01  0.0000E+00
  1.6529E+00  5.3084E-01  5.3084E-01  0.0000E+00
  1.6681E+00  5.2450E-01  5.2450E-01  0.0000E+00
  1.6835E+00  5.1815E-01  5.1815E-01  0.0000E+00
  1.6990E+00  5.1180E-01  5.1180E-01  0.0000E+00
  1.7146E+00  5.0545E-01  5.0545E-01  0.0000E+00
  1.7304E+00  4.9910E-01  4.9910E-01  0.0000E+00
  1.7463E+00  4.9275E-01  4.9275E-01  0.0000E+00
  1.7623E+00  4.8641E-01  4.8641E-01  0.0000E+00
  1.7786E+00  4.8007E-01  4.8007E-01  0.0000E+00
  1.7949E+00  4.7374E-01  4.7374E-01  0.0000E+00
  1.8114E+00  4.6742E-01  4.6742E-01  0.0000E+00
  1.8281E+00  4.6112E-01  4.6112E-01  0.0000E+00
  1.8449E+00  4.5482E-01  4.5482E-01  0.0000E+00
  1.8619E+00  4.4853E-01  4.4853E-01  0.0000E+00
  1.8790E+00  4.4226E-01  4.4226E-01  0.0000E+00
  1.8963E+00  4.3601E-01  4.3601E-01  0.0000E+00
  1.9137E+00  4.2977E-01  4.2977E-01  0.0000E+00
  1.9313E+00  4.2355E-01  4.2355E-01  0.0000E+00
  1.9491E+00  4.1735E-01  4.1735E-01  0.0000E+00
  1.9670E+00  4.1117E-01  4.1117E-01  0.0000E+00
  1.9851E+00  4.0501E-01  4.0501E-01  0.0000E+00
  2.0034E+00  3.9888E-01  3.9888E-01  0.0000E+00
  2.0218E+00  3.9277E-01  3.9277E-01  0.0000E+00
  2.0404E+00  3.8669E-01  3.8669E-01  0.0000E+00
  2.0592E+00  3.8063E-01  3.8063E-01  0.0000E+00
  2.0782E+00  3.7460E-01  3.7460E-01  0.0000E+00
  2.0973E+00  3.6860E-01  3.6860E-01  0.0000E+00
  2.1166E+00  3.6264E-01  3.6264E-01  0.0000E+00
  2.1360E+00  3.5670E-01  3.5670E-01  0.0000E+00
  2.1557E+00  3.5080E-01  3.5080E-01  0.0000E+00
  2.1755E+00  3.4493E-01  3.4493E-01  0.0000E+00
  2.1955E+00  3.3910E-01  3.3910E-01  0.0000E+00
  2.2157E+00  3.3330E-01  3.3330E-01  0.0000E+00
  2.2361E+00  3.2754E-01  3.2754E-01  0.0000E+00
  2.2567E+00  3.2182E-01  3.2182E-01  0.0000E+00
  2.2774E+00  3.1614E-01  3.1614E-01  0.0000E+00
  2.2984E+00  3.1050E-01  3.1050E-01  0.0000E+00
  2.3195E+00  3.0490E-01  3.0490E-01  0.0000E+00
  2.3409E+00  2.9934E-01  2.9934E-01  0.0000E+00
  2.3624E+00  2.9383E-01  2.9383E-01  0.0000E+00
  2.3842E+00  2.8836E-01  2.8836E-01  0.0000E+00
