 # l=           1 energy= -4.999999999999982E-002
  0.0000E+00  0.0000E+00  0.0000E+00  0.0000E+00
  1.0222E-08  2.7364E-16  2.9941E-15  2.9734E-15
  2.0538E-08  1.1047E-15  1.2087E-14  1.2003E-14
  3.0949E-08  2.5084E-15  2.7446E-14  2.7256E-14
  4.1455E-08  4.5007E-15  4.9244E-14  4.8904E-14
  5.2059E-08  7.0974E-15  7.7657E-14  7.7120E-14
  6.2759E-08  1.0315E-14  1.1286E-13  1.1208E-13
  7.3559E-08  1.4171E-14  1.5505E-13  1.5398E-13
  8.4457E-08  1.8681E-14  2.0440E-13  2.0298E-13
  9.5456E-08  2.3863E-14  2.6110E-13  2.5929E-13
  1.0656E-07  2.9736E-14  3.2535E-13  3.2310E-13
  1.1776E-07  3.6316E-14  3.9736E-13  3.9461E-13
  1.2906E-07  4.3624E-14  4.7732E-13  4.7402E-13
  1.4047E-07  5.1678E-14  5.6543E-13  5.6153E-13
  1.5199E-07  6.0497E-14  6.6193E-13  6.5735E-13
  1.6361E-07  7.0101E-14  7.6701E-13  7.6171E-13
  1.7533E-07  8.0510E-14  8.8091E-13  8.7482E-13
  1.8717E-07  9.1746E-14  1.0038E-12  9.9690E-13
  1.9911E-07  1.0383E-13  1.1360E-12  1.1282E-12
  2.1117E-07  1.1678E-13  1.2778E-12  1.2689E-12
  2.2333E-07  1.3062E-13  1.4292E-12  1.4193E-12
  2.3561E-07  1.4538E-13  1.5907E-12  1.5797E-12
  2.4800E-07  1.6107E-13  1.7623E-12  1.7502E-12
  2.6050E-07  1.7772E-13  1.9445E-12  1.9311E-12
  2.7312E-07  1.9535E-13  2.1375E-12  2.1227E-12
  2.8585E-07  2.1400E-13  2.3414E-12  2.3253E-12
  2.9871E-07  2.3367E-13  2.5567E-12  2.5390E-12
  3.1168E-07  2.5440E-13  2.7836E-12  2.7643E-12
  3.2476E-07  2.7622E-13  3.0223E-12  3.0014E-12
  3.3797E-07  2.9915E-13  3.2731E-12  3.2505E-12
  3.5131E-07  3.2321E-13  3.5364E-12  3.5120E-12
  3.6476E-07  3.4844E-13  3.8125E-12  3.7861E-12
  3.7834E-07  3.7486E-13  4.1016E-12  4.0732E-12
  3.9204E-07  4.0251E-13  4.4041E-12  4.3736E-12
  4.0587E-07  4.3141E-13  4.7203E-12  4.6876E-12
  4.1982E-07  4.6158E-13  5.0504E-12  5.0155E-12
  4.3391E-07  4.9307E-13  5.3950E-12  5.3577E-12
  4.4812E-07  5.2591E-13  5.7542E-12  5.7145E-12
  4.6247E-07  5.6011E-13  6.1285E-12  6.0862E-12
  4.7694E-07  5.9573E-13  6.5182E-12  6.4731E-12
  4.9155E-07  6.3279E-13  6.9236E-12  6.8758E-12
  5.0630E-07  6.7132E-13  7.3452E-12  7.2944E-12
  5.2118E-07  7.1135E-13  7.7833E-12  7.7295E-12
  5.3619E-07  7.5294E-13  8.2383E-12  8.1813E-12
  5.5135E-07  7.9610E-13  8.7106E-12  8.6503E-12
  5.6664E-07  8.4088E-13  9.2005E-12  9.1369E-12
  5.8208E-07  8.8731E-13  9.7086E-12  9.6415E-12
  5.9765E-07  9.3544E-13  1.0235E-11  1.0164E-11
  6.1337E-07  9.8530E-13  1.0781E-11  1.0706E-11
  6.2924E-07  1.0369E-12  1.1346E-11  1.1267E-11
  6.4525E-07  1.0904E-12  1.1930E-11  1.1848E-11
  6.6141E-07  1.1457E-12  1.2535E-11  1.2449E-11
  6.7771E-07  1.2028E-12  1.3161E-11  1.3070E-11
  6.9417E-07  1.2620E-12  1.3808E-11  1.3712E-11
  7.1078E-07  1.3231E-12  1.4476E-11  1.4376E-11
  7.2754E-07  1.3862E-12  1.5167E-11  1.5062E-11
  7.4445E-07  1.4514E-12  1.5881E-11  1.5771E-11
  7.6153E-07  1.5187E-12  1.6617E-11  1.6503E-11
  7.7875E-07  1.5882E-12  1.7378E-11  1.7258E-11
  7.9614E-07  1.6599E-12  1.8162E-11  1.8037E-11
  8.1369E-07  1.7339E-12  1.8972E-11  1.8841E-11
  8.3139E-07  1.8102E-12  1.9806E-11  1.9670E-11
  8.4926E-07  1.8889E-12  2.0667E-11  2.0524E-11
  8.6730E-07  1.9699E-12  2.1554E-11  2.1405E-11
  8.8550E-07  2.0535E-12  2.2468E-11  2.2313E-11
  9.0387E-07  2.1396E-12  2.3410E-11  2.3248E-11
  9.2240E-07  2.2282E-12  2.4380E-11  2.4212E-11
  9.4111E-07  2.3195E-12  2.5379E-11  2.5204E-11
  9.5999E-07  2.4135E-12  2.6408E-11  2.6225E-11
  9.7905E-07  2.5103E-12  2.7466E-11  2.7276E-11
  9.9827E-07  2.6099E-12  2.8556E-11  2.8358E-11
  1.0177E-06  2.7123E-12  2.9677E-11  2.9472E-11
  1.0373E-06  2.8177E-12  3.0830E-11  3.0617E-11
  1.0570E-06  2.9261E-12  3.2016E-11  3.1795E-11
  1.0770E-06  3.0376E-12  3.3236E-11  3.3006E-11
  1.0971E-06  3.1522E-12  3.4490E-11  3.4251E-11
  1.1174E-06  3.2700E-12  3.5779E-11  3.5532E-11
  1.1379E-06  3.3911E-12  3.7104E-11  3.6847E-11
  1.1586E-06  3.5155E-12  3.8465E-11  3.8199E-11
  1.1795E-06  3.6434E-12  3.9864E-11  3.9589E-11
  1.2006E-06  3.7748E-12  4.1302E-11  4.1016E-11
  1.2218E-06  3.9097E-12  4.2778E-11  4.2482E-11
  1.2433E-06  4.0482E-12  4.4294E-11  4.3988E-11
  1.2650E-06  4.1905E-12  4.5851E-11  4.5534E-11
  1.2868E-06  4.3366E-12  4.7449E-11  4.7121E-11
  1.3089E-06  4.4866E-12  4.9090E-11  4.8750E-11
  1.3311E-06  4.6405E-12  5.0774E-11  5.0423E-11
  1.3536E-06  4.7985E-12  5.2502E-11  5.2139E-11
  1.3763E-06  4.9606E-12  5.4276E-11  5.3901E-11
  1.3992E-06  5.1269E-12  5.6096E-11  5.5708E-11
  1.4223E-06  5.2975E-12  5.7963E-11  5.7562E-11
  1.4456E-06  5.4726E-12  5.9878E-11  5.9464E-11
  1.4691E-06  5.6521E-12  6.1843E-11  6.1415E-11
  1.4928E-06  5.8362E-12  6.3857E-11  6.3416E-11
  1.5168E-06  6.0250E-12  6.5923E-11  6.5467E-11
  1.5410E-06  6.2186E-12  6.8041E-11  6.7571E-11
  1.5654E-06  6.4171E-12  7.0213E-11  6.9727E-11
  1.5900E-06  6.6206E-12  7.2439E-11  7.1938E-11
  1.6148E-06  6.8291E-12  7.4721E-11  7.4205E-11
  1.6399E-06  7.0429E-12  7.7060E-11  7.6527E-11
  1.6652E-06  7.2620E-12  7.9457E-11  7.8907E-11
  1.6908E-06  7.4864E-12  8.1913E-11  8.1347E-11
  1.7165E-06  7.7165E-12  8.4430E-11  8.3846E-11
  1.7425E-06  7.9521E-12  8.7008E-11  8.6406E-11
  1.7688E-06  8.1935E-12  8.9649E-11  8.9030E-11
  1.7953E-06  8.4408E-12  9.2355E-11  9.1717E-11
  1.8220E-06  8.6941E-12  9.5127E-11  9.4469E-11
  1.8490E-06  8.9535E-12  9.7965E-11  9.7288E-11
  1.8762E-06  9.2192E-12  1.0087E-10  1.0017E-10
  1.9037E-06  9.4913E-12  1.0385E-10  1.0313E-10
  1.9315E-06  9.7699E-12  1.0690E-10  1.0616E-10
  1.9595E-06  1.0055E-11  1.1002E-10  1.0926E-10
  1.9877E-06  1.0347E-11  1.1321E-10  1.1243E-10
  2.0162E-06  1.0646E-11  1.1648E-10  1.1568E-10
  2.0450E-06  1.0952E-11  1.1983E-10  1.1900E-10
  2.0740E-06  1.1265E-11  1.2326E-10  1.2241E-10
  2.1033E-06  1.1586E-11  1.2677E-10  1.2589E-10
  2.1329E-06  1.1914E-11  1.3036E-10  1.2945E-10
  2.1627E-06  1.2250E-11  1.3403E-10  1.3310E-10
  2.1928E-06  1.2593E-11  1.3779E-10  1.3683E-10
  2.2232E-06  1.2945E-11  1.4163E-10  1.4065E-10
  2.2539E-06  1.3304E-11  1.4557E-10  1.4456E-10
  2.2849E-06  1.3672E-11  1.4960E-10  1.4856E-10
  2.3161E-06  1.4049E-11  1.5371E-10  1.5265E-10
  2.3476E-06  1.4434E-11  1.5793E-10  1.5684E-10
  2.3795E-06  1.4828E-11  1.6224E-10  1.6112E-10
  2.4116E-06  1.5231E-11  1.6665E-10  1.6549E-10
  2.4440E-06  1.5643E-11  1.7116E-10  1.6997E-10
  2.4767E-06  1.6064E-11  1.7577E-10  1.7455E-10
  2.5097E-06  1.6495E-11  1.8048E-10  1.7924E-10
  2.5430E-06  1.6936E-11  1.8531E-10  1.8402E-10
  2.5766E-06  1.7387E-11  1.9024E-10  1.8892E-10
  2.6106E-06  1.7848E-11  1.9528E-10  1.9393E-10
  2.6448E-06  1.8319E-11  2.0044E-10  1.9905E-10
  2.6793E-06  1.8801E-11  2.0571E-10  2.0428E-10
  2.7142E-06  1.9293E-11  2.1110E-10  2.0964E-10
  2.7494E-06  1.9797E-11  2.1661E-10  2.1511E-10
  2.7849E-06  2.0312E-11  2.2224E-10  2.2070E-10
  2.8208E-06  2.0838E-11  2.2800E-10  2.2642E-10
  2.8569E-06  2.1376E-11  2.3388E-10  2.3226E-10
  2.8934E-06  2.1925E-11  2.3990E-10  2.3824E-10
  2.9303E-06  2.2487E-11  2.4604E-10  2.4434E-10
  2.9675E-06  2.3062E-11  2.5233E-10  2.5058E-10
  3.0050E-06  2.3648E-11  2.5875E-10  2.5696E-10
  3.0429E-06  2.4248E-11  2.6531E-10  2.6348E-10
  3.0811E-06  2.4861E-11  2.7202E-10  2.7013E-10
  3.1196E-06  2.5487E-11  2.7887E-10  2.7694E-10
  3.1586E-06  2.6127E-11  2.8587E-10  2.8389E-10
  3.1978E-06  2.6781E-11  2.9302E-10  2.9100E-10
  3.2375E-06  2.7449E-11  3.0033E-10  2.9826E-10
  3.2775E-06  2.8132E-11  3.0780E-10  3.0567E-10
  3.3179E-06  2.8829E-11  3.1543E-10  3.1325E-10
  3.3586E-06  2.9542E-11  3.2323E-10  3.2099E-10
  3.3997E-06  3.0269E-11  3.3119E-10  3.2890E-10
  3.4412E-06  3.1013E-11  3.3932E-10  3.3698E-10
  3.4831E-06  3.1772E-11  3.4763E-10  3.4523E-10
  3.5254E-06  3.2548E-11  3.5612E-10  3.5366E-10
  3.5680E-06  3.3340E-11  3.6479E-10  3.6227E-10
  3.6111E-06  3.4150E-11  3.7365E-10  3.7106E-10
  3.6545E-06  3.4976E-11  3.8269E-10  3.8005E-10
  3.6984E-06  3.5821E-11  3.9193E-10  3.8922E-10
  3.7426E-06  3.6683E-11  4.0136E-10  3.9859E-10
  3.7873E-06  3.7563E-11  4.1100E-10  4.0815E-10
  3.8323E-06  3.8463E-11  4.2083E-10  4.1793E-10
  3.8778E-06  3.9381E-11  4.3088E-10  4.2790E-10
  3.9237E-06  4.0319E-11  4.4114E-10  4.3809E-10
  3.9700E-06  4.1276E-11  4.5162E-10  4.4850E-10
  4.0168E-06  4.2254E-11  4.6232E-10  4.5912E-10
  4.0639E-06  4.3252E-11  4.7324E-10  4.6997E-10
  4.1115E-06  4.4272E-11  4.8439E-10  4.8104E-10
  4.1596E-06  4.5312E-11  4.9578E-10  4.9235E-10
  4.2081E-06  4.6375E-11  5.0741E-10  5.0390E-10
  4.2570E-06  4.7460E-11  5.1928E-10  5.1569E-10
  4.3064E-06  4.8567E-11  5.3139E-10  5.2772E-10
  4.3562E-06  4.9698E-11  5.4376E-10  5.4000E-10
  4.4065E-06  5.0852E-11  5.5639E-10  5.5255E-10
  4.4573E-06  5.2031E-11  5.6929E-10  5.6535E-10
  4.5085E-06  5.3234E-11  5.8245E-10  5.7842E-10
  4.5602E-06  5.4461E-11  5.9588E-10  5.9176E-10
  4.6124E-06  5.5715E-11  6.0959E-10  6.0538E-10
  4.6651E-06  5.6994E-11  6.2359E-10  6.1928E-10
  4.7182E-06  5.8300E-11  6.3788E-10  6.3347E-10
  4.7718E-06  5.9633E-11  6.5246E-10  6.4795E-10
  4.8259E-06  6.0993E-11  6.6735E-10  6.6273E-10
  4.8806E-06  6.2381E-11  6.8254E-10  6.7782E-10
  4.9357E-06  6.3799E-11  6.9804E-10  6.9321E-10
  4.9913E-06  6.5245E-11  7.1386E-10  7.0893E-10
  5.0474E-06  6.6721E-11  7.3001E-10  7.2497E-10
  5.1041E-06  6.8227E-11  7.4649E-10  7.4133E-10
  5.1613E-06  6.9764E-11  7.6331E-10  7.5803E-10
  5.2190E-06  7.1333E-11  7.8047E-10  7.7508E-10
  5.2772E-06  7.2934E-11  7.9799E-10  7.9247E-10
  5.3360E-06  7.4567E-11  8.1586E-10  8.1022E-10
  5.3953E-06  7.6234E-11  8.3410E-10  8.2833E-10
  5.4552E-06  7.7935E-11  8.5271E-10  8.4681E-10
  5.5156E-06  7.9671E-11  8.7170E-10  8.6567E-10
  5.5765E-06  8.1441E-11  8.9108E-10  8.8491E-10
  5.6381E-06  8.3248E-11  9.1085E-10  9.0455E-10
  5.7001E-06  8.5092E-11  9.3102E-10  9.2458E-10
  5.7628E-06  8.6973E-11  9.5160E-10  9.4502E-10
  5.8260E-06  8.8892E-11  9.7260E-10  9.6587E-10
  5.8899E-06  9.0851E-11  9.9402E-10  9.8715E-10
  5.9543E-06  9.2848E-11  1.0159E-09  1.0089E-09
  6.0193E-06  9.4887E-11  1.0382E-09  1.0310E-09
  6.0849E-06  9.6966E-11  1.0609E-09  1.0536E-09
  6.1511E-06  9.9087E-11  1.0841E-09  1.0766E-09
  6.2179E-06  1.0125E-10  1.1078E-09  1.1002E-09
  6.2853E-06  1.0346E-10  1.1320E-09  1.1242E-09
  6.3534E-06  1.0571E-10  1.1566E-09  1.1486E-09
  6.4220E-06  1.0801E-10  1.1818E-09  1.1736E-09
  6.4913E-06  1.1035E-10  1.2074E-09  1.1991E-09
  6.5613E-06  1.1274E-10  1.2336E-09  1.2250E-09
  6.6319E-06  1.1518E-10  1.2602E-09  1.2515E-09
  6.7031E-06  1.1767E-10  1.2875E-09  1.2786E-09
  6.7750E-06  1.2021E-10  1.3152E-09  1.3061E-09
  6.8475E-06  1.2280E-10  1.3435E-09  1.3343E-09
  6.9207E-06  1.2544E-10  1.3724E-09  1.3629E-09
  6.9946E-06  1.2813E-10  1.4019E-09  1.3922E-09
  7.0692E-06  1.3088E-10  1.4319E-09  1.4220E-09
  7.1445E-06  1.3368E-10  1.4626E-09  1.4525E-09
  7.2204E-06  1.3653E-10  1.4938E-09  1.4835E-09
  7.2971E-06  1.3945E-10  1.5257E-09  1.5152E-09
  7.3744E-06  1.4242E-10  1.5582E-09  1.5475E-09
  7.4525E-06  1.4545E-10  1.5914E-09  1.5804E-09
  7.5313E-06  1.4854E-10  1.6252E-09  1.6140E-09
  7.6108E-06  1.5170E-10  1.6597E-09  1.6483E-09
  7.6910E-06  1.5491E-10  1.6949E-09  1.6832E-09
  7.7720E-06  1.5819E-10  1.7308E-09  1.7188E-09
  7.8537E-06  1.6153E-10  1.7674E-09  1.7552E-09
  7.9362E-06  1.6494E-10  1.8047E-09  1.7922E-09
  8.0194E-06  1.6842E-10  1.8427E-09  1.8300E-09
  8.1034E-06  1.7197E-10  1.8815E-09  1.8685E-09
  8.1882E-06  1.7559E-10  1.9211E-09  1.9078E-09
  8.2737E-06  1.7927E-10  1.9615E-09  1.9479E-09
  8.3601E-06  1.8304E-10  2.0026E-09  1.9888E-09
  8.4472E-06  1.8687E-10  2.0446E-09  2.0304E-09
  8.5351E-06  1.9078E-10  2.0874E-09  2.0729E-09
  8.6239E-06  1.9477E-10  2.1310E-09  2.1163E-09
  8.7134E-06  1.9884E-10  2.1755E-09  2.1605E-09
  8.8038E-06  2.0298E-10  2.2209E-09  2.2055E-09
  8.8950E-06  2.0721E-10  2.2671E-09  2.2514E-09
  8.9871E-06  2.1152E-10  2.3143E-09  2.2983E-09
  9.0800E-06  2.1592E-10  2.3624E-09  2.3460E-09
  9.1737E-06  2.2040E-10  2.4114E-09  2.3947E-09
  9.2684E-06  2.2497E-10  2.4614E-09  2.4444E-09
  9.3638E-06  2.2963E-10  2.5124E-09  2.4950E-09
  9.4602E-06  2.3438E-10  2.5644E-09  2.5466E-09
  9.5575E-06  2.3922E-10  2.6174E-09  2.5993E-09
  9.6556E-06  2.4416E-10  2.6714E-09  2.6529E-09
  9.7547E-06  2.4920E-10  2.7265E-09  2.7076E-09
  9.8546E-06  2.5433E-10  2.7826E-09  2.7634E-09
  9.9555E-06  2.5956E-10  2.8399E-09  2.8203E-09
  1.0057E-05  2.6490E-10  2.8983E-09  2.8782E-09
  1.0160E-05  2.7034E-10  2.9578E-09  2.9374E-09
  1.0264E-05  2.7589E-10  3.0185E-09  2.9976E-09
  1.0368E-05  2.8154E-10  3.0803E-09  3.0591E-09
  1.0474E-05  2.8730E-10  3.1434E-09  3.1217E-09
  1.0581E-05  2.9318E-10  3.2077E-09  3.1855E-09
  1.0688E-05  2.9917E-10  3.2733E-09  3.2506E-09
  1.0797E-05  3.0528E-10  3.3401E-09  3.3170E-09
  1.0906E-05  3.1151E-10  3.4082E-09  3.3846E-09
  1.1017E-05  3.1785E-10  3.4777E-09  3.4536E-09
  1.1128E-05  3.2432E-10  3.5484E-09  3.5239E-09
  1.1241E-05  3.3092E-10  3.6206E-09  3.5956E-09
  1.1355E-05  3.3765E-10  3.6942E-09  3.6686E-09
  1.1469E-05  3.4450E-10  3.7692E-09  3.7431E-09
  1.1585E-05  3.5149E-10  3.8456E-09  3.8190E-09
  1.1702E-05  3.5861E-10  3.9236E-09  3.8964E-09
  1.1820E-05  3.6587E-10  4.0030E-09  3.9753E-09
  1.1939E-05  3.7327E-10  4.0840E-09  4.0558E-09
  1.2059E-05  3.8082E-10  4.1665E-09  4.1377E-09
  1.2180E-05  3.8851E-10  4.2507E-09  4.2213E-09
  1.2302E-05  3.9635E-10  4.3365E-09  4.3065E-09
  1.2426E-05  4.0434E-10  4.4239E-09  4.3933E-09
  1.2550E-05  4.1249E-10  4.5130E-09  4.4818E-09
  1.2676E-05  4.2079E-10  4.6038E-09  4.5720E-09
  1.2803E-05  4.2925E-10  4.6964E-09  4.6640E-09
  1.2931E-05  4.3788E-10  4.7908E-09  4.7577E-09
  1.3060E-05  4.4667E-10  4.8870E-09  4.8532E-09
  1.3190E-05  4.5563E-10  4.9851E-09  4.9506E-09
  1.3322E-05  4.6477E-10  5.0850E-09  5.0498E-09
  1.3454E-05  4.7408E-10  5.1869E-09  5.1510E-09
  1.3588E-05  4.8357E-10  5.2907E-09  5.2541E-09
  1.3724E-05  4.9324E-10  5.3965E-09  5.3592E-09
  1.3860E-05  5.0310E-10  5.5044E-09  5.4663E-09
  1.3998E-05  5.1315E-10  5.6143E-09  5.5755E-09
  1.4137E-05  5.2339E-10  5.7264E-09  5.6868E-09
  1.4277E-05  5.3383E-10  5.8406E-09  5.8002E-09
  1.4419E-05  5.4447E-10  5.9570E-09  5.9158E-09
  1.4562E-05  5.5531E-10  6.0756E-09  6.0336E-09
  1.4706E-05  5.6636E-10  6.1965E-09  6.1537E-09
  1.4851E-05  5.7763E-10  6.3197E-09  6.2760E-09
  1.4998E-05  5.8911E-10  6.4453E-09  6.4008E-09
  1.5146E-05  6.0081E-10  6.5733E-09  6.5279E-09
  1.5296E-05  6.1273E-10  6.7038E-09  6.6574E-09
  1.5447E-05  6.2488E-10  6.8367E-09  6.7895E-09
  1.5599E-05  6.3727E-10  6.9722E-09  6.9240E-09
  1.5753E-05  6.4989E-10  7.1103E-09  7.0612E-09
  1.5908E-05  6.6276E-10  7.2511E-09  7.2009E-09
  1.6065E-05  6.7587E-10  7.3945E-09  7.3434E-09
  1.6223E-05  6.8923E-10  7.5407E-09  7.4885E-09
  1.6382E-05  7.0284E-10  7.6897E-09  7.6365E-09
  1.6543E-05  7.1672E-10  7.8415E-09  7.7873E-09
  1.6706E-05  7.3086E-10  7.9962E-09  7.9409E-09
  1.6869E-05  7.4528E-10  8.1539E-09  8.0975E-09
  1.7035E-05  7.5996E-10  8.3145E-09  8.2571E-09
  1.7202E-05  7.7493E-10  8.4783E-09  8.4197E-09
  1.7370E-05  7.9018E-10  8.6452E-09  8.5854E-09
  1.7540E-05  8.0573E-10  8.8152E-09  8.7543E-09
  1.7712E-05  8.2157E-10  8.9885E-09  8.9264E-09
  1.7885E-05  8.3771E-10  9.1652E-09  9.1018E-09
  1.8060E-05  8.5416E-10  9.3451E-09  9.2805E-09
  1.8236E-05  8.7093E-10  9.5285E-09  9.4627E-09
  1.8414E-05  8.8801E-10  9.7154E-09  9.6483E-09
  1.8594E-05  9.0542E-10  9.9059E-09  9.8374E-09
  1.8775E-05  9.2316E-10  1.0100E-08  1.0030E-08
  1.8958E-05  9.4124E-10  1.0298E-08  1.0227E-08
  1.9143E-05  9.5966E-10  1.0499E-08  1.0427E-08
  1.9329E-05  9.7844E-10  1.0705E-08  1.0631E-08
  1.9517E-05  9.9757E-10  1.0914E-08  1.0839E-08
  1.9707E-05  1.0171E-09  1.1127E-08  1.1050E-08
  1.9898E-05  1.0369E-09  1.1345E-08  1.1266E-08
  2.0092E-05  1.0572E-09  1.1566E-08  1.1486E-08
  2.0287E-05  1.0778E-09  1.1792E-08  1.1710E-08
  2.0483E-05  1.0988E-09  1.2022E-08  1.1939E-08
  2.0682E-05  1.1202E-09  1.2256E-08  1.2171E-08
  2.0883E-05  1.1421E-09  1.2495E-08  1.2408E-08
  2.1085E-05  1.1643E-09  1.2738E-08  1.2650E-08
  2.1289E-05  1.1870E-09  1.2986E-08  1.2896E-08
  2.1495E-05  1.2100E-09  1.3238E-08  1.3147E-08
  2.1703E-05  1.2336E-09  1.3496E-08  1.3403E-08
  2.1913E-05  1.2575E-09  1.3758E-08  1.3663E-08
  2.2125E-05  1.2820E-09  1.4025E-08  1.3928E-08
  2.2339E-05  1.3069E-09  1.4298E-08  1.4199E-08
  2.2554E-05  1.3322E-09  1.4575E-08  1.4474E-08
  2.2772E-05  1.3581E-09  1.4858E-08  1.4755E-08
  2.2992E-05  1.3844E-09  1.5146E-08  1.5041E-08
  2.3214E-05  1.4112E-09  1.5440E-08  1.5333E-08
  2.3437E-05  1.4386E-09  1.5739E-08  1.5630E-08
  2.3663E-05  1.4664E-09  1.6043E-08  1.5933E-08
  2.3891E-05  1.4948E-09  1.6354E-08  1.6241E-08
  2.4121E-05  1.5237E-09  1.6670E-08  1.6555E-08
  2.4353E-05  1.5532E-09  1.6993E-08  1.6875E-08
  2.4588E-05  1.5832E-09  1.7321E-08  1.7201E-08
  2.4824E-05  1.6138E-09  1.7656E-08  1.7534E-08
  2.5063E-05  1.6450E-09  1.7997E-08  1.7872E-08
  2.5303E-05  1.6768E-09  1.8344E-08  1.8218E-08
  2.5546E-05  1.7091E-09  1.8698E-08  1.8569E-08
  2.5792E-05  1.7421E-09  1.9059E-08  1.8927E-08
  2.6039E-05  1.7757E-09  1.9427E-08  1.9292E-08
  2.6289E-05  1.8099E-09  1.9801E-08  1.9664E-08
  2.6541E-05  1.8448E-09  2.0183E-08  2.0043E-08
  2.6795E-05  1.8803E-09  2.0571E-08  2.0429E-08
  2.7052E-05  1.9165E-09  2.0967E-08  2.0822E-08
  2.7311E-05  1.9534E-09  2.1371E-08  2.1223E-08
  2.7573E-05  1.9910E-09  2.1782E-08  2.1631E-08
  2.7836E-05  2.0293E-09  2.2201E-08  2.2047E-08
  2.8103E-05  2.0683E-09  2.2628E-08  2.2471E-08
  2.8372E-05  2.1081E-09  2.3063E-08  2.2903E-08
  2.8643E-05  2.1486E-09  2.3506E-08  2.3343E-08
  2.8917E-05  2.1898E-09  2.3957E-08  2.3791E-08
  2.9193E-05  2.2319E-09  2.4417E-08  2.4248E-08
  2.9472E-05  2.2747E-09  2.4885E-08  2.4713E-08
  2.9753E-05  2.3183E-09  2.5363E-08  2.5187E-08
  3.0037E-05  2.3628E-09  2.5849E-08  2.5670E-08
  3.0323E-05  2.4081E-09  2.6345E-08  2.6163E-08
  3.0613E-05  2.4542E-09  2.6850E-08  2.6664E-08
  3.0904E-05  2.5013E-09  2.7364E-08  2.7175E-08
  3.1199E-05  2.5492E-09  2.7888E-08  2.7695E-08
  3.1496E-05  2.5980E-09  2.8422E-08  2.8225E-08
  3.1796E-05  2.6477E-09  2.8966E-08  2.8765E-08
  3.2099E-05  2.6983E-09  2.9520E-08  2.9316E-08
  3.2404E-05  2.7500E-09  3.0084E-08  2.9877E-08
  3.2713E-05  2.8025E-09  3.0660E-08  3.0448E-08
  3.3024E-05  2.8561E-09  3.1246E-08  3.1030E-08
  3.3338E-05  2.9107E-09  3.1843E-08  3.1623E-08
  3.3655E-05  2.9663E-09  3.2451E-08  3.2227E-08
  3.3975E-05  3.0229E-09  3.3071E-08  3.2842E-08
  3.4298E-05  3.0807E-09  3.3702E-08  3.3469E-08
  3.4623E-05  3.1394E-09  3.4345E-08  3.4108E-08
  3.4952E-05  3.1993E-09  3.5000E-08  3.4758E-08
  3.5284E-05  3.2604E-09  3.5668E-08  3.5421E-08
  3.5619E-05  3.3225E-09  3.6348E-08  3.6097E-08
  3.5957E-05  3.3859E-09  3.7041E-08  3.6785E-08
  3.6298E-05  3.4504E-09  3.7747E-08  3.7486E-08
  3.6642E-05  3.5162E-09  3.8466E-08  3.8200E-08
  3.6989E-05  3.5831E-09  3.9198E-08  3.8928E-08
  3.7340E-05  3.6514E-09  3.9945E-08  3.9669E-08
  3.7693E-05  3.7209E-09  4.0705E-08  4.0424E-08
  3.8050E-05  3.7917E-09  4.1480E-08  4.1193E-08
  3.8411E-05  3.8638E-09  4.2269E-08  4.1977E-08
  3.8774E-05  3.9373E-09  4.3073E-08  4.2775E-08
  3.9141E-05  4.0122E-09  4.3892E-08  4.3588E-08
  3.9511E-05  4.0885E-09  4.4726E-08  4.4417E-08
  3.9885E-05  4.1662E-09  4.5576E-08  4.5261E-08
  4.0262E-05  4.2453E-09  4.6442E-08  4.6121E-08
  4.0643E-05  4.3260E-09  4.7324E-08  4.6997E-08
  4.1027E-05  4.4081E-09  4.8223E-08  4.7890E-08
  4.1415E-05  4.4918E-09  4.9139E-08  4.8799E-08
  4.1806E-05  4.5771E-09  5.0071E-08  4.9725E-08
  4.2201E-05  4.6640E-09  5.1021E-08  5.0669E-08
  4.2599E-05  4.7525E-09  5.1989E-08  5.1630E-08
  4.3001E-05  4.8426E-09  5.2975E-08  5.2609E-08
  4.3407E-05  4.9344E-09  5.3980E-08  5.3607E-08
  4.3817E-05  5.0280E-09  5.5003E-08  5.4623E-08
  4.4230E-05  5.1233E-09  5.6046E-08  5.5658E-08
  4.4647E-05  5.2204E-09  5.7108E-08  5.6713E-08
  4.5068E-05  5.3193E-09  5.8190E-08  5.7787E-08
  4.5493E-05  5.4200E-09  5.9292E-08  5.8882E-08
  4.5922E-05  5.5227E-09  6.0414E-08  5.9997E-08
  4.6354E-05  5.6273E-09  6.1558E-08  6.1133E-08
  4.6791E-05  5.7338E-09  6.2723E-08  6.2290E-08
  4.7232E-05  5.8423E-09  6.3910E-08  6.3468E-08
  4.7676E-05  5.9528E-09  6.5119E-08  6.4669E-08
  4.8125E-05  6.0654E-09  6.6351E-08  6.5892E-08
  4.8578E-05  6.1802E-09  6.7606E-08  6.7138E-08
  4.9035E-05  6.2970E-09  6.8884E-08  6.8408E-08
  4.9497E-05  6.4161E-09  7.0186E-08  6.9701E-08
  4.9962E-05  6.5373E-09  7.1513E-08  7.1018E-08
  5.0432E-05  6.6609E-09  7.2864E-08  7.2360E-08
  5.0906E-05  6.7867E-09  7.4240E-08  7.3727E-08
  5.1385E-05  6.9149E-09  7.5642E-08  7.5119E-08
  5.1868E-05  7.0455E-09  7.7071E-08  7.6538E-08
  5.2355E-05  7.1785E-09  7.8526E-08  7.7983E-08
  5.2847E-05  7.3140E-09  8.0008E-08  7.9455E-08
  5.3343E-05  7.4521E-09  8.1518E-08  8.0955E-08
  5.3844E-05  7.5927E-09  8.3056E-08  8.2482E-08
  5.4350E-05  7.7360E-09  8.4623E-08  8.4038E-08
  5.4860E-05  7.8819E-09  8.6219E-08  8.5623E-08
  5.5375E-05  8.0306E-09  8.7845E-08  8.7238E-08
  5.5895E-05  8.1820E-09  8.9501E-08  8.8883E-08
  5.6419E-05  8.3362E-09  9.1188E-08  9.0558E-08
  5.6948E-05  8.4934E-09  9.2907E-08  9.2265E-08
  5.7483E-05  8.6535E-09  9.4658E-08  9.4003E-08
  5.8022E-05  8.8165E-09  9.6441E-08  9.5775E-08
  5.8566E-05  8.9826E-09  9.8258E-08  9.7579E-08
  5.9115E-05  9.1518E-09  1.0011E-07  9.9416E-08
  5.9669E-05  9.3242E-09  1.0199E-07  1.0129E-07
  6.0228E-05  9.4997E-09  1.0391E-07  1.0320E-07
  6.0792E-05  9.6786E-09  1.0587E-07  1.0514E-07
  6.1362E-05  9.8608E-09  1.0786E-07  1.0712E-07
  6.1936E-05  1.0046E-08  1.0989E-07  1.0913E-07
  6.2516E-05  1.0235E-08  1.1196E-07  1.1119E-07
  6.3102E-05  1.0428E-08  1.1407E-07  1.1328E-07
  6.3693E-05  1.0624E-08  1.1621E-07  1.1541E-07
  6.4289E-05  1.0824E-08  1.1840E-07  1.1758E-07
  6.4890E-05  1.1027E-08  1.2062E-07  1.1979E-07
  6.5498E-05  1.1235E-08  1.2289E-07  1.2204E-07
  6.6110E-05  1.1446E-08  1.2520E-07  1.2433E-07
  6.6729E-05  1.1661E-08  1.2755E-07  1.2667E-07
  6.7353E-05  1.1880E-08  1.2995E-07  1.2905E-07
  6.7983E-05  1.2104E-08  1.3239E-07  1.3148E-07
  6.8618E-05  1.2331E-08  1.3488E-07  1.3395E-07
  6.9260E-05  1.2563E-08  1.3741E-07  1.3646E-07
  6.9907E-05  1.2799E-08  1.3999E-07  1.3902E-07
  7.0561E-05  1.3039E-08  1.4262E-07  1.4163E-07
  7.1220E-05  1.3284E-08  1.4530E-07  1.4429E-07
  7.1885E-05  1.3533E-08  1.4803E-07  1.4700E-07
  7.2557E-05  1.3787E-08  1.5080E-07  1.4976E-07
  7.3235E-05  1.4046E-08  1.5363E-07  1.5257E-07
  7.3919E-05  1.4309E-08  1.5652E-07  1.5543E-07
  7.4609E-05  1.4578E-08  1.5945E-07  1.5835E-07
  7.5305E-05  1.4851E-08  1.6244E-07  1.6132E-07
  7.6008E-05  1.5130E-08  1.6549E-07  1.6435E-07
  7.6718E-05  1.5414E-08  1.6859E-07  1.6743E-07
  7.7434E-05  1.5703E-08  1.7175E-07  1.7057E-07
  7.8157E-05  1.5997E-08  1.7497E-07  1.7376E-07
  7.8886E-05  1.6297E-08  1.7825E-07  1.7702E-07
  7.9622E-05  1.6603E-08  1.8159E-07  1.8034E-07
  8.0364E-05  1.6914E-08  1.8500E-07  1.8372E-07
  8.1114E-05  1.7231E-08  1.8846E-07  1.8716E-07
  8.1870E-05  1.7554E-08  1.9200E-07  1.9067E-07
  8.2634E-05  1.7883E-08  1.9559E-07  1.9424E-07
  8.3404E-05  1.8218E-08  1.9926E-07  1.9788E-07
  8.4182E-05  1.8559E-08  2.0299E-07  2.0158E-07
  8.4966E-05  1.8907E-08  2.0679E-07  2.0536E-07
  8.5758E-05  1.9261E-08  2.1066E-07  2.0920E-07
  8.6558E-05  1.9621E-08  2.1460E-07  2.1312E-07
  8.7364E-05  1.9989E-08  2.1862E-07  2.1711E-07
  8.8178E-05  2.0363E-08  2.2271E-07  2.2117E-07
  8.8999E-05  2.0744E-08  2.2688E-07  2.2531E-07
  8.9828E-05  2.1132E-08  2.3113E-07  2.2953E-07
  9.0665E-05  2.1528E-08  2.3545E-07  2.3382E-07
  9.1509E-05  2.1930E-08  2.3985E-07  2.3820E-07
  9.2361E-05  2.2341E-08  2.4434E-07  2.4265E-07
  9.3221E-05  2.2759E-08  2.4891E-07  2.4719E-07
  9.4089E-05  2.3184E-08  2.5357E-07  2.5181E-07
  9.4965E-05  2.3618E-08  2.5831E-07  2.5652E-07
  9.5849E-05  2.4060E-08  2.6314E-07  2.6132E-07
  9.6741E-05  2.4510E-08  2.6806E-07  2.6620E-07
  9.7641E-05  2.4968E-08  2.7307E-07  2.7118E-07
  9.8550E-05  2.5435E-08  2.7817E-07  2.7625E-07
  9.9466E-05  2.5910E-08  2.8337E-07  2.8141E-07
  1.0039E-04  2.6394E-08  2.8867E-07  2.8667E-07
  1.0133E-04  2.6888E-08  2.9406E-07  2.9203E-07
  1.0227E-04  2.7390E-08  2.9955E-07  2.9748E-07
  1.0322E-04  2.7902E-08  3.0515E-07  3.0304E-07
  1.0418E-04  2.8423E-08  3.1085E-07  3.0870E-07
  1.0515E-04  2.8954E-08  3.1666E-07  3.1447E-07
  1.0612E-04  2.9495E-08  3.2257E-07  3.2034E-07
  1.0711E-04  3.0046E-08  3.2859E-07  3.2632E-07
  1.0811E-04  3.0607E-08  3.3473E-07  3.3242E-07
  1.0911E-04  3.1179E-08  3.4098E-07  3.3862E-07
  1.1013E-04  3.1761E-08  3.4734E-07  3.4494E-07
  1.1115E-04  3.2354E-08  3.5383E-07  3.5138E-07
  1.1218E-04  3.2958E-08  3.6043E-07  3.5794E-07
  1.1322E-04  3.3573E-08  3.6716E-07  3.6462E-07
  1.1428E-04  3.4200E-08  3.7401E-07  3.7143E-07
  1.1534E-04  3.4838E-08  3.8099E-07  3.7836E-07
  1.1641E-04  3.5489E-08  3.8810E-07  3.8542E-07
  1.1749E-04  3.6151E-08  3.9534E-07  3.9261E-07
  1.1858E-04  3.6826E-08  4.0271E-07  3.9993E-07
  1.1968E-04  3.7513E-08  4.1023E-07  4.0739E-07
  1.2079E-04  3.8212E-08  4.1788E-07  4.1499E-07
  1.2192E-04  3.8925E-08  4.2567E-07  4.2273E-07
  1.2305E-04  3.9651E-08  4.3361E-07  4.3061E-07
  1.2419E-04  4.0391E-08  4.4169E-07  4.3864E-07
  1.2534E-04  4.1144E-08  4.4993E-07  4.4682E-07
  1.2651E-04  4.1912E-08  4.5832E-07  4.5515E-07
  1.2768E-04  4.2693E-08  4.6686E-07  4.6363E-07
  1.2886E-04  4.3489E-08  4.7556E-07  4.7228E-07
  1.3006E-04  4.4300E-08  4.8443E-07  4.8108E-07
  1.3127E-04  4.5126E-08  4.9346E-07  4.9004E-07
  1.3248E-04  4.5967E-08  5.0265E-07  4.9918E-07
  1.3371E-04  4.6824E-08  5.1202E-07  5.0848E-07
  1.3495E-04  4.7697E-08  5.2156E-07  5.1795E-07
  1.3621E-04  4.8585E-08  5.3128E-07  5.2760E-07
  1.3747E-04  4.9491E-08  5.4117E-07  5.3743E-07
  1.3874E-04  5.0413E-08  5.5125E-07  5.4744E-07
  1.4003E-04  5.1352E-08  5.6152E-07  5.5764E-07
  1.4133E-04  5.2309E-08  5.7198E-07  5.6803E-07
  1.4264E-04  5.3284E-08  5.8263E-07  5.7861E-07
  1.4396E-04  5.4276E-08  5.9348E-07  5.8938E-07
  1.4530E-04  5.5287E-08  6.0453E-07  6.0036E-07
  1.4664E-04  5.6317E-08  6.1579E-07  6.1153E-07
  1.4800E-04  5.7366E-08  6.2726E-07  6.2292E-07
  1.4937E-04  5.8434E-08  6.3893E-07  6.3452E-07
  1.5076E-04  5.9523E-08  6.5083E-07  6.4633E-07
  1.5216E-04  6.0631E-08  6.6294E-07  6.5836E-07
  1.5357E-04  6.1760E-08  6.7528E-07  6.7061E-07
  1.5499E-04  6.2910E-08  6.8785E-07  6.8310E-07
  1.5642E-04  6.4081E-08  7.0065E-07  6.9581E-07
  1.5787E-04  6.5274E-08  7.1369E-07  7.0876E-07
  1.5934E-04  6.6489E-08  7.2697E-07  7.2195E-07
  1.6081E-04  6.7727E-08  7.4050E-07  7.3538E-07
  1.6230E-04  6.8987E-08  7.5428E-07  7.4906E-07
  1.6381E-04  7.0271E-08  7.6831E-07  7.6300E-07
  1.6532E-04  7.1579E-08  7.8260E-07  7.7719E-07
  1.6685E-04  7.2911E-08  7.9716E-07  7.9165E-07
  1.6840E-04  7.4267E-08  8.1199E-07  8.0637E-07
  1.6996E-04  7.5649E-08  8.2709E-07  8.2137E-07
  1.7153E-04  7.7057E-08  8.4247E-07  8.3665E-07
  1.7312E-04  7.8490E-08  8.5814E-07  8.5221E-07
  1.7472E-04  7.9951E-08  8.7410E-07  8.6805E-07
  1.7634E-04  8.1438E-08  8.9035E-07  8.8420E-07
  1.7797E-04  8.2953E-08  9.0691E-07  9.0064E-07
  1.7962E-04  8.4496E-08  9.2377E-07  9.1738E-07
  1.8128E-04  8.6067E-08  9.4094E-07  9.3444E-07
  1.8296E-04  8.7668E-08  9.5843E-07  9.5181E-07
  1.8466E-04  8.9298E-08  9.7625E-07  9.6950E-07
  1.8636E-04  9.0959E-08  9.9440E-07  9.8752E-07
  1.8809E-04  9.2650E-08  1.0129E-06  1.0059E-06
  1.8983E-04  9.4373E-08  1.0317E-06  1.0246E-06
  1.9159E-04  9.6127E-08  1.0509E-06  1.0436E-06
  1.9336E-04  9.7915E-08  1.0704E-06  1.0630E-06
  1.9515E-04  9.9735E-08  1.0903E-06  1.0828E-06
  1.9695E-04  1.0159E-07  1.1106E-06  1.1029E-06
  1.9878E-04  1.0348E-07  1.1312E-06  1.1234E-06
  2.0062E-04  1.0540E-07  1.1522E-06  1.1442E-06
  2.0247E-04  1.0736E-07  1.1736E-06  1.1655E-06
  2.0434E-04  1.0936E-07  1.1954E-06  1.1872E-06
  2.0623E-04  1.1139E-07  1.2176E-06  1.2092E-06
  2.0814E-04  1.1346E-07  1.2402E-06  1.2317E-06
  2.1007E-04  1.1557E-07  1.2633E-06  1.2545E-06
  2.1201E-04  1.1771E-07  1.2867E-06  1.2778E-06
  2.1397E-04  1.1990E-07  1.3106E-06  1.3016E-06
  2.1595E-04  1.2213E-07  1.3350E-06  1.3258E-06
  2.1795E-04  1.2440E-07  1.3598E-06  1.3504E-06
  2.1996E-04  1.2671E-07  1.3850E-06  1.3754E-06
  2.2199E-04  1.2906E-07  1.4107E-06  1.4010E-06
  2.2405E-04  1.3146E-07  1.4369E-06  1.4270E-06
  2.2612E-04  1.3390E-07  1.4636E-06  1.4535E-06
  2.2821E-04  1.3639E-07  1.4908E-06  1.4805E-06
  2.3032E-04  1.3892E-07  1.5185E-06  1.5080E-06
  2.3245E-04  1.4150E-07  1.5467E-06  1.5360E-06
  2.3460E-04  1.4413E-07  1.5754E-06  1.5645E-06
  2.3676E-04  1.4681E-07  1.6046E-06  1.5935E-06
  2.3895E-04  1.4953E-07  1.6344E-06  1.6231E-06
  2.4116E-04  1.5231E-07  1.6647E-06  1.6532E-06
  2.4339E-04  1.5514E-07  1.6956E-06  1.6839E-06
  2.4564E-04  1.5802E-07  1.7271E-06  1.7151E-06
  2.4791E-04  1.6096E-07  1.7591E-06  1.7470E-06
  2.5020E-04  1.6394E-07  1.7918E-06  1.7794E-06
  2.5251E-04  1.6699E-07  1.8250E-06  1.8124E-06
  2.5485E-04  1.7009E-07  1.8589E-06  1.8460E-06
  2.5720E-04  1.7325E-07  1.8934E-06  1.8803E-06
  2.5958E-04  1.7646E-07  1.9285E-06  1.9152E-06
  2.6198E-04  1.7974E-07  1.9643E-06  1.9507E-06
  2.6440E-04  1.8307E-07  2.0007E-06  1.9869E-06
  2.6684E-04  1.8647E-07  2.0378E-06  2.0238E-06
  2.6930E-04  1.8993E-07  2.0756E-06  2.0613E-06
  2.7179E-04  1.9346E-07  2.1141E-06  2.0995E-06
  2.7430E-04  1.9705E-07  2.1534E-06  2.1385E-06
  2.7684E-04  2.0071E-07  2.1933E-06  2.1781E-06
  2.7939E-04  2.0443E-07  2.2340E-06  2.2185E-06
  2.8197E-04  2.0822E-07  2.2754E-06  2.2597E-06
  2.8458E-04  2.1209E-07  2.3176E-06  2.3016E-06
  2.8721E-04  2.1602E-07  2.3606E-06  2.3443E-06
  2.8986E-04  2.2003E-07  2.4044E-06  2.3877E-06
  2.9254E-04  2.2412E-07  2.4489E-06  2.4320E-06
  2.9524E-04  2.2827E-07  2.4944E-06  2.4771E-06
  2.9796E-04  2.3251E-07  2.5406E-06  2.5230E-06
  3.0071E-04  2.3682E-07  2.5877E-06  2.5698E-06
  3.0349E-04  2.4122E-07  2.6357E-06  2.6175E-06
  3.0629E-04  2.4569E-07  2.6846E-06  2.6660E-06
  3.0912E-04  2.5025E-07  2.7343E-06  2.7154E-06
  3.1198E-04  2.5489E-07  2.7850E-06  2.7658E-06
  3.1486E-04  2.5962E-07  2.8366E-06  2.8170E-06
  3.1776E-04  2.6444E-07  2.8892E-06  2.8692E-06
  3.2070E-04  2.6934E-07  2.9428E-06  2.9224E-06
  3.2366E-04  2.7434E-07  2.9973E-06  2.9766E-06
  3.2664E-04  2.7943E-07  3.0529E-06  3.0318E-06
  3.2966E-04  2.8461E-07  3.1094E-06  3.0880E-06
  3.3270E-04  2.8989E-07  3.1671E-06  3.1452E-06
  3.3577E-04  2.9526E-07  3.2258E-06  3.2035E-06
  3.3887E-04  3.0074E-07  3.2855E-06  3.2628E-06
  3.4200E-04  3.0632E-07  3.3464E-06  3.3233E-06
  3.4516E-04  3.1200E-07  3.4084E-06  3.3849E-06
  3.4834E-04  3.1778E-07  3.4716E-06  3.4476E-06
  3.5156E-04  3.2368E-07  3.5359E-06  3.5115E-06
  3.5480E-04  3.2968E-07  3.6014E-06  3.5765E-06
  3.5808E-04  3.3579E-07  3.6681E-06  3.6428E-06
  3.6138E-04  3.4202E-07  3.7361E-06  3.7103E-06
  3.6472E-04  3.4836E-07  3.8053E-06  3.7790E-06
  3.6808E-04  3.5482E-07  3.8758E-06  3.8490E-06
  3.7148E-04  3.6139E-07  3.9476E-06  3.9203E-06
  3.7491E-04  3.6809E-07  4.0207E-06  3.9929E-06
  3.7836E-04  3.7492E-07  4.0952E-06  4.0669E-06
  3.8186E-04  3.8187E-07  4.1711E-06  4.1422E-06
  3.8538E-04  3.8895E-07  4.2483E-06  4.2190E-06
  3.8893E-04  3.9616E-07  4.3270E-06  4.2971E-06
  3.9252E-04  4.0350E-07  4.4071E-06  4.3767E-06
  3.9614E-04  4.1098E-07  4.4888E-06  4.4577E-06
  3.9980E-04  4.1860E-07  4.5719E-06  4.5403E-06
  4.0349E-04  4.2636E-07  4.6566E-06  4.6244E-06
  4.0721E-04  4.3426E-07  4.7428E-06  4.7100E-06
  4.1097E-04  4.4231E-07  4.8306E-06  4.7972E-06
  4.1476E-04  4.5051E-07  4.9201E-06  4.8861E-06
  4.1858E-04  4.5886E-07  5.0112E-06  4.9765E-06
  4.2244E-04  4.6736E-07  5.1040E-06  5.0687E-06
  4.2634E-04  4.7602E-07  5.1985E-06  5.1625E-06
  4.3027E-04  4.8485E-07  5.2947E-06  5.2581E-06
  4.3424E-04  4.9383E-07  5.3927E-06  5.3555E-06
  4.3825E-04  5.0298E-07  5.4926E-06  5.4546E-06
  4.4229E-04  5.1230E-07  5.5942E-06  5.5556E-06
  4.4637E-04  5.2180E-07  5.6978E-06  5.6584E-06
  4.5048E-04  5.3147E-07  5.8033E-06  5.7632E-06
  4.5464E-04  5.4131E-07  5.9107E-06  5.8699E-06
  4.5883E-04  5.5134E-07  6.0201E-06  5.9785E-06
  4.6306E-04  5.6156E-07  6.1315E-06  6.0892E-06
  4.6733E-04  5.7196E-07  6.2450E-06  6.2019E-06
  4.7164E-04  5.8256E-07  6.3606E-06  6.3167E-06
  4.7599E-04  5.9336E-07  6.4783E-06  6.4336E-06
  4.8038E-04  6.0435E-07  6.5982E-06  6.5526E-06
  4.8481E-04  6.1555E-07  6.7203E-06  6.6739E-06
  4.8928E-04  6.2695E-07  6.8447E-06  6.7974E-06
  4.9379E-04  6.3856E-07  6.9714E-06  6.9232E-06
  4.9835E-04  6.5039E-07  7.1004E-06  7.0513E-06
  5.0294E-04  6.6244E-07  7.2318E-06  7.1818E-06
  5.0758E-04  6.7472E-07  7.3656E-06  7.3147E-06
  5.1226E-04  6.8721E-07  7.5019E-06  7.4500E-06
  5.1698E-04  6.9994E-07  7.6407E-06  7.5879E-06
  5.2175E-04  7.1291E-07  7.7820E-06  7.7283E-06
  5.2656E-04  7.2612E-07  7.9260E-06  7.8713E-06
  5.3141E-04  7.3957E-07  8.0727E-06  8.0169E-06
  5.3631E-04  7.5326E-07  8.2220E-06  8.1652E-06
  5.4125E-04  7.6722E-07  8.3741E-06  8.3163E-06
  5.4624E-04  7.8143E-07  8.5290E-06  8.4701E-06
  5.5128E-04  7.9590E-07  8.6868E-06  8.6268E-06
  5.5636E-04  8.1064E-07  8.8475E-06  8.7864E-06
  5.6149E-04  8.2566E-07  9.0112E-06  8.9489E-06
  5.6666E-04  8.4095E-07  9.1778E-06  9.1144E-06
  5.7189E-04  8.5652E-07  9.3476E-06  9.2830E-06
  5.7716E-04  8.7239E-07  9.5205E-06  9.4547E-06
  5.8248E-04  8.8854E-07  9.6966E-06  9.6296E-06
  5.8785E-04  9.0500E-07  9.8759E-06  9.8077E-06
  5.9327E-04  9.2176E-07  1.0059E-05  9.9891E-06
  5.9873E-04  9.3883E-07  1.0245E-05  1.0174E-05
  6.0425E-04  9.5621E-07  1.0434E-05  1.0362E-05
  6.0982E-04  9.7392E-07  1.0627E-05  1.0554E-05
  6.1544E-04  9.9196E-07  1.0824E-05  1.0749E-05
  6.2112E-04  1.0103E-06  1.1024E-05  1.0947E-05
  6.2684E-04  1.0290E-06  1.1227E-05  1.1150E-05
  6.3262E-04  1.0481E-06  1.1435E-05  1.1356E-05
  6.3845E-04  1.0675E-06  1.1647E-05  1.1566E-05
  6.4433E-04  1.0873E-06  1.1862E-05  1.1780E-05
  6.5027E-04  1.1074E-06  1.2081E-05  1.1998E-05
  6.5626E-04  1.1279E-06  1.2305E-05  1.2220E-05
  6.6231E-04  1.1488E-06  1.2532E-05  1.2445E-05
  6.6841E-04  1.1700E-06  1.2764E-05  1.2676E-05
  6.7457E-04  1.1917E-06  1.3000E-05  1.2910E-05
  6.8079E-04  1.2138E-06  1.3240E-05  1.3148E-05
  6.8706E-04  1.2362E-06  1.3485E-05  1.3392E-05
  6.9339E-04  1.2591E-06  1.3734E-05  1.3639E-05
  6.9978E-04  1.2824E-06  1.3988E-05  1.3891E-05
  7.0623E-04  1.3062E-06  1.4246E-05  1.4148E-05
  7.1274E-04  1.3304E-06  1.4510E-05  1.4409E-05
  7.1930E-04  1.3550E-06  1.4778E-05  1.4676E-05
  7.2593E-04  1.3801E-06  1.5051E-05  1.4947E-05
  7.3262E-04  1.4056E-06  1.5329E-05  1.5223E-05
  7.3937E-04  1.4317E-06  1.5613E-05  1.5505E-05
  7.4618E-04  1.4582E-06  1.5901E-05  1.5791E-05
  7.5306E-04  1.4852E-06  1.6195E-05  1.6083E-05
  7.5999E-04  1.5126E-06  1.6494E-05  1.6380E-05
  7.6700E-04  1.5406E-06  1.6799E-05  1.6683E-05
  7.7406E-04  1.5692E-06  1.7109E-05  1.6991E-05
  7.8119E-04  1.5982E-06  1.7426E-05  1.7305E-05
  7.8839E-04  1.6278E-06  1.7748E-05  1.7625E-05
  7.9565E-04  1.6579E-06  1.8075E-05  1.7951E-05
  8.0298E-04  1.6886E-06  1.8409E-05  1.8282E-05
  8.1038E-04  1.7199E-06  1.8750E-05  1.8620E-05
  8.1785E-04  1.7517E-06  1.9096E-05  1.8964E-05
  8.2538E-04  1.7841E-06  1.9449E-05  1.9314E-05
  8.3299E-04  1.8172E-06  1.9808E-05  1.9671E-05
  8.4066E-04  1.8508E-06  2.0174E-05  2.0035E-05
  8.4840E-04  1.8850E-06  2.0547E-05  2.0405E-05
  8.5622E-04  1.9199E-06  2.0926E-05  2.0782E-05
  8.6411E-04  1.9555E-06  2.1313E-05  2.1165E-05
  8.7206E-04  1.9917E-06  2.1706E-05  2.1556E-05
  8.8010E-04  2.0285E-06  2.2107E-05  2.1955E-05
  8.8820E-04  2.0661E-06  2.2516E-05  2.2360E-05
  8.9639E-04  2.1043E-06  2.2932E-05  2.2773E-05
  9.0464E-04  2.1432E-06  2.3355E-05  2.3194E-05
  9.1298E-04  2.1829E-06  2.3786E-05  2.3622E-05
  9.2138E-04  2.2233E-06  2.4226E-05  2.4058E-05
  9.2987E-04  2.2644E-06  2.4673E-05  2.4503E-05
  9.3844E-04  2.3064E-06  2.5129E-05  2.4955E-05
  9.4708E-04  2.3490E-06  2.5593E-05  2.5416E-05
  9.5580E-04  2.3925E-06  2.6065E-05  2.5885E-05
  9.6461E-04  2.4368E-06  2.6547E-05  2.6363E-05
  9.7349E-04  2.4819E-06  2.7037E-05  2.6850E-05
  9.8246E-04  2.5278E-06  2.7536E-05  2.7346E-05
  9.9151E-04  2.5746E-06  2.8044E-05  2.7851E-05
  1.0006E-03  2.6222E-06  2.8562E-05  2.8365E-05
  1.0099E-03  2.6707E-06  2.9090E-05  2.8889E-05
  1.0192E-03  2.7202E-06  2.9627E-05  2.9422E-05
  1.0285E-03  2.7705E-06  3.0174E-05  2.9965E-05
  1.0380E-03  2.8218E-06  3.0731E-05  3.0518E-05
  1.0476E-03  2.8740E-06  3.1298E-05  3.1082E-05
  1.0572E-03  2.9272E-06  3.1876E-05  3.1655E-05
  1.0670E-03  2.9813E-06  3.2464E-05  3.2240E-05
  1.0768E-03  3.0365E-06  3.3063E-05  3.2835E-05
  1.0867E-03  3.0927E-06  3.3674E-05  3.3441E-05
  1.0967E-03  3.1499E-06  3.4295E-05  3.4058E-05
  1.1068E-03  3.2082E-06  3.4928E-05  3.4687E-05
  1.1170E-03  3.2675E-06  3.5573E-05  3.5327E-05
  1.1273E-03  3.3280E-06  3.6229E-05  3.5979E-05
  1.1377E-03  3.3896E-06  3.6898E-05  3.6643E-05
  1.1481E-03  3.4523E-06  3.7579E-05  3.7319E-05
  1.1587E-03  3.5162E-06  3.8272E-05  3.8008E-05
  1.1694E-03  3.5812E-06  3.8978E-05  3.8709E-05
  1.1802E-03  3.6475E-06  3.9698E-05  3.9423E-05
  1.1910E-03  3.7150E-06  4.0430E-05  4.0151E-05
  1.2020E-03  3.7837E-06  4.1176E-05  4.0892E-05
  1.2131E-03  3.8537E-06  4.1936E-05  4.1646E-05
  1.2242E-03  3.9250E-06  4.2710E-05  4.2415E-05
  1.2355E-03  3.9976E-06  4.3497E-05  4.3197E-05
  1.2469E-03  4.0716E-06  4.4300E-05  4.3994E-05
  1.2584E-03  4.1469E-06  4.5117E-05  4.4806E-05
  1.2699E-03  4.2236E-06  4.5949E-05  4.5632E-05
  1.2816E-03  4.3017E-06  4.6797E-05  4.6474E-05
  1.2934E-03  4.3813E-06  4.7660E-05  4.7331E-05
  1.3053E-03  4.4624E-06  4.8539E-05  4.8204E-05
  1.3174E-03  4.5449E-06  4.9435E-05  4.9093E-05
  1.3295E-03  4.6290E-06  5.0347E-05  4.9999E-05
  1.3417E-03  4.7147E-06  5.1275E-05  5.0921E-05
  1.3541E-03  4.8019E-06  5.2221E-05  5.1860E-05
  1.3666E-03  4.8907E-06  5.3184E-05  5.2817E-05
  1.3791E-03  4.9812E-06  5.4165E-05  5.3791E-05
  1.3918E-03  5.0733E-06  5.5163E-05  5.4782E-05
  1.4047E-03  5.1672E-06  5.6181E-05  5.5793E-05
  1.4176E-03  5.2628E-06  5.7217E-05  5.6821E-05
  1.4306E-03  5.3601E-06  5.8272E-05  5.7869E-05
  1.4438E-03  5.4593E-06  5.9346E-05  5.8936E-05
  1.4571E-03  5.5603E-06  6.0440E-05  6.0023E-05
  1.4705E-03  5.6631E-06  6.1555E-05  6.1129E-05
  1.4841E-03  5.7679E-06  6.2689E-05  6.2256E-05
  1.4977E-03  5.8746E-06  6.3845E-05  6.3404E-05
  1.5115E-03  5.9832E-06  6.5022E-05  6.4573E-05
  1.5254E-03  6.0939E-06  6.6221E-05  6.5763E-05
  1.5395E-03  6.2066E-06  6.7441E-05  6.6976E-05
  1.5536E-03  6.3214E-06  6.8684E-05  6.8210E-05
  1.5679E-03  6.4384E-06  6.9950E-05  6.9467E-05
  1.5824E-03  6.5575E-06  7.1240E-05  7.0748E-05
  1.5969E-03  6.6787E-06  7.2553E-05  7.2052E-05
  1.6116E-03  6.8023E-06  7.3890E-05  7.3380E-05
  1.6265E-03  6.9281E-06  7.5251E-05  7.4732E-05
  1.6415E-03  7.0562E-06  7.6638E-05  7.6109E-05
  1.6566E-03  7.1868E-06  7.8050E-05  7.7512E-05
  1.6718E-03  7.3197E-06  7.9489E-05  7.8940E-05
  1.6872E-03  7.4551E-06  8.0953E-05  8.0394E-05
  1.7027E-03  7.5930E-06  8.2445E-05  8.1876E-05
  1.7184E-03  7.7334E-06  8.3964E-05  8.3384E-05
  1.7342E-03  7.8765E-06  8.5511E-05  8.4920E-05
  1.7502E-03  8.0221E-06  8.7086E-05  8.6485E-05
  1.7663E-03  8.1705E-06  8.8690E-05  8.8078E-05
  1.7826E-03  8.3216E-06  9.0324E-05  8.9701E-05
  1.7990E-03  8.4755E-06  9.1988E-05  9.1353E-05
  1.8155E-03  8.6323E-06  9.3682E-05  9.3036E-05
  1.8323E-03  8.7920E-06  9.5408E-05  9.4749E-05
  1.8491E-03  8.9546E-06  9.7165E-05  9.6494E-05
  1.8661E-03  9.1202E-06  9.8955E-05  9.8272E-05
  1.8833E-03  9.2889E-06  1.0078E-04  1.0008E-04
  1.9007E-03  9.4607E-06  1.0263E-04  1.0192E-04
  1.9182E-03  9.6356E-06  1.0452E-04  1.0380E-04
  1.9358E-03  9.8138E-06  1.0645E-04  1.0571E-04
  1.9536E-03  9.9953E-06  1.0841E-04  1.0766E-04
  1.9716E-03  1.0180E-05  1.1040E-04  1.0964E-04
  1.9898E-03  1.0368E-05  1.1244E-04  1.1166E-04
  2.0081E-03  1.0560E-05  1.1451E-04  1.1372E-04
  2.0266E-03  1.0756E-05  1.1661E-04  1.1581E-04
  2.0452E-03  1.0954E-05  1.1876E-04  1.1794E-04
  2.0640E-03  1.1157E-05  1.2095E-04  1.2011E-04
  2.0830E-03  1.1363E-05  1.2317E-04  1.2232E-04
  2.1022E-03  1.1574E-05  1.2544E-04  1.2457E-04
  2.1216E-03  1.1788E-05  1.2775E-04  1.2687E-04
  2.1411E-03  1.2006E-05  1.3010E-04  1.2920E-04
  2.1608E-03  1.2228E-05  1.3249E-04  1.3158E-04
  2.1807E-03  1.2454E-05  1.3493E-04  1.3400E-04
  2.2008E-03  1.2684E-05  1.3742E-04  1.3647E-04
  2.2210E-03  1.2919E-05  1.3994E-04  1.3898E-04
  2.2415E-03  1.3158E-05  1.4252E-04  1.4154E-04
  2.2621E-03  1.3401E-05  1.4514E-04  1.4414E-04
  2.2829E-03  1.3649E-05  1.4781E-04  1.4679E-04
  2.3039E-03  1.3901E-05  1.5053E-04  1.4949E-04
  2.3251E-03  1.4158E-05  1.5330E-04  1.5224E-04
  2.3465E-03  1.4420E-05  1.5612E-04  1.5504E-04
  2.3681E-03  1.4687E-05  1.5899E-04  1.5789E-04
  2.3899E-03  1.4958E-05  1.6192E-04  1.6080E-04
  2.4119E-03  1.5235E-05  1.6489E-04  1.6376E-04
  2.4341E-03  1.5517E-05  1.6793E-04  1.6677E-04
  2.4565E-03  1.5804E-05  1.7102E-04  1.6984E-04
  2.4791E-03  1.6096E-05  1.7416E-04  1.7296E-04
  2.5019E-03  1.6393E-05  1.7736E-04  1.7614E-04
  2.5250E-03  1.6697E-05  1.8062E-04  1.7938E-04
  2.5482E-03  1.7005E-05  1.8394E-04  1.8268E-04
  2.5717E-03  1.7320E-05  1.8733E-04  1.8603E-04
  2.5953E-03  1.7640E-05  1.9077E-04  1.8945E-04
  2.6192E-03  1.7966E-05  1.9428E-04  1.9294E-04
  2.6433E-03  1.8298E-05  1.9785E-04  1.9648E-04
  2.6677E-03  1.8637E-05  2.0148E-04  2.0009E-04
  2.6922E-03  1.8981E-05  2.0519E-04  2.0377E-04
  2.7170E-03  1.9332E-05  2.0896E-04  2.0752E-04
  2.7420E-03  1.9690E-05  2.1280E-04  2.1133E-04
  2.7672E-03  2.0054E-05  2.1671E-04  2.1521E-04
  2.7927E-03  2.0425E-05  2.2069E-04  2.1917E-04
  2.8184E-03  2.0803E-05  2.2475E-04  2.2320E-04
  2.8443E-03  2.1187E-05  2.2888E-04  2.2730E-04
  2.8705E-03  2.1579E-05  2.3308E-04  2.3147E-04
  2.8969E-03  2.1978E-05  2.3736E-04  2.3572E-04
  2.9236E-03  2.2384E-05  2.4172E-04  2.4005E-04
  2.9505E-03  2.2798E-05  2.4616E-04  2.4446E-04
  2.9777E-03  2.3220E-05  2.5068E-04  2.4895E-04
  3.0051E-03  2.3649E-05  2.5529E-04  2.5353E-04
  3.0327E-03  2.4087E-05  2.5998E-04  2.5818E-04
  3.0606E-03  2.4532E-05  2.6475E-04  2.6292E-04
  3.0888E-03  2.4986E-05  2.6961E-04  2.6775E-04
  3.1172E-03  2.5448E-05  2.7456E-04  2.7267E-04
  3.1459E-03  2.5918E-05  2.7960E-04  2.7767E-04
  3.1749E-03  2.6397E-05  2.8473E-04  2.8277E-04
  3.2041E-03  2.6885E-05  2.8996E-04  2.8796E-04
  3.2336E-03  2.7383E-05  2.9528E-04  2.9325E-04
  3.2633E-03  2.7889E-05  3.0070E-04  2.9863E-04
  3.2933E-03  2.8405E-05  3.0622E-04  3.0411E-04
  3.3237E-03  2.8930E-05  3.1184E-04  3.0969E-04
  3.3542E-03  2.9465E-05  3.1756E-04  3.1537E-04
  3.3851E-03  3.0009E-05  3.2339E-04  3.2116E-04
  3.4163E-03  3.0564E-05  3.2932E-04  3.2705E-04
  3.4477E-03  3.1129E-05  3.3537E-04  3.3305E-04
  3.4794E-03  3.1705E-05  3.4152E-04  3.3916E-04
  3.5115E-03  3.2291E-05  3.4778E-04  3.4539E-04
  3.5438E-03  3.2888E-05  3.5416E-04  3.5172E-04
  3.5764E-03  3.3496E-05  3.6066E-04  3.5817E-04
  3.6093E-03  3.4116E-05  3.6727E-04  3.6474E-04
  3.6425E-03  3.4746E-05  3.7401E-04  3.7143E-04
  3.6760E-03  3.5389E-05  3.8087E-04  3.7824E-04
  3.7099E-03  3.6043E-05  3.8785E-04  3.8517E-04
  3.7440E-03  3.6710E-05  3.9496E-04  3.9224E-04
  3.7784E-03  3.7388E-05  4.0220E-04  3.9943E-04
  3.8132E-03  3.8080E-05  4.0957E-04  4.0675E-04
  3.8483E-03  3.8784E-05  4.1708E-04  4.1420E-04
  3.8837E-03  3.9501E-05  4.2472E-04  4.2180E-04
  3.9195E-03  4.0231E-05  4.3251E-04  4.2953E-04
  3.9555E-03  4.0975E-05  4.4043E-04  4.3740E-04
  3.9919E-03  4.1733E-05  4.4850E-04  4.4541E-04
  4.0287E-03  4.2504E-05  4.5672E-04  4.5357E-04
  4.0657E-03  4.3290E-05  4.6509E-04  4.6188E-04
  4.1032E-03  4.4090E-05  4.7360E-04  4.7034E-04
  4.1409E-03  4.4906E-05  4.8228E-04  4.7896E-04
  4.1790E-03  4.5736E-05  4.9111E-04  4.8773E-04
  4.2175E-03  4.6581E-05  5.0011E-04  4.9666E-04
  4.2563E-03  4.7443E-05  5.0926E-04  5.0575E-04
  4.2954E-03  4.8320E-05  5.1859E-04  5.1502E-04
  4.3350E-03  4.9213E-05  5.2808E-04  5.2444E-04
  4.3749E-03  5.0123E-05  5.3775E-04  5.3405E-04
  4.4151E-03  5.1050E-05  5.4759E-04  5.4382E-04
  4.4558E-03  5.1994E-05  5.5762E-04  5.5377E-04
  4.4968E-03  5.2955E-05  5.6782E-04  5.6391E-04
  4.5381E-03  5.3934E-05  5.7821E-04  5.7423E-04
  4.5799E-03  5.4931E-05  5.8879E-04  5.8474E-04
  4.6220E-03  5.5947E-05  5.9956E-04  5.9543E-04
  4.6646E-03  5.6981E-05  6.1053E-04  6.0633E-04
  4.7075E-03  5.8034E-05  6.2170E-04  6.1742E-04
  4.7508E-03  5.9107E-05  6.3307E-04  6.2871E-04
  4.7945E-03  6.0200E-05  6.4465E-04  6.4021E-04
  4.8386E-03  6.1313E-05  6.5644E-04  6.5192E-04
  4.8832E-03  6.2447E-05  6.6844E-04  6.6384E-04
  4.9281E-03  6.3601E-05  6.8066E-04  6.7597E-04
  4.9735E-03  6.4777E-05  6.9311E-04  6.8833E-04
  5.0192E-03  6.5975E-05  7.0578E-04  7.0091E-04
  5.0654E-03  6.7194E-05  7.1867E-04  7.1373E-04
  5.1120E-03  6.8437E-05  7.3181E-04  7.2677E-04
  5.1591E-03  6.9702E-05  7.4518E-04  7.4005E-04
  5.2065E-03  7.0990E-05  7.5880E-04  7.5357E-04
  5.2544E-03  7.2303E-05  7.7266E-04  7.6734E-04
  5.3028E-03  7.3640E-05  7.8677E-04  7.8136E-04
  5.3516E-03  7.5001E-05  8.0114E-04  7.9563E-04
  5.4008E-03  7.6387E-05  8.1577E-04  8.1016E-04
  5.4505E-03  7.7800E-05  8.3067E-04  8.2495E-04
  5.5007E-03  7.9238E-05  8.4584E-04  8.4002E-04
  5.5513E-03  8.0703E-05  8.6128E-04  8.5535E-04
  5.6024E-03  8.2195E-05  8.7700E-04  8.7097E-04
  5.6539E-03  8.3714E-05  8.9301E-04  8.8686E-04
  5.7059E-03  8.5262E-05  9.0931E-04  9.0305E-04
  5.7584E-03  8.6838E-05  9.2590E-04  9.1953E-04
  5.8114E-03  8.8444E-05  9.4279E-04  9.3631E-04
  5.8649E-03  9.0079E-05  9.5999E-04  9.5339E-04
  5.9189E-03  9.1744E-05  9.7751E-04  9.7078E-04
  5.9733E-03  9.3440E-05  9.9533E-04  9.8848E-04
  6.0283E-03  9.5167E-05  1.0135E-03  1.0065E-03
  6.0838E-03  9.6927E-05  1.0320E-03  1.0249E-03
  6.1397E-03  9.8719E-05  1.0508E-03  1.0436E-03
  6.1962E-03  1.0054E-04  1.0699E-03  1.0626E-03
  6.2532E-03  1.0240E-04  1.0894E-03  1.0819E-03
  6.3108E-03  1.0430E-04  1.1093E-03  1.1017E-03
  6.3689E-03  1.0622E-04  1.1295E-03  1.1217E-03
  6.4275E-03  1.0819E-04  1.1501E-03  1.1422E-03
  6.4866E-03  1.1019E-04  1.1710E-03  1.1630E-03
  6.5463E-03  1.1222E-04  1.1924E-03  1.1842E-03
  6.6065E-03  1.1430E-04  1.2141E-03  1.2057E-03
  6.6673E-03  1.1641E-04  1.2362E-03  1.2277E-03
  6.7287E-03  1.1856E-04  1.2587E-03  1.2500E-03
  6.7906E-03  1.2076E-04  1.2816E-03  1.2728E-03
  6.8530E-03  1.2299E-04  1.3049E-03  1.2960E-03
  6.9161E-03  1.2526E-04  1.3287E-03  1.3196E-03
  6.9797E-03  1.2758E-04  1.3529E-03  1.3436E-03
  7.0440E-03  1.2994E-04  1.3775E-03  1.3680E-03
  7.1088E-03  1.3234E-04  1.4025E-03  1.3929E-03
  7.1742E-03  1.3478E-04  1.4280E-03  1.4182E-03
  7.2402E-03  1.3728E-04  1.4540E-03  1.4440E-03
  7.3068E-03  1.3981E-04  1.4805E-03  1.4703E-03
  7.3740E-03  1.4240E-04  1.5074E-03  1.4970E-03
  7.4419E-03  1.4503E-04  1.5348E-03  1.5242E-03
  7.5104E-03  1.4771E-04  1.5627E-03  1.5519E-03
  7.5795E-03  1.5044E-04  1.5911E-03  1.5801E-03
  7.6492E-03  1.5322E-04  1.6200E-03  1.6088E-03
  7.7196E-03  1.5605E-04  1.6494E-03  1.6381E-03
  7.7906E-03  1.5894E-04  1.6794E-03  1.6678E-03
  7.8623E-03  1.6188E-04  1.7099E-03  1.6981E-03
  7.9346E-03  1.6487E-04  1.7409E-03  1.7289E-03
  8.0076E-03  1.6792E-04  1.7725E-03  1.7603E-03
  8.0813E-03  1.7102E-04  1.8047E-03  1.7923E-03
  8.1557E-03  1.7418E-04  1.8374E-03  1.8248E-03
  8.2307E-03  1.7740E-04  1.8708E-03  1.8579E-03
  8.3065E-03  1.8068E-04  1.9047E-03  1.8916E-03
  8.3829E-03  1.8402E-04  1.9393E-03  1.9259E-03
  8.4600E-03  1.8742E-04  1.9744E-03  1.9609E-03
  8.5378E-03  1.9089E-04  2.0102E-03  1.9964E-03
  8.6164E-03  1.9442E-04  2.0467E-03  2.0326E-03
  8.6957E-03  1.9801E-04  2.0838E-03  2.0695E-03
  8.7757E-03  2.0167E-04  2.1215E-03  2.1070E-03
  8.8564E-03  2.0540E-04  2.1600E-03  2.1451E-03
  8.9379E-03  2.0920E-04  2.1991E-03  2.1840E-03
  9.0202E-03  2.1306E-04  2.2389E-03  2.2235E-03
  9.1032E-03  2.1700E-04  2.2795E-03  2.2638E-03
  9.1869E-03  2.2101E-04  2.3207E-03  2.3048E-03
  9.2714E-03  2.2510E-04  2.3627E-03  2.3465E-03
  9.3567E-03  2.2926E-04  2.4055E-03  2.3890E-03
  9.4428E-03  2.3350E-04  2.4490E-03  2.4322E-03
  9.5297E-03  2.3781E-04  2.4933E-03  2.4762E-03
  9.6174E-03  2.4221E-04  2.5384E-03  2.5210E-03
  9.7059E-03  2.4668E-04  2.5843E-03  2.5666E-03
  9.7952E-03  2.5124E-04  2.6311E-03  2.6130E-03
  9.8853E-03  2.5589E-04  2.6786E-03  2.6602E-03
  9.9763E-03  2.6062E-04  2.7270E-03  2.7083E-03
  1.0068E-02  2.6544E-04  2.7763E-03  2.7573E-03
  1.0161E-02  2.7034E-04  2.8264E-03  2.8071E-03
  1.0254E-02  2.7534E-04  2.8775E-03  2.8578E-03
  1.0349E-02  2.8043E-04  2.9295E-03  2.9094E-03
  1.0444E-02  2.8561E-04  2.9823E-03  2.9619E-03
  1.0540E-02  2.9089E-04  3.0362E-03  3.0154E-03
  1.0637E-02  2.9627E-04  3.0910E-03  3.0698E-03
  1.0735E-02  3.0174E-04  3.1467E-03  3.1251E-03
  1.0833E-02  3.0732E-04  3.2035E-03  3.1815E-03
  1.0933E-02  3.1300E-04  3.2612E-03  3.2389E-03
  1.1034E-02  3.1879E-04  3.3200E-03  3.2973E-03
  1.1135E-02  3.2468E-04  3.3799E-03  3.3567E-03
  1.1238E-02  3.3068E-04  3.4408E-03  3.4172E-03
  1.1341E-02  3.3679E-04  3.5028E-03  3.4788E-03
  1.1445E-02  3.4302E-04  3.5659E-03  3.5414E-03
  1.1551E-02  3.4936E-04  3.6301E-03  3.6052E-03
  1.1657E-02  3.5582E-04  3.6954E-03  3.6701E-03
  1.1764E-02  3.6239E-04  3.7619E-03  3.7362E-03
  1.1872E-02  3.6909E-04  3.8296E-03  3.8034E-03
  1.1982E-02  3.7591E-04  3.8985E-03  3.8718E-03
  1.2092E-02  3.8286E-04  3.9686E-03  3.9415E-03
  1.2203E-02  3.8994E-04  4.0400E-03  4.0123E-03
  1.2315E-02  3.9714E-04  4.1126E-03  4.0845E-03
  1.2429E-02  4.0448E-04  4.1865E-03  4.1579E-03
  1.2543E-02  4.1196E-04  4.2617E-03  4.2326E-03
  1.2659E-02  4.1957E-04  4.3383E-03  4.3086E-03
  1.2775E-02  4.2733E-04  4.4162E-03  4.3860E-03
  1.2893E-02  4.3523E-04  4.4955E-03  4.4647E-03
  1.3011E-02  4.4327E-04  4.5762E-03  4.5448E-03
  1.3131E-02  4.5146E-04  4.6583E-03  4.6264E-03
  1.3252E-02  4.5981E-04  4.7418E-03  4.7094E-03
  1.3374E-02  4.6830E-04  4.8269E-03  4.7938E-03
  1.3497E-02  4.7696E-04  4.9134E-03  4.8798E-03
  1.3621E-02  4.8578E-04  5.0014E-03  4.9672E-03
  1.3746E-02  4.9475E-04  5.0911E-03  5.0562E-03
  1.3873E-02  5.0390E-04  5.1822E-03  5.1468E-03
  1.4000E-02  5.1321E-04  5.2750E-03  5.2390E-03
  1.4129E-02  5.2269E-04  5.3695E-03  5.3328E-03
  1.4259E-02  5.3236E-04  5.4656E-03  5.4282E-03
  1.4390E-02  5.4219E-04  5.5633E-03  5.5253E-03
  1.4523E-02  5.5221E-04  5.6628E-03  5.6242E-03
  1.4656E-02  5.6242E-04  5.7641E-03  5.7247E-03
  1.4791E-02  5.7281E-04  5.8671E-03  5.8271E-03
  1.4927E-02  5.8340E-04  5.9720E-03  5.9312E-03
  1.5064E-02  5.9418E-04  6.0786E-03  6.0371E-03
  1.5203E-02  6.0516E-04  6.1872E-03  6.1449E-03
  1.5343E-02  6.1635E-04  6.2976E-03  6.2547E-03
  1.5484E-02  6.2774E-04  6.4100E-03  6.3663E-03
  1.5627E-02  6.3934E-04  6.5244E-03  6.4799E-03
  1.5770E-02  6.5115E-04  6.6407E-03  6.5954E-03
  1.5915E-02  6.6319E-04  6.7591E-03  6.7130E-03
  1.6062E-02  6.7544E-04  6.8796E-03  6.8327E-03
  1.6210E-02  6.8792E-04  7.0022E-03  6.9544E-03
  1.6359E-02  7.0064E-04  7.1269E-03  7.0783E-03
  1.6509E-02  7.1359E-04  7.2538E-03  7.2043E-03
  1.6661E-02  7.2677E-04  7.3829E-03  7.3325E-03
  1.6814E-02  7.4020E-04  7.5142E-03  7.4630E-03
  1.6969E-02  7.5388E-04  7.6479E-03  7.5957E-03
  1.7125E-02  7.6781E-04  7.7839E-03  7.7308E-03
  1.7283E-02  7.8200E-04  7.9222E-03  7.8682E-03
  1.7442E-02  7.9645E-04  8.0629E-03  8.0080E-03
  1.7602E-02  8.1117E-04  8.2061E-03  8.1502E-03
  1.7764E-02  8.2616E-04  8.3518E-03  8.2949E-03
  1.7928E-02  8.4143E-04  8.5000E-03  8.4421E-03
  1.8093E-02  8.5697E-04  8.6508E-03  8.5919E-03
  1.8259E-02  8.7281E-04  8.8042E-03  8.7443E-03
  1.8427E-02  8.8894E-04  8.9603E-03  8.8993E-03
  1.8597E-02  9.0536E-04  9.1191E-03  9.0570E-03
  1.8768E-02  9.2209E-04  9.2806E-03  9.2174E-03
  1.8940E-02  9.3913E-04  9.4449E-03  9.3806E-03
  1.9115E-02  9.5649E-04  9.6121E-03  9.5467E-03
  1.9291E-02  9.7416E-04  9.7821E-03  9.7156E-03
  1.9468E-02  9.9216E-04  9.9551E-03  9.8874E-03
  1.9647E-02  1.0105E-03  1.0131E-02  1.0062E-02
  1.9828E-02  1.0292E-03  1.0310E-02  1.0240E-02
  2.0010E-02  1.0482E-03  1.0492E-02  1.0421E-02
  2.0194E-02  1.0675E-03  1.0677E-02  1.0605E-02
  2.0380E-02  1.0873E-03  1.0866E-02  1.0792E-02
  2.0568E-02  1.1074E-03  1.1058E-02  1.0982E-02
  2.0757E-02  1.1278E-03  1.1252E-02  1.1176E-02
  2.0948E-02  1.1487E-03  1.1451E-02  1.1373E-02
  2.1141E-02  1.1699E-03  1.1653E-02  1.1573E-02
  2.1335E-02  1.1915E-03  1.1858E-02  1.1777E-02
  2.1531E-02  1.2135E-03  1.2066E-02  1.1985E-02
  2.1729E-02  1.2359E-03  1.2279E-02  1.2195E-02
  2.1929E-02  1.2588E-03  1.2495E-02  1.2410E-02
  2.2131E-02  1.2820E-03  1.2714E-02  1.2628E-02
  2.2335E-02  1.3057E-03  1.2938E-02  1.2850E-02
  2.2540E-02  1.3298E-03  1.3165E-02  1.3075E-02
  2.2748E-02  1.3544E-03  1.3396E-02  1.3305E-02
  2.2957E-02  1.3794E-03  1.3631E-02  1.3538E-02
  2.3168E-02  1.4049E-03  1.3870E-02  1.3776E-02
  2.3381E-02  1.4309E-03  1.4113E-02  1.4017E-02
  2.3596E-02  1.4573E-03  1.4360E-02  1.4263E-02
  2.3813E-02  1.4842E-03  1.4612E-02  1.4513E-02
  2.4033E-02  1.5116E-03  1.4867E-02  1.4767E-02
  2.4254E-02  1.5396E-03  1.5127E-02  1.5025E-02
  2.4477E-02  1.5680E-03  1.5392E-02  1.5288E-02
  2.4702E-02  1.5970E-03  1.5661E-02  1.5555E-02
  2.4929E-02  1.6265E-03  1.5934E-02  1.5826E-02
  2.5159E-02  1.6565E-03  1.6212E-02  1.6103E-02
  2.5390E-02  1.6871E-03  1.6495E-02  1.6384E-02
  2.5624E-02  1.7183E-03  1.6783E-02  1.6669E-02
  2.5859E-02  1.7500E-03  1.7075E-02  1.6960E-02
  2.6097E-02  1.7823E-03  1.7373E-02  1.7255E-02
  2.6337E-02  1.8153E-03  1.7675E-02  1.7556E-02
  2.6580E-02  1.8488E-03  1.7983E-02  1.7861E-02
  2.6824E-02  1.8829E-03  1.8295E-02  1.8172E-02
  2.7071E-02  1.9177E-03  1.8613E-02  1.8488E-02
  2.7320E-02  1.9531E-03  1.8937E-02  1.8809E-02
  2.7571E-02  1.9892E-03  1.9265E-02  1.9135E-02
  2.7825E-02  2.0259E-03  1.9600E-02  1.9467E-02
  2.8081E-02  2.0634E-03  1.9939E-02  1.9805E-02
  2.8339E-02  2.1015E-03  2.0285E-02  2.0148E-02
  2.8600E-02  2.1403E-03  2.0636E-02  2.0497E-02
  2.8863E-02  2.1798E-03  2.0993E-02  2.0852E-02
  2.9129E-02  2.2201E-03  2.1357E-02  2.1213E-02
  2.9397E-02  2.2611E-03  2.1726E-02  2.1579E-02
  2.9667E-02  2.3028E-03  2.2101E-02  2.1952E-02
  2.9940E-02  2.3453E-03  2.2483E-02  2.2331E-02
  3.0216E-02  2.3887E-03  2.2871E-02  2.2717E-02
  3.0494E-02  2.4328E-03  2.3265E-02  2.3108E-02
  3.0774E-02  2.4777E-03  2.3666E-02  2.3506E-02
  3.1057E-02  2.5234E-03  2.4073E-02  2.3911E-02
  3.1343E-02  2.5700E-03  2.4488E-02  2.4323E-02
  3.1631E-02  2.6175E-03  2.4909E-02  2.4741E-02
  3.1922E-02  2.6658E-03  2.5337E-02  2.5166E-02
  3.2216E-02  2.7150E-03  2.5772E-02  2.5599E-02
  3.2512E-02  2.7652E-03  2.6214E-02  2.6038E-02
  3.2812E-02  2.8162E-03  2.6664E-02  2.6485E-02
  3.3113E-02  2.8682E-03  2.7121E-02  2.6939E-02
  3.3418E-02  2.9212E-03  2.7585E-02  2.7400E-02
  3.3726E-02  2.9751E-03  2.8058E-02  2.7869E-02
  3.4036E-02  3.0300E-03  2.8537E-02  2.8346E-02
  3.4349E-02  3.0860E-03  2.9025E-02  2.8830E-02
  3.4665E-02  3.1429E-03  2.9521E-02  2.9323E-02
  3.4984E-02  3.2010E-03  3.0025E-02  2.9823E-02
  3.5306E-02  3.2600E-03  3.0537E-02  3.0332E-02
  3.5631E-02  3.3202E-03  3.1057E-02  3.0849E-02
  3.5958E-02  3.3815E-03  3.1586E-02  3.1374E-02
  3.6289E-02  3.4439E-03  3.2123E-02  3.1908E-02
  3.6623E-02  3.5075E-03  3.2669E-02  3.2451E-02
  3.6960E-02  3.5722E-03  3.3224E-02  3.3002E-02
  3.7300E-02  3.6382E-03  3.3788E-02  3.3562E-02
  3.7643E-02  3.7053E-03  3.4361E-02  3.4132E-02
  3.7989E-02  3.7737E-03  3.4944E-02  3.4710E-02
  3.8339E-02  3.8433E-03  3.5536E-02  3.5298E-02
  3.8692E-02  3.9143E-03  3.6137E-02  3.5896E-02
  3.9048E-02  3.9865E-03  3.6748E-02  3.6503E-02
  3.9407E-02  4.0601E-03  3.7369E-02  3.7119E-02
  3.9769E-02  4.1350E-03  3.7999E-02  3.7746E-02
  4.0135E-02  4.2113E-03  3.8640E-02  3.8383E-02
  4.0505E-02  4.2890E-03  3.9291E-02  3.9030E-02
  4.0877E-02  4.3681E-03  3.9953E-02  3.9687E-02
  4.1253E-02  4.4487E-03  4.0625E-02  4.0354E-02
  4.1633E-02  4.5308E-03  4.1308E-02  4.1033E-02
  4.2016E-02  4.6144E-03  4.2001E-02  4.1722E-02
  4.2402E-02  4.6995E-03  4.2706E-02  4.2422E-02
  4.2792E-02  4.7862E-03  4.3422E-02  4.3133E-02
  4.3186E-02  4.8745E-03  4.4149E-02  4.3856E-02
  4.3583E-02  4.9644E-03  4.4888E-02  4.4590E-02
  4.3984E-02  5.0560E-03  4.5638E-02  4.5335E-02
  4.4389E-02  5.1493E-03  4.6400E-02  4.6092E-02
  4.4797E-02  5.2443E-03  4.7174E-02  4.6861E-02
  4.5210E-02  5.3410E-03  4.7961E-02  4.7643E-02
  4.5625E-02  5.4395E-03  4.8759E-02  4.8436E-02
  4.6045E-02  5.5398E-03  4.9571E-02  4.9242E-02
  4.6469E-02  5.6420E-03  5.0394E-02  5.0061E-02
  4.6896E-02  5.7460E-03  5.1231E-02  5.0892E-02
  4.7328E-02  5.8520E-03  5.2081E-02  5.1737E-02
  4.7763E-02  5.9599E-03  5.2944E-02  5.2594E-02
  4.8203E-02  6.0698E-03  5.3820E-02  5.3465E-02
  4.8646E-02  6.1817E-03  5.4710E-02  5.4349E-02
  4.9094E-02  6.2956E-03  5.5614E-02  5.5247E-02
  4.9545E-02  6.4117E-03  5.6532E-02  5.6159E-02
  5.0001E-02  6.5299E-03  5.7464E-02  5.7085E-02
  5.0461E-02  6.6503E-03  5.8410E-02  5.8025E-02
  5.0925E-02  6.7728E-03  5.9371E-02  5.8980E-02
  5.1394E-02  6.8977E-03  6.0347E-02  5.9950E-02
  5.1867E-02  7.0248E-03  6.1337E-02  6.0934E-02
  5.2344E-02  7.1543E-03  6.2343E-02  6.1933E-02
  5.2825E-02  7.2861E-03  6.3364E-02  6.2948E-02
  5.3311E-02  7.4204E-03  6.4401E-02  6.3978E-02
  5.3802E-02  7.5571E-03  6.5453E-02  6.5023E-02
  5.4297E-02  7.6964E-03  6.6521E-02  6.6085E-02
  5.4796E-02  7.8382E-03  6.7606E-02  6.7163E-02
  5.5300E-02  7.9826E-03  6.8707E-02  6.8257E-02
  5.5809E-02  8.1296E-03  6.9824E-02  6.9367E-02
  5.6323E-02  8.2794E-03  7.0959E-02  7.0494E-02
  5.6841E-02  8.4319E-03  7.2110E-02  7.1639E-02
  5.7364E-02  8.5872E-03  7.3279E-02  7.2800E-02
  5.7892E-02  8.7454E-03  7.4465E-02  7.3979E-02
  5.8424E-02  8.9064E-03  7.5669E-02  7.5175E-02
  5.8962E-02  9.0704E-03  7.6891E-02  7.6389E-02
  5.9504E-02  9.2375E-03  7.8131E-02  7.7621E-02
  6.0051E-02  9.4075E-03  7.9389E-02  7.8872E-02
  6.0604E-02  9.5808E-03  8.0666E-02  8.0141E-02
  6.1162E-02  9.7571E-03  8.1962E-02  8.1429E-02
  6.1724E-02  9.9367E-03  8.3277E-02  8.2736E-02
  6.2292E-02  1.0120E-02  8.4611E-02  8.4062E-02
  6.2865E-02  1.0306E-02  8.5965E-02  8.5407E-02
  6.3443E-02  1.0496E-02  8.7339E-02  8.6772E-02
  6.4027E-02  1.0689E-02  8.8733E-02  8.8158E-02
  6.4616E-02  1.0885E-02  9.0147E-02  8.9563E-02
  6.5211E-02  1.1086E-02  9.1581E-02  9.0989E-02
  6.5811E-02  1.1290E-02  9.3037E-02  9.2435E-02
  6.6416E-02  1.1497E-02  9.4513E-02  9.3903E-02
  6.7027E-02  1.1709E-02  9.6011E-02  9.5391E-02
  6.7644E-02  1.1924E-02  9.7530E-02  9.6901E-02
  6.8266E-02  1.2144E-02  9.9072E-02  9.8433E-02
  6.8894E-02  1.2367E-02  1.0063E-01  9.9987E-02
  6.9528E-02  1.2594E-02  1.0222E-01  1.0156E-01
  7.0167E-02  1.2826E-02  1.0383E-01  1.0316E-01
  7.0813E-02  1.3062E-02  1.0546E-01  1.0478E-01
  7.1464E-02  1.3302E-02  1.0711E-01  1.0643E-01
  7.2122E-02  1.3546E-02  1.0879E-01  1.0809E-01
  7.2785E-02  1.3795E-02  1.1049E-01  1.0978E-01
  7.3455E-02  1.4049E-02  1.1222E-01  1.1150E-01
  7.4131E-02  1.4307E-02  1.1397E-01  1.1324E-01
  7.4813E-02  1.4570E-02  1.1574E-01  1.1500E-01
  7.5501E-02  1.4837E-02  1.1754E-01  1.1679E-01
  7.6196E-02  1.5110E-02  1.1936E-01  1.1860E-01
  7.6897E-02  1.5387E-02  1.2121E-01  1.2044E-01
  7.7604E-02  1.5670E-02  1.2308E-01  1.2230E-01
  7.8318E-02  1.5958E-02  1.2498E-01  1.2419E-01
  7.9039E-02  1.6251E-02  1.2691E-01  1.2610E-01
  7.9766E-02  1.6549E-02  1.2886E-01  1.2804E-01
  8.0500E-02  1.6853E-02  1.3084E-01  1.3001E-01
  8.1240E-02  1.7162E-02  1.3285E-01  1.3200E-01
  8.1988E-02  1.7477E-02  1.3488E-01  1.3403E-01
  8.2742E-02  1.7798E-02  1.3694E-01  1.3607E-01
  8.3503E-02  1.8124E-02  1.3903E-01  1.3815E-01
  8.4271E-02  1.8457E-02  1.4114E-01  1.4025E-01
  8.5047E-02  1.8795E-02  1.4329E-01  1.4239E-01
  8.5829E-02  1.9140E-02  1.4546E-01  1.4455E-01
  8.6619E-02  1.9491E-02  1.4766E-01  1.4673E-01
  8.7415E-02  1.9848E-02  1.4989E-01  1.4895E-01
  8.8220E-02  2.0212E-02  1.5215E-01  1.5120E-01
  8.9031E-02  2.0582E-02  1.5444E-01  1.5348E-01
  8.9850E-02  2.0959E-02  1.5676E-01  1.5578E-01
  9.0677E-02  2.1343E-02  1.5911E-01  1.5812E-01
  9.1511E-02  2.1734E-02  1.6150E-01  1.6049E-01
  9.2353E-02  2.2132E-02  1.6391E-01  1.6289E-01
  9.3203E-02  2.2538E-02  1.6635E-01  1.6532E-01
  9.4060E-02  2.2950E-02  1.6882E-01  1.6778E-01
  9.4925E-02  2.3370E-02  1.7133E-01  1.7027E-01
  9.5799E-02  2.3798E-02  1.7387E-01  1.7279E-01
  9.6680E-02  2.4233E-02  1.7644E-01  1.7535E-01
  9.7570E-02  2.4677E-02  1.7904E-01  1.7793E-01
  9.8467E-02  2.5128E-02  1.8168E-01  1.8056E-01
  9.9373E-02  2.5588E-02  1.8434E-01  1.8321E-01
  1.0029E-01  2.6055E-02  1.8705E-01  1.8590E-01
  1.0121E-01  2.6532E-02  1.8978E-01  1.8862E-01
  1.0214E-01  2.7017E-02  1.9255E-01  1.9137E-01
  1.0308E-01  2.7510E-02  1.9535E-01  1.9416E-01
  1.0403E-01  2.8013E-02  1.9819E-01  1.9698E-01
  1.0499E-01  2.8525E-02  2.0106E-01  1.9984E-01
  1.0595E-01  2.9045E-02  2.0397E-01  2.0273E-01
  1.0693E-01  2.9576E-02  2.0691E-01  2.0565E-01
  1.0791E-01  3.0115E-02  2.0989E-01  2.0862E-01
  1.0890E-01  3.0665E-02  2.1290E-01  2.1161E-01
  1.0990E-01  3.1224E-02  2.1595E-01  2.1465E-01
  1.1092E-01  3.1794E-02  2.1904E-01  2.1772E-01
  1.1194E-01  3.2374E-02  2.2216E-01  2.2082E-01
  1.1297E-01  3.2964E-02  2.2532E-01  2.2396E-01
  1.1401E-01  3.3565E-02  2.2851E-01  2.2714E-01
  1.1505E-01  3.4176E-02  2.3175E-01  2.3036E-01
  1.1611E-01  3.4799E-02  2.3502E-01  2.3361E-01
  1.1718E-01  3.5432E-02  2.3832E-01  2.3690E-01
  1.1826E-01  3.6077E-02  2.4167E-01  2.4023E-01
  1.1935E-01  3.6734E-02  2.4505E-01  2.4360E-01
  1.2045E-01  3.7402E-02  2.4848E-01  2.4700E-01
  1.2155E-01  3.8083E-02  2.5194E-01  2.5044E-01
  1.2267E-01  3.8775E-02  2.5543E-01  2.5392E-01
  1.2380E-01  3.9480E-02  2.5897E-01  2.5744E-01
  1.2494E-01  4.0198E-02  2.6255E-01  2.6100E-01
  1.2609E-01  4.0928E-02  2.6617E-01  2.6460E-01
  1.2725E-01  4.1671E-02  2.6982E-01  2.6824E-01
  1.2842E-01  4.2428E-02  2.7352E-01  2.7192E-01
  1.2960E-01  4.3198E-02  2.7725E-01  2.7563E-01
  1.3079E-01  4.3981E-02  2.8103E-01  2.7939E-01
  1.3200E-01  4.4779E-02  2.8484E-01  2.8319E-01
  1.3321E-01  4.5591E-02  2.8870E-01  2.8702E-01
  1.3444E-01  4.6417E-02  2.9259E-01  2.9090E-01
  1.3567E-01  4.7258E-02  2.9653E-01  2.9482E-01
  1.3692E-01  4.8114E-02  3.0051E-01  2.9878E-01
  1.3818E-01  4.8985E-02  3.0452E-01  3.0278E-01
  1.3945E-01  4.9871E-02  3.0858E-01  3.0682E-01
  1.4073E-01  5.0774E-02  3.1268E-01  3.1090E-01
  1.4203E-01  5.1692E-02  3.1682E-01  3.1502E-01
  1.4334E-01  5.2626E-02  3.2101E-01  3.1918E-01
  1.4465E-01  5.3577E-02  3.2523E-01  3.2339E-01
  1.4599E-01  5.4544E-02  3.2949E-01  3.2763E-01
  1.4733E-01  5.5529E-02  3.3380E-01  3.3192E-01
  1.4868E-01  5.6531E-02  3.3815E-01  3.3625E-01
  1.5005E-01  5.7550E-02  3.4254E-01  3.4062E-01
  1.5143E-01  5.8588E-02  3.4697E-01  3.4503E-01
  1.5283E-01  5.9643E-02  3.5144E-01  3.4949E-01
  1.5423E-01  6.0717E-02  3.5596E-01  3.5398E-01
  1.5565E-01  6.1810E-02  3.6051E-01  3.5852E-01
  1.5708E-01  6.2922E-02  3.6511E-01  3.6310E-01
  1.5853E-01  6.4054E-02  3.6975E-01  3.6772E-01
  1.5999E-01  6.5205E-02  3.7443E-01  3.7238E-01
  1.6146E-01  6.6376E-02  3.7915E-01  3.7709E-01
  1.6294E-01  6.7568E-02  3.8392E-01  3.8183E-01
  1.6444E-01  6.8780E-02  3.8872E-01  3.8662E-01
  1.6595E-01  7.0014E-02  3.9357E-01  3.9145E-01
  1.6748E-01  7.1269E-02  3.9846E-01  3.9632E-01
  1.6902E-01  7.2545E-02  4.0339E-01  4.0123E-01
  1.7058E-01  7.3844E-02  4.0836E-01  4.0618E-01
  1.7215E-01  7.5165E-02  4.1337E-01  4.1117E-01
  1.7373E-01  7.6509E-02  4.1842E-01  4.1621E-01
  1.7533E-01  7.7877E-02  4.2351E-01  4.2128E-01
  1.7694E-01  7.9267E-02  4.2864E-01  4.2640E-01
  1.7857E-01  8.0682E-02  4.3382E-01  4.3155E-01
  1.8021E-01  8.2121E-02  4.3903E-01  4.3675E-01
  1.8187E-01  8.3585E-02  4.4428E-01  4.4199E-01
  1.8354E-01  8.5073E-02  4.4958E-01  4.4726E-01
  1.8523E-01  8.6587E-02  4.5491E-01  4.5258E-01
  1.8694E-01  8.8127E-02  4.6028E-01  4.5793E-01
  1.8866E-01  8.9694E-02  4.6569E-01  4.6333E-01
  1.9039E-01  9.1286E-02  4.7114E-01  4.6876E-01
  1.9214E-01  9.2906E-02  4.7662E-01  4.7423E-01
  1.9391E-01  9.4554E-02  4.8215E-01  4.7974E-01
  1.9569E-01  9.6229E-02  4.8771E-01  4.8528E-01
  1.9749E-01  9.7933E-02  4.9330E-01  4.9087E-01
  1.9931E-01  9.9665E-02  4.9894E-01  4.9649E-01
  2.0115E-01  1.0143E-01  5.0461E-01  5.0214E-01
  2.0300E-01  1.0322E-01  5.1032E-01  5.0784E-01
  2.0486E-01  1.0504E-01  5.1606E-01  5.1357E-01
  2.0675E-01  1.0689E-01  5.2184E-01  5.1933E-01
  2.0865E-01  1.0877E-01  5.2765E-01  5.2513E-01
  2.1057E-01  1.1069E-01  5.3350E-01  5.3096E-01
  2.1251E-01  1.1263E-01  5.3937E-01  5.3683E-01
  2.1446E-01  1.1461E-01  5.4529E-01  5.4273E-01
  2.1643E-01  1.1662E-01  5.5123E-01  5.4867E-01
  2.1843E-01  1.1867E-01  5.5721E-01  5.5463E-01
  2.2044E-01  1.2074E-01  5.6321E-01  5.6063E-01
  2.2246E-01  1.2286E-01  5.6925E-01  5.6666E-01
  2.2451E-01  1.2500E-01  5.7532E-01  5.7271E-01
  2.2658E-01  1.2718E-01  5.8141E-01  5.7880E-01
  2.2866E-01  1.2940E-01  5.8754E-01  5.8492E-01
  2.3076E-01  1.3166E-01  5.9369E-01  5.9106E-01
  2.3289E-01  1.3395E-01  5.9987E-01  5.9724E-01
  2.3503E-01  1.3627E-01  6.0607E-01  6.0344E-01
  2.3719E-01  1.3864E-01  6.1230E-01  6.0966E-01
  2.3937E-01  1.4104E-01  6.1856E-01  6.1591E-01
  2.4158E-01  1.4348E-01  6.2484E-01  6.2219E-01
  2.4380E-01  1.4596E-01  6.3114E-01  6.2848E-01
  2.4604E-01  1.4849E-01  6.3746E-01  6.3481E-01
  2.4830E-01  1.5105E-01  6.4381E-01  6.4115E-01
  2.5059E-01  1.5365E-01  6.5017E-01  6.4751E-01
  2.5289E-01  1.5629E-01  6.5655E-01  6.5390E-01
  2.5522E-01  1.5898E-01  6.6296E-01  6.6030E-01
  2.5757E-01  1.6170E-01  6.6938E-01  6.6672E-01
  2.5994E-01  1.6447E-01  6.7581E-01  6.7316E-01
  2.6233E-01  1.6728E-01  6.8226E-01  6.7961E-01
  2.6474E-01  1.7014E-01  6.8873E-01  6.8608E-01
  2.6718E-01  1.7304E-01  6.9520E-01  6.9256E-01
  2.6964E-01  1.7599E-01  7.0169E-01  6.9906E-01
  2.7212E-01  1.7898E-01  7.0819E-01  7.0557E-01
  2.7462E-01  1.8201E-01  7.1470E-01  7.1208E-01
  2.7715E-01  1.8510E-01  7.2122E-01  7.1861E-01
  2.7970E-01  1.8823E-01  7.2774E-01  7.2514E-01
  2.8227E-01  1.9140E-01  7.3427E-01  7.3169E-01
  2.8487E-01  1.9463E-01  7.4081E-01  7.3823E-01
  2.8749E-01  1.9790E-01  7.4734E-01  7.4479E-01
  2.9013E-01  2.0123E-01  7.5388E-01  7.5134E-01
  2.9280E-01  2.0460E-01  7.6042E-01  7.5790E-01
  2.9549E-01  2.0802E-01  7.6696E-01  7.6445E-01
  2.9821E-01  2.1149E-01  7.7350E-01  7.7101E-01
  3.0096E-01  2.1502E-01  7.8003E-01  7.7756E-01
  3.0373E-01  2.1859E-01  7.8656E-01  7.8411E-01
  3.0652E-01  2.2222E-01  7.9308E-01  7.9066E-01
  3.0934E-01  2.2590E-01  7.9959E-01  7.9719E-01
  3.1219E-01  2.2963E-01  8.0610E-01  8.0372E-01
  3.1506E-01  2.3341E-01  8.1259E-01  8.1024E-01
  3.1796E-01  2.3725E-01  8.1907E-01  8.1675E-01
  3.2088E-01  2.4114E-01  8.2553E-01  8.2324E-01
  3.2383E-01  2.4509E-01  8.3198E-01  8.2972E-01
  3.2681E-01  2.4909E-01  8.3841E-01  8.3619E-01
  3.2982E-01  2.5315E-01  8.4483E-01  8.4263E-01
  3.3285E-01  2.5726E-01  8.5122E-01  8.4906E-01
  3.3591E-01  2.6143E-01  8.5758E-01  8.5546E-01
  3.3901E-01  2.6565E-01  8.6393E-01  8.6185E-01
  3.4212E-01  2.6993E-01  8.7024E-01  8.6820E-01
  3.4527E-01  2.7427E-01  8.7653E-01  8.7453E-01
  3.4845E-01  2.7867E-01  8.8279E-01  8.8084E-01
  3.5165E-01  2.8312E-01  8.8902E-01  8.8711E-01
  3.5489E-01  2.8763E-01  8.9521E-01  8.9335E-01
  3.5815E-01  2.9220E-01  9.0137E-01  8.9955E-01
  3.6145E-01  2.9683E-01  9.0749E-01  9.0572E-01
  3.6477E-01  3.0151E-01  9.1357E-01  9.1186E-01
  3.6813E-01  3.0626E-01  9.1960E-01  9.1795E-01
  3.7152E-01  3.1106E-01  9.2560E-01  9.2400E-01
  3.7493E-01  3.1592E-01  9.3155E-01  9.3001E-01
  3.7838E-01  3.2084E-01  9.3745E-01  9.3597E-01
  3.8186E-01  3.2582E-01  9.4331E-01  9.4189E-01
  3.8538E-01  3.3086E-01  9.4911E-01  9.4775E-01
  3.8892E-01  3.3596E-01  9.5486E-01  9.5357E-01
  3.9250E-01  3.4112E-01  9.6055E-01  9.5933E-01
  3.9611E-01  3.4634E-01  9.6619E-01  9.6503E-01
  3.9976E-01  3.5161E-01  9.7176E-01  9.7068E-01
  4.0343E-01  3.5694E-01  9.7728E-01  9.7627E-01
  4.0714E-01  3.6234E-01  9.8273E-01  9.8179E-01
  4.1089E-01  3.6779E-01  9.8811E-01  9.8725E-01
  4.1467E-01  3.7330E-01  9.9343E-01  9.9265E-01
  4.1849E-01  3.7886E-01  9.9867E-01  9.9797E-01
  4.2234E-01  3.8449E-01  1.0038E+00  1.0032E+00
  4.2622E-01  3.9017E-01  1.0089E+00  1.0084E+00
  4.3014E-01  3.9590E-01  1.0140E+00  1.0135E+00
  4.3410E-01  4.0170E-01  1.0189E+00  1.0185E+00
  4.3809E-01  4.0755E-01  1.0238E+00  1.0235E+00
  4.4212E-01  4.1345E-01  1.0285E+00  1.0284E+00
  4.4619E-01  4.1941E-01  1.0332E+00  1.0331E+00
  4.5030E-01  4.2542E-01  1.0378E+00  1.0378E+00
  4.5444E-01  4.3148E-01  1.0424E+00  1.0425E+00
  4.5862E-01  4.3759E-01  1.0468E+00  1.0470E+00
  4.6284E-01  4.4376E-01  1.0511E+00  1.0514E+00
  4.6710E-01  4.4997E-01  1.0553E+00  1.0557E+00
  4.7139E-01  4.5624E-01  1.0595E+00  1.0600E+00
  4.7573E-01  4.6255E-01  1.0635E+00  1.0641E+00
  4.8011E-01  4.6890E-01  1.0674E+00  1.0681E+00
  4.8452E-01  4.7531E-01  1.0712E+00  1.0720E+00
  4.8898E-01  4.8175E-01  1.0749E+00  1.0759E+00
  4.9348E-01  4.8824E-01  1.0785E+00  1.0796E+00
  4.9802E-01  4.9477E-01  1.0820E+00  1.0832E+00
  5.0260E-01  5.0133E-01  1.0854E+00  1.0867E+00
  5.0722E-01  5.0793E-01  1.0887E+00  1.0900E+00
  5.1189E-01  5.1457E-01  1.0918E+00  1.0933E+00
  5.1660E-01  5.2124E-01  1.0948E+00  1.0964E+00
  5.2135E-01  5.2795E-01  1.0977E+00  1.0994E+00
  5.2615E-01  5.3468E-01  1.1005E+00  1.1023E+00
  5.3099E-01  5.4143E-01  1.1031E+00  1.1051E+00
  5.3587E-01  5.4822E-01  1.1057E+00  1.1077E+00
  5.4080E-01  5.5502E-01  1.1080E+00  1.1102E+00
  5.4578E-01  5.6184E-01  1.1103E+00  1.1126E+00
  5.5080E-01  5.6868E-01  1.1124E+00  1.1148E+00
  5.5587E-01  5.7554E-01  1.1144E+00  1.1169E+00
  5.6098E-01  5.8240E-01  1.1162E+00  1.1189E+00
  5.6614E-01  5.8927E-01  1.1179E+00  1.1207E+00
  5.7135E-01  5.9615E-01  1.1195E+00  1.1224E+00
  5.7661E-01  6.0302E-01  1.1209E+00  1.1239E+00
  5.8191E-01  6.0990E-01  1.1221E+00  1.1253E+00
  5.8727E-01  6.1677E-01  1.1233E+00  1.1265E+00
  5.9267E-01  6.2363E-01  1.1242E+00  1.1276E+00
  5.9812E-01  6.3048E-01  1.1250E+00  1.1285E+00
  6.0362E-01  6.3730E-01  1.1257E+00  1.1293E+00
  6.0918E-01  6.4411E-01  1.1262E+00  1.1299E+00
  6.1478E-01  6.5089E-01  1.1265E+00  1.1304E+00
  6.2044E-01  6.5765E-01  1.1267E+00  1.1307E+00
  6.2614E-01  6.6436E-01  1.1268E+00  1.1308E+00
  6.3190E-01  6.7104E-01  1.1266E+00  1.1308E+00
  6.3772E-01  6.7767E-01  1.1263E+00  1.1306E+00
  6.4358E-01  6.8426E-01  1.1259E+00  1.1302E+00
  6.4951E-01  6.9078E-01  1.1252E+00  1.1297E+00
  6.5548E-01  6.9725E-01  1.1244E+00  1.1290E+00
  6.6151E-01  7.0366E-01  1.1235E+00  1.1281E+00
  6.6760E-01  7.0999E-01  1.1223E+00  1.1271E+00
  6.7374E-01  7.1625E-01  1.1210E+00  1.1259E+00
  6.7994E-01  7.2242E-01  1.1196E+00  1.1245E+00
  6.8619E-01  7.2851E-01  1.1179E+00  1.1229E+00
  6.9250E-01  7.3450E-01  1.1161E+00  1.1212E+00
  6.9888E-01  7.4038E-01  1.1141E+00  1.1192E+00
  7.0530E-01  7.4617E-01  1.1119E+00  1.1171E+00
  7.1179E-01  7.5183E-01  1.1095E+00  1.1148E+00
  7.1834E-01  7.5738E-01  1.1070E+00  1.1124E+00
  7.2495E-01  7.6280E-01  1.1043E+00  1.1097E+00
  7.3162E-01  7.6808E-01  1.1014E+00  1.1068E+00
  7.3835E-01  7.7322E-01  1.0983E+00  1.1038E+00
  7.4514E-01  7.7821E-01  1.0950E+00  1.1006E+00
  7.5200E-01  7.8305E-01  1.0916E+00  1.0972E+00
  7.5892E-01  7.8772E-01  1.0879E+00  1.0936E+00
  7.6590E-01  7.9221E-01  1.0841E+00  1.0898E+00
  7.7294E-01  7.9653E-01  1.0801E+00  1.0858E+00
  7.8005E-01  8.0066E-01  1.0759E+00  1.0816E+00
  7.8723E-01  8.0459E-01  1.0715E+00  1.0773E+00
  7.9447E-01  8.0833E-01  1.0669E+00  1.0727E+00
  8.0178E-01  8.1184E-01  1.0622E+00  1.0679E+00
  8.0916E-01  8.1514E-01  1.0572E+00  1.0630E+00
  8.1660E-01  8.1822E-01  1.0521E+00  1.0578E+00
  8.2412E-01  8.2105E-01  1.0468E+00  1.0525E+00
  8.3170E-01  8.2364E-01  1.0412E+00  1.0469E+00
  8.3935E-01  8.2598E-01  1.0355E+00  1.0412E+00
  8.4707E-01  8.2806E-01  1.0296E+00  1.0353E+00
  8.5486E-01  8.2987E-01  1.0235E+00  1.0291E+00
  8.6273E-01  8.3140E-01  1.0172E+00  1.0228E+00
  8.7066E-01  8.3265E-01  1.0107E+00  1.0162E+00
  8.7867E-01  8.3360E-01  1.0041E+00  1.0095E+00
  8.8676E-01  8.3425E-01  9.9720E-01  1.0026E+00
  8.9492E-01  8.3460E-01  9.9013E-01  9.9543E-01
  9.0315E-01  8.3462E-01  9.8287E-01  9.8809E-01
  9.1146E-01  8.3433E-01  9.7541E-01  9.8055E-01
  9.1984E-01  8.3370E-01  9.6776E-01  9.7281E-01
  9.2830E-01  8.3273E-01  9.5991E-01  9.6486E-01
  9.3684E-01  8.3142E-01  9.5186E-01  9.5672E-01
  9.4546E-01  8.2975E-01  9.4362E-01  9.4837E-01
  9.5416E-01  8.2773E-01  9.3518E-01  9.3982E-01
  9.6294E-01  8.2534E-01  9.2655E-01  9.3107E-01
  9.7180E-01  8.2258E-01  9.1771E-01  9.2212E-01
  9.8074E-01  8.1944E-01  9.0868E-01  9.1296E-01
  9.8976E-01  8.1592E-01  8.9945E-01  9.0361E-01
  9.9887E-01  8.1202E-01  8.9002E-01  8.9405E-01
  1.0081E+00  8.0772E-01  8.8040E-01  8.8429E-01
  1.0173E+00  8.0304E-01  8.7057E-01  8.7433E-01
  1.0267E+00  7.9795E-01  8.6055E-01  8.6416E-01
  1.0361E+00  7.9246E-01  8.5032E-01  8.5380E-01
  1.0457E+00  7.8656E-01  8.3990E-01  8.4324E-01
  1.0553E+00  7.8027E-01  8.2928E-01  8.3247E-01
  1.0650E+00  7.7356E-01  8.1845E-01  8.2150E-01
  1.0748E+00  7.6645E-01  8.0743E-01  8.1033E-01
  1.0847E+00  7.5892E-01  7.9620E-01  7.9897E-01
  1.0947E+00  7.5099E-01  7.8478E-01  7.8740E-01
  1.1047E+00  7.4266E-01  7.7315E-01  7.7563E-01
  1.1149E+00  7.3391E-01  7.6132E-01  7.6366E-01
  1.1251E+00  7.2477E-01  7.4929E-01  7.5149E-01
  1.1355E+00  7.1522E-01  7.3706E-01  7.3913E-01
  1.1459E+00  7.0528E-01  7.2462E-01  7.2656E-01
  1.1565E+00  6.9494E-01  7.1198E-01  7.1380E-01
  1.1671E+00  6.8422E-01  6.9914E-01  7.0083E-01
  1.1779E+00  6.7311E-01  6.8610E-01  6.8767E-01
  1.1887E+00  6.6163E-01  6.7286E-01  6.7431E-01
  1.1996E+00  6.4978E-01  6.5941E-01  6.6075E-01
  1.2107E+00  6.3756E-01  6.4576E-01  6.4700E-01
  1.2218E+00  6.2499E-01  6.3191E-01  6.3305E-01
  1.2331E+00  6.1207E-01  6.1786E-01  6.1890E-01
  1.2444E+00  5.9882E-01  6.0360E-01  6.0456E-01
  1.2558E+00  5.8523E-01  5.8915E-01  5.9002E-01
  1.2674E+00  5.7132E-01  5.7449E-01  5.7528E-01
  1.2791E+00  5.5711E-01  5.5963E-01  5.6035E-01
  1.2908E+00  5.4259E-01  5.4457E-01  5.4522E-01
  1.3027E+00  5.2779E-01  5.2931E-01  5.2990E-01
  1.3147E+00  5.1270E-01  5.1385E-01  5.1438E-01
  1.3268E+00  4.9734E-01  4.9819E-01  4.9867E-01
  1.3390E+00  4.8172E-01  4.8233E-01  4.8276E-01
  1.3513E+00  4.6585E-01  4.6627E-01  4.6666E-01
  1.3637E+00  4.4973E-01  4.5002E-01  4.5037E-01
  1.3763E+00  4.3339E-01  4.3357E-01  4.3388E-01
  1.3889E+00  4.1681E-01  4.1693E-01  4.1720E-01
  1.4017E+00  4.0002E-01  4.0009E-01  4.0032E-01
  1.4146E+00  3.8302E-01  3.8305E-01  3.8326E-01
  1.4276E+00  3.6581E-01  3.6582E-01  3.6600E-01
  1.4408E+00  3.4839E-01  3.4840E-01  3.4855E-01
  1.4540E+00  3.3078E-01  3.3078E-01  3.3090E-01
  1.4674E+00  3.1298E-01  3.1298E-01  3.1306E-01
  1.4809E+00  2.9498E-01  2.9498E-01  2.9504E-01
  1.4945E+00  2.7678E-01  2.7678E-01  2.7681E-01
  1.5083E+00  2.5840E-01  2.5840E-01  2.5840E-01
  1.5221E+00  2.3983E-01  2.3983E-01  2.3980E-01
  1.5361E+00  2.2106E-01  2.2106E-01  2.2100E-01
  1.5503E+00  2.0210E-01  2.0210E-01  2.0201E-01
  1.5645E+00  1.8295E-01  1.8295E-01  1.8283E-01
  1.5789E+00  1.6361E-01  1.6361E-01  1.6346E-01
  1.5935E+00  1.4408E-01  1.4408E-01  1.4389E-01
  1.6081E+00  1.2436E-01  1.2436E-01  1.2414E-01
  1.6229E+00  1.0444E-01  1.0444E-01  1.0419E-01
  1.6378E+00  8.4333E-02  8.4333E-02  8.4051E-02
  1.6529E+00  6.4035E-02  6.4035E-02  6.3720E-02
