 # l=           2 energy=  -5.00000000000000     
  0.0000E+00  0.0000E+00  0.0000E+00  0.0000E+00
  1.0222E-08  5.4283E-25  5.4283E-25  1.4537E-24
  2.0538E-08  4.4029E-24  4.4029E-24  1.1791E-23
  3.0949E-08  1.5066E-23  1.5066E-23  4.0348E-23
  4.1455E-08  3.6209E-23  3.6209E-23  9.6969E-23
  5.2059E-08  7.1705E-23  7.1705E-23  1.9203E-22
  6.2759E-08  1.2563E-22  1.2563E-22  3.3646E-22
  7.3559E-08  2.0229E-22  2.0229E-22  5.4175E-22
  8.4457E-08  3.0619E-22  3.0619E-22  8.1998E-22
  9.5456E-08  4.4206E-22  4.4206E-22  1.1839E-21
  1.0656E-07  6.1491E-22  6.1491E-22  1.6468E-21
  1.1776E-07  8.2994E-22  8.2994E-22  2.2226E-21
  1.2906E-07  1.0927E-21  1.0927E-21  2.9262E-21
  1.4047E-07  1.4088E-21  1.4088E-21  3.7729E-21
  1.5199E-07  1.7844E-21  1.7844E-21  4.7787E-21
  1.6361E-07  2.2258E-21  2.2258E-21  5.9608E-21
  1.7533E-07  2.7395E-21  2.7395E-21  7.3366E-21
  1.8717E-07  3.3325E-21  3.3325E-21  8.9248E-21
  1.9911E-07  4.0121E-21  4.0121E-21  1.0745E-20
  2.1117E-07  4.7857E-21  4.7857E-21  1.2817E-20
  2.2333E-07  5.6614E-21  5.6614E-21  1.5162E-20
  2.3561E-07  6.6472E-21  6.6472E-21  1.7802E-20
  2.4800E-07  7.7520E-21  7.7520E-21  2.0760E-20
  2.6050E-07  8.9846E-21  8.9846E-21  2.4061E-20
  2.7312E-07  1.0354E-20  1.0354E-20  2.7730E-20
  2.8585E-07  1.1871E-20  1.1871E-20  3.1792E-20
  2.9871E-07  1.3546E-20  1.3546E-20  3.6276E-20
  3.1168E-07  1.5388E-20  1.5388E-20  4.1210E-20
  3.2476E-07  1.7409E-20  1.7409E-20  4.6623E-20
  3.3797E-07  1.9621E-20  1.9621E-20  5.2546E-20
  3.5131E-07  2.2036E-20  2.2036E-20  5.9013E-20
  3.6476E-07  2.4666E-20  2.4666E-20  6.6056E-20
  3.7834E-07  2.7524E-20  2.7524E-20  7.3710E-20
  3.9204E-07  3.0624E-20  3.0624E-20  8.2013E-20
  4.0587E-07  3.3980E-20  3.3980E-20  9.1001E-20
  4.1982E-07  3.7607E-20  3.7607E-20  1.0071E-19
  4.3391E-07  4.1521E-20  4.1521E-20  1.1119E-19
  4.4812E-07  4.5736E-20  4.5736E-20  1.2248E-19
  4.6247E-07  5.0270E-20  5.0270E-20  1.3463E-19
  4.7694E-07  5.5140E-20  5.5140E-20  1.4767E-19
  4.9155E-07  6.0364E-20  6.0364E-20  1.6166E-19
  5.0630E-07  6.5961E-20  6.5961E-20  1.7665E-19
  5.2118E-07  7.1949E-20  7.1949E-20  1.9268E-19
  5.3619E-07  7.8349E-20  7.8349E-20  2.0982E-19
  5.5135E-07  8.5182E-20  8.5182E-20  2.2812E-19
  5.6664E-07  9.2469E-20  9.2469E-20  2.4764E-19
  5.8208E-07  1.0023E-19  1.0023E-19  2.6843E-19
  5.9765E-07  1.0850E-19  1.0850E-19  2.9056E-19
  6.1337E-07  1.1729E-19  1.1729E-19  3.1410E-19
  6.2924E-07  1.2662E-19  1.2662E-19  3.3911E-19
  6.4525E-07  1.3654E-19  1.3654E-19  3.6566E-19
  6.6141E-07  1.4705E-19  1.4705E-19  3.9382E-19
  6.7771E-07  1.5820E-19  1.5820E-19  4.2367E-19
  6.9417E-07  1.7001E-19  1.7001E-19  4.5529E-19
  7.1078E-07  1.8250E-19  1.8250E-19  4.8876E-19
  7.2754E-07  1.9572E-19  1.9572E-19  5.2416E-19
  7.4445E-07  2.0969E-19  2.0969E-19  5.6157E-19
  7.6153E-07  2.2445E-19  2.2445E-19  6.0110E-19
  7.7875E-07  2.4003E-19  2.4003E-19  6.4282E-19
  7.9614E-07  2.5647E-19  2.5647E-19  6.8684E-19
  8.1369E-07  2.7380E-19  2.7380E-19  7.3326E-19
  8.3139E-07  2.9207E-19  2.9207E-19  7.8219E-19
  8.4926E-07  3.1131E-19  3.1131E-19  8.3372E-19
  8.6730E-07  3.3157E-19  3.3157E-19  8.8797E-19
  8.8550E-07  3.5289E-19  3.5289E-19  9.4505E-19
  9.0387E-07  3.7531E-19  3.7531E-19  1.0051E-18
  9.2240E-07  3.9887E-19  3.9887E-19  1.0682E-18
  9.4111E-07  4.2364E-19  4.2364E-19  1.1345E-18
  9.5999E-07  4.4965E-19  4.4965E-19  1.2042E-18
  9.7905E-07  4.7696E-19  4.7696E-19  1.2773E-18
  9.9827E-07  5.0562E-19  5.0562E-19  1.3541E-18
  1.0177E-06  5.3568E-19  5.3568E-19  1.4346E-18
  1.0373E-06  5.6720E-19  5.6720E-19  1.5190E-18
  1.0570E-06  6.0025E-19  6.0025E-19  1.6075E-18
  1.0770E-06  6.3488E-19  6.3488E-19  1.7002E-18
  1.0971E-06  6.7114E-19  6.7114E-19  1.7974E-18
  1.1174E-06  7.0912E-19  7.0912E-19  1.8991E-18
  1.1379E-06  7.4887E-19  7.4887E-19  2.0055E-18
  1.1586E-06  7.9047E-19  7.9047E-19  2.1169E-18
  1.1795E-06  8.3398E-19  8.3398E-19  2.2335E-18
  1.2006E-06  8.7949E-19  8.7949E-19  2.3553E-18
  1.2218E-06  9.2706E-19  9.2706E-19  2.4827E-18
  1.2433E-06  9.7677E-19  9.7677E-19  2.6159E-18
  1.2650E-06  1.0287E-18  1.0287E-18  2.7550E-18
  1.2868E-06  1.0830E-18  1.0830E-18  2.9003E-18
  1.3089E-06  1.1396E-18  1.1396E-18  3.0520E-18
  1.3311E-06  1.1988E-18  1.1988E-18  3.2104E-18
  1.3536E-06  1.2605E-18  1.2605E-18  3.3757E-18
  1.3763E-06  1.3249E-18  1.3249E-18  3.5482E-18
  1.3992E-06  1.3921E-18  1.3921E-18  3.7282E-18
  1.4223E-06  1.4622E-18  1.4622E-18  3.9158E-18
  1.4456E-06  1.5353E-18  1.5353E-18  4.1115E-18
  1.4691E-06  1.6114E-18  1.6114E-18  4.3155E-18
  1.4928E-06  1.6908E-18  1.6908E-18  4.5281E-18
  1.5168E-06  1.7735E-18  1.7735E-18  4.7496E-18
  1.5410E-06  1.8597E-18  1.8597E-18  4.9803E-18
  1.5654E-06  1.9494E-18  1.9494E-18  5.2207E-18
  1.5900E-06  2.0429E-18  2.0429E-18  5.4709E-18
  1.6148E-06  2.1402E-18  2.1402E-18  5.7315E-18
  1.6399E-06  2.2414E-18  2.2414E-18  6.0027E-18
  1.6652E-06  2.3468E-18  2.3468E-18  6.2849E-18
  1.6908E-06  2.4565E-18  2.4565E-18  6.5785E-18
  1.7165E-06  2.5705E-18  2.5705E-18  6.8840E-18
  1.7425E-06  2.6892E-18  2.6892E-18  7.2018E-18
  1.7688E-06  2.8126E-18  2.8126E-18  7.5322E-18
  1.7953E-06  2.9409E-18  2.9409E-18  7.8758E-18
  1.8220E-06  3.0742E-18  3.0742E-18  8.2329E-18
  1.8490E-06  3.2128E-18  3.2128E-18  8.6041E-18
  1.8762E-06  3.3569E-18  3.3569E-18  8.9899E-18
  1.9037E-06  3.5066E-18  3.5066E-18  9.3908E-18
  1.9315E-06  3.6621E-18  3.6621E-18  9.8073E-18
  1.9595E-06  3.8236E-18  3.8236E-18  1.0240E-17
  1.9877E-06  3.9914E-18  3.9914E-18  1.0689E-17
  2.0162E-06  4.1656E-18  4.1656E-18  1.1156E-17
  2.0450E-06  4.3465E-18  4.3465E-18  1.1640E-17
  2.0740E-06  4.5343E-18  4.5343E-18  1.2143E-17
  2.1033E-06  4.7292E-18  4.7292E-18  1.2665E-17
  2.1329E-06  4.9315E-18  4.9315E-18  1.3207E-17
  2.1627E-06  5.1414E-18  5.1414E-18  1.3769E-17
  2.1928E-06  5.3592E-18  5.3592E-18  1.4352E-17
  2.2232E-06  5.5851E-18  5.5851E-18  1.4957E-17
  2.2539E-06  5.8195E-18  5.8195E-18  1.5585E-17
  2.2849E-06  6.0626E-18  6.0626E-18  1.6236E-17
  2.3161E-06  6.3147E-18  6.3147E-18  1.6911E-17
  2.3476E-06  6.5761E-18  6.5761E-18  1.7611E-17
  2.3795E-06  6.8472E-18  6.8472E-18  1.8337E-17
  2.4116E-06  7.1282E-18  7.1282E-18  1.9090E-17
  2.4440E-06  7.4194E-18  7.4194E-18  1.9870E-17
  2.4767E-06  7.7213E-18  7.7213E-18  2.0678E-17
  2.5097E-06  8.0341E-18  8.0341E-18  2.1516E-17
  2.5430E-06  8.3583E-18  8.3583E-18  2.2384E-17
  2.5766E-06  8.6942E-18  8.6942E-18  2.3283E-17
  2.6106E-06  9.0421E-18  9.0421E-18  2.4215E-17
  2.6448E-06  9.4026E-18  9.4026E-18  2.5181E-17
  2.6793E-06  9.7759E-18  9.7759E-18  2.6180E-17
  2.7142E-06  1.0163E-17  1.0163E-17  2.7216E-17
  2.7494E-06  1.0563E-17  1.0563E-17  2.8288E-17
  2.7849E-06  1.0978E-17  1.0978E-17  2.9399E-17
  2.8208E-06  1.1407E-17  1.1407E-17  3.0549E-17
  2.8569E-06  1.1852E-17  1.1852E-17  3.1739E-17
  2.8934E-06  1.2312E-17  1.2312E-17  3.2971E-17
  2.9303E-06  1.2788E-17  1.2788E-17  3.4247E-17
  2.9675E-06  1.3281E-17  1.3281E-17  3.5567E-17
  3.0050E-06  1.3791E-17  1.3791E-17  3.6933E-17
  3.0429E-06  1.4319E-17  1.4319E-17  3.8347E-17
  3.0811E-06  1.4865E-17  1.4865E-17  3.9810E-17
  3.1196E-06  1.5431E-17  1.5431E-17  4.1324E-17
  3.1586E-06  1.6015E-17  1.6015E-17  4.2890E-17
  3.1978E-06  1.6620E-17  1.6620E-17  4.4510E-17
  3.2375E-06  1.7246E-17  1.7246E-17  4.6186E-17
  3.2775E-06  1.7893E-17  1.7893E-17  4.7919E-17
  3.3179E-06  1.8563E-17  1.8563E-17  4.9712E-17
  3.3586E-06  1.9255E-17  1.9255E-17  5.1566E-17
  3.3997E-06  1.9971E-17  1.9971E-17  5.3483E-17
  3.4412E-06  2.0711E-17  2.0711E-17  5.5466E-17
  3.4831E-06  2.1477E-17  2.1477E-17  5.7516E-17
  3.5254E-06  2.2268E-17  2.2268E-17  5.9635E-17
  3.5680E-06  2.3086E-17  2.3086E-17  6.1826E-17
  3.6111E-06  2.3932E-17  2.3932E-17  6.4091E-17
  3.6545E-06  2.4806E-17  2.4806E-17  6.6432E-17
  3.6984E-06  2.5710E-17  2.5710E-17  6.8852E-17
  3.7426E-06  2.6644E-17  2.6644E-17  7.1352E-17
  3.7873E-06  2.7609E-17  2.7609E-17  7.3937E-17
  3.8323E-06  2.8606E-17  2.8606E-17  7.6608E-17
  3.8778E-06  2.9636E-17  2.9636E-17  7.9367E-17
  3.9237E-06  3.0701E-17  3.0701E-17  8.2219E-17
  3.9700E-06  3.1801E-17  3.1801E-17  8.5165E-17
  4.0168E-06  3.2938E-17  3.2938E-17  8.8209E-17
  4.0639E-06  3.4112E-17  3.4112E-17  9.1354E-17
  4.1115E-06  3.5325E-17  3.5325E-17  9.4602E-17
  4.1596E-06  3.6578E-17  3.6578E-17  9.7957E-17
  4.2081E-06  3.7872E-17  3.7872E-17  1.0142E-16
  4.2570E-06  3.9209E-17  3.9209E-17  1.0500E-16
  4.3064E-06  4.0589E-17  4.0589E-17  1.0870E-16
  4.3562E-06  4.2015E-17  4.2015E-17  1.1252E-16
  4.4065E-06  4.3487E-17  4.3487E-17  1.1646E-16
  4.4573E-06  4.5008E-17  4.5008E-17  1.2053E-16
  4.5085E-06  4.6577E-17  4.6577E-17  1.2474E-16
  4.5602E-06  4.8198E-17  4.8198E-17  1.2908E-16
  4.6124E-06  4.9871E-17  4.9871E-17  1.3356E-16
  4.6651E-06  5.1599E-17  5.1599E-17  1.3818E-16
  4.7182E-06  5.3382E-17  5.3382E-17  1.4296E-16
  4.7718E-06  5.5223E-17  5.5223E-17  1.4789E-16
  4.8259E-06  5.7124E-17  5.7124E-17  1.5298E-16
  4.8806E-06  5.9085E-17  5.9085E-17  1.5823E-16
  4.9357E-06  6.1110E-17  6.1110E-17  1.6365E-16
  4.9913E-06  6.3200E-17  6.3200E-17  1.6925E-16
  5.0474E-06  6.5356E-17  6.5356E-17  1.7503E-16
  5.1041E-06  6.7582E-17  6.7582E-17  1.8099E-16
  5.1613E-06  6.9879E-17  6.9879E-17  1.8714E-16
  5.2190E-06  7.2249E-17  7.2249E-17  1.9348E-16
  5.2772E-06  7.4694E-17  7.4694E-17  2.0003E-16
  5.3360E-06  7.7218E-17  7.7218E-17  2.0679E-16
  5.3953E-06  7.9821E-17  7.9821E-17  2.1376E-16
  5.4552E-06  8.2508E-17  8.2508E-17  2.2096E-16
  5.5156E-06  8.5279E-17  8.5279E-17  2.2838E-16
  5.5765E-06  8.8138E-17  8.8138E-17  2.3604E-16
  5.6381E-06  9.1088E-17  9.1088E-17  2.4393E-16
  5.7001E-06  9.4130E-17  9.4130E-17  2.5208E-16
  5.7628E-06  9.7269E-17  9.7269E-17  2.6049E-16
  5.8260E-06  1.0051E-16  1.0051E-16  2.6916E-16
  5.8899E-06  1.0385E-16  1.0385E-16  2.7810E-16
  5.9543E-06  1.0729E-16  1.0729E-16  2.8732E-16
  6.0193E-06  1.1084E-16  1.1084E-16  2.9684E-16
  6.0849E-06  1.1451E-16  1.1451E-16  3.0665E-16
  6.1511E-06  1.1828E-16  1.1828E-16  3.1677E-16
  6.2179E-06  1.2218E-16  1.2218E-16  3.2720E-16
  6.2853E-06  1.2620E-16  1.2620E-16  3.3796E-16
  6.3534E-06  1.3034E-16  1.3034E-16  3.4905E-16
  6.4220E-06  1.3461E-16  1.3461E-16  3.6050E-16
  6.4913E-06  1.3902E-16  1.3902E-16  3.7229E-16
  6.5613E-06  1.4356E-16  1.4356E-16  3.8446E-16
  6.6319E-06  1.4824E-16  1.4824E-16  3.9700E-16
  6.7031E-06  1.5307E-16  1.5307E-16  4.0993E-16
  6.7750E-06  1.5805E-16  1.5805E-16  4.2326E-16
  6.8475E-06  1.6318E-16  1.6318E-16  4.3700E-16
  6.9207E-06  1.6847E-16  1.6847E-16  4.5117E-16
  6.9946E-06  1.7393E-16  1.7393E-16  4.6578E-16
  7.0692E-06  1.7955E-16  1.7955E-16  4.8083E-16
  7.1445E-06  1.8534E-16  1.8534E-16  4.9635E-16
  7.2204E-06  1.9132E-16  1.9132E-16  5.1235E-16
  7.2971E-06  1.9748E-16  1.9748E-16  5.2884E-16
  7.3744E-06  2.0382E-16  2.0382E-16  5.4584E-16
  7.4525E-06  2.1036E-16  2.1036E-16  5.6336E-16
  7.5313E-06  2.1711E-16  2.1711E-16  5.8141E-16
  7.6108E-06  2.2406E-16  2.2406E-16  6.0002E-16
  7.6910E-06  2.3122E-16  2.3122E-16  6.1920E-16
  7.7720E-06  2.3860E-16  2.3860E-16  6.3897E-16
  7.8537E-06  2.4620E-16  2.4620E-16  6.5933E-16
  7.9362E-06  2.5404E-16  2.5404E-16  6.8032E-16
  8.0194E-06  2.6212E-16  2.6212E-16  7.0195E-16
  8.1034E-06  2.7044E-16  2.7044E-16  7.2424E-16
  8.1882E-06  2.7902E-16  2.7902E-16  7.4721E-16
  8.2737E-06  2.8786E-16  2.8786E-16  7.7088E-16
  8.3601E-06  2.9696E-16  2.9696E-16  7.9526E-16
  8.4472E-06  3.0634E-16  3.0634E-16  8.2039E-16
  8.5351E-06  3.1601E-16  3.1601E-16  8.4628E-16
  8.6239E-06  3.2597E-16  3.2597E-16  8.7295E-16
  8.7134E-06  3.3623E-16  3.3623E-16  9.0043E-16
  8.8038E-06  3.4680E-16  3.4680E-16  9.2874E-16
  8.8950E-06  3.5770E-16  3.5770E-16  9.5791E-16
  8.9871E-06  3.6892E-16  3.6892E-16  9.8795E-16
  9.0800E-06  3.8048E-16  3.8048E-16  1.0189E-15
  9.1737E-06  3.9238E-16  3.9238E-16  1.0508E-15
  9.2684E-06  4.0465E-16  4.0465E-16  1.0836E-15
  9.3638E-06  4.1729E-16  4.1729E-16  1.1175E-15
  9.4602E-06  4.3030E-16  4.3030E-16  1.1523E-15
  9.5575E-06  4.4371E-16  4.4371E-16  1.1883E-15
  9.6556E-06  4.5752E-16  4.5752E-16  1.2252E-15
  9.7547E-06  4.7175E-16  4.7175E-16  1.2633E-15
  9.8546E-06  4.8640E-16  4.8640E-16  1.3026E-15
  9.9555E-06  5.0149E-16  5.0149E-16  1.3430E-15
  1.0057E-05  5.1703E-16  5.1703E-16  1.3846E-15
  1.0160E-05  5.3304E-16  5.3304E-16  1.4275E-15
  1.0264E-05  5.4953E-16  5.4953E-16  1.4716E-15
  1.0368E-05  5.6651E-16  5.6651E-16  1.5171E-15
  1.0474E-05  5.8400E-16  5.8400E-16  1.5639E-15
  1.0581E-05  6.0201E-16  6.0201E-16  1.6122E-15
  1.0688E-05  6.2055E-16  6.2055E-16  1.6618E-15
  1.0797E-05  6.3965E-16  6.3965E-16  1.7130E-15
  1.0906E-05  6.5932E-16  6.5932E-16  1.7656E-15
  1.1017E-05  6.7958E-16  6.7958E-16  1.8199E-15
  1.1128E-05  7.0043E-16  7.0043E-16  1.8757E-15
  1.1241E-05  7.2191E-16  7.2191E-16  1.9333E-15
  1.1355E-05  7.4403E-16  7.4403E-16  1.9925E-15
  1.1469E-05  7.6680E-16  7.6680E-16  2.0535E-15
  1.1585E-05  7.9025E-16  7.9025E-16  2.1163E-15
  1.1702E-05  8.1439E-16  8.1439E-16  2.1809E-15
  1.1820E-05  8.3925E-16  8.3925E-16  2.2475E-15
  1.1939E-05  8.6485E-16  8.6485E-16  2.3160E-15
  1.2059E-05  8.9120E-16  8.9120E-16  2.3866E-15
  1.2180E-05  9.1833E-16  9.1833E-16  2.4593E-15
  1.2302E-05  9.4627E-16  9.4627E-16  2.5341E-15
  1.2426E-05  9.7503E-16  9.7503E-16  2.6111E-15
  1.2550E-05  1.0046E-15  1.0046E-15  2.6904E-15
  1.2676E-05  1.0351E-15  1.0351E-15  2.7720E-15
  1.2803E-05  1.0665E-15  1.0665E-15  2.8561E-15
  1.2931E-05  1.0988E-15  1.0988E-15  2.9426E-15
  1.3060E-05  1.1321E-15  1.1321E-15  3.0317E-15
  1.3190E-05  1.1663E-15  1.1663E-15  3.1234E-15
  1.3322E-05  1.2016E-15  1.2016E-15  3.2178E-15
  1.3454E-05  1.2379E-15  1.2379E-15  3.3150E-15
  1.3588E-05  1.2752E-15  1.2752E-15  3.4150E-15
  1.3724E-05  1.3137E-15  1.3137E-15  3.5180E-15
  1.3860E-05  1.3533E-15  1.3533E-15  3.6240E-15
  1.3998E-05  1.3940E-15  1.3940E-15  3.7331E-15
  1.4137E-05  1.4359E-15  1.4359E-15  3.8454E-15
  1.4277E-05  1.4791E-15  1.4791E-15  3.9610E-15
  1.4419E-05  1.5236E-15  1.5236E-15  4.0800E-15
  1.4562E-05  1.5693E-15  1.5693E-15  4.2025E-15
  1.4706E-05  1.6164E-15  1.6164E-15  4.3286E-15
  1.4851E-05  1.6648E-15  1.6648E-15  4.4583E-15
  1.4998E-05  1.7147E-15  1.7147E-15  4.5919E-15
  1.5146E-05  1.7660E-15  1.7660E-15  4.7293E-15
  1.5296E-05  1.8189E-15  1.8189E-15  4.8708E-15
  1.5447E-05  1.8732E-15  1.8732E-15  5.0165E-15
  1.5599E-05  1.9292E-15  1.9292E-15  5.1663E-15
  1.5753E-05  1.9868E-15  1.9868E-15  5.3206E-15
  1.5908E-05  2.0461E-15  2.0461E-15  5.4793E-15
  1.6065E-05  2.1071E-15  2.1071E-15  5.6427E-15
  1.6223E-05  2.1699E-15  2.1699E-15  5.8109E-15
  1.6382E-05  2.2345E-15  2.2345E-15  5.9839E-15
  1.6543E-05  2.3010E-15  2.3010E-15  6.1620E-15
  1.6706E-05  2.3695E-15  2.3695E-15  6.3453E-15
  1.6869E-05  2.4399E-15  2.4399E-15  6.5339E-15
  1.7035E-05  2.5124E-15  2.5124E-15  6.7280E-15
  1.7202E-05  2.5870E-15  2.5870E-15  6.9277E-15
  1.7370E-05  2.6637E-15  2.6637E-15  7.1332E-15
  1.7540E-05  2.7427E-15  2.7427E-15  7.3448E-15
  1.7712E-05  2.8240E-15  2.8240E-15  7.5624E-15
  1.7885E-05  2.9076E-15  2.9076E-15  7.7864E-15
  1.8060E-05  2.9937E-15  2.9937E-15  8.0169E-15
  1.8236E-05  3.0823E-15  3.0823E-15  8.2541E-15
  1.8414E-05  3.1734E-15  3.1734E-15  8.4981E-15
  1.8594E-05  3.2672E-15  3.2672E-15  8.7492E-15
  1.8775E-05  3.3637E-15  3.3637E-15  9.0076E-15
  1.8958E-05  3.4630E-15  3.4630E-15  9.2735E-15
  1.9143E-05  3.5651E-15  3.5651E-15  9.5471E-15
  1.9329E-05  3.6703E-15  3.6703E-15  9.8286E-15
  1.9517E-05  3.7784E-15  3.7784E-15  1.0118E-14
  1.9707E-05  3.8897E-15  3.8897E-15  1.0416E-14
  1.9898E-05  4.0042E-15  4.0042E-15  1.0723E-14
  2.0092E-05  4.1220E-15  4.1220E-15  1.1038E-14
  2.0287E-05  4.2433E-15  4.2433E-15  1.1363E-14
  2.0483E-05  4.3680E-15  4.3680E-15  1.1697E-14
  2.0682E-05  4.4963E-15  4.4963E-15  1.2041E-14
  2.0883E-05  4.6284E-15  4.6284E-15  1.2394E-14
  2.1085E-05  4.7642E-15  4.7642E-15  1.2758E-14
  2.1289E-05  4.9040E-15  4.9040E-15  1.3132E-14
  2.1495E-05  5.0478E-15  5.0478E-15  1.3517E-14
  2.1703E-05  5.1957E-15  5.1957E-15  1.3913E-14
  2.1913E-05  5.3479E-15  5.3479E-15  1.4321E-14
  2.2125E-05  5.5045E-15  5.5045E-15  1.4740E-14
  2.2339E-05  5.6656E-15  5.6656E-15  1.5172E-14
  2.2554E-05  5.8313E-15  5.8313E-15  1.5616E-14
  2.2772E-05  6.0018E-15  6.0018E-15  1.6072E-14
  2.2992E-05  6.1772E-15  6.1772E-15  1.6542E-14
  2.3214E-05  6.3577E-15  6.3577E-15  1.7025E-14
  2.3437E-05  6.5433E-15  6.5433E-15  1.7522E-14
  2.3663E-05  6.7343E-15  6.7343E-15  1.8034E-14
  2.3891E-05  6.9308E-15  6.9308E-15  1.8560E-14
  2.4121E-05  7.1329E-15  7.1329E-15  1.9101E-14
  2.4353E-05  7.3408E-15  7.3408E-15  1.9658E-14
  2.4588E-05  7.5547E-15  7.5547E-15  2.0230E-14
  2.4824E-05  7.7747E-15  7.7747E-15  2.0820E-14
  2.5063E-05  8.0010E-15  8.0010E-15  2.1426E-14
  2.5303E-05  8.2339E-15  8.2339E-15  2.2049E-14
  2.5546E-05  8.4734E-15  8.4734E-15  2.2691E-14
  2.5792E-05  8.7198E-15  8.7198E-15  2.3350E-14
  2.6039E-05  8.9732E-15  8.9732E-15  2.4029E-14
  2.6289E-05  9.2339E-15  9.2339E-15  2.4727E-14
  2.6541E-05  9.5021E-15  9.5021E-15  2.5445E-14
  2.6795E-05  9.7779E-15  9.7779E-15  2.6184E-14
  2.7052E-05  1.0062E-14  1.0062E-14  2.6944E-14
  2.7311E-05  1.0354E-14  1.0354E-14  2.7725E-14
  2.7573E-05  1.0654E-14  1.0654E-14  2.8529E-14
  2.7836E-05  1.0963E-14  1.0963E-14  2.9356E-14
  2.8103E-05  1.1280E-14  1.1280E-14  3.0207E-14
  2.8372E-05  1.1607E-14  1.1607E-14  3.1082E-14
  2.8643E-05  1.1943E-14  1.1943E-14  3.1982E-14
  2.8917E-05  1.2289E-14  1.2289E-14  3.2907E-14
  2.9193E-05  1.2644E-14  1.2644E-14  3.3859E-14
  2.9472E-05  1.3010E-14  1.3010E-14  3.4839E-14
  2.9753E-05  1.3386E-14  1.3386E-14  3.5846E-14
  3.0037E-05  1.3773E-14  1.3773E-14  3.6882E-14
  3.0323E-05  1.4171E-14  1.4171E-14  3.7948E-14
  3.0613E-05  1.4580E-14  1.4580E-14  3.9044E-14
  3.0904E-05  1.5001E-14  1.5001E-14  4.0171E-14
  3.1199E-05  1.5434E-14  1.5434E-14  4.1331E-14
  3.1496E-05  1.5880E-14  1.5880E-14  4.2523E-14
  3.1796E-05  1.6338E-14  1.6338E-14  4.3750E-14
  3.2099E-05  1.6809E-14  1.6809E-14  4.5011E-14
  3.2404E-05  1.7294E-14  1.7294E-14  4.6309E-14
  3.2713E-05  1.7792E-14  1.7792E-14  4.7643E-14
  3.3024E-05  1.8305E-14  1.8305E-14  4.9016E-14
  3.3338E-05  1.8832E-14  1.8832E-14  5.0428E-14
  3.3655E-05  1.9374E-14  1.9374E-14  5.1879E-14
  3.3975E-05  1.9932E-14  1.9932E-14  5.3372E-14
  3.4298E-05  2.0505E-14  2.0505E-14  5.4908E-14
  3.4623E-05  2.1095E-14  2.1095E-14  5.6487E-14
  3.4952E-05  2.1701E-14  2.1701E-14  5.8112E-14
  3.5284E-05  2.2325E-14  2.2325E-14  5.9782E-14
  3.5619E-05  2.2967E-14  2.2967E-14  6.1500E-14
  3.5957E-05  2.3627E-14  2.3627E-14  6.3267E-14
  3.6298E-05  2.4305E-14  2.4305E-14  6.5084E-14
  3.6642E-05  2.5003E-14  2.5003E-14  6.6953E-14
  3.6989E-05  2.5721E-14  2.5721E-14  6.8875E-14
  3.7340E-05  2.6459E-14  2.6459E-14  7.0852E-14
  3.7693E-05  2.7218E-14  2.7218E-14  7.2884E-14
  3.8050E-05  2.7999E-14  2.7999E-14  7.4975E-14
  3.8411E-05  2.8802E-14  2.8802E-14  7.7125E-14
  3.8774E-05  2.9628E-14  2.9628E-14  7.9335E-14
  3.9141E-05  3.0477E-14  3.0477E-14  8.1609E-14
  3.9511E-05  3.1350E-14  3.1350E-14  8.3947E-14
  3.9885E-05  3.2248E-14  3.2248E-14  8.6352E-14
  4.0262E-05  3.3171E-14  3.3171E-14  8.8825E-14
  4.0643E-05  3.4121E-14  3.4121E-14  9.1367E-14
  4.1027E-05  3.5098E-14  3.5098E-14  9.3983E-14
  4.1415E-05  3.6102E-14  3.6102E-14  9.6672E-14
  4.1806E-05  3.7135E-14  3.7135E-14  9.9437E-14
  4.2201E-05  3.8197E-14  3.8197E-14  1.0228E-13
  4.2599E-05  3.9289E-14  3.9289E-14  1.0521E-13
  4.3001E-05  4.0412E-14  4.0412E-14  1.0821E-13
  4.3407E-05  4.1567E-14  4.1567E-14  1.1131E-13
  4.3817E-05  4.2755E-14  4.2755E-14  1.1449E-13
  4.4230E-05  4.3976E-14  4.3976E-14  1.1776E-13
  4.4647E-05  4.5232E-14  4.5232E-14  1.2112E-13
  4.5068E-05  4.6524E-14  4.6524E-14  1.2458E-13
  4.5493E-05  4.7852E-14  4.7852E-14  1.2813E-13
  4.5922E-05  4.9218E-14  4.9218E-14  1.3179E-13
  4.6354E-05  5.0622E-14  5.0622E-14  1.3555E-13
  4.6791E-05  5.2066E-14  5.2066E-14  1.3942E-13
  4.7232E-05  5.3551E-14  5.3551E-14  1.4339E-13
  4.7676E-05  5.5078E-14  5.5078E-14  1.4748E-13
  4.8125E-05  5.6649E-14  5.6649E-14  1.5169E-13
  4.8578E-05  5.8263E-14  5.8263E-14  1.5601E-13
  4.9035E-05  5.9924E-14  5.9924E-14  1.6046E-13
  4.9497E-05  6.1631E-14  6.1631E-14  1.6503E-13
  4.9962E-05  6.3386E-14  6.3386E-14  1.6973E-13
  5.0432E-05  6.5192E-14  6.5192E-14  1.7456E-13
  5.0906E-05  6.7048E-14  6.7048E-14  1.7953E-13
  5.1385E-05  6.8957E-14  6.8957E-14  1.8464E-13
  5.1868E-05  7.0919E-14  7.0919E-14  1.8990E-13
  5.2355E-05  7.2937E-14  7.2937E-14  1.9530E-13
  5.2847E-05  7.5012E-14  7.5012E-14  2.0086E-13
  5.3343E-05  7.7146E-14  7.7146E-14  2.0657E-13
  5.3844E-05  7.9340E-14  7.9340E-14  2.1244E-13
  5.4350E-05  8.1596E-14  8.1596E-14  2.1848E-13
  5.4860E-05  8.3916E-14  8.3916E-14  2.2469E-13
  5.5375E-05  8.6301E-14  8.6301E-14  2.3108E-13
  5.5895E-05  8.8753E-14  8.8753E-14  2.3765E-13
  5.6419E-05  9.1275E-14  9.1275E-14  2.4440E-13
  5.6948E-05  9.3868E-14  9.3868E-14  2.5134E-13
  5.7483E-05  9.6534E-14  9.6534E-14  2.5848E-13
  5.8022E-05  9.9275E-14  9.9275E-14  2.6582E-13
  5.8566E-05  1.0209E-13  1.0209E-13  2.7337E-13
  5.9115E-05  1.0499E-13  1.0499E-13  2.8113E-13
  5.9669E-05  1.0797E-13  1.0797E-13  2.8910E-13
  6.0228E-05  1.1104E-13  1.1104E-13  2.9731E-13
  6.0792E-05  1.1419E-13  1.1419E-13  3.0574E-13
  6.1362E-05  1.1743E-13  1.1743E-13  3.1442E-13
  6.1936E-05  1.2076E-13  1.2076E-13  3.2333E-13
  6.2516E-05  1.2418E-13  1.2418E-13  3.3250E-13
  6.3102E-05  1.2770E-13  1.2770E-13  3.4193E-13
  6.3693E-05  1.3132E-13  1.3132E-13  3.5162E-13
  6.4289E-05  1.3504E-13  1.3504E-13  3.6159E-13
  6.4890E-05  1.3887E-13  1.3887E-13  3.7183E-13
  6.5498E-05  1.4281E-13  1.4281E-13  3.8237E-13
  6.6110E-05  1.4685E-13  1.4685E-13  3.9320E-13
  6.6729E-05  1.5101E-13  1.5101E-13  4.0434E-13
  6.7353E-05  1.5529E-13  1.5529E-13  4.1579E-13
  6.7983E-05  1.5969E-13  1.5969E-13  4.2756E-13
  6.8618E-05  1.6421E-13  1.6421E-13  4.3967E-13
  6.9260E-05  1.6886E-13  1.6886E-13  4.5211E-13
  6.9907E-05  1.7364E-13  1.7364E-13  4.6491E-13
  7.0561E-05  1.7855E-13  1.7855E-13  4.7807E-13
  7.1220E-05  1.8360E-13  1.8360E-13  4.9159E-13
  7.1885E-05  1.8880E-13  1.8880E-13  5.0550E-13
  7.2557E-05  1.9414E-13  1.9414E-13  5.1980E-13
  7.3235E-05  1.9963E-13  1.9963E-13  5.3450E-13
  7.3919E-05  2.0527E-13  2.0527E-13  5.4961E-13
  7.4609E-05  2.1108E-13  2.1108E-13  5.6515E-13
  7.5305E-05  2.1705E-13  2.1705E-13  5.8113E-13
  7.6008E-05  2.2318E-13  2.2318E-13  5.9756E-13
  7.6718E-05  2.2949E-13  2.2949E-13  6.1445E-13
  7.7434E-05  2.3597E-13  2.3597E-13  6.3181E-13
  7.8157E-05  2.4264E-13  2.4264E-13  6.4966E-13
  7.8886E-05  2.4950E-13  2.4950E-13  6.6801E-13
  7.9622E-05  2.5655E-13  2.5655E-13  6.8688E-13
  8.0364E-05  2.6379E-13  2.6379E-13  7.0628E-13
  8.1114E-05  2.7124E-13  2.7124E-13  7.2623E-13
  8.1870E-05  2.7890E-13  2.7890E-13  7.4674E-13
  8.2634E-05  2.8678E-13  2.8678E-13  7.6782E-13
  8.3404E-05  2.9487E-13  2.9487E-13  7.8949E-13
  8.4182E-05  3.0320E-13  3.0320E-13  8.1178E-13
  8.4966E-05  3.1176E-13  3.1176E-13  8.3469E-13
  8.5758E-05  3.2055E-13  3.2055E-13  8.5824E-13
  8.6558E-05  3.2960E-13  3.2960E-13  8.8246E-13
  8.7364E-05  3.3890E-13  3.3890E-13  9.0736E-13
  8.8178E-05  3.4846E-13  3.4846E-13  9.3295E-13
  8.8999E-05  3.5829E-13  3.5829E-13  9.5926E-13
  8.9828E-05  3.6839E-13  3.6839E-13  9.8632E-13
  9.0665E-05  3.7878E-13  3.7878E-13  1.0141E-12
  9.1509E-05  3.8946E-13  3.8946E-13  1.0427E-12
  9.2361E-05  4.0045E-13  4.0045E-13  1.0721E-12
  9.3221E-05  4.1174E-13  4.1174E-13  1.1023E-12
  9.4089E-05  4.2334E-13  4.2334E-13  1.1334E-12
  9.4965E-05  4.3527E-13  4.3527E-13  1.1654E-12
  9.5849E-05  4.4754E-13  4.4754E-13  1.1982E-12
  9.6741E-05  4.6015E-13  4.6015E-13  1.2320E-12
  9.7641E-05  4.7312E-13  4.7312E-13  1.2667E-12
  9.8550E-05  4.8645E-13  4.8645E-13  1.3024E-12
  9.9466E-05  5.0015E-13  5.0015E-13  1.3390E-12
  1.0039E-04  5.1424E-13  5.1424E-13  1.3768E-12
  1.0133E-04  5.2872E-13  5.2872E-13  1.4155E-12
  1.0227E-04  5.4361E-13  5.4361E-13  1.4554E-12
  1.0322E-04  5.5892E-13  5.5892E-13  1.4964E-12
  1.0418E-04  5.7466E-13  5.7466E-13  1.5385E-12
  1.0515E-04  5.9084E-13  5.9084E-13  1.5818E-12
  1.0612E-04  6.0747E-13  6.0747E-13  1.6263E-12
  1.0711E-04  6.2457E-13  6.2457E-13  1.6721E-12
  1.0811E-04  6.4215E-13  6.4215E-13  1.7192E-12
  1.0911E-04  6.6022E-13  6.6022E-13  1.7675E-12
  1.1013E-04  6.7880E-13  6.7880E-13  1.8173E-12
  1.1115E-04  6.9790E-13  6.9790E-13  1.8684E-12
  1.1218E-04  7.1753E-13  7.1753E-13  1.9210E-12
  1.1322E-04  7.3772E-13  7.3772E-13  1.9750E-12
  1.1428E-04  7.5847E-13  7.5847E-13  2.0305E-12
  1.1534E-04  7.7980E-13  7.7980E-13  2.0876E-12
  1.1641E-04  8.0174E-13  8.0174E-13  2.1464E-12
  1.1749E-04  8.2428E-13  8.2428E-13  2.2067E-12
  1.1858E-04  8.4746E-13  8.4746E-13  2.2687E-12
  1.1968E-04  8.7129E-13  8.7129E-13  2.3325E-12
  1.2079E-04  8.9578E-13  8.9578E-13  2.3981E-12
  1.2192E-04  9.2097E-13  9.2097E-13  2.4655E-12
  1.2305E-04  9.4686E-13  9.4686E-13  2.5348E-12
  1.2419E-04  9.7347E-13  9.7347E-13  2.6060E-12
  1.2534E-04  1.0008E-12  1.0008E-12  2.6793E-12
  1.2651E-04  1.0290E-12  1.0290E-12  2.7546E-12
  1.2768E-04  1.0579E-12  1.0579E-12  2.8320E-12
  1.2886E-04  1.0876E-12  1.0876E-12  2.9115E-12
  1.3006E-04  1.1182E-12  1.1182E-12  2.9933E-12
  1.3127E-04  1.1496E-12  1.1496E-12  3.0774E-12
  1.3248E-04  1.1819E-12  1.1819E-12  3.1638E-12
  1.3371E-04  1.2151E-12  1.2151E-12  3.2527E-12
  1.3495E-04  1.2492E-12  1.2492E-12  3.3440E-12
  1.3621E-04  1.2843E-12  1.2843E-12  3.4380E-12
  1.3747E-04  1.3203E-12  1.3203E-12  3.5345E-12
  1.3874E-04  1.3574E-12  1.3574E-12  3.6337E-12
  1.4003E-04  1.3955E-12  1.3955E-12  3.7357E-12
  1.4133E-04  1.4347E-12  1.4347E-12  3.8406E-12
  1.4264E-04  1.4750E-12  1.4750E-12  3.9484E-12
  1.4396E-04  1.5164E-12  1.5164E-12  4.0593E-12
  1.4530E-04  1.5590E-12  1.5590E-12  4.1732E-12
  1.4664E-04  1.6027E-12  1.6027E-12  4.2903E-12
  1.4800E-04  1.6477E-12  1.6477E-12  4.4107E-12
  1.4937E-04  1.6939E-12  1.6939E-12  4.5345E-12
  1.5076E-04  1.7415E-12  1.7415E-12  4.6617E-12
  1.5216E-04  1.7903E-12  1.7903E-12  4.7925E-12
  1.5357E-04  1.8406E-12  1.8406E-12  4.9269E-12
  1.5499E-04  1.8922E-12  1.8922E-12  5.0652E-12
  1.5642E-04  1.9453E-12  1.9453E-12  5.2072E-12
  1.5787E-04  1.9999E-12  1.9999E-12  5.3533E-12
  1.5934E-04  2.0560E-12  2.0560E-12  5.5034E-12
  1.6081E-04  2.1137E-12  2.1137E-12  5.6578E-12
  1.6230E-04  2.1729E-12  2.1729E-12  5.8164E-12
  1.6381E-04  2.2339E-12  2.2339E-12  5.9796E-12
  1.6532E-04  2.2965E-12  2.2965E-12  6.1472E-12
  1.6685E-04  2.3609E-12  2.3609E-12  6.3196E-12
  1.6840E-04  2.4271E-12  2.4271E-12  6.4967E-12
  1.6996E-04  2.4952E-12  2.4952E-12  6.6789E-12
  1.7153E-04  2.5652E-12  2.5652E-12  6.8661E-12
  1.7312E-04  2.6371E-12  2.6371E-12  7.0586E-12
  1.7472E-04  2.7110E-12  2.7110E-12  7.2564E-12
  1.7634E-04  2.7870E-12  2.7870E-12  7.4598E-12
  1.7797E-04  2.8651E-12  2.8651E-12  7.6689E-12
  1.7962E-04  2.9454E-12  2.9454E-12  7.8838E-12
  1.8128E-04  3.0280E-12  3.0280E-12  8.1047E-12
  1.8296E-04  3.1128E-12  3.1128E-12  8.3318E-12
  1.8466E-04  3.2001E-12  3.2001E-12  8.5653E-12
  1.8636E-04  3.2897E-12  3.2897E-12  8.8052E-12
  1.8809E-04  3.3819E-12  3.3819E-12  9.0519E-12
  1.8983E-04  3.4767E-12  3.4767E-12  9.3055E-12
  1.9159E-04  3.5741E-12  3.5741E-12  9.5662E-12
  1.9336E-04  3.6742E-12  3.6742E-12  9.8342E-12
  1.9515E-04  3.7772E-12  3.7772E-12  1.0110E-11
  1.9695E-04  3.8830E-12  3.8830E-12  1.0393E-11
  1.9878E-04  3.9918E-12  3.9918E-12  1.0684E-11
  2.0062E-04  4.1036E-12  4.1036E-12  1.0983E-11
  2.0247E-04  4.2185E-12  4.2185E-12  1.1291E-11
  2.0434E-04  4.3367E-12  4.3367E-12  1.1607E-11
  2.0623E-04  4.4581E-12  4.4581E-12  1.1932E-11
  2.0814E-04  4.5830E-12  4.5830E-12  1.2266E-11
  2.1007E-04  4.7113E-12  4.7113E-12  1.2609E-11
  2.1201E-04  4.8432E-12  4.8432E-12  1.2962E-11
  2.1397E-04  4.9789E-12  4.9789E-12  1.3325E-11
  2.1595E-04  5.1183E-12  5.1183E-12  1.3698E-11
  2.1795E-04  5.2616E-12  5.2616E-12  1.4082E-11
  2.1996E-04  5.4089E-12  5.4089E-12  1.4476E-11
  2.2199E-04  5.5603E-12  5.5603E-12  1.4881E-11
  2.2405E-04  5.7160E-12  5.7160E-12  1.5297E-11
  2.2612E-04  5.8760E-12  5.8760E-12  1.5726E-11
  2.2821E-04  6.0405E-12  6.0405E-12  1.6166E-11
  2.3032E-04  6.2095E-12  6.2095E-12  1.6618E-11
  2.3245E-04  6.3833E-12  6.3833E-12  1.7083E-11
  2.3460E-04  6.5620E-12  6.5620E-12  1.7561E-11
  2.3676E-04  6.7456E-12  6.7456E-12  1.8052E-11
  2.3895E-04  6.9344E-12  6.9344E-12  1.8558E-11
  2.4116E-04  7.1285E-12  7.1285E-12  1.9077E-11
  2.4339E-04  7.3280E-12  7.3280E-12  1.9610E-11
  2.4564E-04  7.5330E-12  7.5330E-12  2.0159E-11
  2.4791E-04  7.7438E-12  7.7438E-12  2.0723E-11
  2.5020E-04  7.9605E-12  7.9605E-12  2.1303E-11
  2.5251E-04  8.1832E-12  8.1832E-12  2.1899E-11
  2.5485E-04  8.4121E-12  8.4121E-12  2.2511E-11
  2.5720E-04  8.6475E-12  8.6475E-12  2.3141E-11
  2.5958E-04  8.8894E-12  8.8894E-12  2.3788E-11
  2.6198E-04  9.1381E-12  9.1381E-12  2.4453E-11
  2.6440E-04  9.3937E-12  9.3937E-12  2.5137E-11
  2.6684E-04  9.6564E-12  9.6564E-12  2.5840E-11
  2.6930E-04  9.9265E-12  9.9265E-12  2.6562E-11
  2.7179E-04  1.0204E-11  1.0204E-11  2.7305E-11
  2.7430E-04  1.0490E-11  1.0490E-11  2.8069E-11
  2.7684E-04  1.0783E-11  1.0783E-11  2.8853E-11
  2.7939E-04  1.1085E-11  1.1085E-11  2.9660E-11
  2.8197E-04  1.1394E-11  1.1394E-11  3.0489E-11
  2.8458E-04  1.1713E-11  1.1713E-11  3.1342E-11
  2.8721E-04  1.2041E-11  1.2041E-11  3.2218E-11
  2.8986E-04  1.2377E-11  1.2377E-11  3.3119E-11
  2.9254E-04  1.2723E-11  1.2723E-11  3.4044E-11
  2.9524E-04  1.3079E-11  1.3079E-11  3.4996E-11
  2.9796E-04  1.3445E-11  1.3445E-11  3.5974E-11
  3.0071E-04  1.3821E-11  1.3821E-11  3.6980E-11
  3.0349E-04  1.4207E-11  1.4207E-11  3.8013E-11
  3.0629E-04  1.4604E-11  1.4604E-11  3.9076E-11
  3.0912E-04  1.5013E-11  1.5013E-11  4.0168E-11
  3.1198E-04  1.5432E-11  1.5432E-11  4.1290E-11
  3.1486E-04  1.5864E-11  1.5864E-11  4.2444E-11
  3.1776E-04  1.6307E-11  1.6307E-11  4.3630E-11
  3.2070E-04  1.6763E-11  1.6763E-11  4.4849E-11
  3.2366E-04  1.7232E-11  1.7232E-11  4.6102E-11
  3.2664E-04  1.7713E-11  1.7713E-11  4.7391E-11
  3.2966E-04  1.8208E-11  1.8208E-11  4.8715E-11
  3.3270E-04  1.8717E-11  1.8717E-11  5.0076E-11
  3.3577E-04  1.9240E-11  1.9240E-11  5.1475E-11
  3.3887E-04  1.9778E-11  1.9778E-11  5.2913E-11
  3.4200E-04  2.0331E-11  2.0331E-11  5.4391E-11
  3.4516E-04  2.0899E-11  2.0899E-11  5.5910E-11
  3.4834E-04  2.1483E-11  2.1483E-11  5.7472E-11
  3.5156E-04  2.2083E-11  2.2083E-11  5.9078E-11
  3.5480E-04  2.2700E-11  2.2700E-11  6.0728E-11
  3.5808E-04  2.3334E-11  2.3334E-11  6.2424E-11
  3.6138E-04  2.3986E-11  2.3986E-11  6.4168E-11
  3.6472E-04  2.4657E-11  2.4657E-11  6.5960E-11
  3.6808E-04  2.5346E-11  2.5346E-11  6.7802E-11
  3.7148E-04  2.6054E-11  2.6054E-11  6.9696E-11
  3.7491E-04  2.6782E-11  2.6782E-11  7.1642E-11
  3.7836E-04  2.7530E-11  2.7530E-11  7.3643E-11
  3.8186E-04  2.8299E-11  2.8299E-11  7.5699E-11
  3.8538E-04  2.9089E-11  2.9089E-11  7.7813E-11
  3.8893E-04  2.9902E-11  2.9902E-11  7.9986E-11
  3.9252E-04  3.0737E-11  3.0737E-11  8.2220E-11
  3.9614E-04  3.1596E-11  3.1596E-11  8.4515E-11
  3.9980E-04  3.2478E-11  3.2478E-11  8.6875E-11
  4.0349E-04  3.3386E-11  3.3386E-11  8.9301E-11
  4.0721E-04  3.4318E-11  3.4318E-11  9.1794E-11
  4.1097E-04  3.5277E-11  3.5277E-11  9.4357E-11
  4.1476E-04  3.6262E-11  3.6262E-11  9.6991E-11
  4.1858E-04  3.7275E-11  3.7275E-11  9.9699E-11
  4.2244E-04  3.8316E-11  3.8316E-11  1.0248E-10
  4.2634E-04  3.9386E-11  3.9386E-11  1.0534E-10
  4.3027E-04  4.0486E-11  4.0486E-11  1.0828E-10
  4.3424E-04  4.1616E-11  4.1616E-11  1.1131E-10
  4.3825E-04  4.2778E-11  4.2778E-11  1.1441E-10
  4.4229E-04  4.3973E-11  4.3973E-11  1.1761E-10
  4.4637E-04  4.5201E-11  4.5201E-11  1.2089E-10
  4.5048E-04  4.6463E-11  4.6463E-11  1.2426E-10
  4.5464E-04  4.7761E-11  4.7761E-11  1.2773E-10
  4.5883E-04  4.9094E-11  4.9094E-11  1.3130E-10
  4.6306E-04  5.0465E-11  5.0465E-11  1.3496E-10
  4.6733E-04  5.1874E-11  5.1874E-11  1.3873E-10
  4.7164E-04  5.3322E-11  5.3322E-11  1.4260E-10
  4.7599E-04  5.4811E-11  5.4811E-11  1.4658E-10
  4.8038E-04  5.6341E-11  5.6341E-11  1.5067E-10
  4.8481E-04  5.7914E-11  5.7914E-11  1.5487E-10
  4.8928E-04  5.9531E-11  5.9531E-11  1.5919E-10
  4.9379E-04  6.1193E-11  6.1193E-11  1.6364E-10
  4.9835E-04  6.2902E-11  6.2902E-11  1.6820E-10
  5.0294E-04  6.4658E-11  6.4658E-11  1.7290E-10
  5.0758E-04  6.6463E-11  6.6463E-11  1.7772E-10
  5.1226E-04  6.8318E-11  6.8318E-11  1.8268E-10
  5.1698E-04  7.0225E-11  7.0225E-11  1.8778E-10
  5.2175E-04  7.2185E-11  7.2185E-11  1.9301E-10
  5.2656E-04  7.4200E-11  7.4200E-11  1.9840E-10
  5.3141E-04  7.6271E-11  7.6271E-11  2.0393E-10
  5.3631E-04  7.8400E-11  7.8400E-11  2.0962E-10
  5.4125E-04  8.0589E-11  8.0589E-11  2.1547E-10
  5.4624E-04  8.2838E-11  8.2838E-11  2.2148E-10
  5.5128E-04  8.5150E-11  8.5150E-11  2.2766E-10
  5.5636E-04  8.7527E-11  8.7527E-11  2.3401E-10
  5.6149E-04  8.9970E-11  8.9970E-11  2.4054E-10
  5.6666E-04  9.2481E-11  9.2481E-11  2.4725E-10
  5.7189E-04  9.5062E-11  9.5062E-11  2.5414E-10
  5.7716E-04  9.7715E-11  9.7715E-11  2.6123E-10
  5.8248E-04  1.0044E-10  1.0044E-10  2.6852E-10
  5.8785E-04  1.0324E-10  1.0324E-10  2.7601E-10
  5.9327E-04  1.0613E-10  1.0613E-10  2.8371E-10
  5.9873E-04  1.0909E-10  1.0909E-10  2.9162E-10
  6.0425E-04  1.1213E-10  1.1213E-10  2.9975E-10
  6.0982E-04  1.1526E-10  1.1526E-10  3.0811E-10
  6.1544E-04  1.1848E-10  1.1848E-10  3.1670E-10
  6.2112E-04  1.2178E-10  1.2178E-10  3.2554E-10
  6.2684E-04  1.2518E-10  1.2518E-10  3.3461E-10
  6.3262E-04  1.2867E-10  1.2867E-10  3.4395E-10
  6.3845E-04  1.3226E-10  1.3226E-10  3.5354E-10
  6.4433E-04  1.3596E-10  1.3596E-10  3.6340E-10
  6.5027E-04  1.3975E-10  1.3975E-10  3.7353E-10
  6.5626E-04  1.4365E-10  1.4365E-10  3.8394E-10
  6.6231E-04  1.4766E-10  1.4766E-10  3.9465E-10
  6.6841E-04  1.5178E-10  1.5178E-10  4.0565E-10
  6.7457E-04  1.5601E-10  1.5601E-10  4.1696E-10
  6.8079E-04  1.6036E-10  1.6036E-10  4.2859E-10
  6.8706E-04  1.6484E-10  1.6484E-10  4.4054E-10
  6.9339E-04  1.6944E-10  1.6944E-10  4.5282E-10
  6.9978E-04  1.7416E-10  1.7416E-10  4.6544E-10
  7.0623E-04  1.7902E-10  1.7902E-10  4.7842E-10
  7.1274E-04  1.8402E-10  1.8402E-10  4.9176E-10
  7.1930E-04  1.8915E-10  1.8915E-10  5.0547E-10
  7.2593E-04  1.9443E-10  1.9443E-10  5.1956E-10
  7.3262E-04  1.9985E-10  1.9985E-10  5.3404E-10
  7.3937E-04  2.0543E-10  2.0543E-10  5.4893E-10
  7.4618E-04  2.1116E-10  2.1116E-10  5.6423E-10
  7.5306E-04  2.1705E-10  2.1705E-10  5.7996E-10
  7.5999E-04  2.2310E-10  2.2310E-10  5.9612E-10
  7.6700E-04  2.2932E-10  2.2932E-10  6.1274E-10
  7.7406E-04  2.3572E-10  2.3572E-10  6.2982E-10
  7.8119E-04  2.4230E-10  2.4230E-10  6.4737E-10
  7.8839E-04  2.4906E-10  2.4906E-10  6.6541E-10
  7.9565E-04  2.5600E-10  2.5600E-10  6.8396E-10
  8.0298E-04  2.6314E-10  2.6314E-10  7.0302E-10
  8.1038E-04  2.7048E-10  2.7048E-10  7.2261E-10
  8.1785E-04  2.7803E-10  2.7803E-10  7.4275E-10
  8.2538E-04  2.8578E-10  2.8578E-10  7.6345E-10
  8.3299E-04  2.9375E-10  2.9375E-10  7.8473E-10
  8.4066E-04  3.0195E-10  3.0195E-10  8.0660E-10
  8.4840E-04  3.1037E-10  3.1037E-10  8.2908E-10
  8.5622E-04  3.1902E-10  3.1902E-10  8.5218E-10
  8.6411E-04  3.2792E-10  3.2792E-10  8.7593E-10
  8.7206E-04  3.3707E-10  3.3707E-10  9.0033E-10
  8.8010E-04  3.4647E-10  3.4647E-10  9.2542E-10
  8.8820E-04  3.5613E-10  3.5613E-10  9.5121E-10
  8.9639E-04  3.6606E-10  3.6606E-10  9.7771E-10
  9.0464E-04  3.7627E-10  3.7627E-10  1.0050E-09
  9.1298E-04  3.8677E-10  3.8677E-10  1.0330E-09
  9.2138E-04  3.9755E-10  3.9755E-10  1.0617E-09
  9.2987E-04  4.0864E-10  4.0864E-10  1.0913E-09
  9.3844E-04  4.2004E-10  4.2004E-10  1.1217E-09
  9.4708E-04  4.3175E-10  4.3175E-10  1.1530E-09
  9.5580E-04  4.4379E-10  4.4379E-10  1.1851E-09
  9.6461E-04  4.5616E-10  4.5616E-10  1.2181E-09
  9.7349E-04  4.6889E-10  4.6889E-10  1.2520E-09
  9.8246E-04  4.8196E-10  4.8196E-10  1.2869E-09
  9.9151E-04  4.9540E-10  4.9540E-10  1.3228E-09
  1.0006E-03  5.0921E-10  5.0921E-10  1.3596E-09
  1.0099E-03  5.2341E-10  5.2341E-10  1.3975E-09
  1.0192E-03  5.3801E-10  5.3801E-10  1.4364E-09
  1.0285E-03  5.5301E-10  5.5301E-10  1.4764E-09
  1.0380E-03  5.6843E-10  5.6843E-10  1.5176E-09
  1.0476E-03  5.8428E-10  5.8428E-10  1.5598E-09
  1.0572E-03  6.0057E-10  6.0057E-10  1.6033E-09
  1.0670E-03  6.1732E-10  6.1732E-10  1.6479E-09
  1.0768E-03  6.3453E-10  6.3453E-10  1.6938E-09
  1.0867E-03  6.5223E-10  6.5223E-10  1.7410E-09
  1.0967E-03  6.7041E-10  6.7041E-10  1.7895E-09
  1.1068E-03  6.8910E-10  6.8910E-10  1.8394E-09
  1.1170E-03  7.0832E-10  7.0832E-10  1.8906E-09
  1.1273E-03  7.2807E-10  7.2807E-10  1.9432E-09
  1.1377E-03  7.4837E-10  7.4837E-10  1.9974E-09
  1.1481E-03  7.6923E-10  7.6923E-10  2.0530E-09
  1.1587E-03  7.9068E-10  7.9068E-10  2.1101E-09
  1.1694E-03  8.1272E-10  8.1272E-10  2.1689E-09
  1.1802E-03  8.3538E-10  8.3538E-10  2.2293E-09
  1.1910E-03  8.5867E-10  8.5867E-10  2.2914E-09
  1.2020E-03  8.8261E-10  8.8261E-10  2.3552E-09
  1.2131E-03  9.0722E-10  9.0722E-10  2.4208E-09
  1.2242E-03  9.3251E-10  9.3251E-10  2.4882E-09
  1.2355E-03  9.5851E-10  9.5851E-10  2.5575E-09
  1.2469E-03  9.8523E-10  9.8523E-10  2.6287E-09
  1.2584E-03  1.0127E-09  1.0127E-09  2.7019E-09
  1.2699E-03  1.0409E-09  1.0409E-09  2.7771E-09
  1.2816E-03  1.0700E-09  1.0700E-09  2.8544E-09
  1.2934E-03  1.0998E-09  1.0998E-09  2.9339E-09
  1.3053E-03  1.1304E-09  1.1304E-09  3.0156E-09
  1.3174E-03  1.1620E-09  1.1620E-09  3.0995E-09
  1.3295E-03  1.1943E-09  1.1943E-09  3.1858E-09
  1.3417E-03  1.2276E-09  1.2276E-09  3.2745E-09
  1.3541E-03  1.2619E-09  1.2619E-09  3.3657E-09
  1.3666E-03  1.2970E-09  1.2970E-09  3.4594E-09
  1.3791E-03  1.3332E-09  1.3332E-09  3.5557E-09
  1.3918E-03  1.3704E-09  1.3704E-09  3.6547E-09
  1.4047E-03  1.4086E-09  1.4086E-09  3.7564E-09
  1.4176E-03  1.4478E-09  1.4478E-09  3.8610E-09
  1.4306E-03  1.4882E-09  1.4882E-09  3.9684E-09
  1.4438E-03  1.5297E-09  1.5297E-09  4.0789E-09
  1.4571E-03  1.5723E-09  1.5723E-09  4.1924E-09
  1.4705E-03  1.6161E-09  1.6161E-09  4.3091E-09
  1.4841E-03  1.6612E-09  1.6612E-09  4.4291E-09
  1.4977E-03  1.7075E-09  1.7075E-09  4.5523E-09
  1.5115E-03  1.7551E-09  1.7551E-09  4.6790E-09
  1.5254E-03  1.8040E-09  1.8040E-09  4.8093E-09
  1.5395E-03  1.8543E-09  1.8543E-09  4.9431E-09
  1.5536E-03  1.9060E-09  1.9060E-09  5.0807E-09
  1.5679E-03  1.9591E-09  1.9591E-09  5.2221E-09
  1.5824E-03  2.0137E-09  2.0137E-09  5.3674E-09
  1.5969E-03  2.0699E-09  2.0699E-09  5.5168E-09
  1.6116E-03  2.1275E-09  2.1275E-09  5.6703E-09
  1.6265E-03  2.1869E-09  2.1869E-09  5.8281E-09
  1.6415E-03  2.2478E-09  2.2478E-09  5.9902E-09
  1.6566E-03  2.3105E-09  2.3105E-09  6.1569E-09
  1.6718E-03  2.3749E-09  2.3749E-09  6.3283E-09
  1.6872E-03  2.4410E-09  2.4410E-09  6.5043E-09
  1.7027E-03  2.5091E-09  2.5091E-09  6.6853E-09
  1.7184E-03  2.5790E-09  2.5790E-09  6.8713E-09
  1.7342E-03  2.6509E-09  2.6509E-09  7.0625E-09
  1.7502E-03  2.7248E-09  2.7248E-09  7.2590E-09
  1.7663E-03  2.8007E-09  2.8007E-09  7.4610E-09
  1.7826E-03  2.8788E-09  2.8788E-09  7.6685E-09
  1.7990E-03  2.9590E-09  2.9590E-09  7.8819E-09
  1.8155E-03  3.0415E-09  3.0415E-09  8.1012E-09
  1.8323E-03  3.1263E-09  3.1263E-09  8.3265E-09
  1.8491E-03  3.2134E-09  3.2134E-09  8.5582E-09
  1.8661E-03  3.3030E-09  3.3030E-09  8.7963E-09
  1.8833E-03  3.3950E-09  3.3950E-09  9.0409E-09
  1.9007E-03  3.4896E-09  3.4896E-09  9.2924E-09
  1.9182E-03  3.5869E-09  3.5869E-09  9.5509E-09
  1.9358E-03  3.6869E-09  3.6869E-09  9.8166E-09
  1.9536E-03  3.7896E-09  3.7896E-09  1.0090E-08
  1.9716E-03  3.8952E-09  3.8952E-09  1.0370E-08
  1.9898E-03  4.0038E-09  4.0038E-09  1.0659E-08
  2.0081E-03  4.1154E-09  4.1154E-09  1.0955E-08
  2.0266E-03  4.2301E-09  4.2301E-09  1.1260E-08
  2.0452E-03  4.3480E-09  4.3480E-09  1.1573E-08
  2.0640E-03  4.4691E-09  4.4691E-09  1.1895E-08
  2.0830E-03  4.5937E-09  4.5937E-09  1.2226E-08
  2.1022E-03  4.7217E-09  4.7217E-09  1.2566E-08
  2.1216E-03  4.8533E-09  4.8533E-09  1.2915E-08
  2.1411E-03  4.9885E-09  4.9885E-09  1.3274E-08
  2.1608E-03  5.1276E-09  5.1276E-09  1.3643E-08
  2.1807E-03  5.2705E-09  5.2705E-09  1.4023E-08
  2.2008E-03  5.4173E-09  5.4173E-09  1.4413E-08
  2.2210E-03  5.5683E-09  5.5683E-09  1.4813E-08
  2.2415E-03  5.7235E-09  5.7235E-09  1.5225E-08
  2.2621E-03  5.8830E-09  5.8830E-09  1.5649E-08
  2.2829E-03  6.0469E-09  6.0469E-09  1.6084E-08
  2.3039E-03  6.2154E-09  6.2154E-09  1.6531E-08
  2.3251E-03  6.3887E-09  6.3887E-09  1.6991E-08
  2.3465E-03  6.5667E-09  6.5667E-09  1.7463E-08
  2.3681E-03  6.7497E-09  6.7497E-09  1.7948E-08
  2.3899E-03  6.9378E-09  6.9378E-09  1.8447E-08
  2.4119E-03  7.1311E-09  7.1311E-09  1.8960E-08
  2.4341E-03  7.3298E-09  7.3298E-09  1.9487E-08
  2.4565E-03  7.5341E-09  7.5341E-09  2.0029E-08
  2.4791E-03  7.7440E-09  7.7440E-09  2.0586E-08
  2.5019E-03  7.9598E-09  7.9598E-09  2.1158E-08
  2.5250E-03  8.1816E-09  8.1816E-09  2.1746E-08
  2.5482E-03  8.4096E-09  8.4096E-09  2.2350E-08
  2.5717E-03  8.6440E-09  8.6440E-09  2.2972E-08
  2.5953E-03  8.8848E-09  8.8848E-09  2.3610E-08
  2.6192E-03  9.1324E-09  9.1324E-09  2.4266E-08
  2.6433E-03  9.3869E-09  9.3869E-09  2.4941E-08
  2.6677E-03  9.6485E-09  9.6485E-09  2.5634E-08
  2.6922E-03  9.9173E-09  9.9173E-09  2.6346E-08
  2.7170E-03  1.0194E-08  1.0194E-08  2.7078E-08
  2.7420E-03  1.0478E-08  1.0478E-08  2.7831E-08
  2.7672E-03  1.0770E-08  1.0770E-08  2.8604E-08
  2.7927E-03  1.1070E-08  1.1070E-08  2.9399E-08
  2.8184E-03  1.1378E-08  1.1378E-08  3.0216E-08
  2.8443E-03  1.1695E-08  1.1695E-08  3.1055E-08
  2.8705E-03  1.2021E-08  1.2021E-08  3.1918E-08
  2.8969E-03  1.2356E-08  1.2356E-08  3.2805E-08
  2.9236E-03  1.2700E-08  1.2700E-08  3.3717E-08
  2.9505E-03  1.3054E-08  1.3054E-08  3.4653E-08
  2.9777E-03  1.3418E-08  1.3418E-08  3.5616E-08
  3.0051E-03  1.3792E-08  1.3792E-08  3.6605E-08
  3.0327E-03  1.4176E-08  1.4176E-08  3.7622E-08
  3.0606E-03  1.4571E-08  1.4571E-08  3.8667E-08
  3.0888E-03  1.4977E-08  1.4977E-08  3.9741E-08
  3.1172E-03  1.5395E-08  1.5395E-08  4.0845E-08
  3.1459E-03  1.5824E-08  1.5824E-08  4.1980E-08
  3.1749E-03  1.6265E-08  1.6265E-08  4.3146E-08
  3.2041E-03  1.6718E-08  1.6718E-08  4.4344E-08
  3.2336E-03  1.7184E-08  1.7184E-08  4.5576E-08
  3.2633E-03  1.7662E-08  1.7662E-08  4.6841E-08
  3.2933E-03  1.8154E-08  1.8154E-08  4.8142E-08
  3.3237E-03  1.8660E-08  1.8660E-08  4.9479E-08
  3.3542E-03  1.9180E-08  1.9180E-08  5.0853E-08
  3.3851E-03  1.9715E-08  1.9715E-08  5.2265E-08
  3.4163E-03  2.0264E-08  2.0264E-08  5.3717E-08
  3.4477E-03  2.0829E-08  2.0829E-08  5.5208E-08
  3.4794E-03  2.1409E-08  2.1409E-08  5.6741E-08
  3.5115E-03  2.2005E-08  2.2005E-08  5.8316E-08
  3.5438E-03  2.2619E-08  2.2619E-08  5.9935E-08
  3.5764E-03  2.3249E-08  2.3249E-08  6.1599E-08
  3.6093E-03  2.3897E-08  2.3897E-08  6.3310E-08
  3.6425E-03  2.4562E-08  2.4562E-08  6.5067E-08
  3.6760E-03  2.5247E-08  2.5247E-08  6.6873E-08
  3.7099E-03  2.5950E-08  2.5950E-08  6.8730E-08
  3.7440E-03  2.6673E-08  2.6673E-08  7.0637E-08
  3.7784E-03  2.7416E-08  2.7416E-08  7.2598E-08
  3.8132E-03  2.8180E-08  2.8180E-08  7.4613E-08
  3.8483E-03  2.8965E-08  2.8965E-08  7.6684E-08
  3.8837E-03  2.9772E-08  2.9772E-08  7.8812E-08
  3.9195E-03  3.0602E-08  3.0602E-08  8.0999E-08
  3.9555E-03  3.1455E-08  3.1455E-08  8.3247E-08
  3.9919E-03  3.2331E-08  3.2331E-08  8.5557E-08
  4.0287E-03  3.3232E-08  3.3232E-08  8.7931E-08
  4.0657E-03  3.4158E-08  3.4158E-08  9.0371E-08
  4.1032E-03  3.5109E-08  3.5109E-08  9.2879E-08
  4.1409E-03  3.6087E-08  3.6087E-08  9.5456E-08
  4.1790E-03  3.7093E-08  3.7093E-08  9.8104E-08
  4.2175E-03  3.8126E-08  3.8126E-08  1.0083E-07
  4.2563E-03  3.9189E-08  3.9189E-08  1.0362E-07
  4.2954E-03  4.0280E-08  4.0280E-08  1.0650E-07
  4.3350E-03  4.1403E-08  4.1403E-08  1.0945E-07
  4.3749E-03  4.2556E-08  4.2556E-08  1.1249E-07
  4.4151E-03  4.3742E-08  4.3742E-08  1.1561E-07
  4.4558E-03  4.4960E-08  4.4960E-08  1.1881E-07
  4.4968E-03  4.6213E-08  4.6213E-08  1.2211E-07
  4.5381E-03  4.7501E-08  4.7501E-08  1.2550E-07
  4.5799E-03  4.8824E-08  4.8824E-08  1.2898E-07
  4.6220E-03  5.0184E-08  5.0184E-08  1.3255E-07
  4.6646E-03  5.1582E-08  5.1582E-08  1.3623E-07
  4.7075E-03  5.3020E-08  5.3020E-08  1.4001E-07
  4.7508E-03  5.4497E-08  5.4497E-08  1.4389E-07
  4.7945E-03  5.6015E-08  5.6015E-08  1.4788E-07
  4.8386E-03  5.7576E-08  5.7576E-08  1.5198E-07
  4.8832E-03  5.9180E-08  5.9180E-08  1.5619E-07
  4.9281E-03  6.0828E-08  6.0828E-08  1.6052E-07
  4.9735E-03  6.2523E-08  6.2523E-08  1.6497E-07
  5.0192E-03  6.4265E-08  6.4265E-08  1.6955E-07
  5.0654E-03  6.6055E-08  6.6055E-08  1.7425E-07
  5.1120E-03  6.7896E-08  6.7896E-08  1.7908E-07
  5.1591E-03  6.9787E-08  6.9787E-08  1.8404E-07
  5.2065E-03  7.1731E-08  7.1731E-08  1.8914E-07
  5.2544E-03  7.3730E-08  7.3730E-08  1.9438E-07
  5.3028E-03  7.5784E-08  7.5784E-08  1.9977E-07
  5.3516E-03  7.7895E-08  7.7895E-08  2.0530E-07
  5.4008E-03  8.0065E-08  8.0065E-08  2.1099E-07
  5.4505E-03  8.2296E-08  8.2296E-08  2.1684E-07
  5.5007E-03  8.4589E-08  8.4589E-08  2.2285E-07
  5.5513E-03  8.6945E-08  8.6945E-08  2.2902E-07
  5.6024E-03  8.9368E-08  8.9368E-08  2.3536E-07
  5.6539E-03  9.1857E-08  9.1857E-08  2.4188E-07
  5.7059E-03  9.4416E-08  9.4416E-08  2.4858E-07
  5.7584E-03  9.7047E-08  9.7047E-08  2.5547E-07
  5.8114E-03  9.9750E-08  9.9750E-08  2.6255E-07
  5.8649E-03  1.0253E-07  1.0253E-07  2.6982E-07
  5.9189E-03  1.0539E-07  1.0539E-07  2.7729E-07
  5.9733E-03  1.0832E-07  1.0832E-07  2.8497E-07
  6.0283E-03  1.1134E-07  1.1134E-07  2.9286E-07
  6.0838E-03  1.1444E-07  1.1444E-07  3.0097E-07
  6.1397E-03  1.1763E-07  1.1763E-07  3.0930E-07
  6.1962E-03  1.2091E-07  1.2091E-07  3.1787E-07
  6.2532E-03  1.2427E-07  1.2427E-07  3.2667E-07
  6.3108E-03  1.2774E-07  1.2774E-07  3.3571E-07
  6.3689E-03  1.3130E-07  1.3130E-07  3.4500E-07
  6.4275E-03  1.3495E-07  1.3495E-07  3.5455E-07
  6.4866E-03  1.3871E-07  1.3871E-07  3.6436E-07
  6.5463E-03  1.4258E-07  1.4258E-07  3.7445E-07
  6.6065E-03  1.4655E-07  1.4655E-07  3.8481E-07
  6.6673E-03  1.5063E-07  1.5063E-07  3.9546E-07
  6.7287E-03  1.5483E-07  1.5483E-07  4.0640E-07
  6.7906E-03  1.5914E-07  1.5914E-07  4.1765E-07
  6.8530E-03  1.6357E-07  1.6357E-07  4.2920E-07
  6.9161E-03  1.6813E-07  1.6813E-07  4.4108E-07
  6.9797E-03  1.7281E-07  1.7281E-07  4.5328E-07
  7.0440E-03  1.7763E-07  1.7763E-07  4.6582E-07
  7.1088E-03  1.8258E-07  1.8258E-07  4.7870E-07
  7.1742E-03  1.8766E-07  1.8766E-07  4.9195E-07
  7.2402E-03  1.9289E-07  1.9289E-07  5.0555E-07
  7.3068E-03  1.9826E-07  1.9826E-07  5.1953E-07
  7.3740E-03  2.0379E-07  2.0379E-07  5.3390E-07
  7.4419E-03  2.0947E-07  2.0947E-07  5.4866E-07
  7.5104E-03  2.1530E-07  2.1530E-07  5.6383E-07
  7.5795E-03  2.2130E-07  2.2130E-07  5.7942E-07
  7.6492E-03  2.2746E-07  2.2746E-07  5.9544E-07
  7.7196E-03  2.3380E-07  2.3380E-07  6.1190E-07
  7.7906E-03  2.4031E-07  2.4031E-07  6.2881E-07
  7.8623E-03  2.4701E-07  2.4701E-07  6.4619E-07
  7.9346E-03  2.5389E-07  2.5389E-07  6.6405E-07
  8.0076E-03  2.6096E-07  2.6096E-07  6.8240E-07
  8.0813E-03  2.6823E-07  2.6823E-07  7.0126E-07
  8.1557E-03  2.7570E-07  2.7570E-07  7.2064E-07
  8.2307E-03  2.8338E-07  2.8338E-07  7.4055E-07
  8.3065E-03  2.9128E-07  2.9128E-07  7.6101E-07
  8.3829E-03  2.9939E-07  2.9939E-07  7.8203E-07
  8.4600E-03  3.0773E-07  3.0773E-07  8.0363E-07
  8.5378E-03  3.1630E-07  3.1630E-07  8.2583E-07
  8.6164E-03  3.2511E-07  3.2511E-07  8.4864E-07
  8.6957E-03  3.3417E-07  3.3417E-07  8.7208E-07
  8.7757E-03  3.4348E-07  3.4348E-07  8.9616E-07
  8.8564E-03  3.5305E-07  3.5305E-07  9.2090E-07
  8.9379E-03  3.6288E-07  3.6288E-07  9.4633E-07
  9.0202E-03  3.7299E-07  3.7299E-07  9.7245E-07
  9.1032E-03  3.8338E-07  3.8338E-07  9.9930E-07
  9.1869E-03  3.9406E-07  3.9406E-07  1.0269E-06
  9.2714E-03  4.0504E-07  4.0504E-07  1.0552E-06
  9.3567E-03  4.1632E-07  4.1632E-07  1.0843E-06
  9.4428E-03  4.2792E-07  4.2792E-07  1.1143E-06
  9.5297E-03  4.3984E-07  4.3984E-07  1.1450E-06
  9.6174E-03  4.5209E-07  4.5209E-07  1.1766E-06
  9.7059E-03  4.6469E-07  4.6469E-07  1.2091E-06
  9.7952E-03  4.7763E-07  4.7763E-07  1.2424E-06
  9.8853E-03  4.9094E-07  4.9094E-07  1.2767E-06
  9.9763E-03  5.0461E-07  5.0461E-07  1.3119E-06
  1.0068E-02  5.1867E-07  5.1867E-07  1.3481E-06
  1.0161E-02  5.3312E-07  5.3312E-07  1.3853E-06
  1.0254E-02  5.4797E-07  5.4797E-07  1.4235E-06
  1.0349E-02  5.6323E-07  5.6323E-07  1.4627E-06
  1.0444E-02  5.7892E-07  5.7892E-07  1.5030E-06
  1.0540E-02  5.9505E-07  5.9505E-07  1.5445E-06
  1.0637E-02  6.1162E-07  6.1162E-07  1.5870E-06
  1.0735E-02  6.2866E-07  6.2866E-07  1.6308E-06
  1.0833E-02  6.4617E-07  6.4617E-07  1.6757E-06
  1.0933E-02  6.6417E-07  6.6417E-07  1.7219E-06
  1.1034E-02  6.8267E-07  6.8267E-07  1.7693E-06
  1.1135E-02  7.0169E-07  7.0169E-07  1.8181E-06
  1.1238E-02  7.2123E-07  7.2123E-07  1.8682E-06
  1.1341E-02  7.4132E-07  7.4132E-07  1.9196E-06
  1.1445E-02  7.6197E-07  7.6197E-07  1.9725E-06
  1.1551E-02  7.8320E-07  7.8320E-07  2.0268E-06
  1.1657E-02  8.0502E-07  8.0502E-07  2.0826E-06
  1.1764E-02  8.2744E-07  8.2744E-07  2.1399E-06
  1.1872E-02  8.5049E-07  8.5049E-07  2.1989E-06
  1.1982E-02  8.7418E-07  8.7418E-07  2.2594E-06
  1.2092E-02  8.9853E-07  8.9853E-07  2.3216E-06
  1.2203E-02  9.2356E-07  9.2356E-07  2.3855E-06
  1.2315E-02  9.4929E-07  9.4929E-07  2.4511E-06
  1.2429E-02  9.7573E-07  9.7573E-07  2.5185E-06
  1.2543E-02  1.0029E-06  1.0029E-06  2.5878E-06
  1.2659E-02  1.0308E-06  1.0308E-06  2.6590E-06
  1.2775E-02  1.0596E-06  1.0596E-06  2.7321E-06
  1.2893E-02  1.0891E-06  1.0891E-06  2.8073E-06
  1.3011E-02  1.1194E-06  1.1194E-06  2.8845E-06
  1.3131E-02  1.1506E-06  1.1506E-06  2.9638E-06
  1.3252E-02  1.1826E-06  1.1826E-06  3.0453E-06
  1.3374E-02  1.2156E-06  1.2156E-06  3.1290E-06
  1.3497E-02  1.2494E-06  1.2494E-06  3.2150E-06
  1.3621E-02  1.2842E-06  1.2842E-06  3.3033E-06
  1.3746E-02  1.3200E-06  1.3200E-06  3.3941E-06
  1.3873E-02  1.3568E-06  1.3568E-06  3.4874E-06
  1.4000E-02  1.3946E-06  1.3946E-06  3.5832E-06
  1.4129E-02  1.4334E-06  1.4334E-06  3.6816E-06
  1.4259E-02  1.4733E-06  1.4733E-06  3.7827E-06
  1.4390E-02  1.5144E-06  1.5144E-06  3.8866E-06
  1.4523E-02  1.5566E-06  1.5566E-06  3.9933E-06
  1.4656E-02  1.5999E-06  1.5999E-06  4.1029E-06
  1.4791E-02  1.6445E-06  1.6445E-06  4.2155E-06
  1.4927E-02  1.6903E-06  1.6903E-06  4.3312E-06
  1.5064E-02  1.7374E-06  1.7374E-06  4.4501E-06
  1.5203E-02  1.7858E-06  1.7858E-06  4.5722E-06
  1.5343E-02  1.8355E-06  1.8355E-06  4.6977E-06
  1.5484E-02  1.8866E-06  1.8866E-06  4.8265E-06
  1.5627E-02  1.9392E-06  1.9392E-06  4.9589E-06
  1.5770E-02  1.9932E-06  1.9932E-06  5.0949E-06
  1.5915E-02  2.0487E-06  2.0487E-06  5.2346E-06
  1.6062E-02  2.1058E-06  2.1058E-06  5.3781E-06
  1.6210E-02  2.1644E-06  2.1644E-06  5.5255E-06
  1.6359E-02  2.2247E-06  2.2247E-06  5.6770E-06
  1.6509E-02  2.2867E-06  2.2867E-06  5.8326E-06
  1.6661E-02  2.3504E-06  2.3504E-06  5.9924E-06
  1.6814E-02  2.4159E-06  2.4159E-06  6.1565E-06
  1.6969E-02  2.4832E-06  2.4832E-06  6.3252E-06
  1.7125E-02  2.5523E-06  2.5523E-06  6.4984E-06
  1.7283E-02  2.6234E-06  2.6234E-06  6.6764E-06
  1.7442E-02  2.6965E-06  2.6965E-06  6.8592E-06
  1.7602E-02  2.7716E-06  2.7716E-06  7.0469E-06
  1.7764E-02  2.8488E-06  2.8488E-06  7.2398E-06
  1.7928E-02  2.9281E-06  2.9281E-06  7.4380E-06
  1.8093E-02  3.0097E-06  3.0097E-06  7.6415E-06
  1.8259E-02  3.0935E-06  3.0935E-06  7.8505E-06
  1.8427E-02  3.1797E-06  3.1797E-06  8.0653E-06
  1.8597E-02  3.2682E-06  3.2682E-06  8.2858E-06
  1.8768E-02  3.3593E-06  3.3593E-06  8.5124E-06
  1.8940E-02  3.4528E-06  3.4528E-06  8.7452E-06
  1.9115E-02  3.5490E-06  3.5490E-06  8.9842E-06
  1.9291E-02  3.6479E-06  3.6479E-06  9.2297E-06
  1.9468E-02  3.7495E-06  3.7495E-06  9.4820E-06
  1.9647E-02  3.8539E-06  3.8539E-06  9.7410E-06
  1.9828E-02  3.9612E-06  3.9612E-06  1.0007E-05
  2.0010E-02  4.0716E-06  4.0716E-06  1.0280E-05
  2.0194E-02  4.1850E-06  4.1850E-06  1.0561E-05
  2.0380E-02  4.3015E-06  4.3015E-06  1.0849E-05
  2.0568E-02  4.4213E-06  4.4213E-06  1.1146E-05
  2.0757E-02  4.5445E-06  4.5445E-06  1.1450E-05
  2.0948E-02  4.6710E-06  4.6710E-06  1.1762E-05
  2.1141E-02  4.8011E-06  4.8011E-06  1.2083E-05
  2.1335E-02  4.9349E-06  4.9349E-06  1.2413E-05
  2.1531E-02  5.0723E-06  5.0723E-06  1.2751E-05
  2.1729E-02  5.2136E-06  5.2136E-06  1.3099E-05
  2.1929E-02  5.3588E-06  5.3588E-06  1.3456E-05
  2.2131E-02  5.5080E-06  5.5080E-06  1.3823E-05
  2.2335E-02  5.6614E-06  5.6614E-06  1.4200E-05
  2.2540E-02  5.8191E-06  5.8191E-06  1.4586E-05
  2.2748E-02  5.9812E-06  5.9812E-06  1.4984E-05
  2.2957E-02  6.1478E-06  6.1478E-06  1.5392E-05
  2.3168E-02  6.3190E-06  6.3190E-06  1.5811E-05
  2.3381E-02  6.4950E-06  6.4950E-06  1.6241E-05
  2.3596E-02  6.6759E-06  6.6759E-06  1.6683E-05
  2.3813E-02  6.8618E-06  6.8618E-06  1.7137E-05
  2.4033E-02  7.0529E-06  7.0529E-06  1.7604E-05
  2.4254E-02  7.2494E-06  7.2494E-06  1.8082E-05
  2.4477E-02  7.4513E-06  7.4513E-06  1.8574E-05
  2.4702E-02  7.6588E-06  7.6588E-06  1.9079E-05
  2.4929E-02  7.8721E-06  7.8721E-06  1.9598E-05
  2.5159E-02  8.0913E-06  8.0913E-06  2.0131E-05
  2.5390E-02  8.3167E-06  8.3167E-06  2.0678E-05
  2.5624E-02  8.5483E-06  8.5483E-06  2.1239E-05
  2.5859E-02  8.7864E-06  8.7864E-06  2.1816E-05
  2.6097E-02  9.0311E-06  9.0311E-06  2.2409E-05
  2.6337E-02  9.2826E-06  9.2826E-06  2.3017E-05
  2.6580E-02  9.5411E-06  9.5411E-06  2.3642E-05
  2.6824E-02  9.8068E-06  9.8068E-06  2.4283E-05
  2.7071E-02  1.0080E-05  1.0080E-05  2.4942E-05
  2.7320E-02  1.0361E-05  1.0361E-05  2.5618E-05
  2.7571E-02  1.0649E-05  1.0649E-05  2.6313E-05
  2.7825E-02  1.0946E-05  1.0946E-05  2.7026E-05
  2.8081E-02  1.1251E-05  1.1251E-05  2.7759E-05
  2.8339E-02  1.1564E-05  1.1564E-05  2.8511E-05
  2.8600E-02  1.1886E-05  1.1886E-05  2.9283E-05
  2.8863E-02  1.2217E-05  1.2217E-05  3.0076E-05
  2.9129E-02  1.2557E-05  1.2557E-05  3.0891E-05
  2.9397E-02  1.2907E-05  1.2907E-05  3.1727E-05
  2.9667E-02  1.3266E-05  1.3266E-05  3.2586E-05
  2.9940E-02  1.3636E-05  1.3636E-05  3.3467E-05
  3.0216E-02  1.4015E-05  1.4015E-05  3.4373E-05
  3.0494E-02  1.4406E-05  1.4406E-05  3.5302E-05
  3.0774E-02  1.4807E-05  1.4807E-05  3.6256E-05
  3.1057E-02  1.5219E-05  1.5219E-05  3.7236E-05
  3.1343E-02  1.5643E-05  1.5643E-05  3.8242E-05
  3.1631E-02  1.6079E-05  1.6079E-05  3.9276E-05
  3.1922E-02  1.6526E-05  1.6526E-05  4.0336E-05
  3.2216E-02  1.6987E-05  1.6987E-05  4.1425E-05
  3.2512E-02  1.7460E-05  1.7460E-05  4.2543E-05
  3.2812E-02  1.7946E-05  1.7946E-05  4.3691E-05
  3.3113E-02  1.8446E-05  1.8446E-05  4.4870E-05
  3.3418E-02  1.8959E-05  1.8959E-05  4.6080E-05
  3.3726E-02  1.9487E-05  1.9487E-05  4.7322E-05
  3.4036E-02  2.0030E-05  2.0030E-05  4.8598E-05
  3.4349E-02  2.0588E-05  2.0588E-05  4.9907E-05
  3.4665E-02  2.1161E-05  2.1161E-05  5.1252E-05
  3.4984E-02  2.1750E-05  2.1750E-05  5.2632E-05
  3.5306E-02  2.2356E-05  2.2356E-05  5.4049E-05
  3.5631E-02  2.2978E-05  2.2978E-05  5.5504E-05
  3.5958E-02  2.3618E-05  2.3618E-05  5.6997E-05
  3.6289E-02  2.4276E-05  2.4276E-05  5.8530E-05
  3.6623E-02  2.4952E-05  2.4952E-05  6.0104E-05
  3.6960E-02  2.5646E-05  2.5646E-05  6.1720E-05
  3.7300E-02  2.6361E-05  2.6361E-05  6.3378E-05
  3.7643E-02  2.7095E-05  2.7095E-05  6.5081E-05
  3.7989E-02  2.7849E-05  2.7849E-05  6.6829E-05
  3.8339E-02  2.8624E-05  2.8624E-05  6.8623E-05
  3.8692E-02  2.9421E-05  2.9421E-05  7.0464E-05
  3.9048E-02  3.0241E-05  3.0241E-05  7.2355E-05
  3.9407E-02  3.1083E-05  3.1083E-05  7.4296E-05
  3.9769E-02  3.1948E-05  3.1948E-05  7.6288E-05
  4.0135E-02  3.2837E-05  3.2837E-05  7.8333E-05
  4.0505E-02  3.3752E-05  3.3752E-05  8.0431E-05
  4.0877E-02  3.4691E-05  3.4691E-05  8.2586E-05
  4.1253E-02  3.5657E-05  3.5657E-05  8.4797E-05
  4.1633E-02  3.6650E-05  3.6650E-05  8.7067E-05
  4.2016E-02  3.7671E-05  3.7671E-05  8.9397E-05
  4.2402E-02  3.8719E-05  3.8719E-05  9.1788E-05
  4.2792E-02  3.9797E-05  3.9797E-05  9.4242E-05
  4.3186E-02  4.0905E-05  4.0905E-05  9.6761E-05
  4.3583E-02  4.2044E-05  4.2044E-05  9.9347E-05
  4.3984E-02  4.3215E-05  4.3215E-05  1.0200E-04
  4.4389E-02  4.4418E-05  4.4418E-05  1.0472E-04
  4.4797E-02  4.5654E-05  4.5654E-05  1.0752E-04
  4.5210E-02  4.6925E-05  4.6925E-05  1.1039E-04
  4.5625E-02  4.8232E-05  4.8232E-05  1.1333E-04
  4.6045E-02  4.9574E-05  4.9574E-05  1.1635E-04
  4.6469E-02  5.0954E-05  5.0954E-05  1.1946E-04
  4.6896E-02  5.2373E-05  5.2373E-05  1.2264E-04
  4.7328E-02  5.3831E-05  5.3831E-05  1.2590E-04
  4.7763E-02  5.5329E-05  5.5329E-05  1.2926E-04
  4.8203E-02  5.6869E-05  5.6869E-05  1.3270E-04
  4.8646E-02  5.8453E-05  5.8453E-05  1.3622E-04
  4.9094E-02  6.0080E-05  6.0080E-05  1.3985E-04
  4.9545E-02  6.1752E-05  6.1752E-05  1.4356E-04
  5.0001E-02  6.3471E-05  6.3471E-05  1.4738E-04
  5.0461E-02  6.5238E-05  6.5238E-05  1.5129E-04
  5.0925E-02  6.7054E-05  6.7054E-05  1.5531E-04
  5.1394E-02  6.8920E-05  6.8920E-05  1.5943E-04
  5.1867E-02  7.0838E-05  7.0838E-05  1.6366E-04
  5.2344E-02  7.2810E-05  7.2810E-05  1.6800E-04
  5.2825E-02  7.4837E-05  7.4837E-05  1.7245E-04
  5.3311E-02  7.6920E-05  7.6920E-05  1.7702E-04
  5.3802E-02  7.9060E-05  7.9060E-05  1.8171E-04
  5.4297E-02  8.1261E-05  8.1261E-05  1.8652E-04
  5.4796E-02  8.3522E-05  8.3522E-05  1.9145E-04
  5.5300E-02  8.5847E-05  8.5847E-05  1.9652E-04
  5.5809E-02  8.8236E-05  8.8236E-05  2.0171E-04
  5.6323E-02  9.0692E-05  9.0692E-05  2.0704E-04
  5.6841E-02  9.3216E-05  9.3216E-05  2.1251E-04
  5.7364E-02  9.5810E-05  9.5810E-05  2.1812E-04
  5.7892E-02  9.8476E-05  9.8476E-05  2.2388E-04
  5.8424E-02  1.0122E-04  1.0122E-04  2.2978E-04
  5.8962E-02  1.0403E-04  1.0403E-04  2.3584E-04
  5.9504E-02  1.0693E-04  1.0693E-04  2.4205E-04
  6.0051E-02  1.0990E-04  1.0990E-04  2.4843E-04
  6.0604E-02  1.1296E-04  1.1296E-04  2.5497E-04
  6.1162E-02  1.1611E-04  1.1611E-04  2.6168E-04
  6.1724E-02  1.1934E-04  1.1934E-04  2.6856E-04
  6.2292E-02  1.2266E-04  1.2266E-04  2.7562E-04
  6.2865E-02  1.2607E-04  1.2607E-04  2.8286E-04
  6.3443E-02  1.2958E-04  1.2958E-04  2.9029E-04
  6.4027E-02  1.3318E-04  1.3318E-04  2.9791E-04
  6.4616E-02  1.3689E-04  1.3689E-04  3.0573E-04
  6.5211E-02  1.4070E-04  1.4070E-04  3.1375E-04
  6.5811E-02  1.4461E-04  1.4461E-04  3.2197E-04
  6.6416E-02  1.4863E-04  1.4863E-04  3.3041E-04
  6.7027E-02  1.5277E-04  1.5277E-04  3.3906E-04
  6.7644E-02  1.5702E-04  1.5702E-04  3.4793E-04
  6.8266E-02  1.6139E-04  1.6139E-04  3.5704E-04
  6.8894E-02  1.6588E-04  1.6588E-04  3.6637E-04
  6.9528E-02  1.7049E-04  1.7049E-04  3.7594E-04
  7.0167E-02  1.7524E-04  1.7524E-04  3.8576E-04
  7.0813E-02  1.8011E-04  1.8011E-04  3.9583E-04
  7.1464E-02  1.8512E-04  1.8512E-04  4.0616E-04
  7.2122E-02  1.9027E-04  1.9027E-04  4.1675E-04
  7.2785E-02  1.9556E-04  1.9556E-04  4.2761E-04
  7.3455E-02  2.0100E-04  2.0100E-04  4.3875E-04
  7.4131E-02  2.0659E-04  2.0659E-04  4.5017E-04
  7.4813E-02  2.1234E-04  2.1234E-04  4.6189E-04
  7.5501E-02  2.1824E-04  2.1824E-04  4.7390E-04
  7.6196E-02  2.2431E-04  2.2431E-04  4.8621E-04
  7.6897E-02  2.3055E-04  2.3055E-04  4.9884E-04
  7.7604E-02  2.3696E-04  2.3696E-04  5.1179E-04
  7.8318E-02  2.4355E-04  2.4355E-04  5.2507E-04
  7.9039E-02  2.5032E-04  2.5032E-04  5.3869E-04
  7.9766E-02  2.5728E-04  2.5728E-04  5.5265E-04
  8.0500E-02  2.6444E-04  2.6444E-04  5.6696E-04
  8.1240E-02  2.7179E-04  2.7179E-04  5.8164E-04
  8.1988E-02  2.7935E-04  2.7935E-04  5.9668E-04
  8.2742E-02  2.8711E-04  2.8711E-04  6.1211E-04
  8.3503E-02  2.9510E-04  2.9510E-04  6.2793E-04
  8.4271E-02  3.0330E-04  3.0330E-04  6.4414E-04
  8.5047E-02  3.1173E-04  3.1173E-04  6.6077E-04
  8.5829E-02  3.2040E-04  3.2040E-04  6.7781E-04
  8.6619E-02  3.2930E-04  3.2930E-04  6.9528E-04
  8.7415E-02  3.3846E-04  3.3846E-04  7.1319E-04
  8.8220E-02  3.4787E-04  3.4787E-04  7.3155E-04
  8.9031E-02  3.5753E-04  3.5753E-04  7.5037E-04
  8.9850E-02  3.6747E-04  3.6747E-04  7.6967E-04
  9.0677E-02  3.7768E-04  3.7768E-04  7.8944E-04
  9.1511E-02  3.8818E-04  3.8818E-04  8.0971E-04
  9.2353E-02  3.9897E-04  3.9897E-04  8.3049E-04
  9.3203E-02  4.1006E-04  4.1006E-04  8.5179E-04
  9.4060E-02  4.2145E-04  4.2145E-04  8.7362E-04
  9.4925E-02  4.3316E-04  4.3316E-04  8.9600E-04
  9.5799E-02  4.4520E-04  4.4520E-04  9.1893E-04
  9.6680E-02  4.5757E-04  4.5757E-04  9.4244E-04
  9.7570E-02  4.7028E-04  4.7028E-04  9.6652E-04
  9.8467E-02  4.8334E-04  4.8334E-04  9.9121E-04
  9.9373E-02  4.9677E-04  4.9677E-04  1.0165E-03
  1.0029E-01  5.1057E-04  5.1057E-04  1.0424E-03
  1.0121E-01  5.2475E-04  5.2475E-04  1.0690E-03
  1.0214E-01  5.3933E-04  5.3933E-04  1.0963E-03
  1.0308E-01  5.5431E-04  5.5431E-04  1.1242E-03
  1.0403E-01  5.6970E-04  5.6970E-04  1.1528E-03
  1.0499E-01  5.8552E-04  5.8552E-04  1.1821E-03
  1.0595E-01  6.0178E-04  6.0178E-04  1.2121E-03
  1.0693E-01  6.1849E-04  6.1849E-04  1.2429E-03
  1.0791E-01  6.3567E-04  6.3567E-04  1.2744E-03
  1.0890E-01  6.5332E-04  6.5332E-04  1.3067E-03
  1.0990E-01  6.7146E-04  6.7146E-04  1.3398E-03
  1.1092E-01  6.9010E-04  6.9010E-04  1.3737E-03
  1.1194E-01  7.0925E-04  7.0925E-04  1.4084E-03
  1.1297E-01  7.2894E-04  7.2894E-04  1.4440E-03
  1.1401E-01  7.4918E-04  7.4918E-04  1.4805E-03
  1.1505E-01  7.6997E-04  7.6997E-04  1.5179E-03
  1.1611E-01  7.9134E-04  7.9134E-04  1.5561E-03
  1.1718E-01  8.1330E-04  8.1330E-04  1.5954E-03
  1.1826E-01  8.3587E-04  8.3587E-04  1.6355E-03
  1.1935E-01  8.5906E-04  8.5906E-04  1.6767E-03
  1.2045E-01  8.8289E-04  8.8289E-04  1.7188E-03
  1.2155E-01  9.0739E-04  9.0739E-04  1.7620E-03
  1.2267E-01  9.3256E-04  9.3256E-04  1.8062E-03
  1.2380E-01  9.5843E-04  9.5843E-04  1.8515E-03
  1.2494E-01  9.8501E-04  9.8501E-04  1.8979E-03
  1.2609E-01  1.0123E-03  1.0123E-03  1.9455E-03
  1.2725E-01  1.0404E-03  1.0404E-03  1.9942E-03
  1.2842E-01  1.0693E-03  1.0693E-03  2.0440E-03
  1.2960E-01  1.0989E-03  1.0989E-03  2.0951E-03
  1.3079E-01  1.1294E-03  1.1294E-03  2.1474E-03
  1.3200E-01  1.1607E-03  1.1607E-03  2.2010E-03
  1.3321E-01  1.1929E-03  1.1929E-03  2.2558E-03
  1.3444E-01  1.2259E-03  1.2259E-03  2.3120E-03
  1.3567E-01  1.2599E-03  1.2599E-03  2.3695E-03
  1.3692E-01  1.2948E-03  1.2948E-03  2.4284E-03
  1.3818E-01  1.3307E-03  1.3307E-03  2.4887E-03
  1.3945E-01  1.3676E-03  1.3676E-03  2.5505E-03
  1.4073E-01  1.4055E-03  1.4055E-03  2.6138E-03
  1.4203E-01  1.4444E-03  1.4444E-03  2.6785E-03
  1.4334E-01  1.4844E-03  1.4844E-03  2.7449E-03
  1.4465E-01  1.5255E-03  1.5255E-03  2.8128E-03
  1.4599E-01  1.5678E-03  1.5678E-03  2.8823E-03
  1.4733E-01  1.6112E-03  1.6112E-03  2.9535E-03
  1.4868E-01  1.6558E-03  1.6558E-03  3.0263E-03
  1.5005E-01  1.7016E-03  1.7016E-03  3.1009E-03
  1.5143E-01  1.7487E-03  1.7487E-03  3.1773E-03
  1.5283E-01  1.7971E-03  1.7971E-03  3.2555E-03
  1.5423E-01  1.8469E-03  1.8469E-03  3.3356E-03
  1.5565E-01  1.8980E-03  1.8980E-03  3.4175E-03
  1.5708E-01  1.9505E-03  1.9505E-03  3.5014E-03
  1.5853E-01  2.0045E-03  2.0045E-03  3.5873E-03
  1.5999E-01  2.0599E-03  2.0599E-03  3.6752E-03
  1.6146E-01  2.1169E-03  2.1169E-03  3.7651E-03
  1.6294E-01  2.1754E-03  2.1754E-03  3.8572E-03
  1.6444E-01  2.2356E-03  2.2356E-03  3.9515E-03
  1.6595E-01  2.2974E-03  2.2974E-03  4.0480E-03
  1.6748E-01  2.3609E-03  2.3609E-03  4.1467E-03
  1.6902E-01  2.4262E-03  2.4262E-03  4.2478E-03
  1.7058E-01  2.4932E-03  2.4932E-03  4.3512E-03
  1.7215E-01  2.5621E-03  2.5621E-03  4.4571E-03
  1.7373E-01  2.6329E-03  2.6329E-03  4.5654E-03
  1.7533E-01  2.7056E-03  2.7056E-03  4.6762E-03
  1.7694E-01  2.7804E-03  2.7804E-03  4.7897E-03
  1.7857E-01  2.8571E-03  2.8571E-03  4.9058E-03
  1.8021E-01  2.9360E-03  2.9360E-03  5.0246E-03
  1.8187E-01  3.0171E-03  3.0171E-03  5.1461E-03
  1.8354E-01  3.1004E-03  3.1004E-03  5.2705E-03
  1.8523E-01  3.1859E-03  3.1859E-03  5.3978E-03
  1.8694E-01  3.2738E-03  3.2738E-03  5.5280E-03
  1.8866E-01  3.3641E-03  3.3641E-03  5.6613E-03
  1.9039E-01  3.4569E-03  3.4569E-03  5.7976E-03
  1.9214E-01  3.5523E-03  3.5523E-03  5.9371E-03
  1.9391E-01  3.6502E-03  3.6502E-03  6.0798E-03
  1.9569E-01  3.7508E-03  3.7508E-03  6.2258E-03
  1.9749E-01  3.8542E-03  3.8542E-03  6.3751E-03
  1.9931E-01  3.9604E-03  3.9604E-03  6.5279E-03
  2.0115E-01  4.0695E-03  4.0695E-03  6.6843E-03
  2.0300E-01  4.1816E-03  4.1816E-03  6.8442E-03
  2.0486E-01  4.2968E-03  4.2968E-03  7.0077E-03
  2.0675E-01  4.4151E-03  4.4151E-03  7.1751E-03
  2.0865E-01  4.5366E-03  4.5366E-03  7.3462E-03
  2.1057E-01  4.6615E-03  4.6615E-03  7.5213E-03
  2.1251E-01  4.7898E-03  4.7898E-03  7.7004E-03
  2.1446E-01  4.9215E-03  4.9215E-03  7.8836E-03
  2.1643E-01  5.0569E-03  5.0569E-03  8.0709E-03
  2.1843E-01  5.1960E-03  5.1960E-03  8.2625E-03
  2.2044E-01  5.3388E-03  5.3388E-03  8.4585E-03
  2.2246E-01  5.4855E-03  5.4855E-03  8.6590E-03
  2.2451E-01  5.6363E-03  5.6363E-03  8.8640E-03
  2.2658E-01  5.7911E-03  5.7911E-03  9.0736E-03
  2.2866E-01  5.9501E-03  5.9501E-03  9.2881E-03
  2.3076E-01  6.1135E-03  6.1135E-03  9.5073E-03
  2.3289E-01  6.2813E-03  6.2813E-03  9.7316E-03
  2.3503E-01  6.4537E-03  6.4537E-03  9.9609E-03
  2.3719E-01  6.6307E-03  6.6307E-03  1.0195E-02
  2.3937E-01  6.8126E-03  6.8126E-03  1.0435E-02
  2.4158E-01  6.9994E-03  6.9994E-03  1.0680E-02
  2.4380E-01  7.1912E-03  7.1912E-03  1.0931E-02
  2.4604E-01  7.3883E-03  7.3883E-03  1.1188E-02
  2.4830E-01  7.5907E-03  7.5907E-03  1.1450E-02
  2.5059E-01  7.7985E-03  7.7985E-03  1.1718E-02
  2.5289E-01  8.0120E-03  8.0120E-03  1.1992E-02
  2.5522E-01  8.2313E-03  8.2313E-03  1.2272E-02
  2.5757E-01  8.4565E-03  8.4565E-03  1.2559E-02
  2.5994E-01  8.6878E-03  8.6878E-03  1.2851E-02
  2.6233E-01  8.9254E-03  8.9254E-03  1.3151E-02
  2.6474E-01  9.1693E-03  9.1693E-03  1.3457E-02
  2.6718E-01  9.4198E-03  9.4198E-03  1.3770E-02
  2.6964E-01  9.6771E-03  9.6771E-03  1.4090E-02
  2.7212E-01  9.9413E-03  9.9413E-03  1.4418E-02
  2.7462E-01  1.0213E-02  1.0213E-02  1.4752E-02
  2.7715E-01  1.0491E-02  1.0491E-02  1.5094E-02
  2.7970E-01  1.0777E-02  1.0777E-02  1.5444E-02
  2.8227E-01  1.1071E-02  1.1071E-02  1.5801E-02
  2.8487E-01  1.1373E-02  1.1373E-02  1.6166E-02
  2.8749E-01  1.1683E-02  1.1683E-02  1.6540E-02
  2.9013E-01  1.2001E-02  1.2001E-02  1.6922E-02
  2.9280E-01  1.2327E-02  1.2327E-02  1.7312E-02
  2.9549E-01  1.2663E-02  1.2663E-02  1.7711E-02
  2.9821E-01  1.3007E-02  1.3007E-02  1.8119E-02
  3.0096E-01  1.3361E-02  1.3361E-02  1.8535E-02
  3.0373E-01  1.3724E-02  1.3724E-02  1.8962E-02
  3.0652E-01  1.4097E-02  1.4097E-02  1.9397E-02
  3.0934E-01  1.4479E-02  1.4479E-02  1.9842E-02
  3.1219E-01  1.4872E-02  1.4872E-02  2.0298E-02
  3.1506E-01  1.5275E-02  1.5275E-02  2.0763E-02
  3.1796E-01  1.5690E-02  1.5690E-02  2.1238E-02
  3.2088E-01  1.6115E-02  1.6115E-02  2.1724E-02
  3.2383E-01  1.6551E-02  1.6551E-02  2.2221E-02
  3.2681E-01  1.6999E-02  1.6999E-02  2.2729E-02
  3.2982E-01  1.7459E-02  1.7459E-02  2.3248E-02
  3.3285E-01  1.7931E-02  1.7931E-02  2.3778E-02
  3.3591E-01  1.8416E-02  1.8416E-02  2.4321E-02
  3.3901E-01  1.8913E-02  1.8913E-02  2.4875E-02
  3.4212E-01  1.9424E-02  1.9424E-02  2.5441E-02
  3.4527E-01  1.9948E-02  1.9948E-02  2.6020E-02
  3.4845E-01  2.0485E-02  2.0485E-02  2.6612E-02
  3.5165E-01  2.1037E-02  2.1037E-02  2.7217E-02
  3.5489E-01  2.1604E-02  2.1604E-02  2.7836E-02
  3.5815E-01  2.2186E-02  2.2186E-02  2.8468E-02
  3.6145E-01  2.2782E-02  2.2782E-02  2.9114E-02
  3.6477E-01  2.3395E-02  2.3395E-02  2.9774E-02
  3.6813E-01  2.4023E-02  2.4023E-02  3.0449E-02
  3.7152E-01  2.4669E-02  2.4669E-02  3.1139E-02
  3.7493E-01  2.5330E-02  2.5330E-02  3.1844E-02
  3.7838E-01  2.6010E-02  2.6010E-02  3.2565E-02
  3.8186E-01  2.6707E-02  2.6707E-02  3.3302E-02
  3.8538E-01  2.7422E-02  2.7422E-02  3.4055E-02
  3.8892E-01  2.8156E-02  2.8156E-02  3.4825E-02
  3.9250E-01  2.8909E-02  2.8909E-02  3.5612E-02
  3.9611E-01  2.9681E-02  2.9681E-02  3.6417E-02
  3.9976E-01  3.0474E-02  3.0474E-02  3.7239E-02
  4.0343E-01  3.1287E-02  3.1287E-02  3.8080E-02
  4.0714E-01  3.2122E-02  3.2122E-02  3.8939E-02
  4.1089E-01  3.2977E-02  3.2977E-02  3.9818E-02
  4.1467E-01  3.3856E-02  3.3856E-02  4.0716E-02
  4.1849E-01  3.4756E-02  3.4756E-02  4.1634E-02
  4.2234E-01  3.5680E-02  3.5680E-02  4.2573E-02
  4.2622E-01  3.6628E-02  3.6628E-02  4.3533E-02
  4.3014E-01  3.7600E-02  3.7600E-02  4.4514E-02
  4.3410E-01  3.8598E-02  3.8598E-02  4.5517E-02
  4.3809E-01  3.9621E-02  3.9621E-02  4.6543E-02
  4.4212E-01  4.0670E-02  4.0670E-02  4.7592E-02
  4.4619E-01  4.1746E-02  4.1746E-02  4.8664E-02
  4.5030E-01  4.2849E-02  4.2849E-02  4.9761E-02
  4.5444E-01  4.3981E-02  4.3981E-02  5.0882E-02
  4.5862E-01  4.5142E-02  4.5142E-02  5.2029E-02
  4.6284E-01  4.6332E-02  4.6332E-02  5.3202E-02
  4.6710E-01  4.7553E-02  4.7553E-02  5.4401E-02
  4.7139E-01  4.8805E-02  4.8805E-02  5.5627E-02
  4.7573E-01  5.0088E-02  5.0088E-02  5.6882E-02
  4.8011E-01  5.1404E-02  5.1404E-02  5.8165E-02
  4.8452E-01  5.2754E-02  5.2754E-02  5.9477E-02
  4.8898E-01  5.4137E-02  5.4137E-02  6.0819E-02
  4.9348E-01  5.5556E-02  5.5556E-02  6.2192E-02
  4.9802E-01  5.7010E-02  5.7010E-02  6.3597E-02
  5.0260E-01  5.8501E-02  5.8501E-02  6.5034E-02
  5.0722E-01  6.0030E-02  6.0030E-02  6.6504E-02
  5.1189E-01  6.1597E-02  6.1597E-02  6.8008E-02
  5.1660E-01  6.3204E-02  6.3204E-02  6.9547E-02
  5.2135E-01  6.4851E-02  6.4851E-02  7.1122E-02
  5.2615E-01  6.6539E-02  6.6539E-02  7.2734E-02
  5.3099E-01  6.8270E-02  6.8270E-02  7.4383E-02
  5.3587E-01  7.0044E-02  7.0044E-02  7.6070E-02
  5.4080E-01  7.1862E-02  7.1862E-02  7.7798E-02
  5.4578E-01  7.3726E-02  7.3726E-02  7.9566E-02
  5.5080E-01  7.5636E-02  7.5636E-02  8.1375E-02
  5.5587E-01  7.7594E-02  7.7594E-02  8.3228E-02
  5.6098E-01  7.9601E-02  7.9601E-02  8.5125E-02
  5.6614E-01  8.1658E-02  8.1658E-02  8.7067E-02
  5.7135E-01  8.3766E-02  8.3766E-02  8.9055E-02
  5.7661E-01  8.5926E-02  8.5926E-02  9.1091E-02
  5.8191E-01  8.8140E-02  8.8140E-02  9.3176E-02
  5.8727E-01  9.0409E-02  9.0409E-02  9.5311E-02
  5.9267E-01  9.2735E-02  9.2735E-02  9.7498E-02
  5.9812E-01  9.5118E-02  9.5118E-02  9.9739E-02
  6.0362E-01  9.7560E-02  9.7560E-02  1.0203E-01
  6.0918E-01  1.0006E-01  1.0006E-01  1.0438E-01
  6.1478E-01  1.0263E-01  1.0263E-01  1.0679E-01
  6.2044E-01  1.0526E-01  1.0526E-01  1.0926E-01
  6.2614E-01  1.0795E-01  1.0795E-01  1.1179E-01
  6.3190E-01  1.1071E-01  1.1071E-01  1.1438E-01
  6.3772E-01  1.1354E-01  1.1354E-01  1.1704E-01
  6.4358E-01  1.1644E-01  1.1644E-01  1.1977E-01
  6.4951E-01  1.1941E-01  1.1941E-01  1.2256E-01
  6.5548E-01  1.2246E-01  1.2246E-01  1.2542E-01
  6.6151E-01  1.2558E-01  1.2558E-01  1.2836E-01
  6.6760E-01  1.2878E-01  1.2878E-01  1.3137E-01
  6.7374E-01  1.3206E-01  1.3206E-01  1.3446E-01
  6.7994E-01  1.3542E-01  1.3542E-01  1.3762E-01
  6.8619E-01  1.3886E-01  1.3886E-01  1.4087E-01
  6.9250E-01  1.4239E-01  1.4239E-01  1.4421E-01
  6.9888E-01  1.4601E-01  1.4601E-01  1.4763E-01
  7.0530E-01  1.4972E-01  1.4972E-01  1.5114E-01
  7.1179E-01  1.5353E-01  1.5353E-01  1.5474E-01
  7.1834E-01  1.5743E-01  1.5743E-01  1.5844E-01
  7.2495E-01  1.6143E-01  1.6143E-01  1.6224E-01
  7.3162E-01  1.6553E-01  1.6553E-01  1.6614E-01
  7.3835E-01  1.6973E-01  1.6973E-01  1.7014E-01
  7.4514E-01  1.7404E-01  1.7404E-01  1.7425E-01
  7.5200E-01  1.7846E-01  1.7846E-01  1.7847E-01
  7.5892E-01  1.8300E-01  1.8300E-01  1.8281E-01
  7.6590E-01  1.8765E-01  1.8765E-01  1.8727E-01
  7.7294E-01  1.9242E-01  1.9242E-01  1.9185E-01
  7.8005E-01  1.9732E-01  1.9732E-01  1.9656E-01
  7.8723E-01  2.0234E-01  2.0234E-01  2.0140E-01
  7.9447E-01  2.0750E-01  2.0750E-01  2.0637E-01
  8.0178E-01  2.1279E-01  2.1279E-01  2.1149E-01
  8.0916E-01  2.1823E-01  2.1823E-01  2.1675E-01
  8.1660E-01  2.2380E-01  2.2380E-01  2.2215E-01
  8.2412E-01  2.2953E-01  2.2953E-01  2.2772E-01
  8.3170E-01  2.3541E-01  2.3541E-01  2.3344E-01
  8.3935E-01  2.4145E-01  2.4145E-01  2.3933E-01
  8.4707E-01  2.4765E-01  2.4765E-01  2.4540E-01
  8.5486E-01  2.5403E-01  2.5403E-01  2.5164E-01
  8.6273E-01  2.6058E-01  2.6058E-01  2.5806E-01
  8.7066E-01  2.6731E-01  2.6731E-01  2.6468E-01
  8.7867E-01  2.7423E-01  2.7423E-01  2.7149E-01
  8.8676E-01  2.8135E-01  2.8135E-01  2.7851E-01
  8.9492E-01  2.8867E-01  2.8867E-01  2.8573E-01
  9.0315E-01  2.9620E-01  2.9620E-01  2.9318E-01
  9.1146E-01  3.0394E-01  3.0394E-01  3.0086E-01
  9.1984E-01  3.1192E-01  3.1192E-01  3.0877E-01
  9.2830E-01  3.2012E-01  3.2012E-01  3.1692E-01
  9.3684E-01  3.2857E-01  3.2857E-01  3.2533E-01
  9.4546E-01  3.3727E-01  3.3727E-01  3.3400E-01
  9.5416E-01  3.4623E-01  3.4623E-01  3.4295E-01
  9.6294E-01  3.5547E-01  3.5547E-01  3.5218E-01
  9.7180E-01  3.6498E-01  3.6498E-01  3.6170E-01
  9.8074E-01  3.7479E-01  3.7479E-01  3.7153E-01
  9.8976E-01  3.8491E-01  3.8491E-01  3.8167E-01
  9.9887E-01  3.9534E-01  3.9534E-01  3.9214E-01
  1.0081E+00  4.0611E-01  4.0611E-01  4.0296E-01
  1.0173E+00  4.1722E-01  4.1722E-01  4.1413E-01
  1.0267E+00  4.2869E-01  4.2869E-01  4.2567E-01
  1.0361E+00  4.4053E-01  4.4053E-01  4.3759E-01
  1.0457E+00  4.5276E-01  4.5276E-01  4.4991E-01
  1.0553E+00  4.6540E-01  4.6540E-01  4.6265E-01
  1.0650E+00  4.7846E-01  4.7846E-01  4.7581E-01
  1.0748E+00  4.9196E-01  4.9196E-01  4.8943E-01
  1.0847E+00  5.0592E-01  5.0592E-01  5.0351E-01
  1.0947E+00  5.2037E-01  5.2037E-01  5.1808E-01
  1.1047E+00  5.3531E-01  5.3531E-01  5.3316E-01
  1.1149E+00  5.5078E-01  5.5078E-01  5.4876E-01
  1.1251E+00  5.6679E-01  5.6679E-01  5.6491E-01
  1.1355E+00  5.8337E-01  5.8337E-01  5.8163E-01
  1.1459E+00  6.0054E-01  6.0054E-01  5.9895E-01
  1.1565E+00  6.1834E-01  6.1834E-01  6.1689E-01
  1.1671E+00  6.3678E-01  6.3678E-01  6.3547E-01
  1.1779E+00  6.5590E-01  6.5590E-01  6.5474E-01
  1.1887E+00  6.7572E-01  6.7572E-01  6.7470E-01
  1.1996E+00  6.9629E-01  6.9629E-01  6.9540E-01
  1.2107E+00  7.1762E-01  7.1762E-01  7.1686E-01
  1.2218E+00  7.3976E-01  7.3976E-01  7.3912E-01
  1.2331E+00  7.6274E-01  7.6274E-01  7.6222E-01
  1.2444E+00  7.8660E-01  7.8660E-01  7.8619E-01
  1.2558E+00  8.1138E-01  8.1138E-01  8.1107E-01
  1.2674E+00  8.3711E-01  8.3711E-01  8.3690E-01
  1.2791E+00  8.6385E-01  8.6385E-01  8.6372E-01
  1.2908E+00  8.9164E-01  8.9164E-01  8.9158E-01
  1.3027E+00  9.2052E-01  9.2052E-01  9.2052E-01
  1.3147E+00  9.5055E-01  9.5055E-01  9.5060E-01
  1.3268E+00  9.8178E-01  9.8178E-01  9.8187E-01
  1.3390E+00  1.0143E+00  1.0143E+00  1.0144E+00
  1.3513E+00  1.0480E+00  1.0480E+00  1.0482E+00
  1.3637E+00  1.0832E+00  1.0832E+00  1.0833E+00
  1.3763E+00  1.1198E+00  1.1198E+00  1.1199E+00
  1.3889E+00  1.1579E+00  1.1579E+00  1.1580E+00
  1.4017E+00  1.1975E+00  1.1975E+00  1.1977E+00
  1.4146E+00  1.2388E+00  1.2388E+00  1.2389E+00
  1.4276E+00  1.2818E+00  1.2818E+00  1.2819E+00
  1.4408E+00  1.3266E+00  1.3266E+00  1.3267E+00
  1.4540E+00  1.3733E+00  1.3733E+00  1.3734E+00
  1.4674E+00  1.4220E+00  1.4220E+00  1.4221E+00
  1.4809E+00  1.4728E+00  1.4728E+00  1.4728E+00
  1.4945E+00  1.5257E+00  1.5257E+00  1.5257E+00
  1.5083E+00  1.5809E+00  1.5809E+00  1.5809E+00
  1.5221E+00  1.6386E+00  1.6386E+00  1.6386E+00
  1.5361E+00  1.6987E+00  1.6987E+00  1.6987E+00
  1.5503E+00  1.7616E+00  1.7616E+00  1.7615E+00
  1.5645E+00  1.8272E+00  1.8272E+00  1.8271E+00
  1.5789E+00  1.8957E+00  1.8957E+00  1.8956E+00
  1.5935E+00  1.9673E+00  1.9673E+00  1.9672E+00
  1.6081E+00  2.0422E+00  2.0422E+00  2.0420E+00
  1.6229E+00  2.1204E+00  2.1204E+00  2.1202E+00
  1.6378E+00  2.2023E+00  2.2023E+00  2.2021E+00
  1.6529E+00  2.2880E+00  2.2880E+00  2.2877E+00
