 # l=           1 basis function with energy     2.00000000000000     
  0.0000E+00  0.0000E+00  0.0000E+00  0.0000E+00
  1.0222E-08 -4.4814E-15 -3.5133E-16 -1.0904E-15
  2.0538E-08 -1.8091E-14 -1.4183E-15 -4.4017E-15
  3.0949E-08 -4.1080E-14 -3.2206E-15 -9.9952E-15
  4.1455E-08 -7.3707E-14 -5.7785E-15 -1.7934E-14
  5.2059E-08 -1.1623E-13 -9.1125E-15 -2.8281E-14
  6.2759E-08 -1.6893E-13 -1.3244E-14 -4.1102E-14
  7.3559E-08 -2.3207E-13 -1.8194E-14 -5.6465E-14
  8.4457E-08 -3.0593E-13 -2.3984E-14 -7.4436E-14
  9.5456E-08 -3.9080E-13 -3.0638E-14 -9.5086E-14
  1.0656E-07 -4.8697E-13 -3.8178E-14 -1.1849E-13
  1.1776E-07 -5.9475E-13 -4.6627E-14 -1.4471E-13
  1.2906E-07 -7.1443E-13 -5.6010E-14 -1.7383E-13
  1.4047E-07 -8.4632E-13 -6.6350E-14 -2.0592E-13
  1.5199E-07 -9.9075E-13 -7.7673E-14 -2.4106E-13
  1.6361E-07 -1.1480E-12 -9.0004E-14 -2.7933E-13
  1.7533E-07 -1.3185E-12 -1.0337E-13 -3.2081E-13
  1.8717E-07 -1.5025E-12 -1.1779E-13 -3.6558E-13
  1.9911E-07 -1.7004E-12 -1.3331E-13 -4.1372E-13
  2.1117E-07 -1.9125E-12 -1.4994E-13 -4.6533E-13
  2.2333E-07 -2.1392E-12 -1.6771E-13 -5.2048E-13
  2.3561E-07 -2.3808E-12 -1.8665E-13 -5.7928E-13
  2.4800E-07 -2.6378E-12 -2.0680E-13 -6.4180E-13
  2.6050E-07 -2.9105E-12 -2.2818E-13 -7.0815E-13
  2.7312E-07 -3.1993E-12 -2.5082E-13 -7.7842E-13
  2.8585E-07 -3.5046E-12 -2.7475E-13 -8.5270E-13
  2.9871E-07 -3.8268E-12 -3.0001E-13 -9.3110E-13
  3.1168E-07 -4.1663E-12 -3.2663E-13 -1.0137E-12
  3.2476E-07 -4.5236E-12 -3.5464E-13 -1.1006E-12
  3.3797E-07 -4.8991E-12 -3.8408E-13 -1.1920E-12
  3.5131E-07 -5.2932E-12 -4.1498E-13 -1.2879E-12
  3.6476E-07 -5.7064E-12 -4.4737E-13 -1.3884E-12
  3.7834E-07 -6.1391E-12 -4.8129E-13 -1.4937E-12
  3.9204E-07 -6.5918E-12 -5.1679E-13 -1.6039E-12
  4.0587E-07 -7.0651E-12 -5.5389E-13 -1.7190E-12
  4.1982E-07 -7.5593E-12 -5.9264E-13 -1.8393E-12
  4.3391E-07 -8.0750E-12 -6.3307E-13 -1.9647E-12
  4.4812E-07 -8.6127E-12 -6.7522E-13 -2.0956E-12
  4.6247E-07 -9.1729E-12 -7.1914E-13 -2.2319E-12
  4.7694E-07 -9.7562E-12 -7.6487E-13 -2.3738E-12
  4.9155E-07 -1.0363E-11 -8.1244E-13 -2.5214E-12
  5.0630E-07 -1.0994E-11 -8.6191E-13 -2.6750E-12
  5.2118E-07 -1.1650E-11 -9.1332E-13 -2.8345E-12
  5.3619E-07 -1.2331E-11 -9.6671E-13 -3.0002E-12
  5.5135E-07 -1.3038E-11 -1.0221E-12 -3.1722E-12
  5.6664E-07 -1.3771E-11 -1.0796E-12 -3.3506E-12
  5.8208E-07 -1.4531E-11 -1.1392E-12 -3.5356E-12
  5.9765E-07 -1.5320E-11 -1.2010E-12 -3.7274E-12
  6.1337E-07 -1.6136E-11 -1.2650E-12 -3.9261E-12
  6.2924E-07 -1.6982E-11 -1.3313E-12 -4.1318E-12
  6.4525E-07 -1.7857E-11 -1.3999E-12 -4.3447E-12
  6.6141E-07 -1.8762E-11 -1.4709E-12 -4.5650E-12
  6.7771E-07 -1.9699E-11 -1.5444E-12 -4.7929E-12
  6.9417E-07 -2.0667E-11 -1.6203E-12 -5.0285E-12
  7.1078E-07 -2.1668E-11 -1.6987E-12 -5.2720E-12
  7.2754E-07 -2.2702E-11 -1.7798E-12 -5.5236E-12
  7.4445E-07 -2.3770E-11 -1.8635E-12 -5.7834E-12
  7.6153E-07 -2.4872E-11 -1.9499E-12 -6.0517E-12
  7.7875E-07 -2.6010E-11 -2.0392E-12 -6.3286E-12
  7.9614E-07 -2.7185E-11 -2.1312E-12 -6.6143E-12
  8.1369E-07 -2.8396E-11 -2.2262E-12 -6.9091E-12
  8.3139E-07 -2.9646E-11 -2.3242E-12 -7.2131E-12
  8.4926E-07 -3.0934E-11 -2.4251E-12 -7.5265E-12
  8.6730E-07 -3.2261E-11 -2.5292E-12 -7.8495E-12
  8.8550E-07 -3.3630E-11 -2.6365E-12 -8.1825E-12
  9.0387E-07 -3.5039E-11 -2.7470E-12 -8.5254E-12
  9.2240E-07 -3.6491E-11 -2.8609E-12 -8.8787E-12
  9.4111E-07 -3.7986E-11 -2.9781E-12 -9.2425E-12
  9.5999E-07 -3.9526E-11 -3.0988E-12 -9.6171E-12
  9.7905E-07 -4.1110E-11 -3.2230E-12 -1.0003E-11
  9.9827E-07 -4.2741E-11 -3.3508E-12 -1.0399E-11
  1.0177E-06 -4.4419E-11 -3.4824E-12 -1.0808E-11
  1.0373E-06 -4.6145E-11 -3.6177E-12 -1.1228E-11
  1.0570E-06 -4.7920E-11 -3.7569E-12 -1.1660E-11
  1.0770E-06 -4.9746E-11 -3.9000E-12 -1.2104E-11
  1.0971E-06 -5.1623E-11 -4.0472E-12 -1.2560E-11
  1.1174E-06 -5.3552E-11 -4.1984E-12 -1.3030E-11
  1.1379E-06 -5.5536E-11 -4.3539E-12 -1.3512E-11
  1.1586E-06 -5.7573E-11 -4.5137E-12 -1.4008E-11
  1.1795E-06 -5.9667E-11 -4.6778E-12 -1.4518E-11
  1.2006E-06 -6.1818E-11 -4.8465E-12 -1.5041E-11
  1.2218E-06 -6.4028E-11 -5.0197E-12 -1.5579E-11
  1.2433E-06 -6.6297E-11 -5.1976E-12 -1.6131E-11
  1.2650E-06 -6.8627E-11 -5.3803E-12 -1.6698E-11
  1.2868E-06 -7.1019E-11 -5.5678E-12 -1.7280E-11
  1.3089E-06 -7.3475E-11 -5.7604E-12 -1.7877E-11
  1.3311E-06 -7.5996E-11 -5.9580E-12 -1.8491E-11
  1.3536E-06 -7.8583E-11 -6.1608E-12 -1.9120E-11
  1.3763E-06 -8.1238E-11 -6.3689E-12 -1.9766E-11
  1.3992E-06 -8.3962E-11 -6.5825E-12 -2.0429E-11
  1.4223E-06 -8.6756E-11 -6.8016E-12 -2.1109E-11
  1.4456E-06 -8.9623E-11 -7.0263E-12 -2.1806E-11
  1.4691E-06 -9.2563E-11 -7.2568E-12 -2.2522E-11
  1.4928E-06 -9.5579E-11 -7.4932E-12 -2.3255E-11
  1.5168E-06 -9.8671E-11 -7.7357E-12 -2.4008E-11
  1.5410E-06 -1.0184E-10 -7.9842E-12 -2.4779E-11
  1.5654E-06 -1.0509E-10 -8.2390E-12 -2.5570E-11
  1.5900E-06 -1.0842E-10 -8.5003E-12 -2.6381E-11
  1.6148E-06 -1.1184E-10 -8.7681E-12 -2.7212E-11
  1.6399E-06 -1.1534E-10 -9.0425E-12 -2.8064E-11
  1.6652E-06 -1.1893E-10 -9.3238E-12 -2.8936E-11
  1.6908E-06 -1.2260E-10 -9.6120E-12 -2.9831E-11
  1.7165E-06 -1.2637E-10 -9.9073E-12 -3.0747E-11
  1.7425E-06 -1.3023E-10 -1.0210E-11 -3.1686E-11
  1.7688E-06 -1.3418E-10 -1.0520E-11 -3.2648E-11
  1.7953E-06 -1.3823E-10 -1.0837E-11 -3.3634E-11
  1.8220E-06 -1.4238E-10 -1.1163E-11 -3.4643E-11
  1.8490E-06 -1.4663E-10 -1.1496E-11 -3.5677E-11
  1.8762E-06 -1.5098E-10 -1.1837E-11 -3.6735E-11
  1.9037E-06 -1.5544E-10 -1.2186E-11 -3.7820E-11
  1.9315E-06 -1.6000E-10 -1.2544E-11 -3.8930E-11
  1.9595E-06 -1.6467E-10 -1.2910E-11 -4.0066E-11
  1.9877E-06 -1.6945E-10 -1.3285E-11 -4.1230E-11
  2.0162E-06 -1.7435E-10 -1.3669E-11 -4.2421E-11
  2.0450E-06 -1.7936E-10 -1.4061E-11 -4.3640E-11
  2.0740E-06 -1.8449E-10 -1.4464E-11 -4.4888E-11
  2.1033E-06 -1.8974E-10 -1.4875E-11 -4.6165E-11
  2.1329E-06 -1.9511E-10 -1.5296E-11 -4.7473E-11
  2.1627E-06 -2.0061E-10 -1.5727E-11 -4.8810E-11
  2.1928E-06 -2.0623E-10 -1.6169E-11 -5.0179E-11
  2.2232E-06 -2.1199E-10 -1.6620E-11 -5.1580E-11
  2.2539E-06 -2.1788E-10 -1.7082E-11 -5.3013E-11
  2.2849E-06 -2.2391E-10 -1.7554E-11 -5.4480E-11
  2.3161E-06 -2.3007E-10 -1.8037E-11 -5.5980E-11
  2.3476E-06 -2.3638E-10 -1.8532E-11 -5.7514E-11
  2.3795E-06 -2.4283E-10 -1.9038E-11 -5.9084E-11
  2.4116E-06 -2.4943E-10 -1.9555E-11 -6.0689E-11
  2.4440E-06 -2.5618E-10 -2.0084E-11 -6.2331E-11
  2.4767E-06 -2.6308E-10 -2.0625E-11 -6.4011E-11
  2.5097E-06 -2.7014E-10 -2.1179E-11 -6.5728E-11
  2.5430E-06 -2.7736E-10 -2.1745E-11 -6.7485E-11
  2.5766E-06 -2.8474E-10 -2.2323E-11 -6.9281E-11
  2.6106E-06 -2.9229E-10 -2.2915E-11 -7.1117E-11
  2.6448E-06 -3.0000E-10 -2.3520E-11 -7.2995E-11
  2.6793E-06 -3.0789E-10 -2.4139E-11 -7.4914E-11
  2.7142E-06 -3.1596E-10 -2.4771E-11 -7.6877E-11
  2.7494E-06 -3.2421E-10 -2.5417E-11 -7.8884E-11
  2.7849E-06 -3.3264E-10 -2.6078E-11 -8.0935E-11
  2.8208E-06 -3.4125E-10 -2.6754E-11 -8.3031E-11
  2.8569E-06 -3.5006E-10 -2.7445E-11 -8.5175E-11
  2.8934E-06 -3.5907E-10 -2.8150E-11 -8.7365E-11
  2.9303E-06 -3.6827E-10 -2.8872E-11 -8.9604E-11
  2.9675E-06 -3.7767E-10 -2.9609E-11 -9.1892E-11
  3.0050E-06 -3.8728E-10 -3.0363E-11 -9.4231E-11
  3.0429E-06 -3.9710E-10 -3.1133E-11 -9.6621E-11
  3.0811E-06 -4.0714E-10 -3.1920E-11 -9.9063E-11
  3.1196E-06 -4.1740E-10 -3.2724E-11 -1.0156E-10
  3.1586E-06 -4.2788E-10 -3.3545E-11 -1.0411E-10
  3.1978E-06 -4.3859E-10 -3.4385E-11 -1.0671E-10
  3.2375E-06 -4.4953E-10 -3.5243E-11 -1.0938E-10
  3.2775E-06 -4.6071E-10 -3.6119E-11 -1.1210E-10
  3.3179E-06 -4.7213E-10 -3.7014E-11 -1.1487E-10
  3.3586E-06 -4.8379E-10 -3.7929E-11 -1.1771E-10
  3.3997E-06 -4.9571E-10 -3.8863E-11 -1.2061E-10
  3.4412E-06 -5.0789E-10 -3.9818E-11 -1.2358E-10
  3.4831E-06 -5.2032E-10 -4.0793E-11 -1.2660E-10
  3.5254E-06 -5.3303E-10 -4.1789E-11 -1.2969E-10
  3.5680E-06 -5.4600E-10 -4.2806E-11 -1.3285E-10
  3.6111E-06 -5.5926E-10 -4.3846E-11 -1.3608E-10
  3.6545E-06 -5.7280E-10 -4.4907E-11 -1.3937E-10
  3.6984E-06 -5.8662E-10 -4.5991E-11 -1.4273E-10
  3.7426E-06 -6.0074E-10 -4.7098E-11 -1.4617E-10
  3.7873E-06 -6.1516E-10 -4.8228E-11 -1.4968E-10
  3.8323E-06 -6.2989E-10 -4.9383E-11 -1.5326E-10
  3.8778E-06 -6.4493E-10 -5.0562E-11 -1.5692E-10
  3.9237E-06 -6.6028E-10 -5.1766E-11 -1.6066E-10
  3.9700E-06 -6.7596E-10 -5.2995E-11 -1.6447E-10
  4.0168E-06 -6.9198E-10 -5.4251E-11 -1.6837E-10
  4.0639E-06 -7.0833E-10 -5.5532E-11 -1.7235E-10
  4.1115E-06 -7.2502E-10 -5.6841E-11 -1.7641E-10
  4.1596E-06 -7.4206E-10 -5.8177E-11 -1.8055E-10
  4.2081E-06 -7.5946E-10 -5.9542E-11 -1.8479E-10
  4.2570E-06 -7.7723E-10 -6.0934E-11 -1.8911E-10
  4.3064E-06 -7.9537E-10 -6.2356E-11 -1.9352E-10
  4.3562E-06 -8.1388E-10 -6.3808E-11 -1.9803E-10
  4.4065E-06 -8.3279E-10 -6.5290E-11 -2.0263E-10
  4.4573E-06 -8.5208E-10 -6.6803E-11 -2.0732E-10
  4.5085E-06 -8.7178E-10 -6.8347E-11 -2.1212E-10
  4.5602E-06 -8.9189E-10 -6.9924E-11 -2.1701E-10
  4.6124E-06 -9.1241E-10 -7.1533E-11 -2.2200E-10
  4.6651E-06 -9.3337E-10 -7.3176E-11 -2.2710E-10
  4.7182E-06 -9.5475E-10 -7.4852E-11 -2.3230E-10
  4.7718E-06 -9.7658E-10 -7.6563E-11 -2.3762E-10
  4.8259E-06 -9.9885E-10 -7.8310E-11 -2.4304E-10
  4.8806E-06 -1.0216E-09 -8.0093E-11 -2.4857E-10
  4.9357E-06 -1.0448E-09 -8.1912E-11 -2.5422E-10
  4.9913E-06 -1.0685E-09 -8.3769E-11 -2.5998E-10
  5.0474E-06 -1.0927E-09 -8.5664E-11 -2.6586E-10
  5.1041E-06 -1.1173E-09 -8.7598E-11 -2.7186E-10
  5.1613E-06 -1.1425E-09 -8.9571E-11 -2.7799E-10
  5.2190E-06 -1.1682E-09 -9.1585E-11 -2.8424E-10
  5.2772E-06 -1.1944E-09 -9.3641E-11 -2.9062E-10
  5.3360E-06 -1.2211E-09 -9.5738E-11 -2.9712E-10
  5.3953E-06 -1.2484E-09 -9.7878E-11 -3.0377E-10
  5.4552E-06 -1.2763E-09 -1.0006E-10 -3.1054E-10
  5.5156E-06 -1.3047E-09 -1.0229E-10 -3.1746E-10
  5.5765E-06 -1.3337E-09 -1.0456E-10 -3.2452E-10
  5.6381E-06 -1.3633E-09 -1.0688E-10 -3.3172E-10
  5.7001E-06 -1.3935E-09 -1.0925E-10 -3.3906E-10
  5.7628E-06 -1.4243E-09 -1.1167E-10 -3.4656E-10
  5.8260E-06 -1.4557E-09 -1.1413E-10 -3.5421E-10
  5.8899E-06 -1.4878E-09 -1.1664E-10 -3.6201E-10
  5.9543E-06 -1.5205E-09 -1.1921E-10 -3.6997E-10
  6.0193E-06 -1.5539E-09 -1.2183E-10 -3.7809E-10
  6.0849E-06 -1.5880E-09 -1.2450E-10 -3.8638E-10
  6.1511E-06 -1.6227E-09 -1.2722E-10 -3.9483E-10
  6.2179E-06 -1.6581E-09 -1.3000E-10 -4.0345E-10
  6.2853E-06 -1.6943E-09 -1.3283E-10 -4.1225E-10
  6.3534E-06 -1.7312E-09 -1.3572E-10 -4.2122E-10
  6.4220E-06 -1.7688E-09 -1.3867E-10 -4.3038E-10
  6.4913E-06 -1.8072E-09 -1.4168E-10 -4.3972E-10
  6.5613E-06 -1.8463E-09 -1.4475E-10 -4.4925E-10
  6.6319E-06 -1.8863E-09 -1.4788E-10 -4.5896E-10
  6.7031E-06 -1.9270E-09 -1.5108E-10 -4.6888E-10
  6.7750E-06 -1.9686E-09 -1.5434E-10 -4.7899E-10
  6.8475E-06 -2.0110E-09 -1.5766E-10 -4.8930E-10
  6.9207E-06 -2.0542E-09 -1.6105E-10 -4.9982E-10
  6.9946E-06 -2.0983E-09 -1.6451E-10 -5.1055E-10
  7.0692E-06 -2.1433E-09 -1.6803E-10 -5.2149E-10
  7.1445E-06 -2.1891E-09 -1.7163E-10 -5.3266E-10
  7.2204E-06 -2.2359E-09 -1.7530E-10 -5.4404E-10
  7.2971E-06 -2.2836E-09 -1.7904E-10 -5.5565E-10
  7.3744E-06 -2.3323E-09 -1.8286E-10 -5.6750E-10
  7.4525E-06 -2.3820E-09 -1.8675E-10 -5.7957E-10
  7.5313E-06 -2.4326E-09 -1.9072E-10 -5.9189E-10
  7.6108E-06 -2.4842E-09 -1.9476E-10 -6.0446E-10
  7.6910E-06 -2.5369E-09 -1.9889E-10 -6.1727E-10
  7.7720E-06 -2.5906E-09 -2.0310E-10 -6.3033E-10
  7.8537E-06 -2.6453E-09 -2.0740E-10 -6.4366E-10
  7.9362E-06 -2.7012E-09 -2.1178E-10 -6.5725E-10
  8.0194E-06 -2.7581E-09 -2.1624E-10 -6.7111E-10
  8.1034E-06 -2.8162E-09 -2.2079E-10 -6.8524E-10
  8.1882E-06 -2.8755E-09 -2.2544E-10 -6.9965E-10
  8.2737E-06 -2.9359E-09 -2.3017E-10 -7.1435E-10
  8.3601E-06 -2.9974E-09 -2.3500E-10 -7.2933E-10
  8.4472E-06 -3.0602E-09 -2.3993E-10 -7.4462E-10
  8.5351E-06 -3.1243E-09 -2.4495E-10 -7.6020E-10
  8.6239E-06 -3.1896E-09 -2.5007E-10 -7.7609E-10
  8.7134E-06 -3.2562E-09 -2.5529E-10 -7.9229E-10
  8.8038E-06 -3.3241E-09 -2.6061E-10 -8.0882E-10
  8.8950E-06 -3.3933E-09 -2.6604E-10 -8.2566E-10
  8.9871E-06 -3.4639E-09 -2.7158E-10 -8.4284E-10
  9.0800E-06 -3.5359E-09 -2.7722E-10 -8.6036E-10
  9.1737E-06 -3.6093E-09 -2.8297E-10 -8.7821E-10
  9.2684E-06 -3.6841E-09 -2.8884E-10 -8.9642E-10
  9.3638E-06 -3.7604E-09 -2.9482E-10 -9.1499E-10
  9.4602E-06 -3.8382E-09 -3.0092E-10 -9.3392E-10
  9.5575E-06 -3.9176E-09 -3.0714E-10 -9.5322E-10
  9.6556E-06 -3.9984E-09 -3.1348E-10 -9.7290E-10
  9.7547E-06 -4.0809E-09 -3.1995E-10 -9.9296E-10
  9.8546E-06 -4.1649E-09 -3.2654E-10 -1.0134E-09
  9.9555E-06 -4.2507E-09 -3.3326E-10 -1.0343E-09
  1.0057E-05 -4.3380E-09 -3.4011E-10 -1.0555E-09
  1.0160E-05 -4.4271E-09 -3.4709E-10 -1.0772E-09
  1.0264E-05 -4.5179E-09 -3.5421E-10 -1.0993E-09
  1.0368E-05 -4.6105E-09 -3.6147E-10 -1.1218E-09
  1.0474E-05 -4.7049E-09 -3.6888E-10 -1.1448E-09
  1.0581E-05 -4.8012E-09 -3.7642E-10 -1.1682E-09
  1.0688E-05 -4.8993E-09 -3.8411E-10 -1.1921E-09
  1.0797E-05 -4.9993E-09 -3.9195E-10 -1.2164E-09
  1.0906E-05 -5.1013E-09 -3.9995E-10 -1.2412E-09
  1.1017E-05 -5.2052E-09 -4.0810E-10 -1.2665E-09
  1.1128E-05 -5.3112E-09 -4.1641E-10 -1.2923E-09
  1.1241E-05 -5.4192E-09 -4.2488E-10 -1.3186E-09
  1.1355E-05 -5.5293E-09 -4.3351E-10 -1.3454E-09
  1.1469E-05 -5.6416E-09 -4.4231E-10 -1.3727E-09
  1.1585E-05 -5.7560E-09 -4.5128E-10 -1.4006E-09
  1.1702E-05 -5.8726E-09 -4.6043E-10 -1.4289E-09
  1.1820E-05 -5.9915E-09 -4.6975E-10 -1.4579E-09
  1.1939E-05 -6.1127E-09 -4.7925E-10 -1.4874E-09
  1.2059E-05 -6.2363E-09 -4.8894E-10 -1.5174E-09
  1.2180E-05 -6.3622E-09 -4.9881E-10 -1.5481E-09
  1.2302E-05 -6.4906E-09 -5.0888E-10 -1.5793E-09
  1.2426E-05 -6.6215E-09 -5.1914E-10 -1.6112E-09
  1.2550E-05 -6.7549E-09 -5.2960E-10 -1.6436E-09
  1.2676E-05 -6.8908E-09 -5.4026E-10 -1.6767E-09
  1.2803E-05 -7.0294E-09 -5.5112E-10 -1.7104E-09
  1.2931E-05 -7.1707E-09 -5.6220E-10 -1.7448E-09
  1.3060E-05 -7.3147E-09 -5.7349E-10 -1.7798E-09
  1.3190E-05 -7.4614E-09 -5.8500E-10 -1.8155E-09
  1.3322E-05 -7.6110E-09 -5.9672E-10 -1.8519E-09
  1.3454E-05 -7.7635E-09 -6.0868E-10 -1.8890E-09
  1.3588E-05 -7.9189E-09 -6.2086E-10 -1.9269E-09
  1.3724E-05 -8.0773E-09 -6.3328E-10 -1.9654E-09
  1.3860E-05 -8.2387E-09 -6.4594E-10 -2.0047E-09
  1.3998E-05 -8.4033E-09 -6.5884E-10 -2.0447E-09
  1.4137E-05 -8.5710E-09 -6.7199E-10 -2.0855E-09
  1.4277E-05 -8.7419E-09 -6.8539E-10 -2.1271E-09
  1.4419E-05 -8.9161E-09 -6.9905E-10 -2.1695E-09
  1.4562E-05 -9.0937E-09 -7.1298E-10 -2.2127E-09
  1.4706E-05 -9.2747E-09 -7.2716E-10 -2.2568E-09
  1.4851E-05 -9.4591E-09 -7.4163E-10 -2.3017E-09
  1.4998E-05 -9.6471E-09 -7.5637E-10 -2.3474E-09
  1.5146E-05 -9.8387E-09 -7.7139E-10 -2.3940E-09
  1.5296E-05 -1.0034E-08 -7.8670E-10 -2.4415E-09
  1.5447E-05 -1.0233E-08 -8.0230E-10 -2.4900E-09
  1.5599E-05 -1.0436E-08 -8.1820E-10 -2.5393E-09
  1.5753E-05 -1.0642E-08 -8.3441E-10 -2.5896E-09
  1.5908E-05 -1.0853E-08 -8.5092E-10 -2.6409E-09
  1.6065E-05 -1.1068E-08 -8.6776E-10 -2.6931E-09
  1.6223E-05 -1.1287E-08 -8.8491E-10 -2.7463E-09
  1.6382E-05 -1.1510E-08 -9.0239E-10 -2.8006E-09
  1.6543E-05 -1.1737E-08 -9.2021E-10 -2.8559E-09
  1.6706E-05 -1.1968E-08 -9.3837E-10 -2.9122E-09
  1.6869E-05 -1.2204E-08 -9.5687E-10 -2.9697E-09
  1.7035E-05 -1.2445E-08 -9.7573E-10 -3.0282E-09
  1.7202E-05 -1.2690E-08 -9.9495E-10 -3.0878E-09
  1.7370E-05 -1.2940E-08 -1.0145E-09 -3.1486E-09
  1.7540E-05 -1.3194E-08 -1.0345E-09 -3.2106E-09
  1.7712E-05 -1.3454E-08 -1.0548E-09 -3.2737E-09
  1.7885E-05 -1.3718E-08 -1.0756E-09 -3.3380E-09
  1.8060E-05 -1.3987E-08 -1.0967E-09 -3.4036E-09
  1.8236E-05 -1.4262E-08 -1.1182E-09 -3.4704E-09
  1.8414E-05 -1.4542E-08 -1.1401E-09 -3.5384E-09
  1.8594E-05 -1.4827E-08 -1.1625E-09 -3.6078E-09
  1.8775E-05 -1.5117E-08 -1.1853E-09 -3.6785E-09
  1.8958E-05 -1.5413E-08 -1.2085E-09 -3.7505E-09
  1.9143E-05 -1.5715E-08 -1.2321E-09 -3.8239E-09
  1.9329E-05 -1.6022E-08 -1.2562E-09 -3.8987E-09
  1.9517E-05 -1.6336E-08 -1.2808E-09 -3.9750E-09
  1.9707E-05 -1.6655E-08 -1.3058E-09 -4.0526E-09
  1.9898E-05 -1.6980E-08 -1.3313E-09 -4.1318E-09
  2.0092E-05 -1.7312E-08 -1.3573E-09 -4.2125E-09
  2.0287E-05 -1.7649E-08 -1.3838E-09 -4.2946E-09
  2.0483E-05 -1.7993E-08 -1.4108E-09 -4.3784E-09
  2.0682E-05 -1.8344E-08 -1.4383E-09 -4.4637E-09
  2.0883E-05 -1.8702E-08 -1.4663E-09 -4.5507E-09
  2.1085E-05 -1.9066E-08 -1.4949E-09 -4.6393E-09
  2.1289E-05 -1.9437E-08 -1.5239E-09 -4.7296E-09
  2.1495E-05 -1.9815E-08 -1.5536E-09 -4.8216E-09
  2.1703E-05 -2.0200E-08 -1.5838E-09 -4.9154E-09
  2.1913E-05 -2.0593E-08 -1.6146E-09 -5.0109E-09
  2.2125E-05 -2.0993E-08 -1.6459E-09 -5.1082E-09
  2.2339E-05 -2.1400E-08 -1.6779E-09 -5.2074E-09
  2.2554E-05 -2.1816E-08 -1.7105E-09 -5.3085E-09
  2.2772E-05 -2.2239E-08 -1.7437E-09 -5.4115E-09
  2.2992E-05 -2.2670E-08 -1.7775E-09 -5.5164E-09
  2.3214E-05 -2.3109E-08 -1.8119E-09 -5.6233E-09
  2.3437E-05 -2.3557E-08 -1.8470E-09 -5.7323E-09
  2.3663E-05 -2.4013E-08 -1.8828E-09 -5.8433E-09
  2.3891E-05 -2.4478E-08 -1.9192E-09 -5.9564E-09
  2.4121E-05 -2.4951E-08 -1.9564E-09 -6.0716E-09
  2.4353E-05 -2.5434E-08 -1.9942E-09 -6.1890E-09
  2.4588E-05 -2.5926E-08 -2.0327E-09 -6.3087E-09
  2.4824E-05 -2.6427E-08 -2.0720E-09 -6.4306E-09
  2.5063E-05 -2.6937E-08 -2.1120E-09 -6.5548E-09
  2.5303E-05 -2.7457E-08 -2.1528E-09 -6.6813E-09
  2.5546E-05 -2.7987E-08 -2.1944E-09 -6.8103E-09
  2.5792E-05 -2.8527E-08 -2.2367E-09 -6.9417E-09
  2.6039E-05 -2.9077E-08 -2.2798E-09 -7.0755E-09
  2.6289E-05 -2.9637E-08 -2.3238E-09 -7.2119E-09
  2.6541E-05 -3.0208E-08 -2.3686E-09 -7.3509E-09
  2.6795E-05 -3.0790E-08 -2.4142E-09 -7.4925E-09
  2.7052E-05 -3.1383E-08 -2.4607E-09 -7.6367E-09
  2.7311E-05 -3.1987E-08 -2.5080E-09 -7.7837E-09
  2.7573E-05 -3.2602E-08 -2.5563E-09 -7.9335E-09
  2.7836E-05 -3.3229E-08 -2.6054E-09 -8.0861E-09
  2.8103E-05 -3.3868E-08 -2.6555E-09 -8.2415E-09
  2.8372E-05 -3.4519E-08 -2.7066E-09 -8.3999E-09
  2.8643E-05 -3.5182E-08 -2.7586E-09 -8.5613E-09
  2.8917E-05 -3.5858E-08 -2.8115E-09 -8.7257E-09
  2.9193E-05 -3.6546E-08 -2.8655E-09 -8.8932E-09
  2.9472E-05 -3.7247E-08 -2.9205E-09 -9.0639E-09
  2.9753E-05 -3.7962E-08 -2.9765E-09 -9.2378E-09
  3.0037E-05 -3.8690E-08 -3.0336E-09 -9.4149E-09
  3.0323E-05 -3.9432E-08 -3.0918E-09 -9.5954E-09
  3.0613E-05 -4.0187E-08 -3.1510E-09 -9.7793E-09
  3.0904E-05 -4.0957E-08 -3.2114E-09 -9.9667E-09
  3.1199E-05 -4.1741E-08 -3.2729E-09 -1.0158E-08
  3.1496E-05 -4.2541E-08 -3.3356E-09 -1.0352E-08
  3.1796E-05 -4.3355E-08 -3.3994E-09 -1.0550E-08
  3.2099E-05 -4.4184E-08 -3.4645E-09 -1.0752E-08
  3.2404E-05 -4.5029E-08 -3.5307E-09 -1.0958E-08
  3.2713E-05 -4.5890E-08 -3.5982E-09 -1.1167E-08
  3.3024E-05 -4.6767E-08 -3.6670E-09 -1.1381E-08
  3.3338E-05 -4.7661E-08 -3.7371E-09 -1.1598E-08
  3.3655E-05 -4.8571E-08 -3.8085E-09 -1.1820E-08
  3.3975E-05 -4.9499E-08 -3.8812E-09 -1.2045E-08
  3.4298E-05 -5.0444E-08 -3.9553E-09 -1.2275E-08
  3.4623E-05 -5.1406E-08 -4.0308E-09 -1.2510E-08
  3.4952E-05 -5.2387E-08 -4.1077E-09 -1.2748E-08
  3.5284E-05 -5.3386E-08 -4.1860E-09 -1.2991E-08
  3.5619E-05 -5.4404E-08 -4.2659E-09 -1.3239E-08
  3.5957E-05 -5.5441E-08 -4.3472E-09 -1.3492E-08
  3.6298E-05 -5.6498E-08 -4.4300E-09 -1.3749E-08
  3.6642E-05 -5.7574E-08 -4.5144E-09 -1.4011E-08
  3.6989E-05 -5.8671E-08 -4.6004E-09 -1.4278E-08
  3.7340E-05 -5.9788E-08 -4.6880E-09 -1.4549E-08
  3.7693E-05 -6.0926E-08 -4.7773E-09 -1.4826E-08
  3.8050E-05 -6.2085E-08 -4.8682E-09 -1.5109E-08
  3.8411E-05 -6.3266E-08 -4.9608E-09 -1.5396E-08
  3.8774E-05 -6.4470E-08 -5.0552E-09 -1.5689E-08
  3.9141E-05 -6.5696E-08 -5.1513E-09 -1.5987E-08
  3.9511E-05 -6.6944E-08 -5.2492E-09 -1.6291E-08
  3.9885E-05 -6.8217E-08 -5.3490E-09 -1.6601E-08
  4.0262E-05 -6.9513E-08 -5.4507E-09 -1.6916E-08
  4.0643E-05 -7.0833E-08 -5.5542E-09 -1.7238E-08
  4.1027E-05 -7.2178E-08 -5.6597E-09 -1.7565E-08
  4.1415E-05 -7.3549E-08 -5.7671E-09 -1.7898E-08
  4.1806E-05 -7.4945E-08 -5.8766E-09 -1.8238E-08
  4.2201E-05 -7.6367E-08 -5.9881E-09 -1.8584E-08
  4.2599E-05 -7.7815E-08 -6.1018E-09 -1.8937E-08
  4.3001E-05 -7.9291E-08 -6.2175E-09 -1.9296E-08
  4.3407E-05 -8.0795E-08 -6.3354E-09 -1.9662E-08
  4.3817E-05 -8.2327E-08 -6.4555E-09 -2.0035E-08
  4.4230E-05 -8.3887E-08 -6.5779E-09 -2.0415E-08
  4.4647E-05 -8.5476E-08 -6.7025E-09 -2.0801E-08
  4.5068E-05 -8.7096E-08 -6.8295E-09 -2.1196E-08
  4.5493E-05 -8.8745E-08 -6.9589E-09 -2.1597E-08
  4.5922E-05 -9.0426E-08 -7.0907E-09 -2.2006E-08
  4.6354E-05 -9.2138E-08 -7.2249E-09 -2.2423E-08
  4.6791E-05 -9.3882E-08 -7.3617E-09 -2.2847E-08
  4.7232E-05 -9.5658E-08 -7.5010E-09 -2.3280E-08
  4.7676E-05 -9.7468E-08 -7.6429E-09 -2.3720E-08
  4.8125E-05 -9.9311E-08 -7.7875E-09 -2.4169E-08
  4.8578E-05 -1.0119E-07 -7.9348E-09 -2.4626E-08
  4.9035E-05 -1.0310E-07 -8.0848E-09 -2.5091E-08
  4.9497E-05 -1.0505E-07 -8.2377E-09 -2.5566E-08
  4.9962E-05 -1.0704E-07 -8.3934E-09 -2.6049E-08
  5.0432E-05 -1.0906E-07 -8.5520E-09 -2.6541E-08
  5.0906E-05 -1.1112E-07 -8.7136E-09 -2.7043E-08
  5.1385E-05 -1.1322E-07 -8.8782E-09 -2.7554E-08
  5.1868E-05 -1.1536E-07 -9.0458E-09 -2.8074E-08
  5.2355E-05 -1.1753E-07 -9.2166E-09 -2.8604E-08
  5.2847E-05 -1.1975E-07 -9.3906E-09 -2.9144E-08
  5.3343E-05 -1.2201E-07 -9.5679E-09 -2.9694E-08
  5.3844E-05 -1.2432E-07 -9.7484E-09 -3.0254E-08
  5.4350E-05 -1.2666E-07 -9.9323E-09 -3.0825E-08
  5.4860E-05 -1.2905E-07 -1.0120E-08 -3.1407E-08
  5.5375E-05 -1.3148E-07 -1.0311E-08 -3.1999E-08
  5.5895E-05 -1.3396E-07 -1.0505E-08 -3.2602E-08
  5.6419E-05 -1.3649E-07 -1.0703E-08 -3.3217E-08
  5.6948E-05 -1.3906E-07 -1.0905E-08 -3.3843E-08
  5.7483E-05 -1.4168E-07 -1.1110E-08 -3.4481E-08
  5.8022E-05 -1.4435E-07 -1.1320E-08 -3.5131E-08
  5.8566E-05 -1.4707E-07 -1.1533E-08 -3.5793E-08
  5.9115E-05 -1.4984E-07 -1.1750E-08 -3.6467E-08
  5.9669E-05 -1.5266E-07 -1.1971E-08 -3.7154E-08
  6.0228E-05 -1.5553E-07 -1.2197E-08 -3.7853E-08
  6.0792E-05 -1.5846E-07 -1.2426E-08 -3.8566E-08
  6.1362E-05 -1.6144E-07 -1.2660E-08 -3.9292E-08
  6.1936E-05 -1.6448E-07 -1.2899E-08 -4.0031E-08
  6.2516E-05 -1.6758E-07 -1.3141E-08 -4.0785E-08
  6.3102E-05 -1.7073E-07 -1.3389E-08 -4.1552E-08
  6.3693E-05 -1.7394E-07 -1.3640E-08 -4.2334E-08
  6.4289E-05 -1.7721E-07 -1.3897E-08 -4.3130E-08
  6.4890E-05 -1.8054E-07 -1.4158E-08 -4.3941E-08
  6.5498E-05 -1.8394E-07 -1.4425E-08 -4.4767E-08
  6.6110E-05 -1.8739E-07 -1.4696E-08 -4.5609E-08
  6.6729E-05 -1.9092E-07 -1.4972E-08 -4.6466E-08
  6.7353E-05 -1.9450E-07 -1.5253E-08 -4.7339E-08
  6.7983E-05 -1.9816E-07 -1.5540E-08 -4.8229E-08
  6.8618E-05 -2.0188E-07 -1.5832E-08 -4.9135E-08
  6.9260E-05 -2.0567E-07 -1.6129E-08 -5.0058E-08
  6.9907E-05 -2.0953E-07 -1.6432E-08 -5.0998E-08
  7.0561E-05 -2.1347E-07 -1.6741E-08 -5.1956E-08
  7.1220E-05 -2.1748E-07 -1.7055E-08 -5.2931E-08
  7.1885E-05 -2.2156E-07 -1.7375E-08 -5.3925E-08
  7.2557E-05 -2.2572E-07 -1.7702E-08 -5.4937E-08
  7.3235E-05 -2.2995E-07 -1.8034E-08 -5.5968E-08
  7.3919E-05 -2.3427E-07 -1.8372E-08 -5.7018E-08
  7.4609E-05 -2.3866E-07 -1.8717E-08 -5.8088E-08
  7.5305E-05 -2.4314E-07 -1.9068E-08 -5.9178E-08
  7.6008E-05 -2.4770E-07 -1.9426E-08 -6.0288E-08
  7.6718E-05 -2.5234E-07 -1.9790E-08 -6.1419E-08
  7.7434E-05 -2.5707E-07 -2.0161E-08 -6.2571E-08
  7.8157E-05 -2.6189E-07 -2.0539E-08 -6.3744E-08
  7.8886E-05 -2.6680E-07 -2.0924E-08 -6.4939E-08
  7.9622E-05 -2.7180E-07 -2.1317E-08 -6.6156E-08
  8.0364E-05 -2.7690E-07 -2.1716E-08 -6.7396E-08
  8.1114E-05 -2.8209E-07 -2.2123E-08 -6.8659E-08
  8.1870E-05 -2.8737E-07 -2.2538E-08 -6.9946E-08
  8.2634E-05 -2.9275E-07 -2.2960E-08 -7.1256E-08
  8.3404E-05 -2.9824E-07 -2.3390E-08 -7.2591E-08
  8.4182E-05 -3.0382E-07 -2.3828E-08 -7.3951E-08
  8.4966E-05 -3.0951E-07 -2.4274E-08 -7.5336E-08
  8.5758E-05 -3.1531E-07 -2.4729E-08 -7.6747E-08
  8.6558E-05 -3.2121E-07 -2.5192E-08 -7.8184E-08
  8.7364E-05 -3.2722E-07 -2.5664E-08 -7.9648E-08
  8.8178E-05 -3.3335E-07 -2.6144E-08 -8.1139E-08
  8.8999E-05 -3.3959E-07 -2.6633E-08 -8.2658E-08
  8.9828E-05 -3.4594E-07 -2.7132E-08 -8.4205E-08
  9.0665E-05 -3.5241E-07 -2.7640E-08 -8.5780E-08
  9.1509E-05 -3.5900E-07 -2.8157E-08 -8.7385E-08
  9.2361E-05 -3.6572E-07 -2.8684E-08 -8.9020E-08
  9.3221E-05 -3.7256E-07 -2.9220E-08 -9.0686E-08
  9.4089E-05 -3.7953E-07 -2.9767E-08 -9.2382E-08
  9.4965E-05 -3.8662E-07 -3.0324E-08 -9.4110E-08
  9.5849E-05 -3.9385E-07 -3.0891E-08 -9.5870E-08
  9.6741E-05 -4.0122E-07 -3.1468E-08 -9.7663E-08
  9.7641E-05 -4.0872E-07 -3.2057E-08 -9.9489E-08
  9.8550E-05 -4.1636E-07 -3.2656E-08 -1.0135E-07
  9.9466E-05 -4.2414E-07 -3.3266E-08 -1.0324E-07
  1.0039E-04 -4.3206E-07 -3.3888E-08 -1.0517E-07
  1.0133E-04 -4.4014E-07 -3.4522E-08 -1.0714E-07
  1.0227E-04 -4.4836E-07 -3.5167E-08 -1.0914E-07
  1.0322E-04 -4.5674E-07 -3.5824E-08 -1.1118E-07
  1.0418E-04 -4.6527E-07 -3.6493E-08 -1.1326E-07
  1.0515E-04 -4.7396E-07 -3.7175E-08 -1.1537E-07
  1.0612E-04 -4.8281E-07 -3.7869E-08 -1.1753E-07
  1.0711E-04 -4.9183E-07 -3.8577E-08 -1.1972E-07
  1.0811E-04 -5.0101E-07 -3.9297E-08 -1.2196E-07
  1.0911E-04 -5.1036E-07 -4.0031E-08 -1.2424E-07
  1.1013E-04 -5.1989E-07 -4.0779E-08 -1.2656E-07
  1.1115E-04 -5.2960E-07 -4.1540E-08 -1.2892E-07
  1.1218E-04 -5.3948E-07 -4.2316E-08 -1.3133E-07
  1.1322E-04 -5.4955E-07 -4.3106E-08 -1.3378E-07
  1.1428E-04 -5.5980E-07 -4.3910E-08 -1.3628E-07
  1.1534E-04 -5.7025E-07 -4.4730E-08 -1.3882E-07
  1.1641E-04 -5.8089E-07 -4.5564E-08 -1.4141E-07
  1.1749E-04 -5.9173E-07 -4.6415E-08 -1.4405E-07
  1.1858E-04 -6.0277E-07 -4.7281E-08 -1.4674E-07
  1.1968E-04 -6.1401E-07 -4.8163E-08 -1.4947E-07
  1.2079E-04 -6.2546E-07 -4.9062E-08 -1.5226E-07
  1.2192E-04 -6.3713E-07 -4.9977E-08 -1.5510E-07
  1.2305E-04 -6.4901E-07 -5.0909E-08 -1.5800E-07
  1.2419E-04 -6.6111E-07 -5.1859E-08 -1.6094E-07
  1.2534E-04 -6.7343E-07 -5.2826E-08 -1.6395E-07
  1.2651E-04 -6.8599E-07 -5.3811E-08 -1.6700E-07
  1.2768E-04 -6.9878E-07 -5.4814E-08 -1.7012E-07
  1.2886E-04 -7.1180E-07 -5.5836E-08 -1.7329E-07
  1.3006E-04 -7.2507E-07 -5.6877E-08 -1.7652E-07
  1.3127E-04 -7.3858E-07 -5.7938E-08 -1.7981E-07
  1.3248E-04 -7.5235E-07 -5.9018E-08 -1.8316E-07
  1.3371E-04 -7.6637E-07 -6.0118E-08 -1.8658E-07
  1.3495E-04 -7.8065E-07 -6.1238E-08 -1.9005E-07
  1.3621E-04 -7.9519E-07 -6.2380E-08 -1.9360E-07
  1.3747E-04 -8.1001E-07 -6.3542E-08 -1.9720E-07
  1.3874E-04 -8.2509E-07 -6.4726E-08 -2.0088E-07
  1.4003E-04 -8.4046E-07 -6.5932E-08 -2.0462E-07
  1.4133E-04 -8.5612E-07 -6.7161E-08 -2.0843E-07
  1.4264E-04 -8.7206E-07 -6.8412E-08 -2.1232E-07
  1.4396E-04 -8.8830E-07 -6.9686E-08 -2.1627E-07
  1.4530E-04 -9.0484E-07 -7.0984E-08 -2.2030E-07
  1.4664E-04 -9.2169E-07 -7.2307E-08 -2.2440E-07
  1.4800E-04 -9.3885E-07 -7.3653E-08 -2.2858E-07
  1.4937E-04 -9.5633E-07 -7.5025E-08 -2.3284E-07
  1.5076E-04 -9.7413E-07 -7.6422E-08 -2.3718E-07
  1.5216E-04 -9.9227E-07 -7.7845E-08 -2.4159E-07
  1.5357E-04 -1.0107E-06 -7.9295E-08 -2.4609E-07
  1.5499E-04 -1.0295E-06 -8.0771E-08 -2.5067E-07
  1.5642E-04 -1.0487E-06 -8.2275E-08 -2.5534E-07
  1.5787E-04 -1.0682E-06 -8.3806E-08 -2.6009E-07
  1.5934E-04 -1.0881E-06 -8.5366E-08 -2.6494E-07
  1.6081E-04 -1.1083E-06 -8.6955E-08 -2.6987E-07
  1.6230E-04 -1.1290E-06 -8.8574E-08 -2.7489E-07
  1.6381E-04 -1.1500E-06 -9.0222E-08 -2.8001E-07
  1.6532E-04 -1.1714E-06 -9.1901E-08 -2.8522E-07
  1.6685E-04 -1.1932E-06 -9.3611E-08 -2.9052E-07
  1.6840E-04 -1.2153E-06 -9.5353E-08 -2.9593E-07
  1.6996E-04 -1.2380E-06 -9.7127E-08 -3.0144E-07
  1.7153E-04 -1.2610E-06 -9.8935E-08 -3.0705E-07
  1.7312E-04 -1.2844E-06 -1.0078E-07 -3.1276E-07
  1.7472E-04 -1.3083E-06 -1.0265E-07 -3.1858E-07
  1.7634E-04 -1.3326E-06 -1.0456E-07 -3.2450E-07
  1.7797E-04 -1.3574E-06 -1.0650E-07 -3.3054E-07
  1.7962E-04 -1.3827E-06 -1.0849E-07 -3.3669E-07
  1.8128E-04 -1.4084E-06 -1.1050E-07 -3.4295E-07
  1.8296E-04 -1.4345E-06 -1.1256E-07 -3.4933E-07
  1.8466E-04 -1.4612E-06 -1.1465E-07 -3.5582E-07
  1.8636E-04 -1.4884E-06 -1.1678E-07 -3.6244E-07
  1.8809E-04 -1.5160E-06 -1.1895E-07 -3.6918E-07
  1.8983E-04 -1.5442E-06 -1.2117E-07 -3.7604E-07
  1.9159E-04 -1.5729E-06 -1.2342E-07 -3.8304E-07
  1.9336E-04 -1.6021E-06 -1.2571E-07 -3.9016E-07
  1.9515E-04 -1.6319E-06 -1.2805E-07 -3.9741E-07
  1.9695E-04 -1.6622E-06 -1.3043E-07 -4.0480E-07
  1.9878E-04 -1.6931E-06 -1.3286E-07 -4.1232E-07
  2.0062E-04 -1.7246E-06 -1.3533E-07 -4.1999E-07
  2.0247E-04 -1.7566E-06 -1.3784E-07 -4.2779E-07
  2.0434E-04 -1.7893E-06 -1.4040E-07 -4.3574E-07
  2.0623E-04 -1.8225E-06 -1.4301E-07 -4.4384E-07
  2.0814E-04 -1.8563E-06 -1.4567E-07 -4.5209E-07
  2.1007E-04 -1.8908E-06 -1.4838E-07 -4.6049E-07
  2.1201E-04 -1.9259E-06 -1.5113E-07 -4.6905E-07
  2.1397E-04 -1.9617E-06 -1.5394E-07 -4.7776E-07
  2.1595E-04 -1.9981E-06 -1.5680E-07 -4.8664E-07
  2.1795E-04 -2.0353E-06 -1.5972E-07 -4.9568E-07
  2.1996E-04 -2.0730E-06 -1.6268E-07 -5.0489E-07
  2.2199E-04 -2.1115E-06 -1.6571E-07 -5.1427E-07
  2.2405E-04 -2.1507E-06 -1.6878E-07 -5.2383E-07
  2.2612E-04 -2.1907E-06 -1.7192E-07 -5.3356E-07
  2.2821E-04 -2.2313E-06 -1.7511E-07 -5.4347E-07
  2.3032E-04 -2.2728E-06 -1.7837E-07 -5.5356E-07
  2.3245E-04 -2.3150E-06 -1.8168E-07 -5.6384E-07
  2.3460E-04 -2.3579E-06 -1.8505E-07 -5.7432E-07
  2.3676E-04 -2.4017E-06 -1.8849E-07 -5.8498E-07
  2.3895E-04 -2.4463E-06 -1.9199E-07 -5.9585E-07
  2.4116E-04 -2.4917E-06 -1.9556E-07 -6.0691E-07
  2.4339E-04 -2.5379E-06 -1.9919E-07 -6.1818E-07
  2.4564E-04 -2.5850E-06 -2.0289E-07 -6.2966E-07
  2.4791E-04 -2.6330E-06 -2.0665E-07 -6.4135E-07
  2.5020E-04 -2.6819E-06 -2.1049E-07 -6.5326E-07
  2.5251E-04 -2.7316E-06 -2.1440E-07 -6.6539E-07
  2.5485E-04 -2.7823E-06 -2.1838E-07 -6.7774E-07
  2.5720E-04 -2.8339E-06 -2.2243E-07 -6.9032E-07
  2.5958E-04 -2.8865E-06 -2.2656E-07 -7.0314E-07
  2.6198E-04 -2.9401E-06 -2.3077E-07 -7.1619E-07
  2.6440E-04 -2.9946E-06 -2.3505E-07 -7.2949E-07
  2.6684E-04 -3.0502E-06 -2.3941E-07 -7.4303E-07
  2.6930E-04 -3.1067E-06 -2.4386E-07 -7.5682E-07
  2.7179E-04 -3.1644E-06 -2.4838E-07 -7.7087E-07
  2.7430E-04 -3.2231E-06 -2.5299E-07 -7.8517E-07
  2.7684E-04 -3.2829E-06 -2.5769E-07 -7.9975E-07
  2.7939E-04 -3.3437E-06 -2.6247E-07 -8.1459E-07
  2.8197E-04 -3.4058E-06 -2.6734E-07 -8.2971E-07
  2.8458E-04 -3.4689E-06 -2.7230E-07 -8.4510E-07
  2.8721E-04 -3.5332E-06 -2.7736E-07 -8.6078E-07
  2.8986E-04 -3.5988E-06 -2.8250E-07 -8.7676E-07
  2.9254E-04 -3.6655E-06 -2.8775E-07 -8.9303E-07
  2.9524E-04 -3.7335E-06 -2.9308E-07 -9.0960E-07
  2.9796E-04 -3.8027E-06 -2.9852E-07 -9.2647E-07
  3.0071E-04 -3.8732E-06 -3.0406E-07 -9.4366E-07
  3.0349E-04 -3.9450E-06 -3.0970E-07 -9.6117E-07
  3.0629E-04 -4.0181E-06 -3.1545E-07 -9.7900E-07
  3.0912E-04 -4.0926E-06 -3.2130E-07 -9.9716E-07
  3.1198E-04 -4.1685E-06 -3.2726E-07 -1.0157E-06
  3.1486E-04 -4.2458E-06 -3.3333E-07 -1.0345E-06
  3.1776E-04 -4.3245E-06 -3.3951E-07 -1.0537E-06
  3.2070E-04 -4.4046E-06 -3.4581E-07 -1.0732E-06
  3.2366E-04 -4.4863E-06 -3.5223E-07 -1.0931E-06
  3.2664E-04 -4.5694E-06 -3.5876E-07 -1.1134E-06
  3.2966E-04 -4.6541E-06 -3.6541E-07 -1.1341E-06
  3.3270E-04 -4.7403E-06 -3.7219E-07 -1.1551E-06
  3.3577E-04 -4.8282E-06 -3.7909E-07 -1.1765E-06
  3.3887E-04 -4.9177E-06 -3.8612E-07 -1.1983E-06
  3.4200E-04 -5.0088E-06 -3.9328E-07 -1.2206E-06
  3.4516E-04 -5.1016E-06 -4.0058E-07 -1.2432E-06
  3.4834E-04 -5.1961E-06 -4.0801E-07 -1.2663E-06
  3.5156E-04 -5.2924E-06 -4.1557E-07 -1.2897E-06
  3.5480E-04 -5.3905E-06 -4.2328E-07 -1.3137E-06
  3.5808E-04 -5.4903E-06 -4.3113E-07 -1.3380E-06
  3.6138E-04 -5.5921E-06 -4.3912E-07 -1.3628E-06
  3.6472E-04 -5.6957E-06 -4.4726E-07 -1.3881E-06
  3.6808E-04 -5.8012E-06 -4.5555E-07 -1.4138E-06
  3.7148E-04 -5.9086E-06 -4.6400E-07 -1.4400E-06
  3.7491E-04 -6.0181E-06 -4.7260E-07 -1.4667E-06
  3.7836E-04 -6.1296E-06 -4.8136E-07 -1.4939E-06
  3.8186E-04 -6.2431E-06 -4.9029E-07 -1.5216E-06
  3.8538E-04 -6.3587E-06 -4.9938E-07 -1.5498E-06
  3.8893E-04 -6.4765E-06 -5.0863E-07 -1.5786E-06
  3.9252E-04 -6.5964E-06 -5.1806E-07 -1.6078E-06
  3.9614E-04 -6.7186E-06 -5.2767E-07 -1.6376E-06
  3.9980E-04 -6.8430E-06 -5.3745E-07 -1.6680E-06
  4.0349E-04 -6.9698E-06 -5.4741E-07 -1.6989E-06
  4.0721E-04 -7.0988E-06 -5.5756E-07 -1.7304E-06
  4.1097E-04 -7.2303E-06 -5.6789E-07 -1.7625E-06
  4.1476E-04 -7.3642E-06 -5.7841E-07 -1.7951E-06
  4.1858E-04 -7.5005E-06 -5.8914E-07 -1.8284E-06
  4.2244E-04 -7.6394E-06 -6.0005E-07 -1.8623E-06
  4.2634E-04 -7.7808E-06 -6.1117E-07 -1.8968E-06
  4.3027E-04 -7.9249E-06 -6.2250E-07 -1.9319E-06
  4.3424E-04 -8.0716E-06 -6.3404E-07 -1.9677E-06
  4.3825E-04 -8.2211E-06 -6.4579E-07 -2.0042E-06
  4.4229E-04 -8.3733E-06 -6.5775E-07 -2.0414E-06
  4.4637E-04 -8.5283E-06 -6.6994E-07 -2.0792E-06
  4.5048E-04 -8.6861E-06 -6.8236E-07 -2.1177E-06
  4.5464E-04 -8.8469E-06 -6.9500E-07 -2.1570E-06
  4.5883E-04 -9.0107E-06 -7.0788E-07 -2.1969E-06
  4.6306E-04 -9.1775E-06 -7.2100E-07 -2.2376E-06
  4.6733E-04 -9.3473E-06 -7.3435E-07 -2.2791E-06
  4.7164E-04 -9.5203E-06 -7.4796E-07 -2.3213E-06
  4.7599E-04 -9.6965E-06 -7.6182E-07 -2.3643E-06
  4.8038E-04 -9.8760E-06 -7.7593E-07 -2.4081E-06
  4.8481E-04 -1.0059E-05 -7.9031E-07 -2.4527E-06
  4.8928E-04 -1.0245E-05 -8.0495E-07 -2.4982E-06
  4.9379E-04 -1.0434E-05 -8.1986E-07 -2.5445E-06
  4.9835E-04 -1.0628E-05 -8.3505E-07 -2.5916E-06
  5.0294E-04 -1.0824E-05 -8.5052E-07 -2.6396E-06
  5.0758E-04 -1.1025E-05 -8.6628E-07 -2.6885E-06
  5.1226E-04 -1.1229E-05 -8.8233E-07 -2.7383E-06
  5.1698E-04 -1.1436E-05 -8.9867E-07 -2.7890E-06
  5.2175E-04 -1.1648E-05 -9.1532E-07 -2.8407E-06
  5.2656E-04 -1.1863E-05 -9.3227E-07 -2.8933E-06
  5.3141E-04 -1.2083E-05 -9.4954E-07 -2.9469E-06
  5.3631E-04 -1.2306E-05 -9.6713E-07 -3.0015E-06
  5.4125E-04 -1.2534E-05 -9.8504E-07 -3.0571E-06
  5.4624E-04 -1.2766E-05 -1.0033E-06 -3.1137E-06
  5.5128E-04 -1.3002E-05 -1.0219E-06 -3.1714E-06
  5.5636E-04 -1.3243E-05 -1.0408E-06 -3.2301E-06
  5.6149E-04 -1.3488E-05 -1.0601E-06 -3.2900E-06
  5.6666E-04 -1.3737E-05 -1.0797E-06 -3.3509E-06
  5.7189E-04 -1.3991E-05 -1.0997E-06 -3.4130E-06
  5.7716E-04 -1.4250E-05 -1.1201E-06 -3.4762E-06
  5.8248E-04 -1.4513E-05 -1.1408E-06 -3.5405E-06
  5.8785E-04 -1.4782E-05 -1.1619E-06 -3.6061E-06
  5.9327E-04 -1.5055E-05 -1.1835E-06 -3.6729E-06
  5.9873E-04 -1.5334E-05 -1.2054E-06 -3.7409E-06
  6.0425E-04 -1.5617E-05 -1.2277E-06 -3.8102E-06
  6.0982E-04 -1.5906E-05 -1.2504E-06 -3.8807E-06
  6.1544E-04 -1.6200E-05 -1.2736E-06 -3.9526E-06
  6.2112E-04 -1.6500E-05 -1.2972E-06 -4.0258E-06
  6.2684E-04 -1.6805E-05 -1.3212E-06 -4.1004E-06
  6.3262E-04 -1.7116E-05 -1.3457E-06 -4.1763E-06
  6.3845E-04 -1.7432E-05 -1.3706E-06 -4.2536E-06
  6.4433E-04 -1.7754E-05 -1.3960E-06 -4.3324E-06
  6.5027E-04 -1.8083E-05 -1.4218E-06 -4.4126E-06
  6.5626E-04 -1.8417E-05 -1.4481E-06 -4.4943E-06
  6.6231E-04 -1.8757E-05 -1.4749E-06 -4.5775E-06
  6.6841E-04 -1.9104E-05 -1.5022E-06 -4.6623E-06
  6.7457E-04 -1.9457E-05 -1.5301E-06 -4.7486E-06
  6.8079E-04 -1.9817E-05 -1.5584E-06 -4.8365E-06
  6.8706E-04 -2.0183E-05 -1.5872E-06 -4.9260E-06
  6.9339E-04 -2.0557E-05 -1.6166E-06 -5.0172E-06
  6.9978E-04 -2.0937E-05 -1.6466E-06 -5.1101E-06
  7.0623E-04 -2.1324E-05 -1.6770E-06 -5.2047E-06
  7.1274E-04 -2.1718E-05 -1.7081E-06 -5.3011E-06
  7.1930E-04 -2.2119E-05 -1.7397E-06 -5.3992E-06
  7.2593E-04 -2.2528E-05 -1.7719E-06 -5.4992E-06
  7.3262E-04 -2.2944E-05 -1.8047E-06 -5.6010E-06
  7.3937E-04 -2.3368E-05 -1.8381E-06 -5.7047E-06
  7.4618E-04 -2.3800E-05 -1.8722E-06 -5.8103E-06
  7.5306E-04 -2.4240E-05 -1.9068E-06 -5.9179E-06
  7.5999E-04 -2.4688E-05 -1.9421E-06 -6.0274E-06
  7.6700E-04 -2.5144E-05 -1.9781E-06 -6.1390E-06
  7.7406E-04 -2.5609E-05 -2.0147E-06 -6.2526E-06
  7.8119E-04 -2.6082E-05 -2.0520E-06 -6.3684E-06
  7.8839E-04 -2.6564E-05 -2.0900E-06 -6.4862E-06
  7.9565E-04 -2.7055E-05 -2.1286E-06 -6.6063E-06
  8.0298E-04 -2.7555E-05 -2.1680E-06 -6.7286E-06
  8.1038E-04 -2.8064E-05 -2.2082E-06 -6.8531E-06
  8.1785E-04 -2.8582E-05 -2.2490E-06 -6.9800E-06
  8.2538E-04 -2.9110E-05 -2.2907E-06 -7.1092E-06
  8.3299E-04 -2.9648E-05 -2.3331E-06 -7.2408E-06
  8.4066E-04 -3.0196E-05 -2.3763E-06 -7.3748E-06
  8.4840E-04 -3.0753E-05 -2.4202E-06 -7.5113E-06
  8.5622E-04 -3.1322E-05 -2.4650E-06 -7.6503E-06
  8.6411E-04 -3.1900E-05 -2.5106E-06 -7.7919E-06
  8.7206E-04 -3.2489E-05 -2.5571E-06 -7.9361E-06
  8.8010E-04 -3.3090E-05 -2.6044E-06 -8.0830E-06
  8.8820E-04 -3.3701E-05 -2.6526E-06 -8.2326E-06
  8.9639E-04 -3.4323E-05 -2.7017E-06 -8.3849E-06
  9.0464E-04 -3.4957E-05 -2.7517E-06 -8.5401E-06
  9.1298E-04 -3.5603E-05 -2.8027E-06 -8.6982E-06
  9.2138E-04 -3.6260E-05 -2.8545E-06 -8.8592E-06
  9.2987E-04 -3.6930E-05 -2.9074E-06 -9.0231E-06
  9.3844E-04 -3.7612E-05 -2.9612E-06 -9.1901E-06
  9.4708E-04 -3.8306E-05 -3.0160E-06 -9.3602E-06
  9.5580E-04 -3.9014E-05 -3.0718E-06 -9.5334E-06
  9.6461E-04 -3.9734E-05 -3.1286E-06 -9.7098E-06
  9.7349E-04 -4.0468E-05 -3.1865E-06 -9.8895E-06
  9.8246E-04 -4.1215E-05 -3.2455E-06 -1.0072E-05
  9.9151E-04 -4.1976E-05 -3.3055E-06 -1.0259E-05
  1.0006E-03 -4.2751E-05 -3.3667E-06 -1.0449E-05
  1.0099E-03 -4.3540E-05 -3.4290E-06 -1.0642E-05
  1.0192E-03 -4.4344E-05 -3.4925E-06 -1.0839E-05
  1.0285E-03 -4.5163E-05 -3.5571E-06 -1.1040E-05
  1.0380E-03 -4.5997E-05 -3.6229E-06 -1.1244E-05
  1.0476E-03 -4.6846E-05 -3.6899E-06 -1.1452E-05
  1.0572E-03 -4.7710E-05 -3.7582E-06 -1.1664E-05
  1.0670E-03 -4.8591E-05 -3.8278E-06 -1.1880E-05
  1.0768E-03 -4.9488E-05 -3.8986E-06 -1.2099E-05
  1.0867E-03 -5.0401E-05 -3.9707E-06 -1.2323E-05
  1.0967E-03 -5.1332E-05 -4.0442E-06 -1.2551E-05
  1.1068E-03 -5.2279E-05 -4.1190E-06 -1.2784E-05
  1.1170E-03 -5.3244E-05 -4.1952E-06 -1.3020E-05
  1.1273E-03 -5.4227E-05 -4.2729E-06 -1.3261E-05
  1.1377E-03 -5.5227E-05 -4.3519E-06 -1.3506E-05
  1.1481E-03 -5.6247E-05 -4.4324E-06 -1.3756E-05
  1.1587E-03 -5.7284E-05 -4.5145E-06 -1.4011E-05
  1.1694E-03 -5.8342E-05 -4.5980E-06 -1.4270E-05
  1.1802E-03 -5.9418E-05 -4.6830E-06 -1.4534E-05
  1.1910E-03 -6.0514E-05 -4.7697E-06 -1.4803E-05
  1.2020E-03 -6.1631E-05 -4.8579E-06 -1.5077E-05
  1.2131E-03 -6.2768E-05 -4.9478E-06 -1.5356E-05
  1.2242E-03 -6.3926E-05 -5.0394E-06 -1.5640E-05
  1.2355E-03 -6.5106E-05 -5.1326E-06 -1.5929E-05
  1.2469E-03 -6.6307E-05 -5.2275E-06 -1.6224E-05
  1.2584E-03 -6.7530E-05 -5.3243E-06 -1.6524E-05
  1.2699E-03 -6.8776E-05 -5.4228E-06 -1.6830E-05
  1.2816E-03 -7.0044E-05 -5.5231E-06 -1.7141E-05
  1.2934E-03 -7.1336E-05 -5.6253E-06 -1.7458E-05
  1.3053E-03 -7.2652E-05 -5.7293E-06 -1.7781E-05
  1.3174E-03 -7.3992E-05 -5.8353E-06 -1.8110E-05
  1.3295E-03 -7.5357E-05 -5.9433E-06 -1.8445E-05
  1.3417E-03 -7.6747E-05 -6.0532E-06 -1.8787E-05
  1.3541E-03 -7.8162E-05 -6.1652E-06 -1.9134E-05
  1.3666E-03 -7.9604E-05 -6.2793E-06 -1.9488E-05
  1.3791E-03 -8.1072E-05 -6.3954E-06 -1.9849E-05
  1.3918E-03 -8.2567E-05 -6.5137E-06 -2.0216E-05
  1.4047E-03 -8.4089E-05 -6.6342E-06 -2.0590E-05
  1.4176E-03 -8.5640E-05 -6.7569E-06 -2.0971E-05
  1.4306E-03 -8.7219E-05 -6.8819E-06 -2.1359E-05
  1.4438E-03 -8.8827E-05 -7.0092E-06 -2.1754E-05
  1.4571E-03 -9.0465E-05 -7.1389E-06 -2.2156E-05
  1.4705E-03 -9.2133E-05 -7.2710E-06 -2.2566E-05
  1.4841E-03 -9.3832E-05 -7.4055E-06 -2.2983E-05
  1.4977E-03 -9.5561E-05 -7.5424E-06 -2.3408E-05
  1.5115E-03 -9.7323E-05 -7.6820E-06 -2.3841E-05
  1.5254E-03 -9.9117E-05 -7.8241E-06 -2.4283E-05
  1.5395E-03 -1.0094E-04 -7.9688E-06 -2.4732E-05
  1.5536E-03 -1.0280E-04 -8.1162E-06 -2.5189E-05
  1.5679E-03 -1.0470E-04 -8.2663E-06 -2.5655E-05
  1.5824E-03 -1.0663E-04 -8.4192E-06 -2.6130E-05
  1.5969E-03 -1.0859E-04 -8.5749E-06 -2.6613E-05
  1.6116E-03 -1.1060E-04 -8.7336E-06 -2.7105E-05
  1.6265E-03 -1.1263E-04 -8.8951E-06 -2.7607E-05
  1.6415E-03 -1.1471E-04 -9.0596E-06 -2.8117E-05
  1.6566E-03 -1.1682E-04 -9.2272E-06 -2.8637E-05
  1.6718E-03 -1.1898E-04 -9.3979E-06 -2.9167E-05
  1.6872E-03 -1.2117E-04 -9.5717E-06 -2.9707E-05
  1.7027E-03 -1.2340E-04 -9.7487E-06 -3.0256E-05
  1.7184E-03 -1.2567E-04 -9.9291E-06 -3.0816E-05
  1.7342E-03 -1.2799E-04 -1.0113E-05 -3.1386E-05
  1.7502E-03 -1.3035E-04 -1.0300E-05 -3.1966E-05
  1.7663E-03 -1.3275E-04 -1.0490E-05 -3.2557E-05
  1.7826E-03 -1.3519E-04 -1.0684E-05 -3.3160E-05
  1.7990E-03 -1.3769E-04 -1.0882E-05 -3.3773E-05
  1.8155E-03 -1.4022E-04 -1.1083E-05 -3.4398E-05
  1.8323E-03 -1.4280E-04 -1.1288E-05 -3.5034E-05
  1.8491E-03 -1.4543E-04 -1.1497E-05 -3.5682E-05
  1.8661E-03 -1.4811E-04 -1.1710E-05 -3.6342E-05
  1.8833E-03 -1.5084E-04 -1.1926E-05 -3.7014E-05
  1.9007E-03 -1.5362E-04 -1.2147E-05 -3.7698E-05
  1.9182E-03 -1.5645E-04 -1.2371E-05 -3.8396E-05
  1.9358E-03 -1.5933E-04 -1.2600E-05 -3.9106E-05
  1.9536E-03 -1.6226E-04 -1.2833E-05 -3.9829E-05
  1.9716E-03 -1.6525E-04 -1.3071E-05 -4.0566E-05
  1.9898E-03 -1.6829E-04 -1.3312E-05 -4.1316E-05
  2.0081E-03 -1.7139E-04 -1.3558E-05 -4.2080E-05
  2.0266E-03 -1.7455E-04 -1.3809E-05 -4.2858E-05
  2.0452E-03 -1.7776E-04 -1.4065E-05 -4.3651E-05
  2.0640E-03 -1.8103E-04 -1.4325E-05 -4.4458E-05
  2.0830E-03 -1.8436E-04 -1.4590E-05 -4.5281E-05
  2.1022E-03 -1.8776E-04 -1.4859E-05 -4.6118E-05
  2.1216E-03 -1.9121E-04 -1.5134E-05 -4.6971E-05
  2.1411E-03 -1.9473E-04 -1.5414E-05 -4.7840E-05
  2.1608E-03 -1.9831E-04 -1.5699E-05 -4.8724E-05
  2.1807E-03 -2.0196E-04 -1.5990E-05 -4.9626E-05
  2.2008E-03 -2.0568E-04 -1.6285E-05 -5.0543E-05
  2.2210E-03 -2.0947E-04 -1.6586E-05 -5.1478E-05
  2.2415E-03 -2.1332E-04 -1.6893E-05 -5.2430E-05
  2.2621E-03 -2.1724E-04 -1.7206E-05 -5.3400E-05
  2.2829E-03 -2.2124E-04 -1.7524E-05 -5.4387E-05
  2.3039E-03 -2.2531E-04 -1.7848E-05 -5.5393E-05
  2.3251E-03 -2.2946E-04 -1.8178E-05 -5.6418E-05
  2.3465E-03 -2.3368E-04 -1.8514E-05 -5.7461E-05
  2.3681E-03 -2.3798E-04 -1.8856E-05 -5.8524E-05
  2.3899E-03 -2.4235E-04 -1.9205E-05 -5.9606E-05
  2.4119E-03 -2.4681E-04 -1.9560E-05 -6.0708E-05
  2.4341E-03 -2.5135E-04 -1.9922E-05 -6.1831E-05
  2.4565E-03 -2.5597E-04 -2.0290E-05 -6.2974E-05
  2.4791E-03 -2.6068E-04 -2.0666E-05 -6.4139E-05
  2.5019E-03 -2.6547E-04 -2.1048E-05 -6.5325E-05
  2.5250E-03 -2.7035E-04 -2.1437E-05 -6.6533E-05
  2.5482E-03 -2.7532E-04 -2.1833E-05 -6.7763E-05
  2.5717E-03 -2.8039E-04 -2.2237E-05 -6.9017E-05
  2.5953E-03 -2.8554E-04 -2.2648E-05 -7.0293E-05
  2.6192E-03 -2.9079E-04 -2.3067E-05 -7.1593E-05
  2.6433E-03 -2.9613E-04 -2.3494E-05 -7.2917E-05
  2.6677E-03 -3.0158E-04 -2.3928E-05 -7.4265E-05
  2.6922E-03 -3.0712E-04 -2.4371E-05 -7.5639E-05
  2.7170E-03 -3.1276E-04 -2.4821E-05 -7.7037E-05
  2.7420E-03 -3.1851E-04 -2.5280E-05 -7.8462E-05
  2.7672E-03 -3.2437E-04 -2.5748E-05 -7.9913E-05
  2.7927E-03 -3.3033E-04 -2.6224E-05 -8.1391E-05
  2.8184E-03 -3.3639E-04 -2.6709E-05 -8.2896E-05
  2.8443E-03 -3.4258E-04 -2.7203E-05 -8.4429E-05
  2.8705E-03 -3.4887E-04 -2.7706E-05 -8.5990E-05
  2.8969E-03 -3.5528E-04 -2.8218E-05 -8.7580E-05
  2.9236E-03 -3.6180E-04 -2.8740E-05 -8.9200E-05
  2.9505E-03 -3.6845E-04 -2.9271E-05 -9.0849E-05
  2.9777E-03 -3.7522E-04 -2.9812E-05 -9.2529E-05
  3.0051E-03 -3.8211E-04 -3.0364E-05 -9.4240E-05
  3.0327E-03 -3.8913E-04 -3.0925E-05 -9.5983E-05
  3.0606E-03 -3.9627E-04 -3.1497E-05 -9.7758E-05
  3.0888E-03 -4.0355E-04 -3.2079E-05 -9.9565E-05
  3.1172E-03 -4.1096E-04 -3.2672E-05 -1.0141E-04
  3.1459E-03 -4.1850E-04 -3.3277E-05 -1.0328E-04
  3.1749E-03 -4.2618E-04 -3.3892E-05 -1.0519E-04
  3.2041E-03 -4.3401E-04 -3.4519E-05 -1.0714E-04
  3.2336E-03 -4.4197E-04 -3.5157E-05 -1.0912E-04
  3.2633E-03 -4.5009E-04 -3.5807E-05 -1.1114E-04
  3.2933E-03 -4.5835E-04 -3.6469E-05 -1.1319E-04
  3.3237E-03 -4.6676E-04 -3.7143E-05 -1.1528E-04
  3.3542E-03 -4.7532E-04 -3.7830E-05 -1.1742E-04
  3.3851E-03 -4.8405E-04 -3.8529E-05 -1.1959E-04
  3.4163E-03 -4.9293E-04 -3.9242E-05 -1.2180E-04
  3.4477E-03 -5.0197E-04 -3.9967E-05 -1.2405E-04
  3.4794E-03 -5.1118E-04 -4.0706E-05 -1.2634E-04
  3.5115E-03 -5.2056E-04 -4.1459E-05 -1.2868E-04
  3.5438E-03 -5.3010E-04 -4.2226E-05 -1.3106E-04
  3.5764E-03 -5.3983E-04 -4.3006E-05 -1.3348E-04
  3.6093E-03 -5.4973E-04 -4.3802E-05 -1.3595E-04
  3.6425E-03 -5.5981E-04 -4.4611E-05 -1.3847E-04
  3.6760E-03 -5.7007E-04 -4.5436E-05 -1.4103E-04
  3.7099E-03 -5.8052E-04 -4.6276E-05 -1.4363E-04
  3.7440E-03 -5.9117E-04 -4.7132E-05 -1.4629E-04
  3.7784E-03 -6.0201E-04 -4.8003E-05 -1.4899E-04
  3.8132E-03 -6.1304E-04 -4.8891E-05 -1.5175E-04
  3.8483E-03 -6.2428E-04 -4.9795E-05 -1.5456E-04
  3.8837E-03 -6.3572E-04 -5.0716E-05 -1.5741E-04
  3.9195E-03 -6.4737E-04 -5.1653E-05 -1.6032E-04
  3.9555E-03 -6.5923E-04 -5.2608E-05 -1.6329E-04
  3.9919E-03 -6.7131E-04 -5.3581E-05 -1.6631E-04
  4.0287E-03 -6.8361E-04 -5.4572E-05 -1.6938E-04
  4.0657E-03 -6.9613E-04 -5.5581E-05 -1.7252E-04
  4.1032E-03 -7.0889E-04 -5.6608E-05 -1.7571E-04
  4.1409E-03 -7.2187E-04 -5.7655E-05 -1.7895E-04
  4.1790E-03 -7.3509E-04 -5.8721E-05 -1.8226E-04
  4.2175E-03 -7.4855E-04 -5.9806E-05 -1.8563E-04
  4.2563E-03 -7.6226E-04 -6.0912E-05 -1.8907E-04
  4.2954E-03 -7.7622E-04 -6.2038E-05 -1.9256E-04
  4.3350E-03 -7.9043E-04 -6.3185E-05 -1.9612E-04
  4.3749E-03 -8.0490E-04 -6.4353E-05 -1.9975E-04
  4.4151E-03 -8.1963E-04 -6.5543E-05 -2.0344E-04
  4.4558E-03 -8.3463E-04 -6.6755E-05 -2.0721E-04
  4.4968E-03 -8.4991E-04 -6.7989E-05 -2.1104E-04
  4.5381E-03 -8.6546E-04 -6.9246E-05 -2.1494E-04
  4.5799E-03 -8.8130E-04 -7.0526E-05 -2.1891E-04
  4.6220E-03 -8.9742E-04 -7.1830E-05 -2.2296E-04
  4.6646E-03 -9.1384E-04 -7.3158E-05 -2.2708E-04
  4.7075E-03 -9.3056E-04 -7.4511E-05 -2.3128E-04
  4.7508E-03 -9.4758E-04 -7.5888E-05 -2.3556E-04
  4.7945E-03 -9.6491E-04 -7.7291E-05 -2.3992E-04
  4.8386E-03 -9.8255E-04 -7.8720E-05 -2.4435E-04
  4.8832E-03 -1.0005E-03 -8.0176E-05 -2.4887E-04
  4.9281E-03 -1.0188E-03 -8.1658E-05 -2.5347E-04
  4.9735E-03 -1.0374E-03 -8.3168E-05 -2.5816E-04
  5.0192E-03 -1.0564E-03 -8.4705E-05 -2.6293E-04
  5.0654E-03 -1.0757E-03 -8.6271E-05 -2.6779E-04
  5.1120E-03 -1.0954E-03 -8.7866E-05 -2.7275E-04
  5.1591E-03 -1.1154E-03 -8.9491E-05 -2.7779E-04
  5.2065E-03 -1.1358E-03 -9.1145E-05 -2.8293E-04
  5.2544E-03 -1.1565E-03 -9.2830E-05 -2.8816E-04
  5.3028E-03 -1.1776E-03 -9.4546E-05 -2.9349E-04
  5.3516E-03 -1.1991E-03 -9.6294E-05 -2.9891E-04
  5.4008E-03 -1.2210E-03 -9.8074E-05 -3.0444E-04
  5.4505E-03 -1.2433E-03 -9.9887E-05 -3.1007E-04
  5.5007E-03 -1.2660E-03 -1.0173E-04 -3.1580E-04
  5.5513E-03 -1.2892E-03 -1.0361E-04 -3.2164E-04
  5.6024E-03 -1.3127E-03 -1.0553E-04 -3.2759E-04
  5.6539E-03 -1.3367E-03 -1.0748E-04 -3.3365E-04
  5.7059E-03 -1.3610E-03 -1.0947E-04 -3.3982E-04
  5.7584E-03 -1.3859E-03 -1.1149E-04 -3.4610E-04
  5.8114E-03 -1.4112E-03 -1.1355E-04 -3.5250E-04
  5.8649E-03 -1.4369E-03 -1.1565E-04 -3.5902E-04
  5.9189E-03 -1.4631E-03 -1.1779E-04 -3.6566E-04
  5.9733E-03 -1.4898E-03 -1.1997E-04 -3.7242E-04
  6.0283E-03 -1.5170E-03 -1.2219E-04 -3.7931E-04
  6.0838E-03 -1.5446E-03 -1.2444E-04 -3.8632E-04
  6.1397E-03 -1.5728E-03 -1.2675E-04 -3.9346E-04
  6.1962E-03 -1.6015E-03 -1.2909E-04 -4.0074E-04
  6.2532E-03 -1.6307E-03 -1.3147E-04 -4.0815E-04
  6.3108E-03 -1.6604E-03 -1.3391E-04 -4.1570E-04
  6.3689E-03 -1.6906E-03 -1.3638E-04 -4.2338E-04
  6.4275E-03 -1.7214E-03 -1.3890E-04 -4.3121E-04
  6.4866E-03 -1.7528E-03 -1.4147E-04 -4.3919E-04
  6.5463E-03 -1.7847E-03 -1.4408E-04 -4.4731E-04
  6.6065E-03 -1.8172E-03 -1.4675E-04 -4.5558E-04
  6.6673E-03 -1.8503E-03 -1.4946E-04 -4.6400E-04
  6.7287E-03 -1.8840E-03 -1.5222E-04 -4.7258E-04
  6.7906E-03 -1.9183E-03 -1.5504E-04 -4.8132E-04
  6.8530E-03 -1.9532E-03 -1.5790E-04 -4.9022E-04
  6.9161E-03 -1.9888E-03 -1.6082E-04 -4.9929E-04
  6.9797E-03 -2.0250E-03 -1.6380E-04 -5.0852E-04
  7.0440E-03 -2.0618E-03 -1.6682E-04 -5.1793E-04
  7.1088E-03 -2.0993E-03 -1.6991E-04 -5.2750E-04
  7.1742E-03 -2.1375E-03 -1.7305E-04 -5.3726E-04
  7.2402E-03 -2.1764E-03 -1.7625E-04 -5.4719E-04
  7.3068E-03 -2.2160E-03 -1.7951E-04 -5.5731E-04
  7.3740E-03 -2.2562E-03 -1.8282E-04 -5.6762E-04
  7.4419E-03 -2.2973E-03 -1.8620E-04 -5.7812E-04
  7.5104E-03 -2.3390E-03 -1.8965E-04 -5.8881E-04
  7.5795E-03 -2.3815E-03 -1.9315E-04 -5.9970E-04
  7.6492E-03 -2.4248E-03 -1.9672E-04 -6.1079E-04
  7.7196E-03 -2.4688E-03 -2.0036E-04 -6.2208E-04
  7.7906E-03 -2.5137E-03 -2.0406E-04 -6.3359E-04
  7.8623E-03 -2.5593E-03 -2.0783E-04 -6.4530E-04
  7.9346E-03 -2.6058E-03 -2.1168E-04 -6.5724E-04
  8.0076E-03 -2.6531E-03 -2.1559E-04 -6.6939E-04
  8.0813E-03 -2.7012E-03 -2.1957E-04 -6.8177E-04
  8.1557E-03 -2.7503E-03 -2.2363E-04 -6.9438E-04
  8.2307E-03 -2.8002E-03 -2.2777E-04 -7.0722E-04
  8.3065E-03 -2.8510E-03 -2.3198E-04 -7.2030E-04
  8.3829E-03 -2.9027E-03 -2.3626E-04 -7.3362E-04
  8.4600E-03 -2.9553E-03 -2.4063E-04 -7.4719E-04
  8.5378E-03 -3.0089E-03 -2.4508E-04 -7.6101E-04
  8.6164E-03 -3.0635E-03 -2.4961E-04 -7.7508E-04
  8.6957E-03 -3.1190E-03 -2.5422E-04 -7.8942E-04
  8.7757E-03 -3.1755E-03 -2.5892E-04 -8.0402E-04
  8.8564E-03 -3.2330E-03 -2.6371E-04 -8.1889E-04
  8.9379E-03 -3.2916E-03 -2.6858E-04 -8.3404E-04
  9.0202E-03 -3.3512E-03 -2.7355E-04 -8.4946E-04
  9.1032E-03 -3.4119E-03 -2.7860E-04 -8.6517E-04
  9.1869E-03 -3.4737E-03 -2.8375E-04 -8.8117E-04
  9.2714E-03 -3.5366E-03 -2.8900E-04 -8.9747E-04
  9.3567E-03 -3.6006E-03 -2.9434E-04 -9.1407E-04
  9.4428E-03 -3.6657E-03 -2.9978E-04 -9.3098E-04
  9.5297E-03 -3.7320E-03 -3.0532E-04 -9.4820E-04
  9.6174E-03 -3.7995E-03 -3.1097E-04 -9.6574E-04
  9.7059E-03 -3.8682E-03 -3.1671E-04 -9.8360E-04
  9.7952E-03 -3.9382E-03 -3.2257E-04 -1.0018E-03
  9.8853E-03 -4.0094E-03 -3.2853E-04 -1.0203E-03
  9.9763E-03 -4.0818E-03 -3.3460E-04 -1.0392E-03
  1.0068E-02 -4.1556E-03 -3.4079E-04 -1.0584E-03
  1.0161E-02 -4.2307E-03 -3.4709E-04 -1.0780E-03
  1.0254E-02 -4.3071E-03 -3.5350E-04 -1.0979E-03
  1.0349E-02 -4.3848E-03 -3.6004E-04 -1.1182E-03
  1.0444E-02 -4.4640E-03 -3.6669E-04 -1.1389E-03
  1.0540E-02 -4.5446E-03 -3.7347E-04 -1.1600E-03
  1.0637E-02 -4.6266E-03 -3.8037E-04 -1.1815E-03
  1.0735E-02 -4.7100E-03 -3.8740E-04 -1.2033E-03
  1.0833E-02 -4.7950E-03 -3.9456E-04 -1.2256E-03
  1.0933E-02 -4.8815E-03 -4.0185E-04 -1.2482E-03
  1.1034E-02 -4.9695E-03 -4.0928E-04 -1.2713E-03
  1.1135E-02 -5.0590E-03 -4.1685E-04 -1.2949E-03
  1.1238E-02 -5.1502E-03 -4.2455E-04 -1.3188E-03
  1.1341E-02 -5.2430E-03 -4.3240E-04 -1.3432E-03
  1.1445E-02 -5.3374E-03 -4.4039E-04 -1.3681E-03
  1.1551E-02 -5.4335E-03 -4.4853E-04 -1.3934E-03
  1.1657E-02 -5.5314E-03 -4.5682E-04 -1.4191E-03
  1.1764E-02 -5.6309E-03 -4.6526E-04 -1.4454E-03
  1.1872E-02 -5.7322E-03 -4.7386E-04 -1.4721E-03
  1.1982E-02 -5.8354E-03 -4.8262E-04 -1.4994E-03
  1.2092E-02 -5.9403E-03 -4.9154E-04 -1.5271E-03
  1.2203E-02 -6.0471E-03 -5.0062E-04 -1.5554E-03
  1.2315E-02 -6.1558E-03 -5.0988E-04 -1.5841E-03
  1.2429E-02 -6.2665E-03 -5.1930E-04 -1.6135E-03
  1.2543E-02 -6.3790E-03 -5.2890E-04 -1.6433E-03
  1.2659E-02 -6.4936E-03 -5.3867E-04 -1.6737E-03
  1.2775E-02 -6.6102E-03 -5.4863E-04 -1.7047E-03
  1.2893E-02 -6.7289E-03 -5.5877E-04 -1.7362E-03
  1.3011E-02 -6.8497E-03 -5.6909E-04 -1.7684E-03
  1.3131E-02 -6.9726E-03 -5.7961E-04 -1.8011E-03
  1.3252E-02 -7.0976E-03 -5.9032E-04 -1.8344E-03
  1.3374E-02 -7.2249E-03 -6.0123E-04 -1.8684E-03
  1.3497E-02 -7.3544E-03 -6.1235E-04 -1.9029E-03
  1.3621E-02 -7.4862E-03 -6.2366E-04 -1.9381E-03
  1.3746E-02 -7.6204E-03 -6.3519E-04 -1.9740E-03
  1.3873E-02 -7.7569E-03 -6.4693E-04 -2.0105E-03
  1.4000E-02 -7.8958E-03 -6.5888E-04 -2.0477E-03
  1.4129E-02 -8.0371E-03 -6.7106E-04 -2.0856E-03
  1.4259E-02 -8.1809E-03 -6.8346E-04 -2.1242E-03
  1.4390E-02 -8.3273E-03 -6.9609E-04 -2.1636E-03
  1.4523E-02 -8.4762E-03 -7.0896E-04 -2.2036E-03
  1.4656E-02 -8.6278E-03 -7.2206E-04 -2.2444E-03
  1.4791E-02 -8.7820E-03 -7.3540E-04 -2.2859E-03
  1.4927E-02 -8.9389E-03 -7.4899E-04 -2.3282E-03
  1.5064E-02 -9.0986E-03 -7.6283E-04 -2.3713E-03
  1.5203E-02 -9.2611E-03 -7.7693E-04 -2.4152E-03
  1.5343E-02 -9.4264E-03 -7.9129E-04 -2.4599E-03
  1.5484E-02 -9.5946E-03 -8.0591E-04 -2.5055E-03
  1.5627E-02 -9.7658E-03 -8.2080E-04 -2.5519E-03
  1.5770E-02 -9.9400E-03 -8.3597E-04 -2.5991E-03
  1.5915E-02 -1.0117E-02 -8.5142E-04 -2.6472E-03
  1.6062E-02 -1.0297E-02 -8.6715E-04 -2.6962E-03
  1.6210E-02 -1.0481E-02 -8.8317E-04 -2.7461E-03
  1.6359E-02 -1.0668E-02 -8.9949E-04 -2.7970E-03
  1.6509E-02 -1.0858E-02 -9.1611E-04 -2.8488E-03
  1.6661E-02 -1.1051E-02 -9.3304E-04 -2.9015E-03
  1.6814E-02 -1.1247E-02 -9.5028E-04 -2.9552E-03
  1.6969E-02 -1.1447E-02 -9.6784E-04 -3.0100E-03
  1.7125E-02 -1.1651E-02 -9.8573E-04 -3.0657E-03
  1.7283E-02 -1.1858E-02 -1.0039E-03 -3.1225E-03
  1.7442E-02 -1.2069E-02 -1.0225E-03 -3.1803E-03
  1.7602E-02 -1.2283E-02 -1.0414E-03 -3.2392E-03
  1.7764E-02 -1.2501E-02 -1.0606E-03 -3.2992E-03
  1.7928E-02 -1.2723E-02 -1.0802E-03 -3.3603E-03
  1.8093E-02 -1.2949E-02 -1.1002E-03 -3.4225E-03
  1.8259E-02 -1.3178E-02 -1.1205E-03 -3.4859E-03
  1.8427E-02 -1.3412E-02 -1.1412E-03 -3.5505E-03
  1.8597E-02 -1.3650E-02 -1.1623E-03 -3.6162E-03
  1.8768E-02 -1.3891E-02 -1.1838E-03 -3.6832E-03
  1.8940E-02 -1.4137E-02 -1.2056E-03 -3.7514E-03
  1.9115E-02 -1.4387E-02 -1.2279E-03 -3.8209E-03
  1.9291E-02 -1.4642E-02 -1.2506E-03 -3.8917E-03
  1.9468E-02 -1.4901E-02 -1.2737E-03 -3.9638E-03
  1.9647E-02 -1.5164E-02 -1.2972E-03 -4.0372E-03
  1.9828E-02 -1.5432E-02 -1.3212E-03 -4.1120E-03
  2.0010E-02 -1.5705E-02 -1.3456E-03 -4.1882E-03
  2.0194E-02 -1.5982E-02 -1.3705E-03 -4.2658E-03
  2.0380E-02 -1.6264E-02 -1.3958E-03 -4.3449E-03
  2.0568E-02 -1.6551E-02 -1.4216E-03 -4.4254E-03
  2.0757E-02 -1.6843E-02 -1.4479E-03 -4.5074E-03
  2.0948E-02 -1.7140E-02 -1.4746E-03 -4.5909E-03
  2.1141E-02 -1.7442E-02 -1.5018E-03 -4.6760E-03
  2.1335E-02 -1.7749E-02 -1.5296E-03 -4.7627E-03
  2.1531E-02 -1.8061E-02 -1.5578E-03 -4.8510E-03
  2.1729E-02 -1.8379E-02 -1.5866E-03 -4.9409E-03
  2.1929E-02 -1.8702E-02 -1.6159E-03 -5.0325E-03
  2.2131E-02 -1.9031E-02 -1.6458E-03 -5.1258E-03
  2.2335E-02 -1.9365E-02 -1.6762E-03 -5.2208E-03
  2.2540E-02 -1.9705E-02 -1.7071E-03 -5.3176E-03
  2.2748E-02 -2.0051E-02 -1.7387E-03 -5.4162E-03
  2.2957E-02 -2.0403E-02 -1.7708E-03 -5.5166E-03
  2.3168E-02 -2.0760E-02 -1.8035E-03 -5.6189E-03
  2.3381E-02 -2.1124E-02 -1.8368E-03 -5.7231E-03
  2.3596E-02 -2.1494E-02 -1.8707E-03 -5.8292E-03
  2.3813E-02 -2.1871E-02 -1.9053E-03 -5.9373E-03
  2.4033E-02 -2.2253E-02 -1.9405E-03 -6.0475E-03
  2.4254E-02 -2.2642E-02 -1.9763E-03 -6.1596E-03
  2.4477E-02 -2.3038E-02 -2.0128E-03 -6.2739E-03
  2.4702E-02 -2.3441E-02 -2.0500E-03 -6.3903E-03
  2.4929E-02 -2.3850E-02 -2.0879E-03 -6.5088E-03
  2.5159E-02 -2.4266E-02 -2.1264E-03 -6.6296E-03
  2.5390E-02 -2.4690E-02 -2.1657E-03 -6.7526E-03
  2.5624E-02 -2.5120E-02 -2.2057E-03 -6.8779E-03
  2.5859E-02 -2.5558E-02 -2.2464E-03 -7.0055E-03
  2.6097E-02 -2.6003E-02 -2.2879E-03 -7.1355E-03
  2.6337E-02 -2.6456E-02 -2.3302E-03 -7.2679E-03
  2.6580E-02 -2.6916E-02 -2.3732E-03 -7.4028E-03
  2.6824E-02 -2.7384E-02 -2.4170E-03 -7.5403E-03
  2.7071E-02 -2.7860E-02 -2.4617E-03 -7.6802E-03
  2.7320E-02 -2.8344E-02 -2.5071E-03 -7.8228E-03
  2.7571E-02 -2.8836E-02 -2.5534E-03 -7.9680E-03
  2.7825E-02 -2.9336E-02 -2.6006E-03 -8.1160E-03
  2.8081E-02 -2.9845E-02 -2.6486E-03 -8.2667E-03
  2.8339E-02 -3.0362E-02 -2.6975E-03 -8.4202E-03
  2.8600E-02 -3.0887E-02 -2.7473E-03 -8.5766E-03
  2.8863E-02 -3.1422E-02 -2.7980E-03 -8.7359E-03
  2.9129E-02 -3.1965E-02 -2.8497E-03 -8.8982E-03
  2.9397E-02 -3.2518E-02 -2.9023E-03 -9.0635E-03
  2.9667E-02 -3.3080E-02 -2.9559E-03 -9.2319E-03
  2.9940E-02 -3.3651E-02 -3.0105E-03 -9.4034E-03
  3.0216E-02 -3.4231E-02 -3.0661E-03 -9.5782E-03
  3.0494E-02 -3.4821E-02 -3.1227E-03 -9.7562E-03
  3.0774E-02 -3.5421E-02 -3.1803E-03 -9.9375E-03
  3.1057E-02 -3.6031E-02 -3.2390E-03 -1.0122E-02
  3.1343E-02 -3.6651E-02 -3.2988E-03 -1.0310E-02
  3.1631E-02 -3.7282E-02 -3.3597E-03 -1.0502E-02
  3.1922E-02 -3.7922E-02 -3.4217E-03 -1.0697E-02
  3.2216E-02 -3.8573E-02 -3.4849E-03 -1.0896E-02
  3.2512E-02 -3.9235E-02 -3.5492E-03 -1.1099E-02
  3.2812E-02 -3.9908E-02 -3.6147E-03 -1.1305E-02
  3.3113E-02 -4.0592E-02 -3.6814E-03 -1.1516E-02
  3.3418E-02 -4.1287E-02 -3.7494E-03 -1.1730E-02
  3.3726E-02 -4.1994E-02 -3.8186E-03 -1.1948E-02
  3.4036E-02 -4.2712E-02 -3.8891E-03 -1.2170E-02
  3.4349E-02 -4.3442E-02 -3.9608E-03 -1.2397E-02
  3.4665E-02 -4.4184E-02 -4.0339E-03 -1.2628E-02
  3.4984E-02 -4.4937E-02 -4.1084E-03 -1.2863E-02
  3.5306E-02 -4.5704E-02 -4.1842E-03 -1.3102E-02
  3.5631E-02 -4.6482E-02 -4.2614E-03 -1.3346E-02
  3.5958E-02 -4.7274E-02 -4.3400E-03 -1.3595E-02
  3.6289E-02 -4.8078E-02 -4.4201E-03 -1.3848E-02
  3.6623E-02 -4.8895E-02 -4.5017E-03 -1.4106E-02
  3.6960E-02 -4.9726E-02 -4.5847E-03 -1.4369E-02
  3.7300E-02 -5.0570E-02 -4.6693E-03 -1.4636E-02
  3.7643E-02 -5.1427E-02 -4.7554E-03 -1.4909E-02
  3.7989E-02 -5.2299E-02 -4.8432E-03 -1.5187E-02
  3.8339E-02 -5.3184E-02 -4.9325E-03 -1.5470E-02
  3.8692E-02 -5.4084E-02 -5.0235E-03 -1.5759E-02
  3.9048E-02 -5.4998E-02 -5.1162E-03 -1.6052E-02
  3.9407E-02 -5.5927E-02 -5.2105E-03 -1.6352E-02
  3.9769E-02 -5.6871E-02 -5.3067E-03 -1.6657E-02
  4.0135E-02 -5.7830E-02 -5.4045E-03 -1.6967E-02
  4.0505E-02 -5.8804E-02 -5.5042E-03 -1.7284E-02
  4.0877E-02 -5.9794E-02 -5.6057E-03 -1.7607E-02
  4.1253E-02 -6.0799E-02 -5.7091E-03 -1.7935E-02
  4.1633E-02 -6.1821E-02 -5.8144E-03 -1.8270E-02
  4.2016E-02 -6.2859E-02 -5.9216E-03 -1.8611E-02
  4.2402E-02 -6.3913E-02 -6.0308E-03 -1.8959E-02
  4.2792E-02 -6.4984E-02 -6.1420E-03 -1.9313E-02
  4.3186E-02 -6.6072E-02 -6.2552E-03 -1.9674E-02
  4.3583E-02 -6.7177E-02 -6.3706E-03 -2.0041E-02
  4.3984E-02 -6.8300E-02 -6.4880E-03 -2.0416E-02
  4.4389E-02 -6.9440E-02 -6.6076E-03 -2.0797E-02
  4.4797E-02 -7.0598E-02 -6.7294E-03 -2.1186E-02
  4.5210E-02 -7.1775E-02 -6.8535E-03 -2.1582E-02
  4.5625E-02 -7.2969E-02 -6.9798E-03 -2.1986E-02
  4.6045E-02 -7.4183E-02 -7.1084E-03 -2.2397E-02
  4.6469E-02 -7.5416E-02 -7.2395E-03 -2.2816E-02
  4.6896E-02 -7.6667E-02 -7.3729E-03 -2.3243E-02
  4.7328E-02 -7.7939E-02 -7.5087E-03 -2.3679E-02
  4.7763E-02 -7.9230E-02 -7.6471E-03 -2.4122E-02
  4.8203E-02 -8.0541E-02 -7.7880E-03 -2.4574E-02
  4.8646E-02 -8.1872E-02 -7.9315E-03 -2.5034E-02
  4.9094E-02 -8.3224E-02 -8.0776E-03 -2.5503E-02
  4.9545E-02 -8.4597E-02 -8.2265E-03 -2.5981E-02
  5.0001E-02 -8.5991E-02 -8.3780E-03 -2.6468E-02
  5.0461E-02 -8.7407E-02 -8.5323E-03 -2.6964E-02
  5.0925E-02 -8.8844E-02 -8.6895E-03 -2.7470E-02
  5.1394E-02 -9.0303E-02 -8.8495E-03 -2.7985E-02
  5.1867E-02 -9.1785E-02 -9.0125E-03 -2.8511E-02
  5.2344E-02 -9.3289E-02 -9.1785E-03 -2.9046E-02
  5.2825E-02 -9.4816E-02 -9.3475E-03 -2.9591E-02
  5.3311E-02 -9.6367E-02 -9.5196E-03 -3.0147E-02
  5.3802E-02 -9.7941E-02 -9.6949E-03 -3.0713E-02
  5.4297E-02 -9.9538E-02 -9.8734E-03 -3.1290E-02
  5.4796E-02 -1.0116E-01 -1.0055E-02 -3.1878E-02
  5.5300E-02 -1.0281E-01 -1.0240E-02 -3.2478E-02
  5.5809E-02 -1.0448E-01 -1.0429E-02 -3.3088E-02
  5.6323E-02 -1.0617E-01 -1.0621E-02 -3.3711E-02
  5.6841E-02 -1.0790E-01 -1.0816E-02 -3.4345E-02
  5.7364E-02 -1.0964E-01 -1.1015E-02 -3.4992E-02
  5.7892E-02 -1.1142E-01 -1.1218E-02 -3.5651E-02
  5.8424E-02 -1.1322E-01 -1.1424E-02 -3.6322E-02
  5.8962E-02 -1.1505E-01 -1.1634E-02 -3.7007E-02
  5.9504E-02 -1.1690E-01 -1.1848E-02 -3.7704E-02
  6.0051E-02 -1.1878E-01 -1.2066E-02 -3.8415E-02
  6.0604E-02 -1.2069E-01 -1.2288E-02 -3.9140E-02
  6.1162E-02 -1.2263E-01 -1.2514E-02 -3.9878E-02
  6.1724E-02 -1.2459E-01 -1.2744E-02 -4.0631E-02
  6.2292E-02 -1.2659E-01 -1.2979E-02 -4.1398E-02
  6.2865E-02 -1.2861E-01 -1.3217E-02 -4.2180E-02
  6.3443E-02 -1.3067E-01 -1.3460E-02 -4.2977E-02
  6.4027E-02 -1.3275E-01 -1.3708E-02 -4.3790E-02
  6.4616E-02 -1.3486E-01 -1.3960E-02 -4.4618E-02
  6.5211E-02 -1.3701E-01 -1.4216E-02 -4.5462E-02
  6.5811E-02 -1.3918E-01 -1.4478E-02 -4.6322E-02
  6.6416E-02 -1.4139E-01 -1.4744E-02 -4.7199E-02
  6.7027E-02 -1.4363E-01 -1.5014E-02 -4.8093E-02
  6.7644E-02 -1.4590E-01 -1.5290E-02 -4.9005E-02
  6.8266E-02 -1.4820E-01 -1.5571E-02 -4.9934E-02
  6.8894E-02 -1.5054E-01 -1.5857E-02 -5.0881E-02
  6.9528E-02 -1.5291E-01 -1.6148E-02 -5.1846E-02
  7.0167E-02 -1.5531E-01 -1.6445E-02 -5.2830E-02
  7.0813E-02 -1.5775E-01 -1.6747E-02 -5.3833E-02
  7.1464E-02 -1.6022E-01 -1.7054E-02 -5.4856E-02
  7.2122E-02 -1.6273E-01 -1.7367E-02 -5.5899E-02
  7.2785E-02 -1.6527E-01 -1.7686E-02 -5.6962E-02
  7.3455E-02 -1.6785E-01 -1.8010E-02 -5.8045E-02
  7.4131E-02 -1.7046E-01 -1.8341E-02 -5.9150E-02
  7.4813E-02 -1.7311E-01 -1.8677E-02 -6.0277E-02
  7.5501E-02 -1.7580E-01 -1.9020E-02 -6.1425E-02
  7.6196E-02 -1.7852E-01 -1.9368E-02 -6.2596E-02
  7.6897E-02 -1.8128E-01 -1.9724E-02 -6.3790E-02
  7.7604E-02 -1.8408E-01 -2.0085E-02 -6.5007E-02
  7.8318E-02 -1.8692E-01 -2.0453E-02 -6.6249E-02
  7.9039E-02 -1.8980E-01 -2.0828E-02 -6.7514E-02
  7.9766E-02 -1.9271E-01 -2.1210E-02 -6.8804E-02
  8.0500E-02 -1.9567E-01 -2.1598E-02 -7.0120E-02
  8.1240E-02 -1.9866E-01 -2.1994E-02 -7.1462E-02
  8.1988E-02 -2.0170E-01 -2.2397E-02 -7.2830E-02
  8.2742E-02 -2.0478E-01 -2.2807E-02 -7.4225E-02
  8.3503E-02 -2.0789E-01 -2.3225E-02 -7.5648E-02
  8.4271E-02 -2.1105E-01 -2.3650E-02 -7.7099E-02
  8.5047E-02 -2.1425E-01 -2.4083E-02 -7.8579E-02
  8.5829E-02 -2.1750E-01 -2.4523E-02 -8.0087E-02
  8.6619E-02 -2.2079E-01 -2.4972E-02 -8.1626E-02
  8.7415E-02 -2.2412E-01 -2.5429E-02 -8.3196E-02
  8.8220E-02 -2.2749E-01 -2.5894E-02 -8.4796E-02
  8.9031E-02 -2.3091E-01 -2.6367E-02 -8.6429E-02
  8.9850E-02 -2.3437E-01 -2.6849E-02 -8.8093E-02
  9.0677E-02 -2.3788E-01 -2.7340E-02 -8.9792E-02
  9.1511E-02 -2.4143E-01 -2.7840E-02 -9.1524E-02
  9.2353E-02 -2.4503E-01 -2.8348E-02 -9.3290E-02
  9.3203E-02 -2.4867E-01 -2.8866E-02 -9.5092E-02
  9.4060E-02 -2.5236E-01 -2.9393E-02 -9.6930E-02
  9.4925E-02 -2.5610E-01 -2.9930E-02 -9.8805E-02
  9.5799E-02 -2.5989E-01 -3.0476E-02 -1.0072E-01
  9.6680E-02 -2.6372E-01 -3.1032E-02 -1.0267E-01
  9.7570E-02 -2.6760E-01 -3.1599E-02 -1.0466E-01
  9.8467E-02 -2.7153E-01 -3.2175E-02 -1.0669E-01
  9.9373E-02 -2.7551E-01 -3.2762E-02 -1.0876E-01
  1.0029E-01 -2.7954E-01 -3.3359E-02 -1.1087E-01
  1.0121E-01 -2.8362E-01 -3.3967E-02 -1.1303E-01
  1.0214E-01 -2.8775E-01 -3.4586E-02 -1.1523E-01
  1.0308E-01 -2.9192E-01 -3.5216E-02 -1.1747E-01
  1.0403E-01 -2.9615E-01 -3.5857E-02 -1.1976E-01
  1.0499E-01 -3.0043E-01 -3.6510E-02 -1.2210E-01
  1.0595E-01 -3.0477E-01 -3.7175E-02 -1.2448E-01
  1.0693E-01 -3.0915E-01 -3.7851E-02 -1.2691E-01
  1.0791E-01 -3.1359E-01 -3.8540E-02 -1.2939E-01
  1.0890E-01 -3.1808E-01 -3.9241E-02 -1.3192E-01
  1.0990E-01 -3.2262E-01 -3.9954E-02 -1.3451E-01
  1.1092E-01 -3.2721E-01 -4.0680E-02 -1.3714E-01
  1.1194E-01 -3.3186E-01 -4.1419E-02 -1.3984E-01
  1.1297E-01 -3.3657E-01 -4.2172E-02 -1.4258E-01
  1.1401E-01 -3.4132E-01 -4.2937E-02 -1.4538E-01
  1.1505E-01 -3.4614E-01 -4.3717E-02 -1.4824E-01
  1.1611E-01 -3.5100E-01 -4.4510E-02 -1.5116E-01
  1.1718E-01 -3.5593E-01 -4.5317E-02 -1.5414E-01
  1.1826E-01 -3.6090E-01 -4.6139E-02 -1.5718E-01
  1.1935E-01 -3.6594E-01 -4.6975E-02 -1.6028E-01
  1.2045E-01 -3.7103E-01 -4.7826E-02 -1.6345E-01
  1.2155E-01 -3.7617E-01 -4.8693E-02 -1.6668E-01
  1.2267E-01 -3.8138E-01 -4.9574E-02 -1.6998E-01
  1.2380E-01 -3.8664E-01 -5.0471E-02 -1.7335E-01
  1.2494E-01 -3.9196E-01 -5.1385E-02 -1.7679E-01
  1.2609E-01 -3.9733E-01 -5.2314E-02 -1.8030E-01
  1.2725E-01 -4.0277E-01 -5.3259E-02 -1.8389E-01
  1.2842E-01 -4.0826E-01 -5.4222E-02 -1.8754E-01
  1.2960E-01 -4.1381E-01 -5.5201E-02 -1.9128E-01
  1.3079E-01 -4.1941E-01 -5.6197E-02 -1.9509E-01
  1.3200E-01 -4.2508E-01 -5.7212E-02 -1.9899E-01
  1.3321E-01 -4.3080E-01 -5.8243E-02 -2.0296E-01
  1.3444E-01 -4.3659E-01 -5.9293E-02 -2.0702E-01
  1.3567E-01 -4.4243E-01 -6.0362E-02 -2.1116E-01
  1.3692E-01 -4.4833E-01 -6.1449E-02 -2.1539E-01
  1.3818E-01 -4.5430E-01 -6.2555E-02 -2.1971E-01
  1.3945E-01 -4.6032E-01 -6.3681E-02 -2.2413E-01
  1.4073E-01 -4.6640E-01 -6.4826E-02 -2.2863E-01
  1.4203E-01 -4.7254E-01 -6.5991E-02 -2.3323E-01
  1.4334E-01 -4.7874E-01 -6.7177E-02 -2.3793E-01
  1.4465E-01 -4.8500E-01 -6.8383E-02 -2.4273E-01
  1.4599E-01 -4.9132E-01 -6.9610E-02 -2.4763E-01
  1.4733E-01 -4.9770E-01 -7.0859E-02 -2.5263E-01
  1.4868E-01 -5.0414E-01 -7.2129E-02 -2.5774E-01
  1.5005E-01 -5.1064E-01 -7.3421E-02 -2.6296E-01
  1.5143E-01 -5.1720E-01 -7.4736E-02 -2.6830E-01
  1.5283E-01 -5.2382E-01 -7.6073E-02 -2.7374E-01
  1.5423E-01 -5.3050E-01 -7.7433E-02 -2.7930E-01
  1.5565E-01 -5.3724E-01 -7.8817E-02 -2.8499E-01
  1.5708E-01 -5.4404E-01 -8.0225E-02 -2.9079E-01
  1.5853E-01 -5.5089E-01 -8.1657E-02 -2.9672E-01
  1.5999E-01 -5.5781E-01 -8.3113E-02 -3.0277E-01
  1.6146E-01 -5.6479E-01 -8.4595E-02 -3.0896E-01
  1.6294E-01 -5.7182E-01 -8.6101E-02 -3.1528E-01
  1.6444E-01 -5.7892E-01 -8.7634E-02 -3.2174E-01
  1.6595E-01 -5.8607E-01 -8.9193E-02 -3.2833E-01
  1.6748E-01 -5.9329E-01 -9.0778E-02 -3.3507E-01
  1.6902E-01 -6.0056E-01 -9.2390E-02 -3.4196E-01
  1.7058E-01 -6.0788E-01 -9.4030E-02 -3.4899E-01
  1.7215E-01 -6.1527E-01 -9.5697E-02 -3.5617E-01
  1.7373E-01 -6.2271E-01 -9.7393E-02 -3.6352E-01
  1.7533E-01 -6.3021E-01 -9.9117E-02 -3.7102E-01
  1.7694E-01 -6.3777E-01 -1.0087E-01 -3.7868E-01
  1.7857E-01 -6.4538E-01 -1.0265E-01 -3.8651E-01
  1.8021E-01 -6.5305E-01 -1.0447E-01 -3.9451E-01
  1.8187E-01 -6.6077E-01 -1.0631E-01 -4.0269E-01
  1.8354E-01 -6.6855E-01 -1.0818E-01 -4.1104E-01
  1.8523E-01 -6.7638E-01 -1.1009E-01 -4.1958E-01
  1.8694E-01 -6.8427E-01 -1.1203E-01 -4.2830E-01
  1.8866E-01 -6.9221E-01 -1.1400E-01 -4.3721E-01
  1.9039E-01 -7.0020E-01 -1.1600E-01 -4.4632E-01
  1.9214E-01 -7.0824E-01 -1.1803E-01 -4.5563E-01
  1.9391E-01 -7.1634E-01 -1.2010E-01 -4.6514E-01
  1.9569E-01 -7.2448E-01 -1.2220E-01 -4.7485E-01
  1.9749E-01 -7.3267E-01 -1.2434E-01 -4.8478E-01
  1.9931E-01 -7.4092E-01 -1.2651E-01 -4.9493E-01
  2.0115E-01 -7.4921E-01 -1.2872E-01 -5.0530E-01
  2.0300E-01 -7.5755E-01 -1.3097E-01 -5.1589E-01
  2.0486E-01 -7.6593E-01 -1.3325E-01 -5.2672E-01
  2.0675E-01 -7.7437E-01 -1.3557E-01 -5.3778E-01
  2.0865E-01 -7.8284E-01 -1.3792E-01 -5.4909E-01
  2.1057E-01 -7.9136E-01 -1.4031E-01 -5.6064E-01
  2.1251E-01 -7.9992E-01 -1.4275E-01 -5.7245E-01
  2.1446E-01 -8.0853E-01 -1.4522E-01 -5.8451E-01
  2.1643E-01 -8.1717E-01 -1.4773E-01 -5.9684E-01
  2.1843E-01 -8.2585E-01 -1.5028E-01 -6.0943E-01
  2.2044E-01 -8.3458E-01 -1.5287E-01 -6.2230E-01
  2.2246E-01 -8.4334E-01 -1.5550E-01 -6.3545E-01
  2.2451E-01 -8.5213E-01 -1.5818E-01 -6.4889E-01
  2.2658E-01 -8.6096E-01 -1.6089E-01 -6.6262E-01
  2.2866E-01 -8.6982E-01 -1.6365E-01 -6.7664E-01
  2.3076E-01 -8.7872E-01 -1.6645E-01 -6.9097E-01
  2.3289E-01 -8.8765E-01 -1.6930E-01 -7.0562E-01
  2.3503E-01 -8.9660E-01 -1.7219E-01 -7.2057E-01
  2.3719E-01 -9.0558E-01 -1.7512E-01 -7.3586E-01
  2.3937E-01 -9.1459E-01 -1.7810E-01 -7.5147E-01
  2.4158E-01 -9.2363E-01 -1.8113E-01 -7.6742E-01
  2.4380E-01 -9.3268E-01 -1.8420E-01 -7.8371E-01
  2.4604E-01 -9.4176E-01 -1.8732E-01 -8.0034E-01
  2.4830E-01 -9.5086E-01 -1.9048E-01 -8.1734E-01
  2.5059E-01 -9.5998E-01 -1.9369E-01 -8.3470E-01
  2.5289E-01 -9.6911E-01 -1.9696E-01 -8.5243E-01
  2.5522E-01 -9.7825E-01 -2.0027E-01 -8.7053E-01
  2.5757E-01 -9.8741E-01 -2.0363E-01 -8.8902E-01
  2.5994E-01 -9.9658E-01 -2.0704E-01 -9.0790E-01
  2.6233E-01 -1.0058E+00 -2.1050E-01 -9.2718E-01
  2.6474E-01 -1.0149E+00 -2.1401E-01 -9.4686E-01
  2.6718E-01 -1.0241E+00 -2.1757E-01 -9.6695E-01
  2.6964E-01 -1.0333E+00 -2.2118E-01 -9.8746E-01
  2.7212E-01 -1.0425E+00 -2.2485E-01 -1.0084E+00
  2.7462E-01 -1.0517E+00 -2.2856E-01 -1.0298E+00
  2.7715E-01 -1.0609E+00 -2.3233E-01 -1.0516E+00
  2.7970E-01 -1.0701E+00 -2.3616E-01 -1.0738E+00
  2.8227E-01 -1.0793E+00 -2.4004E-01 -1.0965E+00
  2.8487E-01 -1.0884E+00 -2.4397E-01 -1.1197E+00
  2.8749E-01 -1.0976E+00 -2.4795E-01 -1.1433E+00
  2.9013E-01 -1.1067E+00 -2.5200E-01 -1.1675E+00
  2.9280E-01 -1.1158E+00 -2.5609E-01 -1.1921E+00
  2.9549E-01 -1.1249E+00 -2.6025E-01 -1.2171E+00
  2.9821E-01 -1.1340E+00 -2.6445E-01 -1.2427E+00
  3.0096E-01 -1.1430E+00 -2.6872E-01 -1.2688E+00
  3.0373E-01 -1.1520E+00 -2.7304E-01 -1.2954E+00
  3.0652E-01 -1.1610E+00 -2.7742E-01 -1.3224E+00
  3.0934E-01 -1.1700E+00 -2.8186E-01 -1.3501E+00
  3.1219E-01 -1.1789E+00 -2.8635E-01 -1.3782E+00
  3.1506E-01 -1.1877E+00 -2.9090E-01 -1.4068E+00
  3.1796E-01 -1.1966E+00 -2.9551E-01 -1.4360E+00
  3.2088E-01 -1.2053E+00 -3.0017E-01 -1.4658E+00
  3.2383E-01 -1.2141E+00 -3.0490E-01 -1.4960E+00
  3.2681E-01 -1.2228E+00 -3.0968E-01 -1.5269E+00
  3.2982E-01 -1.2314E+00 -3.1452E-01 -1.5582E+00
  3.3285E-01 -1.2399E+00 -3.1942E-01 -1.5901E+00
  3.3591E-01 -1.2484E+00 -3.2438E-01 -1.6226E+00
  3.3901E-01 -1.2569E+00 -3.2939E-01 -1.6556E+00
  3.4212E-01 -1.2652E+00 -3.3446E-01 -1.6892E+00
  3.4527E-01 -1.2735E+00 -3.3960E-01 -1.7234E+00
  3.4845E-01 -1.2817E+00 -3.4479E-01 -1.7581E+00
  3.5165E-01 -1.2899E+00 -3.5003E-01 -1.7934E+00
  3.5489E-01 -1.2979E+00 -3.5534E-01 -1.8292E+00
  3.5815E-01 -1.3059E+00 -3.6070E-01 -1.8656E+00
  3.6145E-01 -1.3138E+00 -3.6612E-01 -1.9025E+00
  3.6477E-01 -1.3216E+00 -3.7159E-01 -1.9400E+00
  3.6813E-01 -1.3293E+00 -3.7713E-01 -1.9780E+00
  3.7152E-01 -1.3368E+00 -3.8271E-01 -2.0166E+00
  3.7493E-01 -1.3443E+00 -3.8836E-01 -2.0557E+00
  3.7838E-01 -1.3517E+00 -3.9405E-01 -2.0954E+00
  3.8186E-01 -1.3589E+00 -3.9980E-01 -2.1355E+00
  3.8538E-01 -1.3661E+00 -4.0561E-01 -2.1762E+00
  3.8892E-01 -1.3731E+00 -4.1146E-01 -2.2174E+00
  3.9250E-01 -1.3800E+00 -4.1737E-01 -2.2590E+00
  3.9611E-01 -1.3867E+00 -4.2333E-01 -2.3012E+00
  3.9976E-01 -1.3934E+00 -4.2934E-01 -2.3438E+00
  4.0343E-01 -1.3999E+00 -4.3540E-01 -2.3868E+00
  4.0714E-01 -1.4062E+00 -4.4150E-01 -2.4303E+00
  4.1089E-01 -1.4124E+00 -4.4765E-01 -2.4741E+00
  4.1467E-01 -1.4184E+00 -4.5385E-01 -2.5184E+00
  4.1849E-01 -1.4243E+00 -4.6009E-01 -2.5630E+00
  4.2234E-01 -1.4301E+00 -4.6637E-01 -2.6079E+00
  4.2622E-01 -1.4356E+00 -4.7270E-01 -2.6532E+00
  4.3014E-01 -1.4410E+00 -4.7906E-01 -2.6987E+00
  4.3410E-01 -1.4463E+00 -4.8546E-01 -2.7445E+00
  4.3809E-01 -1.4513E+00 -4.9189E-01 -2.7905E+00
  4.4212E-01 -1.4562E+00 -4.9836E-01 -2.8367E+00
  4.4619E-01 -1.4609E+00 -5.0486E-01 -2.8830E+00
  4.5030E-01 -1.4653E+00 -5.1138E-01 -2.9294E+00
  4.5444E-01 -1.4696E+00 -5.1794E-01 -2.9759E+00
  4.5862E-01 -1.4737E+00 -5.2452E-01 -3.0224E+00
  4.6284E-01 -1.4776E+00 -5.3111E-01 -3.0688E+00
  4.6710E-01 -1.4813E+00 -5.3773E-01 -3.1152E+00
  4.7139E-01 -1.4848E+00 -5.4437E-01 -3.1614E+00
  4.7573E-01 -1.4880E+00 -5.5102E-01 -3.2074E+00
  4.8011E-01 -1.4910E+00 -5.5767E-01 -3.2531E+00
  4.8452E-01 -1.4938E+00 -5.6434E-01 -3.2986E+00
  4.8898E-01 -1.4964E+00 -5.7101E-01 -3.3436E+00
  4.9348E-01 -1.4987E+00 -5.7768E-01 -3.3882E+00
  4.9802E-01 -1.5008E+00 -5.8434E-01 -3.4322E+00
  5.0260E-01 -1.5026E+00 -5.9100E-01 -3.4756E+00
  5.0722E-01 -1.5042E+00 -5.9764E-01 -3.5183E+00
  5.1189E-01 -1.5055E+00 -6.0427E-01 -3.5603E+00
  5.1660E-01 -1.5065E+00 -6.1088E-01 -3.6014E+00
  5.2135E-01 -1.5073E+00 -6.1746E-01 -3.6415E+00
  5.2615E-01 -1.5078E+00 -6.2402E-01 -3.6806E+00
  5.3099E-01 -1.5081E+00 -6.3053E-01 -3.7186E+00
  5.3587E-01 -1.5080E+00 -6.3701E-01 -3.7553E+00
  5.4080E-01 -1.5077E+00 -6.4345E-01 -3.7906E+00
  5.4578E-01 -1.5071E+00 -6.4983E-01 -3.8245E+00
  5.5080E-01 -1.5061E+00 -6.5616E-01 -3.8568E+00
  5.5587E-01 -1.5049E+00 -6.6243E-01 -3.8874E+00
  5.6098E-01 -1.5034E+00 -6.6863E-01 -3.9163E+00
  5.6614E-01 -1.5016E+00 -6.7475E-01 -3.9431E+00
  5.7135E-01 -1.4994E+00 -6.8079E-01 -3.9680E+00
  5.7661E-01 -1.4970E+00 -6.8675E-01 -3.9906E+00
  5.8191E-01 -1.4942E+00 -6.9261E-01 -4.0110E+00
  5.8727E-01 -1.4911E+00 -6.9837E-01 -4.0288E+00
  5.9267E-01 -1.4876E+00 -7.0402E-01 -4.0441E+00
  5.9812E-01 -1.4838E+00 -7.0955E-01 -4.0567E+00
  6.0362E-01 -1.4797E+00 -7.1496E-01 -4.0664E+00
  6.0918E-01 -1.4752E+00 -7.2024E-01 -4.0731E+00
  6.1478E-01 -1.4704E+00 -7.2538E-01 -4.0766E+00
  6.2044E-01 -1.4652E+00 -7.3036E-01 -4.0768E+00
  6.2614E-01 -1.4597E+00 -7.3519E-01 -4.0736E+00
  6.3190E-01 -1.4538E+00 -7.3985E-01 -4.0667E+00
  6.3772E-01 -1.4476E+00 -7.4433E-01 -4.0561E+00
  6.4358E-01 -1.4409E+00 -7.4863E-01 -4.0416E+00
  6.4951E-01 -1.4339E+00 -7.5273E-01 -4.0231E+00
  6.5548E-01 -1.4265E+00 -7.5663E-01 -4.0003E+00
  6.6151E-01 -1.4188E+00 -7.6030E-01 -3.9733E+00
  6.6760E-01 -1.4106E+00 -7.6376E-01 -3.9417E+00
  6.7374E-01 -1.4021E+00 -7.6697E-01 -3.9055E+00
  6.7994E-01 -1.3931E+00 -7.6994E-01 -3.8646E+00
  6.8619E-01 -1.3838E+00 -7.7265E-01 -3.8187E+00
  6.9250E-01 -1.3741E+00 -7.7508E-01 -3.7679E+00
  6.9888E-01 -1.3639E+00 -7.7724E-01 -3.7119E+00
  7.0530E-01 -1.3534E+00 -7.7910E-01 -3.6506E+00
  7.1179E-01 -1.3424E+00 -7.8065E-01 -3.5840E+00
  7.1834E-01 -1.3310E+00 -7.8189E-01 -3.5120E+00
  7.2495E-01 -1.3193E+00 -7.8280E-01 -3.4344E+00
  7.3162E-01 -1.3070E+00 -7.8336E-01 -3.3512E+00
  7.3835E-01 -1.2944E+00 -7.8357E-01 -3.2622E+00
  7.4514E-01 -1.2814E+00 -7.8340E-01 -3.1676E+00
  7.5200E-01 -1.2679E+00 -7.8286E-01 -3.0671E+00
  7.5892E-01 -1.2539E+00 -7.8192E-01 -2.9609E+00
  7.6590E-01 -1.2396E+00 -7.8057E-01 -2.8488E+00
  7.7294E-01 -1.2248E+00 -7.7881E-01 -2.7309E+00
  7.8005E-01 -1.2096E+00 -7.7660E-01 -2.6072E+00
  7.8723E-01 -1.1939E+00 -7.7395E-01 -2.4778E+00
  7.9447E-01 -1.1778E+00 -7.7084E-01 -2.3427E+00
  8.0178E-01 -1.1612E+00 -7.6725E-01 -2.2020E+00
  8.0916E-01 -1.1442E+00 -7.6317E-01 -2.0558E+00
  8.1660E-01 -1.1268E+00 -7.5858E-01 -1.9043E+00
  8.2412E-01 -1.1089E+00 -7.5348E-01 -1.7476E+00
  8.3170E-01 -1.0905E+00 -7.4785E-01 -1.5859E+00
  8.3935E-01 -1.0717E+00 -7.4168E-01 -1.4193E+00
  8.4707E-01 -1.0525E+00 -7.3495E-01 -1.2482E+00
  8.5486E-01 -1.0328E+00 -7.2765E-01 -1.0729E+00
  8.6273E-01 -1.0126E+00 -7.1976E-01 -8.9351E-01
  8.7066E-01 -9.9200E-01 -7.1128E-01 -7.1050E-01
  8.7867E-01 -9.7092E-01 -7.0219E-01 -5.2419E-01
  8.8676E-01 -9.4939E-01 -6.9248E-01 -3.3500E-01
  8.9492E-01 -9.2740E-01 -6.8214E-01 -1.4333E-01
  9.0315E-01 -9.0496E-01 -6.7115E-01  5.0337E-02
  9.1146E-01 -8.8206E-01 -6.5951E-01  2.4551E-01
  9.1984E-01 -8.5870E-01 -6.4720E-01  4.4167E-01
  9.2830E-01 -8.3489E-01 -6.3421E-01  6.3823E-01
  9.3684E-01 -8.1062E-01 -6.2054E-01  8.3462E-01
  9.4546E-01 -7.8590E-01 -6.0617E-01  1.0302E+00
  9.5416E-01 -7.6073E-01 -5.9110E-01  1.2243E+00
  9.6294E-01 -7.3511E-01 -5.7531E-01  1.4162E+00
  9.7180E-01 -7.0903E-01 -5.5880E-01  1.6053E+00
  9.8074E-01 -6.8251E-01 -5.4157E-01  1.7907E+00
  9.8976E-01 -6.5555E-01 -5.2361E-01  1.9718E+00
  9.9887E-01 -6.2814E-01 -5.0490E-01  2.1476E+00
  1.0081E+00 -6.0029E-01 -4.8546E-01  2.3175E+00
  1.0173E+00 -5.7201E-01 -4.6527E-01  2.4805E+00
  1.0267E+00 -5.4329E-01 -4.4434E-01  2.6358E+00
  1.0361E+00 -5.1414E-01 -4.2266E-01  2.7826E+00
  1.0457E+00 -4.8456E-01 -4.0023E-01  2.9200E+00
  1.0553E+00 -4.5456E-01 -3.7705E-01  3.0472E+00
  1.0650E+00 -4.2414E-01 -3.5314E-01  3.1633E+00
  1.0748E+00 -3.9330E-01 -3.2848E-01  3.2676E+00
  1.0847E+00 -3.6206E-01 -3.0308E-01  3.3592E+00
  1.0947E+00 -3.3041E-01 -2.7695E-01  3.4373E+00
  1.1047E+00 -2.9836E-01 -2.5011E-01  3.5013E+00
  1.1149E+00 -2.6592E-01 -2.2254E-01  3.5504E+00
  1.1251E+00 -2.3309E-01 -1.9428E-01  3.5841E+00
  1.1355E+00 -1.9989E-01 -1.6532E-01  3.6019E+00
  1.1459E+00 -1.6631E-01 -1.3568E-01  3.6032E+00
  1.1565E+00 -1.3236E-01 -1.0537E-01  3.5877E+00
  1.1671E+00 -9.8056E-02 -7.4417E-02  3.5552E+00
  1.1779E+00 -6.3403E-02 -4.2825E-02  3.5056E+00
  1.1887E+00 -2.8408E-02 -1.0618E-02  3.4389E+00
  1.1996E+00  6.9180E-03  2.2186E-02  3.3552E+00
  1.2107E+00  4.2567E-02  5.5566E-02  3.2549E+00
  1.2218E+00  7.8528E-02  8.9500E-02  3.1386E+00
  1.2331E+00  1.1479E-01  1.2397E-01  3.0070E+00
  1.2444E+00  1.5135E-01  1.5894E-01  2.8610E+00
  1.2558E+00  1.8818E-01  1.9439E-01  2.7017E+00
  1.2674E+00  2.2528E-01  2.3030E-01  2.5305E+00
  1.2791E+00  2.6264E-01  2.6664E-01  2.3491E+00
  1.2908E+00  3.0024E-01  3.0337E-01  2.1594E+00
  1.3027E+00  3.3807E-01  3.4048E-01  1.9633E+00
  1.3147E+00  3.7611E-01  3.7794E-01  1.7632E+00
  1.3268E+00  4.1435E-01  4.1570E-01  1.5617E+00
  1.3390E+00  4.5278E-01  4.5375E-01  1.3614E+00
  1.3513E+00  4.9138E-01  4.9205E-01  1.1652E+00
  1.3637E+00  5.3013E-01  5.3058E-01  9.7616E-01
  1.3763E+00  5.6901E-01  5.6930E-01  7.9717E-01
  1.3889E+00  6.0801E-01  6.0819E-01  6.3123E-01
  1.4017E+00  6.4711E-01  6.4721E-01  4.8113E-01
  1.4146E+00  6.8628E-01  6.8634E-01  3.4940E-01
  1.4276E+00  7.2552E-01  7.2554E-01  2.3810E-01
  1.4408E+00  7.6479E-01  7.6480E-01  1.4866E-01
  1.4540E+00  8.0408E-01  8.0409E-01  8.1623E-02
  1.4674E+00  8.4337E-01  8.4337E-01  3.6372E-02
  1.4809E+00  8.8263E-01  8.8263E-01  1.0772E-02
  1.4945E+00  9.2184E-01  9.2184E-01  7.8495E-04
  1.5083E+00  9.6097E-01  9.6097E-01  0.0000E+00
  1.5221E+00  1.0000E+00  1.0000E+00  0.0000E+00
  1.5361E+00  1.0389E+00  1.0389E+00  0.0000E+00
  1.5503E+00  1.0777E+00  1.0777E+00  0.0000E+00
  1.5645E+00  1.1162E+00  1.1162E+00  0.0000E+00
  1.5789E+00  1.1546E+00  1.1546E+00  0.0000E+00
  1.5935E+00  1.1927E+00  1.1927E+00  0.0000E+00
  1.6081E+00  1.2305E+00  1.2305E+00  0.0000E+00
  1.6229E+00  1.2681E+00  1.2681E+00  0.0000E+00
  1.6378E+00  1.3053E+00  1.3053E+00  0.0000E+00
  1.6529E+00  1.3421E+00  1.3421E+00  0.0000E+00
  1.6681E+00  1.3786E+00  1.3786E+00  0.0000E+00
  1.6835E+00  1.4146E+00  1.4146E+00  0.0000E+00
  1.6990E+00  1.4502E+00  1.4502E+00  0.0000E+00
  1.7146E+00  1.4852E+00  1.4852E+00  0.0000E+00
  1.7304E+00  1.5197E+00  1.5197E+00  0.0000E+00
  1.7463E+00  1.5536E+00  1.5536E+00  0.0000E+00
  1.7623E+00  1.5869E+00  1.5869E+00  0.0000E+00
  1.7786E+00  1.6195E+00  1.6195E+00  0.0000E+00
  1.7949E+00  1.6515E+00  1.6515E+00  0.0000E+00
  1.8114E+00  1.6827E+00  1.6827E+00  0.0000E+00
  1.8281E+00  1.7131E+00  1.7131E+00  0.0000E+00
  1.8449E+00  1.7427E+00  1.7427E+00  0.0000E+00
  1.8619E+00  1.7714E+00  1.7714E+00  0.0000E+00
  1.8790E+00  1.7992E+00  1.7992E+00  0.0000E+00
  1.8963E+00  1.8260E+00  1.8260E+00  0.0000E+00
  1.9137E+00  1.8518E+00  1.8518E+00  0.0000E+00
  1.9313E+00  1.8766E+00  1.8766E+00  0.0000E+00
  1.9491E+00  1.9003E+00  1.9003E+00  0.0000E+00
  1.9670E+00  1.9228E+00  1.9228E+00  0.0000E+00
  1.9851E+00  1.9441E+00  1.9441E+00  0.0000E+00
  2.0034E+00  1.9642E+00  1.9642E+00  0.0000E+00
  2.0218E+00  1.9830E+00  1.9830E+00  0.0000E+00
  2.0404E+00  2.0004E+00  2.0004E+00  0.0000E+00
  2.0592E+00  2.0165E+00  2.0165E+00  0.0000E+00
  2.0782E+00  2.0311E+00  2.0311E+00  0.0000E+00
  2.0973E+00  2.0442E+00  2.0442E+00  0.0000E+00
  2.1166E+00  2.0557E+00  2.0557E+00  0.0000E+00
  2.1360E+00  2.0657E+00  2.0657E+00  0.0000E+00
  2.1557E+00  2.0740E+00  2.0740E+00  0.0000E+00
  2.1755E+00  2.0806E+00  2.0806E+00  0.0000E+00
  2.1955E+00  2.0855E+00  2.0855E+00  0.0000E+00
  2.2157E+00  2.0885E+00  2.0885E+00  0.0000E+00
  2.2361E+00  2.0897E+00  2.0897E+00  0.0000E+00
  2.2567E+00  2.0890E+00  2.0890E+00  0.0000E+00
  2.2774E+00  2.0864E+00  2.0864E+00  0.0000E+00
  2.2984E+00  2.0818E+00  2.0818E+00  0.0000E+00
  2.3195E+00  2.0751E+00  2.0751E+00  0.0000E+00
  2.3409E+00  2.0663E+00  2.0663E+00  0.0000E+00
  2.3624E+00  2.0555E+00  2.0555E+00  0.0000E+00
  2.3842E+00  2.0424E+00  2.0424E+00  0.0000E+00
