 # l=           2 energy= -4.999999999999982E-002
  0.0000E+00  0.0000E+00  0.0000E+00  0.0000E+00
  1.0222E-08  1.2344E-24  1.2344E-24  3.4286E-24
  2.0538E-08  1.0012E-23  1.0012E-23  2.7809E-23
  3.0949E-08  3.4259E-23  3.4259E-23  9.5160E-23
  4.1455E-08  8.2336E-23  8.2336E-23  2.2870E-22
  5.2059E-08  1.6305E-22  1.6305E-22  4.5290E-22
  6.2759E-08  2.8568E-22  2.8568E-22  7.9353E-22
  7.3559E-08  4.5999E-22  4.5999E-22  1.2777E-21
  8.4457E-08  6.9624E-22  6.9624E-22  1.9339E-21
  9.5456E-08  1.0052E-21  1.0052E-21  2.7922E-21
  1.0656E-07  1.3982E-21  1.3982E-21  3.8839E-21
  1.1776E-07  1.8872E-21  1.8872E-21  5.2421E-21
  1.2906E-07  2.4846E-21  2.4846E-21  6.9014E-21
  1.4047E-07  3.2035E-21  3.2035E-21  8.8983E-21
  1.5199E-07  4.0576E-21  4.0576E-21  1.1271E-20
  1.6361E-07  5.0612E-21  5.0612E-21  1.4058E-20
  1.7533E-07  6.2294E-21  6.2294E-21  1.7303E-20
  1.8717E-07  7.5779E-21  7.5779E-21  2.1049E-20
  1.9911E-07  9.1232E-21  9.1232E-21  2.5341E-20
  2.1117E-07  1.0882E-20  1.0882E-20  3.0228E-20
  2.2333E-07  1.2874E-20  1.2874E-20  3.5758E-20
  2.3561E-07  1.5115E-20  1.5115E-20  4.1985E-20
  2.4800E-07  1.7627E-20  1.7627E-20  4.8963E-20
  2.6050E-07  2.0430E-20  2.0430E-20  5.6748E-20
  2.7312E-07  2.3545E-20  2.3545E-20  6.5401E-20
  2.8585E-07  2.6995E-20  2.6995E-20  7.4982E-20
  2.9871E-07  3.0802E-20  3.0802E-20  8.5557E-20
  3.1168E-07  3.4991E-20  3.4991E-20  9.7193E-20
  3.2476E-07  3.9587E-20  3.9587E-20  1.0996E-19
  3.3797E-07  4.4617E-20  4.4617E-20  1.2393E-19
  3.5131E-07  5.0107E-20  5.0107E-20  1.3918E-19
  3.6476E-07  5.6088E-20  5.6088E-20  1.5579E-19
  3.7834E-07  6.2587E-20  6.2587E-20  1.7384E-19
  3.9204E-07  6.9636E-20  6.9636E-20  1.9343E-19
  4.0587E-07  7.7268E-20  7.7268E-20  2.1462E-19
  4.1982E-07  8.5516E-20  8.5516E-20  2.3753E-19
  4.3391E-07  9.4415E-20  9.4415E-20  2.6225E-19
  4.4812E-07  1.0400E-19  1.0400E-19  2.8888E-19
  4.6247E-07  1.1431E-19  1.1431E-19  3.1752E-19
  4.7694E-07  1.2538E-19  1.2538E-19  3.4828E-19
  4.9155E-07  1.3726E-19  1.3726E-19  3.8127E-19
  5.0630E-07  1.4999E-19  1.4999E-19  4.1662E-19
  5.2118E-07  1.6361E-19  1.6361E-19  4.5444E-19
  5.3619E-07  1.7816E-19  1.7816E-19  4.9487E-19
  5.5135E-07  1.9370E-19  1.9370E-19  5.3802E-19
  5.6664E-07  2.1027E-19  2.1027E-19  5.8405E-19
  5.8208E-07  2.2792E-19  2.2792E-19  6.3309E-19
  5.9765E-07  2.4671E-19  2.4671E-19  6.8529E-19
  6.1337E-07  2.6670E-19  2.6670E-19  7.4080E-19
  6.2924E-07  2.8793E-19  2.8793E-19  7.9978E-19
  6.4525E-07  3.1048E-19  3.1048E-19  8.6240E-19
  6.6141E-07  3.3439E-19  3.3439E-19  9.2882E-19
  6.7771E-07  3.5974E-19  3.5974E-19  9.9923E-19
  6.9417E-07  3.8658E-19  3.8658E-19  1.0738E-18
  7.1078E-07  4.1500E-19  4.1500E-19  1.1527E-18
  7.2754E-07  4.4506E-19  4.4506E-19  1.2362E-18
  7.4445E-07  4.7683E-19  4.7683E-19  1.3245E-18
  7.6153E-07  5.1039E-19  5.1039E-19  1.4177E-18
  7.7875E-07  5.4582E-19  5.4582E-19  1.5161E-18
  7.9614E-07  5.8319E-19  5.8319E-19  1.6199E-18
  8.1369E-07  6.2261E-19  6.2261E-19  1.7294E-18
  8.3139E-07  6.6415E-19  6.6415E-19  1.8448E-18
  8.4926E-07  7.0790E-19  7.0790E-19  1.9663E-18
  8.6730E-07  7.5397E-19  7.5397E-19  2.0943E-18
  8.8550E-07  8.0244E-19  8.0244E-19  2.2289E-18
  9.0387E-07  8.5342E-19  8.5342E-19  2.3705E-18
  9.2240E-07  9.0701E-19  9.0701E-19  2.5194E-18
  9.4111E-07  9.6332E-19  9.6332E-19  2.6758E-18
  9.5999E-07  1.0225E-18  1.0225E-18  2.8401E-18
  9.7905E-07  1.0846E-18  1.0846E-18  3.0125E-18
  9.9827E-07  1.1497E-18  1.1497E-18  3.1936E-18
  1.0177E-06  1.2181E-18  1.2181E-18  3.3834E-18
  1.0373E-06  1.2898E-18  1.2898E-18  3.5826E-18
  1.0570E-06  1.3649E-18  1.3649E-18  3.7913E-18
  1.0770E-06  1.4437E-18  1.4437E-18  4.0100E-18
  1.0971E-06  1.5261E-18  1.5261E-18  4.2391E-18
  1.1174E-06  1.6125E-18  1.6125E-18  4.4789E-18
  1.1379E-06  1.7029E-18  1.7029E-18  4.7300E-18
  1.1586E-06  1.7975E-18  1.7975E-18  4.9927E-18
  1.1795E-06  1.8964E-18  1.8964E-18  5.2676E-18
  1.2006E-06  1.9999E-18  1.9999E-18  5.5550E-18
  1.2218E-06  2.1081E-18  2.1081E-18  5.8554E-18
  1.2433E-06  2.2211E-18  2.2211E-18  6.1695E-18
  1.2650E-06  2.3392E-18  2.3392E-18  6.4976E-18
  1.2868E-06  2.4626E-18  2.4626E-18  6.8403E-18
  1.3089E-06  2.5914E-18  2.5914E-18  7.1981E-18
  1.3311E-06  2.7259E-18  2.7259E-18  7.5717E-18
  1.3536E-06  2.8663E-18  2.8663E-18  7.9616E-18
  1.3763E-06  3.0128E-18  3.0128E-18  8.3685E-18
  1.3992E-06  3.1656E-18  3.1656E-18  8.7929E-18
  1.4223E-06  3.3249E-18  3.3249E-18  9.2355E-18
  1.4456E-06  3.4911E-18  3.4911E-18  9.6970E-18
  1.4691E-06  3.6643E-18  3.6643E-18  1.0178E-17
  1.4928E-06  3.8448E-18  3.8448E-18  1.0679E-17
  1.5168E-06  4.0328E-18  4.0328E-18  1.1202E-17
  1.5410E-06  4.2288E-18  4.2288E-18  1.1746E-17
  1.5654E-06  4.4328E-18  4.4328E-18  1.2313E-17
  1.5900E-06  4.6453E-18  4.6453E-18  1.2903E-17
  1.6148E-06  4.8666E-18  4.8666E-18  1.3518E-17
  1.6399E-06  5.0968E-18  5.0968E-18  1.4157E-17
  1.6652E-06  5.3365E-18  5.3365E-18  1.4823E-17
  1.6908E-06  5.5858E-18  5.5858E-18  1.5515E-17
  1.7165E-06  5.8452E-18  5.8452E-18  1.6236E-17
  1.7425E-06  6.1150E-18  6.1150E-18  1.6985E-17
  1.7688E-06  6.3956E-18  6.3956E-18  1.7765E-17
  1.7953E-06  6.6873E-18  6.6873E-18  1.8575E-17
  1.8220E-06  6.9905E-18  6.9905E-18  1.9417E-17
  1.8490E-06  7.3057E-18  7.3057E-18  2.0293E-17
  1.8762E-06  7.6333E-18  7.6333E-18  2.1203E-17
  1.9037E-06  7.9737E-18  7.9737E-18  2.2148E-17
  1.9315E-06  8.3273E-18  8.3273E-18  2.3130E-17
  1.9595E-06  8.6946E-18  8.6946E-18  2.4151E-17
  1.9877E-06  9.0761E-18  9.0761E-18  2.5210E-17
  2.0162E-06  9.4722E-18  9.4722E-18  2.6311E-17
  2.0450E-06  9.8835E-18  9.8835E-18  2.7453E-17
  2.0740E-06  1.0311E-17  1.0311E-17  2.8639E-17
  2.1033E-06  1.0754E-17  1.0754E-17  2.9870E-17
  2.1329E-06  1.1214E-17  1.1214E-17  3.1148E-17
  2.1627E-06  1.1691E-17  1.1691E-17  3.2474E-17
  2.1928E-06  1.2186E-17  1.2186E-17  3.3849E-17
  2.2232E-06  1.2700E-17  1.2700E-17  3.5276E-17
  2.2539E-06  1.3233E-17  1.3233E-17  3.6757E-17
  2.2849E-06  1.3786E-17  1.3786E-17  3.8292E-17
  2.3161E-06  1.4359E-17  1.4359E-17  3.9885E-17
  2.3476E-06  1.4954E-17  1.4954E-17  4.1536E-17
  2.3795E-06  1.5570E-17  1.5570E-17  4.3248E-17
  2.4116E-06  1.6209E-17  1.6209E-17  4.5022E-17
  2.4440E-06  1.6871E-17  1.6871E-17  4.6862E-17
  2.4767E-06  1.7558E-17  1.7558E-17  4.8769E-17
  2.5097E-06  1.8269E-17  1.8269E-17  5.0745E-17
  2.5430E-06  1.9006E-17  1.9006E-17  5.2792E-17
  2.5766E-06  1.9770E-17  1.9770E-17  5.4913E-17
  2.6106E-06  2.0561E-17  2.0561E-17  5.7111E-17
  2.6448E-06  2.1381E-17  2.1381E-17  5.9388E-17
  2.6793E-06  2.2230E-17  2.2230E-17  6.1746E-17
  2.7142E-06  2.3109E-17  2.3109E-17  6.4188E-17
  2.7494E-06  2.4020E-17  2.4020E-17  6.6718E-17
  2.7849E-06  2.4962E-17  2.4962E-17  6.9337E-17
  2.8208E-06  2.5939E-17  2.5939E-17  7.2048E-17
  2.8569E-06  2.6949E-17  2.6949E-17  7.4856E-17
  2.8934E-06  2.7996E-17  2.7996E-17  7.7762E-17
  2.9303E-06  2.9079E-17  2.9079E-17  8.0770E-17
  2.9675E-06  3.0200E-17  3.0200E-17  8.3884E-17
  3.0050E-06  3.1360E-17  3.1360E-17  8.7106E-17
  3.0429E-06  3.2560E-17  3.2560E-17  9.0441E-17
  3.0811E-06  3.3803E-17  3.3803E-17  9.3892E-17
  3.1196E-06  3.5088E-17  3.5088E-17  9.7462E-17
  3.1586E-06  3.6418E-17  3.6418E-17  1.0116E-16
  3.1978E-06  3.7793E-17  3.7793E-17  1.0498E-16
  3.2375E-06  3.9216E-17  3.9216E-17  1.0893E-16
  3.2775E-06  4.0688E-17  4.0688E-17  1.1302E-16
  3.3179E-06  4.2211E-17  4.2211E-17  1.1725E-16
  3.3586E-06  4.3785E-17  4.3785E-17  1.2162E-16
  3.3997E-06  4.5413E-17  4.5413E-17  1.2614E-16
  3.4412E-06  4.7096E-17  4.7096E-17  1.3082E-16
  3.4831E-06  4.8837E-17  4.8837E-17  1.3565E-16
  3.5254E-06  5.0636E-17  5.0636E-17  1.4065E-16
  3.5680E-06  5.2496E-17  5.2496E-17  1.4582E-16
  3.6111E-06  5.4419E-17  5.4419E-17  1.5116E-16
  3.6545E-06  5.6407E-17  5.6407E-17  1.5668E-16
  3.6984E-06  5.8462E-17  5.8462E-17  1.6239E-16
  3.7426E-06  6.0585E-17  6.0585E-17  1.6828E-16
  3.7873E-06  6.2780E-17  6.2780E-17  1.7438E-16
  3.8323E-06  6.5048E-17  6.5048E-17  1.8068E-16
  3.8778E-06  6.7391E-17  6.7391E-17  1.8719E-16
  3.9237E-06  6.9812E-17  6.9812E-17  1.9391E-16
  3.9700E-06  7.2314E-17  7.2314E-17  2.0086E-16
  4.0168E-06  7.4898E-17  7.4898E-17  2.0804E-16
  4.0639E-06  7.7569E-17  7.7569E-17  2.1546E-16
  4.1115E-06  8.0327E-17  8.0327E-17  2.2312E-16
  4.1596E-06  8.3176E-17  8.3176E-17  2.3103E-16
  4.2081E-06  8.6119E-17  8.6119E-17  2.3921E-16
  4.2570E-06  8.9158E-17  8.9158E-17  2.4765E-16
  4.3064E-06  9.2297E-17  9.2297E-17  2.5637E-16
  4.3562E-06  9.5539E-17  9.5539E-17  2.6537E-16
  4.4065E-06  9.8887E-17  9.8887E-17  2.7467E-16
  4.4573E-06  1.0234E-16  1.0234E-16  2.8427E-16
  4.5085E-06  1.0591E-16  1.0591E-16  2.9419E-16
  4.5602E-06  1.0960E-16  1.0960E-16  3.0442E-16
  4.6124E-06  1.1340E-16  1.1340E-16  3.1499E-16
  4.6651E-06  1.1733E-16  1.1733E-16  3.2590E-16
  4.7182E-06  1.2139E-16  1.2139E-16  3.3717E-16
  4.7718E-06  1.2557E-16  1.2557E-16  3.4880E-16
  4.8259E-06  1.2989E-16  1.2989E-16  3.6080E-16
  4.8806E-06  1.3436E-16  1.3436E-16  3.7319E-16
  4.9357E-06  1.3896E-16  1.3896E-16  3.8598E-16
  4.9913E-06  1.4371E-16  1.4371E-16  3.9917E-16
  5.0474E-06  1.4861E-16  1.4861E-16  4.1280E-16
  5.1041E-06  1.5368E-16  1.5368E-16  4.2685E-16
  5.1613E-06  1.5890E-16  1.5890E-16  4.4136E-16
  5.2190E-06  1.6429E-16  1.6429E-16  4.5633E-16
  5.2772E-06  1.6985E-16  1.6985E-16  4.7178E-16
  5.3360E-06  1.7559E-16  1.7559E-16  4.8771E-16
  5.3953E-06  1.8151E-16  1.8151E-16  5.0416E-16
  5.4552E-06  1.8762E-16  1.8762E-16  5.2113E-16
  5.5156E-06  1.9392E-16  1.9392E-16  5.3863E-16
  5.5765E-06  2.0042E-16  2.0042E-16  5.5669E-16
  5.6381E-06  2.0713E-16  2.0713E-16  5.7532E-16
  5.7001E-06  2.1405E-16  2.1405E-16  5.9453E-16
  5.7628E-06  2.2118E-16  2.2118E-16  6.1436E-16
  5.8260E-06  2.2854E-16  2.2854E-16  6.3481E-16
  5.8899E-06  2.3614E-16  2.3614E-16  6.5590E-16
  5.9543E-06  2.4397E-16  2.4397E-16  6.7765E-16
  6.0193E-06  2.5205E-16  2.5205E-16  7.0009E-16
  6.0849E-06  2.6038E-16  2.6038E-16  7.2322E-16
  6.1511E-06  2.6897E-16  2.6897E-16  7.4709E-16
  6.2179E-06  2.7783E-16  2.7783E-16  7.7170E-16
  6.2853E-06  2.8696E-16  2.8696E-16  7.9707E-16
  6.3534E-06  2.9638E-16  2.9638E-16  8.2324E-16
  6.4220E-06  3.0610E-16  3.0610E-16  8.5022E-16
  6.4913E-06  3.1612E-16  3.1612E-16  8.7805E-16
  6.5613E-06  3.2645E-16  3.2645E-16  9.0674E-16
  6.6319E-06  3.3709E-16  3.3709E-16  9.3631E-16
  6.7031E-06  3.4807E-16  3.4807E-16  9.6681E-16
  6.7750E-06  3.5939E-16  3.5939E-16  9.9825E-16
  6.8475E-06  3.7106E-16  3.7106E-16  1.0307E-15
  6.9207E-06  3.8309E-16  3.8309E-16  1.0641E-15
  6.9946E-06  3.9550E-16  3.9550E-16  1.0985E-15
  7.0692E-06  4.0828E-16  4.0828E-16  1.1340E-15
  7.1445E-06  4.2146E-16  4.2146E-16  1.1706E-15
  7.2204E-06  4.3504E-16  4.3504E-16  1.2084E-15
  7.2971E-06  4.4904E-16  4.4904E-16  1.2473E-15
  7.3744E-06  4.6348E-16  4.6348E-16  1.2874E-15
  7.4525E-06  4.7835E-16  4.7835E-16  1.3287E-15
  7.5313E-06  4.9368E-16  4.9368E-16  1.3713E-15
  7.6108E-06  5.0948E-16  5.0948E-16  1.4151E-15
  7.6910E-06  5.2577E-16  5.2577E-16  1.4604E-15
  7.7720E-06  5.4255E-16  5.4255E-16  1.5070E-15
  7.8537E-06  5.5985E-16  5.5985E-16  1.5550E-15
  7.9362E-06  5.7767E-16  5.7767E-16  1.6045E-15
  8.0194E-06  5.9604E-16  5.9604E-16  1.6555E-15
  8.1034E-06  6.1496E-16  6.1496E-16  1.7081E-15
  8.1882E-06  6.3447E-16  6.3447E-16  1.7623E-15
  8.2737E-06  6.5456E-16  6.5456E-16  1.8181E-15
  8.3601E-06  6.7527E-16  6.7527E-16  1.8756E-15
  8.4472E-06  6.9660E-16  6.9660E-16  1.9349E-15
  8.5351E-06  7.1858E-16  7.1858E-16  1.9959E-15
  8.6239E-06  7.4123E-16  7.4123E-16  2.0588E-15
  8.7134E-06  7.6457E-16  7.6457E-16  2.1236E-15
  8.8038E-06  7.8860E-16  7.8860E-16  2.1904E-15
  8.8950E-06  8.1337E-16  8.1337E-16  2.2592E-15
  8.9871E-06  8.3889E-16  8.3889E-16  2.3301E-15
  9.0800E-06  8.6517E-16  8.6517E-16  2.4031E-15
  9.1737E-06  8.9225E-16  8.9225E-16  2.4783E-15
  9.2684E-06  9.2014E-16  9.2014E-16  2.5558E-15
  9.3638E-06  9.4888E-16  9.4888E-16  2.6356E-15
  9.4602E-06  9.7847E-16  9.7847E-16  2.7178E-15
  9.5575E-06  1.0090E-15  1.0090E-15  2.8025E-15
  9.6556E-06  1.0404E-15  1.0404E-15  2.8897E-15
  9.7547E-06  1.0727E-15  1.0727E-15  2.9795E-15
  9.8546E-06  1.1060E-15  1.1060E-15  3.0721E-15
  9.9555E-06  1.1403E-15  1.1403E-15  3.1674E-15
  1.0057E-05  1.1757E-15  1.1757E-15  3.2656E-15
  1.0160E-05  1.2121E-15  1.2121E-15  3.3667E-15
  1.0264E-05  1.2496E-15  1.2496E-15  3.4708E-15
  1.0368E-05  1.2882E-15  1.2882E-15  3.5781E-15
  1.0474E-05  1.3280E-15  1.3280E-15  3.6885E-15
  1.0581E-05  1.3689E-15  1.3689E-15  3.8023E-15
  1.0688E-05  1.4111E-15  1.4111E-15  3.9194E-15
  1.0797E-05  1.4545E-15  1.4545E-15  4.0400E-15
  1.0906E-05  1.4992E-15  1.4992E-15  4.1643E-15
  1.1017E-05  1.5453E-15  1.5453E-15  4.2922E-15
  1.1128E-05  1.5927E-15  1.5927E-15  4.4239E-15
  1.1241E-05  1.6416E-15  1.6416E-15  4.5596E-15
  1.1355E-05  1.6919E-15  1.6919E-15  4.6992E-15
  1.1469E-05  1.7436E-15  1.7436E-15  4.8431E-15
  1.1585E-05  1.7970E-15  1.7970E-15  4.9912E-15
  1.1702E-05  1.8519E-15  1.8519E-15  5.1437E-15
  1.1820E-05  1.9084E-15  1.9084E-15  5.3007E-15
  1.1939E-05  1.9666E-15  1.9666E-15  5.4623E-15
  1.2059E-05  2.0265E-15  2.0265E-15  5.6288E-15
  1.2180E-05  2.0882E-15  2.0882E-15  5.8001E-15
  1.2302E-05  2.1517E-15  2.1517E-15  5.9766E-15
  1.2426E-05  2.2171E-15  2.2171E-15  6.1582E-15
  1.2550E-05  2.2845E-15  2.2845E-15  6.3453E-15
  1.2676E-05  2.3538E-15  2.3538E-15  6.5378E-15
  1.2803E-05  2.4252E-15  2.4252E-15  6.7360E-15
  1.2931E-05  2.4986E-15  2.4986E-15  6.9401E-15
  1.3060E-05  2.5743E-15  2.5743E-15  7.1502E-15
  1.3190E-05  2.6521E-15  2.6521E-15  7.3664E-15
  1.3322E-05  2.7323E-15  2.7323E-15  7.5891E-15
  1.3454E-05  2.8148E-15  2.8148E-15  7.8183E-15
  1.3588E-05  2.8998E-15  2.8998E-15  8.0542E-15
  1.3724E-05  2.9872E-15  2.9872E-15  8.2971E-15
  1.3860E-05  3.0772E-15  3.0772E-15  8.5471E-15
  1.3998E-05  3.1698E-15  3.1698E-15  8.8044E-15
  1.4137E-05  3.2652E-15  3.2652E-15  9.0693E-15
  1.4277E-05  3.3634E-15  3.3634E-15  9.3420E-15
  1.4419E-05  3.4644E-15  3.4644E-15  9.6226E-15
  1.4562E-05  3.5684E-15  3.5684E-15  9.9115E-15
  1.4706E-05  3.6755E-15  3.6755E-15  1.0209E-14
  1.4851E-05  3.7857E-15  3.7857E-15  1.0515E-14
  1.4998E-05  3.8991E-15  3.8991E-15  1.0830E-14
  1.5146E-05  4.0158E-15  4.0158E-15  1.1154E-14
  1.5296E-05  4.1360E-15  4.1360E-15  1.1488E-14
  1.5447E-05  4.2596E-15  4.2596E-15  1.1831E-14
  1.5599E-05  4.3869E-15  4.3869E-15  1.2185E-14
  1.5753E-05  4.5179E-15  4.5179E-15  1.2549E-14
  1.5908E-05  4.6527E-15  4.6527E-15  1.2923E-14
  1.6065E-05  4.7914E-15  4.7914E-15  1.3308E-14
  1.6223E-05  4.9342E-15  4.9342E-15  1.3705E-14
  1.6382E-05  5.0811E-15  5.0811E-15  1.4113E-14
  1.6543E-05  5.2323E-15  5.2323E-15  1.4533E-14
  1.6706E-05  5.3880E-15  5.3880E-15  1.4965E-14
  1.6869E-05  5.5481E-15  5.5481E-15  1.5410E-14
  1.7035E-05  5.7129E-15  5.7129E-15  1.5868E-14
  1.7202E-05  5.8826E-15  5.8826E-15  1.6339E-14
  1.7370E-05  6.0571E-15  6.0571E-15  1.6824E-14
  1.7540E-05  6.2367E-15  6.2367E-15  1.7323E-14
  1.7712E-05  6.4215E-15  6.4215E-15  1.7836E-14
  1.7885E-05  6.6117E-15  6.6117E-15  1.8364E-14
  1.8060E-05  6.8074E-15  6.8074E-15  1.8908E-14
  1.8236E-05  7.0088E-15  7.0088E-15  1.9467E-14
  1.8414E-05  7.2161E-15  7.2161E-15  2.0043E-14
  1.8594E-05  7.4293E-15  7.4293E-15  2.0635E-14
  1.8775E-05  7.6487E-15  7.6487E-15  2.1244E-14
  1.8958E-05  7.8745E-15  7.8745E-15  2.1871E-14
  1.9143E-05  8.1068E-15  8.1068E-15  2.2517E-14
  1.9329E-05  8.3459E-15  8.3459E-15  2.3181E-14
  1.9517E-05  8.5918E-15  8.5918E-15  2.3864E-14
  1.9707E-05  8.8449E-15  8.8449E-15  2.4567E-14
  1.9898E-05  9.1053E-15  9.1053E-15  2.5290E-14
  2.0092E-05  9.3732E-15  9.3732E-15  2.6034E-14
  2.0287E-05  9.6489E-15  9.6489E-15  2.6800E-14
  2.0483E-05  9.9325E-15  9.9325E-15  2.7587E-14
  2.0682E-05  1.0224E-14  1.0224E-14  2.8398E-14
  2.0883E-05  1.0525E-14  1.0525E-14  2.9232E-14
  2.1085E-05  1.0833E-14  1.0833E-14  3.0090E-14
  2.1289E-05  1.1151E-14  1.1151E-14  3.0972E-14
  2.1495E-05  1.1478E-14  1.1478E-14  3.1880E-14
  2.1703E-05  1.1815E-14  1.1815E-14  3.2815E-14
  2.1913E-05  1.2161E-14  1.2161E-14  3.3776E-14
  2.2125E-05  1.2517E-14  1.2517E-14  3.4765E-14
  2.2339E-05  1.2883E-14  1.2883E-14  3.5782E-14
  2.2554E-05  1.3260E-14  1.3260E-14  3.6829E-14
  2.2772E-05  1.3648E-14  1.3648E-14  3.7906E-14
  2.2992E-05  1.4046E-14  1.4046E-14  3.9014E-14
  2.3214E-05  1.4457E-14  1.4457E-14  4.0153E-14
  2.3437E-05  1.4879E-14  1.4879E-14  4.1326E-14
  2.3663E-05  1.5313E-14  1.5313E-14  4.2532E-14
  2.3891E-05  1.5760E-14  1.5760E-14  4.3773E-14
  2.4121E-05  1.6220E-14  1.6220E-14  4.5049E-14
  2.4353E-05  1.6692E-14  1.6692E-14  4.6362E-14
  2.4588E-05  1.7179E-14  1.7179E-14  4.7713E-14
  2.4824E-05  1.7679E-14  1.7679E-14  4.9103E-14
  2.5063E-05  1.8194E-14  1.8194E-14  5.0532E-14
  2.5303E-05  1.8723E-14  1.8723E-14  5.2003E-14
  2.5546E-05  1.9268E-14  1.9268E-14  5.3515E-14
  2.5792E-05  1.9828E-14  1.9828E-14  5.5071E-14
  2.6039E-05  2.0404E-14  2.0404E-14  5.6672E-14
  2.6289E-05  2.0997E-14  2.0997E-14  5.8319E-14
  2.6541E-05  2.1607E-14  2.1607E-14  6.0012E-14
  2.6795E-05  2.2234E-14  2.2234E-14  6.1754E-14
  2.7052E-05  2.2880E-14  2.2880E-14  6.3546E-14
  2.7311E-05  2.3543E-14  2.3543E-14  6.5390E-14
  2.7573E-05  2.4226E-14  2.4226E-14  6.7286E-14
  2.7836E-05  2.4928E-14  2.4928E-14  6.9236E-14
  2.8103E-05  2.5650E-14  2.5650E-14  7.1242E-14
  2.8372E-05  2.6393E-14  2.6393E-14  7.3306E-14
  2.8643E-05  2.7158E-14  2.7158E-14  7.5428E-14
  2.8917E-05  2.7944E-14  2.7944E-14  7.7612E-14
  2.9193E-05  2.8752E-14  2.8752E-14  7.9857E-14
  2.9472E-05  2.9584E-14  2.9584E-14  8.2167E-14
  2.9753E-05  3.0439E-14  3.0439E-14  8.4543E-14
  3.0037E-05  3.1319E-14  3.1319E-14  8.6986E-14
  3.0323E-05  3.2224E-14  3.2224E-14  8.9499E-14
  3.0613E-05  3.3155E-14  3.3155E-14  9.2084E-14
  3.0904E-05  3.4112E-14  3.4112E-14  9.4743E-14
  3.1199E-05  3.5097E-14  3.5097E-14  9.7478E-14
  3.1496E-05  3.6110E-14  3.6110E-14  1.0029E-13
  3.1796E-05  3.7151E-14  3.7151E-14  1.0318E-13
  3.2099E-05  3.8222E-14  3.8222E-14  1.0616E-13
  3.2404E-05  3.9324E-14  3.9324E-14  1.0922E-13
  3.2713E-05  4.0458E-14  4.0458E-14  1.1237E-13
  3.3024E-05  4.1623E-14  4.1623E-14  1.1560E-13
  3.3338E-05  4.2822E-14  4.2822E-14  1.1893E-13
  3.3655E-05  4.4055E-14  4.4055E-14  1.2236E-13
  3.3975E-05  4.5323E-14  4.5323E-14  1.2588E-13
  3.4298E-05  4.6627E-14  4.6627E-14  1.2950E-13
  3.4623E-05  4.7968E-14  4.7968E-14  1.3322E-13
  3.4952E-05  4.9347E-14  4.9347E-14  1.3706E-13
  3.5284E-05  5.0766E-14  5.0766E-14  1.4100E-13
  3.5619E-05  5.2225E-14  5.2225E-14  1.4505E-13
  3.5957E-05  5.3725E-14  5.3725E-14  1.4921E-13
  3.6298E-05  5.5269E-14  5.5269E-14  1.5350E-13
  3.6642E-05  5.6856E-14  5.6856E-14  1.5791E-13
  3.6989E-05  5.8488E-14  5.8488E-14  1.6244E-13
  3.7340E-05  6.0166E-14  6.0166E-14  1.6710E-13
  3.7693E-05  6.1892E-14  6.1892E-14  1.7190E-13
  3.8050E-05  6.3668E-14  6.3668E-14  1.7683E-13
  3.8411E-05  6.5493E-14  6.5493E-14  1.8190E-13
  3.8774E-05  6.7371E-14  6.7371E-14  1.8711E-13
  3.9141E-05  6.9302E-14  6.9302E-14  1.9247E-13
  3.9511E-05  7.1287E-14  7.1287E-14  1.9799E-13
  3.9885E-05  7.3329E-14  7.3329E-14  2.0366E-13
  4.0262E-05  7.5429E-14  7.5429E-14  2.0949E-13
  4.0643E-05  7.7589E-14  7.7589E-14  2.1549E-13
  4.1027E-05  7.9810E-14  7.9810E-14  2.2166E-13
  4.1415E-05  8.2093E-14  8.2093E-14  2.2800E-13
  4.1806E-05  8.4442E-14  8.4442E-14  2.3452E-13
  4.2201E-05  8.6857E-14  8.6857E-14  2.4123E-13
  4.2599E-05  8.9341E-14  8.9341E-14  2.4813E-13
  4.3001E-05  9.1895E-14  9.1895E-14  2.5522E-13
  4.3407E-05  9.4521E-14  9.4521E-14  2.6251E-13
  4.3817E-05  9.7222E-14  9.7222E-14  2.7001E-13
  4.4230E-05  9.9999E-14  9.9999E-14  2.7773E-13
  4.4647E-05  1.0286E-13  1.0286E-13  2.8566E-13
  4.5068E-05  1.0579E-13  1.0579E-13  2.9381E-13
  4.5493E-05  1.0881E-13  1.0881E-13  3.0220E-13
  4.5922E-05  1.1192E-13  1.1192E-13  3.1083E-13
  4.6354E-05  1.1511E-13  1.1511E-13  3.1969E-13
  4.6791E-05  1.1839E-13  1.1839E-13  3.2881E-13
  4.7232E-05  1.2177E-13  1.2177E-13  3.3819E-13
  4.7676E-05  1.2524E-13  1.2524E-13  3.4784E-13
  4.8125E-05  1.2881E-13  1.2881E-13  3.5775E-13
  4.8578E-05  1.3249E-13  1.3249E-13  3.6795E-13
  4.9035E-05  1.3626E-13  1.3626E-13  3.7843E-13
  4.9497E-05  1.4014E-13  1.4014E-13  3.8921E-13
  4.9962E-05  1.4414E-13  1.4414E-13  4.0030E-13
  5.0432E-05  1.4824E-13  1.4824E-13  4.1170E-13
  5.0906E-05  1.5246E-13  1.5246E-13  4.2342E-13
  5.1385E-05  1.5680E-13  1.5680E-13  4.3548E-13
  5.1868E-05  1.6126E-13  1.6126E-13  4.4787E-13
  5.2355E-05  1.6585E-13  1.6585E-13  4.6061E-13
  5.2847E-05  1.7057E-13  1.7057E-13  4.7372E-13
  5.3343E-05  1.7542E-13  1.7542E-13  4.8719E-13
  5.3844E-05  1.8041E-13  1.8041E-13  5.0105E-13
  5.4350E-05  1.8554E-13  1.8554E-13  5.1529E-13
  5.4860E-05  1.9082E-13  1.9082E-13  5.2994E-13
  5.5375E-05  1.9624E-13  1.9624E-13  5.4500E-13
  5.5895E-05  2.0182E-13  2.0182E-13  5.6049E-13
  5.6419E-05  2.0755E-13  2.0755E-13  5.7641E-13
  5.6948E-05  2.1345E-13  2.1345E-13  5.9279E-13
  5.7483E-05  2.1951E-13  2.1951E-13  6.0962E-13
  5.8022E-05  2.2574E-13  2.2574E-13  6.2693E-13
  5.8566E-05  2.3215E-13  2.3215E-13  6.4473E-13
  5.9115E-05  2.3874E-13  2.3874E-13  6.6303E-13
  5.9669E-05  2.4552E-13  2.4552E-13  6.8185E-13
  6.0228E-05  2.5249E-13  2.5249E-13  7.0120E-13
  6.0792E-05  2.5965E-13  2.5965E-13  7.2109E-13
  6.1362E-05  2.6702E-13  2.6702E-13  7.4155E-13
  6.1936E-05  2.7459E-13  2.7459E-13  7.6258E-13
  6.2516E-05  2.8238E-13  2.8238E-13  7.8420E-13
  6.3102E-05  2.9038E-13  2.9038E-13  8.0643E-13
  6.3693E-05  2.9862E-13  2.9862E-13  8.2929E-13
  6.4289E-05  3.0708E-13  3.0708E-13  8.5280E-13
  6.4890E-05  3.1578E-13  3.1578E-13  8.7696E-13
  6.5498E-05  3.2473E-13  3.2473E-13  9.0181E-13
  6.6110E-05  3.3393E-13  3.3393E-13  9.2736E-13
  6.6729E-05  3.4339E-13  3.4339E-13  9.5363E-13
  6.7353E-05  3.5311E-13  3.5311E-13  9.8063E-13
  6.7983E-05  3.6311E-13  3.6311E-13  1.0084E-12
  6.8618E-05  3.7339E-13  3.7339E-13  1.0369E-12
  6.9260E-05  3.8396E-13  3.8396E-13  1.0663E-12
  6.9907E-05  3.9483E-13  3.9483E-13  1.0965E-12
  7.0561E-05  4.0601E-13  4.0601E-13  1.1275E-12
  7.1220E-05  4.1750E-13  4.1750E-13  1.1594E-12
  7.1885E-05  4.2931E-13  4.2931E-13  1.1922E-12
  7.2557E-05  4.4145E-13  4.4145E-13  1.2259E-12
  7.3235E-05  4.5394E-13  4.5394E-13  1.2606E-12
  7.3919E-05  4.6678E-13  4.6678E-13  1.2963E-12
  7.4609E-05  4.7997E-13  4.7997E-13  1.3329E-12
  7.5305E-05  4.9354E-13  4.9354E-13  1.3706E-12
  7.6008E-05  5.0750E-13  5.0750E-13  1.4093E-12
  7.6718E-05  5.2184E-13  5.2184E-13  1.4492E-12
  7.7434E-05  5.3659E-13  5.3659E-13  1.4901E-12
  7.8157E-05  5.5175E-13  5.5175E-13  1.5322E-12
  7.8886E-05  5.6734E-13  5.6734E-13  1.5755E-12
  7.9622E-05  5.8337E-13  5.8337E-13  1.6200E-12
  8.0364E-05  5.9984E-13  5.9984E-13  1.6658E-12
  8.1114E-05  6.1679E-13  6.1679E-13  1.7128E-12
  8.1870E-05  6.3420E-13  6.3420E-13  1.7612E-12
  8.2634E-05  6.5211E-13  6.5211E-13  1.8109E-12
  8.3404E-05  6.7052E-13  6.7052E-13  1.8620E-12
  8.4182E-05  6.8945E-13  6.8945E-13  1.9146E-12
  8.4966E-05  7.0891E-13  7.0891E-13  1.9686E-12
  8.5758E-05  7.2891E-13  7.2891E-13  2.0242E-12
  8.6558E-05  7.4948E-13  7.4948E-13  2.0813E-12
  8.7364E-05  7.7063E-13  7.7063E-13  2.1400E-12
  8.8178E-05  7.9237E-13  7.9237E-13  2.2004E-12
  8.8999E-05  8.1472E-13  8.1472E-13  2.2624E-12
  8.9828E-05  8.3770E-13  8.3770E-13  2.3262E-12
  9.0665E-05  8.6132E-13  8.6132E-13  2.3918E-12
  9.1509E-05  8.8561E-13  8.8561E-13  2.4593E-12
  9.2361E-05  9.1058E-13  9.1058E-13  2.5286E-12
  9.3221E-05  9.3625E-13  9.3625E-13  2.5999E-12
  9.4089E-05  9.6265E-13  9.6265E-13  2.6731E-12
  9.4965E-05  9.8978E-13  9.8978E-13  2.7485E-12
  9.5849E-05  1.0177E-12  1.0177E-12  2.8259E-12
  9.6741E-05  1.0464E-12  1.0464E-12  2.9056E-12
  9.7641E-05  1.0758E-12  1.0758E-12  2.9874E-12
  9.8550E-05  1.1061E-12  1.1061E-12  3.0716E-12
  9.9466E-05  1.1373E-12  1.1373E-12  3.1581E-12
  1.0039E-04  1.1693E-12  1.1693E-12  3.2471E-12
  1.0133E-04  1.2023E-12  1.2023E-12  3.3385E-12
  1.0227E-04  1.2361E-12  1.2361E-12  3.4325E-12
  1.0322E-04  1.2709E-12  1.2709E-12  3.5292E-12
  1.0418E-04  1.3067E-12  1.3067E-12  3.6285E-12
  1.0515E-04  1.3435E-12  1.3435E-12  3.7307E-12
  1.0612E-04  1.3813E-12  1.3813E-12  3.8357E-12
  1.0711E-04  1.4202E-12  1.4202E-12  3.9436E-12
  1.0811E-04  1.4602E-12  1.4602E-12  4.0546E-12
  1.0911E-04  1.5013E-12  1.5013E-12  4.1687E-12
  1.1013E-04  1.5435E-12  1.5435E-12  4.2860E-12
  1.1115E-04  1.5870E-12  1.5870E-12  4.4066E-12
  1.1218E-04  1.6316E-12  1.6316E-12  4.5305E-12
  1.1322E-04  1.6775E-12  1.6775E-12  4.6580E-12
  1.1428E-04  1.7247E-12  1.7247E-12  4.7890E-12
  1.1534E-04  1.7732E-12  1.7732E-12  4.9237E-12
  1.1641E-04  1.8231E-12  1.8231E-12  5.0621E-12
  1.1749E-04  1.8744E-12  1.8744E-12  5.2045E-12
  1.1858E-04  1.9271E-12  1.9271E-12  5.3508E-12
  1.1968E-04  1.9812E-12  1.9812E-12  5.5012E-12
  1.2079E-04  2.0369E-12  2.0369E-12  5.6559E-12
  1.2192E-04  2.0942E-12  2.0942E-12  5.8149E-12
  1.2305E-04  2.1531E-12  2.1531E-12  5.9783E-12
  1.2419E-04  2.2136E-12  2.2136E-12  6.1463E-12
  1.2534E-04  2.2758E-12  2.2758E-12  6.3190E-12
  1.2651E-04  2.3398E-12  2.3398E-12  6.4966E-12
  1.2768E-04  2.4055E-12  2.4055E-12  6.6791E-12
  1.2886E-04  2.4731E-12  2.4731E-12  6.8668E-12
  1.3006E-04  2.5426E-12  2.5426E-12  7.0597E-12
  1.3127E-04  2.6140E-12  2.6140E-12  7.2580E-12
  1.3248E-04  2.6875E-12  2.6875E-12  7.4619E-12
  1.3371E-04  2.7629E-12  2.7629E-12  7.6714E-12
  1.3495E-04  2.8405E-12  2.8405E-12  7.8869E-12
  1.3621E-04  2.9203E-12  2.9203E-12  8.1084E-12
  1.3747E-04  3.0023E-12  3.0023E-12  8.3360E-12
  1.3874E-04  3.0866E-12  3.0866E-12  8.5701E-12
  1.4003E-04  3.1733E-12  3.1733E-12  8.8107E-12
  1.4133E-04  3.2624E-12  3.2624E-12  9.0580E-12
  1.4264E-04  3.3540E-12  3.3540E-12  9.3123E-12
  1.4396E-04  3.4482E-12  3.4482E-12  9.5737E-12
  1.4530E-04  3.5450E-12  3.5450E-12  9.8424E-12
  1.4664E-04  3.6445E-12  3.6445E-12  1.0119E-11
  1.4800E-04  3.7467E-12  3.7467E-12  1.0403E-11
  1.4937E-04  3.8519E-12  3.8519E-12  1.0694E-11
  1.5076E-04  3.9600E-12  3.9600E-12  1.0995E-11
  1.5216E-04  4.0711E-12  4.0711E-12  1.1303E-11
  1.5357E-04  4.1853E-12  4.1853E-12  1.1620E-11
  1.5499E-04  4.3028E-12  4.3028E-12  1.1946E-11
  1.5642E-04  4.4235E-12  4.4235E-12  1.2281E-11
  1.5787E-04  4.5476E-12  4.5476E-12  1.2626E-11
  1.5934E-04  4.6752E-12  4.6752E-12  1.2980E-11
  1.6081E-04  4.8063E-12  4.8063E-12  1.3344E-11
  1.6230E-04  4.9411E-12  4.9411E-12  1.3718E-11
  1.6381E-04  5.0797E-12  5.0797E-12  1.4103E-11
  1.6532E-04  5.2221E-12  5.2221E-12  1.4498E-11
  1.6685E-04  5.3686E-12  5.3686E-12  1.4905E-11
  1.6840E-04  5.5191E-12  5.5191E-12  1.5322E-11
  1.6996E-04  5.6739E-12  5.6739E-12  1.5752E-11
  1.7153E-04  5.8330E-12  5.8330E-12  1.6194E-11
  1.7312E-04  5.9965E-12  5.9965E-12  1.6648E-11
  1.7472E-04  6.1646E-12  6.1646E-12  1.7114E-11
  1.7634E-04  6.3374E-12  6.3374E-12  1.7594E-11
  1.7797E-04  6.5150E-12  6.5150E-12  1.8087E-11
  1.7962E-04  6.6977E-12  6.6977E-12  1.8594E-11
  1.8128E-04  6.8854E-12  6.8854E-12  1.9115E-11
  1.8296E-04  7.0783E-12  7.0783E-12  1.9650E-11
  1.8466E-04  7.2767E-12  7.2767E-12  2.0201E-11
  1.8636E-04  7.4806E-12  7.4806E-12  2.0767E-11
  1.8809E-04  7.6902E-12  7.6902E-12  2.1349E-11
  1.8983E-04  7.9057E-12  7.9057E-12  2.1947E-11
  1.9159E-04  8.1272E-12  8.1272E-12  2.2562E-11
  1.9336E-04  8.3549E-12  8.3549E-12  2.3194E-11
  1.9515E-04  8.5890E-12  8.5890E-12  2.3843E-11
  1.9695E-04  8.8296E-12  8.8296E-12  2.4511E-11
  1.9878E-04  9.0769E-12  9.0769E-12  2.5198E-11
  2.0062E-04  9.3312E-12  9.3312E-12  2.5903E-11
  2.0247E-04  9.5926E-12  9.5926E-12  2.6629E-11
  2.0434E-04  9.8612E-12  9.8612E-12  2.7374E-11
  2.0623E-04  1.0137E-11  1.0137E-11  2.8141E-11
  2.0814E-04  1.0421E-11  1.0421E-11  2.8929E-11
  2.1007E-04  1.0713E-11  1.0713E-11  2.9739E-11
  2.1201E-04  1.1013E-11  1.1013E-11  3.0571E-11
  2.1397E-04  1.1322E-11  1.1322E-11  3.1427E-11
  2.1595E-04  1.1639E-11  1.1639E-11  3.2307E-11
  2.1795E-04  1.1964E-11  1.1964E-11  3.3211E-11
  2.1996E-04  1.2299E-11  1.2299E-11  3.4141E-11
  2.2199E-04  1.2644E-11  1.2644E-11  3.5097E-11
  2.2405E-04  1.2998E-11  1.2998E-11  3.6079E-11
  2.2612E-04  1.3361E-11  1.3361E-11  3.7089E-11
  2.2821E-04  1.3736E-11  1.3736E-11  3.8126E-11
  2.3032E-04  1.4120E-11  1.4120E-11  3.9193E-11
  2.3245E-04  1.4515E-11  1.4515E-11  4.0290E-11
  2.3460E-04  1.4921E-11  1.4921E-11  4.1418E-11
  2.3676E-04  1.5339E-11  1.5339E-11  4.2576E-11
  2.3895E-04  1.5768E-11  1.5768E-11  4.3768E-11
  2.4116E-04  1.6210E-11  1.6210E-11  4.4992E-11
  2.4339E-04  1.6663E-11  1.6663E-11  4.6251E-11
  2.4564E-04  1.7129E-11  1.7129E-11  4.7545E-11
  2.4791E-04  1.7609E-11  1.7609E-11  4.8875E-11
  2.5020E-04  1.8101E-11  1.8101E-11  5.0242E-11
  2.5251E-04  1.8608E-11  1.8608E-11  5.1647E-11
  2.5485E-04  1.9129E-11  1.9129E-11  5.3092E-11
  2.5720E-04  1.9664E-11  1.9664E-11  5.4577E-11
  2.5958E-04  2.0214E-11  2.0214E-11  5.6103E-11
  2.6198E-04  2.0779E-11  2.0779E-11  5.7672E-11
  2.6440E-04  2.1360E-11  2.1360E-11  5.9285E-11
  2.6684E-04  2.1958E-11  2.1958E-11  6.0943E-11
  2.6930E-04  2.2572E-11  2.2572E-11  6.2647E-11
  2.7179E-04  2.3203E-11  2.3203E-11  6.4399E-11
  2.7430E-04  2.3852E-11  2.3852E-11  6.6200E-11
  2.7684E-04  2.4520E-11  2.4520E-11  6.8051E-11
  2.7939E-04  2.5205E-11  2.5205E-11  6.9953E-11
  2.8197E-04  2.5910E-11  2.5910E-11  7.1909E-11
  2.8458E-04  2.6635E-11  2.6635E-11  7.3919E-11
  2.8721E-04  2.7380E-11  2.7380E-11  7.5986E-11
  2.8986E-04  2.8145E-11  2.8145E-11  7.8110E-11
  2.9254E-04  2.8932E-11  2.8932E-11  8.0293E-11
  2.9524E-04  2.9741E-11  2.9741E-11  8.2538E-11
  2.9796E-04  3.0573E-11  3.0573E-11  8.4845E-11
  3.0071E-04  3.1427E-11  3.1427E-11  8.7216E-11
  3.0349E-04  3.2306E-11  3.2306E-11  8.9654E-11
  3.0629E-04  3.3209E-11  3.3209E-11  9.2159E-11
  3.0912E-04  3.4138E-11  3.4138E-11  9.4735E-11
  3.1198E-04  3.5092E-11  3.5092E-11  9.7382E-11
  3.1486E-04  3.6073E-11  3.6073E-11  1.0010E-10
  3.1776E-04  3.7081E-11  3.7081E-11  1.0290E-10
  3.2070E-04  3.8118E-11  3.8118E-11  1.0578E-10
  3.2366E-04  3.9183E-11  3.9183E-11  1.0873E-10
  3.2664E-04  4.0278E-11  4.0278E-11  1.1177E-10
  3.2966E-04  4.1404E-11  4.1404E-11  1.1489E-10
  3.3270E-04  4.2561E-11  4.2561E-11  1.1810E-10
  3.3577E-04  4.3751E-11  4.3751E-11  1.2140E-10
  3.3887E-04  4.4973E-11  4.4973E-11  1.2479E-10
  3.4200E-04  4.6230E-11  4.6230E-11  1.2828E-10
  3.4516E-04  4.7522E-11  4.7522E-11  1.3186E-10
  3.4834E-04  4.8850E-11  4.8850E-11  1.3555E-10
  3.5156E-04  5.0215E-11  5.0215E-11  1.3933E-10
  3.5480E-04  5.1618E-11  5.1618E-11  1.4323E-10
  3.5808E-04  5.3061E-11  5.3061E-11  1.4723E-10
  3.6138E-04  5.4543E-11  5.4543E-11  1.5134E-10
  3.6472E-04  5.6067E-11  5.6067E-11  1.5557E-10
  3.6808E-04  5.7634E-11  5.7634E-11  1.5991E-10
  3.7148E-04  5.9244E-11  5.9244E-11  1.6438E-10
  3.7491E-04  6.0899E-11  6.0899E-11  1.6897E-10
  3.7836E-04  6.2600E-11  6.2600E-11  1.7369E-10
  3.8186E-04  6.4349E-11  6.4349E-11  1.7854E-10
  3.8538E-04  6.6147E-11  6.6147E-11  1.8352E-10
  3.8893E-04  6.7995E-11  6.7995E-11  1.8865E-10
  3.9252E-04  6.9894E-11  6.9894E-11  1.9391E-10
  3.9614E-04  7.1846E-11  7.1846E-11  1.9933E-10
  3.9980E-04  7.3853E-11  7.3853E-11  2.0489E-10
  4.0349E-04  7.5916E-11  7.5916E-11  2.1061E-10
  4.0721E-04  7.8037E-11  7.8037E-11  2.1649E-10
  4.1097E-04  8.0216E-11  8.0216E-11  2.2254E-10
  4.1476E-04  8.2457E-11  8.2457E-11  2.2875E-10
  4.1858E-04  8.4760E-11  8.4760E-11  2.3514E-10
  4.2244E-04  8.7127E-11  8.7127E-11  2.4170E-10
  4.2634E-04  8.9560E-11  8.9560E-11  2.4845E-10
  4.3027E-04  9.2061E-11  9.2061E-11  2.5539E-10
  4.3424E-04  9.4632E-11  9.4632E-11  2.6251E-10
  4.3825E-04  9.7275E-11  9.7275E-11  2.6984E-10
  4.4229E-04  9.9991E-11  9.9991E-11  2.7737E-10
  4.4637E-04  1.0278E-10  1.0278E-10  2.8512E-10
  4.5048E-04  1.0565E-10  1.0565E-10  2.9307E-10
  4.5464E-04  1.0860E-10  1.0860E-10  3.0125E-10
  4.5883E-04  1.1164E-10  1.1164E-10  3.0966E-10
  4.6306E-04  1.1475E-10  1.1475E-10  3.1830E-10
  4.6733E-04  1.1796E-10  1.1796E-10  3.2719E-10
  4.7164E-04  1.2125E-10  1.2125E-10  3.3632E-10
  4.7599E-04  1.2464E-10  1.2464E-10  3.4570E-10
  4.8038E-04  1.2812E-10  1.2812E-10  3.5535E-10
  4.8481E-04  1.3169E-10  1.3169E-10  3.6527E-10
  4.8928E-04  1.3537E-10  1.3537E-10  3.7546E-10
  4.9379E-04  1.3915E-10  1.3915E-10  3.8594E-10
  4.9835E-04  1.4303E-10  1.4303E-10  3.9670E-10
  5.0294E-04  1.4703E-10  1.4703E-10  4.0777E-10
  5.0758E-04  1.5113E-10  1.5113E-10  4.1915E-10
  5.1226E-04  1.5535E-10  1.5535E-10  4.3085E-10
  5.1698E-04  1.5969E-10  1.5969E-10  4.4287E-10
  5.2175E-04  1.6414E-10  1.6414E-10  4.5522E-10
  5.2656E-04  1.6873E-10  1.6873E-10  4.6792E-10
  5.3141E-04  1.7344E-10  1.7344E-10  4.8098E-10
  5.3631E-04  1.7828E-10  1.7828E-10  4.9439E-10
  5.4125E-04  1.8325E-10  1.8325E-10  5.0819E-10
  5.4624E-04  1.8837E-10  1.8837E-10  5.2236E-10
  5.5128E-04  1.9362E-10  1.9362E-10  5.3694E-10
  5.5636E-04  1.9903E-10  1.9903E-10  5.5191E-10
  5.6149E-04  2.0458E-10  2.0458E-10  5.6731E-10
  5.6666E-04  2.1029E-10  2.1029E-10  5.8313E-10
  5.7189E-04  2.1616E-10  2.1616E-10  5.9940E-10
  5.7716E-04  2.2220E-10  2.2220E-10  6.1612E-10
  5.8248E-04  2.2840E-10  2.2840E-10  6.3330E-10
  5.8785E-04  2.3477E-10  2.3477E-10  6.5096E-10
  5.9327E-04  2.4132E-10  2.4132E-10  6.6912E-10
  5.9873E-04  2.4806E-10  2.4806E-10  6.8778E-10
  6.0425E-04  2.5498E-10  2.5498E-10  7.0696E-10
  6.0982E-04  2.6209E-10  2.6209E-10  7.2668E-10
  6.1544E-04  2.6941E-10  2.6941E-10  7.4694E-10
  6.2112E-04  2.7693E-10  2.7693E-10  7.6777E-10
  6.2684E-04  2.8465E-10  2.8465E-10  7.8918E-10
  6.3262E-04  2.9260E-10  2.9260E-10  8.1119E-10
  6.3845E-04  3.0076E-10  3.0076E-10  8.3381E-10
  6.4433E-04  3.0915E-10  3.0915E-10  8.5706E-10
  6.5027E-04  3.1778E-10  3.1778E-10  8.8096E-10
  6.5626E-04  3.2664E-10  3.2664E-10  9.0552E-10
  6.6231E-04  3.3576E-10  3.3576E-10  9.3077E-10
  6.6841E-04  3.4513E-10  3.4513E-10  9.5673E-10
  6.7457E-04  3.5476E-10  3.5476E-10  9.8340E-10
  6.8079E-04  3.6465E-10  3.6465E-10  1.0108E-09
  6.8706E-04  3.7483E-10  3.7483E-10  1.0390E-09
  6.9339E-04  3.8528E-10  3.8528E-10  1.0680E-09
  6.9978E-04  3.9603E-10  3.9603E-10  1.0977E-09
  7.0623E-04  4.0708E-10  4.0708E-10  1.1283E-09
  7.1274E-04  4.1844E-10  4.1844E-10  1.1598E-09
  7.1930E-04  4.3011E-10  4.3011E-10  1.1921E-09
  7.2593E-04  4.4211E-10  4.4211E-10  1.2254E-09
  7.3262E-04  4.5445E-10  4.5445E-10  1.2595E-09
  7.3937E-04  4.6712E-10  4.6712E-10  1.2946E-09
  7.4618E-04  4.8015E-10  4.8015E-10  1.3307E-09
  7.5306E-04  4.9355E-10  4.9355E-10  1.3678E-09
  7.5999E-04  5.0732E-10  5.0732E-10  1.4059E-09
  7.6700E-04  5.2147E-10  5.2147E-10  1.4451E-09
  7.7406E-04  5.3601E-10  5.3601E-10  1.4854E-09
  7.8119E-04  5.5096E-10  5.5096E-10  1.5268E-09
  7.8839E-04  5.6633E-10  5.6633E-10  1.5694E-09
  7.9565E-04  5.8213E-10  5.8213E-10  1.6131E-09
  8.0298E-04  5.9837E-10  5.9837E-10  1.6581E-09
  8.1038E-04  6.1506E-10  6.1506E-10  1.7043E-09
  8.1785E-04  6.3221E-10  6.3221E-10  1.7518E-09
  8.2538E-04  6.4985E-10  6.4985E-10  1.8006E-09
  8.3299E-04  6.6797E-10  6.6797E-10  1.8508E-09
  8.4066E-04  6.8660E-10  6.8660E-10  1.9023E-09
  8.4840E-04  7.0575E-10  7.0575E-10  1.9554E-09
  8.5622E-04  7.2544E-10  7.2544E-10  2.0099E-09
  8.6411E-04  7.4567E-10  7.4567E-10  2.0659E-09
  8.7206E-04  7.6647E-10  7.6647E-10  2.1234E-09
  8.8010E-04  7.8784E-10  7.8784E-10  2.1826E-09
  8.8820E-04  8.0981E-10  8.0981E-10  2.2434E-09
  8.9639E-04  8.3240E-10  8.3240E-10  2.3059E-09
  9.0464E-04  8.5561E-10  8.5561E-10  2.3702E-09
  9.1298E-04  8.7948E-10  8.7948E-10  2.4362E-09
  9.2138E-04  9.0400E-10  9.0400E-10  2.5041E-09
  9.2987E-04  9.2921E-10  9.2921E-10  2.5739E-09
  9.3844E-04  9.5513E-10  9.5513E-10  2.6456E-09
  9.4708E-04  9.8176E-10  9.8176E-10  2.7193E-09
  9.5580E-04  1.0091E-09  1.0091E-09  2.7950E-09
  9.6461E-04  1.0373E-09  1.0373E-09  2.8729E-09
  9.7349E-04  1.0662E-09  1.0662E-09  2.9529E-09
  9.8246E-04  1.0959E-09  1.0959E-09  3.0352E-09
  9.9151E-04  1.1265E-09  1.1265E-09  3.1198E-09
  1.0006E-03  1.1579E-09  1.1579E-09  3.2067E-09
  1.0099E-03  1.1902E-09  1.1902E-09  3.2960E-09
  1.0192E-03  1.2234E-09  1.2234E-09  3.3878E-09
  1.0285E-03  1.2575E-09  1.2575E-09  3.4822E-09
  1.0380E-03  1.2926E-09  1.2926E-09  3.5792E-09
  1.0476E-03  1.3286E-09  1.3286E-09  3.6789E-09
  1.0572E-03  1.3657E-09  1.3657E-09  3.7813E-09
  1.0670E-03  1.4037E-09  1.4037E-09  3.8867E-09
  1.0768E-03  1.4429E-09  1.4429E-09  3.9949E-09
  1.0867E-03  1.4831E-09  1.4831E-09  4.1062E-09
  1.0967E-03  1.5245E-09  1.5245E-09  4.2205E-09
  1.1068E-03  1.5670E-09  1.5670E-09  4.3381E-09
  1.1170E-03  1.6107E-09  1.6107E-09  4.4589E-09
  1.1273E-03  1.6556E-09  1.6556E-09  4.5831E-09
  1.1377E-03  1.7017E-09  1.7017E-09  4.7107E-09
  1.1481E-03  1.7492E-09  1.7492E-09  4.8419E-09
  1.1587E-03  1.7979E-09  1.7979E-09  4.9768E-09
  1.1694E-03  1.8481E-09  1.8481E-09  5.1153E-09
  1.1802E-03  1.8996E-09  1.8996E-09  5.2578E-09
  1.1910E-03  1.9526E-09  1.9526E-09  5.4042E-09
  1.2020E-03  2.0070E-09  2.0070E-09  5.5547E-09
  1.2131E-03  2.0629E-09  2.0629E-09  5.7094E-09
  1.2242E-03  2.1205E-09  2.1205E-09  5.8684E-09
  1.2355E-03  2.1796E-09  2.1796E-09  6.0318E-09
  1.2469E-03  2.2403E-09  2.2403E-09  6.1997E-09
  1.2584E-03  2.3028E-09  2.3028E-09  6.3723E-09
  1.2699E-03  2.3670E-09  2.3670E-09  6.5497E-09
  1.2816E-03  2.4330E-09  2.4330E-09  6.7321E-09
  1.2934E-03  2.5008E-09  2.5008E-09  6.9195E-09
  1.3053E-03  2.5705E-09  2.5705E-09  7.1122E-09
  1.3174E-03  2.6422E-09  2.6422E-09  7.3102E-09
  1.3295E-03  2.7158E-09  2.7158E-09  7.5137E-09
  1.3417E-03  2.7916E-09  2.7916E-09  7.7229E-09
  1.3541E-03  2.8694E-09  2.8694E-09  7.9379E-09
  1.3666E-03  2.9494E-09  2.9494E-09  8.1589E-09
  1.3791E-03  3.0316E-09  3.0316E-09  8.3860E-09
  1.3918E-03  3.1161E-09  3.1161E-09  8.6194E-09
  1.4047E-03  3.2030E-09  3.2030E-09  8.8594E-09
  1.4176E-03  3.2923E-09  3.2923E-09  9.1060E-09
  1.4306E-03  3.3840E-09  3.3840E-09  9.3595E-09
  1.4438E-03  3.4784E-09  3.4784E-09  9.6200E-09
  1.4571E-03  3.5753E-09  3.5753E-09  9.8878E-09
  1.4705E-03  3.6750E-09  3.6750E-09  1.0163E-08
  1.4841E-03  3.7774E-09  3.7774E-09  1.0446E-08
  1.4977E-03  3.8827E-09  3.8827E-09  1.0737E-08
  1.5115E-03  3.9909E-09  3.9909E-09  1.1035E-08
  1.5254E-03  4.1022E-09  4.1022E-09  1.1343E-08
  1.5395E-03  4.2165E-09  4.2165E-09  1.1658E-08
  1.5536E-03  4.3341E-09  4.3341E-09  1.1983E-08
  1.5679E-03  4.4549E-09  4.4549E-09  1.2316E-08
  1.5824E-03  4.5790E-09  4.5790E-09  1.2659E-08
  1.5969E-03  4.7067E-09  4.7067E-09  1.3011E-08
  1.6116E-03  4.8379E-09  4.8379E-09  1.3373E-08
  1.6265E-03  4.9727E-09  4.9727E-09  1.3745E-08
  1.6415E-03  5.1113E-09  5.1113E-09  1.4128E-08
  1.6566E-03  5.2538E-09  5.2538E-09  1.4521E-08
  1.6718E-03  5.4002E-09  5.4002E-09  1.4925E-08
  1.6872E-03  5.5507E-09  5.5507E-09  1.5340E-08
  1.7027E-03  5.7055E-09  5.7055E-09  1.5767E-08
  1.7184E-03  5.8645E-09  5.8645E-09  1.6206E-08
  1.7342E-03  6.0279E-09  6.0279E-09  1.6657E-08
  1.7502E-03  6.1959E-09  6.1959E-09  1.7120E-08
  1.7663E-03  6.3686E-09  6.3686E-09  1.7597E-08
  1.7826E-03  6.5461E-09  6.5461E-09  1.8086E-08
  1.7990E-03  6.7286E-09  6.7286E-09  1.8589E-08
  1.8155E-03  6.9161E-09  6.9161E-09  1.9106E-08
  1.8323E-03  7.1089E-09  7.1089E-09  1.9638E-08
  1.8491E-03  7.3070E-09  7.3070E-09  2.0184E-08
  1.8661E-03  7.5107E-09  7.5107E-09  2.0746E-08
  1.8833E-03  7.7200E-09  7.7200E-09  2.1323E-08
  1.9007E-03  7.9352E-09  7.9352E-09  2.1916E-08
  1.9182E-03  8.1563E-09  8.1563E-09  2.2526E-08
  1.9358E-03  8.3836E-09  8.3836E-09  2.3152E-08
  1.9536E-03  8.6173E-09  8.6173E-09  2.3796E-08
  1.9716E-03  8.8574E-09  8.8574E-09  2.4458E-08
  1.9898E-03  9.1043E-09  9.1043E-09  2.5138E-08
  2.0081E-03  9.3580E-09  9.3580E-09  2.5838E-08
  2.0266E-03  9.6188E-09  9.6188E-09  2.6556E-08
  2.0452E-03  9.8869E-09  9.8869E-09  2.7295E-08
  2.0640E-03  1.0162E-08  1.0162E-08  2.8054E-08
  2.0830E-03  1.0446E-08  1.0446E-08  2.8834E-08
  2.1022E-03  1.0737E-08  1.0737E-08  2.9636E-08
  2.1216E-03  1.1036E-08  1.1036E-08  3.0460E-08
  2.1411E-03  1.1344E-08  1.1344E-08  3.1307E-08
  2.1608E-03  1.1660E-08  1.1660E-08  3.2178E-08
  2.1807E-03  1.1985E-08  1.1985E-08  3.3073E-08
  2.2008E-03  1.2319E-08  1.2319E-08  3.3992E-08
  2.2210E-03  1.2662E-08  1.2662E-08  3.4937E-08
  2.2415E-03  1.3015E-08  1.3015E-08  3.5909E-08
  2.2621E-03  1.3377E-08  1.3377E-08  3.6907E-08
  2.2829E-03  1.3750E-08  1.3750E-08  3.7933E-08
  2.3039E-03  1.4133E-08  1.4133E-08  3.8988E-08
  2.3251E-03  1.4527E-08  1.4527E-08  4.0072E-08
  2.3465E-03  1.4932E-08  1.4932E-08  4.1186E-08
  2.3681E-03  1.5348E-08  1.5348E-08  4.2331E-08
  2.3899E-03  1.5776E-08  1.5776E-08  4.3508E-08
  2.4119E-03  1.6216E-08  1.6216E-08  4.4717E-08
  2.4341E-03  1.6667E-08  1.6667E-08  4.5960E-08
  2.4565E-03  1.7132E-08  1.7132E-08  4.7238E-08
  2.4791E-03  1.7609E-08  1.7609E-08  4.8551E-08
  2.5019E-03  1.8100E-08  1.8100E-08  4.9901E-08
  2.5250E-03  1.8604E-08  1.8604E-08  5.1288E-08
  2.5482E-03  1.9123E-08  1.9123E-08  5.2713E-08
  2.5717E-03  1.9656E-08  1.9656E-08  5.4178E-08
  2.5953E-03  2.0203E-08  2.0203E-08  5.5684E-08
  2.6192E-03  2.0766E-08  2.0766E-08  5.7232E-08
  2.6433E-03  2.1345E-08  2.1345E-08  5.8822E-08
  2.6677E-03  2.1940E-08  2.1940E-08  6.0457E-08
  2.6922E-03  2.2551E-08  2.2551E-08  6.2137E-08
  2.7170E-03  2.3180E-08  2.3180E-08  6.3864E-08
  2.7420E-03  2.3826E-08  2.3826E-08  6.5638E-08
  2.7672E-03  2.4489E-08  2.4489E-08  6.7462E-08
  2.7927E-03  2.5172E-08  2.5172E-08  6.9337E-08
  2.8184E-03  2.5873E-08  2.5873E-08  7.1264E-08
  2.8443E-03  2.6594E-08  2.6594E-08  7.3244E-08
  2.8705E-03  2.7335E-08  2.7335E-08  7.5279E-08
  2.8969E-03  2.8097E-08  2.8097E-08  7.7370E-08
  2.9236E-03  2.8880E-08  2.8880E-08  7.9520E-08
  2.9505E-03  2.9685E-08  2.9685E-08  8.1729E-08
  2.9777E-03  3.0512E-08  3.0512E-08  8.3999E-08
  3.0051E-03  3.1362E-08  3.1362E-08  8.6333E-08
  3.0327E-03  3.2236E-08  3.2236E-08  8.8731E-08
  3.0606E-03  3.3134E-08  3.3134E-08  9.1196E-08
  3.0888E-03  3.4057E-08  3.4057E-08  9.3729E-08
  3.1172E-03  3.5006E-08  3.5006E-08  9.6333E-08
  3.1459E-03  3.5982E-08  3.5982E-08  9.9008E-08
  3.1749E-03  3.6984E-08  3.6984E-08  1.0176E-07
  3.2041E-03  3.8015E-08  3.8015E-08  1.0458E-07
  3.2336E-03  3.9074E-08  3.9074E-08  1.0749E-07
  3.2633E-03  4.0163E-08  4.0163E-08  1.1047E-07
  3.2933E-03  4.1282E-08  4.1282E-08  1.1354E-07
  3.3237E-03  4.2432E-08  4.2432E-08  1.1670E-07
  3.3542E-03  4.3614E-08  4.3614E-08  1.1994E-07
  3.3851E-03  4.4829E-08  4.4829E-08  1.2327E-07
  3.4163E-03  4.6078E-08  4.6078E-08  1.2669E-07
  3.4477E-03  4.7362E-08  4.7362E-08  1.3021E-07
  3.4794E-03  4.8682E-08  4.8682E-08  1.3382E-07
  3.5115E-03  5.0038E-08  5.0038E-08  1.3754E-07
  3.5438E-03  5.1433E-08  5.1433E-08  1.4136E-07
  3.5764E-03  5.2866E-08  5.2866E-08  1.4528E-07
  3.6093E-03  5.4339E-08  5.4339E-08  1.4931E-07
  3.6425E-03  5.5853E-08  5.5853E-08  1.5346E-07
  3.6760E-03  5.7409E-08  5.7409E-08  1.5772E-07
  3.7099E-03  5.9008E-08  5.9008E-08  1.6210E-07
  3.7440E-03  6.0652E-08  6.0652E-08  1.6660E-07
  3.7784E-03  6.2342E-08  6.2342E-08  1.7122E-07
  3.8132E-03  6.4079E-08  6.4079E-08  1.7597E-07
  3.8483E-03  6.5865E-08  6.5865E-08  1.8086E-07
  3.8837E-03  6.7700E-08  6.7700E-08  1.8588E-07
  3.9195E-03  6.9586E-08  6.9586E-08  1.9103E-07
  3.9555E-03  7.1525E-08  7.1525E-08  1.9634E-07
  3.9919E-03  7.3517E-08  7.3517E-08  2.0178E-07
  4.0287E-03  7.5566E-08  7.5566E-08  2.0738E-07
  4.0657E-03  7.7671E-08  7.7671E-08  2.1314E-07
  4.1032E-03  7.9835E-08  7.9835E-08  2.1905E-07
  4.1409E-03  8.2059E-08  8.2059E-08  2.2513E-07
  4.1790E-03  8.4346E-08  8.4346E-08  2.3138E-07
  4.2175E-03  8.6696E-08  8.6696E-08  2.3780E-07
  4.2563E-03  8.9111E-08  8.9111E-08  2.4439E-07
  4.2954E-03  9.1594E-08  9.1594E-08  2.5117E-07
  4.3350E-03  9.4146E-08  9.4146E-08  2.5814E-07
  4.3749E-03  9.6769E-08  9.6769E-08  2.6530E-07
  4.4151E-03  9.9465E-08  9.9465E-08  2.7266E-07
  4.4558E-03  1.0224E-07  1.0224E-07  2.8022E-07
  4.4968E-03  1.0508E-07  1.0508E-07  2.8799E-07
  4.5381E-03  1.0801E-07  1.0801E-07  2.9598E-07
  4.5799E-03  1.1102E-07  1.1102E-07  3.0419E-07
  4.6220E-03  1.1411E-07  1.1411E-07  3.1262E-07
  4.6646E-03  1.1729E-07  1.1729E-07  3.2129E-07
  4.7075E-03  1.2056E-07  1.2056E-07  3.3020E-07
  4.7508E-03  1.2392E-07  1.2392E-07  3.3936E-07
  4.7945E-03  1.2737E-07  1.2737E-07  3.4877E-07
  4.8386E-03  1.3092E-07  1.3092E-07  3.5844E-07
  4.8832E-03  1.3457E-07  1.3457E-07  3.6838E-07
  4.9281E-03  1.3832E-07  1.3832E-07  3.7859E-07
  4.9735E-03  1.4217E-07  1.4217E-07  3.8908E-07
  5.0192E-03  1.4613E-07  1.4613E-07  3.9987E-07
  5.0654E-03  1.5020E-07  1.5020E-07  4.1095E-07
  5.1120E-03  1.5439E-07  1.5439E-07  4.2234E-07
  5.1591E-03  1.5869E-07  1.5869E-07  4.3405E-07
  5.2065E-03  1.6311E-07  1.6311E-07  4.4608E-07
  5.2544E-03  1.6765E-07  1.6765E-07  4.5844E-07
  5.3028E-03  1.7233E-07  1.7233E-07  4.7114E-07
  5.3516E-03  1.7713E-07  1.7713E-07  4.8420E-07
  5.4008E-03  1.8206E-07  1.8206E-07  4.9762E-07
  5.4505E-03  1.8713E-07  1.8713E-07  5.1140E-07
  5.5007E-03  1.9235E-07  1.9235E-07  5.2557E-07
  5.5513E-03  1.9770E-07  1.9770E-07  5.4013E-07
  5.6024E-03  2.0321E-07  2.0321E-07  5.5510E-07
  5.6539E-03  2.0887E-07  2.0887E-07  5.7047E-07
  5.7059E-03  2.1469E-07  2.1469E-07  5.8628E-07
  5.7584E-03  2.2067E-07  2.2067E-07  6.0252E-07
  5.8114E-03  2.2682E-07  2.2682E-07  6.1920E-07
  5.8649E-03  2.3314E-07  2.3314E-07  6.3635E-07
  5.9189E-03  2.3964E-07  2.3964E-07  6.5398E-07
  5.9733E-03  2.4631E-07  2.4631E-07  6.7209E-07
  6.0283E-03  2.5317E-07  2.5317E-07  6.9070E-07
  6.0838E-03  2.6023E-07  2.6023E-07  7.0982E-07
  6.1397E-03  2.6748E-07  2.6748E-07  7.2948E-07
  6.1962E-03  2.7493E-07  2.7493E-07  7.4967E-07
  6.2532E-03  2.8259E-07  2.8259E-07  7.7043E-07
  6.3108E-03  2.9046E-07  2.9046E-07  7.9175E-07
  6.3689E-03  2.9855E-07  2.9855E-07  8.1367E-07
  6.4275E-03  3.0687E-07  3.0687E-07  8.3619E-07
  6.4866E-03  3.1542E-07  3.1542E-07  8.5934E-07
  6.5463E-03  3.2420E-07  3.2420E-07  8.8312E-07
  6.6065E-03  3.3323E-07  3.3323E-07  9.0756E-07
  6.6673E-03  3.4252E-07  3.4252E-07  9.3267E-07
  6.7287E-03  3.5206E-07  3.5206E-07  9.5848E-07
  6.7906E-03  3.6187E-07  3.6187E-07  9.8500E-07
  6.8530E-03  3.7195E-07  3.7195E-07  1.0123E-06
  6.9161E-03  3.8231E-07  3.8231E-07  1.0403E-06
  6.9797E-03  3.9296E-07  3.9296E-07  1.0690E-06
  7.0440E-03  4.0391E-07  4.0391E-07  1.0986E-06
  7.1088E-03  4.1516E-07  4.1516E-07  1.1290E-06
  7.1742E-03  4.2672E-07  4.2672E-07  1.1602E-06
  7.2402E-03  4.3861E-07  4.3861E-07  1.1923E-06
  7.3068E-03  4.5083E-07  4.5083E-07  1.2253E-06
  7.3740E-03  4.6339E-07  4.6339E-07  1.2592E-06
  7.4419E-03  4.7630E-07  4.7630E-07  1.2940E-06
  7.5104E-03  4.8957E-07  4.8957E-07  1.3298E-06
  7.5795E-03  5.0320E-07  5.0320E-07  1.3665E-06
  7.6492E-03  5.1722E-07  5.1722E-07  1.4043E-06
  7.7196E-03  5.3163E-07  5.3163E-07  1.4431E-06
  7.7906E-03  5.4644E-07  5.4644E-07  1.4830E-06
  7.8623E-03  5.6166E-07  5.6166E-07  1.5240E-06
  7.9346E-03  5.7731E-07  5.7731E-07  1.5661E-06
  8.0076E-03  5.9339E-07  5.9339E-07  1.6094E-06
  8.0813E-03  6.0992E-07  6.0992E-07  1.6539E-06
  8.1557E-03  6.2691E-07  6.2691E-07  1.6996E-06
  8.2307E-03  6.4437E-07  6.4437E-07  1.7465E-06
  8.3065E-03  6.6232E-07  6.6232E-07  1.7948E-06
  8.3829E-03  6.8077E-07  6.8077E-07  1.8444E-06
  8.4600E-03  6.9974E-07  6.9974E-07  1.8953E-06
  8.5378E-03  7.1923E-07  7.1923E-07  1.9477E-06
  8.6164E-03  7.3927E-07  7.3927E-07  2.0015E-06
  8.6957E-03  7.5986E-07  7.5986E-07  2.0567E-06
  8.7757E-03  7.8103E-07  7.8103E-07  2.1135E-06
  8.8564E-03  8.0278E-07  8.0278E-07  2.1719E-06
  8.9379E-03  8.2515E-07  8.2515E-07  2.2318E-06
  9.0202E-03  8.4813E-07  8.4813E-07  2.2935E-06
  9.1032E-03  8.7176E-07  8.7176E-07  2.3568E-06
  9.1869E-03  8.9604E-07  8.9604E-07  2.4218E-06
  9.2714E-03  9.2100E-07  9.2100E-07  2.4887E-06
  9.3567E-03  9.4666E-07  9.4666E-07  2.5573E-06
  9.4428E-03  9.7303E-07  9.7303E-07  2.6279E-06
  9.5297E-03  1.0001E-06  1.0001E-06  2.7004E-06
  9.6174E-03  1.0280E-06  1.0280E-06  2.7749E-06
  9.7059E-03  1.0566E-06  1.0566E-06  2.8515E-06
  9.7952E-03  1.0861E-06  1.0861E-06  2.9301E-06
  9.8853E-03  1.1163E-06  1.1163E-06  3.0110E-06
  9.9763E-03  1.1474E-06  1.1474E-06  3.0940E-06
  1.0068E-02  1.1794E-06  1.1794E-06  3.1793E-06
  1.0161E-02  1.2122E-06  1.2122E-06  3.2670E-06
  1.0254E-02  1.2460E-06  1.2460E-06  3.3571E-06
  1.0349E-02  1.2807E-06  1.2807E-06  3.4496E-06
  1.0444E-02  1.3164E-06  1.3164E-06  3.5447E-06
  1.0540E-02  1.3530E-06  1.3530E-06  3.6424E-06
  1.0637E-02  1.3907E-06  1.3907E-06  3.7428E-06
  1.0735E-02  1.4295E-06  1.4295E-06  3.8460E-06
  1.0833E-02  1.4693E-06  1.4693E-06  3.9520E-06
  1.0933E-02  1.5102E-06  1.5102E-06  4.0609E-06
  1.1034E-02  1.5523E-06  1.5523E-06  4.1728E-06
  1.1135E-02  1.5955E-06  1.5955E-06  4.2877E-06
  1.1238E-02  1.6400E-06  1.6400E-06  4.4058E-06
  1.1341E-02  1.6856E-06  1.6856E-06  4.5272E-06
  1.1445E-02  1.7326E-06  1.7326E-06  4.6518E-06
  1.1551E-02  1.7809E-06  1.7809E-06  4.7799E-06
  1.1657E-02  1.8305E-06  1.8305E-06  4.9116E-06
  1.1764E-02  1.8814E-06  1.8814E-06  5.0468E-06
  1.1872E-02  1.9338E-06  1.9338E-06  5.1857E-06
  1.1982E-02  1.9877E-06  1.9877E-06  5.3284E-06
  1.2092E-02  2.0431E-06  2.0431E-06  5.4751E-06
  1.2203E-02  2.1000E-06  2.1000E-06  5.6258E-06
  1.2315E-02  2.1585E-06  2.1585E-06  5.7806E-06
  1.2429E-02  2.2186E-06  2.2186E-06  5.9396E-06
  1.2543E-02  2.2804E-06  2.2804E-06  6.1030E-06
  1.2659E-02  2.3439E-06  2.3439E-06  6.2709E-06
  1.2775E-02  2.4092E-06  2.4092E-06  6.4433E-06
  1.2893E-02  2.4763E-06  2.4763E-06  6.6205E-06
  1.3011E-02  2.5453E-06  2.5453E-06  6.8026E-06
  1.3131E-02  2.6162E-06  2.6162E-06  6.9896E-06
  1.3252E-02  2.6891E-06  2.6891E-06  7.1818E-06
  1.3374E-02  2.7640E-06  2.7640E-06  7.3792E-06
  1.3497E-02  2.8409E-06  2.8409E-06  7.5820E-06
  1.3621E-02  2.9201E-06  2.9201E-06  7.7903E-06
  1.3746E-02  3.0014E-06  3.0014E-06  8.0044E-06
  1.3873E-02  3.0850E-06  3.0850E-06  8.2243E-06
  1.4000E-02  3.1709E-06  3.1709E-06  8.4502E-06
  1.4129E-02  3.2593E-06  3.2593E-06  8.6823E-06
  1.4259E-02  3.3500E-06  3.3500E-06  8.9208E-06
  1.4390E-02  3.4433E-06  3.4433E-06  9.1657E-06
  1.4523E-02  3.5393E-06  3.5393E-06  9.4174E-06
  1.4656E-02  3.6378E-06  3.6378E-06  9.6759E-06
  1.4791E-02  3.7392E-06  3.7392E-06  9.9415E-06
  1.4927E-02  3.8433E-06  3.8433E-06  1.0214E-05
  1.5064E-02  3.9504E-06  3.9504E-06  1.0495E-05
  1.5203E-02  4.0604E-06  4.0604E-06  1.0783E-05
  1.5343E-02  4.1735E-06  4.1735E-06  1.1078E-05
  1.5484E-02  4.2897E-06  4.2897E-06  1.1382E-05
  1.5627E-02  4.4092E-06  4.4092E-06  1.1694E-05
  1.5770E-02  4.5320E-06  4.5320E-06  1.2015E-05
  1.5915E-02  4.6582E-06  4.6582E-06  1.2345E-05
  1.6062E-02  4.7880E-06  4.7880E-06  1.2683E-05
  1.6210E-02  4.9213E-06  4.9213E-06  1.3031E-05
  1.6359E-02  5.0584E-06  5.0584E-06  1.3388E-05
  1.6509E-02  5.1993E-06  5.1993E-06  1.3755E-05
  1.6661E-02  5.3441E-06  5.3441E-06  1.4132E-05
  1.6814E-02  5.4929E-06  5.4929E-06  1.4519E-05
  1.6969E-02  5.6459E-06  5.6459E-06  1.4916E-05
  1.7125E-02  5.8032E-06  5.8032E-06  1.5325E-05
  1.7283E-02  5.9648E-06  5.9648E-06  1.5744E-05
  1.7442E-02  6.1309E-06  6.1309E-06  1.6176E-05
  1.7602E-02  6.3017E-06  6.3017E-06  1.6618E-05
  1.7764E-02  6.4772E-06  6.4772E-06  1.7073E-05
  1.7928E-02  6.6576E-06  6.6576E-06  1.7540E-05
  1.8093E-02  6.8430E-06  6.8430E-06  1.8020E-05
  1.8259E-02  7.0336E-06  7.0336E-06  1.8513E-05
  1.8427E-02  7.2295E-06  7.2295E-06  1.9020E-05
  1.8597E-02  7.4308E-06  7.4308E-06  1.9540E-05
  1.8768E-02  7.6378E-06  7.6378E-06  2.0074E-05
  1.8940E-02  7.8505E-06  7.8505E-06  2.0623E-05
  1.9115E-02  8.0691E-06  8.0691E-06  2.1186E-05
  1.9291E-02  8.2938E-06  8.2938E-06  2.1765E-05
  1.9468E-02  8.5248E-06  8.5248E-06  2.2360E-05
  1.9647E-02  8.7622E-06  8.7622E-06  2.2971E-05
  1.9828E-02  9.0063E-06  9.0063E-06  2.3598E-05
  2.0010E-02  9.2571E-06  9.2571E-06  2.4243E-05
  2.0194E-02  9.5149E-06  9.5149E-06  2.4905E-05
  2.0380E-02  9.7799E-06  9.7799E-06  2.5585E-05
  2.0568E-02  1.0052E-05  1.0052E-05  2.6283E-05
  2.0757E-02  1.0332E-05  1.0332E-05  2.7000E-05
  2.0948E-02  1.0620E-05  1.0620E-05  2.7737E-05
  2.1141E-02  1.0916E-05  1.0916E-05  2.8493E-05
  2.1335E-02  1.1220E-05  1.1220E-05  2.9271E-05
  2.1531E-02  1.1532E-05  1.1532E-05  3.0069E-05
  2.1729E-02  1.1853E-05  1.1853E-05  3.0889E-05
  2.1929E-02  1.2183E-05  1.2183E-05  3.1730E-05
  2.2131E-02  1.2523E-05  1.2523E-05  3.2595E-05
  2.2335E-02  1.2871E-05  1.2871E-05  3.3483E-05
  2.2540E-02  1.3230E-05  1.3230E-05  3.4396E-05
  2.2748E-02  1.3598E-05  1.3598E-05  3.5332E-05
  2.2957E-02  1.3977E-05  1.3977E-05  3.6295E-05
  2.3168E-02  1.4366E-05  1.4366E-05  3.7283E-05
  2.3381E-02  1.4766E-05  1.4766E-05  3.8298E-05
  2.3596E-02  1.5177E-05  1.5177E-05  3.9340E-05
  2.3813E-02  1.5600E-05  1.5600E-05  4.0410E-05
  2.4033E-02  1.6035E-05  1.6035E-05  4.1509E-05
  2.4254E-02  1.6481E-05  1.6481E-05  4.2638E-05
  2.4477E-02  1.6940E-05  1.6940E-05  4.3798E-05
  2.4702E-02  1.7412E-05  1.7412E-05  4.4988E-05
  2.4929E-02  1.7897E-05  1.7897E-05  4.6211E-05
  2.5159E-02  1.8395E-05  1.8395E-05  4.7467E-05
  2.5390E-02  1.8907E-05  1.8907E-05  4.8756E-05
  2.5624E-02  1.9434E-05  1.9434E-05  5.0081E-05
  2.5859E-02  1.9975E-05  1.9975E-05  5.1441E-05
  2.6097E-02  2.0531E-05  2.0531E-05  5.2837E-05
  2.6337E-02  2.1103E-05  2.1103E-05  5.4271E-05
  2.6580E-02  2.1690E-05  2.1690E-05  5.5744E-05
  2.6824E-02  2.2294E-05  2.2294E-05  5.7257E-05
  2.7071E-02  2.2915E-05  2.2915E-05  5.8810E-05
  2.7320E-02  2.3553E-05  2.3553E-05  6.0404E-05
  2.7571E-02  2.4209E-05  2.4209E-05  6.2042E-05
  2.7825E-02  2.4883E-05  2.4883E-05  6.3724E-05
  2.8081E-02  2.5576E-05  2.5576E-05  6.5450E-05
  2.8339E-02  2.6288E-05  2.6288E-05  6.7223E-05
  2.8600E-02  2.7020E-05  2.7020E-05  6.9044E-05
  2.8863E-02  2.7772E-05  2.7772E-05  7.0914E-05
  2.9129E-02  2.8545E-05  2.8545E-05  7.2833E-05
  2.9397E-02  2.9340E-05  2.9340E-05  7.4805E-05
  2.9667E-02  3.0157E-05  3.0157E-05  7.6829E-05
  2.9940E-02  3.0997E-05  3.0997E-05  7.8907E-05
  3.0216E-02  3.1860E-05  3.1860E-05  8.1041E-05
  3.0494E-02  3.2747E-05  3.2747E-05  8.3232E-05
  3.0774E-02  3.3659E-05  3.3659E-05  8.5481E-05
  3.1057E-02  3.4596E-05  3.4596E-05  8.7791E-05
  3.1343E-02  3.5559E-05  3.5559E-05  9.0163E-05
  3.1631E-02  3.6549E-05  3.6549E-05  9.2598E-05
  3.1922E-02  3.7566E-05  3.7566E-05  9.5098E-05
  3.2216E-02  3.8612E-05  3.8612E-05  9.7664E-05
  3.2512E-02  3.9687E-05  3.9687E-05  1.0030E-04
  3.2812E-02  4.0792E-05  4.0792E-05  1.0301E-04
  3.3113E-02  4.1928E-05  4.1928E-05  1.0578E-04
  3.3418E-02  4.3095E-05  4.3095E-05  1.0864E-04
  3.3726E-02  4.4295E-05  4.4295E-05  1.1156E-04
  3.4036E-02  4.5528E-05  4.5528E-05  1.1457E-04
  3.4349E-02  4.6795E-05  4.6795E-05  1.1766E-04
  3.4665E-02  4.8098E-05  4.8098E-05  1.2082E-04
  3.4984E-02  4.9437E-05  4.9437E-05  1.2408E-04
  3.5306E-02  5.0813E-05  5.0813E-05  1.2742E-04
  3.5631E-02  5.2227E-05  5.2227E-05  1.3084E-04
  3.5958E-02  5.3681E-05  5.3681E-05  1.3436E-04
  3.6289E-02  5.5175E-05  5.5175E-05  1.3798E-04
  3.6623E-02  5.6711E-05  5.6711E-05  1.4169E-04
  3.6960E-02  5.8290E-05  5.8290E-05  1.4549E-04
  3.7300E-02  5.9912E-05  5.9912E-05  1.4940E-04
  3.7643E-02  6.1580E-05  6.1580E-05  1.5341E-04
  3.7989E-02  6.3294E-05  6.3294E-05  1.5753E-04
  3.8339E-02  6.5056E-05  6.5056E-05  1.6176E-04
  3.8692E-02  6.6866E-05  6.6866E-05  1.6610E-04
  3.9048E-02  6.8728E-05  6.8728E-05  1.7055E-04
  3.9407E-02  7.0640E-05  7.0640E-05  1.7513E-04
  3.9769E-02  7.2607E-05  7.2607E-05  1.7982E-04
  4.0135E-02  7.4627E-05  7.4627E-05  1.8464E-04
  4.0505E-02  7.6704E-05  7.6704E-05  1.8958E-04
  4.0877E-02  7.8839E-05  7.8839E-05  1.9466E-04
  4.1253E-02  8.1033E-05  8.1033E-05  1.9987E-04
  4.1633E-02  8.3288E-05  8.3288E-05  2.0522E-04
  4.2016E-02  8.5606E-05  8.5606E-05  2.1071E-04
  4.2402E-02  8.7989E-05  8.7989E-05  2.1634E-04
  4.2792E-02  9.0437E-05  9.0437E-05  2.2212E-04
  4.3186E-02  9.2954E-05  9.2954E-05  2.2806E-04
  4.3583E-02  9.5541E-05  9.5541E-05  2.3415E-04
  4.3984E-02  9.8199E-05  9.8199E-05  2.4040E-04
  4.4389E-02  1.0093E-04  1.0093E-04  2.4681E-04
  4.4797E-02  1.0374E-04  1.0374E-04  2.5340E-04
  4.5210E-02  1.0663E-04  1.0663E-04  2.6016E-04
  4.5625E-02  1.0959E-04  1.0959E-04  2.6709E-04
  4.6045E-02  1.1264E-04  1.1264E-04  2.7421E-04
  4.6469E-02  1.1578E-04  1.1578E-04  2.8151E-04
  4.6896E-02  1.1900E-04  1.1900E-04  2.8901E-04
  4.7328E-02  1.2231E-04  1.2231E-04  2.9670E-04
  4.7763E-02  1.2571E-04  1.2571E-04  3.0460E-04
  4.8203E-02  1.2921E-04  1.2921E-04  3.1270E-04
  4.8646E-02  1.3281E-04  1.3281E-04  3.2101E-04
  4.9094E-02  1.3650E-04  1.3650E-04  3.2954E-04
  4.9545E-02  1.4030E-04  1.4030E-04  3.3829E-04
  5.0001E-02  1.4420E-04  1.4420E-04  3.4728E-04
  5.0461E-02  1.4821E-04  1.4821E-04  3.5649E-04
  5.0925E-02  1.5233E-04  1.5233E-04  3.6595E-04
  5.1394E-02  1.5657E-04  1.5657E-04  3.7566E-04
  5.1867E-02  1.6093E-04  1.6093E-04  3.8561E-04
  5.2344E-02  1.6540E-04  1.6540E-04  3.9583E-04
  5.2825E-02  1.7000E-04  1.7000E-04  4.0631E-04
  5.3311E-02  1.7473E-04  1.7473E-04  4.1707E-04
  5.3802E-02  1.7959E-04  1.7959E-04  4.2811E-04
  5.4297E-02  1.8459E-04  1.8459E-04  4.3943E-04
  5.4796E-02  1.8972E-04  1.8972E-04  4.5105E-04
  5.5300E-02  1.9500E-04  1.9500E-04  4.6297E-04
  5.5809E-02  2.0042E-04  2.0042E-04  4.7520E-04
  5.6323E-02  2.0599E-04  2.0599E-04  4.8774E-04
  5.6841E-02  2.1172E-04  2.1172E-04  5.0061E-04
  5.7364E-02  2.1761E-04  2.1761E-04  5.1382E-04
  5.7892E-02  2.2366E-04  2.2366E-04  5.2736E-04
  5.8424E-02  2.2988E-04  2.2988E-04  5.4126E-04
  5.8962E-02  2.3627E-04  2.3627E-04  5.5552E-04
  5.9504E-02  2.4284E-04  2.4284E-04  5.7014E-04
  6.0051E-02  2.4959E-04  2.4959E-04  5.8515E-04
  6.0604E-02  2.5653E-04  2.5653E-04  6.0054E-04
  6.1162E-02  2.6367E-04  2.6367E-04  6.1633E-04
  6.1724E-02  2.7100E-04  2.7100E-04  6.3252E-04
  6.2292E-02  2.7853E-04  2.7853E-04  6.4913E-04
  6.2865E-02  2.8627E-04  2.8627E-04  6.6617E-04
  6.3443E-02  2.9423E-04  2.9423E-04  6.8365E-04
  6.4027E-02  3.0241E-04  3.0241E-04  7.0158E-04
  6.4616E-02  3.1081E-04  3.1081E-04  7.1997E-04
  6.5211E-02  3.1945E-04  3.1945E-04  7.3883E-04
  6.5811E-02  3.2833E-04  3.2833E-04  7.5817E-04
  6.6416E-02  3.3746E-04  3.3746E-04  7.7801E-04
  6.7027E-02  3.4684E-04  3.4684E-04  7.9836E-04
  6.7644E-02  3.5647E-04  3.5647E-04  8.1923E-04
  6.8266E-02  3.6638E-04  3.6638E-04  8.4063E-04
  6.8894E-02  3.7656E-04  3.7656E-04  8.6258E-04
  6.9528E-02  3.8702E-04  3.8702E-04  8.8509E-04
  7.0167E-02  3.9778E-04  3.9778E-04  9.0818E-04
  7.0813E-02  4.0883E-04  4.0883E-04  9.3186E-04
  7.1464E-02  4.2019E-04  4.2019E-04  9.5614E-04
  7.2122E-02  4.3186E-04  4.3186E-04  9.8103E-04
  7.2785E-02  4.4386E-04  4.4386E-04  1.0066E-03
  7.3455E-02  4.5619E-04  4.5619E-04  1.0327E-03
  7.4131E-02  4.6886E-04  4.6886E-04  1.0596E-03
  7.4813E-02  4.8188E-04  4.8188E-04  1.0871E-03
  7.5501E-02  4.9526E-04  4.9526E-04  1.1153E-03
  7.6196E-02  5.0902E-04  5.0902E-04  1.1443E-03
  7.6897E-02  5.2316E-04  5.2316E-04  1.1740E-03
  7.7604E-02  5.3768E-04  5.3768E-04  1.2044E-03
  7.8318E-02  5.5261E-04  5.5261E-04  1.2356E-03
  7.9039E-02  5.6796E-04  5.6796E-04  1.2676E-03
  7.9766E-02  5.8373E-04  5.8373E-04  1.3004E-03
  8.0500E-02  5.9993E-04  5.9993E-04  1.3340E-03
  8.1240E-02  6.1659E-04  6.1659E-04  1.3685E-03
  8.1988E-02  6.3370E-04  6.3370E-04  1.4038E-03
  8.2742E-02  6.5129E-04  6.5129E-04  1.4400E-03
  8.3503E-02  6.6937E-04  6.6937E-04  1.4772E-03
  8.4271E-02  6.8795E-04  6.8795E-04  1.5152E-03
  8.5047E-02  7.0704E-04  7.0704E-04  1.5543E-03
  8.5829E-02  7.2666E-04  7.2666E-04  1.5943E-03
  8.6619E-02  7.4683E-04  7.4683E-04  1.6353E-03
  8.7415E-02  7.6755E-04  7.6755E-04  1.6773E-03
  8.8220E-02  7.8884E-04  7.8884E-04  1.7204E-03
  8.9031E-02  8.1073E-04  8.1073E-04  1.7646E-03
  8.9850E-02  8.3322E-04  8.3322E-04  1.8099E-03
  9.0677E-02  8.5633E-04  8.5633E-04  1.8563E-03
  9.1511E-02  8.8008E-04  8.8008E-04  1.9038E-03
  9.2353E-02  9.0449E-04  9.0449E-04  1.9526E-03
  9.3203E-02  9.2957E-04  9.2957E-04  2.0025E-03
  9.4060E-02  9.5535E-04  9.5535E-04  2.0537E-03
  9.4925E-02  9.8184E-04  9.8184E-04  2.1062E-03
  9.5799E-02  1.0091E-03  1.0091E-03  2.1600E-03
  9.6680E-02  1.0370E-03  1.0370E-03  2.2151E-03
  9.7570E-02  1.0658E-03  1.0658E-03  2.2715E-03
  9.8467E-02  1.0953E-03  1.0953E-03  2.3294E-03
  9.9373E-02  1.1257E-03  1.1257E-03  2.3887E-03
  1.0029E-01  1.1569E-03  1.1569E-03  2.4495E-03
  1.0121E-01  1.1889E-03  1.1889E-03  2.5117E-03
  1.0214E-01  1.2219E-03  1.2219E-03  2.5755E-03
  1.0308E-01  1.2557E-03  1.2557E-03  2.6409E-03
  1.0403E-01  1.2905E-03  1.2905E-03  2.7079E-03
  1.0499E-01  1.3262E-03  1.3262E-03  2.7765E-03
  1.0595E-01  1.3630E-03  1.3630E-03  2.8468E-03
  1.0693E-01  1.4007E-03  1.4007E-03  2.9188E-03
  1.0791E-01  1.4395E-03  1.4395E-03  2.9926E-03
  1.0890E-01  1.4794E-03  1.4794E-03  3.0682E-03
  1.0990E-01  1.5203E-03  1.5203E-03  3.1457E-03
  1.1092E-01  1.5624E-03  1.5624E-03  3.2250E-03
  1.1194E-01  1.6056E-03  1.6056E-03  3.3063E-03
  1.1297E-01  1.6501E-03  1.6501E-03  3.3896E-03
  1.1401E-01  1.6957E-03  1.6957E-03  3.4749E-03
  1.1505E-01  1.7427E-03  1.7427E-03  3.5623E-03
  1.1611E-01  1.7909E-03  1.7909E-03  3.6517E-03
  1.1718E-01  1.8404E-03  1.8404E-03  3.7434E-03
  1.1826E-01  1.8913E-03  1.8913E-03  3.8373E-03
  1.1935E-01  1.9436E-03  1.9436E-03  3.9335E-03
  1.2045E-01  1.9973E-03  1.9973E-03  4.0319E-03
  1.2155E-01  2.0526E-03  2.0526E-03  4.1328E-03
  1.2267E-01  2.1093E-03  2.1093E-03  4.2361E-03
  1.2380E-01  2.1676E-03  2.1676E-03  4.3419E-03
  1.2494E-01  2.2275E-03  2.2275E-03  4.4502E-03
  1.2609E-01  2.2890E-03  2.2890E-03  4.5612E-03
  1.2725E-01  2.3523E-03  2.3523E-03  4.6748E-03
  1.2842E-01  2.4172E-03  2.4172E-03  4.7911E-03
  1.2960E-01  2.4840E-03  2.4840E-03  4.9103E-03
  1.3079E-01  2.5526E-03  2.5526E-03  5.0322E-03
  1.3200E-01  2.6231E-03  2.6231E-03  5.1571E-03
  1.3321E-01  2.6955E-03  2.6955E-03  5.2850E-03
  1.3444E-01  2.7699E-03  2.7699E-03  5.4159E-03
  1.3567E-01  2.8463E-03  2.8463E-03  5.5500E-03
  1.3692E-01  2.9248E-03  2.9248E-03  5.6872E-03
  1.3818E-01  3.0055E-03  3.0055E-03  5.8277E-03
  1.3945E-01  3.0884E-03  3.0884E-03  5.9715E-03
  1.4073E-01  3.1736E-03  3.1736E-03  6.1188E-03
  1.4203E-01  3.2610E-03  3.2610E-03  6.2695E-03
  1.4334E-01  3.3509E-03  3.3509E-03  6.4238E-03
  1.4465E-01  3.4433E-03  3.4433E-03  6.5818E-03
  1.4599E-01  3.5382E-03  3.5382E-03  6.7434E-03
  1.4733E-01  3.6356E-03  3.6356E-03  6.9089E-03
  1.4868E-01  3.7358E-03  3.7358E-03  7.0783E-03
  1.5005E-01  3.8386E-03  3.8386E-03  7.2516E-03
  1.5143E-01  3.9443E-03  3.9443E-03  7.4291E-03
  1.5283E-01  4.0529E-03  4.0529E-03  7.6106E-03
  1.5423E-01  4.1644E-03  4.1644E-03  7.7965E-03
  1.5565E-01  4.2790E-03  4.2790E-03  7.9866E-03
  1.5708E-01  4.3967E-03  4.3967E-03  8.1812E-03
  1.5853E-01  4.5176E-03  4.5176E-03  8.3804E-03
  1.5999E-01  4.6418E-03  4.6418E-03  8.5842E-03
  1.6146E-01  4.7693E-03  4.7693E-03  8.7927E-03
  1.6294E-01  4.9004E-03  4.9004E-03  9.0061E-03
  1.6444E-01  5.0350E-03  5.0350E-03  9.2244E-03
  1.6595E-01  5.1733E-03  5.1733E-03  9.4477E-03
  1.6748E-01  5.3154E-03  5.3154E-03  9.6763E-03
  1.6902E-01  5.4613E-03  5.4613E-03  9.9101E-03
  1.7058E-01  5.6111E-03  5.6111E-03  1.0149E-02
  1.7215E-01  5.7651E-03  5.7651E-03  1.0394E-02
  1.7373E-01  5.9232E-03  5.9232E-03  1.0644E-02
  1.7533E-01  6.0856E-03  6.0856E-03  1.0900E-02
  1.7694E-01  6.2524E-03  6.2524E-03  1.1162E-02
  1.7857E-01  6.4238E-03  6.4238E-03  1.1430E-02
  1.8021E-01  6.5997E-03  6.5997E-03  1.1704E-02
  1.8187E-01  6.7805E-03  6.7805E-03  1.1985E-02
  1.8354E-01  6.9661E-03  6.9661E-03  1.2271E-02
  1.8523E-01  7.1568E-03  7.1568E-03  1.2565E-02
  1.8694E-01  7.3526E-03  7.3526E-03  1.2865E-02
  1.8866E-01  7.5537E-03  7.5537E-03  1.3171E-02
  1.9039E-01  7.7602E-03  7.7602E-03  1.3485E-02
  1.9214E-01  7.9723E-03  7.9723E-03  1.3806E-02
  1.9391E-01  8.1901E-03  8.1901E-03  1.4134E-02
  1.9569E-01  8.4138E-03  8.4138E-03  1.4469E-02
  1.9749E-01  8.6435E-03  8.6435E-03  1.4812E-02
  1.9931E-01  8.8794E-03  8.8794E-03  1.5163E-02
  2.0115E-01  9.1217E-03  9.1217E-03  1.5521E-02
  2.0300E-01  9.3704E-03  9.3704E-03  1.5888E-02
  2.0486E-01  9.6259E-03  9.6259E-03  1.6263E-02
  2.0675E-01  9.8882E-03  9.8882E-03  1.6646E-02
  2.0865E-01  1.0158E-02  1.0158E-02  1.7038E-02
  2.1057E-01  1.0434E-02  1.0434E-02  1.7438E-02
  2.1251E-01  1.0718E-02  1.0718E-02  1.7847E-02
  2.1446E-01  1.1010E-02  1.1010E-02  1.8266E-02
  2.1643E-01  1.1309E-02  1.1309E-02  1.8694E-02
  2.1843E-01  1.1616E-02  1.1616E-02  1.9131E-02
  2.2044E-01  1.1932E-02  1.1932E-02  1.9578E-02
  2.2246E-01  1.2256E-02  1.2256E-02  2.0034E-02
  2.2451E-01  1.2589E-02  1.2589E-02  2.0501E-02
  2.2658E-01  1.2930E-02  1.2930E-02  2.0978E-02
  2.2866E-01  1.3281E-02  1.3281E-02  2.1466E-02
  2.3076E-01  1.3641E-02  1.3641E-02  2.1964E-02
  2.3289E-01  1.4010E-02  1.4010E-02  2.2473E-02
  2.3503E-01  1.4389E-02  1.4389E-02  2.2993E-02
  2.3719E-01  1.4779E-02  1.4779E-02  2.3525E-02
  2.3937E-01  1.5178E-02  1.5178E-02  2.4068E-02
  2.4158E-01  1.5589E-02  1.5589E-02  2.4623E-02
  2.4380E-01  1.6010E-02  1.6010E-02  2.5190E-02
  2.4604E-01  1.6442E-02  1.6442E-02  2.5770E-02
  2.4830E-01  1.6885E-02  1.6885E-02  2.6362E-02
  2.5059E-01  1.7341E-02  1.7341E-02  2.6966E-02
  2.5289E-01  1.7808E-02  1.7808E-02  2.7584E-02
  2.5522E-01  1.8288E-02  1.8288E-02  2.8215E-02
  2.5757E-01  1.8780E-02  1.8780E-02  2.8860E-02
  2.5994E-01  1.9285E-02  1.9285E-02  2.9518E-02
  2.6233E-01  1.9803E-02  1.9803E-02  3.0191E-02
  2.6474E-01  2.0335E-02  2.0335E-02  3.0877E-02
  2.6718E-01  2.0881E-02  2.0881E-02  3.1579E-02
  2.6964E-01  2.1441E-02  2.1441E-02  3.2296E-02
  2.7212E-01  2.2016E-02  2.2016E-02  3.3027E-02
  2.7462E-01  2.2606E-02  2.2606E-02  3.3775E-02
  2.7715E-01  2.3211E-02  2.3211E-02  3.4538E-02
  2.7970E-01  2.3832E-02  2.3832E-02  3.5317E-02
  2.8227E-01  2.4469E-02  2.4469E-02  3.6113E-02
  2.8487E-01  2.5122E-02  2.5122E-02  3.6926E-02
  2.8749E-01  2.5792E-02  2.5792E-02  3.7756E-02
  2.9013E-01  2.6480E-02  2.6480E-02  3.8603E-02
  2.9280E-01  2.7186E-02  2.7186E-02  3.9468E-02
  2.9549E-01  2.7909E-02  2.7909E-02  4.0351E-02
  2.9821E-01  2.8651E-02  2.8651E-02  4.1253E-02
  3.0096E-01  2.9413E-02  2.9413E-02  4.2173E-02
  3.0373E-01  3.0194E-02  3.0194E-02  4.3113E-02
  3.0652E-01  3.0995E-02  3.0995E-02  4.4072E-02
  3.0934E-01  3.1816E-02  3.1816E-02  4.5051E-02
  3.1219E-01  3.2658E-02  3.2658E-02  4.6051E-02
  3.1506E-01  3.3522E-02  3.3522E-02  4.7071E-02
  3.1796E-01  3.4408E-02  3.4408E-02  4.8112E-02
  3.2088E-01  3.5316E-02  3.5316E-02  4.9175E-02
  3.2383E-01  3.6247E-02  3.6247E-02  5.0260E-02
  3.2681E-01  3.7202E-02  3.7202E-02  5.1367E-02
  3.2982E-01  3.8181E-02  3.8181E-02  5.2497E-02
  3.3285E-01  3.9185E-02  3.9185E-02  5.3650E-02
  3.3591E-01  4.0214E-02  4.0214E-02  5.4826E-02
  3.3901E-01  4.1269E-02  4.1269E-02  5.6027E-02
  3.4212E-01  4.2350E-02  4.2350E-02  5.7252E-02
  3.4527E-01  4.3458E-02  4.3458E-02  5.8502E-02
  3.4845E-01  4.4594E-02  4.4594E-02  5.9778E-02
  3.5165E-01  4.5759E-02  4.5759E-02  6.1079E-02
  3.5489E-01  4.6952E-02  4.6952E-02  6.2407E-02
  3.5815E-01  4.8175E-02  4.8175E-02  6.3761E-02
  3.6145E-01  4.9428E-02  4.9428E-02  6.5143E-02
  3.6477E-01  5.0712E-02  5.0712E-02  6.6553E-02
  3.6813E-01  5.2027E-02  5.2027E-02  6.7992E-02
  3.7152E-01  5.3375E-02  5.3375E-02  6.9459E-02
  3.7493E-01  5.4756E-02  5.4756E-02  7.0955E-02
  3.7838E-01  5.6171E-02  5.6171E-02  7.2482E-02
  3.8186E-01  5.7620E-02  5.7620E-02  7.4039E-02
  3.8538E-01  5.9105E-02  5.9105E-02  7.5627E-02
  3.8892E-01  6.0626E-02  6.0626E-02  7.7247E-02
  3.9250E-01  6.2183E-02  6.2183E-02  7.8900E-02
  3.9611E-01  6.3778E-02  6.3778E-02  8.0585E-02
  3.9976E-01  6.5411E-02  6.5411E-02  8.2303E-02
  4.0343E-01  6.7084E-02  6.7084E-02  8.4056E-02
  4.0714E-01  6.8796E-02  6.8796E-02  8.5843E-02
  4.1089E-01  7.0549E-02  7.0549E-02  8.7665E-02
  4.1467E-01  7.2344E-02  7.2344E-02  8.9524E-02
  4.1849E-01  7.4182E-02  7.4182E-02  9.1419E-02
  4.2234E-01  7.6063E-02  7.6063E-02  9.3351E-02
  4.2622E-01  7.7988E-02  7.7988E-02  9.5322E-02
  4.3014E-01  7.9959E-02  7.9959E-02  9.7331E-02
  4.3410E-01  8.1976E-02  8.1976E-02  9.9379E-02
  4.3809E-01  8.4039E-02  8.4039E-02  1.0147E-01
  4.4212E-01  8.6151E-02  8.6151E-02  1.0360E-01
  4.4619E-01  8.8312E-02  8.8312E-02  1.0577E-01
  4.5030E-01  9.0522E-02  9.0522E-02  1.0798E-01
  4.5444E-01  9.2784E-02  9.2784E-02  1.1024E-01
  4.5862E-01  9.5097E-02  9.5097E-02  1.1254E-01
  4.6284E-01  9.7463E-02  9.7463E-02  1.1488E-01
  4.6710E-01  9.9882E-02  9.9882E-02  1.1727E-01
  4.7139E-01  1.0236E-01  1.0236E-01  1.1971E-01
  4.7573E-01  1.0489E-01  1.0489E-01  1.2219E-01
  4.8011E-01  1.0747E-01  1.0747E-01  1.2472E-01
  4.8452E-01  1.1012E-01  1.1012E-01  1.2730E-01
  4.8898E-01  1.1282E-01  1.1282E-01  1.2993E-01
  4.9348E-01  1.1559E-01  1.1559E-01  1.3261E-01
  4.9802E-01  1.1841E-01  1.1841E-01  1.3534E-01
  5.0260E-01  1.2130E-01  1.2130E-01  1.3813E-01
  5.0722E-01  1.2425E-01  1.2425E-01  1.4096E-01
  5.1189E-01  1.2727E-01  1.2727E-01  1.4386E-01
  5.1660E-01  1.3035E-01  1.3035E-01  1.4680E-01
  5.2135E-01  1.3349E-01  1.3349E-01  1.4981E-01
  5.2615E-01  1.3671E-01  1.3671E-01  1.5287E-01
  5.3099E-01  1.3999E-01  1.3999E-01  1.5599E-01
  5.3587E-01  1.4335E-01  1.4335E-01  1.5917E-01
  5.4080E-01  1.4677E-01  1.4677E-01  1.6241E-01
  5.4578E-01  1.5027E-01  1.5027E-01  1.6571E-01
  5.5080E-01  1.5384E-01  1.5384E-01  1.6907E-01
  5.5587E-01  1.5748E-01  1.5748E-01  1.7250E-01
  5.6098E-01  1.6120E-01  1.6120E-01  1.7599E-01
  5.6614E-01  1.6500E-01  1.6500E-01  1.7955E-01
  5.7135E-01  1.6888E-01  1.6888E-01  1.8318E-01
  5.7661E-01  1.7283E-01  1.7283E-01  1.8688E-01
  5.8191E-01  1.7687E-01  1.7687E-01  1.9064E-01
  5.8727E-01  1.8099E-01  1.8099E-01  1.9448E-01
  5.9267E-01  1.8519E-01  1.8519E-01  1.9839E-01
  5.9812E-01  1.8947E-01  1.8947E-01  2.0238E-01
  6.0362E-01  1.9384E-01  1.9384E-01  2.0644E-01
  6.0918E-01  1.9830E-01  1.9830E-01  2.1058E-01
  6.1478E-01  2.0284E-01  2.0284E-01  2.1479E-01
  6.2044E-01  2.0747E-01  2.0747E-01  2.1909E-01
  6.2614E-01  2.1219E-01  2.1219E-01  2.2347E-01
  6.3190E-01  2.1701E-01  2.1701E-01  2.2793E-01
  6.3772E-01  2.2192E-01  2.2192E-01  2.3247E-01
  6.4358E-01  2.2692E-01  2.2692E-01  2.3711E-01
  6.4951E-01  2.3201E-01  2.3201E-01  2.4183E-01
  6.5548E-01  2.3721E-01  2.3721E-01  2.4663E-01
  6.6151E-01  2.4250E-01  2.4250E-01  2.5153E-01
  6.6760E-01  2.4789E-01  2.4789E-01  2.5653E-01
  6.7374E-01  2.5338E-01  2.5338E-01  2.6162E-01
  6.7994E-01  2.5897E-01  2.5897E-01  2.6680E-01
  6.8619E-01  2.6466E-01  2.6466E-01  2.7208E-01
  6.9250E-01  2.7046E-01  2.7046E-01  2.7747E-01
  6.9888E-01  2.7637E-01  2.7637E-01  2.8296E-01
  7.0530E-01  2.8238E-01  2.8238E-01  2.8855E-01
  7.1179E-01  2.8850E-01  2.8850E-01  2.9424E-01
  7.1834E-01  2.9473E-01  2.9473E-01  3.0005E-01
  7.2495E-01  3.0107E-01  3.0107E-01  3.0597E-01
  7.3162E-01  3.0752E-01  3.0752E-01  3.1200E-01
  7.3835E-01  3.1409E-01  3.1409E-01  3.1814E-01
  7.4514E-01  3.2078E-01  3.2078E-01  3.2440E-01
  7.5200E-01  3.2758E-01  3.2758E-01  3.3079E-01
  7.5892E-01  3.3450E-01  3.3450E-01  3.3729E-01
  7.6590E-01  3.4154E-01  3.4154E-01  3.4392E-01
  7.7294E-01  3.4871E-01  3.4871E-01  3.5068E-01
  7.8005E-01  3.5600E-01  3.5600E-01  3.5757E-01
  7.8723E-01  3.6341E-01  3.6341E-01  3.6459E-01
  7.9447E-01  3.7096E-01  3.7096E-01  3.7174E-01
  8.0178E-01  3.7863E-01  3.7863E-01  3.7904E-01
  8.0916E-01  3.8644E-01  3.8644E-01  3.8647E-01
  8.1660E-01  3.9437E-01  3.9437E-01  3.9405E-01
  8.2412E-01  4.0245E-01  4.0245E-01  4.0177E-01
  8.3170E-01  4.1066E-01  4.1066E-01  4.0965E-01
  8.3935E-01  4.1902E-01  4.1902E-01  4.1768E-01
  8.4707E-01  4.2751E-01  4.2751E-01  4.2586E-01
  8.5486E-01  4.3615E-01  4.3615E-01  4.3420E-01
  8.6273E-01  4.4495E-01  4.4495E-01  4.4271E-01
  8.7066E-01  4.5389E-01  4.5389E-01  4.5138E-01
  8.7867E-01  4.6298E-01  4.6298E-01  4.6022E-01
  8.8676E-01  4.7223E-01  4.7223E-01  4.6924E-01
  8.9492E-01  4.8165E-01  4.8165E-01  4.7843E-01
  9.0315E-01  4.9122E-01  4.9122E-01  4.8781E-01
  9.1146E-01  5.0096E-01  5.0096E-01  4.9737E-01
  9.1984E-01  5.1087E-01  5.1087E-01  5.0711E-01
  9.2830E-01  5.2096E-01  5.2096E-01  5.1705E-01
  9.3684E-01  5.3122E-01  5.3122E-01  5.2719E-01
  9.4546E-01  5.4167E-01  5.4167E-01  5.3753E-01
  9.5416E-01  5.5230E-01  5.5230E-01  5.4807E-01
  9.6294E-01  5.6312E-01  5.6312E-01  5.5882E-01
  9.7180E-01  5.7413E-01  5.7413E-01  5.6979E-01
  9.8074E-01  5.8535E-01  5.8535E-01  5.8098E-01
  9.8976E-01  5.9677E-01  5.9677E-01  5.9239E-01
  9.9887E-01  6.0840E-01  6.0840E-01  6.0403E-01
  1.0081E+00  6.2025E-01  6.2025E-01  6.1590E-01
  1.0173E+00  6.3232E-01  6.3232E-01  6.2801E-01
  1.0267E+00  6.4461E-01  6.4461E-01  6.4037E-01
  1.0361E+00  6.5714E-01  6.5714E-01  6.5297E-01
  1.0457E+00  6.6991E-01  6.6991E-01  6.6584E-01
  1.0553E+00  6.8292E-01  6.8292E-01  6.7896E-01
  1.0650E+00  6.9618E-01  6.9618E-01  6.9234E-01
  1.0748E+00  7.0971E-01  7.0971E-01  7.0600E-01
  1.0847E+00  7.2350E-01  7.2350E-01  7.1994E-01
  1.0947E+00  7.3757E-01  7.3757E-01  7.3417E-01
  1.1047E+00  7.5192E-01  7.5192E-01  7.4868E-01
  1.1149E+00  7.6656E-01  7.6656E-01  7.6349E-01
  1.1251E+00  7.8150E-01  7.8150E-01  7.7861E-01
  1.1355E+00  7.9674E-01  7.9674E-01  7.9404E-01
  1.1459E+00  8.1230E-01  8.1230E-01  8.0978E-01
  1.1565E+00  8.2819E-01  8.2819E-01  8.2585E-01
  1.1671E+00  8.4440E-01  8.4440E-01  8.4225E-01
  1.1779E+00  8.6096E-01  8.6096E-01  8.5900E-01
  1.1887E+00  8.7787E-01  8.7787E-01  8.7609E-01
  1.1996E+00  8.9513E-01  8.9513E-01  8.9353E-01
  1.2107E+00  9.1277E-01  9.1277E-01  9.1134E-01
  1.2218E+00  9.3079E-01  9.3079E-01  9.2952E-01
  1.2331E+00  9.4919E-01  9.4919E-01  9.4808E-01
  1.2444E+00  9.6799E-01  9.6799E-01  9.6703E-01
  1.2558E+00  9.8720E-01  9.8720E-01  9.8638E-01
  1.2674E+00  1.0068E+00  1.0068E+00  1.0061E+00
  1.2791E+00  1.0269E+00  1.0269E+00  1.0263E+00
  1.2908E+00  1.0474E+00  1.0474E+00  1.0469E+00
  1.3027E+00  1.0683E+00  1.0683E+00  1.0679E+00
  1.3147E+00  1.0897E+00  1.0897E+00  1.0894E+00
  1.3268E+00  1.1116E+00  1.1116E+00  1.1113E+00
  1.3390E+00  1.1339E+00  1.1339E+00  1.1337E+00
  1.3513E+00  1.1567E+00  1.1567E+00  1.1566E+00
  1.3637E+00  1.1800E+00  1.1800E+00  1.1800E+00
  1.3763E+00  1.2039E+00  1.2039E+00  1.2038E+00
  1.3889E+00  1.2282E+00  1.2282E+00  1.2282E+00
  1.4017E+00  1.2531E+00  1.2531E+00  1.2531E+00
  1.4146E+00  1.2785E+00  1.2785E+00  1.2785E+00
  1.4276E+00  1.3045E+00  1.3045E+00  1.3044E+00
  1.4408E+00  1.3310E+00  1.3310E+00  1.3310E+00
  1.4540E+00  1.3581E+00  1.3581E+00  1.3581E+00
  1.4674E+00  1.3857E+00  1.3857E+00  1.3857E+00
  1.4809E+00  1.4140E+00  1.4140E+00  1.4140E+00
  1.4945E+00  1.4429E+00  1.4429E+00  1.4429E+00
  1.5083E+00  1.4724E+00  1.4724E+00  1.4724E+00
  1.5221E+00  1.5026E+00  1.5026E+00  1.5026E+00
  1.5361E+00  1.5334E+00  1.5334E+00  1.5334E+00
  1.5503E+00  1.5648E+00  1.5648E+00  1.5648E+00
  1.5645E+00  1.5970E+00  1.5970E+00  1.5970E+00
  1.5789E+00  1.6299E+00  1.6299E+00  1.6299E+00
  1.5935E+00  1.6634E+00  1.6634E+00  1.6634E+00
  1.6081E+00  1.6978E+00  1.6978E+00  1.6978E+00
  1.6229E+00  1.7328E+00  1.7328E+00  1.7328E+00
  1.6378E+00  1.7687E+00  1.7687E+00  1.7687E+00
  1.6529E+00  1.8053E+00  1.8053E+00  1.8053E+00
