  0.0000000E+00 -1.8000000E+01  0.0000000E+00
  1.0221911E-08 -1.7999999E+01  5.4214136E-07
  2.0537860E-08 -1.7999999E+01  1.0892703E-06
  3.0948714E-08 -1.7999998E+01  1.6414326E-06
  4.1455344E-08 -1.7999998E+01  2.1986747E-06
  5.2058633E-08 -1.7999997E+01  2.7610433E-06
  6.2759468E-08 -1.7999997E+01  3.3285854E-06
  7.3558749E-08 -1.7999996E+01  3.9013489E-06
  8.4457379E-08 -1.7999996E+01  4.4793815E-06
  9.5456275E-08 -1.7999995E+01  5.0627320E-06
  1.0655636E-07 -1.7999994E+01  5.6514490E-06
  1.1775856E-07 -1.7999994E+01  6.2455822E-06
  1.2906381E-07 -1.7999993E+01  6.8451811E-06
  1.4047307E-07 -1.7999993E+01  7.4502962E-06
  1.5198730E-07 -1.7999992E+01  8.0609782E-06
  1.6360745E-07 -1.7999991E+01  8.6772783E-06
  1.7533450E-07 -1.7999991E+01  9.2992482E-06
  1.8716944E-07 -1.7999990E+01  9.9269401E-06
  1.9911326E-07 -1.7999989E+01  1.0560407E-05
  2.1116696E-07 -1.7999989E+01  1.1199701E-05
  2.2333154E-07 -1.7999988E+01  1.1844876E-05
  2.3560804E-07 -1.7999988E+01  1.2495987E-05
  2.4799748E-07 -1.7999987E+01  1.3153088E-05
  2.6050090E-07 -1.7999986E+01  1.3816234E-05
  2.7311935E-07 -1.7999986E+01  1.4485481E-05
  2.8585388E-07 -1.7999985E+01  1.5160885E-05
  2.9870556E-07 -1.7999984E+01  1.5842502E-05
  3.1167548E-07 -1.7999983E+01  1.6530390E-05
  3.2476472E-07 -1.7999983E+01  1.7224606E-05
  3.3797438E-07 -1.7999982E+01  1.7925209E-05
  3.5130556E-07 -1.7999981E+01  1.8632257E-05
  3.6475938E-07 -1.7999981E+01  1.9345810E-05
  3.7833698E-07 -1.7999980E+01  2.0065928E-05
  3.9203948E-07 -1.7999979E+01  2.0792670E-05
  4.0586804E-07 -1.7999978E+01  2.1526098E-05
  4.1982383E-07 -1.7999978E+01  2.2266273E-05
  4.3390800E-07 -1.7999977E+01  2.3013258E-05
  4.4812174E-07 -1.7999976E+01  2.3767115E-05
  4.6246625E-07 -1.7999975E+01  2.4527907E-05
  4.7694272E-07 -1.7999975E+01  2.5295699E-05
  4.9155237E-07 -1.7999974E+01  2.6070553E-05
  5.0629642E-07 -1.7999973E+01  2.6852536E-05
  5.2117612E-07 -1.7999972E+01  2.7641714E-05
  5.3619271E-07 -1.7999972E+01  2.8438151E-05
  5.5134744E-07 -1.7999971E+01  2.9241915E-05
  5.6664159E-07 -1.7999970E+01  3.0053074E-05
  5.8207645E-07 -1.7999969E+01  3.0871695E-05
  5.9765330E-07 -1.7999968E+01  3.1697848E-05
  6.1337345E-07 -1.7999967E+01  3.2531600E-05
  6.2923823E-07 -1.7999967E+01  3.3373023E-05
  6.4524895E-07 -1.7999966E+01  3.4222187E-05
  6.6140697E-07 -1.7999965E+01  3.5079163E-05
  6.7771364E-07 -1.7999964E+01  3.5944023E-05
  6.9417033E-07 -1.7999963E+01  3.6816839E-05
  7.1077841E-07 -1.7999962E+01  3.7697685E-05
  7.2753929E-07 -1.7999961E+01  3.8586635E-05
  7.4445435E-07 -1.7999961E+01  3.9483762E-05
  7.6152504E-07 -1.7999960E+01  4.0389143E-05
  7.7875276E-07 -1.7999959E+01  4.1302853E-05
  7.9613898E-07 -1.7999958E+01  4.2224969E-05
  8.1368515E-07 -1.7999957E+01  4.3155569E-05
  8.3139273E-07 -1.7999956E+01  4.4094729E-05
  8.4926323E-07 -1.7999955E+01  4.5042530E-05
  8.6729812E-07 -1.7999954E+01  4.5999050E-05
  8.8549893E-07 -1.7999953E+01  4.6964369E-05
  9.0386718E-07 -1.7999952E+01  4.7938570E-05
  9.2240442E-07 -1.7999951E+01  4.8921733E-05
  9.4111219E-07 -1.7999950E+01  4.9913940E-05
  9.5999207E-07 -1.7999949E+01  5.0915276E-05
  9.7904564E-07 -1.7999948E+01  5.1925823E-05
  9.9827450E-07 -1.7999947E+01  5.2945668E-05
  1.0176803E-06 -1.7999946E+01  5.3974894E-05
  1.0372645E-06 -1.7999945E+01  5.5013590E-05
  1.0570290E-06 -1.7999944E+01  5.6061841E-05
  1.0769753E-06 -1.7999943E+01  5.7119735E-05
  1.0971051E-06 -1.7999942E+01  5.8187362E-05
  1.1174200E-06 -1.7999941E+01  5.9264811E-05
  1.1379219E-06 -1.7999940E+01  6.0352172E-05
  1.1586124E-06 -1.7999939E+01  6.1449536E-05
  1.1794932E-06 -1.7999937E+01  6.2556996E-05
  1.2005661E-06 -1.7999936E+01  6.3674645E-05
  1.2218329E-06 -1.7999935E+01  6.4802575E-05
  1.2432953E-06 -1.7999934E+01  6.5940882E-05
  1.2649552E-06 -1.7999933E+01  6.7089661E-05
  1.2868143E-06 -1.7999932E+01  6.8249008E-05
  1.3088746E-06 -1.7999931E+01  6.9419021E-05
  1.3311378E-06 -1.7999929E+01  7.0599798E-05
  1.3536058E-06 -1.7999928E+01  7.1791438E-05
  1.3762805E-06 -1.7999927E+01  7.2994040E-05
  1.3991638E-06 -1.7999926E+01  7.4207706E-05
  1.4222576E-06 -1.7999925E+01  7.5432538E-05
  1.4455639E-06 -1.7999923E+01  7.6668637E-05
  1.4690846E-06 -1.7999922E+01  7.7916109E-05
  1.4928217E-06 -1.7999921E+01  7.9175057E-05
  1.5167771E-06 -1.7999920E+01  8.0445586E-05
  1.5409529E-06 -1.7999918E+01  8.1727804E-05
  1.5653512E-06 -1.7999917E+01  8.3021819E-05
  1.5899739E-06 -1.7999916E+01  8.4327738E-05
  1.6148231E-06 -1.7999914E+01  8.5645670E-05
  1.6399010E-06 -1.7999913E+01  8.6975728E-05
  1.6652095E-06 -1.7999912E+01  8.8318022E-05
  1.6907509E-06 -1.7999910E+01  8.9672664E-05
  1.7165272E-06 -1.7999909E+01  9.1039769E-05
  1.7425407E-06 -1.7999908E+01  9.2419451E-05
  1.7687935E-06 -1.7999906E+01  9.3811825E-05
  1.7952878E-06 -1.7999905E+01  9.5217009E-05
  1.8220259E-06 -1.7999903E+01  9.6635120E-05
  1.8490099E-06 -1.7999902E+01  9.8066277E-05
  1.8762422E-06 -1.7999900E+01  9.9510601E-05
  1.9037250E-06 -1.7999899E+01  1.0096821E-04
  1.9314606E-06 -1.7999898E+01  1.0243923E-04
  1.9594514E-06 -1.7999896E+01  1.0392379E-04
  1.9876998E-06 -1.7999895E+01  1.0542200E-04
  2.0162080E-06 -1.7999893E+01  1.0693399E-04
  2.0449784E-06 -1.7999892E+01  1.0845990E-04
  2.0740136E-06 -1.7999890E+01  1.0999984E-04
  2.1033158E-06 -1.7999888E+01  1.1155395E-04
  2.1328876E-06 -1.7999887E+01  1.1312235E-04
  2.1627315E-06 -1.7999885E+01  1.1470519E-04
  2.1928499E-06 -1.7999884E+01  1.1630259E-04
  2.2232455E-06 -1.7999882E+01  1.1791468E-04
  2.2539206E-06 -1.7999880E+01  1.1954160E-04
  2.2848780E-06 -1.7999879E+01  1.2118349E-04
  2.3161201E-06 -1.7999877E+01  1.2284049E-04
  2.3476497E-06 -1.7999875E+01  1.2451273E-04
  2.3794693E-06 -1.7999874E+01  1.2620035E-04
  2.4115817E-06 -1.7999872E+01  1.2790350E-04
  2.4439895E-06 -1.7999870E+01  1.2962232E-04
  2.4766954E-06 -1.7999869E+01  1.3135695E-04
  2.5097022E-06 -1.7999867E+01  1.3310754E-04
  2.5430127E-06 -1.7999865E+01  1.3487423E-04
  2.5766296E-06 -1.7999863E+01  1.3665718E-04
  2.6105558E-06 -1.7999862E+01  1.3845653E-04
  2.6447941E-06 -1.7999860E+01  1.4027243E-04
  2.6793473E-06 -1.7999858E+01  1.4210504E-04
  2.7142185E-06 -1.7999856E+01  1.4395450E-04
  2.7494104E-06 -1.7999854E+01  1.4582099E-04
  2.7849262E-06 -1.7999852E+01  1.4770464E-04
  2.8207686E-06 -1.7999850E+01  1.4960562E-04
  2.8569408E-06 -1.7999848E+01  1.5152409E-04
  2.8934458E-06 -1.7999847E+01  1.5346021E-04
  2.9302866E-06 -1.7999845E+01  1.5541415E-04
  2.9674663E-06 -1.7999843E+01  1.5738605E-04
  3.0049881E-06 -1.7999841E+01  1.5937610E-04
  3.0428550E-06 -1.7999839E+01  1.6138446E-04
  3.0810703E-06 -1.7999837E+01  1.6341129E-04
  3.1196372E-06 -1.7999835E+01  1.6545677E-04
  3.1585589E-06 -1.7999832E+01  1.6752107E-04
  3.1978387E-06 -1.7999830E+01  1.6960436E-04
  3.2374798E-06 -1.7999828E+01  1.7170681E-04
  3.2774857E-06 -1.7999826E+01  1.7382861E-04
  3.3178595E-06 -1.7999824E+01  1.7596992E-04
  3.3586048E-06 -1.7999822E+01  1.7813094E-04
  3.3997249E-06 -1.7999820E+01  1.8031184E-04
  3.4412234E-06 -1.7999817E+01  1.8251280E-04
  3.4831036E-06 -1.7999815E+01  1.8473400E-04
  3.5253691E-06 -1.7999813E+01  1.8697565E-04
  3.5680234E-06 -1.7999811E+01  1.8923791E-04
  3.6110701E-06 -1.7999808E+01  1.9152099E-04
  3.6545128E-06 -1.7999806E+01  1.9382507E-04
  3.6983553E-06 -1.7999804E+01  1.9615035E-04
  3.7426010E-06 -1.7999802E+01  1.9849702E-04
  3.7872538E-06 -1.7999799E+01  2.0086527E-04
  3.8323174E-06 -1.7999797E+01  2.0325532E-04
  3.8777955E-06 -1.7999794E+01  2.0566735E-04
  3.9236921E-06 -1.7999792E+01  2.0810158E-04
  3.9700108E-06 -1.7999789E+01  2.1055819E-04
  4.0167557E-06 -1.7999787E+01  2.1303741E-04
  4.0639307E-06 -1.7999784E+01  2.1553944E-04
  4.1115396E-06 -1.7999782E+01  2.1806448E-04
  4.1595865E-06 -1.7999779E+01  2.2061276E-04
  4.2080755E-06 -1.7999777E+01  2.2318447E-04
  4.2570105E-06 -1.7999774E+01  2.2577985E-04
  4.3063957E-06 -1.7999772E+01  2.2839910E-04
  4.3562353E-06 -1.7999769E+01  2.3104245E-04
  4.4065333E-06 -1.7999766E+01  2.3371012E-04
  4.4572941E-06 -1.7999764E+01  2.3640233E-04
  4.5085219E-06 -1.7999761E+01  2.3911930E-04
  4.5602209E-06 -1.7999758E+01  2.4186127E-04
  4.6123956E-06 -1.7999755E+01  2.4462847E-04
  4.6650502E-06 -1.7999753E+01  2.4742113E-04
  4.7181893E-06 -1.7999750E+01  2.5023947E-04
  4.7718172E-06 -1.7999747E+01  2.5308375E-04
  4.8259385E-06 -1.7999744E+01  2.5595419E-04
  4.8805577E-06 -1.7999741E+01  2.5885104E-04
  4.9356794E-06 -1.7999738E+01  2.6177453E-04
  4.9913082E-06 -1.7999735E+01  2.6472493E-04
  5.0474487E-06 -1.7999732E+01  2.6770246E-04
  5.1041058E-06 -1.7999729E+01  2.7070739E-04
  5.1612840E-06 -1.7999726E+01  2.7373997E-04
  5.2189883E-06 -1.7999723E+01  2.7680044E-04
  5.2772234E-06 -1.7999720E+01  2.7988907E-04
  5.3359943E-06 -1.7999717E+01  2.8300611E-04
  5.3953059E-06 -1.7999714E+01  2.8615183E-04
  5.4551631E-06 -1.7999711E+01  2.8932649E-04
  5.5155710E-06 -1.7999707E+01  2.9253035E-04
  5.5765346E-06 -1.7999704E+01  2.9576369E-04
  5.6380591E-06 -1.7999701E+01  2.9902677E-04
  5.7001495E-06 -1.7999698E+01  3.0231988E-04
  5.7628112E-06 -1.7999694E+01  3.0564328E-04
  5.8260494E-06 -1.7999691E+01  3.0899725E-04
  5.8898693E-06 -1.7999688E+01  3.1238208E-04
  5.9542764E-06 -1.7999684E+01  3.1579805E-04
  6.0192760E-06 -1.7999681E+01  3.1924544E-04
  6.0848735E-06 -1.7999677E+01  3.2272455E-04
  6.1510746E-06 -1.7999674E+01  3.2623567E-04
  6.2178846E-06 -1.7999670E+01  3.2977909E-04
  6.2853093E-06 -1.7999667E+01  3.3335511E-04
  6.3533543E-06 -1.7999663E+01  3.3696402E-04
  6.4220253E-06 -1.7999659E+01  3.4060614E-04
  6.4913281E-06 -1.7999656E+01  3.4428176E-04
  6.5612684E-06 -1.7999652E+01  3.4799120E-04
  6.6318521E-06 -1.7999648E+01  3.5173476E-04
  6.7030852E-06 -1.7999644E+01  3.5551276E-04
  6.7749736E-06 -1.7999641E+01  3.5932552E-04
  6.8475234E-06 -1.7999637E+01  3.6317336E-04
  6.9207406E-06 -1.7999633E+01  3.6705659E-04
  6.9946314E-06 -1.7999629E+01  3.7097555E-04
  7.0692020E-06 -1.7999625E+01  3.7493056E-04
  7.1444585E-06 -1.7999621E+01  3.7892196E-04
  7.2204075E-06 -1.7999617E+01  3.8295008E-04
  7.2970551E-06 -1.7999613E+01  3.8701525E-04
  7.3744079E-06 -1.7999609E+01  3.9111782E-04
  7.4524723E-06 -1.7999605E+01  3.9525814E-04
  7.5312548E-06 -1.7999601E+01  3.9943655E-04
  7.6107622E-06 -1.7999596E+01  4.0365339E-04
  7.6910010E-06 -1.7999592E+01  4.0790903E-04
  7.7719779E-06 -1.7999588E+01  4.1220382E-04
  7.8536999E-06 -1.7999583E+01  4.1653812E-04
  7.9361736E-06 -1.7999579E+01  4.2091230E-04
  8.0194061E-06 -1.7999575E+01  4.2532671E-04
  8.1034043E-06 -1.7999570E+01  4.2978174E-04
  8.1881753E-06 -1.7999566E+01  4.3427775E-04
  8.2737261E-06 -1.7999561E+01  4.3881513E-04
  8.3600640E-06 -1.7999557E+01  4.4339425E-04
  8.4471961E-06 -1.7999552E+01  4.4801549E-04
  8.5351299E-06 -1.7999547E+01  4.5267925E-04
  8.6238726E-06 -1.7999543E+01  4.5738591E-04
  8.7134317E-06 -1.7999538E+01  4.6213588E-04
  8.8038147E-06 -1.7999533E+01  4.6692954E-04
  8.8950293E-06 -1.7999528E+01  4.7176730E-04
  8.9870830E-06 -1.7999523E+01  4.7664957E-04
  9.0799835E-06 -1.7999518E+01  4.8157675E-04
  9.1737387E-06 -1.7999513E+01  4.8654927E-04
  9.2683565E-06 -1.7999508E+01  4.9156752E-04
  9.3638447E-06 -1.7999503E+01  4.9663195E-04
  9.4602113E-06 -1.7999498E+01  5.0174296E-04
  9.5574645E-06 -1.7999493E+01  5.0690100E-04
  9.6556124E-06 -1.7999488E+01  5.1210649E-04
  9.7546633E-06 -1.7999483E+01  5.1735987E-04
  9.8546254E-06 -1.7999477E+01  5.2266157E-04
  9.9555071E-06 -1.7999472E+01  5.2801205E-04
  1.0057317E-05 -1.7999467E+01  5.3341176E-04
  1.0160063E-05 -1.7999461E+01  5.3886114E-04
  1.0263755E-05 -1.7999456E+01  5.4436065E-04
  1.0368400E-05 -1.7999450E+01  5.4991076E-04
  1.0474009E-05 -1.7999444E+01  5.5551192E-04
  1.0580589E-05 -1.7999439E+01  5.6116462E-04
  1.0688149E-05 -1.7999433E+01  5.6686932E-04
  1.0796699E-05 -1.7999427E+01  5.7262650E-04
  1.0906247E-05 -1.7999422E+01  5.7843664E-04
  1.1016804E-05 -1.7999416E+01  5.8430024E-04
  1.1128377E-05 -1.7999410E+01  5.9021778E-04
  1.1240977E-05 -1.7999404E+01  5.9618976E-04
  1.1354613E-05 -1.7999398E+01  6.0221668E-04
  1.1469294E-05 -1.7999392E+01  6.0829905E-04
  1.1585030E-05 -1.7999386E+01  6.1443737E-04
  1.1701831E-05 -1.7999379E+01  6.2063216E-04
  1.1819707E-05 -1.7999373E+01  6.2688394E-04
  1.1938666E-05 -1.7999367E+01  6.3319324E-04
  1.2058721E-05 -1.7999360E+01  6.3956058E-04
  1.2179880E-05 -1.7999354E+01  6.4598650E-04
  1.2302153E-05 -1.7999348E+01  6.5247154E-04
  1.2425551E-05 -1.7999341E+01  6.5901624E-04
  1.2550085E-05 -1.7999334E+01  6.6562114E-04
  1.2675764E-05 -1.7999328E+01  6.7228681E-04
  1.2802599E-05 -1.7999321E+01  6.7901380E-04
  1.2930601E-05 -1.7999314E+01  6.8580268E-04
  1.3059781E-05 -1.7999307E+01  6.9265401E-04
  1.3190150E-05 -1.7999300E+01  6.9956838E-04
  1.3321717E-05 -1.7999293E+01  7.0654635E-04
  1.3454495E-05 -1.7999286E+01  7.1358852E-04
  1.3588495E-05 -1.7999279E+01  7.2069548E-04
  1.3723727E-05 -1.7999272E+01  7.2786782E-04
  1.3860203E-05 -1.7999265E+01  7.3510614E-04
  1.3997935E-05 -1.7999258E+01  7.4241105E-04
  1.4136934E-05 -1.7999250E+01  7.4978316E-04
  1.4277212E-05 -1.7999243E+01  7.5722310E-04
  1.4418780E-05 -1.7999235E+01  7.6473148E-04
  1.4561651E-05 -1.7999228E+01  7.7230894E-04
  1.4705836E-05 -1.7999220E+01  7.7995610E-04
  1.4851347E-05 -1.7999212E+01  7.8767362E-04
  1.4998197E-05 -1.7999205E+01  7.9546214E-04
  1.5146398E-05 -1.7999197E+01  8.0332231E-04
  1.5295963E-05 -1.7999189E+01  8.1125479E-04
  1.5446903E-05 -1.7999181E+01  8.1926025E-04
  1.5599233E-05 -1.7999173E+01  8.2733936E-04
  1.5752963E-05 -1.7999165E+01  8.3549279E-04
  1.5908108E-05 -1.7999156E+01  8.4372123E-04
  1.6064680E-05 -1.7999148E+01  8.5202537E-04
  1.6222692E-05 -1.7999140E+01  8.6040590E-04
  1.6382158E-05 -1.7999131E+01  8.6886354E-04
  1.6543092E-05 -1.7999123E+01  8.7739898E-04
  1.6705505E-05 -1.7999114E+01  8.8601295E-04
  1.6869413E-05 -1.7999105E+01  8.9470616E-04
  1.7034829E-05 -1.7999097E+01  9.0347935E-04
  1.7201767E-05 -1.7999088E+01  9.1233324E-04
  1.7370240E-05 -1.7999079E+01  9.2126860E-04
  1.7540263E-05 -1.7999070E+01  9.3028615E-04
  1.7711851E-05 -1.7999061E+01  9.3938666E-04
  1.7885017E-05 -1.7999051E+01  9.4857090E-04
  1.8059776E-05 -1.7999042E+01  9.5783963E-04
  1.8236142E-05 -1.7999033E+01  9.6719362E-04
  1.8414132E-05 -1.7999023E+01  9.7663367E-04
  1.8593758E-05 -1.7999014E+01  9.8616057E-04
  1.8775038E-05 -1.7999004E+01  9.9577511E-04
  1.8957985E-05 -1.7998995E+01  1.0054781E-03
  1.9142615E-05 -1.7998985E+01  1.0152704E-03
  1.9328943E-05 -1.7998975E+01  1.0251527E-03
  1.9516986E-05 -1.7998965E+01  1.0351260E-03
  1.9706759E-05 -1.7998955E+01  1.0451910E-03
  1.9898277E-05 -1.7998945E+01  1.0553486E-03
  2.0091558E-05 -1.7998934E+01  1.0655996E-03
  2.0286617E-05 -1.7998924E+01  1.0759450E-03
  2.0483470E-05 -1.7998914E+01  1.0863855E-03
  2.0682134E-05 -1.7998903E+01  1.0969221E-03
  2.0882626E-05 -1.7998892E+01  1.1075556E-03
  2.1084962E-05 -1.7998882E+01  1.1182870E-03
  2.1289159E-05 -1.7998871E+01  1.1291170E-03
  2.1495236E-05 -1.7998860E+01  1.1400467E-03
  2.1703208E-05 -1.7998849E+01  1.1510770E-03
  2.1913093E-05 -1.7998838E+01  1.1622087E-03
  2.2124909E-05 -1.7998827E+01  1.1734429E-03
  2.2338674E-05 -1.7998815E+01  1.1847803E-03
  2.2554406E-05 -1.7998804E+01  1.1962221E-03
  2.2772122E-05 -1.7998792E+01  1.2077692E-03
  2.2991841E-05 -1.7998781E+01  1.2194225E-03
  2.3213581E-05 -1.7998769E+01  1.2311829E-03
  2.3437361E-05 -1.7998757E+01  1.2430516E-03
  2.3663201E-05 -1.7998745E+01  1.2550295E-03
  2.3891117E-05 -1.7998733E+01  1.2671175E-03
  2.4121131E-05 -1.7998721E+01  1.2793168E-03
  2.4353260E-05 -1.7998708E+01  1.2916283E-03
  2.4587525E-05 -1.7998696E+01  1.3040531E-03
  2.4823946E-05 -1.7998683E+01  1.3165921E-03
  2.5062541E-05 -1.7998671E+01  1.3292466E-03
  2.5303331E-05 -1.7998658E+01  1.3420174E-03
  2.5546337E-05 -1.7998645E+01  1.3549057E-03
  2.5791578E-05 -1.7998632E+01  1.3679126E-03
  2.6039075E-05 -1.7998619E+01  1.3810392E-03
  2.6288849E-05 -1.7998606E+01  1.3942865E-03
  2.6540921E-05 -1.7998592E+01  1.4076557E-03
  2.6795312E-05 -1.7998579E+01  1.4211478E-03
  2.7052043E-05 -1.7998565E+01  1.4347641E-03
  2.7311136E-05 -1.7998551E+01  1.4485057E-03
  2.7572613E-05 -1.7998538E+01  1.4623737E-03
  2.7836495E-05 -1.7998524E+01  1.4763693E-03
  2.8102805E-05 -1.7998510E+01  1.4904936E-03
  2.8371565E-05 -1.7998495E+01  1.5047479E-03
  2.8642797E-05 -1.7998481E+01  1.5191333E-03
  2.8916525E-05 -1.7998466E+01  1.5336510E-03
  2.9192771E-05 -1.7998452E+01  1.5483023E-03
  2.9471558E-05 -1.7998437E+01  1.5630884E-03
  2.9752910E-05 -1.7998422E+01  1.5780105E-03
  3.0036850E-05 -1.7998407E+01  1.5930699E-03
  3.0323403E-05 -1.7998392E+01  1.6082678E-03
  3.0612592E-05 -1.7998376E+01  1.6236056E-03
  3.0904441E-05 -1.7998361E+01  1.6390844E-03
  3.1198975E-05 -1.7998345E+01  1.6547057E-03
  3.1496219E-05 -1.7998330E+01  1.6704707E-03
  3.1796197E-05 -1.7998314E+01  1.6863807E-03
  3.2098935E-05 -1.7998298E+01  1.7024370E-03
  3.2404458E-05 -1.7998281E+01  1.7186411E-03
  3.2712792E-05 -1.7998265E+01  1.7349943E-03
  3.3023962E-05 -1.7998249E+01  1.7514979E-03
  3.3337995E-05 -1.7998232E+01  1.7681533E-03
  3.3654918E-05 -1.7998215E+01  1.7849620E-03
  3.3974755E-05 -1.7998198E+01  1.8019253E-03
  3.4297535E-05 -1.7998181E+01  1.8190446E-03
  3.4623285E-05 -1.7998164E+01  1.8363214E-03
  3.4952031E-05 -1.7998146E+01  1.8537572E-03
  3.5283802E-05 -1.7998129E+01  1.8713534E-03
  3.5618625E-05 -1.7998111E+01  1.8891115E-03
  3.5956529E-05 -1.7998093E+01  1.9070329E-03
  3.6297540E-05 -1.7998075E+01  1.9251192E-03
  3.6641690E-05 -1.7998057E+01  1.9433719E-03
  3.6989005E-05 -1.7998038E+01  1.9617925E-03
  3.7339515E-05 -1.7998020E+01  1.9803826E-03
  3.7693250E-05 -1.7998001E+01  1.9991437E-03
  3.8050239E-05 -1.7997982E+01  2.0180774E-03
  3.8410513E-05 -1.7997963E+01  2.0371853E-03
  3.8774101E-05 -1.7997944E+01  2.0564690E-03
  3.9141033E-05 -1.7997924E+01  2.0759301E-03
  3.9511342E-05 -1.7997904E+01  2.0955702E-03
  3.9885057E-05 -1.7997885E+01  2.1153910E-03
  4.0262210E-05 -1.7997865E+01  2.1353941E-03
  4.0642833E-05 -1.7997844E+01  2.1555813E-03
  4.1026958E-05 -1.7997824E+01  2.1759542E-03
  4.1414616E-05 -1.7997803E+01  2.1965145E-03
  4.1805841E-05 -1.7997783E+01  2.2172639E-03
  4.2200665E-05 -1.7997762E+01  2.2382043E-03
  4.2599121E-05 -1.7997741E+01  2.2593373E-03
  4.3001243E-05 -1.7997719E+01  2.2806647E-03
  4.3407064E-05 -1.7997698E+01  2.3021883E-03
  4.3816619E-05 -1.7997676E+01  2.3239099E-03
  4.4229942E-05 -1.7997654E+01  2.3458314E-03
  4.4647067E-05 -1.7997632E+01  2.3679545E-03
  4.5068029E-05 -1.7997610E+01  2.3902812E-03
  4.5492864E-05 -1.7997587E+01  2.4128132E-03
  4.5921608E-05 -1.7997564E+01  2.4355526E-03
  4.6354296E-05 -1.7997541E+01  2.4585011E-03
  4.6790964E-05 -1.7997518E+01  2.4816608E-03
  4.7231650E-05 -1.7997495E+01  2.5050335E-03
  4.7676390E-05 -1.7997471E+01  2.5286212E-03
  4.8125221E-05 -1.7997448E+01  2.5524260E-03
  4.8578181E-05 -1.7997424E+01  2.5764497E-03
  4.9035309E-05 -1.7997399E+01  2.6006945E-03
  4.9496642E-05 -1.7997375E+01  2.6251623E-03
  4.9962219E-05 -1.7997350E+01  2.6498552E-03
  5.0432079E-05 -1.7997325E+01  2.6747752E-03
  5.0906262E-05 -1.7997300E+01  2.6999245E-03
  5.1384808E-05 -1.7997275E+01  2.7253052E-03
  5.1867755E-05 -1.7997249E+01  2.7509194E-03
  5.2355146E-05 -1.7997223E+01  2.7767692E-03
  5.2847021E-05 -1.7997197E+01  2.8028569E-03
  5.3343420E-05 -1.7997171E+01  2.8291845E-03
  5.3844387E-05 -1.7997144E+01  2.8557543E-03
  5.4349962E-05 -1.7997117E+01  2.8825686E-03
  5.4860188E-05 -1.7997090E+01  2.9096296E-03
  5.5375108E-05 -1.7997063E+01  2.9369395E-03
  5.5894766E-05 -1.7997035E+01  2.9645006E-03
  5.6419204E-05 -1.7997008E+01  2.9923153E-03
  5.6948467E-05 -1.7996980E+01  3.0203859E-03
  5.7482599E-05 -1.7996951E+01  3.0487148E-03
  5.8021644E-05 -1.7996923E+01  3.0773042E-03
  5.8565649E-05 -1.7996894E+01  3.1061567E-03
  5.9114659E-05 -1.7996865E+01  3.1352746E-03
  5.9668719E-05 -1.7996835E+01  3.1646604E-03
  6.0227876E-05 -1.7996806E+01  3.1943165E-03
  6.0792178E-05 -1.7996776E+01  3.2242455E-03
  6.1361671E-05 -1.7996746E+01  3.2544498E-03
  6.1936403E-05 -1.7996715E+01  3.2849319E-03
  6.2516422E-05 -1.7996684E+01  3.3156945E-03
  6.3101778E-05 -1.7996653E+01  3.3467401E-03
  6.3692518E-05 -1.7996622E+01  3.3780713E-03
  6.4288693E-05 -1.7996590E+01  3.4096907E-03
  6.4890353E-05 -1.7996558E+01  3.4416011E-03
  6.5497548E-05 -1.7996526E+01  3.4738050E-03
  6.6110329E-05 -1.7996494E+01  3.5063051E-03
  6.6728748E-05 -1.7996461E+01  3.5391043E-03
  6.7352855E-05 -1.7996428E+01  3.5722052E-03
  6.7982705E-05 -1.7996394E+01  3.6056106E-03
  6.8618348E-05 -1.7996361E+01  3.6393233E-03
  6.9259840E-05 -1.7996327E+01  3.6733462E-03
  6.9907233E-05 -1.7996292E+01  3.7076821E-03
  7.0560582E-05 -1.7996258E+01  3.7423339E-03
  7.1219941E-05 -1.7996223E+01  3.7773044E-03
  7.1885367E-05 -1.7996187E+01  3.8125967E-03
  7.2556914E-05 -1.7996152E+01  3.8482136E-03
  7.3234639E-05 -1.7996116E+01  3.8841583E-03
  7.3918599E-05 -1.7996080E+01  3.9204336E-03
  7.4608851E-05 -1.7996043E+01  3.9570426E-03
  7.5305454E-05 -1.7996006E+01  3.9939884E-03
  7.6008465E-05 -1.7995969E+01  4.0312741E-03
  7.6717943E-05 -1.7995931E+01  4.0689028E-03
  7.7433949E-05 -1.7995893E+01  4.1068777E-03
  7.8156541E-05 -1.7995855E+01  4.1452019E-03
  7.8885782E-05 -1.7995816E+01  4.1838788E-03
  7.9621730E-05 -1.7995777E+01  4.2229114E-03
  8.0364450E-05 -1.7995738E+01  4.2623031E-03
  8.1114002E-05 -1.7995698E+01  4.3020572E-03
  8.1870450E-05 -1.7995658E+01  4.3421771E-03
  8.2633857E-05 -1.7995617E+01  4.3826660E-03
  8.3404288E-05 -1.7995576E+01  4.4235274E-03
  8.4181806E-05 -1.7995535E+01  4.4647648E-03
  8.4966477E-05 -1.7995494E+01  4.5063815E-03
  8.5758366E-05 -1.7995452E+01  4.5483810E-03
  8.6557541E-05 -1.7995409E+01  4.5907670E-03
  8.7364068E-05 -1.7995366E+01  4.6335429E-03
  8.8178015E-05 -1.7995323E+01  4.6767123E-03
  8.8999450E-05 -1.7995280E+01  4.7202789E-03
  8.9828442E-05 -1.7995236E+01  4.7642462E-03
  9.0665060E-05 -1.7995191E+01  4.8086181E-03
  9.1509375E-05 -1.7995147E+01  4.8533981E-03
  9.2361458E-05 -1.7995101E+01  4.8985901E-03
  9.3221379E-05 -1.7995056E+01  4.9441979E-03
  9.4089212E-05 -1.7995010E+01  4.9902252E-03
  9.4965028E-05 -1.7994963E+01  5.0366760E-03
  9.5848902E-05 -1.7994916E+01  5.0835541E-03
  9.6740907E-05 -1.7994869E+01  5.1308635E-03
  9.7641118E-05 -1.7994821E+01  5.1786081E-03
  9.8549611E-05 -1.7994773E+01  5.2267920E-03
  9.9466461E-05 -1.7994725E+01  5.2754191E-03
  1.0039175E-04 -1.7994676E+01  5.3244936E-03
  1.0132554E-04 -1.7994626E+01  5.3740196E-03
  1.0226793E-04 -1.7994576E+01  5.4240011E-03
  1.0321899E-04 -1.7994526E+01  5.4744425E-03
  1.0417880E-04 -1.7994475E+01  5.5253480E-03
  1.0514744E-04 -1.7994423E+01  5.5767217E-03
  1.0612499E-04 -1.7994371E+01  5.6285681E-03
  1.0711153E-04 -1.7994319E+01  5.6808915E-03
  1.0810715E-04 -1.7994266E+01  5.7336962E-03
  1.0911192E-04 -1.7994213E+01  5.7869867E-03
  1.1012594E-04 -1.7994159E+01  5.8407674E-03
  1.1114929E-04 -1.7994105E+01  5.8950429E-03
  1.1218206E-04 -1.7994050E+01  5.9498178E-03
  1.1322432E-04 -1.7993995E+01  6.0050965E-03
  1.1427618E-04 -1.7993939E+01  6.0608838E-03
  1.1533771E-04 -1.7993883E+01  6.1171843E-03
  1.1640900E-04 -1.7993826E+01  6.1740028E-03
  1.1749016E-04 -1.7993769E+01  6.2313440E-03
  1.1858126E-04 -1.7993711E+01  6.2892127E-03
  1.1968239E-04 -1.7993652E+01  6.3476138E-03
  1.2079366E-04 -1.7993593E+01  6.4065521E-03
  1.2191515E-04 -1.7993534E+01  6.4660327E-03
  1.2304695E-04 -1.7993474E+01  6.5260604E-03
  1.2418917E-04 -1.7993413E+01  6.5866404E-03
  1.2534190E-04 -1.7993352E+01  6.6477778E-03
  1.2650523E-04 -1.7993291E+01  6.7094775E-03
  1.2767927E-04 -1.7993228E+01  6.7717449E-03
  1.2886410E-04 -1.7993165E+01  6.8345851E-03
  1.3005984E-04 -1.7993102E+01  6.8980035E-03
  1.3126658E-04 -1.7993038E+01  6.9620052E-03
  1.3248441E-04 -1.7992973E+01  7.0265958E-03
  1.3371345E-04 -1.7992908E+01  7.0917806E-03
  1.3495380E-04 -1.7992842E+01  7.1575650E-03
  1.3620556E-04 -1.7992776E+01  7.2239546E-03
  1.3746884E-04 -1.7992709E+01  7.2909551E-03
  1.3874373E-04 -1.7992641E+01  7.3585719E-03
  1.4003036E-04 -1.7992573E+01  7.4268107E-03
  1.4132882E-04 -1.7992504E+01  7.4956773E-03
  1.4263923E-04 -1.7992435E+01  7.5651775E-03
  1.4396169E-04 -1.7992365E+01  7.6353170E-03
  1.4529632E-04 -1.7992294E+01  7.7061019E-03
  1.4664323E-04 -1.7992222E+01  7.7775379E-03
  1.4800253E-04 -1.7992150E+01  7.8496311E-03
  1.4937433E-04 -1.7992078E+01  7.9223875E-03
  1.5075875E-04 -1.7992004E+01  7.9958133E-03
  1.5215591E-04 -1.7991930E+01  8.0699145E-03
  1.5356593E-04 -1.7991855E+01  8.1446975E-03
  1.5498891E-04 -1.7991780E+01  8.2201684E-03
  1.5642499E-04 -1.7991704E+01  8.2963337E-03
  1.5787428E-04 -1.7991627E+01  8.3731997E-03
  1.5933690E-04 -1.7991549E+01  8.4507727E-03
  1.6081297E-04 -1.7991471E+01  8.5290595E-03
  1.6230263E-04 -1.7991392E+01  8.6080664E-03
  1.6380599E-04 -1.7991312E+01  8.6878002E-03
  1.6532318E-04 -1.7991232E+01  8.7682675E-03
  1.6685433E-04 -1.7991151E+01  8.8494751E-03
  1.6839957E-04 -1.7991069E+01  8.9314298E-03
  1.6995902E-04 -1.7990986E+01  9.0141384E-03
  1.7153281E-04 -1.7990902E+01  9.0976079E-03
  1.7312109E-04 -1.7990818E+01  9.1818453E-03
  1.7472398E-04 -1.7990733E+01  9.2668577E-03
  1.7634161E-04 -1.7990647E+01  9.3526522E-03
  1.7797413E-04 -1.7990561E+01  9.4392359E-03
  1.7962166E-04 -1.7990473E+01  9.5266161E-03
  1.8128435E-04 -1.7990385E+01  9.6148003E-03
  1.8296234E-04 -1.7990296E+01  9.7037957E-03
  1.8465576E-04 -1.7990206E+01  9.7936098E-03
  1.8636477E-04 -1.7990116E+01  9.8842502E-03
  1.8808949E-04 -1.7990024E+01  9.9757244E-03
  1.8983008E-04 -1.7989932E+01  1.0068040E-02
  1.9158669E-04 -1.7989839E+01  1.0161205E-02
  1.9335946E-04 -1.7989745E+01  1.0255227E-02
  1.9514853E-04 -1.7989650E+01  1.0350115E-02
  1.9695406E-04 -1.7989554E+01  1.0445875E-02
  1.9877621E-04 -1.7989457E+01  1.0542516E-02
  2.0061512E-04 -1.7989360E+01  1.0640046E-02
  2.0247094E-04 -1.7989262E+01  1.0738473E-02
  2.0434384E-04 -1.7989162E+01  1.0837806E-02
  2.0623397E-04 -1.7989062E+01  1.0938052E-02
  2.0814148E-04 -1.7988961E+01  1.1039221E-02
  2.1006655E-04 -1.7988859E+01  1.1141321E-02
  2.1200932E-04 -1.7988756E+01  1.1244360E-02
  2.1396997E-04 -1.7988652E+01  1.1348346E-02
  2.1594866E-04 -1.7988547E+01  1.1453290E-02
  2.1794555E-04 -1.7988441E+01  1.1559199E-02
  2.1996081E-04 -1.7988334E+01  1.1666082E-02
  2.2199461E-04 -1.7988226E+01  1.1773948E-02
  2.2404712E-04 -1.7988117E+01  1.1882807E-02
  2.2611851E-04 -1.7988007E+01  1.1992667E-02
  2.2820896E-04 -1.7987896E+01  1.2103538E-02
  2.3031864E-04 -1.7987785E+01  1.2215429E-02
  2.3244773E-04 -1.7987672E+01  1.2328349E-02
  2.3459640E-04 -1.7987558E+01  1.2442308E-02
  2.3676485E-04 -1.7987443E+01  1.2557316E-02
  2.3895324E-04 -1.7987327E+01  1.2673381E-02
  2.4116176E-04 -1.7987209E+01  1.2790514E-02
  2.4339060E-04 -1.7987091E+01  1.2908725E-02
  2.4563995E-04 -1.7986972E+01  1.3028023E-02
  2.4790999E-04 -1.7986852E+01  1.3148419E-02
  2.5020092E-04 -1.7986730E+01  1.3269923E-02
  2.5251292E-04 -1.7986607E+01  1.3392544E-02
  2.5484619E-04 -1.7986484E+01  1.3516293E-02
  2.5720092E-04 -1.7986359E+01  1.3641181E-02
  2.5957732E-04 -1.7986233E+01  1.3767217E-02
  2.6197558E-04 -1.7986106E+01  1.3894413E-02
  2.6439591E-04 -1.7985977E+01  1.4022780E-02
  2.6683850E-04 -1.7985848E+01  1.4152327E-02
  2.6930356E-04 -1.7985717E+01  1.4283066E-02
  2.7179130E-04 -1.7985585E+01  1.4415007E-02
  2.7430192E-04 -1.7985452E+01  1.4548163E-02
  2.7683564E-04 -1.7985317E+01  1.4682543E-02
  2.7939268E-04 -1.7985182E+01  1.4818160E-02
  2.8197323E-04 -1.7985045E+01  1.4955024E-02
  2.8457753E-04 -1.7984907E+01  1.5093148E-02
  2.8720578E-04 -1.7984767E+01  1.5232542E-02
  2.8985822E-04 -1.7984627E+01  1.5373218E-02
  2.9253506E-04 -1.7984485E+01  1.5515189E-02
  2.9523652E-04 -1.7984342E+01  1.5658465E-02
  2.9796283E-04 -1.7984197E+01  1.5803060E-02
  3.0071423E-04 -1.7984051E+01  1.5948985E-02
  3.0349094E-04 -1.7983904E+01  1.6096252E-02
  3.0629319E-04 -1.7983755E+01  1.6244874E-02
  3.0912123E-04 -1.7983605E+01  1.6394864E-02
  3.1197528E-04 -1.7983454E+01  1.6546233E-02
  3.1485558E-04 -1.7983301E+01  1.6698995E-02
  3.1776239E-04 -1.7983147E+01  1.6853162E-02
  3.2069593E-04 -1.7982991E+01  1.7008747E-02
  3.2365647E-04 -1.7982834E+01  1.7165764E-02
  3.2664424E-04 -1.7982676E+01  1.7324225E-02
  3.2965950E-04 -1.7982516E+01  1.7484144E-02
  3.3270249E-04 -1.7982354E+01  1.7645534E-02
  3.3577349E-04 -1.7982192E+01  1.7808409E-02
  3.3887273E-04 -1.7982027E+01  1.7972782E-02
  3.4200049E-04 -1.7981861E+01  1.8138668E-02
  3.4515702E-04 -1.7981694E+01  1.8306079E-02
  3.4834259E-04 -1.7981525E+01  1.8475031E-02
  3.5155746E-04 -1.7981354E+01  1.8645536E-02
  3.5480191E-04 -1.7981182E+01  1.8817611E-02
  3.5807621E-04 -1.7981009E+01  1.8991268E-02
  3.6138064E-04 -1.7980833E+01  1.9166523E-02
  3.6471546E-04 -1.7980657E+01  1.9343390E-02
  3.6808096E-04 -1.7980478E+01  1.9521884E-02
  3.7147743E-04 -1.7980298E+01  1.9702020E-02
  3.7490514E-04 -1.7980116E+01  1.9883814E-02
  3.7836438E-04 -1.7979933E+01  2.0067280E-02
  3.8185545E-04 -1.7979748E+01  2.0252433E-02
  3.8537863E-04 -1.7979561E+01  2.0439290E-02
  3.8893423E-04 -1.7979372E+01  2.0627866E-02
  3.9252254E-04 -1.7979182E+01  2.0818177E-02
  3.9614386E-04 -1.7978990E+01  2.1010238E-02
  3.9979849E-04 -1.7978796E+01  2.1204066E-02
  4.0348675E-04 -1.7978600E+01  2.1399678E-02
  4.0720893E-04 -1.7978403E+01  2.1597089E-02
  4.1096536E-04 -1.7978204E+01  2.1796316E-02
  4.1475635E-04 -1.7978003E+01  2.1997375E-02
  4.1858222E-04 -1.7977800E+01  2.2200285E-02
  4.2244328E-04 -1.7977595E+01  2.2405061E-02
  4.2633986E-04 -1.7977388E+01  2.2611720E-02
  4.3027229E-04 -1.7977180E+01  2.2820281E-02
  4.3424090E-04 -1.7976969E+01  2.3030761E-02
  4.3824601E-04 -1.7976757E+01  2.3243177E-02
  4.4228797E-04 -1.7976542E+01  2.3457547E-02
  4.4636712E-04 -1.7976326E+01  2.3673889E-02
  4.5048380E-04 -1.7976108E+01  2.3892221E-02
  4.5463834E-04 -1.7975887E+01  2.4112562E-02
  4.5883111E-04 -1.7975665E+01  2.4334929E-02
  4.6306245E-04 -1.7975441E+01  2.4559342E-02
  4.6733272E-04 -1.7975214E+01  2.4785820E-02
  4.7164227E-04 -1.7974986E+01  2.5014381E-02
  4.7599147E-04 -1.7974755E+01  2.5245045E-02
  4.8038068E-04 -1.7974522E+01  2.5477831E-02
  4.8481027E-04 -1.7974287E+01  2.5712758E-02
  4.8928061E-04 -1.7974050E+01  2.5949846E-02
  4.9379207E-04 -1.7973811E+01  2.6189116E-02
  4.9834504E-04 -1.7973569E+01  2.6430586E-02
  5.0293990E-04 -1.7973326E+01  2.6674278E-02
  5.0757703E-04 -1.7973080E+01  2.6920212E-02
  5.1225682E-04 -1.7972832E+01  2.7168408E-02
  5.1697966E-04 -1.7972581E+01  2.7418887E-02
  5.2174595E-04 -1.7972328E+01  2.7671670E-02
  5.2655609E-04 -1.7972073E+01  2.7926779E-02
  5.3141048E-04 -1.7971816E+01  2.8184235E-02
  5.3630953E-04 -1.7971556E+01  2.8444059E-02
  5.4125364E-04 -1.7971294E+01  2.8706273E-02
  5.4624325E-04 -1.7971029E+01  2.8970899E-02
  5.5127876E-04 -1.7970762E+01  2.9237960E-02
  5.5636059E-04 -1.7970493E+01  2.9507477E-02
  5.6148917E-04 -1.7970221E+01  2.9779474E-02
  5.6666494E-04 -1.7969946E+01  3.0053972E-02
  5.7188832E-04 -1.7969669E+01  3.0330996E-02
  5.7715975E-04 -1.7969389E+01  3.0610568E-02
  5.8247968E-04 -1.7969107E+01  3.0892713E-02
  5.8784855E-04 -1.7968823E+01  3.1177452E-02
  5.9326682E-04 -1.7968535E+01  3.1464811E-02
  5.9873493E-04 -1.7968245E+01  3.1754813E-02
  6.0425334E-04 -1.7967953E+01  3.2047483E-02
  6.0982253E-04 -1.7967657E+01  3.2342846E-02
  6.1544294E-04 -1.7967359E+01  3.2640925E-02
  6.2111507E-04 -1.7967058E+01  3.2941746E-02
  6.2683937E-04 -1.7966755E+01  3.3245335E-02
  6.3261634E-04 -1.7966448E+01  3.3551716E-02
  6.3844646E-04 -1.7966139E+01  3.3860916E-02
  6.4433021E-04 -1.7965827E+01  3.4172960E-02
  6.5026809E-04 -1.7965512E+01  3.4487875E-02
  6.5626059E-04 -1.7965194E+01  3.4805686E-02
  6.6230823E-04 -1.7964874E+01  3.5126421E-02
  6.6841150E-04 -1.7964550E+01  3.5450106E-02
  6.7457092E-04 -1.7964223E+01  3.5776769E-02
  6.8078701E-04 -1.7963894E+01  3.6106437E-02
  6.8706028E-04 -1.7963561E+01  3.6439137E-02
  6.9339126E-04 -1.7963225E+01  3.6774898E-02
  6.9978049E-04 -1.7962886E+01  3.7113747E-02
  7.0622850E-04 -1.7962544E+01  3.7455713E-02
  7.1273582E-04 -1.7962199E+01  3.7800825E-02
  7.1930301E-04 -1.7961851E+01  3.8149112E-02
  7.2593062E-04 -1.7961499E+01  3.8500602E-02
  7.3261920E-04 -1.7961145E+01  3.8855326E-02
  7.3936932E-04 -1.7960787E+01  3.9213312E-02
  7.4618153E-04 -1.7960425E+01  3.9574592E-02
  7.5305641E-04 -1.7960061E+01  3.9939195E-02
  7.5999454E-04 -1.7959693E+01  4.0307151E-02
  7.6699650E-04 -1.7959322E+01  4.0678493E-02
  7.7406287E-04 -1.7958947E+01  4.1053250E-02
  7.8119426E-04 -1.7958569E+01  4.1431454E-02
  7.8839125E-04 -1.7958187E+01  4.1813138E-02
  7.9565445E-04 -1.7957802E+01  4.2198332E-02
  8.0298447E-04 -1.7957413E+01  4.2587069E-02
  8.1038192E-04 -1.7957021E+01  4.2979383E-02
  8.1784743E-04 -1.7956625E+01  4.3375305E-02
  8.2538162E-04 -1.7956225E+01  4.3774868E-02
  8.3298512E-04 -1.7955822E+01  4.4178108E-02
  8.4065857E-04 -1.7955415E+01  4.4585056E-02
  8.4840262E-04 -1.7955004E+01  4.4995747E-02
  8.5621791E-04 -1.7954590E+01  4.5410217E-02
  8.6410509E-04 -1.7954172E+01  4.5828498E-02
  8.7206484E-04 -1.7953749E+01  4.6250627E-02
  8.8009781E-04 -1.7953323E+01  4.6676639E-02
  8.8820469E-04 -1.7952893E+01  4.7106570E-02
  8.9638615E-04 -1.7952460E+01  4.7540455E-02
  9.0464287E-04 -1.7952022E+01  4.7978331E-02
  9.1297555E-04 -1.7951580E+01  4.8420235E-02
  9.2138489E-04 -1.7951134E+01  4.8866203E-02
  9.2987160E-04 -1.7950684E+01  4.9316273E-02
  9.3843638E-04 -1.7950230E+01  4.9770483E-02
  9.4707995E-04 -1.7949771E+01  5.0228872E-02
  9.5580304E-04 -1.7949309E+01  5.0691476E-02
  9.6460638E-04 -1.7948842E+01  5.1158335E-02
  9.7349072E-04 -1.7948371E+01  5.1629488E-02
  9.8245678E-04 -1.7947895E+01  5.2104975E-02
  9.9150533E-04 -1.7947415E+01  5.2584836E-02
  1.0006371E-03 -1.7946931E+01  5.3069110E-02
  1.0098529E-03 -1.7946442E+01  5.3557838E-02
  1.0191535E-03 -1.7945949E+01  5.4051062E-02
  1.0285397E-03 -1.7945451E+01  5.4548822E-02
  1.0380122E-03 -1.7944949E+01  5.5051161E-02
  1.0475718E-03 -1.7944442E+01  5.5558119E-02
  1.0572194E-03 -1.7943930E+01  5.6069741E-02
  1.0669557E-03 -1.7943414E+01  5.6586068E-02
  1.0767816E-03 -1.7942893E+01  5.7107144E-02
  1.0866980E-03 -1.7942367E+01  5.7633013E-02
  1.0967055E-03 -1.7941836E+01  5.8163718E-02
  1.1068051E-03 -1.7941301E+01  5.8699305E-02
  1.1169976E-03 -1.7940760E+01  5.9239817E-02
  1.1272839E-03 -1.7940215E+01  5.9785301E-02
  1.1376648E-03 -1.7939664E+01  6.0335801E-02
  1.1481412E-03 -1.7939109E+01  6.0891365E-02
  1.1587140E-03 -1.7938548E+01  6.1452038E-02
  1.1693841E-03 -1.7937982E+01  6.2017868E-02
  1.1801523E-03 -1.7937411E+01  6.2588902E-02
  1.1910196E-03 -1.7936835E+01  6.3165188E-02
  1.2019869E-03 -1.7936253E+01  6.3746774E-02
  1.2130551E-03 -1.7935666E+01  6.4333709E-02
  1.2242251E-03 -1.7935074E+01  6.4926041E-02
  1.2354978E-03 -1.7934476E+01  6.5523821E-02
  1.2468743E-03 -1.7933873E+01  6.6127099E-02
  1.2583554E-03 -1.7933264E+01  6.6735925E-02
  1.2699421E-03 -1.7932650E+01  6.7350351E-02
  1.2816354E-03 -1.7932030E+01  6.7970427E-02
  1.2934364E-03 -1.7931404E+01  6.8596205E-02
  1.3053458E-03 -1.7930772E+01  6.9227738E-02
  1.3173649E-03 -1.7930135E+01  6.9865080E-02
  1.3294945E-03 -1.7929492E+01  7.0508282E-02
  1.3417357E-03 -1.7928843E+01  7.1157400E-02
  1.3540895E-03 -1.7928188E+01  7.1812487E-02
  1.3665570E-03 -1.7927526E+01  7.2473598E-02
  1.3791391E-03 -1.7926859E+01  7.3140789E-02
  1.3918370E-03 -1.7926186E+01  7.3814116E-02
  1.4046518E-03 -1.7925506E+01  7.4493635E-02
  1.4175844E-03 -1.7924821E+01  7.5179402E-02
  1.4306360E-03 -1.7924129E+01  7.5871475E-02
  1.4438077E-03 -1.7923430E+01  7.6569913E-02
  1.4571005E-03 -1.7922725E+01  7.7274774E-02
  1.4705157E-03 -1.7922014E+01  7.7986116E-02
  1.4840542E-03 -1.7921296E+01  7.8703999E-02
  1.4977173E-03 -1.7920572E+01  7.9428483E-02
  1.5115061E-03 -1.7919840E+01  8.0159630E-02
  1.5254218E-03 -1.7919103E+01  8.0897499E-02
  1.5394654E-03 -1.7918358E+01  8.1642154E-02
  1.5536383E-03 -1.7917606E+01  8.2393656E-02
  1.5679416E-03 -1.7916848E+01  8.3152068E-02
  1.5823764E-03 -1.7916083E+01  8.3917453E-02
  1.5969441E-03 -1.7915310E+01  8.4689876E-02
  1.6116457E-03 -1.7914531E+01  8.5469402E-02
  1.6264826E-03 -1.7913744E+01  8.6256095E-02
  1.6414560E-03 -1.7912950E+01  8.7050021E-02
  1.6565672E-03 -1.7912149E+01  8.7851248E-02
  1.6718174E-03 -1.7911340E+01  8.8659841E-02
  1.6872078E-03 -1.7910524E+01  8.9475868E-02
  1.7027399E-03 -1.7909701E+01  9.0299399E-02
  1.7184149E-03 -1.7908869E+01  9.1130501E-02
  1.7342340E-03 -1.7908031E+01  9.1969244E-02
  1.7501987E-03 -1.7907184E+01  9.2815699E-02
  1.7663103E-03 -1.7906330E+01  9.3669936E-02
  1.7825700E-03 -1.7905468E+01  9.4532027E-02
  1.7989794E-03 -1.7904598E+01  9.5402043E-02
  1.8155397E-03 -1.7903720E+01  9.6280058E-02
  1.8322524E-03 -1.7902834E+01  9.7166145E-02
  1.8491188E-03 -1.7901940E+01  9.8060378E-02
  1.8661404E-03 -1.7901037E+01  9.8962832E-02
  1.8833186E-03 -1.7900126E+01  9.9873582E-02
  1.9006549E-03 -1.7899207E+01  1.0079271E-01
  1.9181506E-03 -1.7898280E+01  1.0172028E-01
  1.9358072E-03 -1.7897344E+01  1.0265638E-01
  1.9536264E-03 -1.7896399E+01  1.0360108E-01
  1.9716094E-03 -1.7895446E+01  1.0455447E-01
  1.9897579E-03 -1.7894483E+01  1.0551662E-01
  2.0080733E-03 -1.7893512E+01  1.0648762E-01
  2.0265572E-03 -1.7892532E+01  1.0746754E-01
  2.0452112E-03 -1.7891544E+01  1.0845647E-01
  2.0640368E-03 -1.7890546E+01  1.0945449E-01
  2.0830356E-03 -1.7889538E+01  1.1046168E-01
  2.1022092E-03 -1.7888522E+01  1.1147813E-01
  2.1215591E-03 -1.7887496E+01  1.1250393E-01
  2.1410871E-03 -1.7886461E+01  1.1353915E-01
  2.1607947E-03 -1.7885416E+01  1.1458388E-01
  2.1806836E-03 -1.7884362E+01  1.1563822E-01
  2.2007555E-03 -1.7883298E+01  1.1670225E-01
  2.2210121E-03 -1.7882224E+01  1.1777606E-01
  2.2414550E-03 -1.7881140E+01  1.1885973E-01
  2.2620860E-03 -1.7880047E+01  1.1995337E-01
  2.2829068E-03 -1.7878943E+01  1.2105706E-01
  2.3039191E-03 -1.7877829E+01  1.2217088E-01
  2.3251247E-03 -1.7876705E+01  1.2329495E-01
  2.3465254E-03 -1.7875571E+01  1.2442934E-01
  2.3681230E-03 -1.7874426E+01  1.2557416E-01
  2.3899193E-03 -1.7873271E+01  1.2672950E-01
  2.4119161E-03 -1.7872105E+01  1.2789545E-01
  2.4341153E-03 -1.7870928E+01  1.2907212E-01
  2.4565187E-03 -1.7869740E+01  1.3025960E-01
  2.4791282E-03 -1.7868542E+01  1.3145799E-01
  2.5019457E-03 -1.7867333E+01  1.3266740E-01
  2.5249731E-03 -1.7866112E+01  1.3388791E-01
  2.5482124E-03 -1.7864880E+01  1.3511964E-01
  2.5716655E-03 -1.7863637E+01  1.3636268E-01
  2.5953343E-03 -1.7862383E+01  1.3761715E-01
  2.6192209E-03 -1.7861117E+01  1.3888314E-01
  2.6433272E-03 -1.7859839E+01  1.4016076E-01
  2.6676553E-03 -1.7858550E+01  1.4145012E-01
  2.6922072E-03 -1.7857249E+01  1.4275132E-01
  2.7169850E-03 -1.7855936E+01  1.4406447E-01
  2.7419907E-03 -1.7854610E+01  1.4538969E-01
  2.7672264E-03 -1.7853273E+01  1.4672708E-01
  2.7926944E-03 -1.7851923E+01  1.4807675E-01
  2.8183966E-03 -1.7850561E+01  1.4943883E-01
  2.8443353E-03 -1.7849187E+01  1.5081341E-01
  2.8705126E-03 -1.7847799E+01  1.5220062E-01
  2.8969307E-03 -1.7846399E+01  1.5360056E-01
  2.9235919E-03 -1.7844987E+01  1.5501337E-01
  2.9504983E-03 -1.7843561E+01  1.5643915E-01
  2.9776523E-03 -1.7842122E+01  1.5787802E-01
  3.0050561E-03 -1.7840670E+01  1.5933011E-01
  3.0327120E-03 -1.7839204E+01  1.6079553E-01
  3.0606223E-03 -1.7837726E+01  1.6227441E-01
  3.0887894E-03 -1.7836233E+01  1.6376686E-01
  3.1172156E-03 -1.7834727E+01  1.6527302E-01
  3.1459034E-03 -1.7833207E+01  1.6679301E-01
  3.1748550E-03 -1.7831673E+01  1.6832696E-01
  3.2040730E-03 -1.7830125E+01  1.6987499E-01
  3.2335598E-03 -1.7828563E+01  1.7143723E-01
  3.2633179E-03 -1.7826986E+01  1.7301381E-01
  3.2933497E-03 -1.7825395E+01  1.7460487E-01
  3.3236578E-03 -1.7823789E+01  1.7621053E-01
  3.3542448E-03 -1.7822169E+01  1.7783093E-01
  3.3851131E-03 -1.7820534E+01  1.7946620E-01
  3.4162654E-03 -1.7818884E+01  1.8111648E-01
  3.4477043E-03 -1.7817218E+01  1.8278191E-01
  3.4794325E-03 -1.7815537E+01  1.8446262E-01
  3.5114525E-03 -1.7813841E+01  1.8615876E-01
  3.5437671E-03 -1.7812130E+01  1.8787047E-01
  3.5763790E-03 -1.7810402E+01  1.8959788E-01
  3.6092909E-03 -1.7808659E+01  1.9134114E-01
  3.6425056E-03 -1.7806900E+01  1.9310040E-01
  3.6760258E-03 -1.7805124E+01  1.9487580E-01
  3.7098545E-03 -1.7803333E+01  1.9666748E-01
  3.7439943E-03 -1.7801524E+01  1.9847561E-01
  3.7784482E-03 -1.7799700E+01  2.0030032E-01
  3.8132191E-03 -1.7797858E+01  2.0214178E-01
  3.8483099E-03 -1.7796000E+01  2.0400012E-01
  3.8837235E-03 -1.7794124E+01  2.0587551E-01
  3.9194629E-03 -1.7792232E+01  2.0776810E-01
  3.9555310E-03 -1.7790322E+01  2.0967805E-01
  3.9919310E-03 -1.7788394E+01  2.1160552E-01
  4.0286659E-03 -1.7786449E+01  2.1355066E-01
  4.0657387E-03 -1.7784486E+01  2.1551364E-01
  4.1031526E-03 -1.7782505E+01  2.1749462E-01
  4.1409107E-03 -1.7780506E+01  2.1949376E-01
  4.1790161E-03 -1.7778489E+01  2.2151123E-01
  4.2174721E-03 -1.7776453E+01  2.2354719E-01
  4.2562819E-03 -1.7774398E+01  2.2560182E-01
  4.2954487E-03 -1.7772325E+01  2.2767529E-01
  4.3349759E-03 -1.7770232E+01  2.2976776E-01
  4.3748667E-03 -1.7768121E+01  2.3187941E-01
  4.4151244E-03 -1.7765990E+01  2.3401041E-01
  4.4557526E-03 -1.7763839E+01  2.3616094E-01
  4.4967545E-03 -1.7761669E+01  2.3833118E-01
  4.5381336E-03 -1.7759479E+01  2.4052130E-01
  4.5798933E-03 -1.7757269E+01  2.4273149E-01
  4.6220373E-03 -1.7755038E+01  2.4496193E-01
  4.6645690E-03 -1.7752787E+01  2.4721281E-01
  4.7074919E-03 -1.7750516E+01  2.4948430E-01
  4.7508097E-03 -1.7748223E+01  2.5177660E-01
  4.7945261E-03 -1.7745910E+01  2.5408989E-01
  4.8386446E-03 -1.7743576E+01  2.5642437E-01
  4.8831690E-03 -1.7741220E+01  2.5878022E-01
  4.9281030E-03 -1.7738842E+01  2.6115765E-01
  4.9734504E-03 -1.7736443E+01  2.6355685E-01
  5.0192150E-03 -1.7734022E+01  2.6597801E-01
  5.0654006E-03 -1.7731579E+01  2.6842133E-01
  5.1120110E-03 -1.7729113E+01  2.7088702E-01
  5.1590503E-03 -1.7726625E+01  2.7337528E-01
  5.2065224E-03 -1.7724114E+01  2.7588631E-01
  5.2544311E-03 -1.7721580E+01  2.7842032E-01
  5.3027807E-03 -1.7719022E+01  2.8097752E-01
  5.3515750E-03 -1.7716442E+01  2.8355811E-01
  5.4008182E-03 -1.7713838E+01  2.8616231E-01
  5.4505144E-03 -1.7711210E+01  2.8879033E-01
  5.5006679E-03 -1.7708558E+01  2.9144240E-01
  5.5512827E-03 -1.7705881E+01  2.9411871E-01
  5.6023631E-03 -1.7703180E+01  2.9681950E-01
  5.6539135E-03 -1.7700455E+01  2.9954499E-01
  5.7059382E-03 -1.7697705E+01  3.0229539E-01
  5.7584414E-03 -1.7694929E+01  3.0507094E-01
  5.8114277E-03 -1.7692128E+01  3.0787186E-01
  5.8649014E-03 -1.7689302E+01  3.1069838E-01
  5.9188671E-03 -1.7686449E+01  3.1355073E-01
  5.9733292E-03 -1.7683571E+01  3.1642914E-01
  6.0282924E-03 -1.7680666E+01  3.1933386E-01
  6.0837612E-03 -1.7677735E+01  3.2226511E-01
  6.1397404E-03 -1.7674777E+01  3.2522313E-01
  6.1962345E-03 -1.7671792E+01  3.2820817E-01
  6.2532483E-03 -1.7668780E+01  3.3122047E-01
  6.3107867E-03 -1.7665740E+01  3.3426027E-01
  6.3688544E-03 -1.7662672E+01  3.3732783E-01
  6.4274563E-03 -1.7659577E+01  3.4042339E-01
  6.4865973E-03 -1.7656453E+01  3.4354720E-01
  6.5462824E-03 -1.7653300E+01  3.4669952E-01
  6.6065166E-03 -1.7650119E+01  3.4988060E-01
  6.6673049E-03 -1.7646909E+01  3.5309070E-01
  6.7286524E-03 -1.7643670E+01  3.5633009E-01
  6.7905644E-03 -1.7640401E+01  3.5959902E-01
  6.8530459E-03 -1.7637102E+01  3.6289777E-01
  6.9161022E-03 -1.7633773E+01  3.6622659E-01
  6.9797386E-03 -1.7630414E+01  3.6958575E-01
  7.0439605E-03 -1.7627024E+01  3.7297554E-01
  7.1087732E-03 -1.7623604E+01  3.7639622E-01
  7.1741821E-03 -1.7620152E+01  3.7984806E-01
  7.2401928E-03 -1.7616669E+01  3.8333136E-01
  7.3068108E-03 -1.7613154E+01  3.8684638E-01
  7.3740416E-03 -1.7609607E+01  3.9039342E-01
  7.4418910E-03 -1.7606027E+01  3.9397275E-01
  7.5103645E-03 -1.7602415E+01  3.9758467E-01
  7.5794680E-03 -1.7598771E+01  4.0122947E-01
  7.6492072E-03 -1.7595093E+01  4.0490744E-01
  7.7195880E-03 -1.7591381E+01  4.0861887E-01
  7.7906162E-03 -1.7587636E+01  4.1236407E-01
  7.8622979E-03 -1.7583857E+01  4.1614334E-01
  7.9346391E-03 -1.7580043E+01  4.1995697E-01
  8.0076458E-03 -1.7576195E+01  4.2380527E-01
  8.0813241E-03 -1.7572311E+01  4.2768855E-01
  8.1556802E-03 -1.7568393E+01  4.3160713E-01
  8.2307204E-03 -1.7564439E+01  4.3556131E-01
  8.3064510E-03 -1.7560449E+01  4.3955141E-01
  8.3828782E-03 -1.7556422E+01  4.4357776E-01
  8.4600086E-03 -1.7552359E+01  4.4764066E-01
  8.5378485E-03 -1.7548260E+01  4.5174044E-01
  8.6164045E-03 -1.7544123E+01  4.5587744E-01
  8.6956833E-03 -1.7539948E+01  4.6005197E-01
  8.7756913E-03 -1.7535736E+01  4.6426438E-01
  8.8564354E-03 -1.7531485E+01  4.6851498E-01
  8.9379224E-03 -1.7527196E+01  4.7280414E-01
  9.0201590E-03 -1.7522868E+01  4.7713217E-01
  9.1031522E-03 -1.7518501E+01  4.8149943E-01
  9.1869088E-03 -1.7514094E+01  4.8590625E-01
  9.2714360E-03 -1.7509647E+01  4.9035300E-01
  9.3567409E-03 -1.7505160E+01  4.9484001E-01
  9.4428305E-03 -1.7500632E+01  4.9936764E-01
  9.5297121E-03 -1.7496064E+01  5.0393626E-01
  9.6173930E-03 -1.7491454E+01  5.0854621E-01
  9.7058805E-03 -1.7486802E+01  5.1319786E-01
  9.7951821E-03 -1.7482108E+01  5.1789157E-01
  9.8853053E-03 -1.7477372E+01  5.2262772E-01
  9.9762576E-03 -1.7472593E+01  5.2740667E-01
  1.0068047E-02 -1.7467771E+01  5.3222880E-01
  1.0160680E-02 -1.7462906E+01  5.3709448E-01
  1.0254166E-02 -1.7457996E+01  5.4200409E-01
  1.0348511E-02 -1.7453042E+01  5.4695802E-01
  1.0443725E-02 -1.7448043E+01  5.5195665E-01
  1.0539814E-02 -1.7443000E+01  5.5700037E-01
  1.0636788E-02 -1.7437910E+01  5.6208958E-01
  1.0734654E-02 -1.7432775E+01  5.6722465E-01
  1.0833420E-02 -1.7427594E+01  5.7240600E-01
  1.0933094E-02 -1.7422366E+01  5.7763403E-01
  1.1033686E-02 -1.7417091E+01  5.8290913E-01
  1.1135203E-02 -1.7411768E+01  5.8823171E-01
  1.1237654E-02 -1.7406398E+01  5.9360219E-01
  1.1341048E-02 -1.7400979E+01  5.9902097E-01
  1.1445392E-02 -1.7395512E+01  6.0448848E-01
  1.1550697E-02 -1.7389995E+01  6.1000512E-01
  1.1656970E-02 -1.7384429E+01  6.1557133E-01
  1.1764221E-02 -1.7378812E+01  6.2118753E-01
  1.1872459E-02 -1.7373146E+01  6.2685414E-01
  1.1981693E-02 -1.7367428E+01  6.3257160E-01
  1.2091931E-02 -1.7361660E+01  6.3834034E-01
  1.2203184E-02 -1.7355839E+01  6.4416080E-01
  1.2315460E-02 -1.7349967E+01  6.5003343E-01
  1.2428769E-02 -1.7344041E+01  6.5595865E-01
  1.2543120E-02 -1.7338063E+01  6.6193694E-01
  1.2658524E-02 -1.7332031E+01  6.6796872E-01
  1.2774989E-02 -1.7325946E+01  6.7405446E-01
  1.2892525E-02 -1.7319805E+01  6.8019462E-01
  1.3011143E-02 -1.7313610E+01  6.8638964E-01
  1.3130852E-02 -1.7307360E+01  6.9264001E-01
  1.3251662E-02 -1.7301054E+01  6.9894618E-01
  1.3373584E-02 -1.7294691E+01  7.0530862E-01
  1.3496628E-02 -1.7288272E+01  7.1172781E-01
  1.3620803E-02 -1.7281796E+01  7.1820423E-01
  1.3746121E-02 -1.7275262E+01  7.2473834E-01
  1.3872592E-02 -1.7268669E+01  7.3133065E-01
  1.4000226E-02 -1.7262018E+01  7.3798162E-01
  1.4129034E-02 -1.7255308E+01  7.4469176E-01
  1.4259028E-02 -1.7248538E+01  7.5146154E-01
  1.4390217E-02 -1.7241709E+01  7.5829148E-01
  1.4522613E-02 -1.7234818E+01  7.6518207E-01
  1.4656227E-02 -1.7227866E+01  7.7213381E-01
  1.4791071E-02 -1.7220853E+01  7.7914721E-01
  1.4927155E-02 -1.7213777E+01  7.8622277E-01
  1.5064490E-02 -1.7206639E+01  7.9336101E-01
  1.5203090E-02 -1.7199438E+01  8.0056245E-01
  1.5342964E-02 -1.7192172E+01  8.0782759E-01
  1.5484125E-02 -1.7184843E+01  8.1515697E-01
  1.5626585E-02 -1.7177449E+01  8.2255112E-01
  1.5770356E-02 -1.7169989E+01  8.3001054E-01
  1.5915449E-02 -1.7162464E+01  8.3753579E-01
  1.6061877E-02 -1.7154873E+01  8.4512740E-01
  1.6209652E-02 -1.7147214E+01  8.5278589E-01
  1.6358786E-02 -1.7139488E+01  8.6051182E-01
  1.6509292E-02 -1.7131694E+01  8.6830573E-01
  1.6661184E-02 -1.7123832E+01  8.7616817E-01
  1.6814472E-02 -1.7115900E+01  8.8409968E-01
  1.6969171E-02 -1.7107899E+01  8.9210082E-01
  1.7125292E-02 -1.7099828E+01  9.0017215E-01
  1.7282851E-02 -1.7091686E+01  9.0831423E-01
  1.7441858E-02 -1.7083472E+01  9.1652762E-01
  1.7602329E-02 -1.7075187E+01  9.2481289E-01
  1.7764275E-02 -1.7066829E+01  9.3317061E-01
  1.7927712E-02 -1.7058399E+01  9.4160134E-01
  1.8092652E-02 -1.7049894E+01  9.5010568E-01
  1.8259110E-02 -1.7041316E+01  9.5868419E-01
  1.8427099E-02 -1.7032663E+01  9.6733745E-01
  1.8596633E-02 -1.7023934E+01  9.7606606E-01
  1.8767727E-02 -1.7015129E+01  9.8487059E-01
  1.8940395E-02 -1.7006248E+01  9.9375164E-01
  1.9114652E-02 -1.6997290E+01  1.0027098E+00
  1.9290511E-02 -1.6988254E+01  1.0117457E+00
  1.9467989E-02 -1.6979140E+01  1.0208599E+00
  1.9647099E-02 -1.6969947E+01  1.0300530E+00
  1.9827857E-02 -1.6960674E+01  1.0393256E+00
  2.0010278E-02 -1.6951322E+01  1.0486783E+00
  2.0194377E-02 -1.6941888E+01  1.0581118E+00
  2.0380170E-02 -1.6932373E+01  1.0676266E+00
  2.0567672E-02 -1.6922777E+01  1.0772233E+00
  2.0756899E-02 -1.6913097E+01  1.0869027E+00
  2.0947867E-02 -1.6903335E+01  1.0966652E+00
  2.1140592E-02 -1.6893488E+01  1.1065116E+00
  2.1335089E-02 -1.6883558E+01  1.1164424E+00
  2.1531376E-02 -1.6873542E+01  1.1264583E+00
  2.1729469E-02 -1.6863440E+01  1.1365599E+00
  2.1929385E-02 -1.6853252E+01  1.1467478E+00
  2.2131139E-02 -1.6842977E+01  1.1570227E+00
  2.2334750E-02 -1.6832615E+01  1.1673852E+00
  2.2540233E-02 -1.6822164E+01  1.1778360E+00
  2.2747607E-02 -1.6811624E+01  1.1883756E+00
  2.2956889E-02 -1.6800995E+01  1.1990048E+00
  2.3168096E-02 -1.6790276E+01  1.2097242E+00
  2.3381246E-02 -1.6779466E+01  1.2205343E+00
  2.3596358E-02 -1.6768564E+01  1.2314360E+00
  2.3813448E-02 -1.6757570E+01  1.2424298E+00
  2.4032535E-02 -1.6746484E+01  1.2535164E+00
  2.4253638E-02 -1.6735304E+01  1.2646964E+00
  2.4476775E-02 -1.6724030E+01  1.2759704E+00
  2.4701964E-02 -1.6712661E+01  1.2873393E+00
  2.4929226E-02 -1.6701196E+01  1.2988035E+00
  2.5158578E-02 -1.6689636E+01  1.3103638E+00
  2.5390040E-02 -1.6677979E+01  1.3220209E+00
  2.5623631E-02 -1.6666225E+01  1.3337753E+00
  2.5859372E-02 -1.6654372E+01  1.3456278E+00
  2.6097281E-02 -1.6642421E+01  1.3575789E+00
  2.6337379E-02 -1.6630370E+01  1.3696295E+00
  2.6579686E-02 -1.6618220E+01  1.3817801E+00
  2.6824222E-02 -1.6605969E+01  1.3940315E+00
  2.7071007E-02 -1.6593616E+01  1.4063842E+00
  2.7320063E-02 -1.6581161E+01  1.4188390E+00
  2.7571410E-02 -1.6568603E+01  1.4313965E+00
  2.7825070E-02 -1.6555943E+01  1.4440574E+00
  2.8081063E-02 -1.6543178E+01  1.4568224E+00
  2.8339411E-02 -1.6530308E+01  1.4696921E+00
  2.8600136E-02 -1.6517333E+01  1.4826671E+00
  2.8863259E-02 -1.6504252E+01  1.4957483E+00
  2.9128803E-02 -1.6491064E+01  1.5089362E+00
  2.9396790E-02 -1.6477768E+01  1.5222315E+00
  2.9667243E-02 -1.6464365E+01  1.5356349E+00
  2.9940183E-02 -1.6450853E+01  1.5491471E+00
  3.0215635E-02 -1.6437231E+01  1.5627686E+00
  3.0493620E-02 -1.6423500E+01  1.5765003E+00
  3.0774163E-02 -1.6409657E+01  1.5903427E+00
  3.1057287E-02 -1.6395704E+01  1.6042965E+00
  3.1343016E-02 -1.6381638E+01  1.6183623E+00
  3.1631373E-02 -1.6367459E+01  1.6325410E+00
  3.1922383E-02 -1.6353167E+01  1.6468330E+00
  3.2216070E-02 -1.6338761E+01  1.6612390E+00
  3.2512459E-02 -1.6324240E+01  1.6757598E+00
  3.2811575E-02 -1.6309604E+01  1.6903960E+00
  3.3113442E-02 -1.6294852E+01  1.7051482E+00
  3.3418087E-02 -1.6279983E+01  1.7200171E+00
  3.3725534E-02 -1.6264997E+01  1.7350033E+00
  3.4035810E-02 -1.6249893E+01  1.7501075E+00
  3.4348940E-02 -1.6234670E+01  1.7653303E+00
  3.4664951E-02 -1.6219328E+01  1.7806723E+00
  3.4983869E-02 -1.6203866E+01  1.7961343E+00
  3.5305721E-02 -1.6188283E+01  1.8117168E+00
  3.5630534E-02 -1.6172580E+01  1.8274204E+00
  3.5958335E-02 -1.6156754E+01  1.8432459E+00
  3.6289152E-02 -1.6140806E+01  1.8591938E+00
  3.6623012E-02 -1.6124735E+01  1.8752647E+00
  3.6959944E-02 -1.6108541E+01  1.8914592E+00
  3.7299975E-02 -1.6092222E+01  1.9077781E+00
  3.7643135E-02 -1.6075778E+01  1.9242218E+00
  3.7989451E-02 -1.6059209E+01  1.9407910E+00
  3.8338954E-02 -1.6042514E+01  1.9574863E+00
  3.8691672E-02 -1.6025692E+01  1.9743082E+00
  3.9047635E-02 -1.6008743E+01  1.9912574E+00
  3.9406872E-02 -1.5991665E+01  2.0083345E+00
  3.9769414E-02 -1.5974460E+01  2.0255400E+00
  4.0135292E-02 -1.5957126E+01  2.0428745E+00
  4.0504536E-02 -1.5939661E+01  2.0603386E+00
  4.0877176E-02 -1.5922067E+01  2.0779327E+00
  4.1253245E-02 -1.5904342E+01  2.0956576E+00
  4.1632774E-02 -1.5886486E+01  2.1135137E+00
  4.2015794E-02 -1.5868498E+01  2.1315015E+00
  4.2402338E-02 -1.5850378E+01  2.1496217E+00
  4.2792437E-02 -1.5832125E+01  2.1678747E+00
  4.3186126E-02 -1.5813739E+01  2.1862610E+00
  4.3583436E-02 -1.5795219E+01  2.2047812E+00
  4.3984402E-02 -1.5776564E+01  2.2234358E+00
  4.4389057E-02 -1.5757775E+01  2.2422252E+00
  4.4797434E-02 -1.5738850E+01  2.2611500E+00
  4.5209568E-02 -1.5719789E+01  2.2802106E+00
  4.5625493E-02 -1.5700592E+01  2.2994075E+00
  4.6045245E-02 -1.5681259E+01  2.3187412E+00
  4.6468859E-02 -1.5661788E+01  2.3382121E+00
  4.6896370E-02 -1.5642179E+01  2.3578206E+00
  4.7327813E-02 -1.5622433E+01  2.3775673E+00
  4.7763226E-02 -1.5602548E+01  2.3974524E+00
  4.8202645E-02 -1.5582523E+01  2.4174765E+00
  4.8646106E-02 -1.5562360E+01  2.4376399E+00
  4.9093646E-02 -1.5542057E+01  2.4579431E+00
  4.9545304E-02 -1.5521614E+01  2.4783863E+00
  5.0001118E-02 -1.5501030E+01  2.4989701E+00
  5.0461124E-02 -1.5480305E+01  2.5196947E+00
  5.0925362E-02 -1.5459440E+01  2.5405605E+00
  5.1393872E-02 -1.5438432E+01  2.5615678E+00
  5.1866691E-02 -1.5417283E+01  2.5827170E+00
  5.2343860E-02 -1.5395992E+01  2.6040084E+00
  5.2825419E-02 -1.5374558E+01  2.6254423E+00
  5.3311409E-02 -1.5352981E+01  2.6470189E+00
  5.3801869E-02 -1.5331261E+01  2.6687386E+00
  5.4296841E-02 -1.5309398E+01  2.6906016E+00
  5.4796367E-02 -1.5287392E+01  2.7126081E+00
  5.5300489E-02 -1.5265242E+01  2.7347585E+00
  5.5809248E-02 -1.5242947E+01  2.7570529E+00
  5.6322688E-02 -1.5220508E+01  2.7794916E+00
  5.6840851E-02 -1.5197925E+01  2.8020747E+00
  5.7363781E-02 -1.5175198E+01  2.8248024E+00
  5.7891522E-02 -1.5152325E+01  2.8476749E+00
  5.8424118E-02 -1.5129308E+01  2.8706924E+00
  5.8961614E-02 -1.5106145E+01  2.8938550E+00
  5.9504054E-02 -1.5082837E+01  2.9171628E+00
  6.0051485E-02 -1.5059384E+01  2.9406160E+00
  6.0603952E-02 -1.5035785E+01  2.9642146E+00
  6.1161502E-02 -1.5012041E+01  2.9879587E+00
  6.1724180E-02 -1.4988152E+01  3.0118484E+00
  6.2292036E-02 -1.4964116E+01  3.0358837E+00
  6.2865115E-02 -1.4939935E+01  3.0600648E+00
  6.3443467E-02 -1.4915609E+01  3.0843915E+00
  6.4027139E-02 -1.4891136E+01  3.1088639E+00
  6.4616181E-02 -1.4866518E+01  3.1334821E+00
  6.5210642E-02 -1.4841754E+01  3.1582459E+00
  6.5810572E-02 -1.4816845E+01  3.1831553E+00
  6.6416021E-02 -1.4791790E+01  3.2082103E+00
  6.7027040E-02 -1.4766589E+01  3.2334108E+00
  6.7643680E-02 -1.4741243E+01  3.2587567E+00
  6.8265994E-02 -1.4715752E+01  3.2842479E+00
  6.8894032E-02 -1.4690116E+01  3.3098842E+00
  6.9527848E-02 -1.4664334E+01  3.3356656E+00
  7.0167495E-02 -1.4638408E+01  3.3615919E+00
  7.0813026E-02 -1.4612337E+01  3.3876628E+00
  7.1464496E-02 -1.4586122E+01  3.4138783E+00
  7.2121960E-02 -1.4559762E+01  3.4402381E+00
  7.2785472E-02 -1.4533258E+01  3.4667420E+00
  7.3455088E-02 -1.4506610E+01  3.4933897E+00
  7.4130865E-02 -1.4479819E+01  3.5201810E+00
  7.4812858E-02 -1.4452884E+01  3.5471157E+00
  7.5501126E-02 -1.4425807E+01  3.5741933E+00
  7.6195725E-02 -1.4398586E+01  3.6014137E+00
  7.6896715E-02 -1.4371224E+01  3.6287765E+00
  7.7604153E-02 -1.4343719E+01  3.6562814E+00
  7.8318100E-02 -1.4316072E+01  3.6839279E+00
  7.9038615E-02 -1.4288284E+01  3.7117159E+00
  7.9765758E-02 -1.4260355E+01  3.7396448E+00
  8.0499591E-02 -1.4232286E+01  3.7677142E+00
  8.1240175E-02 -1.4204076E+01  3.7959238E+00
  8.1987572E-02 -1.4175727E+01  3.8242732E+00
  8.2741845E-02 -1.4147238E+01  3.8527618E+00
  8.3503057E-02 -1.4118611E+01  3.8813892E+00
  8.4271272E-02 -1.4089845E+01  3.9101550E+00
  8.5046554E-02 -1.4060941E+01  3.9390586E+00
  8.5828969E-02 -1.4031900E+01  3.9680996E+00
  8.6618581E-02 -1.4002723E+01  3.9972775E+00
  8.7415458E-02 -1.3973408E+01  4.0265916E+00
  8.8219666E-02 -1.3943958E+01  4.0560416E+00
  8.9031272E-02 -1.3914373E+01  4.0856267E+00
  8.9850345E-02 -1.3884654E+01  4.1153465E+00
  9.0676954E-02 -1.3854800E+01  4.1452004E+00
  9.1511166E-02 -1.3824812E+01  4.1751877E+00
  9.2353054E-02 -1.3794692E+01  4.2053080E+00
  9.3202686E-02 -1.3764439E+01  4.2355605E+00
  9.4060135E-02 -1.3734055E+01  4.2659447E+00
  9.4925472E-02 -1.3703540E+01  4.2964599E+00
  9.5798770E-02 -1.3672894E+01  4.3271055E+00
  9.6680102E-02 -1.3642119E+01  4.3578809E+00
  9.7569542E-02 -1.3611215E+01  4.3887853E+00
  9.8467165E-02 -1.3580182E+01  4.4198181E+00
  9.9373045E-02 -1.3549021E+01  4.4509788E+00
  1.0028726E-01 -1.3517734E+01  4.4822664E+00
  1.0120988E-01 -1.3486319E+01  4.5136805E+00
  1.0214100E-01 -1.3454780E+01  4.5452203E+00
  1.0308068E-01 -1.3423115E+01  4.5768852E+00
  1.0402900E-01 -1.3391326E+01  4.6086743E+00
  1.0498605E-01 -1.3359413E+01  4.6405871E+00
  1.0595190E-01 -1.3327377E+01  4.6726228E+00
  1.0692664E-01 -1.3295219E+01  4.7047808E+00
  1.0791034E-01 -1.3262940E+01  4.7370602E+00
  1.0890310E-01 -1.3230539E+01  4.7694605E+00
  1.0990499E-01 -1.3198019E+01  4.8019810E+00
  1.1091609E-01 -1.3165379E+01  4.8346209E+00
  1.1193650E-01 -1.3132620E+01  4.8673795E+00
  1.1296629E-01 -1.3099744E+01  4.9002562E+00
  1.1400556E-01 -1.3066750E+01  4.9332502E+00
  1.1505439E-01 -1.3033639E+01  4.9663609E+00
  1.1611287E-01 -1.3000412E+01  4.9995877E+00
  1.1718109E-01 -1.2967070E+01  5.0329297E+00
  1.1825913E-01 -1.2933614E+01  5.0663865E+00
  1.1934709E-01 -1.2900043E+01  5.0999573E+00
  1.2044506E-01 -1.2866359E+01  5.1336414E+00
  1.2155313E-01 -1.2832562E+01  5.1674383E+00
  1.2267140E-01 -1.2798653E+01  5.2013474E+00
  1.2379995E-01 -1.2764632E+01  5.2353680E+00
  1.2493888E-01 -1.2730501E+01  5.2694995E+00
  1.2608830E-01 -1.2696259E+01  5.3037414E+00
  1.2724828E-01 -1.2661907E+01  5.3380930E+00
  1.2841894E-01 -1.2627446E+01  5.3725540E+00
  1.2960037E-01 -1.2592876E+01  5.4071237E+00
  1.3079267E-01 -1.2558198E+01  5.4418016E+00
  1.3199594E-01 -1.2523413E+01  5.4765873E+00
  1.3321027E-01 -1.2488520E+01  5.5114802E+00
  1.3443578E-01 -1.2453520E+01  5.5464800E+00
  1.3567256E-01 -1.2418414E+01  5.5815861E+00
  1.3692072E-01 -1.2383202E+01  5.6167984E+00
  1.3818036E-01 -1.2347884E+01  5.6521162E+00
  1.3945159E-01 -1.2312461E+01  5.6875394E+00
  1.4073452E-01 -1.2276932E+01  5.7230676E+00
  1.4202925E-01 -1.2241300E+01  5.7587005E+00
  1.4333589E-01 -1.2205562E+01  5.7944378E+00
  1.4465455E-01 -1.2169721E+01  5.8302794E+00
  1.4598534E-01 -1.2133775E+01  5.8662250E+00
  1.4732837E-01 -1.2097726E+01  5.9022745E+00
  1.4868376E-01 -1.2061572E+01  5.9384277E+00
  1.5005162E-01 -1.2025315E+01  5.9746846E+00
  1.5143207E-01 -1.1988955E+01  6.0110451E+00
  1.5282521E-01 -1.1952491E+01  6.0475092E+00
  1.5423117E-01 -1.1915923E+01  6.0840769E+00
  1.5565006E-01 -1.1879252E+01  6.1207482E+00
  1.5708201E-01 -1.1842477E+01  6.1575233E+00
  1.5852713E-01 -1.1805598E+01  6.1944023E+00
  1.5998554E-01 -1.1768615E+01  6.2313853E+00
  1.6145738E-01 -1.1731527E+01  6.2684727E+00
  1.6294275E-01 -1.1694335E+01  6.3056645E+00
  1.6444179E-01 -1.1657039E+01  6.3429613E+00
  1.6595462E-01 -1.1619637E+01  6.3803632E+00
  1.6748136E-01 -1.1582129E+01  6.4178708E+00
  1.6902215E-01 -1.1544516E+01  6.4554844E+00
  1.7057712E-01 -1.1506795E+01  6.4932045E+00
  1.7214639E-01 -1.1468968E+01  6.5310317E+00
  1.7373010E-01 -1.1431033E+01  6.5689666E+00
  1.7532838E-01 -1.1392990E+01  6.6070097E+00
  1.7694136E-01 -1.1354838E+01  6.6451618E+00
  1.7856918E-01 -1.1316576E+01  6.6834235E+00
  1.8021198E-01 -1.1278204E+01  6.7217957E+00
  1.8186989E-01 -1.1239721E+01  6.7602792E+00
  1.8354305E-01 -1.1201125E+01  6.7988749E+00
  1.8523161E-01 -1.1162416E+01  6.8375836E+00
  1.8693570E-01 -1.1123594E+01  6.8764063E+00
  1.8865546E-01 -1.1084656E+01  6.9153441E+00
  1.9039105E-01 -1.1045602E+01  6.9543981E+00
  1.9214261E-01 -1.1006431E+01  6.9935692E+00
  1.9391027E-01 -1.0967141E+01  7.0328589E+00
  1.9569420E-01 -1.0927732E+01  7.0722681E+00
  1.9749455E-01 -1.0888202E+01  7.1117983E+00
  1.9931145E-01 -1.0848549E+01  7.1514506E+00
  2.0114507E-01 -1.0808773E+01  7.1912266E+00
  2.0299556E-01 -1.0768872E+01  7.2311275E+00
  2.0486307E-01 -1.0728845E+01  7.2711549E+00
  2.0674776E-01 -1.0688690E+01  7.3113102E+00
  2.0864980E-01 -1.0648405E+01  7.3515951E+00
  2.1056933E-01 -1.0607989E+01  7.3920110E+00
  2.1250652E-01 -1.0567440E+01  7.4325596E+00
  2.1446153E-01 -1.0526757E+01  7.4732426E+00
  2.1643452E-01 -1.0485938E+01  7.5140617E+00
  2.1842567E-01 -1.0444981E+01  7.5550187E+00
  2.2043513E-01 -1.0403885E+01  7.5961153E+00
  2.2246309E-01 -1.0362647E+01  7.6373535E+00
  2.2450969E-01 -1.0321265E+01  7.6787350E+00
  2.2657513E-01 -1.0279738E+01  7.7202617E+00
  2.2865957E-01 -1.0238064E+01  7.7619357E+00
  2.3076318E-01 -1.0196241E+01  7.8037588E+00
  2.3288615E-01 -1.0154267E+01  7.8457330E+00
  2.3502865E-01 -1.0112140E+01  7.8878605E+00
  2.3719086E-01 -1.0069857E+01  7.9301432E+00
  2.3937295E-01 -1.0027417E+01  7.9725831E+00
  2.4157513E-01 -9.9848175E+00  8.0151825E+00
  2.4379756E-01 -9.9420567E+00  8.0579433E+00
  2.4604044E-01 -9.8991322E+00  8.1008678E+00
  2.4830396E-01 -9.8560420E+00  8.1439580E+00
  2.5058829E-01 -9.8127839E+00  8.1872161E+00
  2.5289364E-01 -9.7693557E+00  8.2306443E+00
  2.5522021E-01 -9.7257552E+00  8.2742448E+00
  2.5756817E-01 -9.6819804E+00  8.3180196E+00
  2.5993774E-01 -9.6380290E+00  8.3619710E+00
  2.6232910E-01 -9.5938989E+00  8.4061011E+00
  2.6474246E-01 -9.5495878E+00  8.4504122E+00
  2.6717803E-01 -9.5050938E+00  8.4949062E+00
  2.6963600E-01 -9.4604145E+00  8.5395855E+00
  2.7211659E-01 -9.4155480E+00  8.5844520E+00
  2.7462000E-01 -9.3704920E+00  8.6295080E+00
  2.7714643E-01 -9.3252445E+00  8.6747555E+00
  2.7969611E-01 -9.2798035E+00  8.7201965E+00
  2.8226925E-01 -9.2341669E+00  8.7658331E+00
  2.8486606E-01 -9.1883327E+00  8.8116673E+00
  2.8748676E-01 -9.1422989E+00  8.8577011E+00
  2.9013156E-01 -9.0960637E+00  8.9039363E+00
  2.9280070E-01 -9.0496252E+00  8.9503748E+00
  2.9549440E-01 -9.0029815E+00  8.9970185E+00
  2.9821287E-01 -8.9561308E+00  9.0438692E+00
  3.0095636E-01 -8.9090714E+00  9.0909286E+00
  3.0372508E-01 -8.8618017E+00  9.1381983E+00
  3.0651928E-01 -8.8143200E+00  9.1856800E+00
  3.0933918E-01 -8.7666248E+00  9.2333752E+00
  3.1218503E-01 -8.7187147E+00  9.2812853E+00
  3.1505705E-01 -8.6705882E+00  9.3294118E+00
  3.1795550E-01 -8.6222440E+00  9.3777560E+00
  3.2088061E-01 -8.5736809E+00  9.4263191E+00
  3.2383263E-01 -8.5248977E+00  9.4751023E+00
  3.2681181E-01 -8.4758934E+00  9.5241066E+00
  3.2981840E-01 -8.4266670E+00  9.5733330E+00
  3.3285264E-01 -8.3772177E+00  9.6227823E+00
  3.3591481E-01 -8.3275446E+00  9.6724554E+00
  3.3900514E-01 -8.2776471E+00  9.7223529E+00
  3.4212390E-01 -8.2275247E+00  9.7724753E+00
  3.4527135E-01 -8.1771770E+00  9.8228230E+00
  3.4844776E-01 -8.1266035E+00  9.8733965E+00
  3.5165340E-01 -8.0758042E+00  9.9241958E+00
  3.5488852E-01 -8.0247788E+00  9.9752212E+00
  3.5815340E-01 -7.9735276E+00  1.0026472E+01
  3.6144833E-01 -7.9220506E+00  1.0077949E+01
  3.6477356E-01 -7.8703482E+00  1.0129652E+01
  3.6812938E-01 -7.8184208E+00  1.0181579E+01
  3.7151608E-01 -7.7662691E+00  1.0233731E+01
  3.7493394E-01 -7.7138937E+00  1.0286106E+01
  3.7838323E-01 -7.6612956E+00  1.0338704E+01
  3.8186426E-01 -7.6084758E+00  1.0391524E+01
  3.8537732E-01 -7.5554356E+00  1.0444564E+01
  3.8892269E-01 -7.5021761E+00  1.0497824E+01
  3.9250068E-01 -7.4486991E+00  1.0551301E+01
  3.9611159E-01 -7.3950061E+00  1.0604994E+01
  3.9975571E-01 -7.3410990E+00  1.0658901E+01
  4.0343336E-01 -7.2869798E+00  1.0713020E+01
  4.0714485E-01 -7.2326507E+00  1.0767349E+01
  4.1089048E-01 -7.1781140E+00  1.0821886E+01
  4.1467056E-01 -7.1233723E+00  1.0876628E+01
  4.1848543E-01 -7.0684282E+00  1.0931572E+01
  4.2233539E-01 -7.0132846E+00  1.0986715E+01
  4.2622076E-01 -6.9579446E+00  1.1042055E+01
  4.3014189E-01 -6.9024113E+00  1.1097589E+01
  4.3409908E-01 -6.8466883E+00  1.1153312E+01
  4.3809268E-01 -6.7907791E+00  1.1209221E+01
  4.4212302E-01 -6.7346875E+00  1.1265312E+01
  4.4619044E-01 -6.6784175E+00  1.1321583E+01
  4.5029528E-01 -6.6219731E+00  1.1378027E+01
  4.5443788E-01 -6.5653588E+00  1.1434641E+01
  4.5861859E-01 -6.5085790E+00  1.1491421E+01
  4.6283776E-01 -6.4516385E+00  1.1548362E+01
  4.6709575E-01 -6.3945420E+00  1.1605458E+01
  4.7139291E-01 -6.3372948E+00  1.1662705E+01
  4.7572960E-01 -6.2799020E+00  1.1720098E+01
  4.8010619E-01 -6.2223691E+00  1.1777631E+01
  4.8452304E-01 -6.1647016E+00  1.1835298E+01
  4.8898053E-01 -6.1069054E+00  1.1893095E+01
  4.9347902E-01 -6.0489865E+00  1.1951013E+01
  4.9801890E-01 -5.9909510E+00  1.2009049E+01
  5.0260055E-01 -5.9328051E+00  1.2067195E+01
  5.0722434E-01 -5.8745555E+00  1.2125444E+01
  5.1189067E-01 -5.8162088E+00  1.2183791E+01
  5.1659994E-01 -5.7577718E+00  1.2242228E+01
  5.2135252E-01 -5.6992515E+00  1.2300749E+01
  5.2614883E-01 -5.6406551E+00  1.2359345E+01
  5.3098926E-01 -5.5819899E+00  1.2418010E+01
  5.3587422E-01 -5.5232633E+00  1.2476737E+01
  5.4080413E-01 -5.4644831E+00  1.2535517E+01
  5.4577938E-01 -5.4056570E+00  1.2594343E+01
  5.5080041E-01 -5.3467930E+00  1.2653207E+01
  5.5586763E-01 -5.2878990E+00  1.2712101E+01
  5.6098147E-01 -5.2289834E+00  1.2771017E+01
  5.6614235E-01 -5.1700544E+00  1.2829946E+01
  5.7135071E-01 -5.1111206E+00  1.2888879E+01
  5.7660699E-01 -5.0521905E+00  1.2947810E+01
  5.8191162E-01 -4.9932728E+00  1.3006727E+01
  5.8726505E-01 -4.9343764E+00  1.3065624E+01
  5.9266774E-01 -4.8755103E+00  1.3124490E+01
  5.9812012E-01 -4.8166834E+00  1.3183317E+01
  6.0362267E-01 -4.7579049E+00  1.3242095E+01
  6.0917584E-01 -4.6991840E+00  1.3300816E+01
  6.1478010E-01 -4.6405301E+00  1.3359470E+01
  6.2043591E-01 -4.5819526E+00  1.3418047E+01
  6.2614376E-01 -4.5234609E+00  1.3476539E+01
  6.3190412E-01 -4.4650645E+00  1.3534935E+01
  6.3771747E-01 -4.4067732E+00  1.3593227E+01
  6.4358430E-01 -4.3485965E+00  1.3651403E+01
  6.4950511E-01 -4.2905442E+00  1.3709456E+01
  6.5548038E-01 -4.2326260E+00  1.3767374E+01
  6.6151063E-01 -4.1748517E+00  1.3825148E+01
  6.6759635E-01 -4.1172311E+00  1.3882769E+01
  6.7373806E-01 -4.0597740E+00  1.3940226E+01
  6.7993627E-01 -4.0024904E+00  1.3997510E+01
  6.8619151E-01 -3.9453901E+00  1.4054610E+01
  6.9250429E-01 -3.8884829E+00  1.4111517E+01
  6.9887514E-01 -3.8317787E+00  1.4168221E+01
  7.0530461E-01 -3.7752874E+00  1.4224713E+01
  7.1179322E-01 -3.7190187E+00  1.4280981E+01
  7.1834153E-01 -3.6629824E+00  1.4337018E+01
  7.2495008E-01 -3.6071884E+00  1.4392812E+01
  7.3161943E-01 -3.5516463E+00  1.4448354E+01
  7.3835013E-01 -3.4963658E+00  1.4503634E+01
  7.4514276E-01 -3.4413564E+00  1.4558644E+01
  7.5199787E-01 -3.3866278E+00  1.4613372E+01
  7.5891605E-01 -3.3321895E+00  1.4667811E+01
  7.6589788E-01 -3.2780507E+00  1.4721949E+01
  7.7294393E-01 -3.2242208E+00  1.4775779E+01
  7.8005481E-01 -3.1707090E+00  1.4829291E+01
  7.8723111E-01 -3.1175244E+00  1.4882476E+01
  7.9447342E-01 -3.0646760E+00  1.4935324E+01
  8.0178237E-01 -3.0121728E+00  1.4987827E+01
  8.0915855E-01 -2.9600233E+00  1.5039977E+01
  8.1660259E-01 -2.9082364E+00  1.5091764E+01
  8.2411512E-01 -2.8568205E+00  1.5143179E+01
  8.3169676E-01 -2.8057840E+00  1.5194216E+01
  8.3934814E-01 -2.7551350E+00  1.5244865E+01
  8.4706992E-01 -2.7048816E+00  1.5295118E+01
  8.5486274E-01 -2.6550318E+00  1.5344968E+01
  8.6272724E-01 -2.6055932E+00  1.5394407E+01
  8.7066410E-01 -2.5565734E+00  1.5443427E+01
  8.7867398E-01 -2.5079798E+00  1.5492020E+01
  8.8675754E-01 -2.4598196E+00  1.5540180E+01
  8.9491548E-01 -2.4120998E+00  1.5587900E+01
  9.0314846E-01 -2.3648271E+00  1.5635173E+01
  9.1145718E-01 -2.3180083E+00  1.5681992E+01
  9.1984234E-01 -2.2716498E+00  1.5728350E+01
  9.2830464E-01 -2.2257577E+00  1.5774242E+01
  9.3684480E-01 -2.1803379E+00  1.5819662E+01
  9.4546352E-01 -2.1353964E+00  1.5864604E+01
  9.5416153E-01 -2.0909387E+00  1.5909061E+01
  9.6293955E-01 -2.0469700E+00  1.5953030E+01
  9.7179834E-01 -2.0034955E+00  1.5996505E+01
  9.8073862E-01 -1.9605200E+00  1.6039480E+01
  9.8976115E-01 -1.9180482E+00  1.6081952E+01
  9.9886669E-01 -1.8760845E+00  1.6123915E+01
  1.0080560E+00 -1.8346330E+00  1.6165367E+01
  1.0173298E+00 -1.7936977E+00  1.6206302E+01
  1.0266890E+00 -1.7532822E+00  1.6246718E+01
  1.0361343E+00 -1.7133899E+00  1.6286610E+01
  1.0456664E+00 -1.6740240E+00  1.6325976E+01
  1.0552863E+00 -1.6351875E+00  1.6364813E+01
  1.0649946E+00 -1.5968829E+00  1.6403117E+01
  1.0747923E+00 -1.5591129E+00  1.6440887E+01
  1.0846801E+00 -1.5218794E+00  1.6478121E+01
  1.0946588E+00 -1.4851845E+00  1.6514816E+01
  1.1047294E+00 -1.4490297E+00  1.6550970E+01
  1.1148926E+00 -1.4134166E+00  1.6586583E+01
  1.1251493E+00 -1.3783463E+00  1.6621654E+01
  1.1355004E+00 -1.3438197E+00  1.6656180E+01
  1.1459467E+00 -1.3098375E+00  1.6690163E+01
  1.1564891E+00 -1.2764000E+00  1.6723600E+01
  1.1671285E+00 -1.2435075E+00  1.6756492E+01
  1.1778657E+00 -1.2111599E+00  1.6788840E+01
  1.1887018E+00 -1.1793568E+00  1.6820643E+01
  1.1996375E+00 -1.1480977E+00  1.6851902E+01
  1.2106738E+00 -1.1173818E+00  1.6882618E+01
  1.2218117E+00 -1.0872081E+00  1.6912792E+01
  1.2330521E+00 -1.0575752E+00  1.6942425E+01
  1.2443958E+00 -1.0284817E+00  1.6971518E+01
  1.2558439E+00 -9.9992584E-01  1.7000074E+01
  1.2673973E+00 -9.7190566E-01  1.7028094E+01
  1.2790570E+00 -9.4441897E-01  1.7055581E+01
  1.2908240E+00 -9.1746340E-01  1.7082537E+01
  1.3026992E+00 -8.9103631E-01  1.7108964E+01
  1.3146837E+00 -8.6513490E-01  1.7134865E+01
  1.3267784E+00 -8.3975615E-01  1.7160244E+01
  1.3389844E+00 -8.1489682E-01  1.7185103E+01
  1.3513027E+00 -7.9055349E-01  1.7209447E+01
  1.3637344E+00 -7.6672257E-01  1.7233277E+01
  1.3762803E+00 -7.4340024E-01  1.7256600E+01
  1.3889417E+00 -7.2058253E-01  1.7279417E+01
  1.4017196E+00 -6.9826529E-01  1.7301735E+01
  1.4146151E+00 -6.7644420E-01  1.7323556E+01
  1.4276291E+00 -6.5511475E-01  1.7344885E+01
  1.4407629E+00 -6.3427231E-01  1.7365728E+01
  1.4540176E+00 -6.1391207E-01  1.7386088E+01
  1.4673941E+00 -5.9402908E-01  1.7405971E+01
  1.4808938E+00 -5.7461824E-01  1.7425382E+01
  1.4945176E+00 -5.5567433E-01  1.7444326E+01
  1.5082667E+00 -5.3719198E-01  1.7462808E+01
  1.5221424E+00 -5.1916571E-01  1.7480834E+01
  1.5361457E+00 -5.0158991E-01  1.7498410E+01
  1.5502778E+00 -4.8445888E-01  1.7515541E+01
  1.5645399E+00 -4.6776677E-01  1.7532233E+01
  1.5789332E+00 -4.5150767E-01  1.7548492E+01
  1.5934590E+00 -4.3567557E-01  1.7564324E+01
  1.6081184E+00 -4.2026435E-01  1.7579736E+01
  1.6229126E+00 -4.0526783E-01  1.7594732E+01
  1.6378430E+00 -3.9067974E-01  1.7609320E+01
  1.6529107E+00 -3.7649375E-01  1.7623506E+01
  1.6681170E+00 -3.6270346E-01  1.7637297E+01
  1.6834632E+00 -3.4930241E-01  1.7650698E+01
  1.6989506E+00 -3.3628411E-01  1.7663716E+01
  1.7145805E+00 -3.2364198E-01  1.7676358E+01
  1.7303542E+00 -3.1136945E-01  1.7688631E+01
  1.7462730E+00 -2.9945988E-01  1.7700540E+01
  1.7623382E+00 -2.8790662E-01  1.7712093E+01
  1.7785512E+00 -2.7670300E-01  1.7723297E+01
  1.7949134E+00 -2.6584230E-01  1.7734158E+01
  1.8114261E+00 -2.5531784E-01  1.7744682E+01
  1.8280908E+00 -2.4512289E-01  1.7754877E+01
  1.8449087E+00 -2.3525075E-01  1.7764749E+01
  1.8618813E+00 -2.2569470E-01  1.7774305E+01
  1.8790101E+00 -2.1644804E-01  1.7783552E+01
  1.8962965E+00 -2.0750409E-01  1.7792496E+01
  1.9137419E+00 -1.9885618E-01  1.7801144E+01
  1.9313478E+00 -1.9049768E-01  1.7809502E+01
  1.9491157E+00 -1.8242196E-01  1.7817578E+01
  1.9670470E+00 -1.7462244E-01  1.7825378E+01
  1.9851433E+00 -1.6709260E-01  1.7832907E+01
  2.0034061E+00 -1.5982592E-01  1.7840174E+01
  2.0218369E+00 -1.5281595E-01  1.7847184E+01
  2.0404372E+00 -1.4605629E-01  1.7853944E+01
  2.0592087E+00 -1.3954059E-01  1.7860459E+01
  2.0781528E+00 -1.3326255E-01  1.7866737E+01
  2.0972713E+00 -1.2721594E-01  1.7872784E+01
  2.1165656E+00 -1.2139459E-01  1.7878605E+01
  2.1360374E+00 -1.1579241E-01  1.7884208E+01
  2.1556883E+00 -1.1040336E-01  1.7889597E+01
  2.1755201E+00 -1.0522148E-01  1.7894779E+01
  2.1955343E+00 -1.0024090E-01  1.7899759E+01
  2.2157326E+00 -9.5455815E-02  1.7904544E+01
  2.2361167E+00 -9.0860499E-02  1.7909140E+01
  2.2566884E+00 -8.6449319E-02  1.7913551E+01
  2.2774493E+00 -8.2216723E-02  1.7917783E+01
  2.2984012E+00 -7.8157246E-02  1.7921843E+01
  2.3195458E+00 -7.4265516E-02  1.7925734E+01
  2.3408850E+00 -7.0536248E-02  1.7929464E+01
  2.3624205E+00 -6.6964252E-02  1.7933036E+01
  2.3841541E+00 -6.3544432E-02  1.7936456E+01
  2.4060877E+00 -6.0271787E-02  1.7939728E+01
  2.4282230E+00 -5.7141413E-02  1.7942859E+01
  2.4505620E+00 -5.4148503E-02  1.7945851E+01
  2.4731065E+00 -5.1288348E-02  1.7948712E+01
  2.4958584E+00 -4.8556338E-02  1.7951444E+01
  2.5188196E+00 -4.5947964E-02  1.7954052E+01
  2.5419921E+00 -4.3458816E-02  1.7956541E+01
  2.5653777E+00 -4.1084584E-02  1.7958915E+01
  2.5889785E+00 -3.8821059E-02  1.7961179E+01
  2.6127963E+00 -3.6664133E-02  1.7963336E+01
  2.6368333E+00 -3.4609797E-02  1.7965390E+01
  2.6610915E+00 -3.2654145E-02  1.7967346E+01
  2.6855728E+00 -3.0793367E-02  1.7969207E+01
  2.7102793E+00 -2.9023758E-02  1.7970976E+01
  2.7352131E+00 -2.7341709E-02  1.7972658E+01
  2.7603763E+00 -2.5743710E-02  1.7974256E+01
  2.7857710E+00 -2.4226349E-02  1.7975774E+01
  2.8113994E+00 -2.2786312E-02  1.7977214E+01
  2.8372635E+00 -2.1420381E-02  1.7978580E+01
  2.8633655E+00 -2.0125433E-02  1.7979875E+01
  2.8897077E+00 -1.8898442E-02  1.7981102E+01
  2.9162922E+00 -1.7736471E-02  1.7982264E+01
  2.9431213E+00 -1.6636679E-02  1.7983363E+01
  2.9701972E+00 -1.5596315E-02  1.7984404E+01
  2.9975222E+00 -1.4612717E-02  1.7985387E+01
  3.0250985E+00 -1.3683311E-02  1.7986317E+01
  3.0529286E+00 -1.2805612E-02  1.7987194E+01
  3.0810147E+00 -1.1977219E-02  1.7988023E+01
  3.1093592E+00 -1.1195816E-02  1.7988804E+01
  3.1379644E+00 -1.0459167E-02  1.7989541E+01
  3.1668328E+00 -9.7651214E-03  1.7990235E+01
  3.1959668E+00 -9.1116039E-03  1.7990888E+01
  3.2253688E+00 -8.4966188E-03  1.7991503E+01
  3.2550413E+00 -7.9182460E-03  1.7992082E+01
  3.2849868E+00 -7.3746396E-03  1.7992625E+01
  3.3152078E+00 -6.8640265E-03  1.7993136E+01
  3.3457068E+00 -6.3847042E-03  1.7993615E+01
  3.3764863E+00 -5.9350395E-03  1.7994065E+01
  3.4075491E+00 -5.5134665E-03  1.7994487E+01
  3.4388976E+00 -5.1184848E-03  1.7994882E+01
  3.4705345E+00 -4.7486578E-03  1.7995251E+01
  3.5024624E+00 -4.4026110E-03  1.7995597E+01
  3.5346841E+00 -4.0790300E-03  1.7995921E+01
  3.5672022E+00 -3.7766589E-03  1.7996223E+01
  3.6000195E+00 -3.4942987E-03  1.7996506E+01
  3.6331387E+00 -3.2308052E-03  1.7996769E+01
  3.6665626E+00 -2.9850872E-03  1.7997015E+01
  3.7002939E+00 -2.7561054E-03  1.7997244E+01
  3.7343356E+00 -2.5428698E-03  1.7997457E+01
  3.7686904E+00 -2.3444388E-03  1.7997656E+01
  3.8033614E+00 -2.1599170E-03  1.7997840E+01
  3.8383512E+00 -1.9884539E-03  1.7998012E+01
  3.8736630E+00 -1.8292418E-03  1.7998171E+01
  3.9092996E+00 -1.6815147E-03  1.7998318E+01
  3.9452641E+00 -1.5445465E-03  1.7998455E+01
  3.9815594E+00 -1.4176493E-03  1.7998582E+01
  4.0181887E+00 -1.3001723E-03  1.7998700E+01
  4.0551549E+00 -1.1914997E-03  1.7998809E+01
  4.0924612E+00 -1.0910499E-03  1.7998909E+01
  4.1301107E+00 -9.9827341E-04  1.7999002E+01
  4.1681066E+00 -9.1265207E-04  1.7999087E+01
  4.2064520E+00 -8.3369730E-04  1.7999166E+01
  4.2451502E+00 -7.6094889E-04  1.7999239E+01
  4.2842044E+00 -6.9397372E-04  1.7999306E+01
  4.3236179E+00 -6.3236448E-04  1.7999368E+01
  4.3633939E+00 -5.7573847E-04  1.7999424E+01
  4.4035360E+00 -5.2373641E-04  1.7999476E+01
  4.4440473E+00 -4.7602131E-04  1.7999524E+01
  4.4849313E+00 -4.3227732E-04  1.7999568E+01
  4.5261914E+00 -3.9220871E-04  1.7999608E+01
  4.5678311E+00 -3.5553880E-04  1.7999644E+01
  4.6098539E+00 -3.2200898E-04  1.7999678E+01
  4.6522632E+00 -2.9137775E-04  1.7999709E+01
  4.6950628E+00 -2.6341975E-04  1.7999737E+01
  4.7382560E+00 -2.3792495E-04  1.7999762E+01
  4.7818467E+00 -2.1469770E-04  1.7999785E+01
  4.8258383E+00 -1.9355600E-04  1.7999806E+01
  4.8702347E+00 -1.7433063E-04  1.7999826E+01
  4.9150395E+00 -1.5686447E-04  1.7999843E+01
  4.9602565E+00 -1.4101173E-04  1.7999859E+01
  5.0058895E+00 -1.2663727E-04  1.7999873E+01
  5.0519423E+00 -1.1361597E-04  1.7999886E+01
  5.0984187E+00 -1.0183207E-04  1.7999898E+01
  5.1453228E+00 -9.1178603E-05  1.7999909E+01
  5.1926583E+00 -8.1556806E-05  1.7999918E+01
  5.2404293E+00 -7.2875596E-05  1.7999927E+01
  5.2886398E+00 -6.5051056E-05  1.7999935E+01
  5.3372938E+00 -5.8005950E-05  1.7999942E+01
  5.3863954E+00 -5.1669268E-05  1.7999948E+01
  5.4359488E+00 -4.5975790E-05  1.7999954E+01
  5.4859580E+00 -4.0865683E-05  1.7999959E+01
  5.5364273E+00 -3.6284110E-05  1.7999964E+01
  5.5873609E+00 -3.2180870E-05  1.7999968E+01
  5.6387630E+00 -2.8510058E-05  1.7999971E+01
  5.6906381E+00 -2.5229742E-05  1.7999975E+01
  5.7429904E+00 -2.2301661E-05  1.7999978E+01
  5.7958243E+00 -1.9690947E-05  1.7999980E+01
  5.8491443E+00 -1.7365859E-05  1.7999983E+01
  5.9029548E+00 -1.5297531E-05  1.7999985E+01
  5.9572603E+00 -1.3459752E-05  1.7999987E+01
  6.0120654E+00 -1.1828740E-05  1.7999988E+01
  6.0673748E+00 -1.0382950E-05  1.7999990E+01
  6.1231929E+00 -9.1028808E-06  1.7999991E+01
  6.1795246E+00 -7.9709081E-06  1.7999992E+01
  6.2363745E+00 -6.9711196E-06  1.7999993E+01
  6.2937474E+00 -6.0891681E-06  1.7999994E+01
  6.3516481E+00 -5.3121331E-06  1.7999995E+01
  6.4100815E+00 -4.6283939E-06  1.7999995E+01
  6.4690525E+00 -4.0275117E-06  1.7999996E+01
  6.5285660E+00 -3.5001219E-06  1.7999996E+01
  6.5886269E+00 -3.0378343E-06  1.7999997E+01
  6.6492405E+00 -2.6331413E-06  1.7999997E+01
  6.7104116E+00 -2.2793342E-06  1.7999998E+01
  6.7721456E+00 -1.9704260E-06  1.7999998E+01
  6.8344474E+00 -1.7010812E-06  1.7999998E+01
  6.8973224E+00 -1.4665509E-06  1.7999999E+01
  6.9607759E+00 -1.2626147E-06  1.7999999E+01
  7.0248131E+00 -1.0855266E-06  1.7999999E+01
  7.0894394E+00 -9.3196651E-07  1.7999999E+01
  7.1546602E+00 -7.9899593E-07  1.7999999E+01
  7.2204811E+00 -6.8401784E-07  1.7999999E+01
  7.2869075E+00 -5.8474025E-07  1.7999999E+01
  7.3539451E+00 -4.9914337E-07  1.8000000E+01
  7.4215993E+00 -4.2544984E-07  1.8000000E+01
  7.4898759E+00 -3.6209798E-07  1.8000000E+01
  7.5587807E+00 -3.0771762E-07  1.8000000E+01
  7.6283194E+00 -2.6110845E-07  1.8000000E+01
  7.6984978E+00 -2.2122058E-07  1.8000000E+01
  7.7693218E+00 -1.8713704E-07  1.8000000E+01
  7.8407974E+00 -1.5805825E-07  1.8000000E+01
  7.9129306E+00 -1.3328805E-07  1.8000000E+01
  7.9857273E+00 -1.1222130E-07  1.8000000E+01
  8.0591938E+00 -9.4332737E-08  1.8000000E+01
  8.1333361E+00 -7.9167304E-08  1.8000000E+01
  8.2081606E+00 -6.6331292E-08  1.8000000E+01
  8.2836733E+00 -5.5484666E-08  1.8000000E+01
  8.3598808E+00 -4.6334232E-08  1.8000000E+01
  8.4367894E+00 -3.8627594E-08  1.8000000E+01
  8.5144055E+00 -3.2147870E-08  1.8000000E+01
  8.5927357E+00 -2.6708975E-08  1.8000000E+01
  8.6717864E+00 -2.2151539E-08  1.8000000E+01
  8.7515644E+00 -1.8339321E-08  1.8000000E+01
  8.8320764E+00 -1.5156026E-08  1.8000000E+01
  8.9133290E+00 -1.2502596E-08  1.8000000E+01
  8.9953292E+00 -1.0294741E-08  1.8000000E+01
  9.0780837E+00 -8.4609582E-09  1.8000000E+01
  9.1615995E+00 -6.9406170E-09  1.8000000E+01
  9.2458837E+00 -5.6824447E-09  1.8000000E+01
  9.3309432E+00 -4.6431659E-09  1.8000000E+01
  9.4167853E+00 -3.7862939E-09  1.8000000E+01
  9.5034171E+00 -3.0811407E-09  1.8000000E+01
  9.5908459E+00 -2.5019524E-09  1.8000000E+01
  9.6790790E+00 -2.0271322E-09  1.8000000E+01
  9.7681238E+00 -1.6386394E-09  1.8000000E+01
  9.8579878E+00 -1.3214105E-09  1.8000000E+01
  9.9486786E+00 -1.0628582E-09  1.8000000E+01
  1.0040204E+01 -8.5255536E-10  1.8000000E+01
  1.0132571E+01 -6.8187944E-10  1.8000000E+01
  1.0225788E+01 -5.4359361E-10  1.8000000E+01
  1.0319862E+01 -4.3184301E-10  1.8000000E+01
  1.0414802E+01 -3.4170000E-10  1.8000000E+01
  1.0510615E+01 -2.6912161E-10  1.8000000E+01
  1.0607310E+01 -2.1085356E-10  1.8000000E+01
  1.0704894E+01 -1.6413182E-10  1.8000000E+01
  1.0803376E+01 -1.2679635E-10  1.8000000E+01
  1.0902764E+01 -9.6999742E-11  1.8000000E+01
  1.1003067E+01 -7.3306694E-11  1.8000000E+01
  1.1104292E+01 -5.4473759E-11  1.8000000E+01
  1.1206448E+01 -3.9594994E-11  1.8000000E+01
  1.1309544E+01 -2.7817748E-11  1.8000000E+01
  1.1413589E+01 -1.8577140E-11  1.8000000E+01
  1.1518591E+01 -1.1322498E-11  1.8000000E+01
  1.1624559E+01 -5.6239458E-12  1.8000000E+01
  1.1731501E+01 -1.2150281E-12  1.8000000E+01
  1.1839428E+01  2.2382096E-12  1.8000000E+01
  1.1948347E+01  4.8743232E-12  1.8000000E+01
  1.2058269E+01  6.9242390E-12  1.8000000E+01
  1.2169201E+01  8.4554586E-12  1.8000000E+01
  1.2281155E+01  9.6420649E-12  1.8000000E+01
  1.2394138E+01  1.0494716E-11  1.8000000E+01
  1.2508160E+01  1.1151968E-11  1.8000000E+01
  1.2623232E+01  1.1603163E-11  1.8000000E+01
  1.2739362E+01  1.1915802E-11  1.8000000E+01
  1.2856561E+01  1.2143175E-11  1.8000000E+01
  1.2974837E+01  1.2260415E-11  1.8000000E+01
  1.3094202E+01  1.2342127E-11  1.8000000E+01
  1.3214665E+01  1.2345680E-11  1.8000000E+01
  1.3336237E+01  1.2342127E-11  1.8000000E+01
  1.3458926E+01  1.2278178E-11  1.8000000E+01
  1.3582745E+01  1.2224888E-11  1.8000000E+01
  1.3707702E+01  1.2118306E-11  1.8000000E+01
  1.3833809E+01  1.2029489E-11  1.8000000E+01
  1.3961076E+01  1.1901591E-11  1.8000000E+01
  1.4089514E+01  1.1798562E-11  1.8000000E+01
  1.4219134E+01  1.1656454E-11  1.8000000E+01
  1.4349946E+01  1.1510792E-11  1.8000000E+01
  1.4481961E+01  1.1393553E-11  1.8000000E+01
  1.4615191E+01  1.1251444E-11  1.8000000E+01
  1.4749647E+01  1.1134205E-11  1.8000000E+01
  1.4885340E+01  1.0988543E-11  1.8000000E+01
  1.5022281E+01  1.0874857E-11  1.8000000E+01
  1.5160481E+01  1.0722090E-11  1.8000000E+01
  1.5299954E+01  1.0608403E-11  1.8000000E+01
  1.5440709E+01  1.0455636E-11  1.8000000E+01
  1.5582759E+01  1.0338397E-11  1.8000000E+01
  1.5726116E+01  1.0192736E-11  1.8000000E+01
  1.5870792E+01  1.0043522E-11  1.8000000E+01
  1.6016799E+01  9.9262820E-12  1.8000000E+01
  1.6164149E+01  9.7841735E-12  1.8000000E+01
  1.6312855E+01  9.6669339E-12  1.8000000E+01
  1.6462928E+01  9.5248254E-12  1.8000000E+01
  1.6614383E+01  9.4111385E-12  1.8000000E+01
  1.6767230E+01  9.2619246E-12  1.8000000E+01
  1.6921484E+01  9.1446850E-12  1.8000000E+01
  1.7077157E+01  9.0025765E-12  1.8000000E+01
  1.7234262E+01  8.8959951E-12  1.8000000E+01
  1.7392813E+01  8.7609919E-12  1.8000000E+01
  1.7552822E+01  8.6224361E-12  1.8000000E+01
  1.7714303E+01  8.5158547E-12  1.8000000E+01
  1.7877269E+01  8.3808516E-12  1.8000000E+01
  1.8041735E+01  8.2813756E-12  1.8000000E+01
  1.8207714E+01  8.1392670E-12  1.8000000E+01
  1.8375220E+01  8.0362383E-12  1.8000000E+01
  1.8544267E+01  7.9012352E-12  1.8000000E+01
  1.8714869E+01  7.7982065E-12  1.8000000E+01
  1.8887040E+01  7.6596507E-12  1.8000000E+01
  1.9060796E+01  7.5566220E-12  1.8000000E+01
  1.9236150E+01  7.4251716E-12  1.8000000E+01
  1.9413117E+01  7.2830630E-12  1.8000000E+01
  1.9591712E+01  7.1871398E-12  1.8000000E+01
  1.9771951E+01  7.0556894E-12  1.8000000E+01
  1.9953847E+01  6.9597661E-12  1.8000000E+01
  2.0137417E+01  6.8247630E-12  1.8000000E+01
  2.0322675E+01  6.7252870E-12  1.8000000E+01
  2.0509638E+01  6.5938366E-12  1.8000000E+01
  2.0698321E+01  6.4979133E-12  1.8000000E+01
  2.0888740E+01  6.3664629E-12  1.8000000E+01
  2.1080911E+01  6.2740924E-12  1.8000000E+01
  2.1274849E+01  6.1426420E-12  1.8000000E+01
  2.1470572E+01  6.0111915E-12  1.8000000E+01
  2.1668095E+01  5.9152683E-12  1.8000000E+01
  2.1867435E+01  5.7873706E-12  1.8000000E+01
  2.2068610E+01  5.6914473E-12  1.8000000E+01
  2.2271635E+01  5.5671023E-12  1.8000000E+01
  2.2476528E+01  5.4711791E-12  1.8000000E+01
  2.2683305E+01  5.3397287E-12  1.8000000E+01
  2.2891985E+01  5.2438054E-12  1.8000000E+01
  2.3102585E+01  5.1194604E-12  1.8000000E+01
  2.3315123E+01  5.0235371E-12  1.8000000E+01
  2.3529615E+01  4.8956394E-12  1.8000000E+01
  2.3746081E+01  4.7997162E-12  1.8000000E+01
  2.3964538E+01  4.6753712E-12  1.8000000E+01
  2.4185005E+01  4.5510262E-12  1.8000000E+01
  2.4407501E+01  4.4551030E-12  1.8000000E+01
  2.4632043E+01  4.3307580E-12  1.8000000E+01
  2.4858651E+01  4.2383874E-12  1.8000000E+01
  2.5087343E+01  4.1175952E-12  1.8000000E+01
  2.5318140E+01  4.0252246E-12  1.8000000E+01
  2.5551060E+01  3.9008796E-12  1.8000000E+01
  2.5786122E+01  3.8156145E-12  1.8000000E+01
  2.6023348E+01  3.6983749E-12  1.8000000E+01
  2.6262755E+01  3.6095571E-12  1.8000000E+01
  2.6504365E+01  3.4923175E-12  1.8000000E+01
  2.6748198E+01  3.3715253E-12  1.8000000E+01
  2.6994274E+01  3.2827074E-12  1.8000000E+01
  2.7242613E+01  3.1690206E-12  1.8000000E+01
  2.7493238E+01  3.0837555E-12  1.8000000E+01
  2.7746168E+01  2.9665159E-12  1.8000000E+01
  2.8001425E+01  2.8848035E-12  1.8000000E+01
  2.8259030E+01  2.7746694E-12  1.8000000E+01
  2.8519005E+01  2.6929570E-12  1.8000000E+01
  2.8781372E+01  2.5828228E-12  1.8000000E+01
  2.9046153E+01  2.5082159E-12  1.8000000E+01
  2.9313369E+01  2.3945290E-12  1.8000000E+01
  2.9583044E+01  2.2879476E-12  1.8000000E+01
  2.9855200E+01  2.2133406E-12  1.8000000E+01
  3.0129859E+01  2.1103119E-12  1.8000000E+01
  3.0407046E+01  2.0357049E-12  1.8000000E+01
  3.0686782E+01  1.9326762E-12  1.8000000E+01
  3.0969092E+01  1.8580693E-12  1.8000000E+01
  3.1253999E+01  1.7514878E-12  1.8000000E+01
  3.1541527E+01  1.6804336E-12  1.8000000E+01
  3.1831700E+01  1.5738522E-12  1.8000000E+01
  3.2124543E+01  1.4992452E-12  1.8000000E+01
  3.2420079E+01  1.3926638E-12  1.8000000E+01
  3.2718335E+01  1.2931878E-12  1.8000000E+01
  3.3019335E+01  1.2221335E-12  1.8000000E+01
  3.3323103E+01  1.1226575E-12  1.8000000E+01
  3.3629667E+01  1.0551560E-12  1.8000000E+01
  3.3939050E+01  9.6278541E-13  1.8000000E+01
  3.4251280E+01  9.0238927E-13  1.8000000E+01
  3.4566382E+01  8.1357143E-13  1.8000000E+01
  3.4884383E+01  7.6028073E-13  1.8000000E+01
  3.5205310E+01  6.7501560E-13  1.8000000E+01
  3.5529189E+01  6.2172489E-13  1.8000000E+01
  3.5856047E+01  5.3645977E-13  1.8000000E+01
  3.6185913E+01  4.4764192E-13  1.8000000E+01
  3.6518813E+01  3.9435122E-13  1.8000000E+01
  3.6854776E+01  3.0908609E-13  1.8000000E+01
  3.7193830E+01  2.5579538E-13  1.8000000E+01
  3.7536002E+01  1.7408297E-13  1.8000000E+01
  3.7881323E+01  1.1368684E-13  1.8000000E+01
  3.8229821E+01  2.8421709E-14  1.8000000E+01
  3.8581524E+01 -2.1316282E-14  1.8000000E+01
  3.8936463E+01 -1.0658141E-13  1.8000000E+01
  3.9294668E+01 -1.5631940E-13  1.8000000E+01
  3.9656168E+01 -2.3447910E-13  1.8000000E+01
  4.0020994E+01 -2.7711167E-13  1.8000000E+01
  4.0389176E+01 -3.5171865E-13  1.8000000E+01
  4.0760745E+01 -4.3698378E-13  1.8000000E+01
  4.1135732E+01 -4.7606363E-13  1.8000000E+01
  4.1514169E+01 -5.4711791E-13  1.8000000E+01
  4.1896088E+01 -5.8975047E-13  1.8000000E+01
  4.2281520E+01 -6.6435746E-13  1.8000000E+01
  4.2670499E+01 -7.0699002E-13  1.8000000E+01
  4.3063055E+01 -7.7804430E-13  1.8000000E+01
  4.3459223E+01 -8.2067686E-13  1.8000000E+01
  4.3859036E+01 -8.9528385E-13  1.8000000E+01
  4.4262527E+01 -9.3436370E-13  1.8000000E+01
  4.4669730E+01 -1.0018653E-12  1.8000000E+01
  4.5080679E+01 -1.0729195E-12  1.8000000E+01
  4.5495408E+01 -1.1084467E-12  1.8000000E+01
  4.5913953E+01 -1.1795009E-12  1.8000000E+01
  4.6336349E+01 -1.2150281E-12  1.8000000E+01
  4.6762630E+01 -1.2789769E-12  1.8000000E+01
  4.7192833E+01 -1.3145041E-12  1.8000000E+01
  4.7626994E+01 -1.3820056E-12  1.8000000E+01
  4.8065149E+01 -1.4104273E-12  1.8000000E+01
  4.8507335E+01 -1.4708235E-12  1.8000000E+01
  4.8953589E+01 -1.5027979E-12  1.8000000E+01
  4.9403948E+01 -1.5631940E-12  1.8000000E+01
  4.9858451E+01 -1.6235902E-12  1.8000000E+01
  5.0317135E+01 -1.6555646E-12  1.8000000E+01
  5.0780038E+01 -1.7159607E-12  1.8000000E+01
  5.1247200E+01 -1.7408297E-12  1.8000000E+01
  5.1718660E+01 -1.7976731E-12  1.8000000E+01
  5.2194457E+01 -1.8260948E-12  1.8000000E+01
  5.2674632E+01 -1.8829382E-12  1.8000000E+01
  5.3159224E+01 -1.9078072E-12  1.8000000E+01
  5.3648274E+01 -1.9575452E-12  1.8000000E+01
  5.4141823E+01 -1.9717561E-12  1.8000000E+01
  5.4639912E+01 -2.0179414E-12  1.8000000E+01
  5.5142584E+01 -2.0641266E-12  1.8000000E+01
  5.5649880E+01 -2.0783375E-12  1.8000000E+01
  5.6161844E+01 -2.1138646E-12  1.8000000E+01
  5.6678517E+01 -2.1209701E-12  1.8000000E+01
  5.7199943E+01 -2.1529445E-12  1.8000000E+01
  5.7726167E+01 -2.1564972E-12  1.8000000E+01
  5.8257232E+01 -2.1849189E-12  1.8000000E+01
  5.8793182E+01 -2.1813662E-12  1.8000000E+01
  5.9334063E+01 -2.2133406E-12  1.8000000E+01
  5.9879919E+01 -2.2097879E-12  1.8000000E+01
  6.0430798E+01 -2.2382096E-12  1.8000000E+01
  6.0986744E+01 -2.2630786E-12  1.8000000E+01
  6.1547805E+01 -2.2559732E-12  1.8000000E+01
  6.2114028E+01 -2.2808422E-12  1.8000000E+01
  6.2685459E+01 -2.2701840E-12  1.8000000E+01
  6.3262148E+01 -2.2843949E-12  1.8000000E+01
  6.3844142E+01 -2.2701840E-12  1.8000000E+01
  6.4431490E+01 -2.2879476E-12  1.8000000E+01
  6.5024242E+01 -2.2701840E-12  1.8000000E+01
  6.5622447E+01 -2.2843949E-12  1.8000000E+01
  6.6226155E+01 -2.2595259E-12  1.8000000E+01
  6.6835417E+01 -2.2630786E-12  1.8000000E+01
  6.7450284E+01 -2.2701840E-12  1.8000000E+01
  6.8070808E+01 -2.2453150E-12  1.8000000E+01
  6.8697040E+01 -2.2488678E-12  1.8000000E+01
  6.9329034E+01 -2.2168933E-12  1.8000000E+01
  6.9966841E+01 -2.2168933E-12  1.8000000E+01
  7.0610517E+01 -2.1884716E-12  1.8000000E+01
  7.1260114E+01 -2.1778135E-12  1.8000000E+01
  7.1915687E+01 -2.1422863E-12  1.8000000E+01
  7.2577291E+01 -2.1316282E-12  1.8000000E+01
  7.3244982E+01 -2.0889956E-12  1.8000000E+01
  7.3918815E+01 -2.0712321E-12  1.8000000E+01
  7.4598848E+01 -2.0250468E-12  1.8000000E+01
  7.5285136E+01 -2.0143887E-12  1.8000000E+01
  7.5977738E+01 -1.9966251E-12  1.8000000E+01
  7.6676712E+01 -1.9468871E-12  1.8000000E+01
  7.7382116E+01 -1.9291235E-12  1.8000000E+01
  7.8094010E+01 -1.8722801E-12  1.8000000E+01
  7.8812453E+01 -1.8474111E-12  1.8000000E+01
  7.9537506E+01 -1.7870150E-12  1.8000000E+01
  8.0269228E+01 -1.7585933E-12  1.8000000E+01
  8.1007683E+01 -1.6946444E-12  1.8000000E+01
  8.1752931E+01 -1.6626700E-12  1.8000000E+01
  8.2505035E+01 -1.5951684E-12  1.8000000E+01
  8.3264058E+01 -1.5560886E-12  1.8000000E+01
  8.4030064E+01 -1.5170087E-12  1.8000000E+01
  8.4803117E+01 -1.4424018E-12  1.8000000E+01
  8.5583282E+01 -1.3962165E-12  1.8000000E+01
  8.6370624E+01 -1.3251622E-12  1.8000000E+01
  8.7165210E+01 -1.2789769E-12  1.8000000E+01
  8.7967105E+01 -1.1972645E-12  1.8000000E+01
  8.8776378E+01 -1.1475265E-12  1.8000000E+01
  8.9593096E+01 -1.0658141E-12  1.8000000E+01
  9.0417327E+01 -1.0125234E-12  1.8000000E+01
  9.1249141E+01 -9.2015284E-13  1.8000000E+01
  9.2088608E+01 -8.5620400E-13  1.8000000E+01
  9.2935797E+01 -7.9225515E-13  1.8000000E+01
  9.3790781E+01 -6.9277917E-13  1.8000000E+01
  9.4653630E+01 -6.1817218E-13  1.8000000E+01
  9.5524416E+01 -5.1159077E-13  1.8000000E+01
  9.6403214E+01 -4.4053650E-13  1.8000000E+01
  9.7290097E+01 -3.3040237E-13  1.8000000E+01
  9.8185139E+01 -2.4868996E-13  1.8000000E+01
  9.9088414E+01 -1.3145041E-13  1.8000000E+01
  1.0000000E+02 -4.2632564E-14  1.8000000E+01
