 # l=           0 basis function with energy    -3.14506443052748     
  0.0000E+00  0.0000E+00  0.0000E+00  0.0000E+00
  1.0222E-08  1.2402E-07 -2.1093E-08 -7.8116E-08
  2.0538E-08  2.4747E-07 -4.2379E-08 -1.5696E-07
  3.0949E-08  3.7206E-07 -6.3862E-08 -2.3653E-07
  4.1455E-08  4.9780E-07 -8.5542E-08 -3.1682E-07
  5.2059E-08  6.2469E-07 -1.0742E-07 -3.9786E-07
  6.2759E-08  7.5275E-07 -1.2950E-07 -4.7964E-07
  7.3559E-08  8.8199E-07 -1.5179E-07 -5.6218E-07
  8.4457E-08  1.0124E-06 -1.7428E-07 -6.4547E-07
  9.5456E-08  1.1440E-06 -1.9697E-07 -7.2953E-07
  1.0656E-07  1.2769E-06 -2.1988E-07 -8.1436E-07
  1.1776E-07  1.4109E-06 -2.4299E-07 -8.9997E-07
  1.2906E-07  1.5462E-06 -2.6632E-07 -9.8638E-07
  1.4047E-07  1.6828E-06 -2.8986E-07 -1.0736E-06
  1.5199E-07  1.8206E-06 -3.1362E-07 -1.1616E-06
  1.6361E-07  1.9596E-06 -3.3760E-07 -1.2504E-06
  1.7533E-07  2.1000E-06 -3.6180E-07 -1.3400E-06
  1.8717E-07  2.2416E-06 -3.8622E-07 -1.4305E-06
  1.9911E-07  2.3845E-06 -4.1087E-07 -1.5217E-06
  2.1117E-07  2.5288E-06 -4.3574E-07 -1.6139E-06
  2.2333E-07  2.6744E-06 -4.6084E-07 -1.7068E-06
  2.3561E-07  2.8213E-06 -4.8617E-07 -1.8006E-06
  2.4800E-07  2.9695E-06 -5.1174E-07 -1.8953E-06
  2.6050E-07  3.1192E-06 -5.3754E-07 -1.9909E-06
  2.7312E-07  3.2702E-06 -5.6358E-07 -2.0873E-06
  2.8585E-07  3.4226E-06 -5.8985E-07 -2.1847E-06
  2.9871E-07  3.5764E-06 -6.1637E-07 -2.2829E-06
  3.1168E-07  3.7316E-06 -6.4314E-07 -2.3820E-06
  3.2476E-07  3.8882E-06 -6.7015E-07 -2.4820E-06
  3.3797E-07  4.0463E-06 -6.9740E-07 -2.5830E-06
  3.5131E-07  4.2058E-06 -7.2491E-07 -2.6849E-06
  3.6476E-07  4.3669E-06 -7.5267E-07 -2.7877E-06
  3.7834E-07  4.5293E-06 -7.8069E-07 -2.8915E-06
  3.9204E-07  4.6933E-06 -8.0897E-07 -2.9962E-06
  4.0587E-07  4.8588E-06 -8.3750E-07 -3.1019E-06
  4.1982E-07  5.0258E-06 -8.6630E-07 -3.2085E-06
  4.3391E-07  5.1944E-06 -8.9536E-07 -3.3162E-06
  4.4812E-07  5.3645E-06 -9.2469E-07 -3.4248E-06
  4.6247E-07  5.5361E-06 -9.5429E-07 -3.5344E-06
  4.7694E-07  5.7094E-06 -9.8416E-07 -3.6451E-06
  4.9155E-07  5.8842E-06 -1.0143E-06 -3.7567E-06
  5.0630E-07  6.0607E-06 -1.0447E-06 -3.8694E-06
  5.2118E-07  6.2387E-06 -1.0754E-06 -3.9831E-06
  5.3619E-07  6.4184E-06 -1.1064E-06 -4.0979E-06
  5.5135E-07  6.5998E-06 -1.1377E-06 -4.2137E-06
  5.6664E-07  6.7828E-06 -1.1693E-06 -4.3306E-06
  5.8208E-07  6.9675E-06 -1.2011E-06 -4.4485E-06
  5.9765E-07  7.1539E-06 -1.2332E-06 -4.5676E-06
  6.1337E-07  7.3421E-06 -1.2657E-06 -4.6877E-06
  6.2924E-07  7.5319E-06 -1.2984E-06 -4.8090E-06
  6.4525E-07  7.7235E-06 -1.3315E-06 -4.9313E-06
  6.6141E-07  7.9169E-06 -1.3648E-06 -5.0548E-06
  6.7771E-07  8.1120E-06 -1.3984E-06 -5.1795E-06
  6.9417E-07  8.3090E-06 -1.4324E-06 -5.3052E-06
  7.1078E-07  8.5077E-06 -1.4667E-06 -5.4322E-06
  7.2754E-07  8.7083E-06 -1.5013E-06 -5.5602E-06
  7.4445E-07  8.9107E-06 -1.5362E-06 -5.6895E-06
  7.6153E-07  9.1150E-06 -1.5714E-06 -5.8200E-06
  7.7875E-07  9.3212E-06 -1.6069E-06 -5.9517E-06
  7.9614E-07  9.5292E-06 -1.6428E-06 -6.0845E-06
  8.1369E-07  9.7392E-06 -1.6790E-06 -6.2186E-06
  8.3139E-07  9.9511E-06 -1.7156E-06 -6.3540E-06
  8.4926E-07  1.0165E-05 -1.7524E-06 -6.4905E-06
  8.6730E-07  1.0381E-05 -1.7897E-06 -6.6284E-06
  8.8550E-07  1.0599E-05 -1.8272E-06 -6.7675E-06
  9.0387E-07  1.0818E-05 -1.8651E-06 -6.9078E-06
  9.2240E-07  1.1040E-05 -1.9034E-06 -7.0495E-06
  9.4111E-07  1.1264E-05 -1.9420E-06 -7.1925E-06
  9.5999E-07  1.1490E-05 -1.9809E-06 -7.3368E-06
  9.7905E-07  1.1718E-05 -2.0202E-06 -7.4824E-06
  9.9827E-07  1.1948E-05 -2.0599E-06 -7.6294E-06
  1.0177E-06  1.2180E-05 -2.1000E-06 -7.7777E-06
  1.0373E-06  1.2415E-05 -2.1404E-06 -7.9273E-06
  1.0570E-06  1.2651E-05 -2.1812E-06 -8.0784E-06
  1.0770E-06  1.2890E-05 -2.2223E-06 -8.2308E-06
  1.0971E-06  1.3131E-05 -2.2639E-06 -8.3847E-06
  1.1174E-06  1.3374E-05 -2.3058E-06 -8.5399E-06
  1.1379E-06  1.3619E-05 -2.3481E-06 -8.6966E-06
  1.1586E-06  1.3867E-05 -2.3908E-06 -8.8547E-06
  1.1795E-06  1.4117E-05 -2.4339E-06 -9.0143E-06
  1.2006E-06  1.4369E-05 -2.4773E-06 -9.1754E-06
  1.2218E-06  1.4624E-05 -2.5212E-06 -9.3379E-06
  1.2433E-06  1.4880E-05 -2.5655E-06 -9.5019E-06
  1.2650E-06  1.5140E-05 -2.6102E-06 -9.6675E-06
  1.2868E-06  1.5401E-05 -2.6553E-06 -9.8345E-06
  1.3089E-06  1.5665E-05 -2.7008E-06 -1.0003E-05
  1.3311E-06  1.5932E-05 -2.7468E-06 -1.0173E-05
  1.3536E-06  1.6200E-05 -2.7931E-06 -1.0345E-05
  1.3763E-06  1.6472E-05 -2.8399E-06 -1.0518E-05
  1.3992E-06  1.6746E-05 -2.8871E-06 -1.0693E-05
  1.4223E-06  1.7022E-05 -2.9348E-06 -1.0870E-05
  1.4456E-06  1.7301E-05 -2.9829E-06 -1.1048E-05
  1.4691E-06  1.7582E-05 -3.0314E-06 -1.1228E-05
  1.4928E-06  1.7866E-05 -3.0804E-06 -1.1409E-05
  1.5168E-06  1.8153E-05 -3.1298E-06 -1.1592E-05
  1.5410E-06  1.8442E-05 -3.1797E-06 -1.1777E-05
  1.5654E-06  1.8734E-05 -3.2301E-06 -1.1963E-05
  1.5900E-06  1.9029E-05 -3.2809E-06 -1.2151E-05
  1.6148E-06  1.9326E-05 -3.3322E-06 -1.2341E-05
  1.6399E-06  1.9627E-05 -3.3839E-06 -1.2533E-05
  1.6652E-06  1.9929E-05 -3.4361E-06 -1.2726E-05
  1.6908E-06  2.0235E-05 -3.4888E-06 -1.2922E-05
  1.7165E-06  2.0544E-05 -3.5420E-06 -1.3119E-05
  1.7425E-06  2.0855E-05 -3.5957E-06 -1.3317E-05
  1.7688E-06  2.1169E-05 -3.6499E-06 -1.3518E-05
  1.7953E-06  2.1486E-05 -3.7045E-06 -1.3721E-05
  1.8220E-06  2.1806E-05 -3.7597E-06 -1.3925E-05
  1.8490E-06  2.2129E-05 -3.8154E-06 -1.4131E-05
  1.8762E-06  2.2455E-05 -3.8716E-06 -1.4339E-05
  1.9037E-06  2.2784E-05 -3.9283E-06 -1.4549E-05
  1.9315E-06  2.3116E-05 -3.9855E-06 -1.4761E-05
  1.9595E-06  2.3451E-05 -4.0433E-06 -1.4975E-05
  1.9877E-06  2.3789E-05 -4.1016E-06 -1.5191E-05
  2.0162E-06  2.4130E-05 -4.1604E-06 -1.5409E-05
  2.0450E-06  2.4474E-05 -4.2198E-06 -1.5629E-05
  2.0740E-06  2.4822E-05 -4.2797E-06 -1.5851E-05
  2.1033E-06  2.5172E-05 -4.3401E-06 -1.6075E-05
  2.1329E-06  2.5526E-05 -4.4012E-06 -1.6301E-05
  2.1627E-06  2.5883E-05 -4.4628E-06 -1.6529E-05
  2.1928E-06  2.6244E-05 -4.5249E-06 -1.6759E-05
  2.2232E-06  2.6607E-05 -4.5876E-06 -1.6991E-05
  2.2539E-06  2.6974E-05 -4.6509E-06 -1.7226E-05
  2.2849E-06  2.7345E-05 -4.7148E-06 -1.7462E-05
  2.3161E-06  2.7719E-05 -4.7793E-06 -1.7701E-05
  2.3476E-06  2.8096E-05 -4.8443E-06 -1.7942E-05
  2.3795E-06  2.8477E-05 -4.9100E-06 -1.8185E-05
  2.4116E-06  2.8861E-05 -4.9762E-06 -1.8431E-05
  2.4440E-06  2.9249E-05 -5.0431E-06 -1.8678E-05
  2.4767E-06  2.9640E-05 -5.1106E-06 -1.8928E-05
  2.5097E-06  3.0035E-05 -5.1787E-06 -1.9181E-05
  2.5430E-06  3.0434E-05 -5.2475E-06 -1.9435E-05
  2.5766E-06  3.0836E-05 -5.3168E-06 -1.9692E-05
  2.6106E-06  3.1242E-05 -5.3868E-06 -1.9951E-05
  2.6448E-06  3.1652E-05 -5.4575E-06 -2.0213E-05
  2.6793E-06  3.2065E-05 -5.5288E-06 -2.0477E-05
  2.7142E-06  3.2483E-05 -5.6007E-06 -2.0744E-05
  2.7494E-06  3.2904E-05 -5.6734E-06 -2.1012E-05
  2.7849E-06  3.3329E-05 -5.7466E-06 -2.1284E-05
  2.8208E-06  3.3758E-05 -5.8206E-06 -2.1558E-05
  2.8569E-06  3.4191E-05 -5.8952E-06 -2.1834E-05
  2.8934E-06  3.4627E-05 -5.9706E-06 -2.2113E-05
  2.9303E-06  3.5068E-05 -6.0466E-06 -2.2395E-05
  2.9675E-06  3.5513E-05 -6.1233E-06 -2.2679E-05
  3.0050E-06  3.5962E-05 -6.2007E-06 -2.2966E-05
  3.0429E-06  3.6415E-05 -6.2789E-06 -2.3255E-05
  3.0811E-06  3.6873E-05 -6.3577E-06 -2.3547E-05
  3.1196E-06  3.7334E-05 -6.4373E-06 -2.3842E-05
  3.1586E-06  3.7800E-05 -6.5176E-06 -2.4139E-05
  3.1978E-06  3.8270E-05 -6.5987E-06 -2.4440E-05
  3.2375E-06  3.8744E-05 -6.6805E-06 -2.4743E-05
  3.2775E-06  3.9223E-05 -6.7630E-06 -2.5048E-05
  3.3179E-06  3.9706E-05 -6.8463E-06 -2.5357E-05
  3.3586E-06  4.0194E-05 -6.9304E-06 -2.5668E-05
  3.3997E-06  4.0686E-05 -7.0153E-06 -2.5983E-05
  3.4412E-06  4.1183E-05 -7.1009E-06 -2.6300E-05
  3.4831E-06  4.1684E-05 -7.1873E-06 -2.6620E-05
  3.5254E-06  4.2189E-05 -7.2745E-06 -2.6943E-05
  3.5680E-06  4.2700E-05 -7.3625E-06 -2.7269E-05
  3.6111E-06  4.3215E-05 -7.4514E-06 -2.7598E-05
  3.6545E-06  4.3735E-05 -7.5410E-06 -2.7930E-05
  3.6984E-06  4.4259E-05 -7.6315E-06 -2.8265E-05
  3.7426E-06  4.4789E-05 -7.7228E-06 -2.8603E-05
  3.7873E-06  4.5323E-05 -7.8149E-06 -2.8944E-05
  3.8323E-06  4.5863E-05 -7.9079E-06 -2.9289E-05
  3.8778E-06  4.6407E-05 -8.0017E-06 -2.9636E-05
  3.9237E-06  4.6956E-05 -8.0965E-06 -2.9987E-05
  3.9700E-06  4.7510E-05 -8.1920E-06 -3.0341E-05
  4.0168E-06  4.8070E-05 -8.2885E-06 -3.0698E-05
  4.0639E-06  4.8634E-05 -8.3858E-06 -3.1059E-05
  4.1115E-06  4.9204E-05 -8.4841E-06 -3.1423E-05
  4.1596E-06  4.9779E-05 -8.5832E-06 -3.1790E-05
  4.2081E-06  5.0359E-05 -8.6833E-06 -3.2160E-05
  4.2570E-06  5.0945E-05 -8.7843E-06 -3.2534E-05
  4.3064E-06  5.1536E-05 -8.8862E-06 -3.2912E-05
  4.3562E-06  5.2132E-05 -8.9890E-06 -3.3293E-05
  4.4065E-06  5.2734E-05 -9.0928E-06 -3.3677E-05
  4.4573E-06  5.3341E-05 -9.1975E-06 -3.4065E-05
  4.5085E-06  5.3954E-05 -9.3032E-06 -3.4457E-05
  4.5602E-06  5.4573E-05 -9.4099E-06 -3.4852E-05
  4.6124E-06  5.5197E-05 -9.5176E-06 -3.5250E-05
  4.6651E-06  5.5827E-05 -9.6262E-06 -3.5653E-05
  4.7182E-06  5.6463E-05 -9.7359E-06 -3.6059E-05
  4.7718E-06  5.7105E-05 -9.8465E-06 -3.6469E-05
  4.8259E-06  5.7753E-05 -9.9582E-06 -3.6882E-05
  4.8806E-06  5.8406E-05 -1.0071E-05 -3.7300E-05
  4.9357E-06  5.9066E-05 -1.0185E-05 -3.7721E-05
  4.9913E-06  5.9731E-05 -1.0299E-05 -3.8146E-05
  5.0474E-06  6.0403E-05 -1.0415E-05 -3.8575E-05
  5.1041E-06  6.1081E-05 -1.0532E-05 -3.9008E-05
  5.1613E-06  6.1765E-05 -1.0650E-05 -3.9445E-05
  5.2190E-06  6.2456E-05 -1.0769E-05 -3.9886E-05
  5.2772E-06  6.3153E-05 -1.0889E-05 -4.0331E-05
  5.3360E-06  6.3856E-05 -1.1011E-05 -4.0781E-05
  5.3953E-06  6.4566E-05 -1.1133E-05 -4.1234E-05
  5.4552E-06  6.5282E-05 -1.1257E-05 -4.1691E-05
  5.5156E-06  6.6005E-05 -1.1381E-05 -4.2153E-05
  5.5765E-06  6.6734E-05 -1.1507E-05 -4.2619E-05
  5.6381E-06  6.7471E-05 -1.1634E-05 -4.3089E-05
  5.7001E-06  6.8213E-05 -1.1762E-05 -4.3564E-05
  5.7628E-06  6.8963E-05 -1.1891E-05 -4.4043E-05
  5.8260E-06  6.9720E-05 -1.2022E-05 -4.4526E-05
  5.8899E-06  7.0484E-05 -1.2154E-05 -4.5014E-05
  5.9543E-06  7.1254E-05 -1.2287E-05 -4.5506E-05
  6.0193E-06  7.2032E-05 -1.2421E-05 -4.6003E-05
  6.0849E-06  7.2817E-05 -1.2556E-05 -4.6504E-05
  6.1511E-06  7.3609E-05 -1.2693E-05 -4.7010E-05
  6.2179E-06  7.4409E-05 -1.2830E-05 -4.7520E-05
  6.2853E-06  7.5216E-05 -1.2970E-05 -4.8036E-05
  6.3534E-06  7.6030E-05 -1.3110E-05 -4.8556E-05
  6.4220E-06  7.6851E-05 -1.3252E-05 -4.9081E-05
  6.4913E-06  7.7681E-05 -1.3395E-05 -4.9610E-05
  6.5613E-06  7.8518E-05 -1.3539E-05 -5.0145E-05
  6.6319E-06  7.9362E-05 -1.3685E-05 -5.0684E-05
  6.7031E-06  8.0215E-05 -1.3832E-05 -5.1229E-05
  6.7750E-06  8.1075E-05 -1.3980E-05 -5.1778E-05
  6.8475E-06  8.1943E-05 -1.4130E-05 -5.2332E-05
  6.9207E-06  8.2819E-05 -1.4281E-05 -5.2892E-05
  6.9946E-06  8.3703E-05 -1.4433E-05 -5.3457E-05
  7.0692E-06  8.4595E-05 -1.4587E-05 -5.4027E-05
  7.1445E-06  8.5496E-05 -1.4742E-05 -5.4602E-05
  7.2204E-06  8.6405E-05 -1.4899E-05 -5.5182E-05
  7.2971E-06  8.7322E-05 -1.5057E-05 -5.5768E-05
  7.3744E-06  8.8247E-05 -1.5217E-05 -5.6359E-05
  7.4525E-06  8.9182E-05 -1.5378E-05 -5.6956E-05
  7.5313E-06  9.0124E-05 -1.5541E-05 -5.7558E-05
  7.6108E-06  9.1076E-05 -1.5705E-05 -5.8166E-05
  7.6910E-06  9.2036E-05 -1.5870E-05 -5.8779E-05
  7.7720E-06  9.3005E-05 -1.6037E-05 -5.9398E-05
  7.8537E-06  9.3982E-05 -1.6206E-05 -6.0022E-05
  7.9362E-06  9.4969E-05 -1.6376E-05 -6.0653E-05
  8.0194E-06  9.5965E-05 -1.6548E-05 -6.1289E-05
  8.1034E-06  9.6970E-05 -1.6721E-05 -6.1931E-05
  8.1882E-06  9.7985E-05 -1.6896E-05 -6.2578E-05
  8.2737E-06  9.9008E-05 -1.7073E-05 -6.3232E-05
  8.3601E-06  1.0004E-04 -1.7251E-05 -6.3892E-05
  8.4472E-06  1.0108E-04 -1.7431E-05 -6.4558E-05
  8.5351E-06  1.0214E-04 -1.7612E-05 -6.5230E-05
  8.6239E-06  1.0320E-04 -1.7795E-05 -6.5908E-05
  8.7134E-06  1.0427E-04 -1.7980E-05 -6.6593E-05
  8.8038E-06  1.0535E-04 -1.8166E-05 -6.7284E-05
  8.8950E-06  1.0644E-04 -1.8355E-05 -6.7981E-05
  8.9871E-06  1.0754E-04 -1.8545E-05 -6.8684E-05
  9.0800E-06  1.0866E-04 -1.8736E-05 -6.9394E-05
  9.1737E-06  1.0978E-04 -1.8930E-05 -7.0111E-05
  9.2684E-06  1.1091E-04 -1.9125E-05 -7.0834E-05
  9.3638E-06  1.1205E-04 -1.9322E-05 -7.1564E-05
  9.4602E-06  1.1321E-04 -1.9521E-05 -7.2300E-05
  9.5575E-06  1.1437E-04 -1.9722E-05 -7.3043E-05
  9.6556E-06  1.1554E-04 -1.9924E-05 -7.3793E-05
  9.7547E-06  1.1673E-04 -2.0129E-05 -7.4550E-05
  9.8546E-06  1.1792E-04 -2.0335E-05 -7.5314E-05
  9.9555E-06  1.1913E-04 -2.0543E-05 -7.6085E-05
  1.0057E-05  1.2035E-04 -2.0753E-05 -7.6863E-05
  1.0160E-05  1.2158E-04 -2.0965E-05 -7.7649E-05
  1.0264E-05  1.2282E-04 -2.1179E-05 -7.8441E-05
  1.0368E-05  1.2407E-04 -2.1395E-05 -7.9241E-05
  1.0474E-05  1.2534E-04 -2.1613E-05 -8.0048E-05
  1.0581E-05  1.2661E-04 -2.1833E-05 -8.0863E-05
  1.0688E-05  1.2790E-04 -2.2055E-05 -8.1685E-05
  1.0797E-05  1.2920E-04 -2.2279E-05 -8.2514E-05
  1.0906E-05  1.3051E-04 -2.2505E-05 -8.3351E-05
  1.1017E-05  1.3183E-04 -2.2733E-05 -8.4196E-05
  1.1128E-05  1.3316E-04 -2.2963E-05 -8.5049E-05
  1.1241E-05  1.3451E-04 -2.3196E-05 -8.5910E-05
  1.1355E-05  1.3587E-04 -2.3430E-05 -8.6778E-05
  1.1469E-05  1.3724E-04 -2.3667E-05 -8.7655E-05
  1.1585E-05  1.3863E-04 -2.3905E-05 -8.8539E-05
  1.1702E-05  1.4003E-04 -2.4146E-05 -8.9432E-05
  1.1820E-05  1.4144E-04 -2.4390E-05 -9.0333E-05
  1.1939E-05  1.4286E-04 -2.4635E-05 -9.1242E-05
  1.2059E-05  1.4430E-04 -2.4883E-05 -9.2159E-05
  1.2180E-05  1.4575E-04 -2.5133E-05 -9.3085E-05
  1.2302E-05  1.4721E-04 -2.5385E-05 -9.4020E-05
  1.2426E-05  1.4869E-04 -2.5640E-05 -9.4963E-05
  1.2550E-05  1.5018E-04 -2.5897E-05 -9.5915E-05
  1.2676E-05  1.5168E-04 -2.6156E-05 -9.6875E-05
  1.2803E-05  1.5320E-04 -2.6418E-05 -9.7844E-05
  1.2931E-05  1.5473E-04 -2.6682E-05 -9.8823E-05
  1.3060E-05  1.5627E-04 -2.6949E-05 -9.9810E-05
  1.3190E-05  1.5783E-04 -2.7218E-05 -1.0081E-04
  1.3322E-05  1.5941E-04 -2.7489E-05 -1.0181E-04
  1.3454E-05  1.6100E-04 -2.7763E-05 -1.0283E-04
  1.3588E-05  1.6260E-04 -2.8040E-05 -1.0385E-04
  1.3724E-05  1.6422E-04 -2.8319E-05 -1.0488E-04
  1.3860E-05  1.6585E-04 -2.8600E-05 -1.0593E-04
  1.3998E-05  1.6750E-04 -2.8884E-05 -1.0698E-04
  1.4137E-05  1.6916E-04 -2.9171E-05 -1.0804E-04
  1.4277E-05  1.7084E-04 -2.9461E-05 -1.0911E-04
  1.4419E-05  1.7253E-04 -2.9753E-05 -1.1020E-04
  1.4562E-05  1.7424E-04 -3.0048E-05 -1.1129E-04
  1.4706E-05  1.7597E-04 -3.0345E-05 -1.1239E-04
  1.4851E-05  1.7771E-04 -3.0645E-05 -1.1350E-04
  1.4998E-05  1.7947E-04 -3.0948E-05 -1.1462E-04
  1.5146E-05  1.8124E-04 -3.1254E-05 -1.1576E-04
  1.5296E-05  1.8303E-04 -3.1563E-05 -1.1690E-04
  1.5447E-05  1.8483E-04 -3.1874E-05 -1.1805E-04
  1.5599E-05  1.8666E-04 -3.2189E-05 -1.1922E-04
  1.5753E-05  1.8850E-04 -3.2506E-05 -1.2039E-04
  1.5908E-05  1.9035E-04 -3.2826E-05 -1.2158E-04
  1.6065E-05  1.9222E-04 -3.3149E-05 -1.2277E-04
  1.6223E-05  1.9411E-04 -3.3475E-05 -1.2398E-04
  1.6382E-05  1.9602E-04 -3.3804E-05 -1.2520E-04
  1.6543E-05  1.9795E-04 -3.4136E-05 -1.2643E-04
  1.6706E-05  1.9989E-04 -3.4471E-05 -1.2767E-04
  1.6869E-05  2.0185E-04 -3.4810E-05 -1.2893E-04
  1.7035E-05  2.0383E-04 -3.5151E-05 -1.3019E-04
  1.7202E-05  2.0583E-04 -3.5495E-05 -1.3147E-04
  1.7370E-05  2.0784E-04 -3.5843E-05 -1.3275E-04
  1.7540E-05  2.0988E-04 -3.6194E-05 -1.3405E-04
  1.7712E-05  2.1193E-04 -3.6548E-05 -1.3536E-04
  1.7885E-05  2.1400E-04 -3.6905E-05 -1.3669E-04
  1.8060E-05  2.1609E-04 -3.7266E-05 -1.3802E-04
  1.8236E-05  2.1820E-04 -3.7630E-05 -1.3937E-04
  1.8414E-05  2.2033E-04 -3.7997E-05 -1.4073E-04
  1.8594E-05  2.2248E-04 -3.8368E-05 -1.4210E-04
  1.8775E-05  2.2465E-04 -3.8742E-05 -1.4349E-04
  1.8958E-05  2.2684E-04 -3.9119E-05 -1.4489E-04
  1.9143E-05  2.2905E-04 -3.9500E-05 -1.4630E-04
  1.9329E-05  2.3128E-04 -3.9885E-05 -1.4772E-04
  1.9517E-05  2.3353E-04 -4.0273E-05 -1.4916E-04
  1.9707E-05  2.3580E-04 -4.0664E-05 -1.5061E-04
  1.9898E-05  2.3809E-04 -4.1060E-05 -1.5207E-04
  2.0092E-05  2.4040E-04 -4.1459E-05 -1.5355E-04
  2.0287E-05  2.4273E-04 -4.1861E-05 -1.5504E-04
  2.0483E-05  2.4509E-04 -4.2267E-05 -1.5655E-04
  2.0682E-05  2.4746E-04 -4.2677E-05 -1.5806E-04
  2.0883E-05  2.4986E-04 -4.3091E-05 -1.5960E-04
  2.1085E-05  2.5228E-04 -4.3508E-05 -1.6114E-04
  2.1289E-05  2.5473E-04 -4.3930E-05 -1.6270E-04
  2.1495E-05  2.5719E-04 -4.4355E-05 -1.6428E-04
  2.1703E-05  2.5968E-04 -4.4784E-05 -1.6587E-04
  2.1913E-05  2.6219E-04 -4.5217E-05 -1.6747E-04
  2.2125E-05  2.6472E-04 -4.5654E-05 -1.6909E-04
  2.2339E-05  2.6728E-04 -4.6095E-05 -1.7072E-04
  2.2554E-05  2.6986E-04 -4.6541E-05 -1.7237E-04
  2.2772E-05  2.7247E-04 -4.6990E-05 -1.7404E-04
  2.2992E-05  2.7509E-04 -4.7443E-05 -1.7572E-04
  2.3214E-05  2.7775E-04 -4.7901E-05 -1.7741E-04
  2.3437E-05  2.8042E-04 -4.8362E-05 -1.7912E-04
  2.3663E-05  2.8313E-04 -4.8829E-05 -1.8085E-04
  2.3891E-05  2.8585E-04 -4.9299E-05 -1.8259E-04
  2.4121E-05  2.8860E-04 -4.9773E-05 -1.8435E-04
  2.4353E-05  2.9138E-04 -5.0252E-05 -1.8612E-04
  2.4588E-05  2.9418E-04 -5.0736E-05 -1.8791E-04
  2.4824E-05  2.9701E-04 -5.1224E-05 -1.8972E-04
  2.5063E-05  2.9986E-04 -5.1716E-05 -1.9154E-04
  2.5303E-05  3.0274E-04 -5.2213E-05 -1.9338E-04
  2.5546E-05  3.0565E-04 -5.2714E-05 -1.9524E-04
  2.5792E-05  3.0859E-04 -5.3220E-05 -1.9711E-04
  2.6039E-05  3.1155E-04 -5.3731E-05 -1.9900E-04
  2.6289E-05  3.1453E-04 -5.4246E-05 -2.0091E-04
  2.6541E-05  3.1755E-04 -5.4767E-05 -2.0284E-04
  2.6795E-05  3.2059E-04 -5.5292E-05 -2.0478E-04
  2.7052E-05  3.2366E-04 -5.5821E-05 -2.0675E-04
  2.7311E-05  3.2676E-04 -5.6356E-05 -2.0873E-04
  2.7573E-05  3.2989E-04 -5.6896E-05 -2.1072E-04
  2.7836E-05  3.3305E-04 -5.7440E-05 -2.1274E-04
  2.8103E-05  3.3623E-04 -5.7990E-05 -2.1478E-04
  2.8372E-05  3.3945E-04 -5.8544E-05 -2.1683E-04
  2.8643E-05  3.4269E-04 -5.9104E-05 -2.1890E-04
  2.8917E-05  3.4596E-04 -5.9669E-05 -2.2100E-04
  2.9193E-05  3.4927E-04 -6.0239E-05 -2.2311E-04
  2.9472E-05  3.5260E-04 -6.0814E-05 -2.2524E-04
  2.9753E-05  3.5597E-04 -6.1394E-05 -2.2739E-04
  3.0037E-05  3.5936E-04 -6.1980E-05 -2.2956E-04
  3.0323E-05  3.6279E-04 -6.2572E-05 -2.3175E-04
  3.0613E-05  3.6625E-04 -6.3168E-05 -2.3396E-04
  3.0904E-05  3.6974E-04 -6.3771E-05 -2.3619E-04
  3.1199E-05  3.7326E-04 -6.4378E-05 -2.3844E-04
  3.1496E-05  3.7682E-04 -6.4992E-05 -2.4071E-04
  3.1796E-05  3.8041E-04 -6.5611E-05 -2.4300E-04
  3.2099E-05  3.8403E-04 -6.6235E-05 -2.4532E-04
  3.2404E-05  3.8768E-04 -6.6866E-05 -2.4765E-04
  3.2713E-05  3.9137E-04 -6.7502E-05 -2.5001E-04
  3.3024E-05  3.9509E-04 -6.8144E-05 -2.5239E-04
  3.3338E-05  3.9885E-04 -6.8792E-05 -2.5479E-04
  3.3655E-05  4.0264E-04 -6.9446E-05 -2.5721E-04
  3.3975E-05  4.0646E-04 -7.0106E-05 -2.5965E-04
  3.4298E-05  4.1032E-04 -7.0772E-05 -2.6212E-04
  3.4623E-05  4.1422E-04 -7.1444E-05 -2.6461E-04
  3.4952E-05  4.1815E-04 -7.2123E-05 -2.6712E-04
  3.5284E-05  4.2212E-04 -7.2807E-05 -2.6966E-04
  3.5619E-05  4.2612E-04 -7.3498E-05 -2.7222E-04
  3.5957E-05  4.3016E-04 -7.4196E-05 -2.7480E-04
  3.6298E-05  4.3424E-04 -7.4899E-05 -2.7741E-04
  3.6642E-05  4.3836E-04 -7.5609E-05 -2.8004E-04
  3.6989E-05  4.4251E-04 -7.6326E-05 -2.8269E-04
  3.7340E-05  4.4670E-04 -7.7049E-05 -2.8537E-04
  3.7693E-05  4.5093E-04 -7.7779E-05 -2.8807E-04
  3.8050E-05  4.5520E-04 -7.8516E-05 -2.9080E-04
  3.8411E-05  4.5951E-04 -7.9259E-05 -2.9355E-04
  3.8774E-05  4.6386E-04 -8.0010E-05 -2.9633E-04
  3.9141E-05  4.6825E-04 -8.0767E-05 -2.9914E-04
  3.9511E-05  4.7268E-04 -8.1531E-05 -3.0197E-04
  3.9885E-05  4.7715E-04 -8.2302E-05 -3.0482E-04
  4.0262E-05  4.8166E-04 -8.3080E-05 -3.0771E-04
  4.0643E-05  4.8621E-04 -8.3866E-05 -3.1061E-04
  4.1027E-05  4.9080E-04 -8.4658E-05 -3.1355E-04
  4.1415E-05  4.9544E-04 -8.5458E-05 -3.1651E-04
  4.1806E-05  5.0012E-04 -8.6265E-05 -3.1950E-04
  4.2201E-05  5.0484E-04 -8.7080E-05 -3.2252E-04
  4.2599E-05  5.0960E-04 -8.7902E-05 -3.2557E-04
  4.3001E-05  5.1441E-04 -8.8732E-05 -3.2864E-04
  4.3407E-05  5.1926E-04 -8.9570E-05 -3.3174E-04
  4.3817E-05  5.2416E-04 -9.0415E-05 -3.3487E-04
  4.4230E-05  5.2910E-04 -9.1268E-05 -3.3803E-04
  4.4647E-05  5.3409E-04 -9.2128E-05 -3.4122E-04
  4.5068E-05  5.3912E-04 -9.2997E-05 -3.4443E-04
  4.5493E-05  5.4420E-04 -9.3874E-05 -3.4768E-04
  4.5922E-05  5.4933E-04 -9.4758E-05 -3.5096E-04
  4.6354E-05  5.5451E-04 -9.5651E-05 -3.5426E-04
  4.6791E-05  5.5973E-04 -9.6552E-05 -3.5760E-04
  4.7232E-05  5.6500E-04 -9.7462E-05 -3.6097E-04
  4.7676E-05  5.7031E-04 -9.8379E-05 -3.6437E-04
  4.8125E-05  5.7568E-04 -9.9305E-05 -3.6780E-04
  4.8578E-05  5.8110E-04 -1.0024E-04 -3.7126E-04
  4.9035E-05  5.8656E-04 -1.0118E-04 -3.7475E-04
  4.9497E-05  5.9208E-04 -1.0214E-04 -3.7828E-04
  4.9962E-05  5.9764E-04 -1.0310E-04 -3.8184E-04
  5.0432E-05  6.0326E-04 -1.0407E-04 -3.8543E-04
  5.0906E-05  6.0893E-04 -1.0504E-04 -3.8905E-04
  5.1385E-05  6.1465E-04 -1.0603E-04 -3.9271E-04
  5.1868E-05  6.2043E-04 -1.0703E-04 -3.9640E-04
  5.2355E-05  6.2626E-04 -1.0803E-04 -4.0013E-04
  5.2847E-05  6.3214E-04 -1.0905E-04 -4.0389E-04
  5.3343E-05  6.3807E-04 -1.1007E-04 -4.0768E-04
  5.3844E-05  6.4406E-04 -1.1111E-04 -4.1151E-04
  5.4350E-05  6.5010E-04 -1.1215E-04 -4.1537E-04
  5.4860E-05  6.5620E-04 -1.1320E-04 -4.1927E-04
  5.5375E-05  6.6236E-04 -1.1427E-04 -4.2321E-04
  5.5895E-05  6.6857E-04 -1.1534E-04 -4.2718E-04
  5.6419E-05  6.7484E-04 -1.1642E-04 -4.3119E-04
  5.6948E-05  6.8117E-04 -1.1751E-04 -4.3523E-04
  5.7483E-05  6.8756E-04 -1.1861E-04 -4.3931E-04
  5.8022E-05  6.9400E-04 -1.1973E-04 -4.4343E-04
  5.8566E-05  7.0050E-04 -1.2085E-04 -4.4759E-04
  5.9115E-05  7.0707E-04 -1.2198E-04 -4.5179E-04
  5.9669E-05  7.1369E-04 -1.2313E-04 -4.5602E-04
  6.0228E-05  7.2038E-04 -1.2428E-04 -4.6029E-04
  6.0792E-05  7.2712E-04 -1.2544E-04 -4.6461E-04
  6.1362E-05  7.3393E-04 -1.2662E-04 -4.6896E-04
  6.1936E-05  7.4080E-04 -1.2780E-04 -4.7335E-04
  6.2516E-05  7.4773E-04 -1.2900E-04 -4.7778E-04
  6.3102E-05  7.5473E-04 -1.3021E-04 -4.8226E-04
  6.3693E-05  7.6179E-04 -1.3143E-04 -4.8677E-04
  6.4289E-05  7.6892E-04 -1.3266E-04 -4.9133E-04
  6.4890E-05  7.7611E-04 -1.3390E-04 -4.9593E-04
  6.5498E-05  7.8337E-04 -1.3515E-04 -5.0057E-04
  6.6110E-05  7.9069E-04 -1.3642E-04 -5.0525E-04
  6.6729E-05  7.9808E-04 -1.3769E-04 -5.0998E-04
  6.7353E-05  8.0554E-04 -1.3898E-04 -5.1475E-04
  6.7983E-05  8.1307E-04 -1.4028E-04 -5.1956E-04
  6.8618E-05  8.2067E-04 -1.4159E-04 -5.2442E-04
  6.9260E-05  8.2834E-04 -1.4292E-04 -5.2932E-04
  6.9907E-05  8.3608E-04 -1.4425E-04 -5.3427E-04
  7.0561E-05  8.4388E-04 -1.4560E-04 -5.3926E-04
  7.1220E-05  8.5176E-04 -1.4696E-04 -5.4430E-04
  7.1885E-05  8.5972E-04 -1.4833E-04 -5.4939E-04
  7.2557E-05  8.6774E-04 -1.4972E-04 -5.5452E-04
  7.3235E-05  8.7584E-04 -1.5112E-04 -5.5970E-04
  7.3919E-05  8.8402E-04 -1.5253E-04 -5.6493E-04
  7.4609E-05  8.9227E-04 -1.5395E-04 -5.7020E-04
  7.5305E-05  9.0059E-04 -1.5539E-04 -5.7553E-04
  7.6008E-05  9.0899E-04 -1.5684E-04 -5.8090E-04
  7.6718E-05  9.1747E-04 -1.5831E-04 -5.8632E-04
  7.7434E-05  9.2603E-04 -1.5978E-04 -5.9179E-04
  7.8157E-05  9.3467E-04 -1.6127E-04 -5.9731E-04
  7.8886E-05  9.4338E-04 -1.6278E-04 -6.0289E-04
  7.9622E-05  9.5217E-04 -1.6430E-04 -6.0851E-04
  8.0364E-05  9.6105E-04 -1.6583E-04 -6.1419E-04
  8.1114E-05  9.7001E-04 -1.6738E-04 -6.1992E-04
  8.1870E-05  9.7905E-04 -1.6894E-04 -6.2570E-04
  8.2634E-05  9.8817E-04 -1.7051E-04 -6.3153E-04
  8.3404E-05  9.9738E-04 -1.7210E-04 -6.3742E-04
  8.4182E-05  1.0067E-03 -1.7371E-04 -6.4336E-04
  8.4966E-05  1.0160E-03 -1.7533E-04 -6.4936E-04
  8.5758E-05  1.0255E-03 -1.7696E-04 -6.5541E-04
  8.6558E-05  1.0351E-03 -1.7861E-04 -6.6152E-04
  8.7364E-05  1.0447E-03 -1.8027E-04 -6.6768E-04
  8.8178E-05  1.0544E-03 -1.8195E-04 -6.7390E-04
  8.8999E-05  1.0642E-03 -1.8365E-04 -6.8018E-04
  8.9828E-05  1.0741E-03 -1.8536E-04 -6.8652E-04
  9.0665E-05  1.0841E-03 -1.8709E-04 -6.9291E-04
  9.1509E-05  1.0942E-03 -1.8883E-04 -6.9936E-04
  9.2361E-05  1.1044E-03 -1.9059E-04 -7.0588E-04
  9.3221E-05  1.1147E-03 -1.9236E-04 -7.1245E-04
  9.4089E-05  1.1250E-03 -1.9415E-04 -7.1908E-04
  9.4965E-05  1.1355E-03 -1.9596E-04 -7.2577E-04
  9.5849E-05  1.1461E-03 -1.9778E-04 -7.3253E-04
  9.6741E-05  1.1567E-03 -1.9962E-04 -7.3935E-04
  9.7641E-05  1.1675E-03 -2.0148E-04 -7.4623E-04
  9.8550E-05  1.1783E-03 -2.0336E-04 -7.5317E-04
  9.9466E-05  1.1893E-03 -2.0525E-04 -7.6018E-04
  1.0039E-04  1.2003E-03 -2.0716E-04 -7.6725E-04
  1.0133E-04  1.2115E-03 -2.0908E-04 -7.7438E-04
  1.0227E-04  1.2227E-03 -2.1103E-04 -7.8159E-04
  1.0322E-04  1.2341E-03 -2.1299E-04 -7.8886E-04
  1.0418E-04  1.2456E-03 -2.1497E-04 -7.9619E-04
  1.0515E-04  1.2571E-03 -2.1697E-04 -8.0359E-04
  1.0612E-04  1.2688E-03 -2.1899E-04 -8.1106E-04
  1.0711E-04  1.2806E-03 -2.2102E-04 -8.1860E-04
  1.0811E-04  1.2925E-03 -2.2308E-04 -8.2621E-04
  1.0911E-04  1.3045E-03 -2.2515E-04 -8.3389E-04
  1.1013E-04  1.3166E-03 -2.2724E-04 -8.4164E-04
  1.1115E-04  1.3288E-03 -2.2935E-04 -8.4946E-04
  1.1218E-04  1.3412E-03 -2.3149E-04 -8.5736E-04
  1.1322E-04  1.3536E-03 -2.3364E-04 -8.6532E-04
  1.1428E-04  1.3662E-03 -2.3581E-04 -8.7336E-04
  1.1534E-04  1.3788E-03 -2.3800E-04 -8.8147E-04
  1.1641E-04  1.3916E-03 -2.4021E-04 -8.8966E-04
  1.1749E-04  1.4046E-03 -2.4244E-04 -8.9792E-04
  1.1858E-04  1.4176E-03 -2.4469E-04 -9.0626E-04
  1.1968E-04  1.4307E-03 -2.4696E-04 -9.1468E-04
  1.2079E-04  1.4440E-03 -2.4926E-04 -9.2317E-04
  1.2192E-04  1.4574E-03 -2.5157E-04 -9.3174E-04
  1.2305E-04  1.4709E-03 -2.5390E-04 -9.4039E-04
  1.2419E-04  1.4845E-03 -2.5626E-04 -9.4912E-04
  1.2534E-04  1.4983E-03 -2.5864E-04 -9.5793E-04
  1.2651E-04  1.5122E-03 -2.6104E-04 -9.6682E-04
  1.2768E-04  1.5262E-03 -2.6346E-04 -9.7579E-04
  1.2886E-04  1.5404E-03 -2.6591E-04 -9.8485E-04
  1.3006E-04  1.5546E-03 -2.6838E-04 -9.9399E-04
  1.3127E-04  1.5691E-03 -2.7087E-04 -1.0032E-03
  1.3248E-04  1.5836E-03 -2.7338E-04 -1.0125E-03
  1.3371E-04  1.5983E-03 -2.7591E-04 -1.0219E-03
  1.3495E-04  1.6131E-03 -2.7847E-04 -1.0314E-03
  1.3621E-04  1.6280E-03 -2.8106E-04 -1.0410E-03
  1.3747E-04  1.6431E-03 -2.8366E-04 -1.0506E-03
  1.3874E-04  1.6583E-03 -2.8629E-04 -1.0604E-03
  1.4003E-04  1.6737E-03 -2.8895E-04 -1.0702E-03
  1.4133E-04  1.6892E-03 -2.9163E-04 -1.0801E-03
  1.4264E-04  1.7048E-03 -2.9433E-04 -1.0901E-03
  1.4396E-04  1.7206E-03 -2.9706E-04 -1.1002E-03
  1.4530E-04  1.7365E-03 -2.9982E-04 -1.1104E-03
  1.4664E-04  1.7526E-03 -3.0260E-04 -1.1207E-03
  1.4800E-04  1.7688E-03 -3.0540E-04 -1.1311E-03
  1.4937E-04  1.7852E-03 -3.0823E-04 -1.1416E-03
  1.5076E-04  1.8017E-03 -3.1109E-04 -1.1522E-03
  1.5216E-04  1.8184E-03 -3.1397E-04 -1.1629E-03
  1.5357E-04  1.8352E-03 -3.1688E-04 -1.1736E-03
  1.5499E-04  1.8522E-03 -3.1982E-04 -1.1845E-03
  1.5642E-04  1.8693E-03 -3.2278E-04 -1.1955E-03
  1.5787E-04  1.8866E-03 -3.2577E-04 -1.2066E-03
  1.5934E-04  1.9041E-03 -3.2879E-04 -1.2177E-03
  1.6081E-04  1.9217E-03 -3.3183E-04 -1.2290E-03
  1.6230E-04  1.9395E-03 -3.3491E-04 -1.2404E-03
  1.6381E-04  1.9574E-03 -3.3801E-04 -1.2519E-03
  1.6532E-04  1.9755E-03 -3.4114E-04 -1.2635E-03
  1.6685E-04  1.9938E-03 -3.4430E-04 -1.2752E-03
  1.6840E-04  2.0122E-03 -3.4749E-04 -1.2870E-03
  1.6996E-04  2.0308E-03 -3.5071E-04 -1.2989E-03
  1.7153E-04  2.0496E-03 -3.5395E-04 -1.3109E-03
  1.7312E-04  2.0686E-03 -3.5723E-04 -1.3231E-03
  1.7472E-04  2.0877E-03 -3.6054E-04 -1.3353E-03
  1.7634E-04  2.1070E-03 -3.6388E-04 -1.3477E-03
  1.7797E-04  2.1265E-03 -3.6725E-04 -1.3602E-03
  1.7962E-04  2.1461E-03 -3.7065E-04 -1.3728E-03
  1.8128E-04  2.1659E-03 -3.7408E-04 -1.3855E-03
  1.8296E-04  2.1860E-03 -3.7754E-04 -1.3983E-03
  1.8466E-04  2.2062E-03 -3.8103E-04 -1.4112E-03
  1.8636E-04  2.2265E-03 -3.8456E-04 -1.4243E-03
  1.8809E-04  2.2471E-03 -3.8812E-04 -1.4375E-03
  1.8983E-04  2.2679E-03 -3.9171E-04 -1.4508E-03
  1.9159E-04  2.2888E-03 -3.9534E-04 -1.4642E-03
  1.9336E-04  2.3100E-03 -3.9899E-04 -1.4778E-03
  1.9515E-04  2.3313E-03 -4.0268E-04 -1.4914E-03
  1.9695E-04  2.3528E-03 -4.0641E-04 -1.5052E-03
  1.9878E-04  2.3746E-03 -4.1017E-04 -1.5192E-03
  2.0062E-04  2.3965E-03 -4.1397E-04 -1.5332E-03
  2.0247E-04  2.4186E-03 -4.1779E-04 -1.5474E-03
  2.0434E-04  2.4409E-03 -4.2166E-04 -1.5617E-03
  2.0623E-04  2.4635E-03 -4.2556E-04 -1.5762E-03
  2.0814E-04  2.4862E-03 -4.2950E-04 -1.5907E-03
  2.1007E-04  2.5092E-03 -4.3347E-04 -1.6054E-03
  2.1201E-04  2.5323E-03 -4.3748E-04 -1.6203E-03
  2.1397E-04  2.5557E-03 -4.4152E-04 -1.6353E-03
  2.1595E-04  2.5793E-03 -4.4561E-04 -1.6504E-03
  2.1795E-04  2.6031E-03 -4.4973E-04 -1.6657E-03
  2.1996E-04  2.6271E-03 -4.5388E-04 -1.6811E-03
  2.2199E-04  2.6514E-03 -4.5808E-04 -1.6966E-03
  2.2405E-04  2.6758E-03 -4.6232E-04 -1.7123E-03
  2.2612E-04  2.7005E-03 -4.6659E-04 -1.7281E-03
  2.2821E-04  2.7254E-03 -4.7090E-04 -1.7441E-03
  2.3032E-04  2.7506E-03 -4.7526E-04 -1.7602E-03
  2.3245E-04  2.7760E-03 -4.7965E-04 -1.7765E-03
  2.3460E-04  2.8016E-03 -4.8408E-04 -1.7929E-03
  2.3676E-04  2.8274E-03 -4.8856E-04 -1.8095E-03
  2.3895E-04  2.8535E-03 -4.9307E-04 -1.8262E-03
  2.4116E-04  2.8798E-03 -4.9763E-04 -1.8431E-03
  2.4339E-04  2.9064E-03 -5.0223E-04 -1.8601E-03
  2.4564E-04  2.9332E-03 -5.0687E-04 -1.8773E-03
  2.4791E-04  2.9602E-03 -5.1156E-04 -1.8947E-03
  2.5020E-04  2.9875E-03 -5.1628E-04 -1.9122E-03
  2.5251E-04  3.0150E-03 -5.2106E-04 -1.9298E-03
  2.5485E-04  3.0428E-03 -5.2587E-04 -1.9477E-03
  2.5720E-04  3.0709E-03 -5.3073E-04 -1.9657E-03
  2.5958E-04  3.0992E-03 -5.3563E-04 -1.9838E-03
  2.6198E-04  3.1278E-03 -5.4058E-04 -2.0022E-03
  2.6440E-04  3.1566E-03 -5.4558E-04 -2.0207E-03
  2.6684E-04  3.1857E-03 -5.5062E-04 -2.0393E-03
  2.6930E-04  3.2150E-03 -5.5570E-04 -2.0582E-03
  2.7179E-04  3.2447E-03 -5.6084E-04 -2.0772E-03
  2.7430E-04  3.2746E-03 -5.6602E-04 -2.0964E-03
  2.7684E-04  3.3047E-03 -5.7124E-04 -2.1157E-03
  2.7939E-04  3.3352E-03 -5.7652E-04 -2.1353E-03
  2.8197E-04  3.3659E-03 -5.8185E-04 -2.1550E-03
  2.8458E-04  3.3969E-03 -5.8722E-04 -2.1749E-03
  2.8721E-04  3.4282E-03 -5.9264E-04 -2.1950E-03
  2.8986E-04  3.4598E-03 -5.9812E-04 -2.2153E-03
  2.9254E-04  3.4916E-03 -6.0364E-04 -2.2357E-03
  2.9524E-04  3.5238E-03 -6.0921E-04 -2.2564E-03
  2.9796E-04  3.5563E-03 -6.1484E-04 -2.2772E-03
  3.0071E-04  3.5890E-03 -6.2052E-04 -2.2982E-03
  3.0349E-04  3.6221E-03 -6.2625E-04 -2.3194E-03
  3.0629E-04  3.6554E-03 -6.3203E-04 -2.3409E-03
  3.0912E-04  3.6891E-03 -6.3787E-04 -2.3625E-03
  3.1198E-04  3.7230E-03 -6.4375E-04 -2.3843E-03
  3.1486E-04  3.7573E-03 -6.4970E-04 -2.4063E-03
  3.1776E-04  3.7919E-03 -6.5570E-04 -2.4285E-03
  3.2070E-04  3.8268E-03 -6.6175E-04 -2.4509E-03
  3.2366E-04  3.8620E-03 -6.6786E-04 -2.4736E-03
  3.2664E-04  3.8976E-03 -6.7402E-04 -2.4964E-03
  3.2966E-04  3.9334E-03 -6.8025E-04 -2.5194E-03
  3.3270E-04  3.9696E-03 -6.8652E-04 -2.5427E-03
  3.3577E-04  4.0062E-03 -6.9286E-04 -2.5662E-03
  3.3887E-04  4.0430E-03 -6.9926E-04 -2.5898E-03
  3.4200E-04  4.0802E-03 -7.0571E-04 -2.6138E-03
  3.4516E-04  4.1178E-03 -7.1222E-04 -2.6379E-03
  3.4834E-04  4.1557E-03 -7.1880E-04 -2.6622E-03
  3.5156E-04  4.1939E-03 -7.2543E-04 -2.6868E-03
  3.5480E-04  4.2325E-03 -7.3213E-04 -2.7116E-03
  3.5808E-04  4.2714E-03 -7.3888E-04 -2.7366E-03
  3.6138E-04  4.3107E-03 -7.4570E-04 -2.7619E-03
  3.6472E-04  4.3503E-03 -7.5258E-04 -2.7874E-03
  3.6808E-04  4.3904E-03 -7.5953E-04 -2.8131E-03
  3.7148E-04  4.4307E-03 -7.6654E-04 -2.8390E-03
  3.7491E-04  4.4715E-03 -7.7361E-04 -2.8652E-03
  3.7836E-04  4.5126E-03 -7.8075E-04 -2.8917E-03
  3.8186E-04  4.5541E-03 -7.8795E-04 -2.9183E-03
  3.8538E-04  4.5960E-03 -7.9522E-04 -2.9453E-03
  3.8893E-04  4.6382E-03 -8.0256E-04 -2.9724E-03
  3.9252E-04  4.6809E-03 -8.0996E-04 -2.9999E-03
  3.9614E-04  4.7239E-03 -8.1743E-04 -3.0275E-03
  3.9980E-04  4.7673E-03 -8.2498E-04 -3.0555E-03
  4.0349E-04  4.8111E-03 -8.3259E-04 -3.0837E-03
  4.0721E-04  4.8554E-03 -8.4027E-04 -3.1121E-03
  4.1097E-04  4.9000E-03 -8.4802E-04 -3.1408E-03
  4.1476E-04  4.9450E-03 -8.5584E-04 -3.1698E-03
  4.1858E-04  4.9905E-03 -8.6374E-04 -3.1990E-03
  4.2244E-04  5.0363E-03 -8.7170E-04 -3.2285E-03
  4.2634E-04  5.0826E-03 -8.7974E-04 -3.2583E-03
  4.3027E-04  5.1293E-03 -8.8786E-04 -3.2884E-03
  4.3424E-04  5.1764E-03 -8.9605E-04 -3.3187E-03
  4.3825E-04  5.2240E-03 -9.0431E-04 -3.3493E-03
  4.4229E-04  5.2720E-03 -9.1265E-04 -3.3802E-03
  4.4637E-04  5.3204E-03 -9.2107E-04 -3.4114E-03
  4.5048E-04  5.3692E-03 -9.2956E-04 -3.4428E-03
  4.5464E-04  5.4186E-03 -9.3814E-04 -3.4746E-03
  4.5883E-04  5.4683E-03 -9.4679E-04 -3.5066E-03
  4.6306E-04  5.5185E-03 -9.5552E-04 -3.5390E-03
  4.6733E-04  5.5692E-03 -9.6433E-04 -3.5716E-03
  4.7164E-04  5.6204E-03 -9.7322E-04 -3.6045E-03
  4.7599E-04  5.6720E-03 -9.8220E-04 -3.6378E-03
  4.8038E-04  5.7240E-03 -9.9126E-04 -3.6713E-03
  4.8481E-04  5.7766E-03 -1.0004E-03 -3.7052E-03
  4.8928E-04  5.8296E-03 -1.0096E-03 -3.7393E-03
  4.9379E-04  5.8831E-03 -1.0189E-03 -3.7738E-03
  4.9835E-04  5.9371E-03 -1.0283E-03 -3.8086E-03
  5.0294E-04  5.9916E-03 -1.0378E-03 -3.8437E-03
  5.0758E-04  6.0466E-03 -1.0474E-03 -3.8792E-03
  5.1226E-04  6.1021E-03 -1.0570E-03 -3.9149E-03
  5.1698E-04  6.1581E-03 -1.0668E-03 -3.9510E-03
  5.2175E-04  6.2146E-03 -1.0766E-03 -3.9875E-03
  5.2656E-04  6.2716E-03 -1.0865E-03 -4.0242E-03
  5.3141E-04  6.3292E-03 -1.0966E-03 -4.0613E-03
  5.3631E-04  6.3873E-03 -1.1067E-03 -4.0988E-03
  5.4125E-04  6.4458E-03 -1.1169E-03 -4.1366E-03
  5.4624E-04  6.5050E-03 -1.1272E-03 -4.1747E-03
  5.5128E-04  6.5646E-03 -1.1376E-03 -4.2132E-03
  5.5636E-04  6.6249E-03 -1.1480E-03 -4.2520E-03
  5.6149E-04  6.6856E-03 -1.1586E-03 -4.2912E-03
  5.6666E-04  6.7469E-03 -1.1693E-03 -4.3308E-03
  5.7189E-04  6.8088E-03 -1.1801E-03 -4.3707E-03
  5.7716E-04  6.8712E-03 -1.1910E-03 -4.4110E-03
  5.8248E-04  6.9342E-03 -1.2019E-03 -4.4516E-03
  5.8785E-04  6.9978E-03 -1.2130E-03 -4.4927E-03
  5.9327E-04  7.0620E-03 -1.2242E-03 -4.5341E-03
  5.9873E-04  7.1267E-03 -1.2355E-03 -4.5759E-03
  6.0425E-04  7.1920E-03 -1.2469E-03 -4.6180E-03
  6.0982E-04  7.2580E-03 -1.2584E-03 -4.6606E-03
  6.1544E-04  7.3245E-03 -1.2700E-03 -4.7035E-03
  6.2112E-04  7.3916E-03 -1.2817E-03 -4.7469E-03
  6.2684E-04  7.4593E-03 -1.2935E-03 -4.7906E-03
  6.3262E-04  7.5277E-03 -1.3054E-03 -4.8348E-03
  6.3845E-04  7.5967E-03 -1.3174E-03 -4.8794E-03
  6.4433E-04  7.6663E-03 -1.3296E-03 -4.9243E-03
  6.5027E-04  7.7365E-03 -1.3418E-03 -4.9697E-03
  6.5626E-04  7.8074E-03 -1.3542E-03 -5.0155E-03
  6.6231E-04  7.8789E-03 -1.3667E-03 -5.0617E-03
  6.6841E-04  7.9511E-03 -1.3793E-03 -5.1084E-03
  6.7457E-04  8.0239E-03 -1.3920E-03 -5.1554E-03
  6.8079E-04  8.0974E-03 -1.4048E-03 -5.2029E-03
  6.8706E-04  8.1715E-03 -1.4177E-03 -5.2509E-03
  6.9339E-04  8.2464E-03 -1.4308E-03 -5.2993E-03
  6.9978E-04  8.3219E-03 -1.4440E-03 -5.3481E-03
  7.0623E-04  8.3981E-03 -1.4573E-03 -5.3974E-03
  7.1274E-04  8.4749E-03 -1.4707E-03 -5.4471E-03
  7.1930E-04  8.5525E-03 -1.4843E-03 -5.4973E-03
  7.2593E-04  8.6308E-03 -1.4979E-03 -5.5480E-03
  7.3262E-04  8.7098E-03 -1.5117E-03 -5.5991E-03
  7.3937E-04  8.7895E-03 -1.5257E-03 -5.6507E-03
  7.4618E-04  8.8700E-03 -1.5397E-03 -5.7027E-03
  7.5306E-04  8.9511E-03 -1.5539E-03 -5.7553E-03
  7.5999E-04  9.0330E-03 -1.5682E-03 -5.8083E-03
  7.6700E-04  9.1157E-03 -1.5827E-03 -5.8618E-03
  7.7406E-04  9.1991E-03 -1.5973E-03 -5.9158E-03
  7.8119E-04  9.2832E-03 -1.6120E-03 -5.9703E-03
  7.8839E-04  9.3682E-03 -1.6268E-03 -6.0253E-03
  7.9565E-04  9.4538E-03 -1.6418E-03 -6.0808E-03
  8.0298E-04  9.5403E-03 -1.6569E-03 -6.1368E-03
  8.1038E-04  9.6276E-03 -1.6722E-03 -6.1934E-03
  8.1785E-04  9.7156E-03 -1.6876E-03 -6.2504E-03
  8.2538E-04  9.8044E-03 -1.7032E-03 -6.3080E-03
  8.3299E-04  9.8941E-03 -1.7188E-03 -6.3661E-03
  8.4066E-04  9.9845E-03 -1.7347E-03 -6.4248E-03
  8.4840E-04  1.0076E-02 -1.7507E-03 -6.4840E-03
  8.5622E-04  1.0168E-02 -1.7668E-03 -6.5437E-03
  8.6411E-04  1.0261E-02 -1.7831E-03 -6.6040E-03
  8.7206E-04  1.0355E-02 -1.7995E-03 -6.6648E-03
  8.8010E-04  1.0449E-02 -1.8161E-03 -6.7262E-03
  8.8820E-04  1.0545E-02 -1.8328E-03 -6.7881E-03
  8.9639E-04  1.0641E-02 -1.8497E-03 -6.8507E-03
  9.0464E-04  1.0738E-02 -1.8667E-03 -6.9138E-03
  9.1298E-04  1.0836E-02 -1.8839E-03 -6.9775E-03
  9.2138E-04  1.0935E-02 -1.9013E-03 -7.0417E-03
  9.2987E-04  1.1035E-02 -1.9188E-03 -7.1066E-03
  9.3844E-04  1.1136E-02 -1.9364E-03 -7.1720E-03
  9.4708E-04  1.1238E-02 -1.9543E-03 -7.2381E-03
  9.5580E-04  1.1340E-02 -1.9723E-03 -7.3048E-03
  9.6461E-04  1.1444E-02 -1.9904E-03 -7.3720E-03
  9.7349E-04  1.1548E-02 -2.0088E-03 -7.4399E-03
  9.8246E-04  1.1654E-02 -2.0273E-03 -7.5085E-03
  9.9151E-04  1.1760E-02 -2.0459E-03 -7.5776E-03
  1.0006E-03  1.1867E-02 -2.0648E-03 -7.6474E-03
  1.0099E-03  1.1976E-02 -2.0838E-03 -7.7178E-03
  1.0192E-03  1.2085E-02 -2.1030E-03 -7.7889E-03
  1.0285E-03  1.2195E-02 -2.1224E-03 -7.8607E-03
  1.0380E-03  1.2307E-02 -2.1419E-03 -7.9330E-03
  1.0476E-03  1.2419E-02 -2.1616E-03 -8.0061E-03
  1.0572E-03  1.2532E-02 -2.1815E-03 -8.0798E-03
  1.0670E-03  1.2646E-02 -2.2016E-03 -8.1542E-03
  1.0768E-03  1.2762E-02 -2.2219E-03 -8.2293E-03
  1.0867E-03  1.2878E-02 -2.2424E-03 -8.3051E-03
  1.0967E-03  1.2996E-02 -2.2630E-03 -8.3816E-03
  1.1068E-03  1.3114E-02 -2.2839E-03 -8.4588E-03
  1.1170E-03  1.3234E-02 -2.3049E-03 -8.5367E-03
  1.1273E-03  1.3354E-02 -2.3261E-03 -8.6153E-03
  1.1377E-03  1.3476E-02 -2.3475E-03 -8.6946E-03
  1.1481E-03  1.3599E-02 -2.3692E-03 -8.7747E-03
  1.1587E-03  1.3723E-02 -2.3910E-03 -8.8555E-03
  1.1694E-03  1.3848E-02 -2.4130E-03 -8.9371E-03
  1.1802E-03  1.3974E-02 -2.4352E-03 -9.0194E-03
  1.1910E-03  1.4101E-02 -2.4576E-03 -9.1024E-03
  1.2020E-03  1.4230E-02 -2.4803E-03 -9.1862E-03
  1.2131E-03  1.4359E-02 -2.5031E-03 -9.2708E-03
  1.2242E-03  1.4490E-02 -2.5262E-03 -9.3562E-03
  1.2355E-03  1.4622E-02 -2.5494E-03 -9.4423E-03
  1.2469E-03  1.4755E-02 -2.5729E-03 -9.5293E-03
  1.2584E-03  1.4889E-02 -2.5966E-03 -9.6170E-03
  1.2699E-03  1.5025E-02 -2.6205E-03 -9.7056E-03
  1.2816E-03  1.5162E-02 -2.6446E-03 -9.7949E-03
  1.2934E-03  1.5300E-02 -2.6690E-03 -9.8851E-03
  1.3053E-03  1.5439E-02 -2.6935E-03 -9.9762E-03
  1.3174E-03  1.5579E-02 -2.7184E-03 -1.0068E-02
  1.3295E-03  1.5721E-02 -2.7434E-03 -1.0161E-02
  1.3417E-03  1.5864E-02 -2.7686E-03 -1.0254E-02
  1.3541E-03  1.6008E-02 -2.7941E-03 -1.0349E-02
  1.3666E-03  1.6154E-02 -2.8199E-03 -1.0444E-02
  1.3791E-03  1.6301E-02 -2.8458E-03 -1.0540E-02
  1.3918E-03  1.6449E-02 -2.8720E-03 -1.0637E-02
  1.4047E-03  1.6598E-02 -2.8985E-03 -1.0735E-02
  1.4176E-03  1.6749E-02 -2.9252E-03 -1.0834E-02
  1.4306E-03  1.6902E-02 -2.9521E-03 -1.0934E-02
  1.4438E-03  1.7055E-02 -2.9793E-03 -1.1034E-02
  1.4571E-03  1.7210E-02 -3.0067E-03 -1.1136E-02
  1.4705E-03  1.7366E-02 -3.0344E-03 -1.1238E-02
  1.4841E-03  1.7524E-02 -3.0623E-03 -1.1342E-02
  1.4977E-03  1.7683E-02 -3.0905E-03 -1.1446E-02
  1.5115E-03  1.7844E-02 -3.1190E-03 -1.1552E-02
  1.5254E-03  1.8006E-02 -3.1477E-03 -1.1658E-02
  1.5395E-03  1.8169E-02 -3.1766E-03 -1.1765E-02
  1.5536E-03  1.8334E-02 -3.2059E-03 -1.1874E-02
  1.5679E-03  1.8501E-02 -3.2354E-03 -1.1983E-02
  1.5824E-03  1.8669E-02 -3.2652E-03 -1.2093E-02
  1.5969E-03  1.8838E-02 -3.2953E-03 -1.2205E-02
  1.6116E-03  1.9009E-02 -3.3256E-03 -1.2317E-02
  1.6265E-03  1.9181E-02 -3.3562E-03 -1.2430E-02
  1.6415E-03  1.9355E-02 -3.3871E-03 -1.2545E-02
  1.6566E-03  1.9531E-02 -3.4183E-03 -1.2660E-02
  1.6718E-03  1.9708E-02 -3.4498E-03 -1.2777E-02
  1.6872E-03  1.9887E-02 -3.4815E-03 -1.2895E-02
  1.7027E-03  2.0067E-02 -3.5136E-03 -1.3013E-02
  1.7184E-03  2.0249E-02 -3.5459E-03 -1.3133E-02
  1.7342E-03  2.0432E-02 -3.5785E-03 -1.3254E-02
  1.7502E-03  2.0617E-02 -3.6115E-03 -1.3376E-02
  1.7663E-03  2.0804E-02 -3.6447E-03 -1.3499E-02
  1.7826E-03  2.0993E-02 -3.6783E-03 -1.3623E-02
  1.7990E-03  2.1183E-02 -3.7121E-03 -1.3749E-02
  1.8155E-03  2.1374E-02 -3.7463E-03 -1.3875E-02
  1.8323E-03  2.1568E-02 -3.7808E-03 -1.4003E-02
  1.8491E-03  2.1763E-02 -3.8156E-03 -1.4132E-02
  1.8661E-03  2.1960E-02 -3.8507E-03 -1.4262E-02
  1.8833E-03  2.2159E-02 -3.8862E-03 -1.4393E-02
  1.9007E-03  2.2359E-02 -3.9219E-03 -1.4526E-02
  1.9182E-03  2.2562E-02 -3.9581E-03 -1.4660E-02
  1.9358E-03  2.2766E-02 -3.9945E-03 -1.4794E-02
  1.9536E-03  2.2972E-02 -4.0313E-03 -1.4931E-02
  1.9716E-03  2.3179E-02 -4.0684E-03 -1.5068E-02
  1.9898E-03  2.3389E-02 -4.1058E-03 -1.5207E-02
  2.0081E-03  2.3600E-02 -4.1436E-03 -1.5347E-02
  2.0266E-03  2.3813E-02 -4.1817E-03 -1.5488E-02
  2.0452E-03  2.4029E-02 -4.2202E-03 -1.5631E-02
  2.0640E-03  2.4246E-02 -4.2591E-03 -1.5774E-02
  2.0830E-03  2.4465E-02 -4.2983E-03 -1.5920E-02
  2.1022E-03  2.4686E-02 -4.3378E-03 -1.6066E-02
  2.1216E-03  2.4908E-02 -4.3778E-03 -1.6214E-02
  2.1411E-03  2.5133E-02 -4.4181E-03 -1.6363E-02
  2.1608E-03  2.5360E-02 -4.4587E-03 -1.6514E-02
  2.1807E-03  2.5589E-02 -4.4998E-03 -1.6666E-02
  2.2008E-03  2.5820E-02 -4.5412E-03 -1.6819E-02
  2.2210E-03  2.6053E-02 -4.5830E-03 -1.6974E-02
  2.2415E-03  2.6288E-02 -4.6252E-03 -1.7130E-02
  2.2621E-03  2.6525E-02 -4.6677E-03 -1.7288E-02
  2.2829E-03  2.6764E-02 -4.7107E-03 -1.7447E-02
  2.3039E-03  2.7005E-02 -4.7541E-03 -1.7608E-02
  2.3251E-03  2.7248E-02 -4.7978E-03 -1.7770E-02
  2.3465E-03  2.7494E-02 -4.8420E-03 -1.7933E-02
  2.3681E-03  2.7741E-02 -4.8865E-03 -1.8098E-02
  2.3899E-03  2.7991E-02 -4.9315E-03 -1.8265E-02
  2.4119E-03  2.8243E-02 -4.9769E-03 -1.8433E-02
  2.4341E-03  2.8497E-02 -5.0227E-03 -1.8603E-02
  2.4565E-03  2.8754E-02 -5.0689E-03 -1.8774E-02
  2.4791E-03  2.9013E-02 -5.1156E-03 -1.8947E-02
  2.5019E-03  2.9274E-02 -5.1627E-03 -1.9121E-02
  2.5250E-03  2.9537E-02 -5.2102E-03 -1.9297E-02
  2.5482E-03  2.9803E-02 -5.2582E-03 -1.9475E-02
  2.5717E-03  3.0070E-02 -5.3065E-03 -1.9654E-02
  2.5953E-03  3.0341E-02 -5.3554E-03 -1.9835E-02
  2.6192E-03  3.0613E-02 -5.4047E-03 -2.0017E-02
  2.6433E-03  3.0888E-02 -5.4544E-03 -2.0202E-02
  2.6677E-03  3.1166E-02 -5.5046E-03 -2.0388E-02
  2.6922E-03  3.1446E-02 -5.5553E-03 -2.0575E-02
  2.7170E-03  3.1728E-02 -5.6064E-03 -2.0765E-02
  2.7420E-03  3.2013E-02 -5.6580E-03 -2.0956E-02
  2.7672E-03  3.2300E-02 -5.7101E-03 -2.1149E-02
  2.7927E-03  3.2590E-02 -5.7626E-03 -2.1343E-02
  2.8184E-03  3.2882E-02 -5.8157E-03 -2.1540E-02
  2.8443E-03  3.3177E-02 -5.8692E-03 -2.1738E-02
  2.8705E-03  3.3474E-02 -5.9232E-03 -2.1938E-02
  2.8969E-03  3.3774E-02 -5.9777E-03 -2.2140E-02
  2.9236E-03  3.4077E-02 -6.0327E-03 -2.2344E-02
  2.9505E-03  3.4382E-02 -6.0882E-03 -2.2549E-02
  2.9777E-03  3.4690E-02 -6.1443E-03 -2.2757E-02
  3.0051E-03  3.5001E-02 -6.2008E-03 -2.2966E-02
  3.0327E-03  3.5314E-02 -6.2579E-03 -2.3178E-02
  3.0606E-03  3.5630E-02 -6.3155E-03 -2.3391E-02
  3.0888E-03  3.5949E-02 -6.3736E-03 -2.3606E-02
  3.1172E-03  3.6270E-02 -6.4323E-03 -2.3823E-02
  3.1459E-03  3.6595E-02 -6.4915E-03 -2.4043E-02
  3.1749E-03  3.6922E-02 -6.5512E-03 -2.4264E-02
  3.2041E-03  3.7252E-02 -6.6115E-03 -2.4487E-02
  3.2336E-03  3.7584E-02 -6.6723E-03 -2.4712E-02
  3.2633E-03  3.7920E-02 -6.7337E-03 -2.4940E-02
  3.2933E-03  3.8259E-02 -6.7957E-03 -2.5169E-02
  3.3237E-03  3.8600E-02 -6.8582E-03 -2.5401E-02
  3.3542E-03  3.8945E-02 -6.9214E-03 -2.5635E-02
  3.3851E-03  3.9292E-02 -6.9850E-03 -2.5871E-02
  3.4163E-03  3.9643E-02 -7.0493E-03 -2.6109E-02
  3.4477E-03  3.9996E-02 -7.1142E-03 -2.6349E-02
  3.4794E-03  4.0352E-02 -7.1797E-03 -2.6592E-02
  3.5115E-03  4.0712E-02 -7.2457E-03 -2.6836E-02
  3.5438E-03  4.1075E-02 -7.3124E-03 -2.7083E-02
  3.5764E-03  4.1440E-02 -7.3797E-03 -2.7332E-02
  3.6093E-03  4.1809E-02 -7.4476E-03 -2.7584E-02
  3.6425E-03  4.2181E-02 -7.5162E-03 -2.7838E-02
  3.6760E-03  4.2557E-02 -7.5853E-03 -2.8094E-02
  3.7099E-03  4.2935E-02 -7.6551E-03 -2.8353E-02
  3.7440E-03  4.3317E-02 -7.7256E-03 -2.8613E-02
  3.7784E-03  4.3702E-02 -7.7967E-03 -2.8877E-02
  3.8132E-03  4.4090E-02 -7.8684E-03 -2.9142E-02
  3.8483E-03  4.4482E-02 -7.9408E-03 -2.9411E-02
  3.8837E-03  4.4877E-02 -8.0139E-03 -2.9681E-02
  3.9195E-03  4.5275E-02 -8.0876E-03 -2.9954E-02
  3.9555E-03  4.5677E-02 -8.1621E-03 -3.0230E-02
  3.9919E-03  4.6082E-02 -8.2372E-03 -3.0508E-02
  4.0287E-03  4.6491E-02 -8.3130E-03 -3.0789E-02
  4.0657E-03  4.6903E-02 -8.3895E-03 -3.1072E-02
  4.1032E-03  4.7318E-02 -8.4667E-03 -3.1358E-02
  4.1409E-03  4.7737E-02 -8.5446E-03 -3.1647E-02
  4.1790E-03  4.8160E-02 -8.6232E-03 -3.1938E-02
  4.2175E-03  4.8586E-02 -8.7025E-03 -3.2232E-02
  4.2563E-03  4.9016E-02 -8.7826E-03 -3.2529E-02
  4.2954E-03  4.9450E-02 -8.8634E-03 -3.2828E-02
  4.3350E-03  4.9887E-02 -8.9450E-03 -3.3130E-02
  4.3749E-03  5.0328E-02 -9.0273E-03 -3.3435E-02
  4.4151E-03  5.0772E-02 -9.1104E-03 -3.3742E-02
  4.4558E-03  5.1221E-02 -9.1942E-03 -3.4053E-02
  4.4968E-03  5.1673E-02 -9.2788E-03 -3.4366E-02
  4.5381E-03  5.2129E-02 -9.3642E-03 -3.4683E-02
  4.5799E-03  5.2588E-02 -9.4504E-03 -3.5002E-02
  4.6220E-03  5.3052E-02 -9.5373E-03 -3.5324E-02
  4.6646E-03  5.3520E-02 -9.6251E-03 -3.5649E-02
  4.7075E-03  5.3991E-02 -9.7136E-03 -3.5977E-02
  4.7508E-03  5.4467E-02 -9.8030E-03 -3.6308E-02
  4.7945E-03  5.4946E-02 -9.8932E-03 -3.6642E-02
  4.8386E-03  5.5429E-02 -9.9843E-03 -3.6979E-02
  4.8832E-03  5.5917E-02 -1.0076E-02 -3.7319E-02
  4.9281E-03  5.6408E-02 -1.0169E-02 -3.7663E-02
  4.9735E-03  5.6904E-02 -1.0262E-02 -3.8009E-02
  5.0192E-03  5.7404E-02 -1.0357E-02 -3.8359E-02
  5.0654E-03  5.7908E-02 -1.0452E-02 -3.8712E-02
  5.1120E-03  5.8416E-02 -1.0548E-02 -3.9068E-02
  5.1591E-03  5.8928E-02 -1.0645E-02 -3.9428E-02
  5.2065E-03  5.9445E-02 -1.0743E-02 -3.9791E-02
  5.2544E-03  5.9966E-02 -1.0842E-02 -4.0157E-02
  5.3028E-03  6.0491E-02 -1.0942E-02 -4.0526E-02
  5.3516E-03  6.1021E-02 -1.1043E-02 -4.0899E-02
  5.4008E-03  6.1555E-02 -1.1144E-02 -4.1275E-02
  5.4505E-03  6.2093E-02 -1.1247E-02 -4.1655E-02
  5.5007E-03  6.2636E-02 -1.1350E-02 -4.2038E-02
  5.5513E-03  6.3183E-02 -1.1455E-02 -4.2425E-02
  5.6024E-03  6.3735E-02 -1.1560E-02 -4.2816E-02
  5.6539E-03  6.4292E-02 -1.1666E-02 -4.3210E-02
  5.7059E-03  6.4853E-02 -1.1774E-02 -4.3607E-02
  5.7584E-03  6.5418E-02 -1.1882E-02 -4.4008E-02
  5.8114E-03  6.5988E-02 -1.1991E-02 -4.4413E-02
  5.8649E-03  6.6563E-02 -1.2102E-02 -4.4822E-02
  5.9189E-03  6.7143E-02 -1.2213E-02 -4.5234E-02
  5.9733E-03  6.7727E-02 -1.2325E-02 -4.5651E-02
  6.0283E-03  6.8316E-02 -1.2439E-02 -4.6071E-02
  6.0838E-03  6.8910E-02 -1.2553E-02 -4.6495E-02
  6.1397E-03  6.9509E-02 -1.2669E-02 -4.6922E-02
  6.1962E-03  7.0113E-02 -1.2785E-02 -4.7354E-02
  6.2532E-03  7.0721E-02 -1.2903E-02 -4.7790E-02
  6.3108E-03  7.1334E-02 -1.3022E-02 -4.8229E-02
  6.3689E-03  7.1953E-02 -1.3142E-02 -4.8673E-02
  6.4275E-03  7.2576E-02 -1.3262E-02 -4.9121E-02
  6.4866E-03  7.3205E-02 -1.3385E-02 -4.9573E-02
  6.5463E-03  7.3838E-02 -1.3508E-02 -5.0029E-02
  6.6065E-03  7.4477E-02 -1.3632E-02 -5.0489E-02
  6.6673E-03  7.5121E-02 -1.3757E-02 -5.0954E-02
  6.7287E-03  7.5770E-02 -1.3884E-02 -5.1423E-02
  6.7906E-03  7.6424E-02 -1.4012E-02 -5.1896E-02
  6.8530E-03  7.7083E-02 -1.4141E-02 -5.2373E-02
  6.9161E-03  7.7748E-02 -1.4271E-02 -5.2855E-02
  6.9797E-03  7.8418E-02 -1.4402E-02 -5.3342E-02
  7.0440E-03  7.9093E-02 -1.4534E-02 -5.3832E-02
  7.1088E-03  7.9774E-02 -1.4668E-02 -5.4328E-02
  7.1742E-03  8.0460E-02 -1.4803E-02 -5.4828E-02
  7.2402E-03  8.1152E-02 -1.4939E-02 -5.5332E-02
  7.3068E-03  8.1849E-02 -1.5077E-02 -5.5841E-02
  7.3740E-03  8.2551E-02 -1.5216E-02 -5.6355E-02
  7.4419E-03  8.3259E-02 -1.5355E-02 -5.6873E-02
  7.5104E-03  8.3973E-02 -1.5497E-02 -5.7397E-02
  7.5795E-03  8.4693E-02 -1.5639E-02 -5.7925E-02
  7.6492E-03  8.5418E-02 -1.5783E-02 -5.8458E-02
  7.7196E-03  8.6148E-02 -1.5928E-02 -5.8996E-02
  7.7906E-03  8.6885E-02 -1.6075E-02 -5.9538E-02
  7.8623E-03  8.7627E-02 -1.6223E-02 -6.0086E-02
  7.9346E-03  8.8375E-02 -1.6372E-02 -6.0639E-02
  8.0076E-03  8.9129E-02 -1.6523E-02 -6.1197E-02
  8.0813E-03  8.9889E-02 -1.6675E-02 -6.1760E-02
  8.1557E-03  9.0654E-02 -1.6828E-02 -6.2328E-02
  8.2307E-03  9.1426E-02 -1.6983E-02 -6.2902E-02
  8.3065E-03  9.2203E-02 -1.7139E-02 -6.3480E-02
  8.3829E-03  9.2987E-02 -1.7297E-02 -6.4064E-02
  8.4600E-03  9.3777E-02 -1.7456E-02 -6.4654E-02
  8.5378E-03  9.4572E-02 -1.7617E-02 -6.5248E-02
  8.6164E-03  9.5374E-02 -1.7779E-02 -6.5849E-02
  8.6957E-03  9.6182E-02 -1.7942E-02 -6.6455E-02
  8.7757E-03  9.6996E-02 -1.8107E-02 -6.7066E-02
  8.8564E-03  9.7817E-02 -1.8274E-02 -6.7683E-02
  8.9379E-03  9.8643E-02 -1.8442E-02 -6.8306E-02
  9.0202E-03  9.9476E-02 -1.8612E-02 -6.8934E-02
  9.1032E-03  1.0032E-01 -1.8783E-02 -6.9568E-02
  9.1869E-03  1.0116E-01 -1.8956E-02 -7.0208E-02
  9.2714E-03  1.0201E-01 -1.9130E-02 -7.0854E-02
  9.3567E-03  1.0287E-01 -1.9306E-02 -7.1506E-02
  9.4428E-03  1.0374E-01 -1.9484E-02 -7.2164E-02
  9.5297E-03  1.0461E-01 -1.9663E-02 -7.2828E-02
  9.6174E-03  1.0549E-01 -1.9844E-02 -7.3498E-02
  9.7059E-03  1.0637E-01 -2.0026E-02 -7.4174E-02
  9.7952E-03  1.0726E-01 -2.0211E-02 -7.4857E-02
  9.8853E-03  1.0816E-01 -2.0397E-02 -7.5545E-02
  9.9763E-03  1.0906E-01 -2.0584E-02 -7.6240E-02
  1.0068E-02  1.0998E-01 -2.0774E-02 -7.6942E-02
  1.0161E-02  1.1089E-01 -2.0965E-02 -7.7649E-02
  1.0254E-02  1.1182E-01 -2.1157E-02 -7.8364E-02
  1.0349E-02  1.1275E-01 -2.1352E-02 -7.9085E-02
  1.0444E-02  1.1369E-01 -2.1549E-02 -7.9812E-02
  1.0540E-02  1.1463E-01 -2.1747E-02 -8.0547E-02
  1.0637E-02  1.1559E-01 -2.1947E-02 -8.1288E-02
  1.0735E-02  1.1655E-01 -2.2149E-02 -8.2035E-02
  1.0833E-02  1.1751E-01 -2.2352E-02 -8.2790E-02
  1.0933E-02  1.1848E-01 -2.2558E-02 -8.3552E-02
  1.1034E-02  1.1946E-01 -2.2766E-02 -8.4320E-02
  1.1135E-02  1.2045E-01 -2.2975E-02 -8.5096E-02
  1.1238E-02  1.2145E-01 -2.3186E-02 -8.5879E-02
  1.1341E-02  1.2245E-01 -2.3400E-02 -8.6669E-02
  1.1445E-02  1.2346E-01 -2.3615E-02 -8.7466E-02
  1.1551E-02  1.2447E-01 -2.3832E-02 -8.8271E-02
  1.1657E-02  1.2549E-01 -2.4051E-02 -8.9083E-02
  1.1764E-02  1.2653E-01 -2.4273E-02 -8.9902E-02
  1.1872E-02  1.2756E-01 -2.4496E-02 -9.0729E-02
  1.1982E-02  1.2861E-01 -2.4721E-02 -9.1564E-02
  1.2092E-02  1.2966E-01 -2.4949E-02 -9.2406E-02
  1.2203E-02  1.3072E-01 -2.5178E-02 -9.3256E-02
  1.2315E-02  1.3179E-01 -2.5410E-02 -9.4114E-02
  1.2429E-02  1.3286E-01 -2.5643E-02 -9.4980E-02
  1.2543E-02  1.3394E-01 -2.5879E-02 -9.5854E-02
  1.2659E-02  1.3503E-01 -2.6117E-02 -9.6736E-02
  1.2775E-02  1.3613E-01 -2.6357E-02 -9.7625E-02
  1.2893E-02  1.3723E-01 -2.6600E-02 -9.8523E-02
  1.3011E-02  1.3835E-01 -2.6845E-02 -9.9430E-02
  1.3131E-02  1.3946E-01 -2.7091E-02 -1.0034E-01
  1.3252E-02  1.4059E-01 -2.7341E-02 -1.0127E-01
  1.3374E-02  1.4173E-01 -2.7592E-02 -1.0220E-01
  1.3497E-02  1.4287E-01 -2.7846E-02 -1.0314E-01
  1.3621E-02  1.4402E-01 -2.8102E-02 -1.0409E-01
  1.3746E-02  1.4518E-01 -2.8361E-02 -1.0505E-01
  1.3873E-02  1.4634E-01 -2.8621E-02 -1.0601E-01
  1.4000E-02  1.4752E-01 -2.8885E-02 -1.0699E-01
  1.4129E-02  1.4870E-01 -2.9150E-02 -1.0797E-01
  1.4259E-02  1.4989E-01 -2.9418E-02 -1.0896E-01
  1.4390E-02  1.5108E-01 -2.9689E-02 -1.0997E-01
  1.4523E-02  1.5229E-01 -2.9962E-02 -1.1098E-01
  1.4656E-02  1.5350E-01 -3.0238E-02 -1.1200E-01
  1.4791E-02  1.5472E-01 -3.0516E-02 -1.1303E-01
  1.4927E-02  1.5595E-01 -3.0796E-02 -1.1407E-01
  1.5064E-02  1.5718E-01 -3.1080E-02 -1.1512E-01
  1.5203E-02  1.5843E-01 -3.1365E-02 -1.1618E-01
  1.5343E-02  1.5968E-01 -3.1654E-02 -1.1725E-01
  1.5484E-02  1.6094E-01 -3.1945E-02 -1.1832E-01
  1.5627E-02  1.6221E-01 -3.2239E-02 -1.1941E-01
  1.5770E-02  1.6348E-01 -3.2535E-02 -1.2051E-01
  1.5915E-02  1.6476E-01 -3.2834E-02 -1.2162E-01
  1.6062E-02  1.6606E-01 -3.3136E-02 -1.2274E-01
  1.6210E-02  1.6736E-01 -3.3441E-02 -1.2387E-01
  1.6359E-02  1.6866E-01 -3.3749E-02 -1.2501E-01
  1.6509E-02  1.6998E-01 -3.4059E-02 -1.2616E-01
  1.6661E-02  1.7130E-01 -3.4372E-02 -1.2732E-01
  1.6814E-02  1.7263E-01 -3.4688E-02 -1.2849E-01
  1.6969E-02  1.7397E-01 -3.5007E-02 -1.2967E-01
  1.7125E-02  1.7532E-01 -3.5329E-02 -1.3086E-01
  1.7283E-02  1.7668E-01 -3.5654E-02 -1.3207E-01
  1.7442E-02  1.7804E-01 -3.5982E-02 -1.3328E-01
  1.7602E-02  1.7941E-01 -3.6313E-02 -1.3451E-01
  1.7764E-02  1.8079E-01 -3.6647E-02 -1.3574E-01
  1.7928E-02  1.8218E-01 -3.6984E-02 -1.3699E-01
  1.8093E-02  1.8358E-01 -3.7324E-02 -1.3825E-01
  1.8259E-02  1.8498E-01 -3.7667E-02 -1.3952E-01
  1.8427E-02  1.8639E-01 -3.8014E-02 -1.4081E-01
  1.8597E-02  1.8781E-01 -3.8363E-02 -1.4210E-01
  1.8768E-02  1.8924E-01 -3.8716E-02 -1.4341E-01
  1.8940E-02  1.9067E-01 -3.9072E-02 -1.4473E-01
  1.9115E-02  1.9212E-01 -3.9431E-02 -1.4606E-01
  1.9291E-02  1.9357E-01 -3.9794E-02 -1.4740E-01
  1.9468E-02  1.9503E-01 -4.0160E-02 -1.4876E-01
  1.9647E-02  1.9650E-01 -4.0529E-02 -1.5012E-01
  1.9828E-02  1.9797E-01 -4.0901E-02 -1.5151E-01
  2.0010E-02  1.9946E-01 -4.1277E-02 -1.5290E-01
  2.0194E-02  2.0095E-01 -4.1657E-02 -1.5430E-01
  2.0380E-02  2.0245E-01 -4.2040E-02 -1.5572E-01
  2.0568E-02  2.0395E-01 -4.2426E-02 -1.5716E-01
  2.0757E-02  2.0547E-01 -4.2817E-02 -1.5860E-01
  2.0948E-02  2.0699E-01 -4.3210E-02 -1.6006E-01
  2.1141E-02  2.0852E-01 -4.3607E-02 -1.6153E-01
  2.1335E-02  2.1006E-01 -4.4008E-02 -1.6302E-01
  2.1531E-02  2.1160E-01 -4.4413E-02 -1.6452E-01
  2.1729E-02  2.1316E-01 -4.4821E-02 -1.6603E-01
  2.1929E-02  2.1472E-01 -4.5233E-02 -1.6756E-01
  2.2131E-02  2.1629E-01 -4.5649E-02 -1.6910E-01
  2.2335E-02  2.1786E-01 -4.6069E-02 -1.7065E-01
  2.2540E-02  2.1945E-01 -4.6492E-02 -1.7222E-01
  2.2748E-02  2.2104E-01 -4.6920E-02 -1.7380E-01
  2.2957E-02  2.2264E-01 -4.7351E-02 -1.7540E-01
  2.3168E-02  2.2424E-01 -4.7786E-02 -1.7702E-01
  2.3381E-02  2.2586E-01 -4.8225E-02 -1.7864E-01
  2.3596E-02  2.2748E-01 -4.8669E-02 -1.8029E-01
  2.3813E-02  2.2910E-01 -4.9116E-02 -1.8194E-01
  2.4033E-02  2.3074E-01 -4.9568E-02 -1.8362E-01
  2.4254E-02  2.3238E-01 -5.0023E-02 -1.8530E-01
  2.4477E-02  2.3403E-01 -5.0483E-02 -1.8701E-01
  2.4702E-02  2.3569E-01 -5.0947E-02 -1.8873E-01
  2.4929E-02  2.3735E-01 -5.1415E-02 -1.9046E-01
  2.5159E-02  2.3902E-01 -5.1888E-02 -1.9221E-01
  2.5390E-02  2.4069E-01 -5.2365E-02 -1.9398E-01
  2.5624E-02  2.4238E-01 -5.2846E-02 -1.9577E-01
  2.5859E-02  2.4407E-01 -5.3332E-02 -1.9757E-01
  2.6097E-02  2.4576E-01 -5.3822E-02 -1.9938E-01
  2.6337E-02  2.4747E-01 -5.4316E-02 -2.0121E-01
  2.6580E-02  2.4918E-01 -5.4815E-02 -2.0306E-01
  2.6824E-02  2.5089E-01 -5.5319E-02 -2.0493E-01
  2.7071E-02  2.5261E-01 -5.5827E-02 -2.0682E-01
  2.7320E-02  2.5434E-01 -5.6340E-02 -2.0872E-01
  2.7571E-02  2.5608E-01 -5.6858E-02 -2.1064E-01
  2.7825E-02  2.5782E-01 -5.7381E-02 -2.1257E-01
  2.8081E-02  2.5956E-01 -5.7908E-02 -2.1453E-01
  2.8339E-02  2.6131E-01 -5.8440E-02 -2.1650E-01
  2.8600E-02  2.6307E-01 -5.8977E-02 -2.1849E-01
  2.8863E-02  2.6483E-01 -5.9519E-02 -2.2050E-01
  2.9129E-02  2.6660E-01 -6.0066E-02 -2.2252E-01
  2.9397E-02  2.6837E-01 -6.0617E-02 -2.2457E-01
  2.9667E-02  2.7015E-01 -6.1174E-02 -2.2663E-01
  2.9940E-02  2.7193E-01 -6.1736E-02 -2.2872E-01
  3.0216E-02  2.7372E-01 -6.2303E-02 -2.3082E-01
  3.0494E-02  2.7552E-01 -6.2876E-02 -2.3294E-01
  3.0774E-02  2.7731E-01 -6.3453E-02 -2.3508E-01
  3.1057E-02  2.7912E-01 -6.4036E-02 -2.3724E-01
  3.1343E-02  2.8092E-01 -6.4624E-02 -2.3942E-01
  3.1631E-02  2.8273E-01 -6.5218E-02 -2.4162E-01
  3.1922E-02  2.8455E-01 -6.5817E-02 -2.4384E-01
  3.2216E-02  2.8637E-01 -6.6422E-02 -2.4608E-01
  3.2512E-02  2.8819E-01 -6.7032E-02 -2.4835E-01
  3.2812E-02  2.9002E-01 -6.7647E-02 -2.5063E-01
  3.3113E-02  2.9185E-01 -6.8269E-02 -2.5293E-01
  3.3418E-02  2.9368E-01 -6.8896E-02 -2.5526E-01
  3.3726E-02  2.9552E-01 -6.9528E-02 -2.5760E-01
  3.4036E-02  2.9736E-01 -7.0167E-02 -2.5997E-01
  3.4349E-02  2.9920E-01 -7.0811E-02 -2.6236E-01
  3.4665E-02  3.0104E-01 -7.1461E-02 -2.6477E-01
  3.4984E-02  3.0289E-01 -7.2117E-02 -2.6720E-01
  3.5306E-02  3.0474E-01 -7.2779E-02 -2.6966E-01
  3.5631E-02  3.0659E-01 -7.3448E-02 -2.7213E-01
  3.5958E-02  3.0844E-01 -7.4122E-02 -2.7463E-01
  3.6289E-02  3.1030E-01 -7.4803E-02 -2.7716E-01
  3.6623E-02  3.1215E-01 -7.5489E-02 -2.7970E-01
  3.6960E-02  3.1401E-01 -7.6182E-02 -2.8227E-01
  3.7300E-02  3.1587E-01 -7.6881E-02 -2.8487E-01
  3.7643E-02  3.1773E-01 -7.7587E-02 -2.8748E-01
  3.7989E-02  3.1959E-01 -7.8299E-02 -2.9012E-01
  3.8339E-02  3.2145E-01 -7.9018E-02 -2.9279E-01
  3.8692E-02  3.2331E-01 -7.9743E-02 -2.9548E-01
  3.9048E-02  3.2517E-01 -8.0475E-02 -2.9819E-01
  3.9407E-02  3.2703E-01 -8.1214E-02 -3.0093E-01
  3.9769E-02  3.2889E-01 -8.1959E-02 -3.0370E-01
  4.0135E-02  3.3074E-01 -8.2711E-02 -3.0649E-01
  4.0505E-02  3.3260E-01 -8.3470E-02 -3.0930E-01
  4.0877E-02  3.3446E-01 -8.4236E-02 -3.1214E-01
  4.1253E-02  3.3631E-01 -8.5009E-02 -3.1501E-01
  4.1633E-02  3.3816E-01 -8.5788E-02 -3.1790E-01
  4.2016E-02  3.4001E-01 -8.6575E-02 -3.2082E-01
  4.2402E-02  3.4186E-01 -8.7370E-02 -3.2377E-01
  4.2792E-02  3.4370E-01 -8.8171E-02 -3.2674E-01
  4.3186E-02  3.4554E-01 -8.8980E-02 -3.2974E-01
  4.3583E-02  3.4738E-01 -8.9796E-02 -3.3277E-01
  4.3984E-02  3.4921E-01 -9.0620E-02 -3.3582E-01
  4.4389E-02  3.5104E-01 -9.1451E-02 -3.3891E-01
  4.4797E-02  3.5287E-01 -9.2289E-02 -3.4202E-01
  4.5210E-02  3.5469E-01 -9.3136E-02 -3.4516E-01
  4.5625E-02  3.5650E-01 -9.3989E-02 -3.4833E-01
  4.6045E-02  3.5831E-01 -9.4851E-02 -3.5152E-01
  4.6469E-02  3.6011E-01 -9.5721E-02 -3.5475E-01
  4.6896E-02  3.6191E-01 -9.6598E-02 -3.5801E-01
  4.7328E-02  3.6370E-01 -9.7484E-02 -3.6129E-01
  4.7763E-02  3.6549E-01 -9.8377E-02 -3.6461E-01
  4.8203E-02  3.6727E-01 -9.9279E-02 -3.6795E-01
  4.8646E-02  3.6904E-01 -1.0019E-01 -3.7133E-01
  4.9094E-02  3.7080E-01 -1.0111E-01 -3.7474E-01
  4.9545E-02  3.7255E-01 -1.0203E-01 -3.7818E-01
  5.0001E-02  3.7430E-01 -1.0297E-01 -3.8165E-01
  5.0461E-02  3.7603E-01 -1.0391E-01 -3.8515E-01
  5.0925E-02  3.7776E-01 -1.0486E-01 -3.8868E-01
  5.1394E-02  3.7947E-01 -1.0582E-01 -3.9225E-01
  5.1867E-02  3.8118E-01 -1.0679E-01 -3.9585E-01
  5.2344E-02  3.8288E-01 -1.0777E-01 -3.9948E-01
  5.2825E-02  3.8456E-01 -1.0876E-01 -4.0314E-01
  5.3311E-02  3.8623E-01 -1.0976E-01 -4.0684E-01
  5.3802E-02  3.8789E-01 -1.1076E-01 -4.1057E-01
  5.4297E-02  3.8954E-01 -1.1177E-01 -4.1434E-01
  5.4796E-02  3.9117E-01 -1.1280E-01 -4.1814E-01
  5.5300E-02  3.9280E-01 -1.1383E-01 -4.2197E-01
  5.5809E-02  3.9440E-01 -1.1487E-01 -4.2584E-01
  5.6323E-02  3.9600E-01 -1.1592E-01 -4.2975E-01
  5.6841E-02  3.9757E-01 -1.1699E-01 -4.3369E-01
  5.7364E-02  3.9914E-01 -1.1806E-01 -4.3766E-01
  5.7892E-02  4.0068E-01 -1.1914E-01 -4.4167E-01
  5.8424E-02  4.0221E-01 -1.2023E-01 -4.4572E-01
  5.8962E-02  4.0373E-01 -1.2133E-01 -4.4981E-01
  5.9504E-02  4.0522E-01 -1.2244E-01 -4.5393E-01
  6.0051E-02  4.0670E-01 -1.2356E-01 -4.5809E-01
  6.0604E-02  4.0816E-01 -1.2469E-01 -4.6229E-01
  6.1162E-02  4.0960E-01 -1.2583E-01 -4.6652E-01
  6.1724E-02  4.1102E-01 -1.2698E-01 -4.7080E-01
  6.2292E-02  4.1242E-01 -1.2814E-01 -4.7511E-01
  6.2865E-02  4.1380E-01 -1.2931E-01 -4.7946E-01
  6.3443E-02  4.1516E-01 -1.3049E-01 -4.8386E-01
  6.4027E-02  4.1650E-01 -1.3168E-01 -4.8829E-01
  6.4616E-02  4.1782E-01 -1.3289E-01 -4.9276E-01
  6.5211E-02  4.1911E-01 -1.3410E-01 -4.9727E-01
  6.5811E-02  4.2038E-01 -1.3533E-01 -5.0182E-01
  6.6416E-02  4.2162E-01 -1.3656E-01 -5.0642E-01
  6.7027E-02  4.2284E-01 -1.3781E-01 -5.1106E-01
  6.7644E-02  4.2403E-01 -1.3907E-01 -5.1573E-01
  6.8266E-02  4.2520E-01 -1.4034E-01 -5.2045E-01
  6.8894E-02  4.2634E-01 -1.4162E-01 -5.2522E-01
  6.9528E-02  4.2746E-01 -1.4291E-01 -5.3002E-01
  7.0167E-02  4.2854E-01 -1.4422E-01 -5.3487E-01
  7.0813E-02  4.2960E-01 -1.4553E-01 -5.3977E-01
  7.1464E-02  4.3063E-01 -1.4686E-01 -5.4471E-01
  7.2122E-02  4.3163E-01 -1.4820E-01 -5.4969E-01
  7.2785E-02  4.3259E-01 -1.4955E-01 -5.5471E-01
  7.3455E-02  4.3353E-01 -1.5092E-01 -5.5979E-01
  7.4131E-02  4.3444E-01 -1.5229E-01 -5.6491E-01
  7.4813E-02  4.3531E-01 -1.5368E-01 -5.7007E-01
  7.5501E-02  4.3615E-01 -1.5508E-01 -5.7528E-01
  7.6196E-02  4.3695E-01 -1.5649E-01 -5.8054E-01
  7.6897E-02  4.3772E-01 -1.5792E-01 -5.8585E-01
  7.7604E-02  4.3846E-01 -1.5936E-01 -5.9120E-01
  7.8318E-02  4.3915E-01 -1.6081E-01 -5.9660E-01
  7.9039E-02  4.3982E-01 -1.6228E-01 -6.0205E-01
  7.9766E-02  4.4044E-01 -1.6375E-01 -6.0755E-01
  8.0500E-02  4.4103E-01 -1.6524E-01 -6.1310E-01
  8.1240E-02  4.4157E-01 -1.6675E-01 -6.1870E-01
  8.1988E-02  4.4208E-01 -1.6827E-01 -6.2434E-01
  8.2742E-02  4.4254E-01 -1.6980E-01 -6.3004E-01
  8.3503E-02  4.4297E-01 -1.7134E-01 -6.3579E-01
  8.4271E-02  4.4335E-01 -1.7290E-01 -6.4159E-01
  8.5047E-02  4.4369E-01 -1.7447E-01 -6.4745E-01
  8.5829E-02  4.4399E-01 -1.7606E-01 -6.5335E-01
  8.6619E-02  4.4424E-01 -1.7766E-01 -6.5931E-01
  8.7415E-02  4.4445E-01 -1.7927E-01 -6.6532E-01
  8.8220E-02  4.4461E-01 -1.8090E-01 -6.7139E-01
  8.9031E-02  4.4472E-01 -1.8254E-01 -6.7751E-01
  8.9850E-02  4.4479E-01 -1.8420E-01 -6.8368E-01
  9.0677E-02  4.4480E-01 -1.8587E-01 -6.8991E-01
  9.1511E-02  4.4477E-01 -1.8756E-01 -6.9620E-01
  9.2353E-02  4.4469E-01 -1.8926E-01 -7.0254E-01
  9.3203E-02  4.4456E-01 -1.9098E-01 -7.0894E-01
  9.4060E-02  4.4437E-01 -1.9271E-01 -7.1539E-01
  9.4925E-02  4.4413E-01 -1.9446E-01 -7.2190E-01
  9.5799E-02  4.4384E-01 -1.9622E-01 -7.2847E-01
  9.6680E-02  4.4350E-01 -1.9800E-01 -7.3510E-01
  9.7570E-02  4.4310E-01 -1.9979E-01 -7.4178E-01
  9.8467E-02  4.4265E-01 -2.0160E-01 -7.4853E-01
  9.9373E-02  4.4213E-01 -2.0343E-01 -7.5533E-01
  1.0029E-01  4.4156E-01 -2.0527E-01 -7.6220E-01
  1.0121E-01  4.4094E-01 -2.0713E-01 -7.6912E-01
  1.0214E-01  4.4025E-01 -2.0900E-01 -7.7611E-01
  1.0308E-01  4.3950E-01 -2.1089E-01 -7.8315E-01
  1.0403E-01  4.3869E-01 -2.1280E-01 -7.9026E-01
  1.0499E-01  4.3782E-01 -2.1472E-01 -7.9744E-01
  1.0595E-01  4.3689E-01 -2.1666E-01 -8.0467E-01
  1.0693E-01  4.3590E-01 -2.1862E-01 -8.1197E-01
  1.0791E-01  4.3484E-01 -2.2059E-01 -8.1933E-01
  1.0890E-01  4.3371E-01 -2.2258E-01 -8.2676E-01
  1.0990E-01  4.3252E-01 -2.2459E-01 -8.3425E-01
  1.1092E-01  4.3126E-01 -2.2662E-01 -8.4180E-01
  1.1194E-01  4.2994E-01 -2.2866E-01 -8.4943E-01
  1.1297E-01  4.2854E-01 -2.3072E-01 -8.5711E-01
  1.1401E-01  4.2708E-01 -2.3280E-01 -8.6487E-01
  1.1505E-01  4.2555E-01 -2.3489E-01 -8.7269E-01
  1.1611E-01  4.2394E-01 -2.3701E-01 -8.8058E-01
  1.1718E-01  4.2227E-01 -2.3914E-01 -8.8854E-01
  1.1826E-01  4.2052E-01 -2.4129E-01 -8.9657E-01
  1.1935E-01  4.1869E-01 -2.4346E-01 -9.0466E-01
  1.2045E-01  4.1680E-01 -2.4565E-01 -9.1283E-01
  1.2155E-01  4.1483E-01 -2.4785E-01 -9.2106E-01
  1.2267E-01  4.1278E-01 -2.5008E-01 -9.2937E-01
  1.2380E-01  4.1065E-01 -2.5232E-01 -9.3775E-01
  1.2494E-01  4.0845E-01 -2.5459E-01 -9.4619E-01
  1.2609E-01  4.0617E-01 -2.5687E-01 -9.5471E-01
  1.2725E-01  4.0381E-01 -2.5917E-01 -9.6331E-01
  1.2842E-01  4.0137E-01 -2.6149E-01 -9.7197E-01
  1.2960E-01  3.9885E-01 -2.6383E-01 -9.8071E-01
  1.3079E-01  3.9624E-01 -2.6619E-01 -9.8952E-01
  1.3200E-01  3.9356E-01 -2.6857E-01 -9.9841E-01
  1.3321E-01  3.9079E-01 -2.7097E-01 -1.0074E+00
  1.3444E-01  3.8794E-01 -2.7340E-01 -1.0164E+00
  1.3567E-01  3.8500E-01 -2.7584E-01 -1.0255E+00
  1.3692E-01  3.8198E-01 -2.7830E-01 -1.0347E+00
  1.3818E-01  3.7888E-01 -2.8078E-01 -1.0440E+00
  1.3945E-01  3.7568E-01 -2.8328E-01 -1.0533E+00
  1.4073E-01  3.7240E-01 -2.8581E-01 -1.0627E+00
  1.4203E-01  3.6903E-01 -2.8835E-01 -1.0722E+00
  1.4334E-01  3.6557E-01 -2.9091E-01 -1.0818E+00
  1.4465E-01  3.6202E-01 -2.9350E-01 -1.0915E+00
  1.4599E-01  3.5839E-01 -2.9611E-01 -1.1012E+00
  1.4733E-01  3.5466E-01 -2.9874E-01 -1.1110E+00
  1.4868E-01  3.5084E-01 -3.0139E-01 -1.1209E+00
  1.5005E-01  3.4693E-01 -3.0406E-01 -1.1309E+00
  1.5143E-01  3.4292E-01 -3.0676E-01 -1.1409E+00
  1.5283E-01  3.3882E-01 -3.0947E-01 -1.1511E+00
  1.5423E-01  3.3463E-01 -3.1221E-01 -1.1613E+00
  1.5565E-01  3.3035E-01 -3.1497E-01 -1.1716E+00
  1.5708E-01  3.2597E-01 -3.1775E-01 -1.1819E+00
  1.5853E-01  3.2149E-01 -3.2056E-01 -1.1924E+00
  1.5999E-01  3.1692E-01 -3.2339E-01 -1.2029E+00
  1.6146E-01  3.1226E-01 -3.2624E-01 -1.2136E+00
  1.6294E-01  3.0749E-01 -3.2911E-01 -1.2243E+00
  1.6444E-01  3.0263E-01 -3.3201E-01 -1.2351E+00
  1.6595E-01  2.9767E-01 -3.3493E-01 -1.2459E+00
  1.6748E-01  2.9262E-01 -3.3787E-01 -1.2569E+00
  1.6902E-01  2.8747E-01 -3.4084E-01 -1.2679E+00
  1.7058E-01  2.8221E-01 -3.4383E-01 -1.2790E+00
  1.7215E-01  2.7686E-01 -3.4684E-01 -1.2903E+00
  1.7373E-01  2.7141E-01 -3.4987E-01 -1.3015E+00
  1.7533E-01  2.6586E-01 -3.5293E-01 -1.3129E+00
  1.7694E-01  2.6021E-01 -3.5602E-01 -1.3244E+00
  1.7857E-01  2.5447E-01 -3.5913E-01 -1.3359E+00
  1.8021E-01  2.4862E-01 -3.6226E-01 -1.3475E+00
  1.8187E-01  2.4267E-01 -3.6541E-01 -1.3593E+00
  1.8354E-01  2.3662E-01 -3.6859E-01 -1.3710E+00
  1.8523E-01  2.3047E-01 -3.7180E-01 -1.3829E+00
  1.8694E-01  2.2422E-01 -3.7503E-01 -1.3949E+00
  1.8866E-01  2.1787E-01 -3.7828E-01 -1.4069E+00
  1.9039E-01  2.1142E-01 -3.8156E-01 -1.4191E+00
  1.9214E-01  2.0487E-01 -3.8486E-01 -1.4313E+00
  1.9391E-01  1.9822E-01 -3.8819E-01 -1.4436E+00
  1.9569E-01  1.9147E-01 -3.9154E-01 -1.4559E+00
  1.9749E-01  1.8462E-01 -3.9491E-01 -1.4684E+00
  1.9931E-01  1.7767E-01 -3.9832E-01 -1.4809E+00
  2.0115E-01  1.7062E-01 -4.0174E-01 -1.4936E+00
  2.0300E-01  1.6346E-01 -4.0519E-01 -1.5063E+00
  2.0486E-01  1.5622E-01 -4.0867E-01 -1.5191E+00
  2.0675E-01  1.4887E-01 -4.1217E-01 -1.5319E+00
  2.0865E-01  1.4142E-01 -4.1570E-01 -1.5449E+00
  2.1057E-01  1.3387E-01 -4.1925E-01 -1.5579E+00
  2.1251E-01  1.2623E-01 -4.2283E-01 -1.5710E+00
  2.1446E-01  1.1849E-01 -4.2643E-01 -1.5842E+00
  2.1643E-01  1.1065E-01 -4.3006E-01 -1.5974E+00
  2.1843E-01  1.0272E-01 -4.3371E-01 -1.6108E+00
  2.2044E-01  9.4689E-02 -4.3739E-01 -1.6242E+00
  2.2246E-01  8.6565E-02 -4.4110E-01 -1.6376E+00
  2.2451E-01  7.8346E-02 -4.4482E-01 -1.6512E+00
  2.2658E-01  7.0033E-02 -4.4858E-01 -1.6648E+00
  2.2866E-01  6.1627E-02 -4.5236E-01 -1.6785E+00
  2.3076E-01  5.3129E-02 -4.5617E-01 -1.6922E+00
  2.3289E-01  4.4540E-02 -4.6000E-01 -1.7061E+00
  2.3503E-01  3.5860E-02 -4.6385E-01 -1.7200E+00
  2.3719E-01  2.7090E-02 -4.6774E-01 -1.7339E+00
  2.3937E-01  1.8232E-02 -4.7164E-01 -1.7479E+00
  2.4158E-01  9.2862E-03 -4.7558E-01 -1.7620E+00
  2.4380E-01  2.5398E-04 -4.7953E-01 -1.7761E+00
  2.4604E-01 -8.8637E-03 -4.8352E-01 -1.7903E+00
  2.4830E-01 -1.8066E-02 -4.8752E-01 -1.8045E+00
  2.5059E-01 -2.7351E-02 -4.9156E-01 -1.8188E+00
  2.5289E-01 -3.6718E-02 -4.9561E-01 -1.8332E+00
  2.5522E-01 -4.6165E-02 -4.9970E-01 -1.8476E+00
  2.5757E-01 -5.5692E-02 -5.0380E-01 -1.8620E+00
  2.5994E-01 -6.5296E-02 -5.0794E-01 -1.8765E+00
  2.6233E-01 -7.4977E-02 -5.1209E-01 -1.8910E+00
  2.6474E-01 -8.4732E-02 -5.1627E-01 -1.9055E+00
  2.6718E-01 -9.4561E-02 -5.2048E-01 -1.9201E+00
  2.6964E-01 -1.0446E-01 -5.2471E-01 -1.9347E+00
  2.7212E-01 -1.1443E-01 -5.2896E-01 -1.9493E+00
  2.7462E-01 -1.2447E-01 -5.3324E-01 -1.9639E+00
  2.7715E-01 -1.3458E-01 -5.3754E-01 -1.9786E+00
  2.7970E-01 -1.4475E-01 -5.4186E-01 -1.9933E+00
  2.8227E-01 -1.5498E-01 -5.4621E-01 -2.0080E+00
  2.8487E-01 -1.6528E-01 -5.5058E-01 -2.0226E+00
  2.8749E-01 -1.7563E-01 -5.5497E-01 -2.0373E+00
  2.9013E-01 -1.8604E-01 -5.5939E-01 -2.0520E+00
  2.9280E-01 -1.9651E-01 -5.6383E-01 -2.0667E+00
  2.9549E-01 -2.0703E-01 -5.6828E-01 -2.0813E+00
  2.9821E-01 -2.1760E-01 -5.7277E-01 -2.0960E+00
  3.0096E-01 -2.2822E-01 -5.7727E-01 -2.1106E+00
  3.0373E-01 -2.3888E-01 -5.8179E-01 -2.1252E+00
  3.0652E-01 -2.4959E-01 -5.8634E-01 -2.1397E+00
  3.0934E-01 -2.6034E-01 -5.9090E-01 -2.1542E+00
  3.1219E-01 -2.7113E-01 -5.9549E-01 -2.1686E+00
  3.1506E-01 -2.8196E-01 -6.0009E-01 -2.1830E+00
  3.1796E-01 -2.9283E-01 -6.0472E-01 -2.1973E+00
  3.2088E-01 -3.0372E-01 -6.0936E-01 -2.2116E+00
  3.2383E-01 -3.1465E-01 -6.1402E-01 -2.2257E+00
  3.2681E-01 -3.2560E-01 -6.1870E-01 -2.2398E+00
  3.2982E-01 -3.3657E-01 -6.2340E-01 -2.2538E+00
  3.3285E-01 -3.4757E-01 -6.2811E-01 -2.2677E+00
  3.3591E-01 -3.5858E-01 -6.3284E-01 -2.2814E+00
  3.3901E-01 -3.6962E-01 -6.3759E-01 -2.2950E+00
  3.4212E-01 -3.8066E-01 -6.4235E-01 -2.3085E+00
  3.4527E-01 -3.9172E-01 -6.4713E-01 -2.3219E+00
  3.4845E-01 -4.0278E-01 -6.5192E-01 -2.3351E+00
  3.5165E-01 -4.1384E-01 -6.5673E-01 -2.3482E+00
  3.5489E-01 -4.2491E-01 -6.6154E-01 -2.3610E+00
  3.5815E-01 -4.3598E-01 -6.6638E-01 -2.3737E+00
  3.6145E-01 -4.4704E-01 -6.7122E-01 -2.3862E+00
  3.6477E-01 -4.5809E-01 -6.7607E-01 -2.3985E+00
  3.6813E-01 -4.6914E-01 -6.8094E-01 -2.4105E+00
  3.7152E-01 -4.8017E-01 -6.8581E-01 -2.4224E+00
  3.7493E-01 -4.9118E-01 -6.9070E-01 -2.4339E+00
  3.7838E-01 -5.0217E-01 -6.9559E-01 -2.4453E+00
  3.8186E-01 -5.1313E-01 -7.0049E-01 -2.4563E+00
  3.8538E-01 -5.2407E-01 -7.0539E-01 -2.4671E+00
  3.8892E-01 -5.3498E-01 -7.1031E-01 -2.4775E+00
  3.9250E-01 -5.4586E-01 -7.1522E-01 -2.4877E+00
  3.9611E-01 -5.5670E-01 -7.2014E-01 -2.4975E+00
  3.9976E-01 -5.6749E-01 -7.2507E-01 -2.5069E+00
  4.0343E-01 -5.7825E-01 -7.2999E-01 -2.5160E+00
  4.0714E-01 -5.8895E-01 -7.3492E-01 -2.5248E+00
  4.1089E-01 -5.9961E-01 -7.3984E-01 -2.5331E+00
  4.1467E-01 -6.1021E-01 -7.4477E-01 -2.5410E+00
  4.1849E-01 -6.2075E-01 -7.4969E-01 -2.5485E+00
  4.2234E-01 -6.3123E-01 -7.5461E-01 -2.5555E+00
  4.2622E-01 -6.4165E-01 -7.5953E-01 -2.5621E+00
  4.3014E-01 -6.5200E-01 -7.6443E-01 -2.5682E+00
  4.3410E-01 -6.6227E-01 -7.6934E-01 -2.5737E+00
  4.3809E-01 -6.7247E-01 -7.7423E-01 -2.5788E+00
  4.4212E-01 -6.8260E-01 -7.7911E-01 -2.5833E+00
  4.4619E-01 -6.9264E-01 -7.8399E-01 -2.5872E+00
  4.5030E-01 -7.0259E-01 -7.8885E-01 -2.5906E+00
  4.5444E-01 -7.1245E-01 -7.9370E-01 -2.5933E+00
  4.5862E-01 -7.2222E-01 -7.9853E-01 -2.5955E+00
  4.6284E-01 -7.3190E-01 -8.0335E-01 -2.5969E+00
  4.6710E-01 -7.4147E-01 -8.0815E-01 -2.5978E+00
  4.7139E-01 -7.5094E-01 -8.1292E-01 -2.5979E+00
  4.7573E-01 -7.6031E-01 -8.1768E-01 -2.5973E+00
  4.8011E-01 -7.6956E-01 -8.2242E-01 -2.5960E+00
  4.8452E-01 -7.7870E-01 -8.2713E-01 -2.5939E+00
  4.8898E-01 -7.8772E-01 -8.3181E-01 -2.5910E+00
  4.9348E-01 -7.9662E-01 -8.3647E-01 -2.5873E+00
  4.9802E-01 -8.0540E-01 -8.4110E-01 -2.5829E+00
  5.0260E-01 -8.1405E-01 -8.4569E-01 -2.5775E+00
  5.0722E-01 -8.2257E-01 -8.5026E-01 -2.5713E+00
  5.1189E-01 -8.3096E-01 -8.5478E-01 -2.5642E+00
  5.1660E-01 -8.3921E-01 -8.5927E-01 -2.5562E+00
  5.2135E-01 -8.4732E-01 -8.6373E-01 -2.5473E+00
  5.2615E-01 -8.5528E-01 -8.6814E-01 -2.5374E+00
  5.3099E-01 -8.6310E-01 -8.7251E-01 -2.5266E+00
  5.3587E-01 -8.7077E-01 -8.7683E-01 -2.5147E+00
  5.4080E-01 -8.7828E-01 -8.8110E-01 -2.5018E+00
  5.4578E-01 -8.8564E-01 -8.8533E-01 -2.4879E+00
  5.5080E-01 -8.9284E-01 -8.8951E-01 -2.4729E+00
  5.5587E-01 -8.9988E-01 -8.9363E-01 -2.4569E+00
  5.6098E-01 -9.0676E-01 -8.9769E-01 -2.4398E+00
  5.6614E-01 -9.1347E-01 -9.0170E-01 -2.4215E+00
  5.7135E-01 -9.2000E-01 -9.0565E-01 -2.4021E+00
  5.7661E-01 -9.2637E-01 -9.0953E-01 -2.3816E+00
  5.8191E-01 -9.3256E-01 -9.1335E-01 -2.3599E+00
  5.8727E-01 -9.3857E-01 -9.1710E-01 -2.3371E+00
  5.9267E-01 -9.4441E-01 -9.2078E-01 -2.3131E+00
  5.9812E-01 -9.5006E-01 -9.2438E-01 -2.2879E+00
  6.0362E-01 -9.5553E-01 -9.2791E-01 -2.2615E+00
  6.0918E-01 -9.6081E-01 -9.3137E-01 -2.2339E+00
  6.1478E-01 -9.6590E-01 -9.3474E-01 -2.2050E+00
  6.2044E-01 -9.7080E-01 -9.3803E-01 -2.1750E+00
  6.2614E-01 -9.7550E-01 -9.4123E-01 -2.1437E+00
  6.3190E-01 -9.8001E-01 -9.4435E-01 -2.1113E+00
  6.3772E-01 -9.8433E-01 -9.4737E-01 -2.0776E+00
  6.4358E-01 -9.8844E-01 -9.5030E-01 -2.0427E+00
  6.4951E-01 -9.9236E-01 -9.5313E-01 -2.0066E+00
  6.5548E-01 -9.9607E-01 -9.5587E-01 -1.9693E+00
  6.6151E-01 -9.9959E-01 -9.5850E-01 -1.9308E+00
  6.6760E-01 -1.0029E+00 -9.6102E-01 -1.8912E+00
  6.7374E-01 -1.0060E+00 -9.6344E-01 -1.8504E+00
  6.7994E-01 -1.0089E+00 -9.6575E-01 -1.8085E+00
  6.8619E-01 -1.0116E+00 -9.6794E-01 -1.7655E+00
  6.9250E-01 -1.0140E+00 -9.7001E-01 -1.7214E+00
  6.9888E-01 -1.0163E+00 -9.7197E-01 -1.6762E+00
  7.0530E-01 -1.0184E+00 -9.7380E-01 -1.6301E+00
  7.1179E-01 -1.0202E+00 -9.7551E-01 -1.5829E+00
  7.1834E-01 -1.0218E+00 -9.7709E-01 -1.5349E+00
  7.2495E-01 -1.0233E+00 -9.7854E-01 -1.4859E+00
  7.3162E-01 -1.0245E+00 -9.7985E-01 -1.4361E+00
  7.3835E-01 -1.0255E+00 -9.8103E-01 -1.3855E+00
  7.4514E-01 -1.0262E+00 -9.8207E-01 -1.3342E+00
  7.5200E-01 -1.0268E+00 -9.8296E-01 -1.2822E+00
  7.5892E-01 -1.0272E+00 -9.8371E-01 -1.2295E+00
  7.6590E-01 -1.0273E+00 -9.8431E-01 -1.1763E+00
  7.7294E-01 -1.0272E+00 -9.8477E-01 -1.1227E+00
  7.8005E-01 -1.0269E+00 -9.8506E-01 -1.0686E+00
  7.8723E-01 -1.0264E+00 -9.8521E-01 -1.0142E+00
  7.9447E-01 -1.0257E+00 -9.8519E-01 -9.5957E-01
  8.0178E-01 -1.0248E+00 -9.8501E-01 -9.0476E-01
  8.0916E-01 -1.0237E+00 -9.8467E-01 -8.4988E-01
  8.1660E-01 -1.0223E+00 -9.8417E-01 -7.9501E-01
  8.2412E-01 -1.0207E+00 -9.8349E-01 -7.4026E-01
  8.3170E-01 -1.0190E+00 -9.8265E-01 -6.8571E-01
  8.3935E-01 -1.0170E+00 -9.8163E-01 -6.3147E-01
  8.4707E-01 -1.0148E+00 -9.8044E-01 -5.7764E-01
  8.5486E-01 -1.0125E+00 -9.7907E-01 -5.2432E-01
  8.6273E-01 -1.0099E+00 -9.7752E-01 -4.7163E-01
  8.7066E-01 -1.0071E+00 -9.7579E-01 -4.1966E-01
  8.7867E-01 -1.0041E+00 -9.7388E-01 -3.6853E-01
  8.8676E-01 -1.0009E+00 -9.7179E-01 -3.1835E-01
  8.9492E-01 -9.9756E-01 -9.6951E-01 -2.6922E-01
  9.0315E-01 -9.9399E-01 -9.6705E-01 -2.2127E-01
  9.1146E-01 -9.9023E-01 -9.6440E-01 -1.7459E-01
  9.1984E-01 -9.8628E-01 -9.6156E-01 -1.2929E-01
  9.2830E-01 -9.8214E-01 -9.5853E-01 -8.5493E-02
  9.3684E-01 -9.7781E-01 -9.5531E-01 -4.3290E-02
  9.4546E-01 -9.7331E-01 -9.5190E-01 -2.7875E-03
  9.5416E-01 -9.6862E-01 -9.4830E-01  3.5917E-02
  9.6294E-01 -9.6375E-01 -9.4451E-01  7.2729E-02
  9.7180E-01 -9.5871E-01 -9.4053E-01  1.0756E-01
  9.8074E-01 -9.5350E-01 -9.3636E-01  1.4032E-01
  9.8976E-01 -9.4811E-01 -9.3200E-01  1.7094E-01
  9.9887E-01 -9.4256E-01 -9.2745E-01  1.9934E-01
  1.0081E+00 -9.3685E-01 -9.2271E-01  2.2546E-01
  1.0173E+00 -9.3097E-01 -9.1778E-01  2.4925E-01
  1.0267E+00 -9.2494E-01 -9.1267E-01  2.7065E-01
  1.0361E+00 -9.1875E-01 -9.0737E-01  2.8963E-01
  1.0457E+00 -9.1242E-01 -9.0189E-01  3.0616E-01
  1.0553E+00 -9.0593E-01 -8.9623E-01  3.2024E-01
  1.0650E+00 -8.9930E-01 -8.9039E-01  3.3184E-01
  1.0748E+00 -8.9252E-01 -8.8437E-01  3.4099E-01
  1.0847E+00 -8.8561E-01 -8.7818E-01  3.4770E-01
  1.0947E+00 -8.7857E-01 -8.7182E-01  3.5201E-01
  1.1047E+00 -8.7139E-01 -8.6529E-01  3.5396E-01
  1.1149E+00 -8.6409E-01 -8.5859E-01  3.5362E-01
  1.1251E+00 -8.5666E-01 -8.5174E-01  3.5106E-01
  1.1355E+00 -8.4912E-01 -8.4473E-01  3.4637E-01
  1.1459E+00 -8.4145E-01 -8.3756E-01  3.3967E-01
  1.1565E+00 -8.3368E-01 -8.3025E-01  3.3106E-01
  1.1671E+00 -8.2580E-01 -8.2279E-01  3.2068E-01
  1.1779E+00 -8.1781E-01 -8.1519E-01  3.0868E-01
  1.1887E+00 -8.0972E-01 -8.0746E-01  2.9521E-01
  1.1996E+00 -8.0154E-01 -7.9959E-01  2.8046E-01
  1.2107E+00 -7.9326E-01 -7.9160E-01  2.6459E-01
  1.2218E+00 -7.8489E-01 -7.8350E-01  2.4780E-01
  1.2331E+00 -7.7644E-01 -7.7528E-01  2.3030E-01
  1.2444E+00 -7.6791E-01 -7.6695E-01  2.1228E-01
  1.2558E+00 -7.5930E-01 -7.5851E-01  1.9395E-01
  1.2674E+00 -7.5062E-01 -7.4999E-01  1.7554E-01
  1.2791E+00 -7.4187E-01 -7.4137E-01  1.5724E-01
  1.2908E+00 -7.3306E-01 -7.3266E-01  1.3927E-01
  1.3027E+00 -7.2418E-01 -7.2388E-01  1.2183E-01
  1.3147E+00 -7.1525E-01 -7.1502E-01  1.0510E-01
  1.3268E+00 -7.0627E-01 -7.0610E-01  8.9276E-02
  1.3390E+00 -6.9724E-01 -6.9712E-01  7.4506E-02
  1.3513E+00 -6.8816E-01 -6.8808E-01  6.0932E-02
  1.3637E+00 -6.7905E-01 -6.7899E-01  4.8671E-02
  1.3763E+00 -6.6989E-01 -6.6986E-01  3.7809E-02
  1.3889E+00 -6.6071E-01 -6.6069E-01  2.8403E-02
  1.4017E+00 -6.5150E-01 -6.5148E-01  2.0473E-02
  1.4146E+00 -6.4226E-01 -6.4225E-01  1.4005E-02
  1.4276E+00 -6.3300E-01 -6.3300E-01  8.9412E-03
  1.4408E+00 -6.2373E-01 -6.2373E-01  5.1870E-03
  1.4540E+00 -6.1444E-01 -6.1444E-01  2.6057E-03
  1.4674E+00 -6.0515E-01 -6.0515E-01  1.0220E-03
  1.4809E+00 -5.9585E-01 -5.9585E-01  2.2513E-04
  1.4945E+00 -5.8655E-01 -5.8655E-01 -2.5738E-05
  1.5083E+00 -5.7725E-01 -5.7725E-01  7.8915E-06
  1.5221E+00 -5.6796E-01 -5.6796E-01  7.7819E-06
  1.5361E+00 -5.5868E-01 -5.5868E-01  7.7786E-06
  1.5503E+00 -5.4941E-01 -5.4941E-01  7.7716E-06
  1.5645E+00 -5.4017E-01 -5.4017E-01  7.7611E-06
  1.5789E+00 -5.3094E-01 -5.3094E-01  7.7471E-06
  1.5935E+00 -5.2173E-01 -5.2173E-01  7.7297E-06
  1.6081E+00 -5.1256E-01 -5.1256E-01  7.7089E-06
  1.6229E+00 -5.0341E-01 -5.0341E-01  7.6849E-06
  1.6378E+00 -4.9431E-01 -4.9431E-01  7.6576E-06
  1.6529E+00 -4.8523E-01 -4.8523E-01  7.6271E-06
  1.6681E+00 -4.7620E-01 -4.7620E-01  7.5936E-06
  1.6835E+00 -4.6722E-01 -4.6722E-01  7.5571E-06
  1.6990E+00 -4.5828E-01 -4.5828E-01  7.5177E-06
  1.7146E+00 -4.4939E-01 -4.4939E-01  7.4755E-06
  1.7304E+00 -4.4056E-01 -4.4056E-01  7.4306E-06
  1.7463E+00 -4.3178E-01 -4.3178E-01  7.3830E-06
  1.7623E+00 -4.2307E-01 -4.2307E-01  7.3329E-06
  1.7786E+00 -4.1441E-01 -4.1441E-01  7.2803E-06
  1.7949E+00 -4.0582E-01 -4.0582E-01  7.2254E-06
  1.8114E+00 -3.9729E-01 -3.9729E-01  7.1682E-06
  1.8281E+00 -3.8884E-01 -3.8884E-01  7.1088E-06
  1.8449E+00 -3.8046E-01 -3.8046E-01  7.0473E-06
  1.8619E+00 -3.7215E-01 -3.7215E-01  6.9838E-06
  1.8790E+00 -3.6392E-01 -3.6392E-01  6.9185E-06
  1.8963E+00 -3.5577E-01 -3.5577E-01  6.8513E-06
  1.9137E+00 -3.4770E-01 -3.4770E-01  6.7824E-06
  1.9313E+00 -3.3972E-01 -3.3972E-01  6.7119E-06
  1.9491E+00 -3.3182E-01 -3.3182E-01  6.6399E-06
  1.9670E+00 -3.2401E-01 -3.2401E-01  6.5664E-06
  1.9851E+00 -3.1629E-01 -3.1629E-01  6.4916E-06
  2.0034E+00 -3.0866E-01 -3.0866E-01  6.4155E-06
  2.0218E+00 -3.0112E-01 -3.0112E-01  6.3383E-06
  2.0404E+00 -2.9367E-01 -2.9367E-01  6.2600E-06
  2.0592E+00 -2.8632E-01 -2.8632E-01  6.1806E-06
  2.0782E+00 -2.7907E-01 -2.7907E-01  6.1004E-06
  2.0973E+00 -2.7192E-01 -2.7192E-01  6.0193E-06
  2.1166E+00 -2.6487E-01 -2.6487E-01  5.9375E-06
  2.1360E+00 -2.5792E-01 -2.5792E-01  5.8549E-06
  2.1557E+00 -2.5107E-01 -2.5107E-01  5.7718E-06
  2.1755E+00 -2.4432E-01 -2.4432E-01  5.6882E-06
  2.1955E+00 -2.3768E-01 -2.3768E-01  5.6042E-06
  2.2157E+00 -2.3115E-01 -2.3115E-01  5.5198E-06
  2.2361E+00 -2.2471E-01 -2.2471E-01  5.4350E-06
  2.2567E+00 -2.1839E-01 -2.1839E-01  5.3501E-06
  2.2774E+00 -2.1217E-01 -2.1217E-01  5.2650E-06
  2.2984E+00 -2.0606E-01 -2.0606E-01  5.1798E-06
  2.3195E+00 -2.0006E-01 -2.0006E-01  5.0946E-06
  2.3409E+00 -1.9417E-01 -1.9417E-01  5.0094E-06
  2.3624E+00 -1.8838E-01 -1.8838E-01  4.9243E-06
  2.3842E+00 -1.8271E-01 -1.8271E-01  4.8394E-06
