 # l=           1 basis function with energy    -1.46003647195257     
  0.0000E+00  0.0000E+00  0.0000E+00  0.0000E+00
  1.0222E-08  4.9417E-20  2.2547E-16 -3.7719E-16
  2.0538E-08  7.6802E-15  9.1021E-16 -1.5228E-15
  3.0949E-08  1.9068E-14  2.0669E-15 -3.4579E-15
  4.1455E-08  3.4913E-14  3.7084E-15 -6.2043E-15
  5.2059E-08  5.5446E-14  5.8481E-15 -9.7840E-15
  6.2759E-08  8.0830E-14  8.4994E-15 -1.4220E-14
  7.3559E-08  1.1121E-13  1.1676E-14 -1.9534E-14
  8.4457E-08  1.4673E-13  1.5392E-14 -2.5752E-14
  9.5456E-08  1.8754E-13  1.9663E-14 -3.2896E-14
  1.0656E-07  2.3376E-13  2.4501E-14 -4.0991E-14
  1.1776E-07  2.8556E-13  2.9924E-14 -5.0063E-14
  1.2906E-07  3.4307E-13  3.5945E-14 -6.0137E-14
  1.4047E-07  4.0645E-13  4.2581E-14 -7.1239E-14
  1.5199E-07  4.7585E-13  4.9848E-14 -8.3396E-14
  1.6361E-07  5.5143E-13  5.7761E-14 -9.6635E-14
  1.7533E-07  6.3334E-13  6.6339E-14 -1.1099E-13
  1.8717E-07  7.2175E-13  7.5596E-14 -1.2647E-13
  1.9911E-07  8.1682E-13  8.5552E-14 -1.4313E-13
  2.1117E-07  9.1873E-13  9.6224E-14 -1.6098E-13
  2.2333E-07  1.0276E-12  1.0763E-13 -1.8007E-13
  2.3561E-07  1.1437E-12  1.1979E-13 -2.0041E-13
  2.4800E-07  1.2672E-12  1.3272E-13 -2.2204E-13
  2.6050E-07  1.3982E-12  1.4644E-13 -2.4499E-13
  2.7312E-07  1.5370E-12  1.6097E-13 -2.6930E-13
  2.8585E-07  1.6836E-12  1.7633E-13 -2.9500E-13
  2.9871E-07  1.8384E-12  1.9254E-13 -3.2212E-13
  3.1168E-07  2.0016E-12  2.0962E-13 -3.5070E-13
  3.2476E-07  2.1732E-12  2.2760E-13 -3.8077E-13
  3.3797E-07  2.3536E-12  2.4649E-13 -4.1238E-13
  3.5131E-07  2.5430E-12  2.6632E-13 -4.4555E-13
  3.6476E-07  2.7415E-12  2.8711E-13 -4.8033E-13
  3.7834E-07  2.9494E-12  3.0888E-13 -5.1676E-13
  3.9204E-07  3.1669E-12  3.3166E-13 -5.5487E-13
  4.0587E-07  3.3942E-12  3.5547E-13 -5.9470E-13
  4.1982E-07  3.6317E-12  3.8033E-13 -6.3630E-13
  4.3391E-07  3.8794E-12  4.0628E-13 -6.7971E-13
  4.4812E-07  4.1378E-12  4.3333E-13 -7.2497E-13
  4.6247E-07  4.4069E-12  4.6152E-13 -7.7213E-13
  4.7694E-07  4.6871E-12  4.9087E-13 -8.2123E-13
  4.9155E-07  4.9787E-12  5.2140E-13 -8.7231E-13
  5.0630E-07  5.2819E-12  5.5315E-13 -9.2542E-13
  5.2118E-07  5.5969E-12  5.8614E-13 -9.8062E-13
  5.3619E-07  5.9240E-12  6.2040E-13 -1.0379E-12
  5.5135E-07  6.2637E-12  6.5597E-13 -1.0974E-12
  5.6664E-07  6.6160E-12  6.9286E-13 -1.1592E-12
  5.8208E-07  6.9813E-12  7.3112E-13 -1.2232E-12
  5.9765E-07  7.3600E-12  7.7078E-13 -1.2895E-12
  6.1337E-07  7.7522E-12  8.1186E-13 -1.3583E-12
  6.2924E-07  8.1585E-12  8.5440E-13 -1.4294E-12
  6.4525E-07  8.5789E-12  8.9843E-13 -1.5031E-12
  6.6141E-07  9.0140E-12  9.4399E-13 -1.5793E-12
  6.7771E-07  9.4639E-12  9.9111E-13 -1.6581E-12
  6.9417E-07  9.9291E-12  1.0398E-12 -1.7397E-12
  7.1078E-07  1.0410E-11  1.0902E-12 -1.8239E-12
  7.2754E-07  1.0907E-11  1.1422E-12 -1.9109E-12
  7.4445E-07  1.1420E-11  1.1959E-12 -2.0008E-12
  7.6153E-07  1.1949E-11  1.2514E-12 -2.0936E-12
  7.7875E-07  1.2496E-11  1.3087E-12 -2.1894E-12
  7.9614E-07  1.3060E-11  1.3678E-12 -2.2883E-12
  8.1369E-07  1.3642E-11  1.4287E-12 -2.3902E-12
  8.3139E-07  1.4243E-11  1.4916E-12 -2.4954E-12
  8.4926E-07  1.4862E-11  1.5564E-12 -2.6038E-12
  8.6730E-07  1.5499E-11  1.6232E-12 -2.7156E-12
  8.8550E-07  1.6157E-11  1.6920E-12 -2.8308E-12
  9.0387E-07  1.6834E-11  1.7630E-12 -2.9494E-12
  9.2240E-07  1.7532E-11  1.8360E-12 -3.0717E-12
  9.4111E-07  1.8250E-11  1.9112E-12 -3.1975E-12
  9.5999E-07  1.8990E-11  1.9887E-12 -3.3271E-12
  9.7905E-07  1.9751E-11  2.0684E-12 -3.4605E-12
  9.9827E-07  2.0534E-11  2.1505E-12 -3.5977E-12
  1.0177E-06  2.1340E-11  2.2349E-12 -3.7390E-12
  1.0373E-06  2.2170E-11  2.3217E-12 -3.8843E-12
  1.0570E-06  2.3022E-11  2.4110E-12 -4.0337E-12
  1.0770E-06  2.3900E-11  2.5029E-12 -4.1874E-12
  1.0971E-06  2.4801E-11  2.5973E-12 -4.3454E-12
  1.1174E-06  2.5728E-11  2.6944E-12 -4.5078E-12
  1.1379E-06  2.6681E-11  2.7942E-12 -4.6747E-12
  1.1586E-06  2.7660E-11  2.8967E-12 -4.8463E-12
  1.1795E-06  2.8666E-11  3.0021E-12 -5.0225E-12
  1.2006E-06  2.9700E-11  3.1103E-12 -5.2036E-12
  1.2218E-06  3.0761E-11  3.2215E-12 -5.3896E-12
  1.2433E-06  3.1851E-11  3.3356E-12 -5.5806E-12
  1.2650E-06  3.2971E-11  3.4529E-12 -5.7767E-12
  1.2868E-06  3.4120E-11  3.5732E-12 -5.9781E-12
  1.3089E-06  3.5300E-11  3.6968E-12 -6.1848E-12
  1.3311E-06  3.6511E-11  3.8236E-12 -6.3970E-12
  1.3536E-06  3.7754E-11  3.9538E-12 -6.6148E-12
  1.3763E-06  3.9029E-11  4.0874E-12 -6.8382E-12
  1.3992E-06  4.0338E-11  4.2244E-12 -7.0675E-12
  1.4223E-06  4.1681E-11  4.3650E-12 -7.3028E-12
  1.4456E-06  4.3058E-11  4.5093E-12 -7.5441E-12
  1.4691E-06  4.4470E-11  4.6572E-12 -7.7916E-12
  1.4928E-06  4.5919E-11  4.8089E-12 -8.0454E-12
  1.5168E-06  4.7405E-11  4.9645E-12 -8.3057E-12
  1.5410E-06  4.8928E-11  5.1240E-12 -8.5725E-12
  1.5654E-06  5.0490E-11  5.2876E-12 -8.8461E-12
  1.5900E-06  5.2090E-11  5.4552E-12 -9.1266E-12
  1.6148E-06  5.3731E-11  5.6271E-12 -9.4141E-12
  1.6399E-06  5.5413E-11  5.8032E-12 -9.7088E-12
  1.6652E-06  5.7137E-11  5.9837E-12 -1.0011E-11
  1.6908E-06  5.8903E-11  6.1687E-12 -1.0320E-11
  1.7165E-06  6.0713E-11  6.3582E-12 -1.0637E-11
  1.7425E-06  6.2567E-11  6.5523E-12 -1.0962E-11
  1.7688E-06  6.4466E-11  6.7513E-12 -1.1295E-11
  1.7953E-06  6.6412E-11  6.9550E-12 -1.1636E-11
  1.8220E-06  6.8405E-11  7.1637E-12 -1.1985E-11
  1.8490E-06  7.0446E-11  7.3775E-12 -1.2343E-11
  1.8762E-06  7.2536E-11  7.5964E-12 -1.2709E-11
  1.9037E-06  7.4677E-11  7.8206E-12 -1.3084E-11
  1.9315E-06  7.6869E-11  8.0501E-12 -1.3468E-11
  1.9595E-06  7.9113E-11  8.2851E-12 -1.3861E-11
  1.9877E-06  8.1410E-11  8.5258E-12 -1.4264E-11
  2.0162E-06  8.3762E-11  8.7721E-12 -1.4676E-11
  2.0450E-06  8.6170E-11  9.0242E-12 -1.5098E-11
  2.0740E-06  8.8634E-11  9.2823E-12 -1.5529E-11
  2.1033E-06  9.1156E-11  9.5464E-12 -1.5971E-11
  2.1329E-06  9.3737E-11  9.8167E-12 -1.6424E-11
  2.1627E-06  9.6379E-11  1.0093E-11 -1.6886E-11
  2.1928E-06  9.9082E-11  1.0376E-11 -1.7360E-11
  2.2232E-06  1.0185E-10  1.0666E-11 -1.7845E-11
  2.2539E-06  1.0468E-10  1.0962E-11 -1.8340E-11
  2.2849E-06  1.0757E-10  1.1266E-11 -1.8848E-11
  2.3161E-06  1.1053E-10  1.1576E-11 -1.9367E-11
  2.3476E-06  1.1356E-10  1.1893E-11 -1.9897E-11
  2.3795E-06  1.1666E-10  1.2218E-11 -2.0440E-11
  2.4116E-06  1.1983E-10  1.2550E-11 -2.0996E-11
  2.4440E-06  1.2308E-10  1.2889E-11 -2.1564E-11
  2.4767E-06  1.2639E-10  1.3237E-11 -2.2145E-11
  2.5097E-06  1.2978E-10  1.3592E-11 -2.2739E-11
  2.5430E-06  1.3325E-10  1.3955E-11 -2.3347E-11
  2.5766E-06  1.3680E-10  1.4326E-11 -2.3968E-11
  2.6106E-06  1.4042E-10  1.4706E-11 -2.4603E-11
  2.6448E-06  1.4413E-10  1.5094E-11 -2.5253E-11
  2.6793E-06  1.4792E-10  1.5491E-11 -2.5917E-11
  2.7142E-06  1.5180E-10  1.5897E-11 -2.6596E-11
  2.7494E-06  1.5576E-10  1.6312E-11 -2.7290E-11
  2.7849E-06  1.5981E-10  1.6736E-11 -2.8000E-11
  2.8208E-06  1.6395E-10  1.7170E-11 -2.8725E-11
  2.8569E-06  1.6818E-10  1.7613E-11 -2.9467E-11
  2.8934E-06  1.7251E-10  1.8066E-11 -3.0225E-11
  2.9303E-06  1.7693E-10  1.8529E-11 -3.0999E-11
  2.9675E-06  1.8145E-10  1.9002E-11 -3.1791E-11
  3.0050E-06  1.8606E-10  1.9486E-11 -3.2600E-11
  3.0429E-06  1.9078E-10  1.9980E-11 -3.3427E-11
  3.0811E-06  1.9560E-10  2.0485E-11 -3.4272E-11
  3.1196E-06  2.0053E-10  2.1001E-11 -3.5135E-11
  3.1586E-06  2.0557E-10  2.1528E-11 -3.6017E-11
  3.1978E-06  2.1071E-10  2.2067E-11 -3.6918E-11
  3.2375E-06  2.1597E-10  2.2618E-11 -3.7839E-11
  3.2775E-06  2.2134E-10  2.3180E-11 -3.8780E-11
  3.3179E-06  2.2682E-10  2.3755E-11 -3.9742E-11
  3.3586E-06  2.3243E-10  2.4342E-11 -4.0724E-11
  3.3997E-06  2.3816E-10  2.4941E-11 -4.1727E-11
  3.4412E-06  2.4401E-10  2.5554E-11 -4.2752E-11
  3.4831E-06  2.4998E-10  2.6180E-11 -4.3799E-11
  3.5254E-06  2.5608E-10  2.6819E-11 -4.4868E-11
  3.5680E-06  2.6232E-10  2.7472E-11 -4.5961E-11
  3.6111E-06  2.6869E-10  2.8139E-11 -4.7076E-11
  3.6545E-06  2.7519E-10  2.8820E-11 -4.8216E-11
  3.6984E-06  2.8183E-10  2.9515E-11 -4.9380E-11
  3.7426E-06  2.8862E-10  3.0226E-11 -5.0568E-11
  3.7873E-06  2.9554E-10  3.0951E-11 -5.1782E-11
  3.8323E-06  3.0262E-10  3.1692E-11 -5.3022E-11
  3.8778E-06  3.0984E-10  3.2449E-11 -5.4288E-11
  3.9237E-06  3.1722E-10  3.3222E-11 -5.5580E-11
  3.9700E-06  3.2476E-10  3.4011E-11 -5.6900E-11
  4.0168E-06  3.3245E-10  3.4816E-11 -5.8248E-11
  4.0639E-06  3.4030E-10  3.5639E-11 -5.9624E-11
  4.1115E-06  3.4832E-10  3.6479E-11 -6.1029E-11
  4.1596E-06  3.5651E-10  3.7336E-11 -6.2464E-11
  4.2081E-06  3.6487E-10  3.8212E-11 -6.3929E-11
  4.2570E-06  3.7341E-10  3.9106E-11 -6.5424E-11
  4.3064E-06  3.8212E-10  4.0018E-11 -6.6951E-11
  4.3562E-06  3.9102E-10  4.0950E-11 -6.8510E-11
  4.4065E-06  4.0010E-10  4.1901E-11 -7.0101E-11
  4.4573E-06  4.0937E-10  4.2872E-11 -7.1725E-11
  4.5085E-06  4.1883E-10  4.3863E-11 -7.3384E-11
  4.5602E-06  4.2849E-10  4.4875E-11 -7.5076E-11
  4.6124E-06  4.3835E-10  4.5908E-11 -7.6804E-11
  4.6651E-06  4.4842E-10  4.6962E-11 -7.8568E-11
  4.7182E-06  4.5869E-10  4.8038E-11 -8.0368E-11
  4.7718E-06  4.6918E-10  4.9136E-11 -8.2205E-11
  4.8259E-06  4.7988E-10  5.0257E-11 -8.4080E-11
  4.8806E-06  4.9081E-10  5.1401E-11 -8.5994E-11
  4.9357E-06  5.0196E-10  5.2568E-11 -8.7948E-11
  4.9913E-06  5.1333E-10  5.3760E-11 -8.9941E-11
  5.0474E-06  5.2495E-10  5.4976E-11 -9.1976E-11
  5.1041E-06  5.3680E-10  5.6217E-11 -9.4052E-11
  5.1613E-06  5.4889E-10  5.7484E-11 -9.6171E-11
  5.2190E-06  5.6123E-10  5.8776E-11 -9.8334E-11
  5.2772E-06  5.7383E-10  6.0096E-11 -1.0054E-10
  5.3360E-06  5.8668E-10  6.1441E-11 -1.0279E-10
  5.3953E-06  5.9979E-10  6.2815E-11 -1.0509E-10
  5.4552E-06  6.1318E-10  6.4216E-11 -1.0744E-10
  5.5156E-06  6.2683E-10  6.5647E-11 -1.0983E-10
  5.5765E-06  6.4076E-10  6.7106E-11 -1.1227E-10
  5.6381E-06  6.5498E-10  6.8595E-11 -1.1476E-10
  5.7001E-06  6.6949E-10  7.0114E-11 -1.1730E-10
  5.7628E-06  6.8429E-10  7.1664E-11 -1.1989E-10
  5.8260E-06  6.9939E-10  7.3245E-11 -1.2254E-10
  5.8899E-06  7.1479E-10  7.4859E-11 -1.2524E-10
  5.9543E-06  7.3051E-10  7.6505E-11 -1.2799E-10
  6.0193E-06  7.4655E-10  7.8184E-11 -1.3080E-10
  6.0849E-06  7.6291E-10  7.9898E-11 -1.3367E-10
  6.1511E-06  7.7960E-10  8.1646E-11 -1.3659E-10
  6.2179E-06  7.9663E-10  8.3429E-11 -1.3958E-10
  6.2853E-06  8.1400E-10  8.5248E-11 -1.4262E-10
  6.3534E-06  8.3171E-10  8.7104E-11 -1.4573E-10
  6.4220E-06  8.4979E-10  8.8997E-11 -1.4889E-10
  6.4913E-06  8.6823E-10  9.0928E-11 -1.5212E-10
  6.5613E-06  8.8704E-10  9.2898E-11 -1.5542E-10
  6.6319E-06  9.0623E-10  9.4908E-11 -1.5878E-10
  6.7031E-06  9.2580E-10  9.6957E-11 -1.6221E-10
  6.7750E-06  9.4576E-10  9.9048E-11 -1.6571E-10
  6.8475E-06  9.6613E-10  1.0118E-10 -1.6928E-10
  6.9207E-06  9.8690E-10  1.0336E-10 -1.7292E-10
  6.9946E-06  1.0081E-09  1.0557E-10 -1.7663E-10
  7.0692E-06  1.0297E-09  1.0784E-10 -1.8041E-10
  7.1445E-06  1.0517E-09  1.1015E-10 -1.8428E-10
  7.2204E-06  1.0742E-09  1.1250E-10 -1.8821E-10
  7.2971E-06  1.0971E-09  1.1490E-10 -1.9223E-10
  7.3744E-06  1.1205E-09  1.1735E-10 -1.9633E-10
  7.4525E-06  1.1444E-09  1.1985E-10 -2.0051E-10
  7.5313E-06  1.1687E-09  1.2240E-10 -2.0477E-10
  7.6108E-06  1.1935E-09  1.2499E-10 -2.0912E-10
  7.6910E-06  1.2188E-09  1.2764E-10 -2.1355E-10
  7.7720E-06  1.2446E-09  1.3034E-10 -2.1807E-10
  7.8537E-06  1.2709E-09  1.3310E-10 -2.2268E-10
  7.9362E-06  1.2977E-09  1.3591E-10 -2.2738E-10
  8.0194E-06  1.3251E-09  1.3878E-10 -2.3217E-10
  8.1034E-06  1.3530E-09  1.4170E-10 -2.3706E-10
  8.1882E-06  1.3815E-09  1.4468E-10 -2.4205E-10
  8.2737E-06  1.4105E-09  1.4772E-10 -2.4713E-10
  8.3601E-06  1.4401E-09  1.5082E-10 -2.5232E-10
  8.4472E-06  1.4702E-09  1.5398E-10 -2.5761E-10
  8.5351E-06  1.5010E-09  1.5720E-10 -2.6300E-10
  8.6239E-06  1.5324E-09  1.6049E-10 -2.6849E-10
  8.7134E-06  1.5644E-09  1.6384E-10 -2.7410E-10
  8.8038E-06  1.5970E-09  1.6725E-10 -2.7982E-10
  8.8950E-06  1.6303E-09  1.7074E-10 -2.8564E-10
  8.9871E-06  1.6642E-09  1.7429E-10 -2.9159E-10
  9.0800E-06  1.6988E-09  1.7791E-10 -2.9765E-10
  9.1737E-06  1.7340E-09  1.8160E-10 -3.0382E-10
  9.2684E-06  1.7700E-09  1.8537E-10 -3.1012E-10
  9.3638E-06  1.8066E-09  1.8921E-10 -3.1655E-10
  9.4602E-06  1.8440E-09  1.9312E-10 -3.2310E-10
  9.5575E-06  1.8821E-09  1.9711E-10 -3.2977E-10
  9.6556E-06  1.9210E-09  2.0118E-10 -3.3658E-10
  9.7547E-06  1.9606E-09  2.0533E-10 -3.4352E-10
  9.8546E-06  2.0010E-09  2.0956E-10 -3.5060E-10
  9.9555E-06  2.0422E-09  2.1387E-10 -3.5781E-10
  1.0057E-05  2.0841E-09  2.1827E-10 -3.6517E-10
  1.0160E-05  2.1269E-09  2.2275E-10 -3.7267E-10
  1.0264E-05  2.1706E-09  2.2732E-10 -3.8031E-10
  1.0368E-05  2.2151E-09  2.3198E-10 -3.8811E-10
  1.0474E-05  2.2604E-09  2.3673E-10 -3.9606E-10
  1.0581E-05  2.3066E-09  2.4157E-10 -4.0416E-10
  1.0688E-05  2.3538E-09  2.4651E-10 -4.1242E-10
  1.0797E-05  2.4018E-09  2.5154E-10 -4.2084E-10
  1.0906E-05  2.4508E-09  2.5667E-10 -4.2942E-10
  1.1017E-05  2.5008E-09  2.6190E-10 -4.3817E-10
  1.1128E-05  2.5517E-09  2.6724E-10 -4.4709E-10
  1.1241E-05  2.6036E-09  2.7267E-10 -4.5618E-10
  1.1355E-05  2.6565E-09  2.7821E-10 -4.6545E-10
  1.1469E-05  2.7104E-09  2.8386E-10 -4.7490E-10
  1.1585E-05  2.7654E-09  2.8962E-10 -4.8453E-10
  1.1702E-05  2.8214E-09  2.9549E-10 -4.9435E-10
  1.1820E-05  2.8785E-09  3.0147E-10 -5.0436E-10
  1.1939E-05  2.9368E-09  3.0757E-10 -5.1457E-10
  1.2059E-05  2.9961E-09  3.1379E-10 -5.2497E-10
  1.2180E-05  3.0566E-09  3.2012E-10 -5.3557E-10
  1.2302E-05  3.1183E-09  3.2658E-10 -5.4638E-10
  1.2426E-05  3.1812E-09  3.3317E-10 -5.5739E-10
  1.2550E-05  3.2453E-09  3.3988E-10 -5.6862E-10
  1.2676E-05  3.3106E-09  3.4672E-10 -5.8007E-10
  1.2803E-05  3.3772E-09  3.5369E-10 -5.9173E-10
  1.2931E-05  3.4450E-09  3.6080E-10 -6.0363E-10
  1.3060E-05  3.5142E-09  3.6805E-10 -6.1575E-10
  1.3190E-05  3.5847E-09  3.7543E-10 -6.2810E-10
  1.3322E-05  3.6566E-09  3.8296E-10 -6.4069E-10
  1.3454E-05  3.7298E-09  3.9063E-10 -6.5353E-10
  1.3588E-05  3.8045E-09  3.9845E-10 -6.6661E-10
  1.3724E-05  3.8806E-09  4.0642E-10 -6.7995E-10
  1.3860E-05  3.9582E-09  4.1454E-10 -6.9354E-10
  1.3998E-05  4.0372E-09  4.2282E-10 -7.0739E-10
  1.4137E-05  4.1178E-09  4.3126E-10 -7.2151E-10
  1.4277E-05  4.1999E-09  4.3986E-10 -7.3590E-10
  1.4419E-05  4.2836E-09  4.4863E-10 -7.5056E-10
  1.4562E-05  4.3689E-09  4.5756E-10 -7.6551E-10
  1.4706E-05  4.4559E-09  4.6667E-10 -7.8075E-10
  1.4851E-05  4.5445E-09  4.7595E-10 -7.9627E-10
  1.4998E-05  4.6348E-09  4.8541E-10 -8.1210E-10
  1.5146E-05  4.7268E-09  4.9505E-10 -8.2823E-10
  1.5296E-05  4.8206E-09  5.0488E-10 -8.4466E-10
  1.5447E-05  4.9162E-09  5.1489E-10 -8.6142E-10
  1.5599E-05  5.0137E-09  5.2509E-10 -8.7849E-10
  1.5753E-05  5.1130E-09  5.3550E-10 -8.9589E-10
  1.5908E-05  5.2142E-09  5.4609E-10 -9.1362E-10
  1.6065E-05  5.3173E-09  5.5690E-10 -9.3170E-10
  1.6223E-05  5.4224E-09  5.6791E-10 -9.5012E-10
  1.6382E-05  5.5296E-09  5.7913E-10 -9.6889E-10
  1.6543E-05  5.6387E-09  5.9056E-10 -9.8802E-10
  1.6706E-05  5.7500E-09  6.0221E-10 -1.0075E-09
  1.6869E-05  5.8634E-09  6.1409E-10 -1.0274E-09
  1.7035E-05  5.9789E-09  6.2619E-10 -1.0476E-09
  1.7202E-05  6.0967E-09  6.3852E-10 -1.0683E-09
  1.7370E-05  6.2167E-09  6.5109E-10 -1.0893E-09
  1.7540E-05  6.3390E-09  6.6390E-10 -1.1107E-09
  1.7712E-05  6.4636E-09  6.7695E-10 -1.1326E-09
  1.7885E-05  6.5906E-09  6.9026E-10 -1.1548E-09
  1.8060E-05  6.7200E-09  7.0381E-10 -1.1775E-09
  1.8236E-05  6.8519E-09  7.1762E-10 -1.2006E-09
  1.8414E-05  6.9863E-09  7.3170E-10 -1.2241E-09
  1.8594E-05  7.1233E-09  7.4605E-10 -1.2481E-09
  1.8775E-05  7.2628E-09  7.6066E-10 -1.2726E-09
  1.8958E-05  7.4051E-09  7.7556E-10 -1.2975E-09
  1.9143E-05  7.5500E-09  7.9074E-10 -1.3229E-09
  1.9329E-05  7.6977E-09  8.0621E-10 -1.3488E-09
  1.9517E-05  7.8482E-09  8.2197E-10 -1.3752E-09
  1.9707E-05  8.0015E-09  8.3803E-10 -1.4020E-09
  1.9898E-05  8.1578E-09  8.5440E-10 -1.4294E-09
  2.0092E-05  8.3170E-09  8.7108E-10 -1.4573E-09
  2.0287E-05  8.4793E-09  8.8808E-10 -1.4858E-09
  2.0483E-05  8.6447E-09  9.0540E-10 -1.5147E-09
  2.0682E-05  8.8131E-09  9.2304E-10 -1.5443E-09
  2.0883E-05  8.9848E-09  9.4103E-10 -1.5743E-09
  2.1085E-05  9.1598E-09  9.5935E-10 -1.6050E-09
  2.1289E-05  9.3381E-09  9.7802E-10 -1.6362E-09
  2.1495E-05  9.5197E-09  9.9705E-10 -1.6681E-09
  2.1703E-05  9.7048E-09  1.0164E-09 -1.7005E-09
  2.1913E-05  9.8934E-09  1.0362E-09 -1.7336E-09
  2.2125E-05  1.0086E-08  1.0563E-09 -1.7672E-09
  2.2339E-05  1.0281E-08  1.0768E-09 -1.8015E-09
  2.2554E-05  1.0481E-08  1.0977E-09 -1.8365E-09
  2.2772E-05  1.0684E-08  1.1190E-09 -1.8721E-09
  2.2992E-05  1.0891E-08  1.1407E-09 -1.9084E-09
  2.3214E-05  1.1102E-08  1.1628E-09 -1.9454E-09
  2.3437E-05  1.1318E-08  1.1854E-09 -1.9831E-09
  2.3663E-05  1.1537E-08  1.2083E-09 -2.0215E-09
  2.3891E-05  1.1760E-08  1.2317E-09 -2.0606E-09
  2.4121E-05  1.1988E-08  1.2555E-09 -2.1005E-09
  2.4353E-05  1.2219E-08  1.2798E-09 -2.1411E-09
  2.4588E-05  1.2456E-08  1.3045E-09 -2.1825E-09
  2.4824E-05  1.2696E-08  1.3298E-09 -2.2247E-09
  2.5063E-05  1.2941E-08  1.3554E-09 -2.2677E-09
  2.5303E-05  1.3191E-08  1.3816E-09 -2.3115E-09
  2.5546E-05  1.3446E-08  1.4083E-09 -2.3561E-09
  2.5792E-05  1.3705E-08  1.4354E-09 -2.4015E-09
  2.6039E-05  1.3970E-08  1.4631E-09 -2.4478E-09
  2.6289E-05  1.4239E-08  1.4913E-09 -2.4950E-09
  2.6541E-05  1.4513E-08  1.5201E-09 -2.5431E-09
  2.6795E-05  1.4793E-08  1.5493E-09 -2.5921E-09
  2.7052E-05  1.5077E-08  1.5792E-09 -2.6420E-09
  2.7311E-05  1.5368E-08  1.6096E-09 -2.6928E-09
  2.7573E-05  1.5663E-08  1.6405E-09 -2.7446E-09
  2.7836E-05  1.5965E-08  1.6721E-09 -2.7974E-09
  2.8103E-05  1.6271E-08  1.7042E-09 -2.8512E-09
  2.8372E-05  1.6584E-08  1.7370E-09 -2.9060E-09
  2.8643E-05  1.6903E-08  1.7704E-09 -2.9618E-09
  2.8917E-05  1.7227E-08  1.8044E-09 -3.0187E-09
  2.9193E-05  1.7558E-08  1.8390E-09 -3.0767E-09
  2.9472E-05  1.7895E-08  1.8743E-09 -3.1357E-09
  2.9753E-05  1.8238E-08  1.9102E-09 -3.1959E-09
  3.0037E-05  1.8588E-08  1.9469E-09 -3.2572E-09
  3.0323E-05  1.8944E-08  1.9842E-09 -3.3196E-09
  3.0613E-05  1.9307E-08  2.0222E-09 -3.3832E-09
  3.0904E-05  1.9677E-08  2.0610E-09 -3.4480E-09
  3.1199E-05  2.0054E-08  2.1004E-09 -3.5141E-09
  3.1496E-05  2.0438E-08  2.1407E-09 -3.5814E-09
  3.1796E-05  2.0829E-08  2.1816E-09 -3.6499E-09
  3.2099E-05  2.1228E-08  2.2234E-09 -3.7197E-09
  3.2404E-05  2.1634E-08  2.2659E-09 -3.7909E-09
  3.2713E-05  2.2047E-08  2.3092E-09 -3.8634E-09
  3.3024E-05  2.2469E-08  2.3534E-09 -3.9372E-09
  3.3338E-05  2.2898E-08  2.3983E-09 -4.0124E-09
  3.3655E-05  2.3335E-08  2.4442E-09 -4.0891E-09
  3.3975E-05  2.3781E-08  2.4908E-09 -4.1672E-09
  3.4298E-05  2.4235E-08  2.5384E-09 -4.2467E-09
  3.4623E-05  2.4697E-08  2.5868E-09 -4.3278E-09
  3.4952E-05  2.5168E-08  2.6362E-09 -4.4104E-09
  3.5284E-05  2.5649E-08  2.6865E-09 -4.4945E-09
  3.5619E-05  2.6138E-08  2.7377E-09 -4.5802E-09
  3.5957E-05  2.6636E-08  2.7899E-09 -4.6675E-09
  3.6298E-05  2.7143E-08  2.8431E-09 -4.7565E-09
  3.6642E-05  2.7661E-08  2.8972E-09 -4.8471E-09
  3.6989E-05  2.8187E-08  2.9524E-09 -4.9394E-09
  3.7340E-05  2.8724E-08  3.0086E-09 -5.0335E-09
  3.7693E-05  2.9271E-08  3.0659E-09 -5.1293E-09
  3.8050E-05  2.9828E-08  3.1243E-09 -5.2269E-09
  3.8411E-05  3.0395E-08  3.1837E-09 -5.3264E-09
  3.8774E-05  3.0973E-08  3.2443E-09 -5.4277E-09
  3.9141E-05  3.1562E-08  3.3059E-09 -5.5309E-09
  3.9511E-05  3.2162E-08  3.3688E-09 -5.6360E-09
  3.9885E-05  3.2774E-08  3.4328E-09 -5.7432E-09
  4.0262E-05  3.3396E-08  3.4981E-09 -5.8523E-09
  4.0643E-05  3.4031E-08  3.5645E-09 -5.9635E-09
  4.1027E-05  3.4677E-08  3.6322E-09 -6.0767E-09
  4.1415E-05  3.5335E-08  3.7012E-09 -6.1921E-09
  4.1806E-05  3.6006E-08  3.7714E-09 -6.3096E-09
  4.2201E-05  3.6689E-08  3.8430E-09 -6.4294E-09
  4.2599E-05  3.7385E-08  3.9159E-09 -6.5514E-09
  4.3001E-05  3.8094E-08  3.9902E-09 -6.6756E-09
  4.3407E-05  3.8817E-08  4.0659E-09 -6.8022E-09
  4.3817E-05  3.9552E-08  4.1429E-09 -6.9312E-09
  4.4230E-05  4.0302E-08  4.2215E-09 -7.0626E-09
  4.4647E-05  4.1066E-08  4.3015E-09 -7.1964E-09
  4.5068E-05  4.1844E-08  4.3830E-09 -7.3328E-09
  4.5493E-05  4.2636E-08  4.4660E-09 -7.4717E-09
  4.5922E-05  4.3444E-08  4.5506E-09 -7.6132E-09
  4.6354E-05  4.4266E-08  4.6367E-09 -7.7573E-09
  4.6791E-05  4.5104E-08  4.7245E-09 -7.9041E-09
  4.7232E-05  4.5957E-08  4.8139E-09 -8.0537E-09
  4.7676E-05  4.6827E-08  4.9050E-09 -8.2061E-09
  4.8125E-05  4.7713E-08  4.9978E-09 -8.3613E-09
  4.8578E-05  4.8615E-08  5.0923E-09 -8.5195E-09
  4.9035E-05  4.9534E-08  5.1886E-09 -8.6806E-09
  4.9497E-05  5.0470E-08  5.2867E-09 -8.8447E-09
  4.9962E-05  5.1424E-08  5.3866E-09 -9.0119E-09
  5.0432E-05  5.2396E-08  5.4884E-09 -9.1821E-09
  5.0906E-05  5.3386E-08  5.5921E-09 -9.3556E-09
  5.1385E-05  5.4394E-08  5.6977E-09 -9.5324E-09
  5.1868E-05  5.5421E-08  5.8053E-09 -9.7124E-09
  5.2355E-05  5.6467E-08  5.9149E-09 -9.8958E-09
  5.2847E-05  5.7533E-08  6.0266E-09 -1.0083E-08
  5.3343E-05  5.8619E-08  6.1403E-09 -1.0273E-08
  5.3844E-05  5.9725E-08  6.2562E-09 -1.0467E-08
  5.4350E-05  6.0852E-08  6.3743E-09 -1.0664E-08
  5.4860E-05  6.1999E-08  6.4945E-09 -1.0865E-08
  5.5375E-05  6.3169E-08  6.6170E-09 -1.1070E-08
  5.5895E-05  6.4360E-08  6.7418E-09 -1.1279E-08
  5.6419E-05  6.5573E-08  6.8689E-09 -1.1492E-08
  5.6948E-05  6.6809E-08  6.9983E-09 -1.1708E-08
  5.7483E-05  6.8068E-08  7.1302E-09 -1.1929E-08
  5.8022E-05  6.9350E-08  7.2646E-09 -1.2154E-08
  5.8566E-05  7.0657E-08  7.4015E-09 -1.2383E-08
  5.9115E-05  7.1987E-08  7.5409E-09 -1.2616E-08
  5.9669E-05  7.3343E-08  7.6829E-09 -1.2854E-08
  6.0228E-05  7.4724E-08  7.8276E-09 -1.3096E-08
  6.0792E-05  7.6130E-08  7.9749E-09 -1.3342E-08
  6.1362E-05  7.7563E-08  8.1250E-09 -1.3593E-08
  6.1936E-05  7.9023E-08  8.2780E-09 -1.3849E-08
  6.2516E-05  8.0509E-08  8.4337E-09 -1.4110E-08
  6.3102E-05  8.2024E-08  8.5924E-09 -1.4375E-08
  6.3693E-05  8.3567E-08  8.7540E-09 -1.4646E-08
  6.4289E-05  8.5138E-08  8.9187E-09 -1.4921E-08
  6.4890E-05  8.6739E-08  9.0864E-09 -1.5202E-08
  6.5498E-05  8.8370E-08  9.2572E-09 -1.5487E-08
  6.6110E-05  9.0031E-08  9.4313E-09 -1.5779E-08
  6.6729E-05  9.1723E-08  9.6085E-09 -1.6075E-08
  6.7353E-05  9.3446E-08  9.7891E-09 -1.6377E-08
  6.7983E-05  9.5202E-08  9.9730E-09 -1.6685E-08
  6.8618E-05  9.6990E-08  1.0160E-08 -1.6999E-08
  6.9260E-05  9.8812E-08  1.0351E-08 -1.7318E-08
  6.9907E-05  1.0067E-07  1.0546E-08 -1.7643E-08
  7.0561E-05  1.0256E-07  1.0744E-08 -1.7974E-08
  7.1220E-05  1.0448E-07  1.0945E-08 -1.8312E-08
  7.1885E-05  1.0644E-07  1.1151E-08 -1.8656E-08
  7.2557E-05  1.0844E-07  1.1360E-08 -1.9006E-08
  7.3235E-05  1.1048E-07  1.1573E-08 -1.9363E-08
  7.3919E-05  1.1255E-07  1.1791E-08 -1.9726E-08
  7.4609E-05  1.1466E-07  1.2012E-08 -2.0096E-08
  7.5305E-05  1.1681E-07  1.2237E-08 -2.0473E-08
  7.6008E-05  1.1900E-07  1.2467E-08 -2.0857E-08
  7.6718E-05  1.2123E-07  1.2701E-08 -2.1248E-08
  7.7434E-05  1.2351E-07  1.2939E-08 -2.1647E-08
  7.8157E-05  1.2582E-07  1.3181E-08 -2.2053E-08
  7.8886E-05  1.2818E-07  1.3429E-08 -2.2466E-08
  7.9622E-05  1.3058E-07  1.3680E-08 -2.2887E-08
  8.0364E-05  1.3303E-07  1.3937E-08 -2.3316E-08
  8.1114E-05  1.3552E-07  1.4198E-08 -2.3753E-08
  8.1870E-05  1.3806E-07  1.4464E-08 -2.4198E-08
  8.2634E-05  1.4065E-07  1.4735E-08 -2.4652E-08
  8.3404E-05  1.4328E-07  1.5011E-08 -2.5114E-08
  8.4182E-05  1.4597E-07  1.5292E-08 -2.5584E-08
  8.4966E-05  1.4870E-07  1.5579E-08 -2.6063E-08
  8.5758E-05  1.5148E-07  1.5870E-08 -2.6551E-08
  8.6558E-05  1.5432E-07  1.6167E-08 -2.7048E-08
  8.7364E-05  1.5721E-07  1.6470E-08 -2.7555E-08
  8.8178E-05  1.6015E-07  1.6778E-08 -2.8071E-08
  8.8999E-05  1.6315E-07  1.7093E-08 -2.8596E-08
  8.9828E-05  1.6620E-07  1.7412E-08 -2.9131E-08
  9.0665E-05  1.6931E-07  1.7738E-08 -2.9676E-08
  9.1509E-05  1.7248E-07  1.8070E-08 -3.0232E-08
  9.2361E-05  1.7570E-07  1.8408E-08 -3.0797E-08
  9.3221E-05  1.7899E-07  1.8753E-08 -3.1373E-08
  9.4089E-05  1.8234E-07  1.9103E-08 -3.1960E-08
  9.4965E-05  1.8575E-07  1.9461E-08 -3.2558E-08
  9.5849E-05  1.8922E-07  1.9825E-08 -3.3167E-08
  9.6741E-05  1.9276E-07  2.0195E-08 -3.3787E-08
  9.7641E-05  1.9636E-07  2.0573E-08 -3.4419E-08
  9.8550E-05  2.0003E-07  2.0958E-08 -3.5062E-08
  9.9466E-05  2.0377E-07  2.1349E-08 -3.5718E-08
  1.0039E-04  2.0758E-07  2.1748E-08 -3.6385E-08
  1.0133E-04  2.1146E-07  2.2155E-08 -3.7065E-08
  1.0227E-04  2.1541E-07  2.2569E-08 -3.7758E-08
  1.0322E-04  2.1943E-07  2.2991E-08 -3.8464E-08
  1.0418E-04  2.2353E-07  2.3420E-08 -3.9182E-08
  1.0515E-04  2.2771E-07  2.3858E-08 -3.9914E-08
  1.0612E-04  2.3196E-07  2.4303E-08 -4.0660E-08
  1.0711E-04  2.3629E-07  2.4757E-08 -4.1419E-08
  1.0811E-04  2.4070E-07  2.5220E-08 -4.2193E-08
  1.0911E-04  2.4520E-07  2.5691E-08 -4.2981E-08
  1.1013E-04  2.4977E-07  2.6170E-08 -4.3783E-08
  1.1115E-04  2.5444E-07  2.6659E-08 -4.4601E-08
  1.1218E-04  2.5918E-07  2.7157E-08 -4.5434E-08
  1.1322E-04  2.6402E-07  2.7664E-08 -4.6282E-08
  1.1428E-04  2.6895E-07  2.8180E-08 -4.7146E-08
  1.1534E-04  2.7397E-07  2.8706E-08 -4.8026E-08
  1.1641E-04  2.7908E-07  2.9242E-08 -4.8922E-08
  1.1749E-04  2.8429E-07  2.9787E-08 -4.9835E-08
  1.1858E-04  2.8959E-07  3.0343E-08 -5.0765E-08
  1.1968E-04  2.9499E-07  3.0909E-08 -5.1712E-08
  1.2079E-04  3.0049E-07  3.1486E-08 -5.2677E-08
  1.2192E-04  3.0610E-07  3.2074E-08 -5.3659E-08
  1.2305E-04  3.1180E-07  3.2672E-08 -5.4660E-08
  1.2419E-04  3.1762E-07  3.3281E-08 -5.5680E-08
  1.2534E-04  3.2354E-07  3.3902E-08 -5.6718E-08
  1.2651E-04  3.2957E-07  3.4534E-08 -5.7776E-08
  1.2768E-04  3.3572E-07  3.5178E-08 -5.8853E-08
  1.2886E-04  3.4197E-07  3.5834E-08 -5.9951E-08
  1.3006E-04  3.4835E-07  3.6502E-08 -6.1068E-08
  1.3127E-04  3.5484E-07  3.7183E-08 -6.2207E-08
  1.3248E-04  3.6145E-07  3.7876E-08 -6.3367E-08
  1.3371E-04  3.6819E-07  3.8582E-08 -6.4548E-08
  1.3495E-04  3.7505E-07  3.9301E-08 -6.5751E-08
  1.3621E-04  3.8204E-07  4.0033E-08 -6.6976E-08
  1.3747E-04  3.8915E-07  4.0779E-08 -6.8224E-08
  1.3874E-04  3.9640E-07  4.1539E-08 -6.9496E-08
  1.4003E-04  4.0379E-07  4.2313E-08 -7.0790E-08
  1.4133E-04  4.1131E-07  4.3102E-08 -7.2109E-08
  1.4264E-04  4.1897E-07  4.3904E-08 -7.3453E-08
  1.4396E-04  4.2677E-07  4.4722E-08 -7.4821E-08
  1.4530E-04  4.3472E-07  4.5555E-08 -7.6215E-08
  1.4664E-04  4.4281E-07  4.6404E-08 -7.7634E-08
  1.4800E-04  4.5106E-07  4.7268E-08 -7.9080E-08
  1.4937E-04  4.5945E-07  4.8149E-08 -8.0553E-08
  1.5076E-04  4.6801E-07  4.9045E-08 -8.2053E-08
  1.5216E-04  4.7672E-07  4.9958E-08 -8.3581E-08
  1.5357E-04  4.8559E-07  5.0889E-08 -8.5137E-08
  1.5499E-04  4.9463E-07  5.1836E-08 -8.6723E-08
  1.5642E-04  5.0383E-07  5.2801E-08 -8.8337E-08
  1.5787E-04  5.1321E-07  5.3784E-08 -8.9982E-08
  1.5934E-04  5.2276E-07  5.4785E-08 -9.1656E-08
  1.6081E-04  5.3249E-07  5.5805E-08 -9.3363E-08
  1.6230E-04  5.4239E-07  5.6844E-08 -9.5100E-08
  1.6381E-04  5.5248E-07  5.7902E-08 -9.6870E-08
  1.6532E-04  5.6276E-07  5.8979E-08 -9.8673E-08
  1.6685E-04  5.7323E-07  6.0077E-08 -1.0051E-07
  1.6840E-04  5.8389E-07  6.1195E-08 -1.0238E-07
  1.6996E-04  5.9475E-07  6.2333E-08 -1.0428E-07
  1.7153E-04  6.0581E-07  6.3493E-08 -1.0622E-07
  1.7312E-04  6.1708E-07  6.4674E-08 -1.0820E-07
  1.7472E-04  6.2856E-07  6.5877E-08 -1.1021E-07
  1.7634E-04  6.4024E-07  6.7103E-08 -1.1226E-07
  1.7797E-04  6.5215E-07  6.8351E-08 -1.1435E-07
  1.7962E-04  6.6427E-07  6.9622E-08 -1.1648E-07
  1.8128E-04  6.7662E-07  7.0917E-08 -1.1865E-07
  1.8296E-04  6.8920E-07  7.2236E-08 -1.2085E-07
  1.8466E-04  7.0201E-07  7.3579E-08 -1.2310E-07
  1.8636E-04  7.1506E-07  7.4948E-08 -1.2539E-07
  1.8809E-04  7.2835E-07  7.6341E-08 -1.2772E-07
  1.8983E-04  7.4189E-07  7.7761E-08 -1.3010E-07
  1.9159E-04  7.5568E-07  7.9207E-08 -1.3251E-07
  1.9336E-04  7.6972E-07  8.0679E-08 -1.3498E-07
  1.9515E-04  7.8403E-07  8.2179E-08 -1.3749E-07
  1.9695E-04  7.9859E-07  8.3707E-08 -1.4004E-07
  1.9878E-04  8.1343E-07  8.5263E-08 -1.4265E-07
  2.0062E-04  8.2854E-07  8.6848E-08 -1.4530E-07
  2.0247E-04  8.4394E-07  8.8462E-08 -1.4800E-07
  2.0434E-04  8.5962E-07  9.0106E-08 -1.5075E-07
  2.0623E-04  8.7558E-07  9.1781E-08 -1.5355E-07
  2.0814E-04  8.9185E-07  9.3486E-08 -1.5640E-07
  2.1007E-04  9.0841E-07  9.5224E-08 -1.5931E-07
  2.1201E-04  9.2529E-07  9.6993E-08 -1.6227E-07
  2.1397E-04  9.4247E-07  9.8795E-08 -1.6529E-07
  2.1595E-04  9.5997E-07  1.0063E-07 -1.6836E-07
  2.1795E-04  9.7780E-07  1.0250E-07 -1.7149E-07
  2.1996E-04  9.9596E-07  1.0441E-07 -1.7467E-07
  2.2199E-04  1.0145E-06  1.0634E-07 -1.7792E-07
  2.2405E-04  1.0333E-06  1.0832E-07 -1.8122E-07
  2.2612E-04  1.0525E-06  1.1033E-07 -1.8459E-07
  2.2821E-04  1.0720E-06  1.1238E-07 -1.8802E-07
  2.3032E-04  1.0919E-06  1.1447E-07 -1.9151E-07
  2.3245E-04  1.1122E-06  1.1660E-07 -1.9507E-07
  2.3460E-04  1.1328E-06  1.1876E-07 -1.9869E-07
  2.3676E-04  1.1539E-06  1.2097E-07 -2.0238E-07
  2.3895E-04  1.1753E-06  1.2321E-07 -2.0614E-07
  2.4116E-04  1.1971E-06  1.2550E-07 -2.0997E-07
  2.4339E-04  1.2193E-06  1.2783E-07 -2.1386E-07
  2.4564E-04  1.2419E-06  1.3021E-07 -2.1784E-07
  2.4791E-04  1.2650E-06  1.3262E-07 -2.2188E-07
  2.5020E-04  1.2885E-06  1.3509E-07 -2.2600E-07
  2.5251E-04  1.3124E-06  1.3759E-07 -2.3020E-07
  2.5485E-04  1.3367E-06  1.4015E-07 -2.3447E-07
  2.5720E-04  1.3615E-06  1.4275E-07 -2.3882E-07
  2.5958E-04  1.3868E-06  1.4540E-07 -2.4326E-07
  2.6198E-04  1.4125E-06  1.4810E-07 -2.4777E-07
  2.6440E-04  1.4387E-06  1.5085E-07 -2.5237E-07
  2.6684E-04  1.4654E-06  1.5365E-07 -2.5706E-07
  2.6930E-04  1.4926E-06  1.5650E-07 -2.6183E-07
  2.7179E-04  1.5203E-06  1.5941E-07 -2.6669E-07
  2.7430E-04  1.5485E-06  1.6236E-07 -2.7164E-07
  2.7684E-04  1.5772E-06  1.6538E-07 -2.7668E-07
  2.7939E-04  1.6064E-06  1.6845E-07 -2.8181E-07
  2.8197E-04  1.6362E-06  1.7157E-07 -2.8704E-07
  2.8458E-04  1.6666E-06  1.7476E-07 -2.9237E-07
  2.8721E-04  1.6975E-06  1.7800E-07 -2.9779E-07
  2.8986E-04  1.7290E-06  1.8130E-07 -3.0332E-07
  2.9254E-04  1.7610E-06  1.8467E-07 -3.0895E-07
  2.9524E-04  1.7937E-06  1.8809E-07 -3.1468E-07
  2.9796E-04  1.8269E-06  1.9158E-07 -3.2052E-07
  3.0071E-04  1.8608E-06  1.9514E-07 -3.2647E-07
  3.0349E-04  1.8953E-06  1.9876E-07 -3.3252E-07
  3.0629E-04  1.9304E-06  2.0244E-07 -3.3869E-07
  3.0912E-04  1.9662E-06  2.0620E-07 -3.4498E-07
  3.1198E-04  2.0027E-06  2.1003E-07 -3.5138E-07
  3.1486E-04  2.0398E-06  2.1392E-07 -3.5789E-07
  3.1776E-04  2.0776E-06  2.1789E-07 -3.6453E-07
  3.2070E-04  2.1161E-06  2.2193E-07 -3.7129E-07
  3.2366E-04  2.1553E-06  2.2605E-07 -3.7818E-07
  3.2664E-04  2.1953E-06  2.3024E-07 -3.8519E-07
  3.2966E-04  2.2360E-06  2.3451E-07 -3.9234E-07
  3.3270E-04  2.2774E-06  2.3886E-07 -3.9962E-07
  3.3577E-04  2.3196E-06  2.4329E-07 -4.0703E-07
  3.3887E-04  2.3626E-06  2.4780E-07 -4.1458E-07
  3.4200E-04  2.4064E-06  2.5240E-07 -4.2226E-07
  3.4516E-04  2.4510E-06  2.5708E-07 -4.3009E-07
  3.4834E-04  2.4964E-06  2.6184E-07 -4.3807E-07
  3.5156E-04  2.5426E-06  2.6670E-07 -4.4619E-07
  3.5480E-04  2.5898E-06  2.7165E-07 -4.5447E-07
  3.5808E-04  2.6377E-06  2.7668E-07 -4.6289E-07
  3.6138E-04  2.6866E-06  2.8181E-07 -4.7148E-07
  3.6472E-04  2.7364E-06  2.8704E-07 -4.8022E-07
  3.6808E-04  2.7871E-06  2.9236E-07 -4.8912E-07
  3.7148E-04  2.8387E-06  2.9778E-07 -4.9819E-07
  3.7491E-04  2.8913E-06  3.0330E-07 -5.0743E-07
  3.7836E-04  2.9448E-06  3.0892E-07 -5.1683E-07
  3.8186E-04  2.9994E-06  3.1465E-07 -5.2642E-07
  3.8538E-04  3.0549E-06  3.2048E-07 -5.3617E-07
  3.8893E-04  3.1115E-06  3.2642E-07 -5.4611E-07
  3.9252E-04  3.1692E-06  3.3248E-07 -5.5624E-07
  3.9614E-04  3.2278E-06  3.3864E-07 -5.6655E-07
  3.9980E-04  3.2876E-06  3.4492E-07 -5.7705E-07
  4.0349E-04  3.3485E-06  3.5131E-07 -5.8775E-07
  4.0721E-04  3.4105E-06  3.5782E-07 -5.9864E-07
  4.1097E-04  3.4737E-06  3.6445E-07 -6.0973E-07
  4.1476E-04  3.5380E-06  3.7121E-07 -6.2104E-07
  4.1858E-04  3.6035E-06  3.7809E-07 -6.3255E-07
  4.2244E-04  3.6702E-06  3.8509E-07 -6.4427E-07
  4.2634E-04  3.7382E-06  3.9223E-07 -6.5621E-07
  4.3027E-04  3.8074E-06  3.9950E-07 -6.6837E-07
  4.3424E-04  3.8779E-06  4.0690E-07 -6.8076E-07
  4.3825E-04  3.9497E-06  4.1445E-07 -6.9337E-07
  4.4229E-04  4.0228E-06  4.2213E-07 -7.0622E-07
  4.4637E-04  4.0973E-06  4.2995E-07 -7.1931E-07
  4.5048E-04  4.1731E-06  4.3791E-07 -7.3264E-07
  4.5464E-04  4.2503E-06  4.4603E-07 -7.4621E-07
  4.5883E-04  4.3290E-06  4.5429E-07 -7.6004E-07
  4.6306E-04  4.4092E-06  4.6271E-07 -7.7412E-07
  4.6733E-04  4.4908E-06  4.7128E-07 -7.8847E-07
  4.7164E-04  4.5739E-06  4.8002E-07 -8.0308E-07
  4.7599E-04  4.6585E-06  4.8891E-07 -8.1795E-07
  4.8038E-04  4.7447E-06  4.9797E-07 -8.3311E-07
  4.8481E-04  4.8326E-06  5.0719E-07 -8.4854E-07
  4.8928E-04  4.9220E-06  5.1659E-07 -8.6426E-07
  4.9379E-04  5.0131E-06  5.2616E-07 -8.8028E-07
  4.9835E-04  5.1058E-06  5.3591E-07 -8.9658E-07
  5.0294E-04  5.2003E-06  5.4584E-07 -9.1319E-07
  5.0758E-04  5.2965E-06  5.5595E-07 -9.3011E-07
  5.1226E-04  5.3946E-06  5.6625E-07 -9.4734E-07
  5.1698E-04  5.4944E-06  5.7674E-07 -9.6489E-07
  5.2175E-04  5.5960E-06  5.8742E-07 -9.8276E-07
  5.2656E-04  5.6996E-06  5.9830E-07 -1.0010E-06
  5.3141E-04  5.8050E-06  6.0938E-07 -1.0195E-06
  5.3631E-04  5.9124E-06  6.2067E-07 -1.0384E-06
  5.4125E-04  6.0218E-06  6.3217E-07 -1.0576E-06
  5.4624E-04  6.1332E-06  6.4388E-07 -1.0772E-06
  5.5128E-04  6.2466E-06  6.5580E-07 -1.0972E-06
  5.5636E-04  6.3622E-06  6.6795E-07 -1.1175E-06
  5.6149E-04  6.4799E-06  6.8032E-07 -1.1382E-06
  5.6666E-04  6.5997E-06  6.9292E-07 -1.1593E-06
  5.7189E-04  6.7218E-06  7.0575E-07 -1.1807E-06
  5.7716E-04  6.8461E-06  7.1882E-07 -1.2026E-06
  5.8248E-04  6.9728E-06  7.3214E-07 -1.2249E-06
  5.8785E-04  7.1017E-06  7.4570E-07 -1.2476E-06
  5.9327E-04  7.2331E-06  7.5951E-07 -1.2707E-06
  5.9873E-04  7.3668E-06  7.7357E-07 -1.2942E-06
  6.0425E-04  7.5031E-06  7.8790E-07 -1.3182E-06
  6.0982E-04  7.6418E-06  8.0249E-07 -1.3426E-06
  6.1544E-04  7.7831E-06  8.1735E-07 -1.3674E-06
  6.2112E-04  7.9270E-06  8.3248E-07 -1.3928E-06
  6.2684E-04  8.0736E-06  8.4790E-07 -1.4185E-06
  6.3262E-04  8.2229E-06  8.6360E-07 -1.4448E-06
  6.3845E-04  8.3750E-06  8.7959E-07 -1.4716E-06
  6.4433E-04  8.5298E-06  8.9588E-07 -1.4988E-06
  6.5027E-04  8.6875E-06  9.1246E-07 -1.5266E-06
  6.5626E-04  8.8481E-06  9.2936E-07 -1.5548E-06
  6.6231E-04  9.0117E-06  9.4657E-07 -1.5836E-06
  6.6841E-04  9.1783E-06  9.6409E-07 -1.6129E-06
  6.7457E-04  9.3480E-06  9.8194E-07 -1.6428E-06
  6.8079E-04  9.5208E-06  1.0001E-06 -1.6732E-06
  6.8706E-04  9.6968E-06  1.0186E-06 -1.7042E-06
  6.9339E-04  9.8760E-06  1.0375E-06 -1.7358E-06
  6.9978E-04  1.0059E-05  1.0567E-06 -1.7679E-06
  7.0623E-04  1.0245E-05  1.0763E-06 -1.8006E-06
  7.1274E-04  1.0434E-05  1.0962E-06 -1.8340E-06
  7.1930E-04  1.0627E-05  1.1165E-06 -1.8679E-06
  7.2593E-04  1.0823E-05  1.1372E-06 -1.9025E-06
  7.3262E-04  1.1023E-05  1.1582E-06 -1.9377E-06
  7.3937E-04  1.1227E-05  1.1797E-06 -1.9736E-06
  7.4618E-04  1.1434E-05  1.2015E-06 -2.0101E-06
  7.5306E-04  1.1646E-05  1.2237E-06 -2.0473E-06
  7.5999E-04  1.1861E-05  1.2464E-06 -2.0852E-06
  7.6700E-04  1.2080E-05  1.2695E-06 -2.1238E-06
  7.7406E-04  1.2303E-05  1.2930E-06 -2.1631E-06
  7.8119E-04  1.2531E-05  1.3169E-06 -2.2032E-06
  7.8839E-04  1.2762E-05  1.3413E-06 -2.2440E-06
  7.9565E-04  1.2998E-05  1.3661E-06 -2.2855E-06
  8.0298E-04  1.3238E-05  1.3914E-06 -2.3278E-06
  8.1038E-04  1.3483E-05  1.4171E-06 -2.3709E-06
  8.1785E-04  1.3732E-05  1.4434E-06 -2.4148E-06
  8.2538E-04  1.3985E-05  1.4701E-06 -2.4595E-06
  8.3299E-04  1.4244E-05  1.4973E-06 -2.5050E-06
  8.4066E-04  1.4507E-05  1.5250E-06 -2.5514E-06
  8.4840E-04  1.4775E-05  1.5532E-06 -2.5986E-06
  8.5622E-04  1.5048E-05  1.5820E-06 -2.6467E-06
  8.6411E-04  1.5326E-05  1.6113E-06 -2.6957E-06
  8.7206E-04  1.5609E-05  1.6411E-06 -2.7455E-06
  8.8010E-04  1.5897E-05  1.6714E-06 -2.7964E-06
  8.8820E-04  1.6191E-05  1.7024E-06 -2.8481E-06
  8.9639E-04  1.6490E-05  1.7339E-06 -2.9008E-06
  9.0464E-04  1.6795E-05  1.7660E-06 -2.9545E-06
  9.1298E-04  1.7105E-05  1.7987E-06 -3.0092E-06
  9.2138E-04  1.7421E-05  1.8319E-06 -3.0649E-06
  9.2987E-04  1.7742E-05  1.8658E-06 -3.1216E-06
  9.3844E-04  1.8070E-05  1.9004E-06 -3.1794E-06
  9.4708E-04  1.8404E-05  1.9355E-06 -3.2382E-06
  9.5580E-04  1.8743E-05  1.9714E-06 -3.2981E-06
  9.6461E-04  1.9090E-05  2.0078E-06 -3.3592E-06
  9.7349E-04  1.9442E-05  2.0450E-06 -3.4213E-06
  9.8246E-04  1.9801E-05  2.0828E-06 -3.4846E-06
  9.9151E-04  2.0167E-05  2.1214E-06 -3.5491E-06
  1.0006E-03  2.0539E-05  2.1606E-06 -3.6148E-06
  1.0099E-03  2.0918E-05  2.2006E-06 -3.6817E-06
  1.0192E-03  2.1304E-05  2.2414E-06 -3.7498E-06
  1.0285E-03  2.1698E-05  2.2828E-06 -3.8192E-06
  1.0380E-03  2.2098E-05  2.3251E-06 -3.8899E-06
  1.0476E-03  2.2506E-05  2.3681E-06 -3.9619E-06
  1.0572E-03  2.2922E-05  2.4119E-06 -4.0352E-06
  1.0670E-03  2.3345E-05  2.4565E-06 -4.1098E-06
  1.0768E-03  2.3776E-05  2.5020E-06 -4.1859E-06
  1.0867E-03  2.4215E-05  2.5483E-06 -4.2633E-06
  1.0967E-03  2.4661E-05  2.5954E-06 -4.3422E-06
  1.1068E-03  2.5117E-05  2.6435E-06 -4.4226E-06
  1.1170E-03  2.5580E-05  2.6924E-06 -4.5044E-06
  1.1273E-03  2.6052E-05  2.7422E-06 -4.5877E-06
  1.1377E-03  2.6533E-05  2.7929E-06 -4.6726E-06
  1.1481E-03  2.7023E-05  2.8446E-06 -4.7591E-06
  1.1587E-03  2.7521E-05  2.8972E-06 -4.8471E-06
  1.1694E-03  2.8029E-05  2.9508E-06 -4.9368E-06
  1.1802E-03  2.8546E-05  3.0054E-06 -5.0281E-06
  1.1910E-03  2.9073E-05  3.0610E-06 -5.1212E-06
  1.2020E-03  2.9610E-05  3.1177E-06 -5.2159E-06
  1.2131E-03  3.0156E-05  3.1753E-06 -5.3124E-06
  1.2242E-03  3.0712E-05  3.2341E-06 -5.4107E-06
  1.2355E-03  3.1279E-05  3.2939E-06 -5.5108E-06
  1.2469E-03  3.1856E-05  3.3549E-06 -5.6128E-06
  1.2584E-03  3.2444E-05  3.4169E-06 -5.7166E-06
  1.2699E-03  3.3042E-05  3.4802E-06 -5.8224E-06
  1.2816E-03  3.3652E-05  3.5445E-06 -5.9301E-06
  1.2934E-03  3.4272E-05  3.6101E-06 -6.0398E-06
  1.3053E-03  3.4905E-05  3.6769E-06 -6.1515E-06
  1.3174E-03  3.5548E-05  3.7449E-06 -6.2653E-06
  1.3295E-03  3.6204E-05  3.8142E-06 -6.3812E-06
  1.3417E-03  3.6872E-05  3.8848E-06 -6.4993E-06
  1.3541E-03  3.7552E-05  3.9566E-06 -6.6195E-06
  1.3666E-03  3.8244E-05  4.0298E-06 -6.7420E-06
  1.3791E-03  3.8950E-05  4.1044E-06 -6.8667E-06
  1.3918E-03  3.9668E-05  4.1803E-06 -6.9937E-06
  1.4047E-03  4.0399E-05  4.2576E-06 -7.1231E-06
  1.4176E-03  4.1144E-05  4.3364E-06 -7.2549E-06
  1.4306E-03  4.1903E-05  4.4166E-06 -7.3891E-06
  1.4438E-03  4.2676E-05  4.4983E-06 -7.5258E-06
  1.4571E-03  4.3462E-05  4.5815E-06 -7.6650E-06
  1.4705E-03  4.4264E-05  4.6663E-06 -7.8068E-06
  1.4841E-03  4.5080E-05  4.7526E-06 -7.9512E-06
  1.4977E-03  4.5911E-05  4.8405E-06 -8.0983E-06
  1.5115E-03  4.6757E-05  4.9300E-06 -8.2481E-06
  1.5254E-03  4.7619E-05  5.0212E-06 -8.4006E-06
  1.5395E-03  4.8497E-05  5.1141E-06 -8.5560E-06
  1.5536E-03  4.9391E-05  5.2087E-06 -8.7143E-06
  1.5679E-03  5.0301E-05  5.3051E-06 -8.8755E-06
  1.5824E-03  5.1228E-05  5.4032E-06 -9.0397E-06
  1.5969E-03  5.2172E-05  5.5031E-06 -9.2069E-06
  1.6116E-03  5.3134E-05  5.6049E-06 -9.3772E-06
  1.6265E-03  5.4113E-05  5.7086E-06 -9.5506E-06
  1.6415E-03  5.5110E-05  5.8142E-06 -9.7273E-06
  1.6566E-03  5.6126E-05  5.9217E-06 -9.9072E-06
  1.6718E-03  5.7160E-05  6.0313E-06 -1.0090E-05
  1.6872E-03  5.8213E-05  6.1428E-06 -1.0277E-05
  1.7027E-03  5.9286E-05  6.2564E-06 -1.0467E-05
  1.7184E-03  6.0378E-05  6.3721E-06 -1.0661E-05
  1.7342E-03  6.1491E-05  6.4900E-06 -1.0858E-05
  1.7502E-03  6.2624E-05  6.6100E-06 -1.1059E-05
  1.7663E-03  6.3777E-05  6.7323E-06 -1.1263E-05
  1.7826E-03  6.4952E-05  6.8568E-06 -1.1472E-05
  1.7990E-03  6.6149E-05  6.9836E-06 -1.1684E-05
  1.8155E-03  6.7367E-05  7.1128E-06 -1.1900E-05
  1.8323E-03  6.8608E-05  7.2444E-06 -1.2120E-05
  1.8491E-03  6.9871E-05  7.3784E-06 -1.2344E-05
  1.8661E-03  7.1158E-05  7.5148E-06 -1.2573E-05
  1.8833E-03  7.2469E-05  7.6538E-06 -1.2805E-05
  1.9007E-03  7.3803E-05  7.7954E-06 -1.3042E-05
  1.9182E-03  7.5162E-05  7.9395E-06 -1.3283E-05
  1.9358E-03  7.6546E-05  8.0864E-06 -1.3529E-05
  1.9536E-03  7.7956E-05  8.2359E-06 -1.3779E-05
  1.9716E-03  7.9391E-05  8.3882E-06 -1.4034E-05
  1.9898E-03  8.0853E-05  8.5434E-06 -1.4293E-05
  2.0081E-03  8.2342E-05  8.7014E-06 -1.4558E-05
  2.0266E-03  8.3857E-05  8.8623E-06 -1.4827E-05
  2.0452E-03  8.5401E-05  9.0262E-06 -1.5101E-05
  2.0640E-03  8.6973E-05  9.1931E-06 -1.5380E-05
  2.0830E-03  8.8574E-05  9.3632E-06 -1.5665E-05
  2.1022E-03  9.0205E-05  9.5363E-06 -1.5955E-05
  2.1216E-03  9.1865E-05  9.7127E-06 -1.6250E-05
  2.1411E-03  9.3555E-05  9.8923E-06 -1.6550E-05
  2.1608E-03  9.5277E-05  1.0075E-05 -1.6856E-05
  2.1807E-03  9.7031E-05  1.0262E-05 -1.7168E-05
  2.2008E-03  9.8816E-05  1.0451E-05 -1.7485E-05
  2.2210E-03  1.0063E-04  1.0645E-05 -1.7809E-05
  2.2415E-03  1.0249E-04  1.0841E-05 -1.8138E-05
  2.2621E-03  1.0437E-04  1.1042E-05 -1.8474E-05
  2.2829E-03  1.0629E-04  1.1246E-05 -1.8815E-05
  2.3039E-03  1.0825E-04  1.1454E-05 -1.9163E-05
  2.3251E-03  1.1024E-04  1.1666E-05 -1.9518E-05
  2.3465E-03  1.1227E-04  1.1882E-05 -1.9879E-05
  2.3681E-03  1.1433E-04  1.2101E-05 -2.0246E-05
  2.3899E-03  1.1643E-04  1.2325E-05 -2.0621E-05
  2.4119E-03  1.1858E-04  1.2553E-05 -2.1002E-05
  2.4341E-03  1.2076E-04  1.2785E-05 -2.1390E-05
  2.4565E-03  1.2298E-04  1.3022E-05 -2.1786E-05
  2.4791E-03  1.2524E-04  1.3263E-05 -2.2189E-05
  2.5019E-03  1.2754E-04  1.3508E-05 -2.2599E-05
  2.5250E-03  1.2989E-04  1.3758E-05 -2.3017E-05
  2.5482E-03  1.3228E-04  1.4012E-05 -2.3443E-05
  2.5717E-03  1.3471E-04  1.4271E-05 -2.3876E-05
  2.5953E-03  1.3718E-04  1.4535E-05 -2.4318E-05
  2.6192E-03  1.3971E-04  1.4804E-05 -2.4767E-05
  2.6433E-03  1.4227E-04  1.5078E-05 -2.5225E-05
  2.6677E-03  1.4489E-04  1.5356E-05 -2.5692E-05
  2.6922E-03  1.4755E-04  1.5640E-05 -2.6167E-05
  2.7170E-03  1.5026E-04  1.5930E-05 -2.6651E-05
  2.7420E-03  1.5302E-04  1.6224E-05 -2.7144E-05
  2.7672E-03  1.5584E-04  1.6524E-05 -2.7646E-05
  2.7927E-03  1.5870E-04  1.6830E-05 -2.8157E-05
  2.8184E-03  1.6162E-04  1.7141E-05 -2.8677E-05
  2.8443E-03  1.6459E-04  1.7458E-05 -2.9208E-05
  2.8705E-03  1.6761E-04  1.7781E-05 -2.9748E-05
  2.8969E-03  1.7069E-04  1.8109E-05 -3.0298E-05
  2.9236E-03  1.7382E-04  1.8444E-05 -3.0858E-05
  2.9505E-03  1.7702E-04  1.8785E-05 -3.1429E-05
  2.9777E-03  1.8027E-04  1.9133E-05 -3.2010E-05
  3.0051E-03  1.8358E-04  1.9486E-05 -3.2602E-05
  3.0327E-03  1.8695E-04  1.9847E-05 -3.3205E-05
  3.0606E-03  1.9038E-04  2.0214E-05 -3.3819E-05
  3.0888E-03  1.9388E-04  2.0587E-05 -3.4444E-05
  3.1172E-03  1.9744E-04  2.0968E-05 -3.5081E-05
  3.1459E-03  2.0106E-04  2.1356E-05 -3.5730E-05
  3.1749E-03  2.0475E-04  2.1751E-05 -3.6390E-05
  3.2041E-03  2.0851E-04  2.2153E-05 -3.7063E-05
  3.2336E-03  2.1234E-04  2.2563E-05 -3.7749E-05
  3.2633E-03  2.1624E-04  2.2980E-05 -3.8447E-05
  3.2933E-03  2.2021E-04  2.3405E-05 -3.9157E-05
  3.3237E-03  2.2425E-04  2.3837E-05 -3.9881E-05
  3.3542E-03  2.2836E-04  2.4278E-05 -4.0619E-05
  3.3851E-03  2.3255E-04  2.4727E-05 -4.1370E-05
  3.4163E-03  2.3682E-04  2.5184E-05 -4.2135E-05
  3.4477E-03  2.4116E-04  2.5650E-05 -4.2914E-05
  3.4794E-03  2.4559E-04  2.6124E-05 -4.3708E-05
  3.5115E-03  2.5009E-04  2.6607E-05 -4.4516E-05
  3.5438E-03  2.5468E-04  2.7099E-05 -4.5339E-05
  3.5764E-03  2.5935E-04  2.7600E-05 -4.6177E-05
  3.6093E-03  2.6411E-04  2.8111E-05 -4.7031E-05
  3.6425E-03  2.6895E-04  2.8630E-05 -4.7901E-05
  3.6760E-03  2.7388E-04  2.9160E-05 -4.8786E-05
  3.7099E-03  2.7891E-04  2.9699E-05 -4.9688E-05
  3.7440E-03  2.8402E-04  3.0248E-05 -5.0607E-05
  3.7784E-03  2.8923E-04  3.0807E-05 -5.1543E-05
  3.8132E-03  2.9453E-04  3.1377E-05 -5.2496E-05
  3.8483E-03  2.9993E-04  3.1957E-05 -5.3466E-05
  3.8837E-03  3.0542E-04  3.2548E-05 -5.4455E-05
  3.9195E-03  3.1102E-04  3.3150E-05 -5.5462E-05
  3.9555E-03  3.1672E-04  3.3762E-05 -5.6487E-05
  3.9919E-03  3.2252E-04  3.4387E-05 -5.7532E-05
  4.0287E-03  3.2843E-04  3.5022E-05 -5.8596E-05
  4.0657E-03  3.3445E-04  3.5670E-05 -5.9679E-05
  4.1032E-03  3.4057E-04  3.6329E-05 -6.0782E-05
  4.1409E-03  3.4681E-04  3.7001E-05 -6.1906E-05
  4.1790E-03  3.5317E-04  3.7685E-05 -6.3051E-05
  4.2175E-03  3.5963E-04  3.8382E-05 -6.4217E-05
  4.2563E-03  3.6622E-04  3.9092E-05 -6.5404E-05
  4.2954E-03  3.7292E-04  3.9814E-05 -6.6613E-05
  4.3350E-03  3.7975E-04  4.0551E-05 -6.7845E-05
  4.3749E-03  3.8670E-04  4.1300E-05 -6.9099E-05
  4.4151E-03  3.9378E-04  4.2064E-05 -7.0377E-05
  4.4558E-03  4.0099E-04  4.2842E-05 -7.1678E-05
  4.4968E-03  4.0833E-04  4.3634E-05 -7.3004E-05
  4.5381E-03  4.1580E-04  4.4440E-05 -7.4353E-05
  4.5799E-03  4.2341E-04  4.5262E-05 -7.5728E-05
  4.6220E-03  4.3116E-04  4.6099E-05 -7.7128E-05
  4.6646E-03  4.3904E-04  4.6951E-05 -7.8554E-05
  4.7075E-03  4.4708E-04  4.7819E-05 -8.0007E-05
  4.7508E-03  4.5525E-04  4.8703E-05 -8.1486E-05
  4.7945E-03  4.6358E-04  4.9604E-05 -8.2993E-05
  4.8386E-03  4.7206E-04  5.0521E-05 -8.4527E-05
  4.8832E-03  4.8069E-04  5.1455E-05 -8.6090E-05
  4.9281E-03  4.8948E-04  5.2406E-05 -8.7682E-05
  4.9735E-03  4.9842E-04  5.3375E-05 -8.9303E-05
  5.0192E-03  5.0754E-04  5.4362E-05 -9.0954E-05
  5.0654E-03  5.1681E-04  5.5367E-05 -9.2635E-05
  5.1120E-03  5.2626E-04  5.6390E-05 -9.4348E-05
  5.1591E-03  5.3587E-04  5.7433E-05 -9.6093E-05
  5.2065E-03  5.4566E-04  5.8494E-05 -9.7869E-05
  5.2544E-03  5.5563E-04  5.9576E-05 -9.9679E-05
  5.3028E-03  5.6578E-04  6.0677E-05 -1.0152E-04
  5.3516E-03  5.7612E-04  6.1799E-05 -1.0340E-04
  5.4008E-03  5.8664E-04  6.2942E-05 -1.0531E-04
  5.4505E-03  5.9735E-04  6.4105E-05 -1.0726E-04
  5.5007E-03  6.0826E-04  6.5290E-05 -1.0924E-04
  5.5513E-03  6.1937E-04  6.6497E-05 -1.1126E-04
  5.6024E-03  6.3067E-04  6.7727E-05 -1.1332E-04
  5.6539E-03  6.4218E-04  6.8979E-05 -1.1541E-04
  5.7059E-03  6.5390E-04  7.0254E-05 -1.1755E-04
  5.7584E-03  6.6584E-04  7.1553E-05 -1.1972E-04
  5.8114E-03  6.7799E-04  7.2876E-05 -1.2193E-04
  5.8649E-03  6.9035E-04  7.4223E-05 -1.2419E-04
  5.9189E-03  7.0295E-04  7.5595E-05 -1.2648E-04
  5.9733E-03  7.1577E-04  7.6993E-05 -1.2882E-04
  6.0283E-03  7.2882E-04  7.8416E-05 -1.3120E-04
  6.0838E-03  7.4211E-04  7.9866E-05 -1.3363E-04
  6.1397E-03  7.5564E-04  8.1342E-05 -1.3610E-04
  6.1962E-03  7.6942E-04  8.2846E-05 -1.3862E-04
  6.2532E-03  7.8344E-04  8.4377E-05 -1.4118E-04
  6.3108E-03  7.9772E-04  8.5937E-05 -1.4379E-04
  6.3689E-03  8.1226E-04  8.7526E-05 -1.4645E-04
  6.4275E-03  8.2706E-04  8.9144E-05 -1.4916E-04
  6.4866E-03  8.4213E-04  9.0792E-05 -1.5191E-04
  6.5463E-03  8.5746E-04  9.2470E-05 -1.5472E-04
  6.6065E-03  8.7308E-04  9.4180E-05 -1.5758E-04
  6.6673E-03  8.8898E-04  9.5921E-05 -1.6050E-04
  6.7287E-03  9.0517E-04  9.7694E-05 -1.6346E-04
  6.7906E-03  9.2165E-04  9.9500E-05 -1.6649E-04
  6.8530E-03  9.3842E-04  1.0134E-04 -1.6956E-04
  6.9161E-03  9.5550E-04  1.0321E-04 -1.7270E-04
  6.9797E-03  9.7289E-04  1.0512E-04 -1.7589E-04
  7.0440E-03  9.9059E-04  1.0706E-04 -1.7914E-04
  7.1088E-03  1.0086E-03  1.0904E-04 -1.8246E-04
  7.1742E-03  1.0270E-03  1.1106E-04 -1.8583E-04
  7.2402E-03  1.0456E-03  1.1311E-04 -1.8926E-04
  7.3068E-03  1.0646E-03  1.1520E-04 -1.9276E-04
  7.3740E-03  1.0840E-03  1.1733E-04 -1.9633E-04
  7.4419E-03  1.1037E-03  1.1950E-04 -1.9996E-04
  7.5104E-03  1.1238E-03  1.2171E-04 -2.0365E-04
  7.5795E-03  1.1442E-03  1.2396E-04 -2.0742E-04
  7.6492E-03  1.1650E-03  1.2625E-04 -2.1125E-04
  7.7196E-03  1.1861E-03  1.2859E-04 -2.1516E-04
  7.7906E-03  1.2077E-03  1.3096E-04 -2.1914E-04
  7.8623E-03  1.2296E-03  1.3338E-04 -2.2319E-04
  7.9346E-03  1.2519E-03  1.3585E-04 -2.2732E-04
  8.0076E-03  1.2747E-03  1.3836E-04 -2.3152E-04
  8.0813E-03  1.2978E-03  1.4092E-04 -2.3580E-04
  8.1557E-03  1.3214E-03  1.4352E-04 -2.4016E-04
  8.2307E-03  1.3453E-03  1.4618E-04 -2.4460E-04
  8.3065E-03  1.3698E-03  1.4888E-04 -2.4912E-04
  8.3829E-03  1.3946E-03  1.5163E-04 -2.5373E-04
  8.4600E-03  1.4199E-03  1.5443E-04 -2.5842E-04
  8.5378E-03  1.4456E-03  1.5729E-04 -2.6320E-04
  8.6164E-03  1.4718E-03  1.6020E-04 -2.6806E-04
  8.6957E-03  1.4985E-03  1.6316E-04 -2.7302E-04
  8.7757E-03  1.5257E-03  1.6617E-04 -2.7807E-04
  8.8564E-03  1.5533E-03  1.6924E-04 -2.8321E-04
  8.9379E-03  1.5815E-03  1.7237E-04 -2.8844E-04
  9.0202E-03  1.6101E-03  1.7556E-04 -2.9378E-04
  9.1032E-03  1.6393E-03  1.7880E-04 -2.9921E-04
  9.1869E-03  1.6690E-03  1.8211E-04 -3.0474E-04
  9.2714E-03  1.6992E-03  1.8548E-04 -3.1038E-04
  9.3567E-03  1.7299E-03  1.8890E-04 -3.1611E-04
  9.4428E-03  1.7612E-03  1.9240E-04 -3.2196E-04
  9.5297E-03  1.7931E-03  1.9595E-04 -3.2791E-04
  9.6174E-03  1.8255E-03  1.9958E-04 -3.3397E-04
  9.7059E-03  1.8585E-03  2.0326E-04 -3.4015E-04
  9.7952E-03  1.8921E-03  2.0702E-04 -3.4644E-04
  9.8853E-03  1.9263E-03  2.1085E-04 -3.5284E-04
  9.9763E-03  1.9612E-03  2.1475E-04 -3.5937E-04
  1.0068E-02  1.9966E-03  2.1871E-04 -3.6601E-04
  1.0161E-02  2.0327E-03  2.2276E-04 -3.7278E-04
  1.0254E-02  2.0694E-03  2.2688E-04 -3.7967E-04
  1.0349E-02  2.1067E-03  2.3107E-04 -3.8669E-04
  1.0444E-02  2.1448E-03  2.3534E-04 -3.9384E-04
  1.0540E-02  2.1835E-03  2.3969E-04 -4.0112E-04
  1.0637E-02  2.2229E-03  2.4412E-04 -4.0854E-04
  1.0735E-02  2.2630E-03  2.4863E-04 -4.1609E-04
  1.0833E-02  2.3038E-03  2.5323E-04 -4.2379E-04
  1.0933E-02  2.3454E-03  2.5791E-04 -4.3162E-04
  1.1034E-02  2.3877E-03  2.6268E-04 -4.3960E-04
  1.1135E-02  2.4307E-03  2.6753E-04 -4.4773E-04
  1.1238E-02  2.4745E-03  2.7248E-04 -4.5601E-04
  1.1341E-02  2.5191E-03  2.7751E-04 -4.6444E-04
  1.1445E-02  2.5645E-03  2.8264E-04 -4.7303E-04
  1.1551E-02  2.6106E-03  2.8787E-04 -4.8178E-04
  1.1657E-02  2.6576E-03  2.9319E-04 -4.9068E-04
  1.1764E-02  2.7055E-03  2.9861E-04 -4.9976E-04
  1.1872E-02  2.7542E-03  3.0412E-04 -5.0900E-04
  1.1982E-02  2.8037E-03  3.0975E-04 -5.1841E-04
  1.2092E-02  2.8542E-03  3.1547E-04 -5.2799E-04
  1.2203E-02  2.9055E-03  3.2130E-04 -5.3776E-04
  1.2315E-02  2.9577E-03  3.2724E-04 -5.4770E-04
  1.2429E-02  3.0109E-03  3.3329E-04 -5.5783E-04
  1.2543E-02  3.0650E-03  3.3945E-04 -5.6814E-04
  1.2659E-02  3.1200E-03  3.4572E-04 -5.7865E-04
  1.2775E-02  3.1761E-03  3.5211E-04 -5.8935E-04
  1.2893E-02  3.2331E-03  3.5862E-04 -6.0025E-04
  1.3011E-02  3.2911E-03  3.6525E-04 -6.1134E-04
  1.3131E-02  3.3502E-03  3.7200E-04 -6.2265E-04
  1.3252E-02  3.4103E-03  3.7888E-04 -6.3416E-04
  1.3374E-02  3.4714E-03  3.8588E-04 -6.4589E-04
  1.3497E-02  3.5337E-03  3.9301E-04 -6.5783E-04
  1.3621E-02  3.5970E-03  4.0027E-04 -6.7000E-04
  1.3746E-02  3.6615E-03  4.0767E-04 -6.8239E-04
  1.3873E-02  3.7270E-03  4.1521E-04 -6.9500E-04
  1.4000E-02  3.7938E-03  4.2288E-04 -7.0786E-04
  1.4129E-02  3.8617E-03  4.3070E-04 -7.2095E-04
  1.4259E-02  3.9308E-03  4.3866E-04 -7.3428E-04
  1.4390E-02  4.0012E-03  4.4676E-04 -7.4786E-04
  1.4523E-02  4.0727E-03  4.5502E-04 -7.6169E-04
  1.4656E-02  4.1456E-03  4.6343E-04 -7.7577E-04
  1.4791E-02  4.2197E-03  4.7199E-04 -7.9012E-04
  1.4927E-02  4.2951E-03  4.8072E-04 -8.0473E-04
  1.5064E-02  4.3718E-03  4.8960E-04 -8.1961E-04
  1.5203E-02  4.4499E-03  4.9865E-04 -8.3477E-04
  1.5343E-02  4.5293E-03  5.0787E-04 -8.5020E-04
  1.5484E-02  4.6102E-03  5.1725E-04 -8.6593E-04
  1.5627E-02  4.6924E-03  5.2681E-04 -8.8194E-04
  1.5770E-02  4.7761E-03  5.3655E-04 -8.9825E-04
  1.5915E-02  4.8613E-03  5.4646E-04 -9.1486E-04
  1.6062E-02  4.9480E-03  5.5656E-04 -9.3178E-04
  1.6210E-02  5.0361E-03  5.6685E-04 -9.4901E-04
  1.6359E-02  5.1258E-03  5.7732E-04 -9.6656E-04
  1.6509E-02  5.2171E-03  5.8799E-04 -9.8444E-04
  1.6661E-02  5.3100E-03  5.9886E-04 -1.0026E-03
  1.6814E-02  5.4045E-03  6.0992E-04 -1.0212E-03
  1.6969E-02  5.5006E-03  6.2120E-04 -1.0401E-03
  1.7125E-02  5.5984E-03  6.3268E-04 -1.0593E-03
  1.7283E-02  5.6979E-03  6.4437E-04 -1.0789E-03
  1.7442E-02  5.7992E-03  6.5628E-04 -1.0989E-03
  1.7602E-02  5.9022E-03  6.6840E-04 -1.1192E-03
  1.7764E-02  6.0070E-03  6.8075E-04 -1.1399E-03
  1.7928E-02  6.1136E-03  6.9333E-04 -1.1610E-03
  1.8093E-02  6.2221E-03  7.0615E-04 -1.1824E-03
  1.8259E-02  6.3324E-03  7.1920E-04 -1.2043E-03
  1.8427E-02  6.4447E-03  7.3249E-04 -1.2266E-03
  1.8597E-02  6.5589E-03  7.4602E-04 -1.2493E-03
  1.8768E-02  6.6751E-03  7.5981E-04 -1.2724E-03
  1.8940E-02  6.7933E-03  7.7385E-04 -1.2959E-03
  1.9115E-02  6.9136E-03  7.8815E-04 -1.3199E-03
  1.9291E-02  7.0359E-03  8.0271E-04 -1.3443E-03
  1.9468E-02  7.1604E-03  8.1754E-04 -1.3692E-03
  1.9647E-02  7.2870E-03  8.3265E-04 -1.3945E-03
  1.9828E-02  7.4157E-03  8.4804E-04 -1.4203E-03
  2.0010E-02  7.5467E-03  8.6371E-04 -1.4465E-03
  2.0194E-02  7.6800E-03  8.7966E-04 -1.4733E-03
  2.0380E-02  7.8156E-03  8.9592E-04 -1.5006E-03
  2.0568E-02  7.9535E-03  9.1247E-04 -1.5283E-03
  2.0757E-02  8.0937E-03  9.2933E-04 -1.5566E-03
  2.0948E-02  8.2364E-03  9.4650E-04 -1.5854E-03
  2.1141E-02  8.3815E-03  9.6399E-04 -1.6147E-03
  2.1335E-02  8.5292E-03  9.8180E-04 -1.6446E-03
  2.1531E-02  8.6793E-03  9.9994E-04 -1.6750E-03
  2.1729E-02  8.8320E-03  1.0184E-03 -1.7060E-03
  2.1929E-02  8.9874E-03  1.0372E-03 -1.7375E-03
  2.2131E-02  9.1454E-03  1.0564E-03 -1.7697E-03
  2.2335E-02  9.3061E-03  1.0759E-03 -1.8024E-03
  2.2540E-02  9.4696E-03  1.0958E-03 -1.8358E-03
  2.2748E-02  9.6358E-03  1.1160E-03 -1.8697E-03
  2.2957E-02  9.8049E-03  1.1367E-03 -1.9043E-03
  2.3168E-02  9.9769E-03  1.1577E-03 -1.9396E-03
  2.3381E-02  1.0152E-02  1.1790E-03 -1.9755E-03
  2.3596E-02  1.0330E-02  1.2008E-03 -2.0120E-03
  2.3813E-02  1.0511E-02  1.2230E-03 -2.0492E-03
  2.4033E-02  1.0695E-02  1.2456E-03 -2.0871E-03
  2.4254E-02  1.0882E-02  1.2686E-03 -2.1258E-03
  2.4477E-02  1.1072E-02  1.2921E-03 -2.1651E-03
  2.4702E-02  1.1265E-02  1.3159E-03 -2.2052E-03
  2.4929E-02  1.1462E-02  1.3402E-03 -2.2460E-03
  2.5159E-02  1.1662E-02  1.3650E-03 -2.2875E-03
  2.5390E-02  1.1866E-02  1.3902E-03 -2.3299E-03
  2.5624E-02  1.2073E-02  1.4159E-03 -2.3730E-03
  2.5859E-02  1.2283E-02  1.4421E-03 -2.4169E-03
  2.6097E-02  1.2497E-02  1.4687E-03 -2.4616E-03
  2.6337E-02  1.2715E-02  1.4958E-03 -2.5072E-03
  2.6580E-02  1.2936E-02  1.5234E-03 -2.5536E-03
  2.6824E-02  1.3161E-02  1.5516E-03 -2.6008E-03
  2.7071E-02  1.3390E-02  1.5802E-03 -2.6490E-03
  2.7320E-02  1.3623E-02  1.6094E-03 -2.6980E-03
  2.7571E-02  1.3859E-02  1.6392E-03 -2.7479E-03
  2.7825E-02  1.4100E-02  1.6694E-03 -2.7988E-03
  2.8081E-02  1.4344E-02  1.7003E-03 -2.8506E-03
  2.8339E-02  1.4593E-02  1.7317E-03 -2.9033E-03
  2.8600E-02  1.4846E-02  1.7637E-03 -2.9571E-03
  2.8863E-02  1.5103E-02  1.7962E-03 -3.0118E-03
  2.9129E-02  1.5364E-02  1.8294E-03 -3.0676E-03
  2.9397E-02  1.5630E-02  1.8632E-03 -3.1244E-03
  2.9667E-02  1.5900E-02  1.8976E-03 -3.1822E-03
  2.9940E-02  1.6175E-02  1.9327E-03 -3.2411E-03
  3.0216E-02  1.6454E-02  1.9684E-03 -3.3011E-03
  3.0494E-02  1.6738E-02  2.0047E-03 -3.3622E-03
  3.0774E-02  1.7026E-02  2.0417E-03 -3.4245E-03
  3.1057E-02  1.7320E-02  2.0794E-03 -3.4879E-03
  3.1343E-02  1.7618E-02  2.1178E-03 -3.5524E-03
  3.1631E-02  1.7921E-02  2.1569E-03 -3.6182E-03
  3.1922E-02  1.8229E-02  2.1968E-03 -3.6852E-03
  3.2216E-02  1.8542E-02  2.2373E-03 -3.7535E-03
  3.2512E-02  1.8861E-02  2.2787E-03 -3.8230E-03
  3.2812E-02  1.9184E-02  2.3207E-03 -3.8937E-03
  3.3113E-02  1.9513E-02  2.3636E-03 -3.9658E-03
  3.3418E-02  1.9848E-02  2.4072E-03 -4.0393E-03
  3.3726E-02  2.0188E-02  2.4517E-03 -4.1141E-03
  3.4036E-02  2.0533E-02  2.4969E-03 -4.1903E-03
  3.4349E-02  2.0884E-02  2.5430E-03 -4.2679E-03
  3.4665E-02  2.1241E-02  2.5900E-03 -4.3469E-03
  3.4984E-02  2.1604E-02  2.6378E-03 -4.4275E-03
  3.5306E-02  2.1972E-02  2.6865E-03 -4.5095E-03
  3.5631E-02  2.2347E-02  2.7361E-03 -4.5930E-03
  3.5958E-02  2.2728E-02  2.7866E-03 -4.6781E-03
  3.6289E-02  2.3115E-02  2.8381E-03 -4.7647E-03
  3.6623E-02  2.3508E-02  2.8904E-03 -4.8530E-03
  3.6960E-02  2.3907E-02  2.9438E-03 -4.9429E-03
  3.7300E-02  2.4313E-02  2.9981E-03 -5.0345E-03
  3.7643E-02  2.4726E-02  3.0535E-03 -5.1277E-03
  3.7989E-02  2.5145E-02  3.1098E-03 -5.2228E-03
  3.8339E-02  2.5571E-02  3.1672E-03 -5.3195E-03
  3.8692E-02  2.6004E-02  3.2257E-03 -5.4181E-03
  3.9048E-02  2.6444E-02  3.2852E-03 -5.5185E-03
  3.9407E-02  2.6891E-02  3.3459E-03 -5.6208E-03
  3.9769E-02  2.7346E-02  3.4076E-03 -5.7249E-03
  4.0135E-02  2.7807E-02  3.4705E-03 -5.8310E-03
  4.0505E-02  2.8276E-02  3.5346E-03 -5.9391E-03
  4.0877E-02  2.8752E-02  3.5998E-03 -6.0492E-03
  4.1253E-02  2.9236E-02  3.6662E-03 -6.1613E-03
  4.1633E-02  2.9728E-02  3.7339E-03 -6.2755E-03
  4.2016E-02  3.0228E-02  3.8028E-03 -6.3918E-03
  4.2402E-02  3.0735E-02  3.8729E-03 -6.5103E-03
  4.2792E-02  3.1251E-02  3.9444E-03 -6.6310E-03
  4.3186E-02  3.1775E-02  4.0172E-03 -6.7539E-03
  4.3583E-02  3.2307E-02  4.0913E-03 -6.8792E-03
  4.3984E-02  3.2847E-02  4.1668E-03 -7.0067E-03
  4.4389E-02  3.3396E-02  4.2436E-03 -7.1366E-03
  4.4797E-02  3.3954E-02  4.3219E-03 -7.2690E-03
  4.5210E-02  3.4520E-02  4.4017E-03 -7.4038E-03
  4.5625E-02  3.5096E-02  4.4828E-03 -7.5411E-03
  4.6045E-02  3.5680E-02  4.5655E-03 -7.6810E-03
  4.6469E-02  3.6274E-02  4.6497E-03 -7.8234E-03
  4.6896E-02  3.6876E-02  4.7355E-03 -7.9685E-03
  4.7328E-02  3.7489E-02  4.8229E-03 -8.1164E-03
  4.7763E-02  3.8111E-02  4.9118E-03 -8.2669E-03
  4.8203E-02  3.8742E-02  5.0024E-03 -8.4203E-03
  4.8646E-02  3.9383E-02  5.0946E-03 -8.5765E-03
  4.9094E-02  4.0035E-02  5.1886E-03 -8.7357E-03
  4.9545E-02  4.0696E-02  5.2843E-03 -8.8978E-03
  5.0001E-02  4.1368E-02  5.3817E-03 -9.0629E-03
  5.0461E-02  4.2050E-02  5.4809E-03 -9.2311E-03
  5.0925E-02  4.2742E-02  5.5820E-03 -9.4024E-03
  5.1394E-02  4.3445E-02  5.6849E-03 -9.5769E-03
  5.1867E-02  4.4159E-02  5.7897E-03 -9.7547E-03
  5.2344E-02  4.4884E-02  5.8964E-03 -9.9357E-03
  5.2825E-02  4.5620E-02  6.0051E-03 -1.0120E-02
  5.3311E-02  4.6367E-02  6.1158E-03 -1.0308E-02
  5.3802E-02  4.7126E-02  6.2285E-03 -1.0499E-02
  5.4297E-02  4.7896E-02  6.3433E-03 -1.0694E-02
  5.4796E-02  4.8678E-02  6.4602E-03 -1.0893E-02
  5.5300E-02  4.9472E-02  6.5793E-03 -1.1095E-02
  5.5809E-02  5.0277E-02  6.7005E-03 -1.1301E-02
  5.6323E-02  5.1095E-02  6.8240E-03 -1.1511E-02
  5.6841E-02  5.1925E-02  6.9497E-03 -1.1725E-02
  5.7364E-02  5.2768E-02  7.0778E-03 -1.1943E-02
  5.7892E-02  5.3623E-02  7.2082E-03 -1.2165E-02
  5.8424E-02  5.4492E-02  7.3409E-03 -1.2391E-02
  5.8962E-02  5.5373E-02  7.4762E-03 -1.2621E-02
  5.9504E-02  5.6267E-02  7.6139E-03 -1.2856E-02
  6.0051E-02  5.7175E-02  7.7541E-03 -1.3095E-02
  6.0604E-02  5.8096E-02  7.8969E-03 -1.3338E-02
  6.1162E-02  5.9031E-02  8.0424E-03 -1.3586E-02
  6.1724E-02  5.9979E-02  8.1905E-03 -1.3838E-02
  6.2292E-02  6.0942E-02  8.3413E-03 -1.4096E-02
  6.2865E-02  6.1919E-02  8.4949E-03 -1.4358E-02
  6.3443E-02  6.2910E-02  8.6513E-03 -1.4625E-02
  6.4027E-02  6.3915E-02  8.8105E-03 -1.4897E-02
  6.4616E-02  6.4936E-02  8.9727E-03 -1.5174E-02
  6.5211E-02  6.5971E-02  9.1379E-03 -1.5456E-02
  6.5811E-02  6.7021E-02  9.3061E-03 -1.5744E-02
  6.6416E-02  6.8087E-02  9.4773E-03 -1.6037E-02
  6.7027E-02  6.9168E-02  9.6517E-03 -1.6335E-02
  6.7644E-02  7.0265E-02  9.8293E-03 -1.6639E-02
  6.8266E-02  7.1377E-02  1.0010E-02 -1.6949E-02
  6.8894E-02  7.2505E-02  1.0194E-02 -1.7264E-02
  6.9528E-02  7.3650E-02  1.0382E-02 -1.7585E-02
  7.0167E-02  7.4811E-02  1.0573E-02 -1.7913E-02
  7.0813E-02  7.5989E-02  1.0767E-02 -1.8246E-02
  7.1464E-02  7.7183E-02  1.0965E-02 -1.8586E-02
  7.2122E-02  7.8395E-02  1.1167E-02 -1.8932E-02
  7.2785E-02  7.9623E-02  1.1372E-02 -1.9285E-02
  7.3455E-02  8.0869E-02  1.1581E-02 -1.9644E-02
  7.4131E-02  8.2132E-02  1.1794E-02 -2.0010E-02
  7.4813E-02  8.3414E-02  1.2011E-02 -2.0382E-02
  7.5501E-02  8.4713E-02  1.2232E-02 -2.0762E-02
  7.6196E-02  8.6030E-02  1.2457E-02 -2.1149E-02
  7.6897E-02  8.7366E-02  1.2686E-02 -2.1543E-02
  7.7604E-02  8.8720E-02  1.2919E-02 -2.1945E-02
  7.8318E-02  9.0093E-02  1.3156E-02 -2.2354E-02
  7.9039E-02  9.1485E-02  1.3398E-02 -2.2771E-02
  7.9766E-02  9.2896E-02  1.3644E-02 -2.3195E-02
  8.0500E-02  9.4326E-02  1.3894E-02 -2.3628E-02
  8.1240E-02  9.5776E-02  1.4150E-02 -2.4068E-02
  8.1988E-02  9.7246E-02  1.4409E-02 -2.4517E-02
  8.2742E-02  9.8736E-02  1.4674E-02 -2.4975E-02
  8.3503E-02  1.0025E-01  1.4943E-02 -2.5441E-02
  8.4271E-02  1.0178E-01  1.5218E-02 -2.5915E-02
  8.5047E-02  1.0333E-01  1.5497E-02 -2.6399E-02
  8.5829E-02  1.0490E-01  1.5781E-02 -2.6892E-02
  8.6619E-02  1.0649E-01  1.6071E-02 -2.7394E-02
  8.7415E-02  1.0811E-01  1.6366E-02 -2.7905E-02
  8.8220E-02  1.0974E-01  1.6666E-02 -2.8426E-02
  8.9031E-02  1.1140E-01  1.6971E-02 -2.8957E-02
  8.9850E-02  1.1308E-01  1.7283E-02 -2.9497E-02
  9.0677E-02  1.1478E-01  1.7599E-02 -3.0048E-02
  9.1511E-02  1.1650E-01  1.7922E-02 -3.0610E-02
  9.2353E-02  1.1825E-01  1.8251E-02 -3.1182E-02
  9.3203E-02  1.2002E-01  1.8585E-02 -3.1764E-02
  9.4060E-02  1.2181E-01  1.8926E-02 -3.2358E-02
  9.4925E-02  1.2363E-01  1.9272E-02 -3.2963E-02
  9.5799E-02  1.2547E-01  1.9625E-02 -3.3579E-02
  9.6680E-02  1.2733E-01  1.9985E-02 -3.4206E-02
  9.7570E-02  1.2921E-01  2.0351E-02 -3.4846E-02
  9.8467E-02  1.3112E-01  2.0723E-02 -3.5498E-02
  9.9373E-02  1.3306E-01  2.1102E-02 -3.6161E-02
  1.0029E-01  1.3502E-01  2.1489E-02 -3.6838E-02
  1.0121E-01  1.3700E-01  2.1882E-02 -3.7527E-02
  1.0214E-01  1.3901E-01  2.2282E-02 -3.8229E-02
  1.0308E-01  1.4104E-01  2.2690E-02 -3.8944E-02
  1.0403E-01  1.4310E-01  2.3105E-02 -3.9673E-02
  1.0499E-01  1.4518E-01  2.3527E-02 -4.0416E-02
  1.0595E-01  1.4729E-01  2.3957E-02 -4.1172E-02
  1.0693E-01  1.4943E-01  2.4395E-02 -4.1943E-02
  1.0791E-01  1.5159E-01  2.4841E-02 -4.2728E-02
  1.0890E-01  1.5378E-01  2.5294E-02 -4.3528E-02
  1.0990E-01  1.5599E-01  2.5756E-02 -4.4343E-02
  1.1092E-01  1.5823E-01  2.6227E-02 -4.5174E-02
  1.1194E-01  1.6050E-01  2.6706E-02 -4.6020E-02
  1.1297E-01  1.6280E-01  2.7193E-02 -4.6882E-02
  1.1401E-01  1.6512E-01  2.7689E-02 -4.7760E-02
  1.1505E-01  1.6747E-01  2.8194E-02 -4.8655E-02
  1.1611E-01  1.6985E-01  2.8708E-02 -4.9567E-02
  1.1718E-01  1.7225E-01  2.9232E-02 -5.0495E-02
  1.1826E-01  1.7468E-01  2.9765E-02 -5.1442E-02
  1.1935E-01  1.7715E-01  3.0307E-02 -5.2406E-02
  1.2045E-01  1.7964E-01  3.0859E-02 -5.3388E-02
  1.2155E-01  1.8215E-01  3.1421E-02 -5.4389E-02
  1.2267E-01  1.8470E-01  3.1994E-02 -5.5408E-02
  1.2380E-01  1.8728E-01  3.2576E-02 -5.6447E-02
  1.2494E-01  1.8988E-01  3.3169E-02 -5.7505E-02
  1.2609E-01  1.9252E-01  3.3772E-02 -5.8584E-02
  1.2725E-01  1.9518E-01  3.4387E-02 -5.9682E-02
  1.2842E-01  1.9787E-01  3.5012E-02 -6.0801E-02
  1.2960E-01  2.0060E-01  3.5648E-02 -6.1941E-02
  1.3079E-01  2.0335E-01  3.6296E-02 -6.3103E-02
  1.3200E-01  2.0613E-01  3.6955E-02 -6.4286E-02
  1.3321E-01  2.0895E-01  3.7627E-02 -6.5491E-02
  1.3444E-01  2.1179E-01  3.8310E-02 -6.6719E-02
  1.3567E-01  2.1466E-01  3.9005E-02 -6.7971E-02
  1.3692E-01  2.1757E-01  3.9712E-02 -6.9245E-02
  1.3818E-01  2.2050E-01  4.0433E-02 -7.0543E-02
  1.3945E-01  2.2347E-01  4.1166E-02 -7.1866E-02
  1.4073E-01  2.2647E-01  4.1912E-02 -7.3213E-02
  1.4203E-01  2.2950E-01  4.2671E-02 -7.4586E-02
  1.4334E-01  2.3255E-01  4.3444E-02 -7.5984E-02
  1.4465E-01  2.3565E-01  4.4230E-02 -7.7408E-02
  1.4599E-01  2.3877E-01  4.5030E-02 -7.8859E-02
  1.4733E-01  2.4192E-01  4.5845E-02 -8.0337E-02
  1.4868E-01  2.4511E-01  4.6674E-02 -8.1842E-02
  1.5005E-01  2.4832E-01  4.7517E-02 -8.3375E-02
  1.5143E-01  2.5157E-01  4.8376E-02 -8.4937E-02
  1.5283E-01  2.5485E-01  4.9249E-02 -8.6528E-02
  1.5423E-01  2.5816E-01  5.0138E-02 -8.8148E-02
  1.5565E-01  2.6151E-01  5.1043E-02 -8.9798E-02
  1.5708E-01  2.6488E-01  5.1963E-02 -9.1478E-02
  1.5853E-01  2.6829E-01  5.2900E-02 -9.3190E-02
  1.5999E-01  2.7173E-01  5.3853E-02 -9.4933E-02
  1.6146E-01  2.7520E-01  5.4823E-02 -9.6708E-02
  1.6294E-01  2.7870E-01  5.5809E-02 -9.8516E-02
  1.6444E-01  2.8224E-01  5.6813E-02 -1.0036E-01
  1.6595E-01  2.8581E-01  5.7835E-02 -1.0223E-01
  1.6748E-01  2.8941E-01  5.8874E-02 -1.0414E-01
  1.6902E-01  2.9304E-01  5.9932E-02 -1.0608E-01
  1.7058E-01  2.9670E-01  6.1008E-02 -1.0806E-01
  1.7215E-01  3.0040E-01  6.2102E-02 -1.1008E-01
  1.7373E-01  3.0412E-01  6.3216E-02 -1.1213E-01
  1.7533E-01  3.0788E-01  6.4349E-02 -1.1422E-01
  1.7694E-01  3.1167E-01  6.5501E-02 -1.1634E-01
  1.7857E-01  3.1550E-01  6.6674E-02 -1.1851E-01
  1.8021E-01  3.1935E-01  6.7867E-02 -1.2071E-01
  1.8187E-01  3.2324E-01  6.9080E-02 -1.2295E-01
  1.8354E-01  3.2715E-01  7.0315E-02 -1.2524E-01
  1.8523E-01  3.3110E-01  7.1570E-02 -1.2756E-01
  1.8694E-01  3.3508E-01  7.2847E-02 -1.2992E-01
  1.8866E-01  3.3909E-01  7.4146E-02 -1.3233E-01
  1.9039E-01  3.4314E-01  7.5468E-02 -1.3478E-01
  1.9214E-01  3.4721E-01  7.6812E-02 -1.3727E-01
  1.9391E-01  3.5131E-01  7.8179E-02 -1.3980E-01
  1.9569E-01  3.5545E-01  7.9569E-02 -1.4238E-01
  1.9749E-01  3.5961E-01  8.0983E-02 -1.4500E-01
  1.9931E-01  3.6381E-01  8.2421E-02 -1.4767E-01
  2.0115E-01  3.6803E-01  8.3883E-02 -1.5039E-01
  2.0300E-01  3.7228E-01  8.5371E-02 -1.5315E-01
  2.0486E-01  3.7657E-01  8.6883E-02 -1.5595E-01
  2.0675E-01  3.8088E-01  8.8421E-02 -1.5881E-01
  2.0865E-01  3.8522E-01  8.9985E-02 -1.6171E-01
  2.1057E-01  3.8959E-01  9.1575E-02 -1.6466E-01
  2.1251E-01  3.9399E-01  9.3192E-02 -1.6766E-01
  2.1446E-01  3.9841E-01  9.4836E-02 -1.7071E-01
  2.1643E-01  4.0287E-01  9.6508E-02 -1.7381E-01
  2.1843E-01  4.0735E-01  9.8207E-02 -1.7696E-01
  2.2044E-01  4.1186E-01  9.9935E-02 -1.8016E-01
  2.2246E-01  4.1639E-01  1.0169E-01 -1.8341E-01
  2.2451E-01  4.2095E-01  1.0348E-01 -1.8671E-01
  2.2658E-01  4.2554E-01  1.0529E-01 -1.9006E-01
  2.2866E-01  4.3015E-01  1.0714E-01 -1.9347E-01
  2.3076E-01  4.3479E-01  1.0901E-01 -1.9693E-01
  2.3289E-01  4.3945E-01  1.1092E-01 -2.0044E-01
  2.3503E-01  4.4414E-01  1.1286E-01 -2.0400E-01
  2.3719E-01  4.4885E-01  1.1483E-01 -2.0762E-01
  2.3937E-01  4.5358E-01  1.1683E-01 -2.1129E-01
  2.4158E-01  4.5834E-01  1.1887E-01 -2.1501E-01
  2.4380E-01  4.6311E-01  1.2093E-01 -2.1879E-01
  2.4604E-01  4.6791E-01  1.2303E-01 -2.2261E-01
  2.4830E-01  4.7274E-01  1.2517E-01 -2.2650E-01
  2.5059E-01  4.7758E-01  1.2734E-01 -2.3043E-01
  2.5289E-01  4.8244E-01  1.2954E-01 -2.3442E-01
  2.5522E-01  4.8732E-01  1.3178E-01 -2.3846E-01
  2.5757E-01  4.9222E-01  1.3406E-01 -2.4255E-01
  2.5994E-01  4.9714E-01  1.3637E-01 -2.4670E-01
  2.6233E-01  5.0207E-01  1.3872E-01 -2.5090E-01
  2.6474E-01  5.0702E-01  1.4110E-01 -2.5514E-01
  2.6718E-01  5.1199E-01  1.4353E-01 -2.5944E-01
  2.6964E-01  5.1698E-01  1.4599E-01 -2.6378E-01
  2.7212E-01  5.2197E-01  1.4849E-01 -2.6818E-01
  2.7462E-01  5.2699E-01  1.5103E-01 -2.7262E-01
  2.7715E-01  5.3201E-01  1.5361E-01 -2.7711E-01
  2.7970E-01  5.3705E-01  1.5623E-01 -2.8164E-01
  2.8227E-01  5.4210E-01  1.5889E-01 -2.8622E-01
  2.8487E-01  5.4716E-01  1.6159E-01 -2.9083E-01
  2.8749E-01  5.5223E-01  1.6433E-01 -2.9549E-01
  2.9013E-01  5.5731E-01  1.6711E-01 -3.0019E-01
  2.9280E-01  5.6240E-01  1.6994E-01 -3.0492E-01
  2.9549E-01  5.6750E-01  1.7280E-01 -3.0969E-01
  2.9821E-01  5.7260E-01  1.7572E-01 -3.1449E-01
  3.0096E-01  5.7771E-01  1.7867E-01 -3.1932E-01
  3.0373E-01  5.8282E-01  1.8167E-01 -3.2418E-01
  3.0652E-01  5.8794E-01  1.8472E-01 -3.2906E-01
  3.0934E-01  5.9306E-01  1.8781E-01 -3.3396E-01
  3.1219E-01  5.9818E-01  1.9094E-01 -3.3888E-01
  3.1506E-01  6.0330E-01  1.9412E-01 -3.4381E-01
  3.1796E-01  6.0843E-01  1.9735E-01 -3.4876E-01
  3.2088E-01  6.1355E-01  2.0062E-01 -3.5371E-01
  3.2383E-01  6.1867E-01  2.0394E-01 -3.5866E-01
  3.2681E-01  6.2378E-01  2.0731E-01 -3.6361E-01
  3.2982E-01  6.2890E-01  2.1073E-01 -3.6855E-01
  3.3285E-01  6.3400E-01  2.1420E-01 -3.7347E-01
  3.3591E-01  6.3910E-01  2.1771E-01 -3.7838E-01
  3.3901E-01  6.4420E-01  2.2127E-01 -3.8326E-01
  3.4212E-01  6.4928E-01  2.2489E-01 -3.8811E-01
  3.4527E-01  6.5435E-01  2.2855E-01 -3.9293E-01
  3.4845E-01  6.5942E-01  2.3226E-01 -3.9770E-01
  3.5165E-01  6.6447E-01  2.3603E-01 -4.0241E-01
  3.5489E-01  6.6950E-01  2.3984E-01 -4.0707E-01
  3.5815E-01  6.7453E-01  2.4371E-01 -4.1166E-01
  3.6145E-01  6.7953E-01  2.4763E-01 -4.1617E-01
  3.6477E-01  6.8452E-01  2.5160E-01 -4.2059E-01
  3.6813E-01  6.8949E-01  2.5562E-01 -4.2492E-01
  3.7152E-01  6.9445E-01  2.5969E-01 -4.2914E-01
  3.7493E-01  6.9938E-01  2.6382E-01 -4.3324E-01
  3.7838E-01  7.0428E-01  2.6800E-01 -4.3722E-01
  3.8186E-01  7.0917E-01  2.7223E-01 -4.4105E-01
  3.8538E-01  7.1403E-01  2.7652E-01 -4.4473E-01
  3.8892E-01  7.1886E-01  2.8086E-01 -4.4825E-01
  3.9250E-01  7.2367E-01  2.8525E-01 -4.5159E-01
  3.9611E-01  7.2844E-01  2.8970E-01 -4.5474E-01
  3.9976E-01  7.3319E-01  2.9420E-01 -4.5767E-01
  4.0343E-01  7.3791E-01  2.9875E-01 -4.6039E-01
  4.0714E-01  7.4259E-01  3.0336E-01 -4.6286E-01
  4.1089E-01  7.4724E-01  3.0802E-01 -4.6508E-01
  4.1467E-01  7.5185E-01  3.1274E-01 -4.6703E-01
  4.1849E-01  7.5642E-01  3.1751E-01 -4.6868E-01
  4.2234E-01  7.6096E-01  3.2233E-01 -4.7003E-01
  4.2622E-01  7.6546E-01  3.2720E-01 -4.7104E-01
  4.3014E-01  7.6991E-01  3.3213E-01 -4.7170E-01
  4.3410E-01  7.7432E-01  3.3711E-01 -4.7199E-01
  4.3809E-01  7.7869E-01  3.4215E-01 -4.7189E-01
  4.4212E-01  7.8302E-01  3.4724E-01 -4.7137E-01
  4.4619E-01  7.8729E-01  3.5237E-01 -4.7041E-01
  4.5030E-01  7.9152E-01  3.5756E-01 -4.6899E-01
  4.5444E-01  7.9570E-01  3.6281E-01 -4.6708E-01
  4.5862E-01  7.9982E-01  3.6810E-01 -4.6465E-01
  4.6284E-01  8.0390E-01  3.7344E-01 -4.6168E-01
  4.6710E-01  8.0791E-01  3.7884E-01 -4.5815E-01
  4.7139E-01  8.1188E-01  3.8428E-01 -4.5401E-01
  4.7573E-01  8.1578E-01  3.8977E-01 -4.4925E-01
  4.8011E-01  8.1963E-01  3.9531E-01 -4.4384E-01
  4.8452E-01  8.2342E-01  4.0090E-01 -4.3774E-01
  4.8898E-01  8.2715E-01  4.0653E-01 -4.3092E-01
  4.9348E-01  8.3081E-01  4.1221E-01 -4.2336E-01
  4.9802E-01  8.3441E-01  4.1793E-01 -4.1501E-01
  5.0260E-01  8.3795E-01  4.2369E-01 -4.0585E-01
  5.0722E-01  8.4142E-01  4.2950E-01 -3.9584E-01
  5.1189E-01  8.4482E-01  4.3535E-01 -3.8495E-01
  5.1660E-01  8.4815E-01  4.4124E-01 -3.7315E-01
  5.2135E-01  8.5141E-01  4.4717E-01 -3.6039E-01
  5.2615E-01  8.5460E-01  4.5313E-01 -3.4665E-01
  5.3099E-01  8.5771E-01  4.5913E-01 -3.3188E-01
  5.3587E-01  8.6075E-01  4.6517E-01 -3.1606E-01
  5.4080E-01  8.6371E-01  4.7124E-01 -2.9914E-01
  5.4578E-01  8.6660E-01  4.7734E-01 -2.8109E-01
  5.5080E-01  8.6941E-01  4.8347E-01 -2.6187E-01
  5.5587E-01  8.7213E-01  4.8962E-01 -2.4145E-01
  5.6098E-01  8.7478E-01  4.9580E-01 -2.1979E-01
  5.6614E-01  8.7735E-01  5.0201E-01 -1.9686E-01
  5.7135E-01  8.7983E-01  5.0824E-01 -1.7262E-01
  5.7661E-01  8.8222E-01  5.1448E-01 -1.4704E-01
  5.8191E-01  8.8453E-01  5.2075E-01 -1.2009E-01
  5.8727E-01  8.8675E-01  5.2703E-01 -9.1725E-02
  5.9267E-01  8.8889E-01  5.3332E-01 -6.1924E-02
  5.9812E-01  8.9094E-01  5.3962E-01 -3.0655E-02
  6.0362E-01  8.9289E-01  5.4593E-01  2.1091E-03
  6.0918E-01  8.9476E-01  5.5224E-01  3.6396E-02
  6.1478E-01  8.9653E-01  5.5855E-01  7.2228E-02
  6.2044E-01  8.9821E-01  5.6487E-01  1.0963E-01
  6.2614E-01  8.9979E-01  5.7118E-01  1.4862E-01
  6.3190E-01  9.0128E-01  5.7748E-01  1.8921E-01
  6.3772E-01  9.0267E-01  5.8377E-01  2.3143E-01
  6.4358E-01  9.0397E-01  5.9004E-01  2.7527E-01
  6.4951E-01  9.0517E-01  5.9630E-01  3.2075E-01
  6.5548E-01  9.0627E-01  6.0254E-01  3.6788E-01
  6.6151E-01  9.0727E-01  6.0875E-01  4.1664E-01
  6.6760E-01  9.0817E-01  6.1493E-01  4.6704E-01
  6.7374E-01  9.0897E-01  6.2108E-01  5.1906E-01
  6.7994E-01  9.0967E-01  6.2720E-01  5.7270E-01
  6.8619E-01  9.1026E-01  6.3327E-01  6.2793E-01
  6.9250E-01  9.1076E-01  6.3930E-01  6.8473E-01
  6.9888E-01  9.1115E-01  6.4528E-01  7.4306E-01
  7.0530E-01  9.1143E-01  6.5120E-01  8.0289E-01
  7.1179E-01  9.1161E-01  6.5707E-01  8.6417E-01
  7.1834E-01  9.1169E-01  6.6288E-01  9.2685E-01
  7.2495E-01  9.1166E-01  6.6862E-01  9.9088E-01
  7.3162E-01  9.1153E-01  6.7429E-01  1.0562E+00
  7.3835E-01  9.1129E-01  6.7988E-01  1.1227E+00
  7.4514E-01  9.1094E-01  6.8539E-01  1.1903E+00
  7.5200E-01  9.1049E-01  6.9081E-01  1.2590E+00
  7.5892E-01  9.0993E-01  6.9614E-01  1.3286E+00
  7.6590E-01  9.0926E-01  7.0138E-01  1.3990E+00
  7.7294E-01  9.0849E-01  7.0651E-01  1.4701E+00
  7.8005E-01  9.0761E-01  7.1154E-01  1.5419E+00
  7.8723E-01  9.0662E-01  7.1645E-01  1.6140E+00
  7.9447E-01  9.0552E-01  7.2125E-01  1.6865E+00
  8.0178E-01  9.0431E-01  7.2593E-01  1.7591E+00
  8.0916E-01  9.0300E-01  7.3048E-01  1.8317E+00
  8.1660E-01  9.0158E-01  7.3489E-01  1.9041E+00
  8.2412E-01  9.0006E-01  7.3917E-01  1.9761E+00
  8.3170E-01  8.9842E-01  7.4330E-01  2.0476E+00
  8.3935E-01  8.9668E-01  7.4728E-01  2.1183E+00
  8.4707E-01  8.9483E-01  7.5111E-01  2.1880E+00
  8.5486E-01  8.9288E-01  7.5478E-01  2.2565E+00
  8.6273E-01  8.9082E-01  7.5828E-01  2.3236E+00
  8.7066E-01  8.8865E-01  7.6161E-01  2.3890E+00
  8.7867E-01  8.8638E-01  7.6477E-01  2.4526E+00
  8.8676E-01  8.8400E-01  7.6775E-01  2.5139E+00
  8.9492E-01  8.8152E-01  7.7054E-01  2.5729E+00
  9.0315E-01  8.7893E-01  7.7315E-01  2.6292E+00
  9.1146E-01  8.7624E-01  7.7556E-01  2.6826E+00
  9.1984E-01  8.7345E-01  7.7777E-01  2.7328E+00
  9.2830E-01  8.7056E-01  7.7977E-01  2.7795E+00
  9.3684E-01  8.6756E-01  7.8157E-01  2.8225E+00
  9.4546E-01  8.6446E-01  7.8316E-01  2.8614E+00
  9.5416E-01  8.6127E-01  7.8454E-01  2.8962E+00
  9.6294E-01  8.5797E-01  7.8569E-01  2.9264E+00
  9.7180E-01  8.5458E-01  7.8663E-01  2.9518E+00
  9.8074E-01  8.5108E-01  7.8734E-01  2.9722E+00
  9.8976E-01  8.4749E-01  7.8782E-01  2.9874E+00
  9.9887E-01  8.4381E-01  7.8808E-01  2.9970E+00
  1.0081E+00  8.4003E-01  7.8810E-01  3.0010E+00
  1.0173E+00  8.3615E-01  7.8789E-01  2.9991E+00
  1.0267E+00  8.3219E-01  7.8744E-01  2.9911E+00
  1.0361E+00  8.2813E-01  7.8676E-01  2.9769E+00
  1.0457E+00  8.2398E-01  7.8585E-01  2.9563E+00
  1.0553E+00  8.1974E-01  7.8470E-01  2.9293E+00
  1.0650E+00  8.1541E-01  7.8331E-01  2.8958E+00
  1.0748E+00  8.1099E-01  7.8169E-01  2.8556E+00
  1.0847E+00  8.0649E-01  7.7983E-01  2.8089E+00
  1.0947E+00  8.0190E-01  7.7774E-01  2.7556E+00
  1.1047E+00  7.9723E-01  7.7542E-01  2.6958E+00
  1.1149E+00  7.9248E-01  7.7288E-01  2.6296E+00
  1.1251E+00  7.8765E-01  7.7011E-01  2.5571E+00
  1.1355E+00  7.8274E-01  7.6711E-01  2.4786E+00
  1.1459E+00  7.7775E-01  7.6391E-01  2.3943E+00
  1.1565E+00  7.7268E-01  7.6048E-01  2.3044E+00
  1.1671E+00  7.6754E-01  7.5685E-01  2.2094E+00
  1.1779E+00  7.6232E-01  7.5302E-01  2.1095E+00
  1.1887E+00  7.5703E-01  7.4899E-01  2.0054E+00
  1.1996E+00  7.5167E-01  7.4477E-01  1.8974E+00
  1.2107E+00  7.4624E-01  7.4037E-01  1.7861E+00
  1.2218E+00  7.4075E-01  7.3579E-01  1.6721E+00
  1.2331E+00  7.3519E-01  7.3104E-01  1.5562E+00
  1.2444E+00  7.2956E-01  7.2613E-01  1.4389E+00
  1.2558E+00  7.2387E-01  7.2107E-01  1.3211E+00
  1.2674E+00  7.1812E-01  7.1585E-01  1.2036E+00
  1.2791E+00  7.1231E-01  7.1051E-01  1.0871E+00
  1.2908E+00  7.0644E-01  7.0503E-01  9.7261E-01
  1.3027E+00  7.0052E-01  6.9943E-01  8.6091E-01
  1.3147E+00  6.9454E-01  6.9372E-01  7.5292E-01
  1.3268E+00  6.8851E-01  6.8790E-01  6.4954E-01
  1.3390E+00  6.8243E-01  6.8199E-01  5.5162E-01
  1.3513E+00  6.7630E-01  6.7599E-01  4.6002E-01
  1.3637E+00  6.7012E-01  6.6991E-01  3.7551E-01
  1.3763E+00  6.6389E-01  6.6376E-01  2.9881E-01
  1.3889E+00  6.5763E-01  6.5754E-01  2.3052E-01
  1.4017E+00  6.5132E-01  6.5127E-01  1.7114E-01
  1.4146E+00  6.4496E-01  6.4494E-01  1.2098E-01
  1.4276E+00  6.3858E-01  6.3856E-01  8.0147E-02
  1.4408E+00  6.3215E-01  6.3215E-01  4.8526E-02
  1.4540E+00  6.2569E-01  6.2569E-01  2.5688E-02
  1.4674E+00  6.1920E-01  6.1920E-01  1.0858E-02
  1.4809E+00  6.1267E-01  6.1267E-01  2.8494E-03
  1.4945E+00  6.0612E-01  6.0612E-01 -1.0451E-05
  1.5083E+00  5.9954E-01  5.9954E-01  4.9245E-05
  1.5221E+00  5.9293E-01  5.9293E-01  4.6653E-05
  1.5361E+00  5.8630E-01  5.8630E-01  4.2895E-05
  1.5503E+00  5.7965E-01  5.7965E-01  3.9408E-05
  1.5645E+00  5.7298E-01  5.7298E-01  3.6172E-05
  1.5789E+00  5.6628E-01  5.6628E-01  3.3168E-05
  1.5935E+00  5.5958E-01  5.5958E-01  3.0378E-05
  1.6081E+00  5.5286E-01  5.5286E-01  2.7787E-05
  1.6229E+00  5.4612E-01  5.4612E-01  2.5379E-05
  1.6378E+00  5.3938E-01  5.3938E-01  2.3143E-05
  1.6529E+00  5.3262E-01  5.3262E-01  2.1064E-05
  1.6681E+00  5.2586E-01  5.2586E-01  1.9131E-05
  1.6835E+00  5.1910E-01  5.1910E-01  1.7334E-05
  1.6990E+00  5.1233E-01  5.1233E-01  1.5664E-05
  1.7146E+00  5.0556E-01  5.0556E-01  1.4111E-05
  1.7304E+00  4.9879E-01  4.9879E-01  1.2667E-05
  1.7463E+00  4.9202E-01  4.9202E-01  1.1324E-05
  1.7623E+00  4.8525E-01  4.8525E-01  1.0076E-05
  1.7786E+00  4.7849E-01  4.7849E-01  8.9160E-06
  1.7949E+00  4.7174E-01  4.7174E-01  7.8382E-06
  1.8114E+00  4.6500E-01  4.6500E-01  6.8371E-06
  1.8281E+00  4.5826E-01  4.5826E-01  5.9077E-06
  1.8449E+00  4.5154E-01  4.5154E-01  5.0453E-06
  1.8619E+00  4.4484E-01  4.4484E-01  4.2456E-06
  1.8790E+00  4.3815E-01  4.3815E-01  3.5046E-06
  1.8963E+00  4.3147E-01  4.3147E-01  2.8187E-06
  1.9137E+00  4.2482E-01  4.2482E-01  2.1844E-06
  1.9313E+00  4.1819E-01  4.1819E-01  1.5986E-06
  1.9491E+00  4.1158E-01  4.1158E-01  1.0584E-06
  1.9670E+00  4.0499E-01  4.0499E-01  5.6090E-07
  1.9851E+00  3.9843E-01  3.9843E-01  1.0369E-07
  2.0034E+00  3.9190E-01  3.9190E-01 -3.1564E-07
  2.0218E+00  3.8540E-01  3.8540E-01 -6.9930E-07
  2.0404E+00  3.7893E-01  3.7893E-01 -1.0494E-06
  2.0592E+00  3.7248E-01  3.7248E-01 -1.3678E-06
  2.0782E+00  3.6608E-01  3.6608E-01 -1.6564E-06
  2.0973E+00  3.5970E-01  3.5970E-01 -1.9168E-06
  2.1166E+00  3.5337E-01  3.5337E-01 -2.1507E-06
  2.1360E+00  3.4707E-01  3.4707E-01 -2.3595E-06
  2.1557E+00  3.4081E-01  3.4081E-01 -2.5447E-06
  2.1755E+00  3.3459E-01  3.3459E-01 -2.7077E-06
  2.1955E+00  3.2841E-01  3.2841E-01 -2.8496E-06
  2.2157E+00  3.2228E-01  3.2228E-01 -2.9717E-06
  2.2361E+00  3.1619E-01  3.1619E-01 -3.0752E-06
  2.2567E+00  3.1014E-01  3.1014E-01 -3.1610E-06
  2.2774E+00  3.0415E-01  3.0415E-01 -3.2302E-06
  2.2984E+00  2.9820E-01  2.9820E-01 -3.2839E-06
  2.3195E+00  2.9230E-01  2.9230E-01 -3.3228E-06
  2.3409E+00  2.8645E-01  2.8645E-01 -3.3480E-06
  2.3624E+00  2.8065E-01  2.8065E-01 -3.3602E-06
  2.3842E+00  2.7491E-01  2.7491E-01 -3.3602E-06
