 # l=           1 basis function with energy     2.00000000000000     
  0.0000E+00  0.0000E+00  0.0000E+00  0.0000E+00
  1.0222E-08 -6.9180E-15 -6.2533E-16 -1.5335E-17
  2.0538E-08 -2.7927E-14 -2.5244E-15 -6.1904E-17
  3.0949E-08 -6.3416E-14 -5.7323E-15 -1.4057E-16
  4.1455E-08 -1.1378E-13 -1.0285E-14 -2.5221E-16
  5.2059E-08 -1.7943E-13 -1.6219E-14 -3.9774E-16
  6.2759E-08 -2.6078E-13 -2.3572E-14 -5.7805E-16
  7.3559E-08 -3.5825E-13 -3.2383E-14 -7.9410E-16
  8.4457E-08 -4.7227E-13 -4.2689E-14 -1.0468E-15
  9.5456E-08 -6.0329E-13 -5.4532E-14 -1.3373E-15
  1.0656E-07 -7.5175E-13 -6.7952E-14 -1.6664E-15
  1.1776E-07 -9.1812E-13 -8.2990E-14 -2.0351E-15
  1.2906E-07 -1.1029E-12 -9.9690E-14 -2.4447E-15
  1.4047E-07 -1.3065E-12 -1.1809E-13 -2.8960E-15
  1.5199E-07 -1.5294E-12 -1.3825E-13 -3.3902E-15
  1.6361E-07 -1.7722E-12 -1.6019E-13 -3.9284E-15
  1.7533E-07 -2.0354E-12 -1.8398E-13 -4.5117E-15
  1.8717E-07 -2.3194E-12 -2.0966E-13 -5.1414E-15
  1.9911E-07 -2.6249E-12 -2.3727E-13 -5.8185E-15
  2.1117E-07 -2.9523E-12 -2.6687E-13 -6.5443E-15
  2.2333E-07 -3.3023E-12 -2.9850E-13 -7.3200E-15
  2.3561E-07 -3.6753E-12 -3.3222E-13 -8.1468E-15
  2.4800E-07 -4.0720E-12 -3.6808E-13 -9.0262E-15
  2.6050E-07 -4.4930E-12 -4.0613E-13 -9.9593E-15
  2.7312E-07 -4.9388E-12 -4.4642E-13 -1.0947E-14
  2.8585E-07 -5.4101E-12 -4.8902E-13 -1.1992E-14
  2.9871E-07 -5.9074E-12 -5.3399E-13 -1.3095E-14
  3.1168E-07 -6.4316E-12 -5.8136E-13 -1.4257E-14
  3.2476E-07 -6.9831E-12 -6.3122E-13 -1.5479E-14
  3.3797E-07 -7.5628E-12 -6.8361E-13 -1.6764E-14
  3.5131E-07 -8.1712E-12 -7.3861E-13 -1.8113E-14
  3.6476E-07 -8.8090E-12 -7.9626E-13 -1.9526E-14
  3.7834E-07 -9.4770E-12 -8.5664E-13 -2.1007E-14
  3.9204E-07 -1.0176E-11 -9.1982E-13 -2.2556E-14
  4.0587E-07 -1.0906E-11 -9.8585E-13 -2.4176E-14
  4.1982E-07 -1.1669E-11 -1.0548E-12 -2.5867E-14
  4.3391E-07 -1.2465E-11 -1.1268E-12 -2.7631E-14
  4.4812E-07 -1.3296E-11 -1.2018E-12 -2.9471E-14
  4.6247E-07 -1.4160E-11 -1.2800E-12 -3.1388E-14
  4.7694E-07 -1.5061E-11 -1.3614E-12 -3.3384E-14
  4.9155E-07 -1.5998E-11 -1.4460E-12 -3.5461E-14
  5.0630E-07 -1.6972E-11 -1.5341E-12 -3.7620E-14
  5.2118E-07 -1.7984E-11 -1.6256E-12 -3.9864E-14
  5.3619E-07 -1.9035E-11 -1.7206E-12 -4.2194E-14
  5.5135E-07 -2.0126E-11 -1.8193E-12 -4.4613E-14
  5.6664E-07 -2.1258E-11 -1.9216E-12 -4.7122E-14
  5.8208E-07 -2.2432E-11 -2.0277E-12 -4.9724E-14
  5.9765E-07 -2.3649E-11 -2.1377E-12 -5.2421E-14
  6.1337E-07 -2.4909E-11 -2.2516E-12 -5.5215E-14
  6.2924E-07 -2.6215E-11 -2.3696E-12 -5.8108E-14
  6.4525E-07 -2.7566E-11 -2.4917E-12 -6.1103E-14
  6.6141E-07 -2.8963E-11 -2.6181E-12 -6.4202E-14
  6.7771E-07 -3.0409E-11 -2.7487E-12 -6.7406E-14
  6.9417E-07 -3.1904E-11 -2.8839E-12 -7.0720E-14
  7.1078E-07 -3.3449E-11 -3.0235E-12 -7.4144E-14
  7.2754E-07 -3.5045E-11 -3.1678E-12 -7.7682E-14
  7.4445E-07 -3.6693E-11 -3.3168E-12 -8.1336E-14
  7.6153E-07 -3.8396E-11 -3.4707E-12 -8.5109E-14
  7.7875E-07 -4.0152E-11 -3.6295E-12 -8.9004E-14
  7.9614E-07 -4.1965E-11 -3.7933E-12 -9.3022E-14
  8.1369E-07 -4.3835E-11 -3.9624E-12 -9.7168E-14
  8.3139E-07 -4.5764E-11 -4.1367E-12 -1.0144E-13
  8.4926E-07 -4.7753E-11 -4.3165E-12 -1.0585E-13
  8.6730E-07 -4.9802E-11 -4.5017E-12 -1.1039E-13
  8.8550E-07 -5.1914E-11 -4.6927E-12 -1.1508E-13
  9.0387E-07 -5.4091E-11 -4.8894E-12 -1.1990E-13
  9.2240E-07 -5.6332E-11 -5.0920E-12 -1.2487E-13
  9.4111E-07 -5.8640E-11 -5.3006E-12 -1.2998E-13
  9.5999E-07 -6.1017E-11 -5.5154E-12 -1.3525E-13
  9.7905E-07 -6.3463E-11 -5.7365E-12 -1.4067E-13
  9.9827E-07 -6.5980E-11 -5.9641E-12 -1.4625E-13
  1.0177E-06 -6.8570E-11 -6.1982E-12 -1.5200E-13
  1.0373E-06 -7.1235E-11 -6.4390E-12 -1.5790E-13
  1.0570E-06 -7.3975E-11 -6.6868E-12 -1.6398E-13
  1.0770E-06 -7.6793E-11 -6.9415E-12 -1.7022E-13
  1.0971E-06 -7.9691E-11 -7.2034E-12 -1.7665E-13
  1.1174E-06 -8.2669E-11 -7.4727E-12 -1.8325E-13
  1.1379E-06 -8.5731E-11 -7.7494E-12 -1.9004E-13
  1.1586E-06 -8.8877E-11 -8.0338E-12 -1.9701E-13
  1.1795E-06 -9.2109E-11 -8.3259E-12 -2.0417E-13
  1.2006E-06 -9.5430E-11 -8.6261E-12 -2.1153E-13
  1.2218E-06 -9.8841E-11 -8.9344E-12 -2.1910E-13
  1.2433E-06 -1.0234E-10 -9.2511E-12 -2.2686E-13
  1.2650E-06 -1.0594E-10 -9.5762E-12 -2.3483E-13
  1.2868E-06 -1.0963E-10 -9.9100E-12 -2.4302E-13
  1.3089E-06 -1.1342E-10 -1.0253E-11 -2.5142E-13
  1.3311E-06 -1.1732E-10 -1.0604E-11 -2.6005E-13
  1.3536E-06 -1.2131E-10 -1.0965E-11 -2.6890E-13
  1.3763E-06 -1.2541E-10 -1.1336E-11 -2.7799E-13
  1.3992E-06 -1.2961E-10 -1.1716E-11 -2.8731E-13
  1.4223E-06 -1.3393E-10 -1.2106E-11 -2.9687E-13
  1.4456E-06 -1.3835E-10 -1.2506E-11 -3.0668E-13
  1.4691E-06 -1.4289E-10 -1.2916E-11 -3.1674E-13
  1.4928E-06 -1.4755E-10 -1.3337E-11 -3.2706E-13
  1.5168E-06 -1.5232E-10 -1.3768E-11 -3.3764E-13
  1.5410E-06 -1.5721E-10 -1.4211E-11 -3.4849E-13
  1.5654E-06 -1.6223E-10 -1.4664E-11 -3.5961E-13
  1.5900E-06 -1.6738E-10 -1.5129E-11 -3.7101E-13
  1.6148E-06 -1.7265E-10 -1.5606E-11 -3.8270E-13
  1.6399E-06 -1.7805E-10 -1.6095E-11 -3.9468E-13
  1.6652E-06 -1.8359E-10 -1.6595E-11 -4.0696E-13
  1.6908E-06 -1.8926E-10 -1.7108E-11 -4.1954E-13
  1.7165E-06 -1.9508E-10 -1.7634E-11 -4.3242E-13
  1.7425E-06 -2.0104E-10 -1.8172E-11 -4.4563E-13
  1.7688E-06 -2.0714E-10 -1.8724E-11 -4.5916E-13
  1.7953E-06 -2.1339E-10 -1.9289E-11 -4.7302E-13
  1.8220E-06 -2.1980E-10 -1.9868E-11 -4.8721E-13
  1.8490E-06 -2.2635E-10 -2.0461E-11 -5.0175E-13
  1.8762E-06 -2.3307E-10 -2.1068E-11 -5.1664E-13
  1.9037E-06 -2.3995E-10 -2.1690E-11 -5.3188E-13
  1.9315E-06 -2.4699E-10 -2.2326E-11 -5.4750E-13
  1.9595E-06 -2.5420E-10 -2.2978E-11 -5.6348E-13
  1.9877E-06 -2.6158E-10 -2.3645E-11 -5.7984E-13
  2.0162E-06 -2.6914E-10 -2.4328E-11 -5.9660E-13
  2.0450E-06 -2.7688E-10 -2.5028E-11 -6.1374E-13
  2.0740E-06 -2.8480E-10 -2.5743E-11 -6.3129E-13
  2.1033E-06 -2.9290E-10 -2.6476E-11 -6.4926E-13
  2.1329E-06 -3.0119E-10 -2.7226E-11 -6.6764E-13
  2.1627E-06 -3.0968E-10 -2.7993E-11 -6.8646E-13
  2.1928E-06 -3.1837E-10 -2.8778E-11 -7.0571E-13
  2.2232E-06 -3.2725E-10 -2.9581E-11 -7.2541E-13
  2.2539E-06 -3.3635E-10 -3.0403E-11 -7.4557E-13
  2.2849E-06 -3.4565E-10 -3.1244E-11 -7.6619E-13
  2.3161E-06 -3.5517E-10 -3.2104E-11 -7.8728E-13
  2.3476E-06 -3.6490E-10 -3.2984E-11 -8.0886E-13
  2.3795E-06 -3.7486E-10 -3.3885E-11 -8.3094E-13
  2.4116E-06 -3.8505E-10 -3.4805E-11 -8.5352E-13
  2.4440E-06 -3.9546E-10 -3.5747E-11 -8.7661E-13
  2.4767E-06 -4.0612E-10 -3.6710E-11 -9.0023E-13
  2.5097E-06 -4.1702E-10 -3.7695E-11 -9.2439E-13
  2.5430E-06 -4.2816E-10 -3.8703E-11 -9.4909E-13
  2.5766E-06 -4.3955E-10 -3.9733E-11 -9.7435E-13
  2.6106E-06 -4.5121E-10 -4.0786E-11 -1.0002E-12
  2.6448E-06 -4.6312E-10 -4.1863E-11 -1.0266E-12
  2.6793E-06 -4.7530E-10 -4.2964E-11 -1.0536E-12
  2.7142E-06 -4.8775E-10 -4.4089E-11 -1.0812E-12
  2.7494E-06 -5.0048E-10 -4.5240E-11 -1.1094E-12
  2.7849E-06 -5.1349E-10 -4.6416E-11 -1.1382E-12
  2.8208E-06 -5.2680E-10 -4.7619E-11 -1.1677E-12
  2.8569E-06 -5.4039E-10 -4.8848E-11 -1.1979E-12
  2.8934E-06 -5.5429E-10 -5.0104E-11 -1.2287E-12
  2.9303E-06 -5.6850E-10 -5.1388E-11 -1.2602E-12
  2.9675E-06 -5.8301E-10 -5.2700E-11 -1.2924E-12
  3.0050E-06 -5.9785E-10 -5.4042E-11 -1.3252E-12
  3.0429E-06 -6.1301E-10 -5.5412E-11 -1.3588E-12
  3.0811E-06 -6.2851E-10 -5.6813E-11 -1.3932E-12
  3.1196E-06 -6.4434E-10 -5.8244E-11 -1.4283E-12
  3.1586E-06 -6.6052E-10 -5.9706E-11 -1.4642E-12
  3.1978E-06 -6.7705E-10 -6.1201E-11 -1.5008E-12
  3.2375E-06 -6.9394E-10 -6.2727E-11 -1.5382E-12
  3.2775E-06 -7.1120E-10 -6.4287E-11 -1.5765E-12
  3.3179E-06 -7.2883E-10 -6.5881E-11 -1.6156E-12
  3.3586E-06 -7.4684E-10 -6.7509E-11 -1.6555E-12
  3.3997E-06 -7.6523E-10 -6.9172E-11 -1.6963E-12
  3.4412E-06 -7.8403E-10 -7.0871E-11 -1.7379E-12
  3.4831E-06 -8.0323E-10 -7.2606E-11 -1.7805E-12
  3.5254E-06 -8.2284E-10 -7.4379E-11 -1.8240E-12
  3.5680E-06 -8.4287E-10 -7.6190E-11 -1.8684E-12
  3.6111E-06 -8.6333E-10 -7.8039E-11 -1.9137E-12
  3.6545E-06 -8.8423E-10 -7.9928E-11 -1.9601E-12
  3.6984E-06 -9.0557E-10 -8.1858E-11 -2.0074E-12
  3.7426E-06 -9.2737E-10 -8.3828E-11 -2.0557E-12
  3.7873E-06 -9.4963E-10 -8.5840E-11 -2.1050E-12
  3.8323E-06 -9.7237E-10 -8.7895E-11 -2.1554E-12
  3.8778E-06 -9.9558E-10 -8.9994E-11 -2.2069E-12
  3.9237E-06 -1.0193E-09 -9.2137E-11 -2.2594E-12
  3.9700E-06 -1.0435E-09 -9.4325E-11 -2.3131E-12
  4.0168E-06 -1.0682E-09 -9.6559E-11 -2.3679E-12
  4.0639E-06 -1.0934E-09 -9.8841E-11 -2.4238E-12
  4.1115E-06 -1.1192E-09 -1.0117E-10 -2.4809E-12
  4.1596E-06 -1.1455E-09 -1.0355E-10 -2.5393E-12
  4.2081E-06 -1.1724E-09 -1.0598E-10 -2.5988E-12
  4.2570E-06 -1.1998E-09 -1.0846E-10 -2.6596E-12
  4.3064E-06 -1.2278E-09 -1.1099E-10 -2.7217E-12
  4.3562E-06 -1.2564E-09 -1.1357E-10 -2.7850E-12
  4.4065E-06 -1.2856E-09 -1.1621E-10 -2.8497E-12
  4.4573E-06 -1.3154E-09 -1.1890E-10 -2.9158E-12
  4.5085E-06 -1.3458E-09 -1.2165E-10 -2.9832E-12
  4.5602E-06 -1.3768E-09 -1.2446E-10 -3.0520E-12
  4.6124E-06 -1.4085E-09 -1.2732E-10 -3.1222E-12
  4.6651E-06 -1.4408E-09 -1.3024E-10 -3.1939E-12
  4.7182E-06 -1.4739E-09 -1.3323E-10 -3.2671E-12
  4.7718E-06 -1.5076E-09 -1.3627E-10 -3.3418E-12
  4.8259E-06 -1.5419E-09 -1.3938E-10 -3.4180E-12
  4.8806E-06 -1.5770E-09 -1.4255E-10 -3.4958E-12
  4.9357E-06 -1.6129E-09 -1.4579E-10 -3.5752E-12
  4.9913E-06 -1.6494E-09 -1.4910E-10 -3.6563E-12
  5.0474E-06 -1.6867E-09 -1.5247E-10 -3.7390E-12
  5.1041E-06 -1.7248E-09 -1.5591E-10 -3.8234E-12
  5.1613E-06 -1.7637E-09 -1.5943E-10 -3.9095E-12
  5.2190E-06 -1.8033E-09 -1.6301E-10 -3.9974E-12
  5.2772E-06 -1.8438E-09 -1.6667E-10 -4.0871E-12
  5.3360E-06 -1.8851E-09 -1.7040E-10 -4.1787E-12
  5.3953E-06 -1.9272E-09 -1.7421E-10 -4.2721E-12
  5.4552E-06 -1.9702E-09 -1.7810E-10 -4.3674E-12
  5.5156E-06 -2.0141E-09 -1.8206E-10 -4.4647E-12
  5.5765E-06 -2.0589E-09 -1.8611E-10 -4.5639E-12
  5.6381E-06 -2.1046E-09 -1.9024E-10 -4.6652E-12
  5.7001E-06 -2.1512E-09 -1.9445E-10 -4.7685E-12
  5.7628E-06 -2.1987E-09 -1.9875E-10 -4.8739E-12
  5.8260E-06 -2.2472E-09 -2.0314E-10 -4.9815E-12
  5.8899E-06 -2.2967E-09 -2.0761E-10 -5.0912E-12
  5.9543E-06 -2.3473E-09 -2.1218E-10 -5.2032E-12
  6.0193E-06 -2.3988E-09 -2.1684E-10 -5.3174E-12
  6.0849E-06 -2.4513E-09 -2.2159E-10 -5.4339E-12
  6.1511E-06 -2.5050E-09 -2.2644E-10 -5.5528E-12
  6.2179E-06 -2.5597E-09 -2.3138E-10 -5.6741E-12
  6.2853E-06 -2.6155E-09 -2.3643E-10 -5.7978E-12
  6.3534E-06 -2.6724E-09 -2.4157E-10 -5.9240E-12
  6.4220E-06 -2.7305E-09 -2.4682E-10 -6.0528E-12
  6.4913E-06 -2.7898E-09 -2.5218E-10 -6.1841E-12
  6.5613E-06 -2.8502E-09 -2.5764E-10 -6.3181E-12
  6.6319E-06 -2.9119E-09 -2.6322E-10 -6.4547E-12
  6.7031E-06 -2.9747E-09 -2.6890E-10 -6.5941E-12
  6.7750E-06 -3.0389E-09 -2.7470E-10 -6.7363E-12
  6.8475E-06 -3.1043E-09 -2.8061E-10 -6.8814E-12
  6.9207E-06 -3.1711E-09 -2.8665E-10 -7.0293E-12
  6.9946E-06 -3.2391E-09 -2.9280E-10 -7.1802E-12
  7.0692E-06 -3.3086E-09 -2.9908E-10 -7.3341E-12
  7.1445E-06 -3.3794E-09 -3.0548E-10 -7.4911E-12
  7.2204E-06 -3.4516E-09 -3.1201E-10 -7.6512E-12
  7.2971E-06 -3.5253E-09 -3.1867E-10 -7.8146E-12
  7.3744E-06 -3.6004E-09 -3.2546E-10 -7.9811E-12
  7.4525E-06 -3.6771E-09 -3.3239E-10 -8.1510E-12
  7.5313E-06 -3.7552E-09 -3.3945E-10 -8.3242E-12
  7.6108E-06 -3.8349E-09 -3.4666E-10 -8.5009E-12
  7.6910E-06 -3.9162E-09 -3.5400E-10 -8.6811E-12
  7.7720E-06 -3.9991E-09 -3.6150E-10 -8.8649E-12
  7.8537E-06 -4.0836E-09 -3.6914E-10 -9.0523E-12
  7.9362E-06 -4.1699E-09 -3.7693E-10 -9.2434E-12
  8.0194E-06 -4.2578E-09 -3.8488E-10 -9.4383E-12
  8.1034E-06 -4.3474E-09 -3.9299E-10 -9.6370E-12
  8.1882E-06 -4.4389E-09 -4.0125E-10 -9.8397E-12
  8.2737E-06 -4.5321E-09 -4.0968E-10 -1.0046E-11
  8.3601E-06 -4.6272E-09 -4.1827E-10 -1.0257E-11
  8.4472E-06 -4.7241E-09 -4.2704E-10 -1.0472E-11
  8.5351E-06 -4.8230E-09 -4.3598E-10 -1.0691E-11
  8.6239E-06 -4.9238E-09 -4.4509E-10 -1.0915E-11
  8.7134E-06 -5.0266E-09 -4.5438E-10 -1.1143E-11
  8.8038E-06 -5.1314E-09 -4.6386E-10 -1.1375E-11
  8.8950E-06 -5.2383E-09 -4.7352E-10 -1.1612E-11
  8.9871E-06 -5.3473E-09 -4.8337E-10 -1.1853E-11
  9.0800E-06 -5.4584E-09 -4.9342E-10 -1.2100E-11
  9.1737E-06 -5.5717E-09 -5.0366E-10 -1.2351E-11
  9.2684E-06 -5.6872E-09 -5.1410E-10 -1.2607E-11
  9.3638E-06 -5.8050E-09 -5.2475E-10 -1.2868E-11
  9.4602E-06 -5.9251E-09 -5.3560E-10 -1.3134E-11
  9.5575E-06 -6.0476E-09 -5.4667E-10 -1.3406E-11
  9.6556E-06 -6.1724E-09 -5.5796E-10 -1.3683E-11
  9.7547E-06 -6.2997E-09 -5.6947E-10 -1.3965E-11
  9.8546E-06 -6.4295E-09 -5.8120E-10 -1.4252E-11
  9.9555E-06 -6.5618E-09 -5.9316E-10 -1.4546E-11
  1.0057E-05 -6.6967E-09 -6.0535E-10 -1.4845E-11
  1.0160E-05 -6.8342E-09 -6.1778E-10 -1.5150E-11
  1.0264E-05 -6.9744E-09 -6.3046E-10 -1.5460E-11
  1.0368E-05 -7.1173E-09 -6.4338E-10 -1.5777E-11
  1.0474E-05 -7.2631E-09 -6.5655E-10 -1.6100E-11
  1.0581E-05 -7.4116E-09 -6.6998E-10 -1.6430E-11
  1.0688E-05 -7.5631E-09 -6.8367E-10 -1.6765E-11
  1.0797E-05 -7.7175E-09 -6.9763E-10 -1.7108E-11
  1.0906E-05 -7.8749E-09 -7.1186E-10 -1.7457E-11
  1.1017E-05 -8.0353E-09 -7.2636E-10 -1.7812E-11
  1.1128E-05 -8.1989E-09 -7.4115E-10 -1.8175E-11
  1.1241E-05 -8.3657E-09 -7.5622E-10 -1.8545E-11
  1.1355E-05 -8.5356E-09 -7.7159E-10 -1.8921E-11
  1.1469E-05 -8.7089E-09 -7.8726E-10 -1.9306E-11
  1.1585E-05 -8.8856E-09 -8.0322E-10 -1.9697E-11
  1.1702E-05 -9.0656E-09 -8.1950E-10 -2.0096E-11
  1.1820E-05 -9.2492E-09 -8.3610E-10 -2.0503E-11
  1.1939E-05 -9.4363E-09 -8.5301E-10 -2.0918E-11
  1.2059E-05 -9.6270E-09 -8.7025E-10 -2.1341E-11
  1.2180E-05 -9.8215E-09 -8.8783E-10 -2.1772E-11
  1.2302E-05 -1.0020E-08 -9.0574E-10 -2.2211E-11
  1.2426E-05 -1.0222E-08 -9.2400E-10 -2.2659E-11
  1.2550E-05 -1.0428E-08 -9.4262E-10 -2.3115E-11
  1.2676E-05 -1.0637E-08 -9.6159E-10 -2.3581E-11
  1.2803E-05 -1.0851E-08 -9.8093E-10 -2.4055E-11
  1.2931E-05 -1.1069E-08 -1.0006E-09 -2.4538E-11
  1.3060E-05 -1.1292E-08 -1.0207E-09 -2.5031E-11
  1.3190E-05 -1.1518E-08 -1.0412E-09 -2.5533E-11
  1.3322E-05 -1.1749E-08 -1.0621E-09 -2.6045E-11
  1.3454E-05 -1.1985E-08 -1.0834E-09 -2.6567E-11
  1.3588E-05 -1.2224E-08 -1.1051E-09 -2.7099E-11
  1.3724E-05 -1.2469E-08 -1.1272E-09 -2.7641E-11
  1.3860E-05 -1.2718E-08 -1.1497E-09 -2.8193E-11
  1.3998E-05 -1.2972E-08 -1.1727E-09 -2.8757E-11
  1.4137E-05 -1.3231E-08 -1.1961E-09 -2.9330E-11
  1.4277E-05 -1.3495E-08 -1.2199E-09 -2.9915E-11
  1.4419E-05 -1.3764E-08 -1.2442E-09 -3.0512E-11
  1.4562E-05 -1.4038E-08 -1.2690E-09 -3.1119E-11
  1.4706E-05 -1.4317E-08 -1.2943E-09 -3.1739E-11
  1.4851E-05 -1.4602E-08 -1.3200E-09 -3.2370E-11
  1.4998E-05 -1.4892E-08 -1.3462E-09 -3.3013E-11
  1.5146E-05 -1.5188E-08 -1.3730E-09 -3.3669E-11
  1.5296E-05 -1.5490E-08 -1.4002E-09 -3.4337E-11
  1.5447E-05 -1.5797E-08 -1.4280E-09 -3.5018E-11
  1.5599E-05 -1.6110E-08 -1.4563E-09 -3.5712E-11
  1.5753E-05 -1.6429E-08 -1.4851E-09 -3.6419E-11
  1.5908E-05 -1.6754E-08 -1.5145E-09 -3.7140E-11
  1.6065E-05 -1.7085E-08 -1.5445E-09 -3.7875E-11
  1.6223E-05 -1.7423E-08 -1.5750E-09 -3.8624E-11
  1.6382E-05 -1.7767E-08 -1.6061E-09 -3.9387E-11
  1.6543E-05 -1.8118E-08 -1.6379E-09 -4.0164E-11
  1.6706E-05 -1.8476E-08 -1.6702E-09 -4.0957E-11
  1.6869E-05 -1.8840E-08 -1.7031E-09 -4.1765E-11
  1.7035E-05 -1.9211E-08 -1.7367E-09 -4.2588E-11
  1.7202E-05 -1.9590E-08 -1.7709E-09 -4.3427E-11
  1.7370E-05 -1.9975E-08 -1.8057E-09 -4.4281E-11
  1.7540E-05 -2.0368E-08 -1.8413E-09 -4.5152E-11
  1.7712E-05 -2.0769E-08 -1.8775E-09 -4.6040E-11
  1.7885E-05 -2.1177E-08 -1.9143E-09 -4.6945E-11
  1.8060E-05 -2.1593E-08 -1.9519E-09 -4.7867E-11
  1.8236E-05 -2.2016E-08 -1.9903E-09 -4.8806E-11
  1.8414E-05 -2.2448E-08 -2.0293E-09 -4.9764E-11
  1.8594E-05 -2.2888E-08 -2.0691E-09 -5.0739E-11
  1.8775E-05 -2.3337E-08 -2.1096E-09 -5.1733E-11
  1.8958E-05 -2.3794E-08 -2.1509E-09 -5.2746E-11
  1.9143E-05 -2.4259E-08 -2.1930E-09 -5.3779E-11
  1.9329E-05 -2.4734E-08 -2.2359E-09 -5.4831E-11
  1.9517E-05 -2.5217E-08 -2.2796E-09 -5.5903E-11
  1.9707E-05 -2.5710E-08 -2.3242E-09 -5.6995E-11
  1.9898E-05 -2.6212E-08 -2.3696E-09 -5.8109E-11
  2.0092E-05 -2.6724E-08 -2.4158E-09 -5.9243E-11
  2.0287E-05 -2.7245E-08 -2.4630E-09 -6.0399E-11
  2.0483E-05 -2.7777E-08 -2.5110E-09 -6.1577E-11
  2.0682E-05 -2.8318E-08 -2.5600E-09 -6.2777E-11
  2.0883E-05 -2.8870E-08 -2.6098E-09 -6.4000E-11
  2.1085E-05 -2.9432E-08 -2.6607E-09 -6.5246E-11
  2.1289E-05 -3.0005E-08 -2.7124E-09 -6.6516E-11
  2.1495E-05 -3.0588E-08 -2.7652E-09 -6.7810E-11
  2.1703E-05 -3.1183E-08 -2.8190E-09 -6.9128E-11
  2.1913E-05 -3.1789E-08 -2.8738E-09 -7.0472E-11
  2.2125E-05 -3.2407E-08 -2.9296E-09 -7.1841E-11
  2.2339E-05 -3.3036E-08 -2.9865E-09 -7.3236E-11
  2.2554E-05 -3.3677E-08 -3.0444E-09 -7.4657E-11
  2.2772E-05 -3.4330E-08 -3.1035E-09 -7.6105E-11
  2.2992E-05 -3.4996E-08 -3.1637E-09 -7.7581E-11
  2.3214E-05 -3.5674E-08 -3.2250E-09 -7.9085E-11
  2.3437E-05 -3.6365E-08 -3.2875E-09 -8.0617E-11
  2.3663E-05 -3.7069E-08 -3.3511E-09 -8.2178E-11
  2.3891E-05 -3.7787E-08 -3.4160E-09 -8.3769E-11
  2.4121E-05 -3.8518E-08 -3.4821E-09 -8.5389E-11
  2.4353E-05 -3.9263E-08 -3.5494E-09 -8.7041E-11
  2.4588E-05 -4.0022E-08 -3.6180E-09 -8.8723E-11
  2.4824E-05 -4.0795E-08 -3.6879E-09 -9.0438E-11
  2.5063E-05 -4.1583E-08 -3.7592E-09 -9.2185E-11
  2.5303E-05 -4.2386E-08 -3.8318E-09 -9.3965E-11
  2.5546E-05 -4.3204E-08 -3.9057E-09 -9.5778E-11
  2.5792E-05 -4.4037E-08 -3.9811E-09 -9.7626E-11
  2.6039E-05 -4.4886E-08 -4.0578E-09 -9.9508E-11
  2.6289E-05 -4.5752E-08 -4.1360E-09 -1.0143E-10
  2.6541E-05 -4.6633E-08 -4.2157E-09 -1.0338E-10
  2.6795E-05 -4.7531E-08 -4.2969E-09 -1.0537E-10
  2.7052E-05 -4.8446E-08 -4.3797E-09 -1.0740E-10
  2.7311E-05 -4.9379E-08 -4.4640E-09 -1.0947E-10
  2.7573E-05 -5.0329E-08 -4.5499E-09 -1.1157E-10
  2.7836E-05 -5.1297E-08 -4.6374E-09 -1.1372E-10
  2.8103E-05 -5.2283E-08 -4.7265E-09 -1.1591E-10
  2.8372E-05 -5.3287E-08 -4.8174E-09 -1.1813E-10
  2.8643E-05 -5.4311E-08 -4.9099E-09 -1.2040E-10
  2.8917E-05 -5.5354E-08 -5.0042E-09 -1.2272E-10
  2.9193E-05 -5.6417E-08 -5.1003E-09 -1.2507E-10
  2.9472E-05 -5.7499E-08 -5.1981E-09 -1.2747E-10
  2.9753E-05 -5.8602E-08 -5.2979E-09 -1.2992E-10
  3.0037E-05 -5.9726E-08 -5.3995E-09 -1.3241E-10
  3.0323E-05 -6.0871E-08 -5.5030E-09 -1.3495E-10
  3.0613E-05 -6.2037E-08 -5.6084E-09 -1.3753E-10
  3.0904E-05 -6.3226E-08 -5.7159E-09 -1.4017E-10
  3.1199E-05 -6.4437E-08 -5.8254E-09 -1.4285E-10
  3.1496E-05 -6.5670E-08 -5.9369E-09 -1.4559E-10
  3.1796E-05 -6.6927E-08 -6.0505E-09 -1.4837E-10
  3.2099E-05 -6.8208E-08 -6.1663E-09 -1.5121E-10
  3.2404E-05 -6.9512E-08 -6.2842E-09 -1.5411E-10
  3.2713E-05 -7.0841E-08 -6.4044E-09 -1.5705E-10
  3.3024E-05 -7.2195E-08 -6.5268E-09 -1.6005E-10
  3.3338E-05 -7.3575E-08 -6.6515E-09 -1.6311E-10
  3.3655E-05 -7.4980E-08 -6.7786E-09 -1.6623E-10
  3.3975E-05 -7.6412E-08 -6.9080E-09 -1.6940E-10
  3.4298E-05 -7.7870E-08 -7.0399E-09 -1.7264E-10
  3.4623E-05 -7.9357E-08 -7.1743E-09 -1.7593E-10
  3.4952E-05 -8.0871E-08 -7.3112E-09 -1.7929E-10
  3.5284E-05 -8.2413E-08 -7.4506E-09 -1.8271E-10
  3.5619E-05 -8.3984E-08 -7.5927E-09 -1.8619E-10
  3.5957E-05 -8.5585E-08 -7.7375E-09 -1.8974E-10
  3.6298E-05 -8.7216E-08 -7.8849E-09 -1.9336E-10
  3.6642E-05 -8.8878E-08 -8.0351E-09 -1.9704E-10
  3.6989E-05 -9.0571E-08 -8.1882E-09 -2.0080E-10
  3.7340E-05 -9.2295E-08 -8.3441E-09 -2.0462E-10
  3.7693E-05 -9.4052E-08 -8.5030E-09 -2.0851E-10
  3.8050E-05 -9.5842E-08 -8.6648E-09 -2.1248E-10
  3.8411E-05 -9.7665E-08 -8.8296E-09 -2.1653E-10
  3.8774E-05 -9.9523E-08 -8.9976E-09 -2.2064E-10
  3.9141E-05 -1.0141E-07 -9.1687E-09 -2.2484E-10
  3.9511E-05 -1.0334E-07 -9.3430E-09 -2.2911E-10
  3.9885E-05 -1.0531E-07 -9.5206E-09 -2.3347E-10
  4.0262E-05 -1.0731E-07 -9.7015E-09 -2.3791E-10
  4.0643E-05 -1.0935E-07 -9.8858E-09 -2.4242E-10
  4.1027E-05 -1.1142E-07 -1.0074E-08 -2.4703E-10
  4.1415E-05 -1.1354E-07 -1.0265E-08 -2.5172E-10
  4.1806E-05 -1.1569E-07 -1.0460E-08 -2.5650E-10
  4.2201E-05 -1.1789E-07 -1.0658E-08 -2.6137E-10
  4.2599E-05 -1.2012E-07 -1.0860E-08 -2.6632E-10
  4.3001E-05 -1.2240E-07 -1.1066E-08 -2.7138E-10
  4.3407E-05 -1.2472E-07 -1.1276E-08 -2.7652E-10
  4.3817E-05 -1.2709E-07 -1.1490E-08 -2.8176E-10
  4.4230E-05 -1.2950E-07 -1.1708E-08 -2.8711E-10
  4.4647E-05 -1.3195E-07 -1.1930E-08 -2.9255E-10
  4.5068E-05 -1.3445E-07 -1.2156E-08 -2.9809E-10
  4.5493E-05 -1.3700E-07 -1.2386E-08 -3.0374E-10
  4.5922E-05 -1.3959E-07 -1.2621E-08 -3.0949E-10
  4.6354E-05 -1.4223E-07 -1.2859E-08 -3.1535E-10
  4.6791E-05 -1.4493E-07 -1.3103E-08 -3.2132E-10
  4.7232E-05 -1.4767E-07 -1.3351E-08 -3.2740E-10
  4.7676E-05 -1.5046E-07 -1.3603E-08 -3.3359E-10
  4.8125E-05 -1.5331E-07 -1.3861E-08 -3.3990E-10
  4.8578E-05 -1.5621E-07 -1.4123E-08 -3.4633E-10
  4.9035E-05 -1.5916E-07 -1.4390E-08 -3.5288E-10
  4.9497E-05 -1.6217E-07 -1.4662E-08 -3.5955E-10
  4.9962E-05 -1.6523E-07 -1.4939E-08 -3.6635E-10
  5.0432E-05 -1.6836E-07 -1.5221E-08 -3.7327E-10
  5.0906E-05 -1.7154E-07 -1.5509E-08 -3.8032E-10
  5.1385E-05 -1.7478E-07 -1.5802E-08 -3.8751E-10
  5.1868E-05 -1.7808E-07 -1.6100E-08 -3.9482E-10
  5.2355E-05 -1.8144E-07 -1.6404E-08 -4.0228E-10
  5.2847E-05 -1.8486E-07 -1.6714E-08 -4.0987E-10
  5.3343E-05 -1.8835E-07 -1.7030E-08 -4.1761E-10
  5.3844E-05 -1.9191E-07 -1.7351E-08 -4.2549E-10
  5.4350E-05 -1.9553E-07 -1.7678E-08 -4.3352E-10
  5.4860E-05 -1.9921E-07 -1.8012E-08 -4.4170E-10
  5.5375E-05 -2.0297E-07 -1.8352E-08 -4.5003E-10
  5.5895E-05 -2.0680E-07 -1.8698E-08 -4.5851E-10
  5.6419E-05 -2.1070E-07 -1.9050E-08 -4.6716E-10
  5.6948E-05 -2.1467E-07 -1.9409E-08 -4.7596E-10
  5.7483E-05 -2.1871E-07 -1.9775E-08 -4.8493E-10
  5.8022E-05 -2.2283E-07 -2.0148E-08 -4.9407E-10
  5.8566E-05 -2.2703E-07 -2.0527E-08 -5.0338E-10
  5.9115E-05 -2.3131E-07 -2.0914E-08 -5.1286E-10
  5.9669E-05 -2.3566E-07 -2.1308E-08 -5.2252E-10
  6.0228E-05 -2.4010E-07 -2.1709E-08 -5.3236E-10
  6.0792E-05 -2.4462E-07 -2.2118E-08 -5.4238E-10
  6.1362E-05 -2.4922E-07 -2.2534E-08 -5.5259E-10
  6.1936E-05 -2.5391E-07 -2.2958E-08 -5.6299E-10
  6.2516E-05 -2.5869E-07 -2.3390E-08 -5.7358E-10
  6.3102E-05 -2.6356E-07 -2.3830E-08 -5.8438E-10
  6.3693E-05 -2.6851E-07 -2.4278E-08 -5.9537E-10
  6.4289E-05 -2.7356E-07 -2.4735E-08 -6.0657E-10
  6.4890E-05 -2.7871E-07 -2.5200E-08 -6.1797E-10
  6.5498E-05 -2.8395E-07 -2.5674E-08 -6.2959E-10
  6.6110E-05 -2.8928E-07 -2.6157E-08 -6.4143E-10
  6.6729E-05 -2.9472E-07 -2.6648E-08 -6.5348E-10
  6.7353E-05 -3.0026E-07 -2.7149E-08 -6.6577E-10
  6.7983E-05 -3.0590E-07 -2.7659E-08 -6.7828E-10
  6.8618E-05 -3.1165E-07 -2.8179E-08 -6.9102E-10
  6.9260E-05 -3.1750E-07 -2.8708E-08 -7.0400E-10
  6.9907E-05 -3.2346E-07 -2.9247E-08 -7.1722E-10
  7.0561E-05 -3.2953E-07 -2.9797E-08 -7.3069E-10
  7.1220E-05 -3.3572E-07 -3.0356E-08 -7.4441E-10
  7.1885E-05 -3.4202E-07 -3.0926E-08 -7.5839E-10
  7.2557E-05 -3.4844E-07 -3.1506E-08 -7.7262E-10
  7.3235E-05 -3.5498E-07 -3.2098E-08 -7.8712E-10
  7.3919E-05 -3.6164E-07 -3.2700E-08 -8.0189E-10
  7.4609E-05 -3.6842E-07 -3.3314E-08 -8.1694E-10
  7.5305E-05 -3.7534E-07 -3.3939E-08 -8.3227E-10
  7.6008E-05 -3.8237E-07 -3.4575E-08 -8.4788E-10
  7.6718E-05 -3.8955E-07 -3.5224E-08 -8.6378E-10
  7.7434E-05 -3.9685E-07 -3.5884E-08 -8.7998E-10
  7.8157E-05 -4.0429E-07 -3.6557E-08 -8.9648E-10
  7.8886E-05 -4.1187E-07 -3.7243E-08 -9.1329E-10
  7.9622E-05 -4.1959E-07 -3.7941E-08 -9.3041E-10
  8.0364E-05 -4.2745E-07 -3.8652E-08 -9.4784E-10
  8.1114E-05 -4.3546E-07 -3.9376E-08 -9.6561E-10
  8.1870E-05 -4.4362E-07 -4.0114E-08 -9.8370E-10
  8.2634E-05 -4.5193E-07 -4.0866E-08 -1.0021E-09
  8.3404E-05 -4.6039E-07 -4.1631E-08 -1.0209E-09
  8.4182E-05 -4.6901E-07 -4.2411E-08 -1.0400E-09
  8.4966E-05 -4.7780E-07 -4.3205E-08 -1.0595E-09
  8.5758E-05 -4.8674E-07 -4.4014E-08 -1.0793E-09
  8.6558E-05 -4.9585E-07 -4.4839E-08 -1.0996E-09
  8.7364E-05 -5.0514E-07 -4.5678E-08 -1.1201E-09
  8.8178E-05 -5.1459E-07 -4.6533E-08 -1.1411E-09
  8.8999E-05 -5.2422E-07 -4.7404E-08 -1.1625E-09
  8.9828E-05 -5.3403E-07 -4.8291E-08 -1.1842E-09
  9.0665E-05 -5.4402E-07 -4.9195E-08 -1.2064E-09
  9.1509E-05 -5.5420E-07 -5.0116E-08 -1.2290E-09
  9.2361E-05 -5.6457E-07 -5.1053E-08 -1.2520E-09
  9.3221E-05 -5.7513E-07 -5.2008E-08 -1.2754E-09
  9.4089E-05 -5.8588E-07 -5.2981E-08 -1.2992E-09
  9.4965E-05 -5.9684E-07 -5.3972E-08 -1.3235E-09
  9.5849E-05 -6.0800E-07 -5.4982E-08 -1.3483E-09
  9.6741E-05 -6.1936E-07 -5.6010E-08 -1.3735E-09
  9.7641E-05 -6.3094E-07 -5.7057E-08 -1.3992E-09
  9.8550E-05 -6.4273E-07 -5.8124E-08 -1.4253E-09
  9.9466E-05 -6.5475E-07 -5.9210E-08 -1.4520E-09
  1.0039E-04 -6.6698E-07 -6.0317E-08 -1.4791E-09
  1.0133E-04 -6.7944E-07 -6.1444E-08 -1.5068E-09
  1.0227E-04 -6.9214E-07 -6.2592E-08 -1.5349E-09
  1.0322E-04 -7.0507E-07 -6.3762E-08 -1.5636E-09
  1.0418E-04 -7.1824E-07 -6.4953E-08 -1.5928E-09
  1.0515E-04 -7.3165E-07 -6.6167E-08 -1.6226E-09
  1.0612E-04 -7.4532E-07 -6.7403E-08 -1.6529E-09
  1.0711E-04 -7.5924E-07 -6.8662E-08 -1.6838E-09
  1.0811E-04 -7.7341E-07 -6.9944E-08 -1.7152E-09
  1.0911E-04 -7.8785E-07 -7.1250E-08 -1.7472E-09
  1.1013E-04 -8.0256E-07 -7.2581E-08 -1.7799E-09
  1.1115E-04 -8.1754E-07 -7.3936E-08 -1.8131E-09
  1.1218E-04 -8.3280E-07 -7.5316E-08 -1.8470E-09
  1.1322E-04 -8.4834E-07 -7.6722E-08 -1.8814E-09
  1.1428E-04 -8.6418E-07 -7.8154E-08 -1.9166E-09
  1.1534E-04 -8.8030E-07 -7.9613E-08 -1.9523E-09
  1.1641E-04 -8.9673E-07 -8.1099E-08 -1.9888E-09
  1.1749E-04 -9.1346E-07 -8.2612E-08 -2.0259E-09
  1.1858E-04 -9.3050E-07 -8.4154E-08 -2.0637E-09
  1.1968E-04 -9.4785E-07 -8.5724E-08 -2.1022E-09
  1.2079E-04 -9.6553E-07 -8.7323E-08 -2.1414E-09
  1.2192E-04 -9.8354E-07 -8.8952E-08 -2.1813E-09
  1.2305E-04 -1.0019E-06 -9.0612E-08 -2.2220E-09
  1.2419E-04 -1.0206E-06 -9.2302E-08 -2.2635E-09
  1.2534E-04 -1.0396E-06 -9.4023E-08 -2.3057E-09
  1.2651E-04 -1.0590E-06 -9.5777E-08 -2.3487E-09
  1.2768E-04 -1.0787E-06 -9.7563E-08 -2.3925E-09
  1.2886E-04 -1.0988E-06 -9.9382E-08 -2.4371E-09
  1.3006E-04 -1.1193E-06 -1.0123E-07 -2.4825E-09
  1.3127E-04 -1.1402E-06 -1.0312E-07 -2.5288E-09
  1.3248E-04 -1.1614E-06 -1.0504E-07 -2.5760E-09
  1.3371E-04 -1.1830E-06 -1.0700E-07 -2.6240E-09
  1.3495E-04 -1.2051E-06 -1.0900E-07 -2.6729E-09
  1.3621E-04 -1.2275E-06 -1.1103E-07 -2.7227E-09
  1.3747E-04 -1.2504E-06 -1.1310E-07 -2.7734E-09
  1.3874E-04 -1.2737E-06 -1.1520E-07 -2.8251E-09
  1.4003E-04 -1.2974E-06 -1.1735E-07 -2.8778E-09
  1.4133E-04 -1.3216E-06 -1.1954E-07 -2.9314E-09
  1.4264E-04 -1.3462E-06 -1.2176E-07 -2.9860E-09
  1.4396E-04 -1.3713E-06 -1.2403E-07 -3.0416E-09
  1.4530E-04 -1.3968E-06 -1.2634E-07 -3.0983E-09
  1.4664E-04 -1.4228E-06 -1.2870E-07 -3.1560E-09
  1.4800E-04 -1.4493E-06 -1.3109E-07 -3.2148E-09
  1.4937E-04 -1.4763E-06 -1.3353E-07 -3.2746E-09
  1.5076E-04 -1.5038E-06 -1.3602E-07 -3.3356E-09
  1.5216E-04 -1.5318E-06 -1.3855E-07 -3.3977E-09
  1.5357E-04 -1.5603E-06 -1.4113E-07 -3.4610E-09
  1.5499E-04 -1.5893E-06 -1.4376E-07 -3.5254E-09
  1.5642E-04 -1.6189E-06 -1.4644E-07 -3.5910E-09
  1.5787E-04 -1.6490E-06 -1.4916E-07 -3.6579E-09
  1.5934E-04 -1.6797E-06 -1.5194E-07 -3.7260E-09
  1.6081E-04 -1.7110E-06 -1.5477E-07 -3.7953E-09
  1.6230E-04 -1.7428E-06 -1.5765E-07 -3.8660E-09
  1.6381E-04 -1.7752E-06 -1.6058E-07 -3.9379E-09
  1.6532E-04 -1.8082E-06 -1.6357E-07 -4.0112E-09
  1.6685E-04 -1.8419E-06 -1.6662E-07 -4.0859E-09
  1.6840E-04 -1.8761E-06 -1.6972E-07 -4.1619E-09
  1.6996E-04 -1.9110E-06 -1.7287E-07 -4.2393E-09
  1.7153E-04 -1.9466E-06 -1.7609E-07 -4.3182E-09
  1.7312E-04 -1.9828E-06 -1.7937E-07 -4.3985E-09
  1.7472E-04 -2.0197E-06 -1.8270E-07 -4.4804E-09
  1.7634E-04 -2.0572E-06 -1.8610E-07 -4.5637E-09
  1.7797E-04 -2.0955E-06 -1.8956E-07 -4.6486E-09
  1.7962E-04 -2.1344E-06 -1.9309E-07 -4.7351E-09
  1.8128E-04 -2.1741E-06 -1.9668E-07 -4.8231E-09
  1.8296E-04 -2.2145E-06 -2.0034E-07 -4.9128E-09
  1.8466E-04 -2.2557E-06 -2.0406E-07 -5.0042E-09
  1.8636E-04 -2.2976E-06 -2.0786E-07 -5.0973E-09
  1.8809E-04 -2.3403E-06 -2.1172E-07 -5.1920E-09
  1.8983E-04 -2.3838E-06 -2.1566E-07 -5.2886E-09
  1.9159E-04 -2.4281E-06 -2.1967E-07 -5.3869E-09
  1.9336E-04 -2.4732E-06 -2.2376E-07 -5.4871E-09
  1.9515E-04 -2.5192E-06 -2.2792E-07 -5.5891E-09
  1.9695E-04 -2.5660E-06 -2.3215E-07 -5.6930E-09
  1.9878E-04 -2.6137E-06 -2.3647E-07 -5.7988E-09
  2.0062E-04 -2.6623E-06 -2.4086E-07 -5.9066E-09
  2.0247E-04 -2.7117E-06 -2.4534E-07 -6.0164E-09
  2.0434E-04 -2.7621E-06 -2.4990E-07 -6.1282E-09
  2.0623E-04 -2.8134E-06 -2.5454E-07 -6.2421E-09
  2.0814E-04 -2.8657E-06 -2.5927E-07 -6.3581E-09
  2.1007E-04 -2.9189E-06 -2.6409E-07 -6.4762E-09
  2.1201E-04 -2.9731E-06 -2.6900E-07 -6.5966E-09
  2.1397E-04 -3.0283E-06 -2.7400E-07 -6.7192E-09
  2.1595E-04 -3.0846E-06 -2.7909E-07 -6.8440E-09
  2.1795E-04 -3.1418E-06 -2.8427E-07 -6.9712E-09
  2.1996E-04 -3.2002E-06 -2.8956E-07 -7.1007E-09
  2.2199E-04 -3.2596E-06 -2.9494E-07 -7.2326E-09
  2.2405E-04 -3.3201E-06 -3.0041E-07 -7.3670E-09
  2.2612E-04 -3.3818E-06 -3.0600E-07 -7.5038E-09
  2.2821E-04 -3.4446E-06 -3.1168E-07 -7.6432E-09
  2.3032E-04 -3.5085E-06 -3.1747E-07 -7.7852E-09
  2.3245E-04 -3.5736E-06 -3.2337E-07 -7.9298E-09
  2.3460E-04 -3.6400E-06 -3.2937E-07 -8.0770E-09
  2.3676E-04 -3.7075E-06 -3.3549E-07 -8.2270E-09
  2.3895E-04 -3.7764E-06 -3.4172E-07 -8.3798E-09
  2.4116E-04 -3.8464E-06 -3.4806E-07 -8.5354E-09
  2.4339E-04 -3.9178E-06 -3.5453E-07 -8.6939E-09
  2.4564E-04 -3.9905E-06 -3.6111E-07 -8.8554E-09
  2.4791E-04 -4.0646E-06 -3.6782E-07 -9.0198E-09
  2.5020E-04 -4.1400E-06 -3.7465E-07 -9.1873E-09
  2.5251E-04 -4.2168E-06 -3.8160E-07 -9.3579E-09
  2.5485E-04 -4.2951E-06 -3.8869E-07 -9.5316E-09
  2.5720E-04 -4.3748E-06 -3.9590E-07 -9.7085E-09
  2.5958E-04 -4.4559E-06 -4.0325E-07 -9.8888E-09
  2.6198E-04 -4.5386E-06 -4.1074E-07 -1.0072E-08
  2.6440E-04 -4.6228E-06 -4.1836E-07 -1.0259E-08
  2.6684E-04 -4.7086E-06 -4.2613E-07 -1.0450E-08
  2.6930E-04 -4.7959E-06 -4.3404E-07 -1.0644E-08
  2.7179E-04 -4.8849E-06 -4.4209E-07 -1.0841E-08
  2.7430E-04 -4.9755E-06 -4.5030E-07 -1.1042E-08
  2.7684E-04 -5.0678E-06 -4.5866E-07 -1.1247E-08
  2.7939E-04 -5.1618E-06 -4.6717E-07 -1.1456E-08
  2.8197E-04 -5.2575E-06 -4.7584E-07 -1.1669E-08
  2.8458E-04 -5.3550E-06 -4.8467E-07 -1.1885E-08
  2.8721E-04 -5.4543E-06 -4.9366E-07 -1.2106E-08
  2.8986E-04 -5.5554E-06 -5.0282E-07 -1.2330E-08
  2.9254E-04 -5.6585E-06 -5.1215E-07 -1.2559E-08
  2.9524E-04 -5.7634E-06 -5.2165E-07 -1.2792E-08
  2.9796E-04 -5.8702E-06 -5.3133E-07 -1.3030E-08
  3.0071E-04 -5.9791E-06 -5.4119E-07 -1.3271E-08
  3.0349E-04 -6.0899E-06 -5.5123E-07 -1.3518E-08
  3.0629E-04 -6.2028E-06 -5.6146E-07 -1.3768E-08
  3.0912E-04 -6.3178E-06 -5.7187E-07 -1.4024E-08
  3.1198E-04 -6.4349E-06 -5.8248E-07 -1.4284E-08
  3.1486E-04 -6.5542E-06 -5.9329E-07 -1.4549E-08
  3.1776E-04 -6.6757E-06 -6.0429E-07 -1.4819E-08
  3.2070E-04 -6.7995E-06 -6.1550E-07 -1.5094E-08
  3.2366E-04 -6.9255E-06 -6.2692E-07 -1.5374E-08
  3.2664E-04 -7.0538E-06 -6.3855E-07 -1.5659E-08
  3.2966E-04 -7.1846E-06 -6.5039E-07 -1.5949E-08
  3.3270E-04 -7.3177E-06 -6.6245E-07 -1.6245E-08
  3.3577E-04 -7.4533E-06 -6.7474E-07 -1.6546E-08
  3.3887E-04 -7.5915E-06 -6.8725E-07 -1.6853E-08
  3.4200E-04 -7.7321E-06 -7.0000E-07 -1.7166E-08
  3.4516E-04 -7.8754E-06 -7.1298E-07 -1.7484E-08
  3.4834E-04 -8.0213E-06 -7.2620E-07 -1.7808E-08
  3.5156E-04 -8.1700E-06 -7.3967E-07 -1.8139E-08
  3.5480E-04 -8.3213E-06 -7.5338E-07 -1.8475E-08
  3.5808E-04 -8.4755E-06 -7.6735E-07 -1.8817E-08
  3.6138E-04 -8.6325E-06 -7.8158E-07 -1.9166E-08
  3.6472E-04 -8.7924E-06 -7.9607E-07 -1.9522E-08
  3.6808E-04 -8.9553E-06 -8.1083E-07 -1.9884E-08
  3.7148E-04 -9.1212E-06 -8.2586E-07 -2.0252E-08
  3.7491E-04 -9.2902E-06 -8.4117E-07 -2.0628E-08
  3.7836E-04 -9.4623E-06 -8.5677E-07 -2.1010E-08
  3.8186E-04 -9.6375E-06 -8.7265E-07 -2.1400E-08
  3.8538E-04 -9.8160E-06 -8.8883E-07 -2.1796E-08
  3.8893E-04 -9.9978E-06 -9.0530E-07 -2.2200E-08
  3.9252E-04 -1.0183E-05 -9.2209E-07 -2.2612E-08
  3.9614E-04 -1.0372E-05 -9.3918E-07 -2.3031E-08
  3.9980E-04 -1.0564E-05 -9.5659E-07 -2.3458E-08
  4.0349E-04 -1.0759E-05 -9.7432E-07 -2.3893E-08
  4.0721E-04 -1.0959E-05 -9.9238E-07 -2.4336E-08
  4.1097E-04 -1.1161E-05 -1.0108E-06 -2.4787E-08
  4.1476E-04 -1.1368E-05 -1.0295E-06 -2.5246E-08
  4.1858E-04 -1.1579E-05 -1.0486E-06 -2.5714E-08
  4.2244E-04 -1.1793E-05 -1.0680E-06 -2.6191E-08
  4.2634E-04 -1.2011E-05 -1.0878E-06 -2.6676E-08
  4.3027E-04 -1.2234E-05 -1.1080E-06 -2.7170E-08
  4.3424E-04 -1.2460E-05 -1.1285E-06 -2.7674E-08
  4.3825E-04 -1.2691E-05 -1.1494E-06 -2.8187E-08
  4.4229E-04 -1.2926E-05 -1.1707E-06 -2.8709E-08
  4.4637E-04 -1.3165E-05 -1.1924E-06 -2.9241E-08
  4.5048E-04 -1.3409E-05 -1.2145E-06 -2.9783E-08
  4.5464E-04 -1.3657E-05 -1.2370E-06 -3.0335E-08
  4.5883E-04 -1.3910E-05 -1.2599E-06 -3.0897E-08
  4.6306E-04 -1.4167E-05 -1.2833E-06 -3.1469E-08
  4.6733E-04 -1.4430E-05 -1.3071E-06 -3.2052E-08
  4.7164E-04 -1.4697E-05 -1.3313E-06 -3.2646E-08
  4.7599E-04 -1.4969E-05 -1.3559E-06 -3.3251E-08
  4.8038E-04 -1.5246E-05 -1.3811E-06 -3.3867E-08
  4.8481E-04 -1.5528E-05 -1.4066E-06 -3.4495E-08
  4.8928E-04 -1.5815E-05 -1.4327E-06 -3.5134E-08
  4.9379E-04 -1.6108E-05 -1.4593E-06 -3.5785E-08
  4.9835E-04 -1.6406E-05 -1.4863E-06 -3.6448E-08
  5.0294E-04 -1.6709E-05 -1.5138E-06 -3.7123E-08
  5.0758E-04 -1.7019E-05 -1.5419E-06 -3.7811E-08
  5.1226E-04 -1.7334E-05 -1.5704E-06 -3.8511E-08
  5.1698E-04 -1.7654E-05 -1.5995E-06 -3.9224E-08
  5.2175E-04 -1.7981E-05 -1.6291E-06 -3.9951E-08
  5.2656E-04 -1.8314E-05 -1.6593E-06 -4.0691E-08
  5.3141E-04 -1.8652E-05 -1.6901E-06 -4.1445E-08
  5.3631E-04 -1.8998E-05 -1.7214E-06 -4.2212E-08
  5.4125E-04 -1.9349E-05 -1.7533E-06 -4.2994E-08
  5.4624E-04 -1.9707E-05 -1.7857E-06 -4.3791E-08
  5.5128E-04 -2.0071E-05 -1.8188E-06 -4.4602E-08
  5.5636E-04 -2.0443E-05 -1.8525E-06 -4.5428E-08
  5.6149E-04 -2.0821E-05 -1.8868E-06 -4.6269E-08
  5.6666E-04 -2.1206E-05 -1.9217E-06 -4.7126E-08
  5.7189E-04 -2.1598E-05 -1.9573E-06 -4.7999E-08
  5.7716E-04 -2.1998E-05 -1.9936E-06 -4.8888E-08
  5.8248E-04 -2.2405E-05 -2.0305E-06 -4.9793E-08
  5.8785E-04 -2.2819E-05 -2.0681E-06 -5.0715E-08
  5.9327E-04 -2.3241E-05 -2.1064E-06 -5.1655E-08
  5.9873E-04 -2.3671E-05 -2.1454E-06 -5.2611E-08
  6.0425E-04 -2.4109E-05 -2.1851E-06 -5.3586E-08
  6.0982E-04 -2.4554E-05 -2.2256E-06 -5.4578E-08
  6.1544E-04 -2.5008E-05 -2.2668E-06 -5.5589E-08
  6.2112E-04 -2.5471E-05 -2.3088E-06 -5.6618E-08
  6.2684E-04 -2.5942E-05 -2.3516E-06 -5.7666E-08
  6.3262E-04 -2.6422E-05 -2.3951E-06 -5.8734E-08
  6.3845E-04 -2.6910E-05 -2.4394E-06 -5.9822E-08
  6.4433E-04 -2.7408E-05 -2.4846E-06 -6.0929E-08
  6.5027E-04 -2.7914E-05 -2.5306E-06 -6.2058E-08
  6.5626E-04 -2.8430E-05 -2.5775E-06 -6.3207E-08
  6.6231E-04 -2.8956E-05 -2.6252E-06 -6.4377E-08
  6.6841E-04 -2.9491E-05 -2.6738E-06 -6.5569E-08
  6.7457E-04 -3.0037E-05 -2.7233E-06 -6.6783E-08
  6.8079E-04 -3.0592E-05 -2.7737E-06 -6.8019E-08
  6.8706E-04 -3.1157E-05 -2.8251E-06 -6.9279E-08
  6.9339E-04 -3.1733E-05 -2.8774E-06 -7.0561E-08
  6.9978E-04 -3.2320E-05 -2.9307E-06 -7.1868E-08
  7.0623E-04 -3.2917E-05 -2.9849E-06 -7.3198E-08
  7.1274E-04 -3.3526E-05 -3.0402E-06 -7.4553E-08
  7.1930E-04 -3.4145E-05 -3.0965E-06 -7.5933E-08
  7.2593E-04 -3.4776E-05 -3.1538E-06 -7.7339E-08
  7.3262E-04 -3.5419E-05 -3.2122E-06 -7.8771E-08
  7.3937E-04 -3.6074E-05 -3.2716E-06 -8.0229E-08
  7.4618E-04 -3.6741E-05 -3.3322E-06 -8.1714E-08
  7.5306E-04 -3.7419E-05 -3.3939E-06 -8.3227E-08
  7.5999E-04 -3.8111E-05 -3.4567E-06 -8.4768E-08
  7.6700E-04 -3.8815E-05 -3.5207E-06 -8.6337E-08
  7.7406E-04 -3.9532E-05 -3.5859E-06 -8.7935E-08
  7.8119E-04 -4.0263E-05 -3.6522E-06 -8.9563E-08
  7.8839E-04 -4.1007E-05 -3.7199E-06 -9.1221E-08
  7.9565E-04 -4.1765E-05 -3.7887E-06 -9.2909E-08
  8.0298E-04 -4.2536E-05 -3.8588E-06 -9.4629E-08
  8.1038E-04 -4.3322E-05 -3.9303E-06 -9.6381E-08
  8.1785E-04 -4.4123E-05 -4.0030E-06 -9.8164E-08
  8.2538E-04 -4.4938E-05 -4.0771E-06 -9.9981E-08
  8.3299E-04 -4.5768E-05 -4.1526E-06 -1.0183E-07
  8.4066E-04 -4.6613E-05 -4.2294E-06 -1.0372E-07
  8.4840E-04 -4.7475E-05 -4.3077E-06 -1.0564E-07
  8.5622E-04 -4.8351E-05 -4.3874E-06 -1.0759E-07
  8.6411E-04 -4.9245E-05 -4.4686E-06 -1.0958E-07
  8.7206E-04 -5.0154E-05 -4.5513E-06 -1.1161E-07
  8.8010E-04 -5.1081E-05 -4.6356E-06 -1.1368E-07
  8.8820E-04 -5.2024E-05 -4.7214E-06 -1.1578E-07
  8.9639E-04 -5.2985E-05 -4.8088E-06 -1.1792E-07
  9.0464E-04 -5.3964E-05 -4.8977E-06 -1.2011E-07
  9.1298E-04 -5.4960E-05 -4.9884E-06 -1.2233E-07
  9.2138E-04 -5.5975E-05 -5.0807E-06 -1.2459E-07
  9.2987E-04 -5.7009E-05 -5.1747E-06 -1.2690E-07
  9.3844E-04 -5.8062E-05 -5.2705E-06 -1.2925E-07
  9.4708E-04 -5.9134E-05 -5.3680E-06 -1.3164E-07
  9.5580E-04 -6.0226E-05 -5.4674E-06 -1.3407E-07
  9.6461E-04 -6.1338E-05 -5.5686E-06 -1.3656E-07
  9.7349E-04 -6.2471E-05 -5.6716E-06 -1.3908E-07
  9.8246E-04 -6.3624E-05 -5.7766E-06 -1.4166E-07
  9.9151E-04 -6.4799E-05 -5.8835E-06 -1.4428E-07
  1.0006E-03 -6.5995E-05 -5.9923E-06 -1.4695E-07
  1.0099E-03 -6.7214E-05 -6.1032E-06 -1.4967E-07
  1.0192E-03 -6.8455E-05 -6.2161E-06 -1.5244E-07
  1.0285E-03 -6.9718E-05 -6.3312E-06 -1.5526E-07
  1.0380E-03 -7.1005E-05 -6.4483E-06 -1.5813E-07
  1.0476E-03 -7.2316E-05 -6.5676E-06 -1.6106E-07
  1.0572E-03 -7.3651E-05 -6.6892E-06 -1.6404E-07
  1.0670E-03 -7.5011E-05 -6.8129E-06 -1.6707E-07
  1.0768E-03 -7.6395E-05 -6.9390E-06 -1.7016E-07
  1.0867E-03 -7.7805E-05 -7.0674E-06 -1.7331E-07
  1.0967E-03 -7.9241E-05 -7.1982E-06 -1.7652E-07
  1.1068E-03 -8.0704E-05 -7.3314E-06 -1.7978E-07
  1.1170E-03 -8.2193E-05 -7.4670E-06 -1.8311E-07
  1.1273E-03 -8.3710E-05 -7.6052E-06 -1.8650E-07
  1.1377E-03 -8.5255E-05 -7.7459E-06 -1.8995E-07
  1.1481E-03 -8.6828E-05 -7.8892E-06 -1.9346E-07
  1.1587E-03 -8.8431E-05 -8.0352E-06 -1.9704E-07
  1.1694E-03 -9.0063E-05 -8.1838E-06 -2.0069E-07
  1.1802E-03 -9.1724E-05 -8.3352E-06 -2.0440E-07
  1.1910E-03 -9.3417E-05 -8.4895E-06 -2.0818E-07
  1.2020E-03 -9.5141E-05 -8.6465E-06 -2.1204E-07
  1.2131E-03 -9.6896E-05 -8.8065E-06 -2.1596E-07
  1.2242E-03 -9.8684E-05 -8.9694E-06 -2.1995E-07
  1.2355E-03 -1.0050E-04 -9.1354E-06 -2.2402E-07
  1.2469E-03 -1.0236E-04 -9.3044E-06 -2.2817E-07
  1.2584E-03 -1.0425E-04 -9.4765E-06 -2.3239E-07
  1.2699E-03 -1.0617E-04 -9.6518E-06 -2.3669E-07
  1.2816E-03 -1.0813E-04 -9.8304E-06 -2.4107E-07
  1.2934E-03 -1.1012E-04 -1.0012E-05 -2.4553E-07
  1.3053E-03 -1.1215E-04 -1.0197E-05 -2.5007E-07
  1.3174E-03 -1.1422E-04 -1.0386E-05 -2.5470E-07
  1.3295E-03 -1.1633E-04 -1.0578E-05 -2.5941E-07
  1.3417E-03 -1.1848E-04 -1.0774E-05 -2.6421E-07
  1.3541E-03 -1.2066E-04 -1.0973E-05 -2.6910E-07
  1.3666E-03 -1.2289E-04 -1.1176E-05 -2.7407E-07
  1.3791E-03 -1.2515E-04 -1.1383E-05 -2.7914E-07
  1.3918E-03 -1.2746E-04 -1.1594E-05 -2.8431E-07
  1.4047E-03 -1.2981E-04 -1.1808E-05 -2.8957E-07
  1.4176E-03 -1.3220E-04 -1.2027E-05 -2.9492E-07
  1.4306E-03 -1.3464E-04 -1.2249E-05 -3.0038E-07
  1.4438E-03 -1.3712E-04 -1.2476E-05 -3.0594E-07
  1.4571E-03 -1.3965E-04 -1.2706E-05 -3.1159E-07
  1.4705E-03 -1.4223E-04 -1.2941E-05 -3.1736E-07
  1.4841E-03 -1.4485E-04 -1.3181E-05 -3.2323E-07
  1.4977E-03 -1.4752E-04 -1.3425E-05 -3.2921E-07
  1.5115E-03 -1.5024E-04 -1.3673E-05 -3.3530E-07
  1.5254E-03 -1.5301E-04 -1.3926E-05 -3.4150E-07
  1.5395E-03 -1.5583E-04 -1.4183E-05 -3.4782E-07
  1.5536E-03 -1.5870E-04 -1.4446E-05 -3.5425E-07
  1.5679E-03 -1.6163E-04 -1.4713E-05 -3.6080E-07
  1.5824E-03 -1.6461E-04 -1.4985E-05 -3.6748E-07
  1.5969E-03 -1.6764E-04 -1.5262E-05 -3.7428E-07
  1.6116E-03 -1.7073E-04 -1.5545E-05 -3.8120E-07
  1.6265E-03 -1.7387E-04 -1.5832E-05 -3.8825E-07
  1.6415E-03 -1.7708E-04 -1.6125E-05 -3.9543E-07
  1.6566E-03 -1.8034E-04 -1.6423E-05 -4.0275E-07
  1.6718E-03 -1.8367E-04 -1.6727E-05 -4.1019E-07
  1.6872E-03 -1.8705E-04 -1.7036E-05 -4.1778E-07
  1.7027E-03 -1.9050E-04 -1.7352E-05 -4.2551E-07
  1.7184E-03 -1.9401E-04 -1.7672E-05 -4.3338E-07
  1.7342E-03 -1.9758E-04 -1.7999E-05 -4.4140E-07
  1.7502E-03 -2.0122E-04 -1.8332E-05 -4.4956E-07
  1.7663E-03 -2.0493E-04 -1.8671E-05 -4.5787E-07
  1.7826E-03 -2.0870E-04 -1.9017E-05 -4.6634E-07
  1.7990E-03 -2.1255E-04 -1.9368E-05 -4.7497E-07
  1.8155E-03 -2.1646E-04 -1.9727E-05 -4.8375E-07
  1.8323E-03 -2.2045E-04 -2.0091E-05 -4.9270E-07
  1.8491E-03 -2.2451E-04 -2.0463E-05 -5.0181E-07
  1.8661E-03 -2.2864E-04 -2.0842E-05 -5.1109E-07
  1.8833E-03 -2.3285E-04 -2.1227E-05 -5.2055E-07
  1.9007E-03 -2.3714E-04 -2.1620E-05 -5.3018E-07
  1.9182E-03 -2.4151E-04 -2.2019E-05 -5.3998E-07
  1.9358E-03 -2.4596E-04 -2.2427E-05 -5.4997E-07
  1.9536E-03 -2.5049E-04 -2.2841E-05 -5.6014E-07
  1.9716E-03 -2.5510E-04 -2.3264E-05 -5.7050E-07
  1.9898E-03 -2.5979E-04 -2.3694E-05 -5.8105E-07
  2.0081E-03 -2.6458E-04 -2.4132E-05 -5.9180E-07
  2.0266E-03 -2.6945E-04 -2.4579E-05 -6.0274E-07
  2.0452E-03 -2.7441E-04 -2.5033E-05 -6.1389E-07
  2.0640E-03 -2.7946E-04 -2.5496E-05 -6.2524E-07
  2.0830E-03 -2.8460E-04 -2.5968E-05 -6.3681E-07
  2.1022E-03 -2.8984E-04 -2.6448E-05 -6.4858E-07
  2.1216E-03 -2.9518E-04 -2.6937E-05 -6.6058E-07
  2.1411E-03 -3.0061E-04 -2.7435E-05 -6.7280E-07
  2.1608E-03 -3.0614E-04 -2.7943E-05 -6.8524E-07
  2.1807E-03 -3.1178E-04 -2.8459E-05 -6.9791E-07
  2.2008E-03 -3.1751E-04 -2.8986E-05 -7.1082E-07
  2.2210E-03 -3.2335E-04 -2.9522E-05 -7.2396E-07
  2.2415E-03 -3.2930E-04 -3.0068E-05 -7.3735E-07
  2.2621E-03 -3.3536E-04 -3.0624E-05 -7.5099E-07
  2.2829E-03 -3.4153E-04 -3.1190E-05 -7.6488E-07
  2.3039E-03 -3.4782E-04 -3.1767E-05 -7.7902E-07
  2.3251E-03 -3.5421E-04 -3.2354E-05 -7.9343E-07
  2.3465E-03 -3.6073E-04 -3.2953E-05 -8.0810E-07
  2.3681E-03 -3.6737E-04 -3.3562E-05 -8.2305E-07
  2.3899E-03 -3.7412E-04 -3.4183E-05 -8.3827E-07
  2.4119E-03 -3.8100E-04 -3.4815E-05 -8.5377E-07
  2.4341E-03 -3.8801E-04 -3.5459E-05 -8.6956E-07
  2.4565E-03 -3.9515E-04 -3.6114E-05 -8.8564E-07
  2.4791E-03 -4.0241E-04 -3.6782E-05 -9.0202E-07
  2.5019E-03 -4.0981E-04 -3.7462E-05 -9.1870E-07
  2.5250E-03 -4.1735E-04 -3.8155E-05 -9.3568E-07
  2.5482E-03 -4.2502E-04 -3.8861E-05 -9.5299E-07
  2.5717E-03 -4.3284E-04 -3.9579E-05 -9.7061E-07
  2.5953E-03 -4.4079E-04 -4.0311E-05 -9.8856E-07
  2.6192E-03 -4.4890E-04 -4.1057E-05 -1.0068E-06
  2.6433E-03 -4.5715E-04 -4.1816E-05 -1.0255E-06
  2.6677E-03 -4.6555E-04 -4.2589E-05 -1.0444E-06
  2.6922E-03 -4.7411E-04 -4.3377E-05 -1.0637E-06
  2.7170E-03 -4.8282E-04 -4.4179E-05 -1.0834E-06
  2.7420E-03 -4.9169E-04 -4.4996E-05 -1.1034E-06
  2.7672E-03 -5.0073E-04 -4.5828E-05 -1.1238E-06
  2.7927E-03 -5.0993E-04 -4.6675E-05 -1.1446E-06
  2.8184E-03 -5.1930E-04 -4.7538E-05 -1.1658E-06
  2.8443E-03 -5.2884E-04 -4.8417E-05 -1.1874E-06
  2.8705E-03 -5.3855E-04 -4.9313E-05 -1.2093E-06
  2.8969E-03 -5.4845E-04 -5.0224E-05 -1.2317E-06
  2.9236E-03 -5.5852E-04 -5.1153E-05 -1.2544E-06
  2.9505E-03 -5.6878E-04 -5.2099E-05 -1.2776E-06
  2.9777E-03 -5.7923E-04 -5.3062E-05 -1.3013E-06
  3.0051E-03 -5.8987E-04 -5.4043E-05 -1.3253E-06
  3.0327E-03 -6.0070E-04 -5.5043E-05 -1.3498E-06
  3.0606E-03 -6.1173E-04 -5.6061E-05 -1.3748E-06
  3.0888E-03 -6.2296E-04 -5.7097E-05 -1.4002E-06
  3.1172E-03 -6.3440E-04 -5.8153E-05 -1.4261E-06
  3.1459E-03 -6.4605E-04 -5.9228E-05 -1.4525E-06
  3.1749E-03 -6.5791E-04 -6.0323E-05 -1.4793E-06
  3.2041E-03 -6.6999E-04 -6.1439E-05 -1.5067E-06
  3.2336E-03 -6.8228E-04 -6.2575E-05 -1.5346E-06
  3.2633E-03 -6.9481E-04 -6.3732E-05 -1.5629E-06
  3.2933E-03 -7.0756E-04 -6.4910E-05 -1.5918E-06
  3.3237E-03 -7.2054E-04 -6.6110E-05 -1.6213E-06
  3.3542E-03 -7.3377E-04 -6.7333E-05 -1.6512E-06
  3.3851E-03 -7.4723E-04 -6.8578E-05 -1.6818E-06
  3.4163E-03 -7.6094E-04 -6.9846E-05 -1.7129E-06
  3.4477E-03 -7.7490E-04 -7.1137E-05 -1.7445E-06
  3.4794E-03 -7.8912E-04 -7.2452E-05 -1.7768E-06
  3.5115E-03 -8.0359E-04 -7.3792E-05 -1.8097E-06
  3.5438E-03 -8.1833E-04 -7.5156E-05 -1.8431E-06
  3.5764E-03 -8.3334E-04 -7.6546E-05 -1.8772E-06
  3.6093E-03 -8.4862E-04 -7.7961E-05 -1.9119E-06
  3.6425E-03 -8.6419E-04 -7.9403E-05 -1.9473E-06
  3.6760E-03 -8.8003E-04 -8.0871E-05 -1.9833E-06
  3.7099E-03 -8.9617E-04 -8.2366E-05 -2.0199E-06
  3.7440E-03 -9.1260E-04 -8.3889E-05 -2.0573E-06
  3.7784E-03 -9.2933E-04 -8.5440E-05 -2.0953E-06
  3.8132E-03 -9.4636E-04 -8.7020E-05 -2.1341E-06
  3.8483E-03 -9.6371E-04 -8.8629E-05 -2.1735E-06
  3.8837E-03 -9.8137E-04 -9.0267E-05 -2.2137E-06
  3.9195E-03 -9.9936E-04 -9.1936E-05 -2.2547E-06
  3.9555E-03 -1.0177E-03 -9.3636E-05 -2.2963E-06
  3.9919E-03 -1.0363E-03 -9.5367E-05 -2.3388E-06
  4.0287E-03 -1.0553E-03 -9.7131E-05 -2.3820E-06
  4.0657E-03 -1.0746E-03 -9.8927E-05 -2.4261E-06
  4.1032E-03 -1.0943E-03 -1.0076E-04 -2.4709E-06
  4.1409E-03 -1.1144E-03 -1.0262E-04 -2.5166E-06
  4.1790E-03 -1.1348E-03 -1.0452E-04 -2.5632E-06
  4.2175E-03 -1.1556E-03 -1.0645E-04 -2.6106E-06
  4.2563E-03 -1.1767E-03 -1.0842E-04 -2.6588E-06
  4.2954E-03 -1.1983E-03 -1.1042E-04 -2.7080E-06
  4.3350E-03 -1.2202E-03 -1.1246E-04 -2.7581E-06
  4.3749E-03 -1.2425E-03 -1.1454E-04 -2.8091E-06
  4.4151E-03 -1.2653E-03 -1.1666E-04 -2.8610E-06
  4.4558E-03 -1.2884E-03 -1.1882E-04 -2.9139E-06
  4.4968E-03 -1.3120E-03 -1.2101E-04 -2.9678E-06
  4.5381E-03 -1.3360E-03 -1.2325E-04 -3.0226E-06
  4.5799E-03 -1.3605E-03 -1.2553E-04 -3.0785E-06
  4.6220E-03 -1.3854E-03 -1.2785E-04 -3.1354E-06
  4.6646E-03 -1.4107E-03 -1.3021E-04 -3.1934E-06
  4.7075E-03 -1.4365E-03 -1.3262E-04 -3.2525E-06
  4.7508E-03 -1.4628E-03 -1.3507E-04 -3.3126E-06
  4.7945E-03 -1.4895E-03 -1.3757E-04 -3.3739E-06
  4.8386E-03 -1.5168E-03 -1.4011E-04 -3.4362E-06
  4.8832E-03 -1.5445E-03 -1.4270E-04 -3.4998E-06
  4.9281E-03 -1.5728E-03 -1.4534E-04 -3.5645E-06
  4.9735E-03 -1.6015E-03 -1.4803E-04 -3.6304E-06
  5.0192E-03 -1.6308E-03 -1.5077E-04 -3.6975E-06
  5.0654E-03 -1.6606E-03 -1.5355E-04 -3.7659E-06
  5.1120E-03 -1.6909E-03 -1.5639E-04 -3.8355E-06
  5.1591E-03 -1.7218E-03 -1.5928E-04 -3.9064E-06
  5.2065E-03 -1.7533E-03 -1.6223E-04 -3.9786E-06
  5.2544E-03 -1.7853E-03 -1.6523E-04 -4.0522E-06
  5.3028E-03 -1.8179E-03 -1.6828E-04 -4.1271E-06
  5.3516E-03 -1.8512E-03 -1.7139E-04 -4.2034E-06
  5.4008E-03 -1.8850E-03 -1.7456E-04 -4.2812E-06
  5.4505E-03 -1.9194E-03 -1.7779E-04 -4.3603E-06
  5.5007E-03 -1.9544E-03 -1.8107E-04 -4.4409E-06
  5.5513E-03 -1.9901E-03 -1.8442E-04 -4.5230E-06
  5.6024E-03 -2.0264E-03 -1.8783E-04 -4.6067E-06
  5.6539E-03 -2.0634E-03 -1.9130E-04 -4.6918E-06
  5.7059E-03 -2.1011E-03 -1.9484E-04 -4.7786E-06
  5.7584E-03 -2.1394E-03 -1.9844E-04 -4.8669E-06
  5.8114E-03 -2.1785E-03 -2.0211E-04 -4.9569E-06
  5.8649E-03 -2.2182E-03 -2.0585E-04 -5.0486E-06
  5.9189E-03 -2.2587E-03 -2.0965E-04 -5.1419E-06
  5.9733E-03 -2.2999E-03 -2.1353E-04 -5.2370E-06
  6.0283E-03 -2.3418E-03 -2.1748E-04 -5.3338E-06
  6.0838E-03 -2.3845E-03 -2.2150E-04 -5.4324E-06
  6.1397E-03 -2.4280E-03 -2.2559E-04 -5.5329E-06
  6.1962E-03 -2.4722E-03 -2.2976E-04 -5.6352E-06
  6.2532E-03 -2.5173E-03 -2.3401E-04 -5.7394E-06
  6.3108E-03 -2.5632E-03 -2.3834E-04 -5.8455E-06
  6.3689E-03 -2.6099E-03 -2.4274E-04 -5.9536E-06
  6.4275E-03 -2.6575E-03 -2.4723E-04 -6.0636E-06
  6.4866E-03 -2.7059E-03 -2.5180E-04 -6.1758E-06
  6.5463E-03 -2.7552E-03 -2.5645E-04 -6.2899E-06
  6.6065E-03 -2.8053E-03 -2.6119E-04 -6.4062E-06
  6.6673E-03 -2.8564E-03 -2.6602E-04 -6.5247E-06
  6.7287E-03 -2.9084E-03 -2.7094E-04 -6.6453E-06
  6.7906E-03 -2.9614E-03 -2.7595E-04 -6.7682E-06
  6.8530E-03 -3.0153E-03 -2.8105E-04 -6.8933E-06
  6.9161E-03 -3.0702E-03 -2.8625E-04 -7.0208E-06
  6.9797E-03 -3.1260E-03 -2.9154E-04 -7.1506E-06
  7.0440E-03 -3.1829E-03 -2.9693E-04 -7.2828E-06
  7.1088E-03 -3.2408E-03 -3.0242E-04 -7.4175E-06
  7.1742E-03 -3.2998E-03 -3.0801E-04 -7.5546E-06
  7.2402E-03 -3.3598E-03 -3.1370E-04 -7.6943E-06
  7.3068E-03 -3.4209E-03 -3.1950E-04 -7.8365E-06
  7.3740E-03 -3.4830E-03 -3.2541E-04 -7.9814E-06
  7.4419E-03 -3.5464E-03 -3.3142E-04 -8.1290E-06
  7.5104E-03 -3.6108E-03 -3.3755E-04 -8.2793E-06
  7.5795E-03 -3.6764E-03 -3.4379E-04 -8.4324E-06
  7.6492E-03 -3.7432E-03 -3.5014E-04 -8.5883E-06
  7.7196E-03 -3.8112E-03 -3.5661E-04 -8.7471E-06
  7.7906E-03 -3.8805E-03 -3.6321E-04 -8.9088E-06
  7.8623E-03 -3.9509E-03 -3.6992E-04 -9.0735E-06
  7.9346E-03 -4.0227E-03 -3.7676E-04 -9.2413E-06
  8.0076E-03 -4.0957E-03 -3.8372E-04 -9.4122E-06
  8.0813E-03 -4.1700E-03 -3.9082E-04 -9.5862E-06
  8.1557E-03 -4.2457E-03 -3.9804E-04 -9.7635E-06
  8.2307E-03 -4.3228E-03 -4.0540E-04 -9.9440E-06
  8.3065E-03 -4.4012E-03 -4.1289E-04 -1.0128E-05
  8.3829E-03 -4.4810E-03 -4.2052E-04 -1.0315E-05
  8.4600E-03 -4.5623E-03 -4.2830E-04 -1.0506E-05
  8.5378E-03 -4.6450E-03 -4.3622E-04 -1.0700E-05
  8.6164E-03 -4.7292E-03 -4.4428E-04 -1.0898E-05
  8.6957E-03 -4.8149E-03 -4.5249E-04 -1.1099E-05
  8.7757E-03 -4.9022E-03 -4.6085E-04 -1.1305E-05
  8.8564E-03 -4.9910E-03 -4.6937E-04 -1.1514E-05
  8.9379E-03 -5.0814E-03 -4.7805E-04 -1.1727E-05
  9.0202E-03 -5.1735E-03 -4.8689E-04 -1.1943E-05
  9.1032E-03 -5.2672E-03 -4.9589E-04 -1.2164E-05
  9.1869E-03 -5.3625E-03 -5.0505E-04 -1.2389E-05
  9.2714E-03 -5.4596E-03 -5.1439E-04 -1.2618E-05
  9.3567E-03 -5.5584E-03 -5.2390E-04 -1.2852E-05
  9.4428E-03 -5.6590E-03 -5.3358E-04 -1.3089E-05
  9.5297E-03 -5.7614E-03 -5.4344E-04 -1.3331E-05
  9.6174E-03 -5.8656E-03 -5.5349E-04 -1.3578E-05
  9.7059E-03 -5.9717E-03 -5.6372E-04 -1.3829E-05
  9.7952E-03 -6.0796E-03 -5.7414E-04 -1.4085E-05
  9.8853E-03 -6.1895E-03 -5.8475E-04 -1.4345E-05
  9.9763E-03 -6.3014E-03 -5.9556E-04 -1.4610E-05
  1.0068E-02 -6.4152E-03 -6.0657E-04 -1.4880E-05
  1.0161E-02 -6.5311E-03 -6.1778E-04 -1.5155E-05
  1.0254E-02 -6.6491E-03 -6.2920E-04 -1.5436E-05
  1.0349E-02 -6.7692E-03 -6.4083E-04 -1.5721E-05
  1.0444E-02 -6.8914E-03 -6.5267E-04 -1.6012E-05
  1.0540E-02 -7.0158E-03 -6.6474E-04 -1.6308E-05
  1.0637E-02 -7.1424E-03 -6.7702E-04 -1.6610E-05
  1.0735E-02 -7.2712E-03 -6.8954E-04 -1.6917E-05
  1.0833E-02 -7.4024E-03 -7.0228E-04 -1.7229E-05
  1.0933E-02 -7.5359E-03 -7.1526E-04 -1.7548E-05
  1.1034E-02 -7.6717E-03 -7.2848E-04 -1.7873E-05
  1.1135E-02 -7.8100E-03 -7.4195E-04 -1.8203E-05
  1.1238E-02 -7.9508E-03 -7.5566E-04 -1.8540E-05
  1.1341E-02 -8.0940E-03 -7.6963E-04 -1.8882E-05
  1.1445E-02 -8.2398E-03 -7.8385E-04 -1.9232E-05
  1.1551E-02 -8.3882E-03 -7.9834E-04 -1.9587E-05
  1.1657E-02 -8.5392E-03 -8.1310E-04 -1.9950E-05
  1.1764E-02 -8.6929E-03 -8.2812E-04 -2.0318E-05
  1.1872E-02 -8.8494E-03 -8.4343E-04 -2.0694E-05
  1.1982E-02 -9.0086E-03 -8.5902E-04 -2.1077E-05
  1.2092E-02 -9.1706E-03 -8.7490E-04 -2.1467E-05
  1.2203E-02 -9.3355E-03 -8.9107E-04 -2.1864E-05
  1.2315E-02 -9.5033E-03 -9.0753E-04 -2.2268E-05
  1.2429E-02 -9.6741E-03 -9.2431E-04 -2.2680E-05
  1.2543E-02 -9.8479E-03 -9.4139E-04 -2.3099E-05
  1.2659E-02 -1.0025E-02 -9.5879E-04 -2.3526E-05
  1.2775E-02 -1.0205E-02 -9.7651E-04 -2.3961E-05
  1.2893E-02 -1.0388E-02 -9.9456E-04 -2.4405E-05
  1.3011E-02 -1.0575E-02 -1.0129E-03 -2.4856E-05
  1.3131E-02 -1.0764E-02 -1.0317E-03 -2.5316E-05
  1.3252E-02 -1.0957E-02 -1.0507E-03 -2.5784E-05
  1.3374E-02 -1.1154E-02 -1.0701E-03 -2.6261E-05
  1.3497E-02 -1.1354E-02 -1.0899E-03 -2.6746E-05
  1.3621E-02 -1.1557E-02 -1.1101E-03 -2.7241E-05
  1.3746E-02 -1.1764E-02 -1.1306E-03 -2.7745E-05
  1.3873E-02 -1.1975E-02 -1.1515E-03 -2.8258E-05
  1.4000E-02 -1.2190E-02 -1.1728E-03 -2.8781E-05
  1.4129E-02 -1.2408E-02 -1.1944E-03 -2.9313E-05
  1.4259E-02 -1.2630E-02 -1.2165E-03 -2.9855E-05
  1.4390E-02 -1.2856E-02 -1.2390E-03 -3.0407E-05
  1.4523E-02 -1.3086E-02 -1.2619E-03 -3.0970E-05
  1.4656E-02 -1.3320E-02 -1.2852E-03 -3.1542E-05
  1.4791E-02 -1.3558E-02 -1.3090E-03 -3.2126E-05
  1.4927E-02 -1.3800E-02 -1.3331E-03 -3.2720E-05
  1.5064E-02 -1.4047E-02 -1.3578E-03 -3.3325E-05
  1.5203E-02 -1.4298E-02 -1.3829E-03 -3.3942E-05
  1.5343E-02 -1.4553E-02 -1.4084E-03 -3.4569E-05
  1.5484E-02 -1.4813E-02 -1.4345E-03 -3.5209E-05
  1.5627E-02 -1.5077E-02 -1.4610E-03 -3.5860E-05
  1.5770E-02 -1.5346E-02 -1.4880E-03 -3.6523E-05
  1.5915E-02 -1.5619E-02 -1.5155E-03 -3.7199E-05
  1.6062E-02 -1.5898E-02 -1.5435E-03 -3.7887E-05
  1.6210E-02 -1.6181E-02 -1.5720E-03 -3.8588E-05
  1.6359E-02 -1.6469E-02 -1.6010E-03 -3.9302E-05
  1.6509E-02 -1.6762E-02 -1.6306E-03 -4.0029E-05
  1.6661E-02 -1.7061E-02 -1.6608E-03 -4.0769E-05
  1.6814E-02 -1.7364E-02 -1.6914E-03 -4.1523E-05
  1.6969E-02 -1.7673E-02 -1.7227E-03 -4.2291E-05
  1.7125E-02 -1.7988E-02 -1.7545E-03 -4.3074E-05
  1.7283E-02 -1.8307E-02 -1.7870E-03 -4.3871E-05
  1.7442E-02 -1.8633E-02 -1.8200E-03 -4.4682E-05
  1.7602E-02 -1.8963E-02 -1.8536E-03 -4.5509E-05
  1.7764E-02 -1.9300E-02 -1.8879E-03 -4.6351E-05
  1.7928E-02 -1.9643E-02 -1.9227E-03 -4.7208E-05
  1.8093E-02 -1.9991E-02 -1.9583E-03 -4.8082E-05
  1.8259E-02 -2.0346E-02 -1.9945E-03 -4.8971E-05
  1.8427E-02 -2.0706E-02 -2.0313E-03 -4.9877E-05
  1.8597E-02 -2.1073E-02 -2.0688E-03 -5.0800E-05
  1.8768E-02 -2.1447E-02 -2.1071E-03 -5.1740E-05
  1.8940E-02 -2.1826E-02 -2.1460E-03 -5.2697E-05
  1.9115E-02 -2.2213E-02 -2.1857E-03 -5.3672E-05
  1.9291E-02 -2.2606E-02 -2.2260E-03 -5.4665E-05
  1.9468E-02 -2.3006E-02 -2.2672E-03 -5.5677E-05
  1.9647E-02 -2.3412E-02 -2.3091E-03 -5.6707E-05
  1.9828E-02 -2.3826E-02 -2.3517E-03 -5.7756E-05
  2.0010E-02 -2.4247E-02 -2.3952E-03 -5.8825E-05
  2.0194E-02 -2.4675E-02 -2.4394E-03 -5.9914E-05
  2.0380E-02 -2.5111E-02 -2.4845E-03 -6.1022E-05
  2.0568E-02 -2.5554E-02 -2.5304E-03 -6.2152E-05
  2.0757E-02 -2.6004E-02 -2.5771E-03 -6.3302E-05
  2.0948E-02 -2.6462E-02 -2.6248E-03 -6.4473E-05
  2.1141E-02 -2.6929E-02 -2.6732E-03 -6.5666E-05
  2.1335E-02 -2.7403E-02 -2.7226E-03 -6.6882E-05
  2.1531E-02 -2.7885E-02 -2.7729E-03 -6.8119E-05
  2.1729E-02 -2.8376E-02 -2.8242E-03 -6.9380E-05
  2.1929E-02 -2.8875E-02 -2.8763E-03 -7.0664E-05
  2.2131E-02 -2.9383E-02 -2.9295E-03 -7.1972E-05
  2.2335E-02 -2.9899E-02 -2.9836E-03 -7.3304E-05
  2.2540E-02 -3.0424E-02 -3.0387E-03 -7.4661E-05
  2.2748E-02 -3.0958E-02 -3.0948E-03 -7.6043E-05
  2.2957E-02 -3.1501E-02 -3.1520E-03 -7.7450E-05
  2.3168E-02 -3.2054E-02 -3.2102E-03 -7.8884E-05
  2.3381E-02 -3.2616E-02 -3.2695E-03 -8.0344E-05
  2.3596E-02 -3.3187E-02 -3.3299E-03 -8.1831E-05
  2.3813E-02 -3.3768E-02 -3.3915E-03 -8.3346E-05
  2.4033E-02 -3.4359E-02 -3.4541E-03 -8.4889E-05
  2.4254E-02 -3.4960E-02 -3.5179E-03 -8.6461E-05
  2.4477E-02 -3.5572E-02 -3.5829E-03 -8.8061E-05
  2.4702E-02 -3.6193E-02 -3.6491E-03 -8.9692E-05
  2.4929E-02 -3.6825E-02 -3.7165E-03 -9.1352E-05
  2.5159E-02 -3.7468E-02 -3.7851E-03 -9.3044E-05
  2.5390E-02 -3.8122E-02 -3.8550E-03 -9.4766E-05
  2.5624E-02 -3.8787E-02 -3.9262E-03 -9.6521E-05
  2.5859E-02 -3.9463E-02 -3.9987E-03 -9.8308E-05
  2.6097E-02 -4.0150E-02 -4.0726E-03 -1.0013E-04
  2.6337E-02 -4.0849E-02 -4.1478E-03 -1.0198E-04
  2.6580E-02 -4.1560E-02 -4.2244E-03 -1.0387E-04
  2.6824E-02 -4.2283E-02 -4.3024E-03 -1.0580E-04
  2.7071E-02 -4.3018E-02 -4.3819E-03 -1.0775E-04
  2.7320E-02 -4.3765E-02 -4.4628E-03 -1.0975E-04
  2.7571E-02 -4.4525E-02 -4.5452E-03 -1.1178E-04
  2.7825E-02 -4.5298E-02 -4.6292E-03 -1.1385E-04
  2.8081E-02 -4.6083E-02 -4.7147E-03 -1.1596E-04
  2.8339E-02 -4.6882E-02 -4.8017E-03 -1.1811E-04
  2.8600E-02 -4.7694E-02 -4.8904E-03 -1.2030E-04
  2.8863E-02 -4.8520E-02 -4.9807E-03 -1.2253E-04
  2.9129E-02 -4.9359E-02 -5.0727E-03 -1.2480E-04
  2.9397E-02 -5.0213E-02 -5.1663E-03 -1.2711E-04
  2.9667E-02 -5.1080E-02 -5.2617E-03 -1.2946E-04
  2.9940E-02 -5.1962E-02 -5.3589E-03 -1.3186E-04
  3.0216E-02 -5.2859E-02 -5.4578E-03 -1.3430E-04
  3.0494E-02 -5.3771E-02 -5.5586E-03 -1.3679E-04
  3.0774E-02 -5.4697E-02 -5.6612E-03 -1.3933E-04
  3.1057E-02 -5.5639E-02 -5.7658E-03 -1.4191E-04
  3.1343E-02 -5.6597E-02 -5.8722E-03 -1.4454E-04
  3.1631E-02 -5.7571E-02 -5.9806E-03 -1.4722E-04
  3.1922E-02 -5.8560E-02 -6.0910E-03 -1.4995E-04
  3.2216E-02 -5.9566E-02 -6.2035E-03 -1.5272E-04
  3.2512E-02 -6.0589E-02 -6.3180E-03 -1.5555E-04
  3.2812E-02 -6.1628E-02 -6.4346E-03 -1.5844E-04
  3.3113E-02 -6.2685E-02 -6.5534E-03 -1.6138E-04
  3.3418E-02 -6.3759E-02 -6.6744E-03 -1.6437E-04
  3.3726E-02 -6.4850E-02 -6.7976E-03 -1.6741E-04
  3.4036E-02 -6.5960E-02 -6.9231E-03 -1.7052E-04
  3.4349E-02 -6.7087E-02 -7.0509E-03 -1.7368E-04
  3.4665E-02 -6.8233E-02 -7.1810E-03 -1.7690E-04
  3.4984E-02 -6.9398E-02 -7.3135E-03 -1.8018E-04
  3.5306E-02 -7.0582E-02 -7.4485E-03 -1.8352E-04
  3.5631E-02 -7.1785E-02 -7.5860E-03 -1.8692E-04
  3.5958E-02 -7.3007E-02 -7.7260E-03 -1.9039E-04
  3.6289E-02 -7.4250E-02 -7.8686E-03 -1.9392E-04
  3.6623E-02 -7.5513E-02 -8.0138E-03 -1.9752E-04
  3.6960E-02 -7.6796E-02 -8.1617E-03 -2.0118E-04
  3.7300E-02 -7.8100E-02 -8.3123E-03 -2.0491E-04
  3.7643E-02 -7.9425E-02 -8.4657E-03 -2.0871E-04
  3.7989E-02 -8.0772E-02 -8.6219E-03 -2.1259E-04
  3.8339E-02 -8.2140E-02 -8.7809E-03 -2.1653E-04
  3.8692E-02 -8.3530E-02 -8.9430E-03 -2.2055E-04
  3.9048E-02 -8.4943E-02 -9.1080E-03 -2.2464E-04
  3.9407E-02 -8.6378E-02 -9.2760E-03 -2.2881E-04
  3.9769E-02 -8.7837E-02 -9.4471E-03 -2.3306E-04
  4.0135E-02 -8.9318E-02 -9.6214E-03 -2.3738E-04
  4.0505E-02 -9.0824E-02 -9.7989E-03 -2.4179E-04
  4.0877E-02 -9.2353E-02 -9.9797E-03 -2.4627E-04
  4.1253E-02 -9.3907E-02 -1.0164E-02 -2.5085E-04
  4.1633E-02 -9.5486E-02 -1.0351E-02 -2.5550E-04
  4.2016E-02 -9.7090E-02 -1.0542E-02 -2.6025E-04
  4.2402E-02 -9.8720E-02 -1.0737E-02 -2.6508E-04
  4.2792E-02 -1.0037E-01 -1.0935E-02 -2.7000E-04
  4.3186E-02 -1.0206E-01 -1.1136E-02 -2.7502E-04
  4.3583E-02 -1.0376E-01 -1.1342E-02 -2.8012E-04
  4.3984E-02 -1.0550E-01 -1.1551E-02 -2.8533E-04
  4.4389E-02 -1.0726E-01 -1.1764E-02 -2.9063E-04
  4.4797E-02 -1.0905E-01 -1.1981E-02 -2.9603E-04
  4.5210E-02 -1.1087E-01 -1.2202E-02 -3.0153E-04
  4.5625E-02 -1.1272E-01 -1.2427E-02 -3.0713E-04
  4.6045E-02 -1.1459E-01 -1.2656E-02 -3.1284E-04
  4.6469E-02 -1.1650E-01 -1.2889E-02 -3.1865E-04
  4.6896E-02 -1.1843E-01 -1.3127E-02 -3.2457E-04
  4.7328E-02 -1.2040E-01 -1.3369E-02 -3.3061E-04
  4.7763E-02 -1.2240E-01 -1.3615E-02 -3.3675E-04
  4.8203E-02 -1.2442E-01 -1.3866E-02 -3.4301E-04
  4.8646E-02 -1.2648E-01 -1.4121E-02 -3.4939E-04
  4.9094E-02 -1.2857E-01 -1.4382E-02 -3.5589E-04
  4.9545E-02 -1.3069E-01 -1.4647E-02 -3.6251E-04
  5.0001E-02 -1.3285E-01 -1.4917E-02 -3.6925E-04
  5.0461E-02 -1.3504E-01 -1.5192E-02 -3.7612E-04
  5.0925E-02 -1.3726E-01 -1.5471E-02 -3.8311E-04
  5.1394E-02 -1.3952E-01 -1.5757E-02 -3.9024E-04
  5.1867E-02 -1.4181E-01 -1.6047E-02 -3.9750E-04
  5.2344E-02 -1.4413E-01 -1.6342E-02 -4.0490E-04
  5.2825E-02 -1.4650E-01 -1.6643E-02 -4.1244E-04
  5.3311E-02 -1.4889E-01 -1.6950E-02 -4.2011E-04
  5.3802E-02 -1.5133E-01 -1.7262E-02 -4.2794E-04
  5.4297E-02 -1.5380E-01 -1.7580E-02 -4.3590E-04
  5.4796E-02 -1.5631E-01 -1.7904E-02 -4.4402E-04
  5.5300E-02 -1.5886E-01 -1.8234E-02 -4.5229E-04
  5.5809E-02 -1.6144E-01 -1.8569E-02 -4.6071E-04
  5.6323E-02 -1.6406E-01 -1.8911E-02 -4.6930E-04
  5.6841E-02 -1.6673E-01 -1.9259E-02 -4.7804E-04
  5.7364E-02 -1.6943E-01 -1.9614E-02 -4.8695E-04
  5.7892E-02 -1.7218E-01 -1.9975E-02 -4.9602E-04
  5.8424E-02 -1.7496E-01 -2.0343E-02 -5.0527E-04
  5.8962E-02 -1.7779E-01 -2.0717E-02 -5.1469E-04
  5.9504E-02 -1.8066E-01 -2.1098E-02 -5.2428E-04
  6.0051E-02 -1.8357E-01 -2.1487E-02 -5.3406E-04
  6.0604E-02 -1.8652E-01 -2.1882E-02 -5.4402E-04
  6.1162E-02 -1.8952E-01 -2.2285E-02 -5.5417E-04
  6.1724E-02 -1.9256E-01 -2.2695E-02 -5.6451E-04
  6.2292E-02 -1.9565E-01 -2.3112E-02 -5.7504E-04
  6.2865E-02 -1.9878E-01 -2.3537E-02 -5.8577E-04
  6.3443E-02 -2.0196E-01 -2.3970E-02 -5.9670E-04
  6.4027E-02 -2.0519E-01 -2.4411E-02 -6.0784E-04
  6.4616E-02 -2.0846E-01 -2.4860E-02 -6.1919E-04
  6.5211E-02 -2.1178E-01 -2.5317E-02 -6.3076E-04
  6.5811E-02 -2.1515E-01 -2.5783E-02 -6.4254E-04
  6.6416E-02 -2.1856E-01 -2.6257E-02 -6.5454E-04
  6.7027E-02 -2.2203E-01 -2.6739E-02 -6.6677E-04
  6.7644E-02 -2.2555E-01 -2.7231E-02 -6.7923E-04
  6.8266E-02 -2.2911E-01 -2.7731E-02 -6.9193E-04
  6.8894E-02 -2.3273E-01 -2.8241E-02 -7.0486E-04
  6.9528E-02 -2.3640E-01 -2.8760E-02 -7.1804E-04
  7.0167E-02 -2.4012E-01 -2.9288E-02 -7.3147E-04
  7.0813E-02 -2.4390E-01 -2.9826E-02 -7.4516E-04
  7.1464E-02 -2.4773E-01 -3.0374E-02 -7.5910E-04
  7.2122E-02 -2.5161E-01 -3.0932E-02 -7.7330E-04
  7.2785E-02 -2.5554E-01 -3.1500E-02 -7.8778E-04
  7.3455E-02 -2.5954E-01 -3.2079E-02 -8.0253E-04
  7.4131E-02 -2.6359E-01 -3.2667E-02 -8.1755E-04
  7.4813E-02 -2.6769E-01 -3.3267E-02 -8.3287E-04
  7.5501E-02 -2.7185E-01 -3.3878E-02 -8.4847E-04
  7.6196E-02 -2.7608E-01 -3.4500E-02 -8.6437E-04
  7.6897E-02 -2.8035E-01 -3.5133E-02 -8.8057E-04
  7.7604E-02 -2.8469E-01 -3.5777E-02 -8.9708E-04
  7.8318E-02 -2.8909E-01 -3.6434E-02 -9.1390E-04
  7.9039E-02 -2.9355E-01 -3.7102E-02 -9.3104E-04
  7.9766E-02 -2.9807E-01 -3.7782E-02 -9.4850E-04
  8.0500E-02 -3.0265E-01 -3.8475E-02 -9.6630E-04
  8.1240E-02 -3.0730E-01 -3.9181E-02 -9.8444E-04
  8.1988E-02 -3.1200E-01 -3.9899E-02 -1.0029E-03
  8.2742E-02 -3.1677E-01 -4.0630E-02 -1.0218E-03
  8.3503E-02 -3.2161E-01 -4.1375E-02 -1.0409E-03
  8.4271E-02 -3.2651E-01 -4.2133E-02 -1.0605E-03
  8.5047E-02 -3.3148E-01 -4.2905E-02 -1.0804E-03
  8.5829E-02 -3.3651E-01 -4.3691E-02 -1.1007E-03
  8.6619E-02 -3.4161E-01 -4.4491E-02 -1.1214E-03
  8.7415E-02 -3.4678E-01 -4.5305E-02 -1.1425E-03
  8.8220E-02 -3.5201E-01 -4.6135E-02 -1.1640E-03
  8.9031E-02 -3.5731E-01 -4.6979E-02 -1.1859E-03
  8.9850E-02 -3.6269E-01 -4.7839E-02 -1.2083E-03
  9.0677E-02 -3.6813E-01 -4.8714E-02 -1.2310E-03
  9.1511E-02 -3.7365E-01 -4.9606E-02 -1.2542E-03
  9.2353E-02 -3.7924E-01 -5.0513E-02 -1.2778E-03
  9.3203E-02 -3.8489E-01 -5.1437E-02 -1.3019E-03
  9.4060E-02 -3.9063E-01 -5.2377E-02 -1.3265E-03
  9.4925E-02 -3.9643E-01 -5.3335E-02 -1.3515E-03
  9.5799E-02 -4.0231E-01 -5.4309E-02 -1.3770E-03
  9.6680E-02 -4.0827E-01 -5.5302E-02 -1.4030E-03
  9.7570E-02 -4.1430E-01 -5.6312E-02 -1.4294E-03
  9.8467E-02 -4.2040E-01 -5.7340E-02 -1.4564E-03
  9.9373E-02 -4.2659E-01 -5.8387E-02 -1.4839E-03
  1.0029E-01 -4.3285E-01 -5.9453E-02 -1.5120E-03
  1.0121E-01 -4.3919E-01 -6.0539E-02 -1.5406E-03
  1.0214E-01 -4.4560E-01 -6.1643E-02 -1.5697E-03
  1.0308E-01 -4.5210E-01 -6.2768E-02 -1.5994E-03
  1.0403E-01 -4.5868E-01 -6.3913E-02 -1.6297E-03
  1.0499E-01 -4.6534E-01 -6.5078E-02 -1.6605E-03
  1.0595E-01 -4.7208E-01 -6.6264E-02 -1.6919E-03
  1.0693E-01 -4.7890E-01 -6.7472E-02 -1.7240E-03
  1.0791E-01 -4.8580E-01 -6.8701E-02 -1.7567E-03
  1.0890E-01 -4.9279E-01 -6.9953E-02 -1.7900E-03
  1.0990E-01 -4.9986E-01 -7.1226E-02 -1.8239E-03
  1.1092E-01 -5.0701E-01 -7.2523E-02 -1.8585E-03
  1.1194E-01 -5.1425E-01 -7.3843E-02 -1.8938E-03
  1.1297E-01 -5.2157E-01 -7.5186E-02 -1.9297E-03
  1.1401E-01 -5.2898E-01 -7.6554E-02 -1.9664E-03
  1.1505E-01 -5.3648E-01 -7.7946E-02 -2.0037E-03
  1.1611E-01 -5.4407E-01 -7.9363E-02 -2.0418E-03
  1.1718E-01 -5.5174E-01 -8.0805E-02 -2.0806E-03
  1.1826E-01 -5.5950E-01 -8.2273E-02 -2.1202E-03
  1.1935E-01 -5.6735E-01 -8.3767E-02 -2.1606E-03
  1.2045E-01 -5.7528E-01 -8.5288E-02 -2.2017E-03
  1.2155E-01 -5.8331E-01 -8.6836E-02 -2.2436E-03
  1.2267E-01 -5.9143E-01 -8.8411E-02 -2.2864E-03
  1.2380E-01 -5.9964E-01 -9.0014E-02 -2.3300E-03
  1.2494E-01 -6.0794E-01 -9.1646E-02 -2.3744E-03
  1.2609E-01 -6.1633E-01 -9.3307E-02 -2.4197E-03
  1.2725E-01 -6.2481E-01 -9.4998E-02 -2.4659E-03
  1.2842E-01 -6.3339E-01 -9.6718E-02 -2.5130E-03
  1.2960E-01 -6.4206E-01 -9.8469E-02 -2.5610E-03
  1.3079E-01 -6.5082E-01 -1.0025E-01 -2.6099E-03
  1.3200E-01 -6.5968E-01 -1.0206E-01 -2.6598E-03
  1.3321E-01 -6.6863E-01 -1.0391E-01 -2.7107E-03
  1.3444E-01 -6.7767E-01 -1.0579E-01 -2.7625E-03
  1.3567E-01 -6.8681E-01 -1.0770E-01 -2.8154E-03
  1.3692E-01 -6.9604E-01 -1.0964E-01 -2.8693E-03
  1.3818E-01 -7.0537E-01 -1.1162E-01 -2.9243E-03
  1.3945E-01 -7.1480E-01 -1.1364E-01 -2.9804E-03
  1.4073E-01 -7.2432E-01 -1.1568E-01 -3.0375E-03
  1.4203E-01 -7.3394E-01 -1.1777E-01 -3.0958E-03
  1.4334E-01 -7.4366E-01 -1.1989E-01 -3.1552E-03
  1.4465E-01 -7.5347E-01 -1.2205E-01 -3.2158E-03
  1.4599E-01 -7.6338E-01 -1.2425E-01 -3.2776E-03
  1.4733E-01 -7.7338E-01 -1.2648E-01 -3.3406E-03
  1.4868E-01 -7.8348E-01 -1.2876E-01 -3.4048E-03
  1.5005E-01 -7.9368E-01 -1.3107E-01 -3.4703E-03
  1.5143E-01 -8.0398E-01 -1.3342E-01 -3.5371E-03
  1.5283E-01 -8.1438E-01 -1.3582E-01 -3.6052E-03
  1.5423E-01 -8.2487E-01 -1.3826E-01 -3.6747E-03
  1.5565E-01 -8.3546E-01 -1.4074E-01 -3.7455E-03
  1.5708E-01 -8.4615E-01 -1.4326E-01 -3.8177E-03
  1.5853E-01 -8.5693E-01 -1.4582E-01 -3.8913E-03
  1.5999E-01 -8.6782E-01 -1.4843E-01 -3.9664E-03
  1.6146E-01 -8.7880E-01 -1.5109E-01 -4.0430E-03
  1.6294E-01 -8.8988E-01 -1.5379E-01 -4.1211E-03
  1.6444E-01 -9.0105E-01 -1.5654E-01 -4.2007E-03
  1.6595E-01 -9.1233E-01 -1.5933E-01 -4.2819E-03
  1.6748E-01 -9.2369E-01 -1.6218E-01 -4.3647E-03
  1.6902E-01 -9.3516E-01 -1.6507E-01 -4.4491E-03
  1.7058E-01 -9.4672E-01 -1.6801E-01 -4.5352E-03
  1.7215E-01 -9.5838E-01 -1.7100E-01 -4.6230E-03
  1.7373E-01 -9.7014E-01 -1.7405E-01 -4.7126E-03
  1.7533E-01 -9.8199E-01 -1.7714E-01 -4.8039E-03
  1.7694E-01 -9.9393E-01 -1.8029E-01 -4.8970E-03
  1.7857E-01 -1.0060E+00 -1.8349E-01 -4.9920E-03
  1.8021E-01 -1.0181E+00 -1.8674E-01 -5.0888E-03
  1.8187E-01 -1.0303E+00 -1.9005E-01 -5.1875E-03
  1.8354E-01 -1.0427E+00 -1.9342E-01 -5.2882E-03
  1.8523E-01 -1.0551E+00 -1.9684E-01 -5.3909E-03
  1.8694E-01 -1.0676E+00 -2.0033E-01 -5.4956E-03
  1.8866E-01 -1.0802E+00 -2.0387E-01 -5.6024E-03
  1.9039E-01 -1.0929E+00 -2.0746E-01 -5.7112E-03
  1.9214E-01 -1.1056E+00 -2.1112E-01 -5.8222E-03
  1.9391E-01 -1.1185E+00 -2.1484E-01 -5.9354E-03
  1.9569E-01 -1.1314E+00 -2.1863E-01 -6.0509E-03
  1.9749E-01 -1.1445E+00 -2.2247E-01 -6.1686E-03
  1.9931E-01 -1.1576E+00 -2.2638E-01 -6.2886E-03
  2.0115E-01 -1.1708E+00 -2.3036E-01 -6.4110E-03
  2.0300E-01 -1.1841E+00 -2.3440E-01 -6.5358E-03
  2.0486E-01 -1.1975E+00 -2.3850E-01 -6.6630E-03
  2.0675E-01 -1.2110E+00 -2.4268E-01 -6.7927E-03
  2.0865E-01 -1.2245E+00 -2.4692E-01 -6.9250E-03
  2.1057E-01 -1.2381E+00 -2.5124E-01 -7.0598E-03
  2.1251E-01 -1.2518E+00 -2.5562E-01 -7.1973E-03
  2.1446E-01 -1.2656E+00 -2.6007E-01 -7.3375E-03
  2.1643E-01 -1.2794E+00 -2.6460E-01 -7.4804E-03
  2.1843E-01 -1.2934E+00 -2.6920E-01 -7.6261E-03
  2.2044E-01 -1.3074E+00 -2.7388E-01 -7.7746E-03
  2.2246E-01 -1.3214E+00 -2.7863E-01 -7.9260E-03
  2.2451E-01 -1.3356E+00 -2.8345E-01 -8.0803E-03
  2.2658E-01 -1.3498E+00 -2.8836E-01 -8.2376E-03
  2.2866E-01 -1.3640E+00 -2.9334E-01 -8.3979E-03
  2.3076E-01 -1.3784E+00 -2.9841E-01 -8.5613E-03
  2.3289E-01 -1.3928E+00 -3.0355E-01 -8.7279E-03
  2.3503E-01 -1.4072E+00 -3.0877E-01 -8.8976E-03
  2.3719E-01 -1.4218E+00 -3.1408E-01 -9.0706E-03
  2.3937E-01 -1.4363E+00 -3.1947E-01 -9.2469E-03
  2.4158E-01 -1.4510E+00 -3.2495E-01 -9.4266E-03
  2.4380E-01 -1.4656E+00 -3.3051E-01 -9.6096E-03
  2.4604E-01 -1.4804E+00 -3.3615E-01 -9.7961E-03
  2.4830E-01 -1.4951E+00 -3.4189E-01 -9.9862E-03
  2.5059E-01 -1.5100E+00 -3.4771E-01 -1.0180E-02
  2.5289E-01 -1.5248E+00 -3.5363E-01 -1.0377E-02
  2.5522E-01 -1.5397E+00 -3.5963E-01 -1.0578E-02
  2.5757E-01 -1.5547E+00 -3.6573E-01 -1.0782E-02
  2.5994E-01 -1.5697E+00 -3.7192E-01 -1.0991E-02
  2.6233E-01 -1.5847E+00 -3.7820E-01 -1.1203E-02
  2.6474E-01 -1.5997E+00 -3.8458E-01 -1.1419E-02
  2.6718E-01 -1.6148E+00 -3.9105E-01 -1.1639E-02
  2.6964E-01 -1.6299E+00 -3.9762E-01 -1.1863E-02
  2.7212E-01 -1.6450E+00 -4.0429E-01 -1.2091E-02
  2.7462E-01 -1.6601E+00 -4.1105E-01 -1.2324E-02
  2.7715E-01 -1.6753E+00 -4.1792E-01 -1.2560E-02
  2.7970E-01 -1.6904E+00 -4.2488E-01 -1.2800E-02
  2.8227E-01 -1.7056E+00 -4.3195E-01 -1.3045E-02
  2.8487E-01 -1.7207E+00 -4.3912E-01 -1.3294E-02
  2.8749E-01 -1.7359E+00 -4.4639E-01 -1.3548E-02
  2.9013E-01 -1.7511E+00 -4.5377E-01 -1.3805E-02
  2.9280E-01 -1.7662E+00 -4.6126E-01 -1.4068E-02
  2.9549E-01 -1.7814E+00 -4.6884E-01 -1.4334E-02
  2.9821E-01 -1.7965E+00 -4.7654E-01 -1.4605E-02
  3.0096E-01 -1.8117E+00 -4.8434E-01 -1.4881E-02
  3.0373E-01 -1.8268E+00 -4.9225E-01 -1.5161E-02
  3.0652E-01 -1.8419E+00 -5.0027E-01 -1.5446E-02
  3.0934E-01 -1.8569E+00 -5.0840E-01 -1.5735E-02
  3.1219E-01 -1.8719E+00 -5.1664E-01 -1.6029E-02
  3.1506E-01 -1.8869E+00 -5.2499E-01 -1.6328E-02
  3.1796E-01 -1.9018E+00 -5.3346E-01 -1.6631E-02
  3.2088E-01 -1.9167E+00 -5.4203E-01 -1.6939E-02
  3.2383E-01 -1.9316E+00 -5.5072E-01 -1.7252E-02
  3.2681E-01 -1.9464E+00 -5.5952E-01 -1.7569E-02
  3.2982E-01 -1.9611E+00 -5.6844E-01 -1.7891E-02
  3.3285E-01 -1.9758E+00 -5.7747E-01 -1.8218E-02
  3.3591E-01 -1.9904E+00 -5.8661E-01 -1.8549E-02
  3.3901E-01 -2.0049E+00 -5.9587E-01 -1.8885E-02
  3.4212E-01 -2.0194E+00 -6.0525E-01 -1.9226E-02
  3.4527E-01 -2.0337E+00 -6.1474E-01 -1.9571E-02
  3.4845E-01 -2.0480E+00 -6.2435E-01 -1.9921E-02
  3.5165E-01 -2.0622E+00 -6.3407E-01 -2.0275E-02
  3.5489E-01 -2.0763E+00 -6.4391E-01 -2.0634E-02
  3.5815E-01 -2.0903E+00 -6.5386E-01 -2.0997E-02
  3.6145E-01 -2.1042E+00 -6.6393E-01 -2.1364E-02
  3.6477E-01 -2.1179E+00 -6.7411E-01 -2.1736E-02
  3.6813E-01 -2.1316E+00 -6.8441E-01 -2.2112E-02
  3.7152E-01 -2.1451E+00 -6.9483E-01 -2.2492E-02
  3.7493E-01 -2.1585E+00 -7.0536E-01 -2.2876E-02
  3.7838E-01 -2.1717E+00 -7.1600E-01 -2.3264E-02
  3.8186E-01 -2.1849E+00 -7.2676E-01 -2.3655E-02
  3.8538E-01 -2.1978E+00 -7.3763E-01 -2.4050E-02
  3.8892E-01 -2.2106E+00 -7.4861E-01 -2.4448E-02
  3.9250E-01 -2.2233E+00 -7.5970E-01 -2.4850E-02
  3.9611E-01 -2.2358E+00 -7.7090E-01 -2.5255E-02
  3.9976E-01 -2.2481E+00 -7.8222E-01 -2.5662E-02
  4.0343E-01 -2.2603E+00 -7.9364E-01 -2.6072E-02
  4.0714E-01 -2.2722E+00 -8.0516E-01 -2.6485E-02
  4.1089E-01 -2.2840E+00 -8.1679E-01 -2.6899E-02
  4.1467E-01 -2.2956E+00 -8.2853E-01 -2.7316E-02
  4.1849E-01 -2.3070E+00 -8.4036E-01 -2.7734E-02
  4.2234E-01 -2.3181E+00 -8.5230E-01 -2.8154E-02
  4.2622E-01 -2.3291E+00 -8.6434E-01 -2.8574E-02
  4.3014E-01 -2.3398E+00 -8.7647E-01 -2.8995E-02
  4.3410E-01 -2.3503E+00 -8.8869E-01 -2.9417E-02
  4.3809E-01 -2.3606E+00 -9.0100E-01 -2.9838E-02
  4.4212E-01 -2.3706E+00 -9.1341E-01 -3.0259E-02
  4.4619E-01 -2.3804E+00 -9.2589E-01 -3.0679E-02
  4.5030E-01 -2.3899E+00 -9.3846E-01 -3.1098E-02
  4.5444E-01 -2.3992E+00 -9.5111E-01 -3.1514E-02
  4.5862E-01 -2.4082E+00 -9.6384E-01 -3.1929E-02
  4.6284E-01 -2.4169E+00 -9.7664E-01 -3.2341E-02
  4.6710E-01 -2.4254E+00 -9.8951E-01 -3.2749E-02
  4.7139E-01 -2.4336E+00 -1.0024E+00 -3.3153E-02
  4.7573E-01 -2.4414E+00 -1.0154E+00 -3.3553E-02
  4.8011E-01 -2.4490E+00 -1.0285E+00 -3.3948E-02
  4.8452E-01 -2.4563E+00 -1.0416E+00 -3.4336E-02
  4.8898E-01 -2.4632E+00 -1.0547E+00 -3.4719E-02
  4.9348E-01 -2.4698E+00 -1.0679E+00 -3.5094E-02
  4.9802E-01 -2.4761E+00 -1.0811E+00 -3.5461E-02
  5.0260E-01 -2.4821E+00 -1.0944E+00 -3.5819E-02
  5.0722E-01 -2.4877E+00 -1.1077E+00 -3.6168E-02
  5.1189E-01 -2.4929E+00 -1.1210E+00 -3.6507E-02
  5.1660E-01 -2.4979E+00 -1.1343E+00 -3.6834E-02
  5.2135E-01 -2.5024E+00 -1.1476E+00 -3.7150E-02
  5.2615E-01 -2.5066E+00 -1.1609E+00 -3.7452E-02
  5.3099E-01 -2.5104E+00 -1.1742E+00 -3.7741E-02
  5.3587E-01 -2.5138E+00 -1.1875E+00 -3.8014E-02
  5.4080E-01 -2.5168E+00 -1.2008E+00 -3.8272E-02
  5.4578E-01 -2.5194E+00 -1.2140E+00 -3.8512E-02
  5.5080E-01 -2.5216E+00 -1.2272E+00 -3.8735E-02
  5.5587E-01 -2.5234E+00 -1.2404E+00 -3.8939E-02
  5.6098E-01 -2.5248E+00 -1.2534E+00 -3.9122E-02
  5.6614E-01 -2.5258E+00 -1.2665E+00 -3.9284E-02
  5.7135E-01 -2.5263E+00 -1.2794E+00 -3.9424E-02
  5.7661E-01 -2.5263E+00 -1.2922E+00 -3.9540E-02
  5.8191E-01 -2.5260E+00 -1.3050E+00 -3.9632E-02
  5.8727E-01 -2.5251E+00 -1.3176E+00 -3.9697E-02
  5.9267E-01 -2.5239E+00 -1.3302E+00 -3.9735E-02
  5.9812E-01 -2.5221E+00 -1.3425E+00 -3.9745E-02
  6.0362E-01 -2.5199E+00 -1.3548E+00 -3.9725E-02
  6.0918E-01 -2.5171E+00 -1.3669E+00 -3.9673E-02
  6.1478E-01 -2.5139E+00 -1.3788E+00 -3.9590E-02
  6.2044E-01 -2.5102E+00 -1.3905E+00 -3.9473E-02
  6.2614E-01 -2.5060E+00 -1.4021E+00 -3.9322E-02
  6.3190E-01 -2.5013E+00 -1.4134E+00 -3.9134E-02
  6.3772E-01 -2.4961E+00 -1.4245E+00 -3.8910E-02
  6.4358E-01 -2.4903E+00 -1.4353E+00 -3.8646E-02
  6.4951E-01 -2.4841E+00 -1.4459E+00 -3.8343E-02
  6.5548E-01 -2.4772E+00 -1.4563E+00 -3.8000E-02
  6.6151E-01 -2.4699E+00 -1.4663E+00 -3.7614E-02
  6.6760E-01 -2.4620E+00 -1.4761E+00 -3.7185E-02
  6.7374E-01 -2.4535E+00 -1.4855E+00 -3.6712E-02
  6.7994E-01 -2.4445E+00 -1.4946E+00 -3.6194E-02
  6.8619E-01 -2.4349E+00 -1.5033E+00 -3.5630E-02
  6.9250E-01 -2.4247E+00 -1.5116E+00 -3.5018E-02
  6.9888E-01 -2.4140E+00 -1.5196E+00 -3.4359E-02
  7.0530E-01 -2.4027E+00 -1.5271E+00 -3.3651E-02
  7.1179E-01 -2.3907E+00 -1.5343E+00 -3.2894E-02
  7.1834E-01 -2.3782E+00 -1.5409E+00 -3.2087E-02
  7.2495E-01 -2.3651E+00 -1.5471E+00 -3.1230E-02
  7.3162E-01 -2.3514E+00 -1.5528E+00 -3.0321E-02
  7.3835E-01 -2.3370E+00 -1.5580E+00 -2.9362E-02
  7.4514E-01 -2.3221E+00 -1.5627E+00 -2.8352E-02
  7.5200E-01 -2.3065E+00 -1.5668E+00 -2.7291E-02
  7.5892E-01 -2.2902E+00 -1.5703E+00 -2.6179E-02
  7.6590E-01 -2.2734E+00 -1.5733E+00 -2.5016E-02
  7.7294E-01 -2.2559E+00 -1.5756E+00 -2.3803E-02
  7.8005E-01 -2.2377E+00 -1.5773E+00 -2.2540E-02
  7.8723E-01 -2.2189E+00 -1.5783E+00 -2.1229E-02
  7.9447E-01 -2.1995E+00 -1.5787E+00 -1.9870E-02
  8.0178E-01 -2.1794E+00 -1.5783E+00 -1.8465E-02
  8.0916E-01 -2.1586E+00 -1.5772E+00 -1.7015E-02
  8.1660E-01 -2.1371E+00 -1.5753E+00 -1.5522E-02
  8.2412E-01 -2.1150E+00 -1.5727E+00 -1.3987E-02
  8.3170E-01 -2.0922E+00 -1.5693E+00 -1.2413E-02
  8.3935E-01 -2.0687E+00 -1.5650E+00 -1.0801E-02
  8.4707E-01 -2.0445E+00 -1.5599E+00 -9.1559E-03
  8.5486E-01 -2.0196E+00 -1.5539E+00 -7.4788E-03
  8.6273E-01 -1.9940E+00 -1.5471E+00 -5.7733E-03
  8.7066E-01 -1.9677E+00 -1.5393E+00 -4.0427E-03
  8.7867E-01 -1.9408E+00 -1.5306E+00 -2.2907E-03
  8.8676E-01 -1.9131E+00 -1.5209E+00 -5.2121E-04
  8.9492E-01 -1.8847E+00 -1.5103E+00  1.2617E-03
  9.0315E-01 -1.8555E+00 -1.4986E+00  3.0534E-03
  9.1146E-01 -1.8257E+00 -1.4860E+00  4.8494E-03
  9.1984E-01 -1.7951E+00 -1.4722E+00  6.6446E-03
  9.2830E-01 -1.7638E+00 -1.4575E+00  8.4338E-03
  9.3684E-01 -1.7318E+00 -1.4416E+00  1.0212E-02
  9.4546E-01 -1.6991E+00 -1.4246E+00  1.1972E-02
  9.5416E-01 -1.6656E+00 -1.4066E+00  1.3710E-02
  9.6294E-01 -1.6313E+00 -1.3873E+00  1.5418E-02
  9.7180E-01 -1.5964E+00 -1.3670E+00  1.7090E-02
  9.8074E-01 -1.5607E+00 -1.3454E+00  1.8721E-02
  9.8976E-01 -1.5242E+00 -1.3227E+00  2.0302E-02
  9.9887E-01 -1.4870E+00 -1.2988E+00  2.1828E-02
  1.0081E+00 -1.4491E+00 -1.2737E+00  2.3291E-02
  1.0173E+00 -1.4104E+00 -1.2474E+00  2.4684E-02
  1.0267E+00 -1.3710E+00 -1.2198E+00  2.6000E-02
  1.0361E+00 -1.3308E+00 -1.1911E+00  2.7233E-02
  1.0457E+00 -1.2899E+00 -1.1610E+00  2.8375E-02
  1.0553E+00 -1.2482E+00 -1.1298E+00  2.9419E-02
  1.0650E+00 -1.2057E+00 -1.0973E+00  3.0359E-02
  1.0748E+00 -1.1626E+00 -1.0635E+00  3.1187E-02
  1.0847E+00 -1.1186E+00 -1.0285E+00  3.1899E-02
  1.0947E+00 -1.0739E+00 -9.9225E-01  3.2486E-02
  1.1047E+00 -1.0285E+00 -9.5475E-01  3.2945E-02
  1.1149E+00 -9.8229E-01 -9.1601E-01  3.3270E-02
  1.1251E+00 -9.3535E-01 -8.7603E-01  3.3456E-02
  1.1355E+00 -8.8766E-01 -8.3484E-01  3.3500E-02
  1.1459E+00 -8.3923E-01 -7.9242E-01  3.3398E-02
  1.1565E+00 -7.9006E-01 -7.4881E-01  3.3149E-02
  1.1671E+00 -7.4014E-01 -7.0401E-01  3.2750E-02
  1.1779E+00 -6.8950E-01 -6.5804E-01  3.2203E-02
  1.1887E+00 -6.3811E-01 -6.1092E-01  3.1507E-02
  1.1996E+00 -5.8600E-01 -5.6266E-01  3.0665E-02
  1.2107E+00 -5.3316E-01 -5.1329E-01  2.9681E-02
  1.2218E+00 -4.7960E-01 -4.6283E-01  2.8559E-02
  1.2331E+00 -4.2533E-01 -4.1131E-01  2.7308E-02
  1.2444E+00 -3.7035E-01 -3.5874E-01  2.5934E-02
  1.2558E+00 -3.1466E-01 -3.0517E-01  2.4450E-02
  1.2674E+00 -2.5828E-01 -2.5060E-01  2.2867E-02
  1.2791E+00 -2.0120E-01 -1.9509E-01  2.1199E-02
  1.2908E+00 -1.4344E-01 -1.3865E-01  1.9463E-02
  1.3027E+00 -8.5014E-02 -8.1320E-02  1.7677E-02
  1.3147E+00 -2.5917E-02 -2.3127E-02  1.5861E-02
  1.3268E+00  3.3834E-02  3.5895E-02  1.4037E-02
  1.3390E+00  9.4231E-02  9.5713E-02  1.2230E-02
  1.3513E+00  1.5526E-01  1.5630E-01  1.0463E-02
  1.3637E+00  2.1692E-01  2.1761E-01  8.7621E-03
  1.3763E+00  2.7918E-01  2.7963E-01  7.1543E-03
  1.3889E+00  3.4204E-01  3.4232E-01  5.6648E-03
  1.4017E+00  4.0549E-01  4.0565E-01  4.3183E-03
  1.4146E+00  4.6950E-01  4.6959E-01  3.1366E-03
  1.4276E+00  5.3407E-01  5.3411E-01  2.1382E-03
  1.4408E+00  5.9917E-01  5.9919E-01  1.3355E-03
  1.4540E+00  6.6480E-01  6.6480E-01  7.3356E-04
  1.4674E+00  7.3092E-01  7.3092E-01  3.2694E-04
  1.4809E+00  7.9752E-01  7.9752E-01  9.6793E-05
  1.4945E+00  8.6458E-01  8.6458E-01  7.1456E-06
  1.5083E+00  9.3208E-01  9.3208E-01  5.4324E-07
  1.5221E+00  1.0000E+00  1.0000E+00  5.6703E-07
  1.5361E+00  1.0683E+00  1.0683E+00  4.8475E-07
  1.5503E+00  1.1370E+00  1.1370E+00  4.0859E-07
  1.5645E+00  1.2060E+00  1.2060E+00  3.3811E-07
  1.5789E+00  1.2753E+00  1.2753E+00  2.7290E-07
  1.5935E+00  1.3449E+00  1.3449E+00  2.1259E-07
  1.6081E+00  1.4148E+00  1.4148E+00  1.5683E-07
  1.6229E+00  1.4849E+00  1.4849E+00  1.0531E-07
  1.6378E+00  1.5551E+00  1.5551E+00  5.7717E-08
  1.6529E+00  1.6256E+00  1.6256E+00  1.3794E-08
  1.6681E+00  1.6961E+00  1.6961E+00 -2.6712E-08
  1.6835E+00  1.7667E+00  1.7667E+00 -6.4033E-08
  1.6990E+00  1.8373E+00  1.8373E+00 -9.8379E-08
  1.7146E+00  1.9080E+00  1.9080E+00 -1.2995E-07
  1.7304E+00  1.9786E+00  1.9786E+00 -1.5892E-07
  1.7463E+00  2.0491E+00  2.0491E+00 -1.8546E-07
  1.7623E+00  2.1195E+00  2.1195E+00 -2.0973E-07
  1.7786E+00  2.1896E+00  2.1896E+00 -2.3187E-07
  1.7949E+00  2.2596E+00  2.2596E+00 -2.5201E-07
  1.8114E+00  2.3292E+00  2.3292E+00 -2.7027E-07
  1.8281E+00  2.3985E+00  2.3985E+00 -2.8676E-07
  1.8449E+00  2.4674E+00  2.4674E+00 -3.0160E-07
  1.8619E+00  2.5359E+00  2.5359E+00 -3.1488E-07
  1.8790E+00  2.6038E+00  2.6038E+00 -3.2668E-07
  1.8963E+00  2.6712E+00  2.6712E+00 -3.3710E-07
  1.9137E+00  2.7379E+00  2.7379E+00 -3.4622E-07
  1.9313E+00  2.8038E+00  2.8038E+00 -3.5410E-07
  1.9491E+00  2.8690E+00  2.8690E+00 -3.6083E-07
  1.9670E+00  2.9334E+00  2.9334E+00 -3.6645E-07
  1.9851E+00  2.9968E+00  2.9968E+00 -3.7104E-07
  2.0034E+00  3.0592E+00  3.0592E+00 -3.7465E-07
  2.0218E+00  3.1205E+00  3.1205E+00 -3.7733E-07
  2.0404E+00  3.1807E+00  3.1807E+00 -3.7914E-07
  2.0592E+00  3.2396E+00  3.2396E+00 -3.8012E-07
  2.0782E+00  3.2972E+00  3.2972E+00 -3.8032E-07
  2.0973E+00  3.3534E+00  3.3534E+00 -3.7979E-07
  2.1166E+00  3.4081E+00  3.4081E+00 -3.7856E-07
  2.1360E+00  3.4611E+00  3.4611E+00 -3.7667E-07
  2.1557E+00  3.5125E+00  3.5125E+00 -3.7416E-07
  2.1755E+00  3.5621E+00  3.5621E+00 -3.7107E-07
  2.1955E+00  3.6098E+00  3.6098E+00 -3.6743E-07
  2.2157E+00  3.6556E+00  3.6556E+00 -3.6328E-07
  2.2361E+00  3.6992E+00  3.6992E+00 -3.5864E-07
  2.2567E+00  3.7407E+00  3.7407E+00 -3.5354E-07
  2.2774E+00  3.7798E+00  3.7798E+00 -3.4802E-07
  2.2984E+00  3.8166E+00  3.8166E+00 -3.4210E-07
  2.3195E+00  3.8508E+00  3.8508E+00 -3.3581E-07
  2.3409E+00  3.8825E+00  3.8825E+00 -3.2918E-07
  2.3624E+00  3.9114E+00  3.9114E+00 -3.2223E-07
  2.3842E+00  3.9375E+00  3.9375E+00 -3.1499E-07
