  0.0000000E+00  0.0000000E+00  0.0000000E+00
  2.8818375E-08 -1.4126604E-07 -5.0654212E-08
  5.7885899E-08 -2.8375338E-07 -1.0174636E-07
  8.7204727E-08 -4.2747257E-07 -1.5328022E-07
  1.1677703E-07 -5.7243428E-07 -2.0525962E-07
  1.4660500E-07 -7.1864924E-07 -2.5768840E-07
  1.7669085E-07 -8.6612829E-07 -3.1057046E-07
  2.0703681E-07 -1.0148823E-06 -3.6390972E-07
  2.3764513E-07 -1.1649224E-06 -4.1771012E-07
  2.6851806E-07 -1.3162597E-06 -4.7197565E-07
  2.9965791E-07 -1.4689053E-06 -5.2671033E-07
  3.3106699E-07 -1.6228706E-06 -5.8191822E-07
  3.6274760E-07 -1.7781670E-06 -6.3760342E-07
  3.9470212E-07 -1.9348060E-06 -6.9377004E-07
  4.2693289E-07 -2.0927992E-06 -7.5042225E-07
  4.5944232E-07 -2.2521583E-06 -8.0756424E-07
  4.9223281E-07 -2.4128951E-06 -8.6520026E-07
  5.2530679E-07 -2.5750216E-06 -9.2333458E-07
  5.5866671E-07 -2.7385497E-06 -9.8197149E-07
  5.9231505E-07 -2.9034916E-06 -1.0411153E-06
  6.2625429E-07 -3.0698594E-06 -1.1007705E-06
  6.6048695E-07 -3.2376656E-06 -1.1609415E-06
  6.9501558E-07 -3.4069225E-06 -1.2216326E-06
  7.2984272E-07 -3.5776427E-06 -1.2828485E-06
  7.6497096E-07 -3.7498388E-06 -1.3445936E-06
  8.0040290E-07 -3.9235237E-06 -1.4068725E-06
  8.3614116E-07 -4.0987101E-06 -1.4696898E-06
  8.7218841E-07 -4.2754111E-06 -1.5330503E-06
  9.0854730E-07 -4.4536397E-06 -1.5969585E-06
  9.4522053E-07 -4.6334091E-06 -1.6614192E-06
  9.8221082E-07 -4.8147328E-06 -1.7264372E-06
  1.0195209E-06 -4.9976240E-06 -1.7920174E-06
  1.0571536E-06 -5.1820964E-06 -1.8581645E-06
  1.0951116E-06 -5.3681637E-06 -1.9248835E-06
  1.1333978E-06 -5.5558395E-06 -1.9921793E-06
  1.1720149E-06 -5.7451379E-06 -2.0600570E-06
  1.2109660E-06 -5.9360729E-06 -2.1285214E-06
  1.2502538E-06 -6.1286585E-06 -2.1975778E-06
  1.2898812E-06 -6.3229091E-06 -2.2672312E-06
  1.3298513E-06 -6.5188391E-06 -2.3374868E-06
  1.3701669E-06 -6.7164629E-06 -2.4083498E-06
  1.4108311E-06 -6.9157953E-06 -2.4798254E-06
  1.4518468E-06 -7.1168510E-06 -2.5519190E-06
  1.4932171E-06 -7.3196449E-06 -2.6246358E-06
  1.5349451E-06 -7.5241920E-06 -2.6979814E-06
  1.5770339E-06 -7.7305075E-06 -2.7719610E-06
  1.6194865E-06 -7.9386067E-06 -2.8465802E-06
  1.6623062E-06 -8.1485049E-06 -2.9218446E-06
  1.7054961E-06 -8.3602178E-06 -2.9977596E-06
  1.7490593E-06 -8.5737610E-06 -3.0743310E-06
  1.7929992E-06 -8.7891504E-06 -3.1515644E-06
  1.8373190E-06 -9.0064019E-06 -3.2294655E-06
  1.8820219E-06 -9.2255316E-06 -3.3080401E-06
  1.9271114E-06 -9.4465557E-06 -3.3872940E-06
  1.9725906E-06 -9.6694907E-06 -3.4672331E-06
  2.0184630E-06 -9.8943530E-06 -3.5478633E-06
  2.0647321E-06 -1.0121159E-05 -3.6291906E-06
  2.1114011E-06 -1.0349927E-05 -3.7112211E-06
  2.1584736E-06 -1.0580671E-05 -3.7939607E-06
  2.2059531E-06 -1.0813411E-05 -3.8774156E-06
  2.2538431E-06 -1.1048163E-05 -3.9615921E-06
  2.3021471E-06 -1.1284945E-05 -4.0464963E-06
  2.3508687E-06 -1.1523773E-05 -4.1321346E-06
  2.4000115E-06 -1.1764666E-05 -4.2185132E-06
  2.4495792E-06 -1.2007642E-05 -4.3056386E-06
  2.4995755E-06 -1.2252718E-05 -4.3935173E-06
  2.5500040E-06 -1.2499914E-05 -4.4821557E-06
  2.6008684E-06 -1.2749246E-05 -4.5715604E-06
  2.6521726E-06 -1.3000734E-05 -4.6617381E-06
  2.7039204E-06 -1.3254396E-05 -4.7526955E-06
  2.7561156E-06 -1.3510251E-05 -4.8444392E-06
  2.8087620E-06 -1.3768317E-05 -4.9369760E-06
  2.8618635E-06 -1.4028615E-05 -5.0303129E-06
  2.9154242E-06 -1.4291164E-05 -5.1244568E-06
  2.9694479E-06 -1.4555982E-05 -5.2194145E-06
  3.0239387E-06 -1.4823090E-05 -5.3151933E-06
  3.0789005E-06 -1.5092506E-05 -5.4118000E-06
  3.1343376E-06 -1.5364252E-05 -5.5092420E-06
  3.1902539E-06 -1.5638348E-05 -5.6075265E-06
  3.2466537E-06 -1.5914813E-05 -5.7066606E-06
  3.3035410E-06 -1.6193668E-05 -5.8066518E-06
  3.3609202E-06 -1.6474934E-05 -5.9075075E-06
  3.4187955E-06 -1.6758631E-05 -6.0092352E-06
  3.4771711E-06 -1.7044781E-05 -6.1118423E-06
  3.5360514E-06 -1.7333405E-05 -6.2153365E-06
  3.5954407E-06 -1.7624524E-05 -6.3197255E-06
  3.6553435E-06 -1.7918160E-05 -6.4250170E-06
  3.7157642E-06 -1.8214335E-05 -6.5312188E-06
  3.7767073E-06 -1.8513070E-05 -6.6383387E-06
  3.8381772E-06 -1.8814388E-05 -6.7463848E-06
  3.9001786E-06 -1.9118311E-05 -6.8553649E-06
  3.9627160E-06 -1.9424861E-05 -6.9652873E-06
  4.0257941E-06 -1.9734061E-05 -7.0761600E-06
  4.0894175E-06 -2.0045935E-05 -7.1879912E-06
  4.1535910E-06 -2.0360505E-05 -7.3007893E-06
  4.2183193E-06 -2.0677794E-05 -7.4145626E-06
  4.2836072E-06 -2.0997826E-05 -7.5293195E-06
  4.3494596E-06 -2.1320625E-05 -7.6450685E-06
  4.4158813E-06 -2.1646215E-05 -7.7618183E-06
  4.4828772E-06 -2.1974620E-05 -7.8795774E-06
  4.5504523E-06 -2.2305863E-05 -7.9983546E-06
  4.6186117E-06 -2.2639971E-05 -8.1181587E-06
  4.6873603E-06 -2.2976967E-05 -8.2389985E-06
  4.7567033E-06 -2.3316876E-05 -8.3608831E-06
  4.8266459E-06 -2.3659724E-05 -8.4838214E-06
  4.8971931E-06 -2.4005536E-05 -8.6078226E-06
  4.9683502E-06 -2.4354337E-05 -8.7328959E-06
  5.0401225E-06 -2.4706154E-05 -8.8590504E-06
  5.1125153E-06 -2.5061013E-05 -8.9862957E-06
  5.1855340E-06 -2.5418939E-05 -9.1146410E-06
  5.2591840E-06 -2.5779960E-05 -9.2440960E-06
  5.3334707E-06 -2.6144102E-05 -9.3746701E-06
  5.4083996E-06 -2.6511392E-05 -9.5063732E-06
  5.4839764E-06 -2.6881857E-05 -9.6392149E-06
  5.5602066E-06 -2.7255525E-05 -9.7732050E-06
  5.6370958E-06 -2.7632423E-05 -9.9083536E-06
  5.7146497E-06 -2.8012580E-05 -1.0044671E-05
  5.7928742E-06 -2.8396023E-05 -1.0182166E-05
  5.8717749E-06 -2.8782781E-05 -1.0320850E-05
  5.9513578E-06 -2.9172883E-05 -1.0460734E-05
  6.0316287E-06 -2.9566357E-05 -1.0601826E-05
  6.1125936E-06 -2.9963233E-05 -1.0744139E-05
  6.1942585E-06 -3.0363541E-05 -1.0887681E-05
  6.2766294E-06 -3.0767308E-05 -1.1032465E-05
  6.3597124E-06 -3.1174567E-05 -1.1178501E-05
  6.4435138E-06 -3.1585346E-05 -1.1325799E-05
  6.5280396E-06 -3.1999677E-05 -1.1474370E-05
  6.6132963E-06 -3.2417589E-05 -1.1624226E-05
  6.6992900E-06 -3.2839115E-05 -1.1775378E-05
  6.7860272E-06 -3.3264284E-05 -1.1927836E-05
  6.8735142E-06 -3.3693129E-05 -1.2081613E-05
  6.9617576E-06 -3.4125682E-05 -1.2236719E-05
  7.0507640E-06 -3.4561974E-05 -1.2393166E-05
  7.1405398E-06 -3.5002038E-05 -1.2550965E-05
  7.2310918E-06 -3.5445907E-05 -1.2710129E-05
  7.3224267E-06 -3.5893612E-05 -1.2870669E-05
  7.4145512E-06 -3.6345189E-05 -1.3032597E-05
  7.5074722E-06 -3.6800669E-05 -1.3195924E-05
  7.6011965E-06 -3.7260087E-05 -1.3360664E-05
  7.6957311E-06 -3.7723476E-05 -1.3526828E-05
  7.7910830E-06 -3.8190872E-05 -1.3694429E-05
  7.8872593E-06 -3.8662308E-05 -1.3863478E-05
  7.9842671E-06 -3.9137820E-05 -1.4033989E-05
  8.0821135E-06 -3.9617443E-05 -1.4205974E-05
  8.1808059E-06 -4.0101212E-05 -1.4379447E-05
  8.2803515E-06 -4.0589164E-05 -1.4554418E-05
  8.3807578E-06 -4.1081334E-05 -1.4730903E-05
  8.4820321E-06 -4.1577758E-05 -1.4908914E-05
  8.5841820E-06 -4.2078475E-05 -1.5088463E-05
  8.6872150E-06 -4.2583520E-05 -1.5269565E-05
  8.7911388E-06 -4.3092931E-05 -1.5452232E-05
  8.8959611E-06 -4.3606747E-05 -1.5636479E-05
  9.0016896E-06 -4.4125004E-05 -1.5822318E-05
  9.1083322E-06 -4.4647741E-05 -1.6009765E-05
  9.2158968E-06 -4.5174998E-05 -1.6198831E-05
  9.3243913E-06 -4.5706813E-05 -1.6389533E-05
  9.4338238E-06 -4.6243226E-05 -1.6581883E-05
  9.5442024E-06 -4.6784275E-05 -1.6775896E-05
  9.6555353E-06 -4.7330003E-05 -1.6971586E-05
  9.7678308E-06 -4.7880448E-05 -1.7168969E-05
  9.8810970E-06 -4.8435652E-05 -1.7368057E-05
  9.9953426E-06 -4.8995655E-05 -1.7568867E-05
  1.0110576E-05 -4.9560500E-05 -1.7771414E-05
  1.0226805E-05 -5.0130228E-05 -1.7975711E-05
  1.0344040E-05 -5.0704881E-05 -1.8181774E-05
  1.0462288E-05 -5.1284502E-05 -1.8389619E-05
  1.0581558E-05 -5.1869134E-05 -1.8599261E-05
  1.0701859E-05 -5.2458820E-05 -1.8810715E-05
  1.0823201E-05 -5.3053604E-05 -1.9023998E-05
  1.0945591E-05 -5.3653530E-05 -1.9239124E-05
  1.1069040E-05 -5.4258643E-05 -1.9456111E-05
  1.1193556E-05 -5.4868986E-05 -1.9674973E-05
  1.1319148E-05 -5.5484606E-05 -1.9895727E-05
  1.1445826E-05 -5.6105548E-05 -2.0118390E-05
  1.1573600E-05 -5.6731858E-05 -2.0342978E-05
  1.1702478E-05 -5.7363583E-05 -2.0569508E-05
  1.1832470E-05 -5.8000768E-05 -2.0797996E-05
  1.1963586E-05 -5.8643463E-05 -2.1028460E-05
  1.2095836E-05 -5.9291713E-05 -2.1260916E-05
  1.2229229E-05 -5.9945567E-05 -2.1495381E-05
  1.2363775E-05 -6.0605075E-05 -2.1731874E-05
  1.2499485E-05 -6.1270283E-05 -2.1970412E-05
  1.2636368E-05 -6.1941242E-05 -2.2211011E-05
  1.2774434E-05 -6.2618002E-05 -2.2453691E-05
  1.2913694E-05 -6.3300612E-05 -2.2698469E-05
  1.3054158E-05 -6.3989123E-05 -2.2945363E-05
  1.3195836E-05 -6.4683587E-05 -2.3194392E-05
  1.3338739E-05 -6.5384054E-05 -2.3445573E-05
  1.3482878E-05 -6.6090576E-05 -2.3698926E-05
  1.3628262E-05 -6.6803207E-05 -2.3954470E-05
  1.3774904E-05 -6.7521998E-05 -2.4212223E-05
  1.3922813E-05 -6.8247003E-05 -2.4472204E-05
  1.4072002E-05 -6.8978275E-05 -2.4734433E-05
  1.4222480E-05 -6.9715870E-05 -2.4998929E-05
  1.4374259E-05 -7.0459841E-05 -2.5265712E-05
  1.4527350E-05 -7.1210243E-05 -2.5534801E-05
  1.4681765E-05 -7.1967133E-05 -2.5806217E-05
  1.4837514E-05 -7.2730565E-05 -2.6079979E-05
  1.4994611E-05 -7.3500598E-05 -2.6356108E-05
  1.5153065E-05 -7.4277287E-05 -2.6634624E-05
  1.5312890E-05 -7.5060691E-05 -2.6915549E-05
  1.5474096E-05 -7.5850868E-05 -2.7198901E-05
  1.5636696E-05 -7.6647875E-05 -2.7484704E-05
  1.5800701E-05 -7.7451772E-05 -2.7772978E-05
  1.5966125E-05 -7.8262619E-05 -2.8063743E-05
  1.6132978E-05 -7.9080475E-05 -2.8357023E-05
  1.6301275E-05 -7.9905402E-05 -2.8652838E-05
  1.6471026E-05 -8.0737460E-05 -2.8951211E-05
  1.6642245E-05 -8.1576712E-05 -2.9252163E-05
  1.6814944E-05 -8.2423218E-05 -2.9555717E-05
  1.6989136E-05 -8.3277042E-05 -2.9861896E-05
  1.7164834E-05 -8.4138248E-05 -3.0170722E-05
  1.7342051E-05 -8.5006898E-05 -3.0482217E-05
  1.7520801E-05 -8.5883058E-05 -3.0796406E-05
  1.7701095E-05 -8.6766792E-05 -3.1113311E-05
  1.7882949E-05 -8.7658165E-05 -3.1432955E-05
  1.8066374E-05 -8.8557245E-05 -3.1755364E-05
  1.8251386E-05 -8.9464097E-05 -3.2080559E-05
  1.8437997E-05 -9.0378788E-05 -3.2408566E-05
  1.8626221E-05 -9.1301386E-05 -3.2739409E-05
  1.8816073E-05 -9.2231961E-05 -3.3073112E-05
  1.9007566E-05 -9.3170580E-05 -3.3409701E-05
  1.9200714E-05 -9.4117313E-05 -3.3749199E-05
  1.9395533E-05 -9.5072230E-05 -3.4091632E-05
  1.9592035E-05 -9.6035402E-05 -3.4437026E-05
  1.9790237E-05 -9.7006901E-05 -3.4785406E-05
  1.9990152E-05 -9.7986798E-05 -3.5136798E-05
  2.0191795E-05 -9.8975166E-05 -3.5491228E-05
  2.0395182E-05 -9.9972078E-05 -3.5848722E-05
  2.0600327E-05 -1.0097761E-04 -3.6209306E-05
  2.0807246E-05 -1.0199183E-04 -3.6573009E-05
  2.1015954E-05 -1.0301482E-04 -3.6939855E-05
  2.1226466E-05 -1.0404665E-04 -3.7309873E-05
  2.1438798E-05 -1.0508741E-04 -3.7683091E-05
  2.1652966E-05 -1.0613716E-04 -3.8059534E-05
  2.1868985E-05 -1.0719598E-04 -3.8439233E-05
  2.2086872E-05 -1.0826396E-04 -3.8822214E-05
  2.2306643E-05 -1.0934117E-04 -3.9208506E-05
  2.2528313E-05 -1.1042770E-04 -3.9598138E-05
  2.2751901E-05 -1.1152361E-04 -3.9991138E-05
  2.2977421E-05 -1.1262900E-04 -4.0387536E-05
  2.3204891E-05 -1.1374395E-04 -4.0787362E-05
  2.3434327E-05 -1.1486853E-04 -4.1190643E-05
  2.3665748E-05 -1.1600283E-04 -4.1597412E-05
  2.3899168E-05 -1.1714695E-04 -4.2007697E-05
  2.4134607E-05 -1.1830095E-04 -4.2421529E-05
  2.4372082E-05 -1.1946492E-04 -4.2838939E-05
  2.4611609E-05 -1.2063896E-04 -4.3259958E-05
  2.4853208E-05 -1.2182315E-04 -4.3684617E-05
  2.5096895E-05 -1.2301757E-04 -4.4112947E-05
  2.5342689E-05 -1.2422232E-04 -4.4544980E-05
  2.5590608E-05 -1.2543749E-04 -4.4980749E-05
  2.5840670E-05 -1.2666316E-04 -4.5420284E-05
  2.6092894E-05 -1.2789942E-04 -4.5863620E-05
  2.6347299E-05 -1.2914637E-04 -4.6310789E-05
  2.6603903E-05 -1.3040410E-04 -4.6761824E-05
  2.6862726E-05 -1.3167271E-04 -4.7216758E-05
  2.7123786E-05 -1.3295228E-04 -4.7675625E-05
  2.7387104E-05 -1.3424291E-04 -4.8138460E-05
  2.7652698E-05 -1.3554469E-04 -4.8605295E-05
  2.7920588E-05 -1.3685773E-04 -4.9076167E-05
  2.8190794E-05 -1.3818213E-04 -4.9551110E-05
  2.8463336E-05 -1.3951797E-04 -5.0030159E-05
  2.8738235E-05 -1.4086535E-04 -5.0513350E-05
  2.9015510E-05 -1.4222439E-04 -5.1000718E-05
  2.9295182E-05 -1.4359517E-04 -5.1492299E-05
  2.9577272E-05 -1.4497780E-04 -5.1988131E-05
  2.9861801E-05 -1.4637239E-04 -5.2488249E-05
  3.0148790E-05 -1.4777903E-04 -5.2992691E-05
  3.0438260E-05 -1.4919783E-04 -5.3501494E-05
  3.0730233E-05 -1.5062889E-04 -5.4014696E-05
  3.1024730E-05 -1.5207233E-04 -5.4532335E-05
  3.1321773E-05 -1.5352824E-04 -5.5054449E-05
  3.1621384E-05 -1.5499674E-04 -5.5581077E-05
  3.1923586E-05 -1.5647793E-04 -5.6112259E-05
  3.2228400E-05 -1.5797192E-04 -5.6648032E-05
  3.2535849E-05 -1.5947883E-04 -5.7188438E-05
  3.2845957E-05 -1.6099877E-04 -5.7733515E-05
  3.3158745E-05 -1.6253185E-04 -5.8283305E-05
  3.3474238E-05 -1.6407817E-04 -5.8837848E-05
  3.3792458E-05 -1.6563787E-04 -5.9397186E-05
  3.4113430E-05 -1.6721105E-04 -5.9961359E-05
  3.4437176E-05 -1.6879782E-04 -6.0530410E-05
  3.4763722E-05 -1.7039831E-04 -6.1104381E-05
  3.5093090E-05 -1.7201264E-04 -6.1683314E-05
  3.5425306E-05 -1.7364092E-04 -6.2267252E-05
  3.5760395E-05 -1.7528328E-04 -6.2856238E-05
  3.6098380E-05 -1.7693983E-04 -6.3450317E-05
  3.6439287E-05 -1.7861071E-04 -6.4049532E-05
  3.6783142E-05 -1.8029603E-04 -6.4653927E-05
  3.7129969E-05 -1.8199591E-04 -6.5263547E-05
  3.7479795E-05 -1.8371049E-04 -6.5878438E-05
  3.7832646E-05 -1.8543989E-04 -6.6498645E-05
  3.8188547E-05 -1.8718424E-04 -6.7124214E-05
  3.8547525E-05 -1.8894367E-04 -6.7755192E-05
  3.8909606E-05 -1.9071830E-04 -6.8391624E-05
  3.9274818E-05 -1.9250828E-04 -6.9033559E-05
  3.9643187E-05 -1.9431373E-04 -6.9681044E-05
  4.0014741E-05 -1.9613479E-04 -7.0334127E-05
  4.0389508E-05 -1.9797158E-04 -7.0992855E-05
  4.0767514E-05 -1.9982426E-04 -7.1657279E-05
  4.1148789E-05 -2.0169295E-04 -7.2327447E-05
  4.1533359E-05 -2.0357779E-04 -7.3003409E-05
  4.1921255E-05 -2.0547892E-04 -7.3685215E-05
  4.2312504E-05 -2.0739649E-04 -7.4372916E-05
  4.2707136E-05 -2.0933063E-04 -7.5066562E-05
  4.3105179E-05 -2.1128149E-04 -7.5766205E-05
  4.3506664E-05 -2.1324922E-04 -7.6471897E-05
  4.3911620E-05 -2.1523395E-04 -7.7183690E-05
  4.4320076E-05 -2.1723584E-04 -7.7901637E-05
  4.4732065E-05 -2.1925504E-04 -7.8625791E-05
  4.5147615E-05 -2.2129168E-04 -7.9356205E-05
  4.5566757E-05 -2.2334594E-04 -8.0092934E-05
  4.5989524E-05 -2.2541795E-04 -8.0836033E-05
  4.6415945E-05 -2.2750786E-04 -8.1585556E-05
  4.6846053E-05 -2.2961585E-04 -8.2341559E-05
  4.7279879E-05 -2.3174205E-04 -8.3104099E-05
  4.7717457E-05 -2.3388664E-04 -8.3873230E-05
  4.8158817E-05 -2.3604976E-04 -8.4649012E-05
  4.8603993E-05 -2.3823158E-04 -8.5431500E-05
  4.9053018E-05 -2.4043225E-04 -8.6220753E-05
  4.9505924E-05 -2.4265195E-04 -8.7016830E-05
  4.9962747E-05 -2.4489084E-04 -8.7819789E-05
  5.0423519E-05 -2.4714908E-04 -8.8629691E-05
  5.0888274E-05 -2.4942684E-04 -8.9446594E-05
  5.1357048E-05 -2.5172428E-04 -9.0270560E-05
  5.1829874E-05 -2.5404159E-04 -9.1101649E-05
  5.2306789E-05 -2.5637892E-04 -9.1939924E-05
  5.2787826E-05 -2.5873646E-04 -9.2785446E-05
  5.3273022E-05 -2.6111437E-04 -9.3638278E-05
  5.3762413E-05 -2.6351284E-04 -9.4498483E-05
  5.4256035E-05 -2.6593204E-04 -9.5366125E-05
  5.4753925E-05 -2.6837215E-04 -9.6241268E-05
  5.5256119E-05 -2.7083336E-04 -9.7123977E-05
  5.5762655E-05 -2.7331583E-04 -9.8014318E-05
  5.6273570E-05 -2.7581976E-04 -9.8912356E-05
  5.6788902E-05 -2.7834534E-04 -9.9818158E-05
  5.7308689E-05 -2.8089275E-04 -1.0073179E-04
  5.7832971E-05 -2.8346217E-04 -1.0165332E-04
  5.8361785E-05 -2.8605380E-04 -1.0258282E-04
  5.8895171E-05 -2.8866784E-04 -1.0352036E-04
  5.9433168E-05 -2.9130446E-04 -1.0446600E-04
  5.9975817E-05 -2.9396388E-04 -1.0541982E-04
  6.0523157E-05 -2.9664628E-04 -1.0638188E-04
  6.1075229E-05 -2.9935187E-04 -1.0735226E-04
  6.1632074E-05 -3.0208084E-04 -1.0833103E-04
  6.2193733E-05 -3.0483341E-04 -1.0931826E-04
  6.2760248E-05 -3.0760976E-04 -1.1031403E-04
  6.3331661E-05 -3.1041011E-04 -1.1131840E-04
  6.3908014E-05 -3.1323466E-04 -1.1233146E-04
  6.4489350E-05 -3.1608363E-04 -1.1335328E-04
  6.5075712E-05 -3.1895722E-04 -1.1438393E-04
  6.5667143E-05 -3.2185564E-04 -1.1542349E-04
  6.6263687E-05 -3.2477912E-04 -1.1647204E-04
  6.6865389E-05 -3.2772787E-04 -1.1752965E-04
  6.7472293E-05 -3.3070210E-04 -1.1859641E-04
  6.8084444E-05 -3.3370205E-04 -1.1967239E-04
  6.8701887E-05 -3.3672792E-04 -1.2075768E-04
  6.9324669E-05 -3.3977994E-04 -1.2185234E-04
  6.9952835E-05 -3.4285834E-04 -1.2295647E-04
  7.0586431E-05 -3.4596335E-04 -1.2407015E-04
  7.1225505E-05 -3.4909519E-04 -1.2519345E-04
  7.1870105E-05 -3.5225410E-04 -1.2632647E-04
  7.2520277E-05 -3.5544032E-04 -1.2746928E-04
  7.3176070E-05 -3.5865407E-04 -1.2862197E-04
  7.3837533E-05 -3.6189560E-04 -1.2978463E-04
  7.4504715E-05 -3.6516515E-04 -1.3095734E-04
  7.5177665E-05 -3.6846295E-04 -1.3214019E-04
  7.5856433E-05 -3.7178926E-04 -1.3333326E-04
  7.6541069E-05 -3.7514432E-04 -1.3453665E-04
  7.7231624E-05 -3.7852837E-04 -1.3575044E-04
  7.7928149E-05 -3.8194167E-04 -1.3697473E-04
  7.8630696E-05 -3.8538447E-04 -1.3820960E-04
  7.9339317E-05 -3.8885703E-04 -1.3945514E-04
  8.0054065E-05 -3.9235960E-04 -1.4071146E-04
  8.0774991E-05 -3.9589244E-04 -1.4197864E-04
  8.1502151E-05 -3.9945581E-04 -1.4325677E-04
  8.2235597E-05 -4.0304998E-04 -1.4454595E-04
  8.2975385E-05 -4.0667522E-04 -1.4584628E-04
  8.3721568E-05 -4.1033178E-04 -1.4715785E-04
  8.4474202E-05 -4.1401995E-04 -1.4848076E-04
  8.5233343E-05 -4.1773999E-04 -1.4981511E-04
  8.5999047E-05 -4.2149219E-04 -1.5116099E-04
  8.6771371E-05 -4.2527681E-04 -1.5251851E-04
  8.7550373E-05 -4.2909414E-04 -1.5388776E-04
  8.8336109E-05 -4.3294446E-04 -1.5526885E-04
  8.9128638E-05 -4.3682806E-04 -1.5666189E-04
  8.9928019E-05 -4.4074522E-04 -1.5806696E-04
  9.0734312E-05 -4.4469623E-04 -1.5948419E-04
  9.1547575E-05 -4.4868139E-04 -1.6091366E-04
  9.2367869E-05 -4.5270099E-04 -1.6235550E-04
  9.3195255E-05 -4.5675533E-04 -1.6380980E-04
  9.4029794E-05 -4.6084471E-04 -1.6527667E-04
  9.4871548E-05 -4.6496943E-04 -1.6675623E-04
  9.5720579E-05 -4.6912980E-04 -1.6824858E-04
  9.6576951E-05 -4.7332612E-04 -1.6975383E-04
  9.7440727E-05 -4.7755871E-04 -1.7127209E-04
  9.8311970E-05 -4.8182787E-04 -1.7280348E-04
  9.9190746E-05 -4.8613393E-04 -1.7434811E-04
  1.0007712E-04 -4.9047721E-04 -1.7590609E-04
  1.0097116E-04 -4.9485801E-04 -1.7747754E-04
  1.0187292E-04 -4.9927668E-04 -1.7906258E-04
  1.0278248E-04 -5.0373353E-04 -1.8066132E-04
  1.0369991E-04 -5.0822890E-04 -1.8227389E-04
  1.0462527E-04 -5.1276312E-04 -1.8390039E-04
  1.0555862E-04 -5.1733652E-04 -1.8554096E-04
  1.0650005E-04 -5.2194944E-04 -1.8719571E-04
  1.0744962E-04 -5.2660223E-04 -1.8886477E-04
  1.0840739E-04 -5.3129523E-04 -1.9054825E-04
  1.0937345E-04 -5.3602878E-04 -1.9224630E-04
  1.1034786E-04 -5.4080324E-04 -1.9395902E-04
  1.1133069E-04 -5.4561895E-04 -1.9568655E-04
  1.1232202E-04 -5.5047629E-04 -1.9742901E-04
  1.1332192E-04 -5.5537559E-04 -1.9918654E-04
  1.1433046E-04 -5.6031724E-04 -2.0095926E-04
  1.1534772E-04 -5.6530159E-04 -2.0274731E-04
  1.1637378E-04 -5.7032901E-04 -2.0455082E-04
  1.1740871E-04 -5.7539988E-04 -2.0636992E-04
  1.1845259E-04 -5.8051456E-04 -2.0820475E-04
  1.1950549E-04 -5.8567345E-04 -2.1005544E-04
  1.2056750E-04 -5.9087691E-04 -2.1192213E-04
  1.2163868E-04 -5.9612534E-04 -2.1380496E-04
  1.2271913E-04 -6.0141912E-04 -2.1570407E-04
  1.2380892E-04 -6.0675865E-04 -2.1761960E-04
  1.2490813E-04 -6.1214431E-04 -2.1955168E-04
  1.2601684E-04 -6.1757652E-04 -2.2150048E-04
  1.2713514E-04 -6.2305567E-04 -2.2346612E-04
  1.2826311E-04 -6.2858216E-04 -2.2544875E-04
  1.2940082E-04 -6.3415641E-04 -2.2744852E-04
  1.3054838E-04 -6.3977882E-04 -2.2946559E-04
  1.3170585E-04 -6.4544982E-04 -2.3150009E-04
  1.3287334E-04 -6.5116982E-04 -2.3355218E-04
  1.3405091E-04 -6.5693924E-04 -2.3562201E-04
  1.3523867E-04 -6.6275852E-04 -2.3770974E-04
  1.3643670E-04 -6.6862809E-04 -2.3981551E-04
  1.3764508E-04 -6.7454837E-04 -2.4193950E-04
  1.3886391E-04 -6.8051980E-04 -2.4408184E-04
  1.4009328E-04 -6.8654284E-04 -2.4624271E-04
  1.4133328E-04 -6.9261792E-04 -2.4842226E-04
  1.4258399E-04 -6.9874548E-04 -2.5062065E-04
  1.4384552E-04 -7.0492600E-04 -2.5283805E-04
  1.4511796E-04 -7.1115992E-04 -2.5507462E-04
  1.4640140E-04 -7.1744770E-04 -2.5733052E-04
  1.4769593E-04 -7.2378981E-04 -2.5960593E-04
  1.4900166E-04 -7.3018673E-04 -2.6190101E-04
  1.5031867E-04 -7.3663891E-04 -2.6421593E-04
  1.5164707E-04 -7.4314684E-04 -2.6655087E-04
  1.5298696E-04 -7.4971100E-04 -2.6890599E-04
  1.5433842E-04 -7.5633188E-04 -2.7128148E-04
  1.5570158E-04 -7.6300996E-04 -2.7367750E-04
  1.5707652E-04 -7.6974575E-04 -2.7609423E-04
  1.5846334E-04 -7.7653973E-04 -2.7853186E-04
  1.5986216E-04 -7.8339241E-04 -2.8099057E-04
  1.6127307E-04 -7.9030430E-04 -2.8347053E-04
  1.6269617E-04 -7.9727591E-04 -2.8597193E-04
  1.6413158E-04 -8.0430775E-04 -2.8849496E-04
  1.6557940E-04 -8.1140035E-04 -2.9103980E-04
  1.6703974E-04 -8.1855422E-04 -2.9360664E-04
  1.6851270E-04 -8.2576990E-04 -2.9619568E-04
  1.6999840E-04 -8.3304793E-04 -2.9880709E-04
  1.7149694E-04 -8.4038883E-04 -3.0144109E-04
  1.7300844E-04 -8.4779316E-04 -3.0409786E-04
  1.7453300E-04 -8.5526145E-04 -3.0677759E-04
  1.7607075E-04 -8.6279427E-04 -3.0948050E-04
  1.7762179E-04 -8.7039217E-04 -3.1220677E-04
  1.7918624E-04 -8.7805571E-04 -3.1495661E-04
  1.8076421E-04 -8.8578546E-04 -3.1773022E-04
  1.8235583E-04 -8.9358199E-04 -3.2052782E-04
  1.8396121E-04 -9.0144587E-04 -3.2334960E-04
  1.8558047E-04 -9.0937770E-04 -3.2619578E-04
  1.8721372E-04 -9.1737804E-04 -3.2906656E-04
  1.8886110E-04 -9.2544751E-04 -3.3196216E-04
  1.9052272E-04 -9.3358668E-04 -3.3488280E-04
  1.9219870E-04 -9.4179617E-04 -3.3782869E-04
  1.9388918E-04 -9.5007658E-04 -3.4080004E-04
  1.9559427E-04 -9.5842852E-04 -3.4379709E-04
  1.9731410E-04 -9.6685262E-04 -3.4682005E-04
  1.9904880E-04 -9.7534948E-04 -3.4986914E-04
  2.0079850E-04 -9.8391975E-04 -3.5294459E-04
  2.0256332E-04 -9.9256406E-04 -3.5604663E-04
  2.0434340E-04 -1.0012830E-03 -3.5917549E-04
  2.0613887E-04 -1.0100773E-03 -3.6233140E-04
  2.0794987E-04 -1.0189476E-03 -3.6551459E-04
  2.0977652E-04 -1.0278945E-03 -3.6872531E-04
  2.1161896E-04 -1.0369187E-03 -3.7196378E-04
  2.1347734E-04 -1.0460208E-03 -3.7523025E-04
  2.1535178E-04 -1.0552016E-03 -3.7852497E-04
  2.1724242E-04 -1.0644616E-03 -3.8184816E-04
  2.1914941E-04 -1.0738017E-03 -3.8520009E-04
  2.2107289E-04 -1.0832224E-03 -3.8858100E-04
  2.2301300E-04 -1.0927245E-03 -3.9199113E-04
  2.2496988E-04 -1.1023087E-03 -3.9543075E-04
  2.2694367E-04 -1.1119757E-03 -3.9890010E-04
  2.2893454E-04 -1.1217262E-03 -4.0239945E-04
  2.3094261E-04 -1.1315609E-03 -4.0592906E-04
  2.3296805E-04 -1.1414805E-03 -4.0948918E-04
  2.3501099E-04 -1.1514858E-03 -4.1308007E-04
  2.3707160E-04 -1.1615776E-03 -4.1670202E-04
  2.3915003E-04 -1.1717565E-03 -4.2035527E-04
  2.4124642E-04 -1.1820233E-03 -4.2404011E-04
  2.4336094E-04 -1.1923788E-03 -4.2775681E-04
  2.4549374E-04 -1.2028238E-03 -4.3150564E-04
  2.4764497E-04 -1.2133589E-03 -4.3528688E-04
  2.4981481E-04 -1.2239851E-03 -4.3910082E-04
  2.5200340E-04 -1.2347030E-03 -4.4294772E-04
  2.5421092E-04 -1.2455135E-03 -4.4682789E-04
  2.5643752E-04 -1.2564174E-03 -4.5074160E-04
  2.5868338E-04 -1.2674155E-03 -4.5468914E-04
  2.6094864E-04 -1.2785085E-03 -4.5867082E-04
  2.6323350E-04 -1.2896973E-03 -4.6268691E-04
  2.6553810E-04 -1.3009828E-03 -4.6673773E-04
  2.6786264E-04 -1.3123658E-03 -4.7082357E-04
  2.7020726E-04 -1.3238470E-03 -4.7494474E-04
  2.7257216E-04 -1.3354274E-03 -4.7910153E-04
  2.7495751E-04 -1.3471078E-03 -4.8329426E-04
  2.7736347E-04 -1.3588891E-03 -4.8752325E-04
  2.7979024E-04 -1.3707722E-03 -4.9178879E-04
  2.8223799E-04 -1.3827578E-03 -4.9609121E-04
  2.8470690E-04 -1.3948470E-03 -5.0043082E-04
  2.8719716E-04 -1.4070405E-03 -5.0480796E-04
  2.8970894E-04 -1.4193394E-03 -5.0922294E-04
  2.9224244E-04 -1.4317445E-03 -5.1367608E-04
  2.9479784E-04 -1.4442567E-03 -5.1816773E-04
  2.9737534E-04 -1.4568769E-03 -5.2269821E-04
  2.9997512E-04 -1.4696061E-03 -5.2726786E-04
  3.0259738E-04 -1.4824453E-03 -5.3187701E-04
  3.0524231E-04 -1.4953953E-03 -5.3652601E-04
  3.0791010E-04 -1.5084571E-03 -5.4121521E-04
  3.1060096E-04 -1.5216318E-03 -5.4594494E-04
  3.1331508E-04 -1.5349201E-03 -5.5071557E-04
  3.1605267E-04 -1.5483233E-03 -5.5552744E-04
  3.1881393E-04 -1.5618421E-03 -5.6038092E-04
  3.2159906E-04 -1.5754777E-03 -5.6527635E-04
  3.2440826E-04 -1.5892311E-03 -5.7021411E-04
  3.2724176E-04 -1.6031032E-03 -5.7519455E-04
  3.3009975E-04 -1.6170950E-03 -5.8021806E-04
  3.3298245E-04 -1.6312077E-03 -5.8528500E-04
  3.3589007E-04 -1.6454422E-03 -5.9039574E-04
  3.3882283E-04 -1.6597997E-03 -5.9555066E-04
  3.4178094E-04 -1.6742810E-03 -6.0075016E-04
  3.4476463E-04 -1.6888875E-03 -6.0599461E-04
  3.4777412E-04 -1.7036200E-03 -6.1128439E-04
  3.5080962E-04 -1.7184797E-03 -6.1661991E-04
  3.5387137E-04 -1.7334677E-03 -6.2200156E-04
  3.5695959E-04 -1.7485852E-03 -6.2742974E-04
  3.6007451E-04 -1.7638331E-03 -6.3290484E-04
  3.6321635E-04 -1.7792127E-03 -6.3842728E-04
  3.6638536E-04 -1.7947250E-03 -6.4399747E-04
  3.6958177E-04 -1.8103713E-03 -6.4961581E-04
  3.7280581E-04 -1.8261526E-03 -6.5528272E-04
  3.7605773E-04 -1.8420702E-03 -6.6099863E-04
  3.7933776E-04 -1.8581252E-03 -6.6676395E-04
  3.8264615E-04 -1.8743187E-03 -6.7257912E-04
  3.8598314E-04 -1.8906521E-03 -6.7844457E-04
  3.8934898E-04 -1.9071265E-03 -6.8436072E-04
  3.9274392E-04 -1.9237431E-03 -6.9032802E-04
  3.9616821E-04 -1.9405031E-03 -6.9634692E-04
  3.9962210E-04 -1.9574078E-03 -7.0241784E-04
  4.0310586E-04 -1.9744584E-03 -7.0854126E-04
  4.0661973E-04 -1.9916562E-03 -7.1471761E-04
  4.1016399E-04 -2.0090024E-03 -7.2094737E-04
  4.1373888E-04 -2.0264984E-03 -7.2723098E-04
  4.1734469E-04 -2.0441454E-03 -7.3356892E-04
  4.2098166E-04 -2.0619447E-03 -7.3996165E-04
  4.2465009E-04 -2.0798976E-03 -7.4640965E-04
  4.2835022E-04 -2.0980055E-03 -7.5291340E-04
  4.3208235E-04 -2.1162697E-03 -7.5947337E-04
  4.3584674E-04 -2.1346915E-03 -7.6609006E-04
  4.3964367E-04 -2.1532723E-03 -7.7276395E-04
  4.4347344E-04 -2.1720134E-03 -7.7949554E-04
  4.4733631E-04 -2.1909163E-03 -7.8628534E-04
  4.5123258E-04 -2.2099824E-03 -7.9313383E-04
  4.5516254E-04 -2.2292130E-03 -8.0004153E-04
  4.5912647E-04 -2.2486095E-03 -8.0700895E-04
  4.6312467E-04 -2.2681734E-03 -8.1403661E-04
  4.6715744E-04 -2.2879062E-03 -8.2112502E-04
  4.7122507E-04 -2.3078093E-03 -8.2827472E-04
  4.7532787E-04 -2.3278841E-03 -8.3548623E-04
  4.7946614E-04 -2.3481321E-03 -8.4276009E-04
  4.8364019E-04 -2.3685549E-03 -8.5009684E-04
  4.8785033E-04 -2.3891539E-03 -8.5749701E-04
  4.9209686E-04 -2.4099307E-03 -8.6496116E-04
  4.9638011E-04 -2.4308867E-03 -8.7248985E-04
  5.0070039E-04 -2.4520235E-03 -8.8008362E-04
  5.0505802E-04 -2.4733428E-03 -8.8774305E-04
  5.0945332E-04 -2.4948460E-03 -8.9546869E-04
  5.1388663E-04 -2.5165347E-03 -9.0326113E-04
  5.1835826E-04 -2.5384105E-03 -9.1112094E-04
  5.2286855E-04 -2.5604751E-03 -9.1904869E-04
  5.2741784E-04 -2.5827301E-03 -9.2704499E-04
  5.3200645E-04 -2.6051771E-03 -9.3511042E-04
  5.3663474E-04 -2.6278177E-03 -9.4324558E-04
  5.4130304E-04 -2.6506537E-03 -9.5145107E-04
  5.4601170E-04 -2.6736866E-03 -9.5972751E-04
  5.5076107E-04 -2.6969183E-03 -9.6807549E-04
  5.5555150E-04 -2.7203504E-03 -9.7649565E-04
  5.6038334E-04 -2.7439846E-03 -9.8498861E-04
  5.6525696E-04 -2.7678227E-03 -9.9355499E-04
  5.7017272E-04 -2.7918665E-03 -1.0021954E-03
  5.7513097E-04 -2.8161176E-03 -1.0109106E-03
  5.8013209E-04 -2.8405780E-03 -1.0197011E-03
  5.8517645E-04 -2.8652493E-03 -1.0285676E-03
  5.9026442E-04 -2.8901335E-03 -1.0375107E-03
  5.9539638E-04 -2.9152323E-03 -1.0465312E-03
  6.0057270E-04 -2.9405475E-03 -1.0556296E-03
  6.0579378E-04 -2.9660811E-03 -1.0648067E-03
  6.1105999E-04 -2.9918350E-03 -1.0740632E-03
  6.1637174E-04 -3.0178110E-03 -1.0833996E-03
  6.2172941E-04 -3.0440110E-03 -1.0928168E-03
  6.2713339E-04 -3.0704369E-03 -1.1023154E-03
  6.3258410E-04 -3.0970908E-03 -1.1118962E-03
  6.3808193E-04 -3.1239745E-03 -1.1215597E-03
  6.4362730E-04 -3.1510901E-03 -1.1313068E-03
  6.4922060E-04 -3.1784395E-03 -1.1411382E-03
  6.5486227E-04 -3.2060248E-03 -1.1510546E-03
  6.6055271E-04 -3.2338479E-03 -1.1610567E-03
  6.6629234E-04 -3.2619110E-03 -1.1711453E-03
  6.7208160E-04 -3.2902160E-03 -1.1813211E-03
  6.7792091E-04 -3.3187651E-03 -1.1915848E-03
  6.8381070E-04 -3.3475604E-03 -1.2019374E-03
  6.8975141E-04 -3.3766040E-03 -1.2123794E-03
  6.9574348E-04 -3.4058980E-03 -1.2229117E-03
  7.0178736E-04 -3.4354445E-03 -1.2335350E-03
  7.0788349E-04 -3.4652458E-03 -1.2442502E-03
  7.1403232E-04 -3.4953040E-03 -1.2550580E-03
  7.2023432E-04 -3.5256214E-03 -1.2659593E-03
  7.2648993E-04 -3.5562002E-03 -1.2769548E-03
  7.3279963E-04 -3.5870425E-03 -1.2880454E-03
  7.3916387E-04 -3.6181508E-03 -1.2992318E-03
  7.4558314E-04 -3.6495272E-03 -1.3105150E-03
  7.5205791E-04 -3.6811741E-03 -1.3218957E-03
  7.5858865E-04 -3.7130938E-03 -1.3333748E-03
  7.6517586E-04 -3.7452886E-03 -1.3449532E-03
  7.7182001E-04 -3.7777609E-03 -1.3566316E-03
  7.7852161E-04 -3.8105132E-03 -1.3684111E-03
  7.8528115E-04 -3.8435477E-03 -1.3802923E-03
  7.9209913E-04 -3.8768669E-03 -1.3922763E-03
  7.9897605E-04 -3.9104733E-03 -1.4043639E-03
  8.0591242E-04 -3.9443694E-03 -1.4165560E-03
  8.1290877E-04 -3.9785576E-03 -1.4288535E-03
  8.1996560E-04 -4.0130404E-03 -1.4412573E-03
  8.2708344E-04 -4.0478204E-03 -1.4537683E-03
  8.3426282E-04 -4.0829000E-03 -1.4663875E-03
  8.4150427E-04 -4.1182820E-03 -1.4791159E-03
  8.4880832E-04 -4.1539689E-03 -1.4919542E-03
  8.5617552E-04 -4.1899633E-03 -1.5049036E-03
  8.6360641E-04 -4.2262678E-03 -1.5179649E-03
  8.7110155E-04 -4.2628852E-03 -1.5311391E-03
  8.7866149E-04 -4.2998180E-03 -1.5444272E-03
  8.8628679E-04 -4.3370690E-03 -1.5578302E-03
  8.9397801E-04 -4.3746410E-03 -1.5713491E-03
  9.0173573E-04 -4.4125367E-03 -1.5849849E-03
  9.0956051E-04 -4.4507588E-03 -1.5987385E-03
  9.1745295E-04 -4.4893103E-03 -1.6126111E-03
  9.2541362E-04 -4.5281938E-03 -1.6266035E-03
  9.3344311E-04 -4.5674122E-03 -1.6407170E-03
  9.4154202E-04 -4.6069685E-03 -1.6549525E-03
  9.4971095E-04 -4.6468656E-03 -1.6693110E-03
  9.5795051E-04 -4.6871062E-03 -1.6837937E-03
  9.6626130E-04 -4.7276935E-03 -1.6984016E-03
  9.7464394E-04 -4.7686304E-03 -1.7131358E-03
  9.8309906E-04 -4.8099198E-03 -1.7279974E-03
  9.9162727E-04 -4.8515648E-03 -1.7429874E-03
  1.0002292E-03 -4.8935684E-03 -1.7581071E-03
  1.0089055E-03 -4.9359338E-03 -1.7733574E-03
  1.0176569E-03 -4.9786640E-03 -1.7887397E-03
  1.0264838E-03 -5.0217622E-03 -1.8042549E-03
  1.0353871E-03 -5.0652314E-03 -1.8199042E-03
  1.0443674E-03 -5.1090750E-03 -1.8356888E-03
  1.0534253E-03 -5.1532961E-03 -1.8516099E-03
  1.0625615E-03 -5.1978979E-03 -1.8676687E-03
  1.0717767E-03 -5.2428837E-03 -1.8838663E-03
  1.0810716E-03 -5.2882568E-03 -1.9002039E-03
  1.0904469E-03 -5.3340205E-03 -1.9166827E-03
  1.0999031E-03 -5.3801782E-03 -1.9333041E-03
  1.1094412E-03 -5.4267332E-03 -1.9500691E-03
  1.1190617E-03 -5.4736889E-03 -1.9669791E-03
  1.1287654E-03 -5.5210489E-03 -1.9840352E-03
  1.1385529E-03 -5.5688165E-03 -2.0012389E-03
  1.1484251E-03 -5.6169952E-03 -2.0185912E-03
  1.1583827E-03 -5.6655886E-03 -2.0360936E-03
  1.1684263E-03 -5.7146002E-03 -2.0537473E-03
  1.1785568E-03 -5.7640336E-03 -2.0715536E-03
  1.1887748E-03 -5.8138924E-03 -2.0895139E-03
  1.1990812E-03 -5.8641803E-03 -2.1076294E-03
  1.2094767E-03 -5.9149009E-03 -2.1259016E-03
  1.2199621E-03 -5.9660579E-03 -2.1443317E-03
  1.2305381E-03 -6.0176551E-03 -2.1629211E-03
  1.2412055E-03 -6.0696962E-03 -2.1816713E-03
  1.2519652E-03 -6.1221851E-03 -2.2005836E-03
  1.2628179E-03 -6.1751255E-03 -2.2196594E-03
  1.2737644E-03 -6.2285214E-03 -2.2389001E-03
  1.2848056E-03 -6.2823766E-03 -2.2583071E-03
  1.2959422E-03 -6.3366951E-03 -2.2778820E-03
  1.3071751E-03 -6.3914808E-03 -2.2976260E-03
  1.3185051E-03 -6.4467377E-03 -2.3175408E-03
  1.3299331E-03 -6.5024699E-03 -2.3376277E-03
  1.3414599E-03 -6.5586815E-03 -2.3578883E-03
  1.3530863E-03 -6.6153764E-03 -2.3783241E-03
  1.3648132E-03 -6.6725590E-03 -2.3989365E-03
  1.3766416E-03 -6.7302332E-03 -2.4197271E-03
  1.3885722E-03 -6.7884034E-03 -2.4406975E-03
  1.4006059E-03 -6.8470738E-03 -2.4618492E-03
  1.4127437E-03 -6.9062487E-03 -2.4831838E-03
  1.4249864E-03 -6.9659323E-03 -2.5047027E-03
  1.4373349E-03 -7.0261290E-03 -2.5264078E-03
  1.4497903E-03 -7.0868433E-03 -2.5483005E-03
  1.4623533E-03 -7.1480795E-03 -2.5703824E-03
  1.4750249E-03 -7.2098421E-03 -2.5926553E-03
  1.4878060E-03 -7.2721355E-03 -2.6151207E-03
  1.5006977E-03 -7.3349644E-03 -2.6377803E-03
  1.5137008E-03 -7.3983333E-03 -2.6606359E-03
  1.5268164E-03 -7.4622468E-03 -2.6836890E-03
  1.5400453E-03 -7.5267096E-03 -2.7069415E-03
  1.5533886E-03 -7.5917264E-03 -2.7303949E-03
  1.5668472E-03 -7.6573018E-03 -2.7540512E-03
  1.5804223E-03 -7.7234407E-03 -2.7779119E-03
  1.5941146E-03 -7.7901479E-03 -2.8019790E-03
  1.6079254E-03 -7.8574282E-03 -2.8262541E-03
  1.6218555E-03 -7.9252865E-03 -2.8507391E-03
  1.6359061E-03 -7.9937278E-03 -2.8754357E-03
  1.6500782E-03 -8.0627570E-03 -2.9003459E-03
  1.6643728E-03 -8.1323791E-03 -2.9254714E-03
  1.6787910E-03 -8.2025993E-03 -2.9508142E-03
  1.6933338E-03 -8.2734225E-03 -2.9763760E-03
  1.7080023E-03 -8.3448540E-03 -3.0021589E-03
  1.7227977E-03 -8.4168990E-03 -3.0281646E-03
  1.7377210E-03 -8.4895626E-03 -3.0543952E-03
  1.7527733E-03 -8.5628502E-03 -3.0808526E-03
  1.7679558E-03 -8.6367670E-03 -3.1075387E-03
  1.7832695E-03 -8.7113185E-03 -3.1344555E-03
  1.7987156E-03 -8.7865100E-03 -3.1616050E-03
  1.8142952E-03 -8.8623470E-03 -3.1889892E-03
  1.8300095E-03 -8.9388351E-03 -3.2166102E-03
  1.8458597E-03 -9.0159796E-03 -3.2444699E-03
  1.8618469E-03 -9.0937864E-03 -3.2725706E-03
  1.8779724E-03 -9.1722609E-03 -3.3009141E-03
  1.8942372E-03 -9.2514088E-03 -3.3295027E-03
  1.9106427E-03 -9.3312360E-03 -3.3583385E-03
  1.9271900E-03 -9.4117482E-03 -3.3874236E-03
  1.9438804E-03 -9.4929512E-03 -3.4167601E-03
  1.9607150E-03 -9.5748510E-03 -3.4463502E-03
  1.9776952E-03 -9.6574533E-03 -3.4761962E-03
  1.9948222E-03 -9.7407643E-03 -3.5063002E-03
  2.0120973E-03 -9.8247900E-03 -3.5366644E-03
  2.0295217E-03 -9.9095364E-03 -3.5672912E-03
  2.0470968E-03 -9.9950096E-03 -3.5981827E-03
  2.0648238E-03 -1.0081216E-02 -3.6293413E-03
  2.0827041E-03 -1.0168161E-02 -3.6607693E-03
  2.1007390E-03 -1.0255853E-02 -3.6924690E-03
  2.1189298E-03 -1.0344296E-02 -3.7244427E-03
  2.1372778E-03 -1.0433497E-02 -3.7566929E-03
  2.1557845E-03 -1.0523463E-02 -3.7892219E-03
  2.1744512E-03 -1.0614201E-02 -3.8220321E-03
  2.1932792E-03 -1.0705716E-02 -3.8551259E-03
  2.2122701E-03 -1.0798015E-02 -3.8885059E-03
  2.2314251E-03 -1.0891106E-02 -3.9221745E-03
  2.2507457E-03 -1.0984995E-02 -3.9561341E-03
  2.2702334E-03 -1.1079688E-02 -3.9903873E-03
  2.2898896E-03 -1.1175192E-02 -4.0249367E-03
  2.3097156E-03 -1.1271515E-02 -4.0597847E-03
  2.3297131E-03 -1.1368663E-02 -4.0949340E-03
  2.3498835E-03 -1.1466643E-02 -4.1303872E-03
  2.3702283E-03 -1.1565463E-02 -4.1661469E-03
  2.3907489E-03 -1.1665129E-02 -4.2022157E-03
  2.4114470E-03 -1.1765648E-02 -4.2385964E-03
  2.4323240E-03 -1.1867029E-02 -4.2752916E-03
  2.4533815E-03 -1.1969278E-02 -4.3123040E-03
  2.4746211E-03 -1.2072402E-02 -4.3496365E-03
  2.4960443E-03 -1.2176409E-02 -4.3872916E-03
  2.5176527E-03 -1.2281306E-02 -4.4252723E-03
  2.5394479E-03 -1.2387102E-02 -4.4635814E-03
  2.5614315E-03 -1.2493803E-02 -4.5022216E-03
  2.5836052E-03 -1.2601417E-02 -4.5411960E-03
  2.6059706E-03 -1.2709953E-02 -4.5805072E-03
  2.6285294E-03 -1.2819417E-02 -4.6201583E-03
  2.6512832E-03 -1.2929817E-02 -4.6601522E-03
  2.6742337E-03 -1.3041163E-02 -4.7004919E-03
  2.6973827E-03 -1.3153461E-02 -4.7411803E-03
  2.7207318E-03 -1.3266719E-02 -4.7822205E-03
  2.7442827E-03 -1.3380947E-02 -4.8236154E-03
  2.7680372E-03 -1.3496151E-02 -4.8653683E-03
  2.7919972E-03 -1.3612341E-02 -4.9074821E-03
  2.8161642E-03 -1.3729524E-02 -4.9499600E-03
  2.8405402E-03 -1.3847709E-02 -4.9928051E-03
  2.8651270E-03 -1.3966904E-02 -5.0360206E-03
  2.8899263E-03 -1.4087119E-02 -5.0796097E-03
  2.9149400E-03 -1.4208361E-02 -5.1235757E-03
  2.9401700E-03 -1.4330639E-02 -5.1679218E-03
  2.9656180E-03 -1.4453962E-02 -5.2126512E-03
  2.9912862E-03 -1.4578340E-02 -5.2577674E-03
  3.0171762E-03 -1.4703780E-02 -5.3032736E-03
  3.0432900E-03 -1.4830291E-02 -5.3491731E-03
  3.0696296E-03 -1.4957884E-02 -5.3954695E-03
  3.0961970E-03 -1.5086566E-02 -5.4421662E-03
  3.1229940E-03 -1.5216347E-02 -5.4892665E-03
  3.1500227E-03 -1.5347237E-02 -5.5367740E-03
  3.1772851E-03 -1.5479244E-02 -5.5846923E-03
  3.2047832E-03 -1.5612378E-02 -5.6330248E-03
  3.2325190E-03 -1.5746649E-02 -5.6817751E-03
  3.2604946E-03 -1.5882067E-02 -5.7309469E-03
  3.2887120E-03 -1.6018640E-02 -5.7805438E-03
  3.3171735E-03 -1.6156378E-02 -5.8305695E-03
  3.3458810E-03 -1.6295292E-02 -5.8810276E-03
  3.3748366E-03 -1.6435392E-02 -5.9319220E-03
  3.4040426E-03 -1.6576686E-02 -5.9832563E-03
  3.4335011E-03 -1.6719186E-02 -6.0350344E-03
  3.4632143E-03 -1.6862901E-02 -6.0872602E-03
  3.4931844E-03 -1.7007842E-02 -6.1399375E-03
  3.5234136E-03 -1.7154019E-02 -6.1930701E-03
  3.5539041E-03 -1.7301442E-02 -6.2466621E-03
  3.5846583E-03 -1.7450123E-02 -6.3007174E-03
  3.6156783E-03 -1.7600070E-02 -6.3552400E-03
  3.6469665E-03 -1.7751296E-02 -6.4102340E-03
  3.6785252E-03 -1.7903810E-02 -6.4657033E-03
  3.7103568E-03 -1.8057624E-02 -6.5216523E-03
  3.7424635E-03 -1.8212749E-02 -6.5780848E-03
  3.7748479E-03 -1.8369195E-02 -6.6350053E-03
  3.8075122E-03 -1.8526974E-02 -6.6924178E-03
  3.8404589E-03 -1.8686096E-02 -6.7503267E-03
  3.8736905E-03 -1.8846574E-02 -6.8087362E-03
  3.9072093E-03 -1.9008417E-02 -6.8676506E-03
  3.9410180E-03 -1.9171639E-02 -6.9270744E-03
  3.9751189E-03 -1.9336250E-02 -6.9870118E-03
  4.0095147E-03 -1.9502263E-02 -7.0474674E-03
  4.0442078E-03 -1.9669687E-02 -7.1084457E-03
  4.0792008E-03 -1.9838537E-02 -7.1699511E-03
  4.1144964E-03 -2.0008823E-02 -7.2319882E-03
  4.1500972E-03 -2.0180558E-02 -7.2945616E-03
  4.1860057E-03 -2.0353753E-02 -7.3576760E-03
  4.2222247E-03 -2.0528421E-02 -7.4213360E-03
  4.2587568E-03 -2.0704574E-02 -7.4855463E-03
  4.2956048E-03 -2.0882225E-02 -7.5503117E-03
  4.3327713E-03 -2.1061386E-02 -7.6156370E-03
  4.3702592E-03 -2.1242070E-02 -7.6815270E-03
  4.4080711E-03 -2.1424289E-02 -7.7479866E-03
  4.4462100E-03 -2.1608056E-02 -7.8150207E-03
  4.4846785E-03 -2.1793384E-02 -7.8826344E-03
  4.5234797E-03 -2.1980287E-02 -7.9508325E-03
  4.5626163E-03 -2.2168777E-02 -8.0196202E-03
  4.6020913E-03 -2.2358867E-02 -8.0890026E-03
  4.6419075E-03 -2.2550571E-02 -8.1589848E-03
  4.6820680E-03 -2.2743903E-02 -8.2295719E-03
  4.7225757E-03 -2.2938875E-02 -8.3007692E-03
  4.7634336E-03 -2.3135502E-02 -8.3725821E-03
  4.8046448E-03 -2.3333797E-02 -8.4450157E-03
  4.8462122E-03 -2.3533775E-02 -8.5180755E-03
  4.8881390E-03 -2.3735448E-02 -8.5917668E-03
  4.9304283E-03 -2.3938832E-02 -8.6660952E-03
  4.9730832E-03 -2.4143940E-02 -8.7410662E-03
  5.0161069E-03 -2.4350787E-02 -8.8166852E-03
  5.0595025E-03 -2.4559387E-02 -8.8929580E-03
  5.1032733E-03 -2.4769755E-02 -8.9698900E-03
  5.1474225E-03 -2.4981905E-02 -9.0474872E-03
  5.1919535E-03 -2.5195853E-02 -9.1257551E-03
  5.2368694E-03 -2.5411612E-02 -9.2046996E-03
  5.2821736E-03 -2.5629199E-02 -9.2843265E-03
  5.3278695E-03 -2.5848628E-02 -9.3646418E-03
  5.3739605E-03 -2.6069915E-02 -9.4456514E-03
  5.4204500E-03 -2.6293075E-02 -9.5273613E-03
  5.4673414E-03 -2.6518123E-02 -9.6097775E-03
  5.5146381E-03 -2.6745075E-02 -9.6929061E-03
  5.5623438E-03 -2.6973946E-02 -9.7767533E-03
  5.6104620E-03 -2.7204754E-02 -9.8613254E-03
  5.6589961E-03 -2.7437513E-02 -9.9466285E-03
  5.7079498E-03 -2.7672240E-02 -1.0032669E-02
  5.7573268E-03 -2.7908951E-02 -1.0119453E-02
  5.8071307E-03 -2.8147662E-02 -1.0206988E-02
  5.8573651E-03 -2.8388390E-02 -1.0295279E-02
  5.9080339E-03 -2.8631152E-02 -1.0384333E-02
  5.9591407E-03 -2.8875964E-02 -1.0474157E-02
  6.0106893E-03 -2.9122843E-02 -1.0564758E-02
  6.0626836E-03 -2.9371806E-02 -1.0656142E-02
  6.1151274E-03 -2.9622871E-02 -1.0748316E-02
  6.1680247E-03 -2.9876054E-02 -1.0841286E-02
  6.2213792E-03 -3.0131374E-02 -1.0935060E-02
  6.2751950E-03 -3.0388847E-02 -1.1029645E-02
  6.3294761E-03 -3.0648491E-02 -1.1125047E-02
  6.3842265E-03 -3.0910324E-02 -1.1221274E-02
  6.4394502E-03 -3.1174365E-02 -1.1318333E-02
  6.4951514E-03 -3.1440631E-02 -1.1416231E-02
  6.5513341E-03 -3.1709140E-02 -1.1514975E-02
  6.6080026E-03 -3.1979911E-02 -1.1614572E-02
  6.6651610E-03 -3.2252963E-02 -1.1715031E-02
  6.7228135E-03 -3.2528313E-02 -1.1816358E-02
  6.7809645E-03 -3.2805982E-02 -1.1918560E-02
  6.8396183E-03 -3.3085987E-02 -1.2021646E-02
  6.8987791E-03 -3.3368348E-02 -1.2125624E-02
  6.9584514E-03 -3.3653085E-02 -1.2230499E-02
  7.0186396E-03 -3.3940216E-02 -1.2336282E-02
  7.0793481E-03 -3.4229761E-02 -1.2442979E-02
  7.1405815E-03 -3.4521740E-02 -1.2550598E-02
  7.2023443E-03 -3.4816173E-02 -1.2659147E-02
  7.2646411E-03 -3.5113080E-02 -1.2768635E-02
  7.3274765E-03 -3.5412480E-02 -1.2879068E-02
  7.3908551E-03 -3.5714395E-02 -1.2990457E-02
  7.4547816E-03 -3.6018844E-02 -1.3102808E-02
  7.5192609E-03 -3.6325849E-02 -1.3216130E-02
  7.5842975E-03 -3.6635429E-02 -1.3330432E-02
  7.6498965E-03 -3.6947607E-02 -1.3445722E-02
  7.7160626E-03 -3.7262403E-02 -1.3562008E-02
  7.7828007E-03 -3.7579838E-02 -1.3679300E-02
  7.8501158E-03 -3.7899933E-02 -1.3797605E-02
  7.9180129E-03 -3.8222711E-02 -1.3916933E-02
  7.9864970E-03 -3.8548193E-02 -1.4037292E-02
  8.0555732E-03 -3.8876401E-02 -1.4158691E-02
  8.1252466E-03 -3.9207357E-02 -1.4281140E-02
  8.1955223E-03 -3.9541083E-02 -1.4404647E-02
  8.2664056E-03 -3.9877601E-02 -1.4529222E-02
  8.3379018E-03 -4.0216935E-02 -1.4654873E-02
  8.4100160E-03 -4.0559106E-02 -1.4781610E-02
  8.4827537E-03 -4.0904138E-02 -1.4909443E-02
  8.5561203E-03 -4.1252054E-02 -1.5038380E-02
  8.6301212E-03 -4.1602878E-02 -1.5168432E-02
  8.7047618E-03 -4.1956631E-02 -1.5299608E-02
  8.7800478E-03 -4.2313339E-02 -1.5431918E-02
  8.8559846E-03 -4.2673024E-02 -1.5565371E-02
  8.9325779E-03 -4.3035711E-02 -1.5699977E-02
  9.0098335E-03 -4.3401424E-02 -1.5835747E-02
  9.0877569E-03 -4.3770186E-02 -1.5972690E-02
  9.1663540E-03 -4.4142024E-02 -1.6110817E-02
  9.2456307E-03 -4.4516960E-02 -1.6250138E-02
  9.3255927E-03 -4.4895021E-02 -1.6390662E-02
  9.4062461E-03 -4.5276231E-02 -1.6532402E-02
  9.4875967E-03 -4.5660614E-02 -1.6675366E-02
  9.5696506E-03 -4.6048198E-02 -1.6819565E-02
  9.6524140E-03 -4.6439006E-02 -1.6965011E-02
  9.7358929E-03 -4.6833065E-02 -1.7111714E-02
  9.8200935E-03 -4.7230401E-02 -1.7259684E-02
  9.9050220E-03 -4.7631040E-02 -1.7408934E-02
  9.9906849E-03 -4.8035007E-02 -1.7559473E-02
  1.0077088E-02 -4.8442331E-02 -1.7711313E-02
  1.0164239E-02 -4.8853037E-02 -1.7864465E-02
  1.0252143E-02 -4.9267151E-02 -1.8018941E-02
  1.0340806E-02 -4.9684703E-02 -1.8174752E-02
  1.0430237E-02 -5.0105717E-02 -1.8331909E-02
  1.0520440E-02 -5.0530222E-02 -1.8490425E-02
  1.0611424E-02 -5.0958246E-02 -1.8650310E-02
  1.0703194E-02 -5.1389817E-02 -1.8811577E-02
  1.0795757E-02 -5.1824961E-02 -1.8974237E-02
  1.0889121E-02 -5.2263709E-02 -1.9138303E-02
  1.0983292E-02 -5.2706087E-02 -1.9303787E-02
  1.1078277E-02 -5.3152125E-02 -1.9470700E-02
  1.1174083E-02 -5.3601851E-02 -1.9639056E-02
  1.1270717E-02 -5.4055295E-02 -1.9808867E-02
  1.1368187E-02 -5.4512486E-02 -1.9980145E-02
  1.1466500E-02 -5.4973453E-02 -2.0152903E-02
  1.1565663E-02 -5.5438226E-02 -2.0327154E-02
  1.1665682E-02 -5.5906834E-02 -2.0502910E-02
  1.1766567E-02 -5.6379309E-02 -2.0680186E-02
  1.1868324E-02 -5.6855679E-02 -2.0858992E-02
  1.1970960E-02 -5.7335975E-02 -2.1039344E-02
  1.2074484E-02 -5.7820229E-02 -2.1221254E-02
  1.2178903E-02 -5.8308471E-02 -2.1404736E-02
  1.2284225E-02 -5.8800732E-02 -2.1589804E-02
  1.2390457E-02 -5.9297043E-02 -2.1776470E-02
  1.2497608E-02 -5.9797436E-02 -2.1964749E-02
  1.2605685E-02 -6.0301943E-02 -2.2154655E-02
  1.2714696E-02 -6.0810595E-02 -2.2346201E-02
  1.2824650E-02 -6.1323425E-02 -2.2539403E-02
  1.2935555E-02 -6.1840466E-02 -2.2734273E-02
  1.3047418E-02 -6.2361749E-02 -2.2930827E-02
  1.3160248E-02 -6.2887308E-02 -2.3129080E-02
  1.3274054E-02 -6.3417175E-02 -2.3329045E-02
  1.3388844E-02 -6.3951384E-02 -2.3530737E-02
  1.3504626E-02 -6.4489969E-02 -2.3734172E-02
  1.3621410E-02 -6.5032962E-02 -2.3939365E-02
  1.3739203E-02 -6.5580399E-02 -2.4146330E-02
  1.3858014E-02 -6.6132313E-02 -2.4355083E-02
  1.3977852E-02 -6.6688738E-02 -2.4565639E-02
  1.4098727E-02 -6.7249709E-02 -2.4778014E-02
  1.4220646E-02 -6.7815261E-02 -2.4992224E-02
  1.4343620E-02 -6.8385429E-02 -2.5208285E-02
  1.4467657E-02 -6.8960248E-02 -2.5426211E-02
  1.4592766E-02 -6.9539754E-02 -2.5646020E-02
  1.4718957E-02 -7.0123982E-02 -2.5867728E-02
  1.4846238E-02 -7.0712968E-02 -2.6091351E-02
  1.4974620E-02 -7.1306749E-02 -2.6316905E-02
  1.5104113E-02 -7.1905361E-02 -2.6544407E-02
  1.5234724E-02 -7.2508840E-02 -2.6773875E-02
  1.5366465E-02 -7.3117224E-02 -2.7005325E-02
  1.5499345E-02 -7.3730550E-02 -2.7238773E-02
  1.5633373E-02 -7.4348854E-02 -2.7474238E-02
  1.5768561E-02 -7.4972175E-02 -2.7711736E-02
  1.5904917E-02 -7.5600549E-02 -2.7951286E-02
  1.6042452E-02 -7.6234017E-02 -2.8192904E-02
  1.6181176E-02 -7.6872614E-02 -2.8436610E-02
  1.6321099E-02 -7.7516381E-02 -2.8682419E-02
  1.6462232E-02 -7.8165355E-02 -2.8930352E-02
  1.6604585E-02 -7.8819576E-02 -2.9180426E-02
  1.6748169E-02 -7.9479084E-02 -2.9432659E-02
  1.6892995E-02 -8.0143916E-02 -2.9687071E-02
  1.7039072E-02 -8.0814114E-02 -2.9943679E-02
  1.7186413E-02 -8.1489716E-02 -3.0202503E-02
  1.7335027E-02 -8.2170764E-02 -3.0463562E-02
  1.7484926E-02 -8.2857297E-02 -3.0726875E-02
  1.7636121E-02 -8.3549357E-02 -3.0992462E-02
  1.7788623E-02 -8.4246983E-02 -3.1260342E-02
  1.7942443E-02 -8.4950218E-02 -3.1530535E-02
  1.8097594E-02 -8.5659102E-02 -3.1803061E-02
  1.8254086E-02 -8.6373677E-02 -3.2077940E-02
  1.8411930E-02 -8.7093985E-02 -3.2355191E-02
  1.8571140E-02 -8.7820069E-02 -3.2634837E-02
  1.8731726E-02 -8.8551969E-02 -3.2916897E-02
  1.8893700E-02 -8.9289729E-02 -3.3201391E-02
  1.9057074E-02 -9.0033392E-02 -3.3488342E-02
  1.9221861E-02 -9.0783001E-02 -3.3777770E-02
  1.9388073E-02 -9.1538598E-02 -3.4069696E-02
  1.9555722E-02 -9.2300228E-02 -3.4364142E-02
  1.9724820E-02 -9.3067935E-02 -3.4661129E-02
  1.9895380E-02 -9.3841761E-02 -3.4960680E-02
  2.0067414E-02 -9.4621752E-02 -3.5262817E-02
  2.0240936E-02 -9.5407951E-02 -3.5567561E-02
  2.0415958E-02 -9.6200404E-02 -3.5874936E-02
  2.0592493E-02 -9.6999156E-02 -3.6184963E-02
  2.0770555E-02 -9.7804251E-02 -3.6497666E-02
  2.0950156E-02 -9.8615735E-02 -3.6813068E-02
  2.1131309E-02 -9.9433654E-02 -3.7131191E-02
  2.1314029E-02 -1.0025805E-01 -3.7452060E-02
  2.1498329E-02 -1.0108898E-01 -3.7775698E-02
  2.1684222E-02 -1.0192648E-01 -3.8102128E-02
  2.1871722E-02 -1.0277060E-01 -3.8431375E-02
  2.2060843E-02 -1.0362138E-01 -3.8763462E-02
  2.2251599E-02 -1.0447888E-01 -3.9098415E-02
  2.2444004E-02 -1.0534314E-01 -3.9436258E-02
  2.2638073E-02 -1.0621421E-01 -3.9777016E-02
  2.2833819E-02 -1.0709214E-01 -4.0120713E-02
  2.3031258E-02 -1.0797696E-01 -4.0467375E-02
  2.3230404E-02 -1.0886875E-01 -4.0817028E-02
  2.3431272E-02 -1.0976753E-01 -4.1169697E-02
  2.3633876E-02 -1.1067336E-01 -4.1525408E-02
  2.3838232E-02 -1.1158629E-01 -4.1884187E-02
  2.4044354E-02 -1.1250637E-01 -4.2246060E-02
  2.4252259E-02 -1.1343364E-01 -4.2611055E-02
  2.4461961E-02 -1.1436816E-01 -4.2979198E-02
  2.4673476E-02 -1.1530998E-01 -4.3350515E-02
  2.4886819E-02 -1.1625914E-01 -4.3725035E-02
  2.5102008E-02 -1.1721570E-01 -4.4102784E-02
  2.5319056E-02 -1.1817971E-01 -4.4483790E-02
  2.5537981E-02 -1.1915122E-01 -4.4868082E-02
  2.5758799E-02 -1.2013027E-01 -4.5255687E-02
  2.5981526E-02 -1.2111692E-01 -4.5646633E-02
  2.6206178E-02 -1.2211123E-01 -4.6040951E-02
  2.6432773E-02 -1.2311323E-01 -4.6438667E-02
  2.6661327E-02 -1.2412300E-01 -4.6839812E-02
  2.6891856E-02 -1.2514056E-01 -4.7244415E-02
  2.7124379E-02 -1.2616599E-01 -4.7652506E-02
  2.7358912E-02 -1.2719933E-01 -4.8064114E-02
  2.7595472E-02 -1.2824063E-01 -4.8479269E-02
  2.7834078E-02 -1.2928994E-01 -4.8898002E-02
  2.8074747E-02 -1.3034733E-01 -4.9320344E-02
  2.8317496E-02 -1.3141284E-01 -4.9746325E-02
  2.8562344E-02 -1.3248652E-01 -5.0175976E-02
  2.8809309E-02 -1.3356843E-01 -5.0609330E-02
  2.9058409E-02 -1.3465863E-01 -5.1046417E-02
  2.9309663E-02 -1.3575716E-01 -5.1487270E-02
  2.9563089E-02 -1.3686408E-01 -5.1931921E-02
  2.9818706E-02 -1.3797945E-01 -5.2380402E-02
  3.0076533E-02 -1.3910332E-01 -5.2832745E-02
  3.0336588E-02 -1.4023574E-01 -5.3288985E-02
  3.0598893E-02 -1.4137677E-01 -5.3749155E-02
  3.0863465E-02 -1.4252646E-01 -5.4213287E-02
  3.1130324E-02 -1.4368487E-01 -5.4681416E-02
  3.1399490E-02 -1.4485206E-01 -5.5153576E-02
  3.1670984E-02 -1.4602808E-01 -5.5629801E-02
  3.1944824E-02 -1.4721298E-01 -5.6110126E-02
  3.2221033E-02 -1.4840682E-01 -5.6594586E-02
  3.2499629E-02 -1.4960966E-01 -5.7083217E-02
  3.2780634E-02 -1.5082155E-01 -5.7576054E-02
  3.3064068E-02 -1.5204255E-01 -5.8073132E-02
  3.3349952E-02 -1.5327272E-01 -5.8574488E-02
  3.3638309E-02 -1.5451210E-01 -5.9080159E-02
  3.3929158E-02 -1.5576077E-01 -5.9590181E-02
  3.4222522E-02 -1.5701877E-01 -6.0104591E-02
  3.4518422E-02 -1.5828616E-01 -6.0623427E-02
  3.4816880E-02 -1.5956300E-01 -6.1146727E-02
  3.5117919E-02 -1.6084934E-01 -6.1674527E-02
  3.5421560E-02 -1.6214525E-01 -6.2206868E-02
  3.5727826E-02 -1.6345078E-01 -6.2743787E-02
  3.6036740E-02 -1.6476598E-01 -6.3285323E-02
  3.6348325E-02 -1.6609092E-01 -6.3831515E-02
  3.6662604E-02 -1.6742565E-01 -6.4382404E-02
  3.6979600E-02 -1.6877022E-01 -6.4938029E-02
  3.7299336E-02 -1.7012471E-01 -6.5498431E-02
  3.7621837E-02 -1.7148916E-01 -6.6063649E-02
  3.7947126E-02 -1.7286363E-01 -6.6633725E-02
  3.8275227E-02 -1.7424818E-01 -6.7208700E-02
  3.8606165E-02 -1.7564287E-01 -6.7788616E-02
  3.8939964E-02 -1.7704775E-01 -6.8373514E-02
  3.9276648E-02 -1.7846289E-01 -6.8963438E-02
  3.9616244E-02 -1.7988834E-01 -6.9558428E-02
  3.9958775E-02 -1.8132416E-01 -7.0158530E-02
  4.0304268E-02 -1.8277040E-01 -7.0763785E-02
  4.0652748E-02 -1.8422713E-01 -7.1374237E-02
  4.1004241E-02 -1.8569441E-01 -7.1989931E-02
  4.1358772E-02 -1.8717228E-01 -7.2610910E-02
  4.1716369E-02 -1.8866082E-01 -7.3237220E-02
  4.2077057E-02 -1.9016007E-01 -7.3868906E-02
  4.2440864E-02 -1.9167009E-01 -7.4506012E-02
  4.2807816E-02 -1.9319095E-01 -7.5148586E-02
  4.3177940E-02 -1.9472270E-01 -7.5796672E-02
  4.3551264E-02 -1.9626539E-01 -7.6450318E-02
  4.3927816E-02 -1.9781909E-01 -7.7109570E-02
  4.4307623E-02 -1.9938386E-01 -7.7774477E-02
  4.4690714E-02 -2.0095974E-01 -7.8445085E-02
  4.5077117E-02 -2.0254681E-01 -7.9121442E-02
  4.5466861E-02 -2.0414511E-01 -7.9803598E-02
  4.5859974E-02 -2.0575470E-01 -8.0491600E-02
  4.6256486E-02 -2.0737564E-01 -8.1185498E-02
  4.6656425E-02 -2.0900799E-01 -8.1885342E-02
  4.7059823E-02 -2.1065181E-01 -8.2591182E-02
  4.7466708E-02 -2.1230714E-01 -8.3303068E-02
  4.7877111E-02 -2.1397405E-01 -8.4021051E-02
  4.8291062E-02 -2.1565260E-01 -8.4745182E-02
  4.8708592E-02 -2.1734283E-01 -8.5475512E-02
  4.9129731E-02 -2.1904481E-01 -8.6212095E-02
  4.9554512E-02 -2.2075859E-01 -8.6954981E-02
  4.9982965E-02 -2.2248423E-01 -8.7704225E-02
  5.0415122E-02 -2.2422178E-01 -8.8459878E-02
  5.0851015E-02 -2.2597130E-01 -8.9221996E-02
  5.1290677E-02 -2.2773284E-01 -8.9990631E-02
  5.1734140E-02 -2.2950646E-01 -9.0765839E-02
  5.2181437E-02 -2.3129221E-01 -9.1547675E-02
  5.2632601E-02 -2.3309015E-01 -9.2336193E-02
  5.3087666E-02 -2.3490033E-01 -9.3131450E-02
  5.3546665E-02 -2.3672279E-01 -9.3933501E-02
  5.4009632E-02 -2.3855761E-01 -9.4742404E-02
  5.4476602E-02 -2.4040482E-01 -9.5558215E-02
  5.4947609E-02 -2.4226449E-01 -9.6380992E-02
  5.5422688E-02 -2.4413666E-01 -9.7210793E-02
  5.5901874E-02 -2.4602139E-01 -9.8047676E-02
  5.6385203E-02 -2.4791872E-01 -9.8891701E-02
  5.6872711E-02 -2.4982871E-01 -9.9742925E-02
  5.7364433E-02 -2.5175141E-01 -1.0060141E-01
  5.7860407E-02 -2.5368687E-01 -1.0146722E-01
  5.8360669E-02 -2.5563514E-01 -1.0234040E-01
  5.8865256E-02 -2.5759626E-01 -1.0322103E-01
  5.9374205E-02 -2.5957029E-01 -1.0410916E-01
  5.9887554E-02 -2.6155728E-01 -1.0500486E-01
  6.0405341E-02 -2.6355727E-01 -1.0590818E-01
  6.0927605E-02 -2.6557030E-01 -1.0681920E-01
  6.1454385E-02 -2.6759644E-01 -1.0773797E-01
  6.1985718E-02 -2.6963571E-01 -1.0866456E-01
  6.2521645E-02 -2.7168818E-01 -1.0959903E-01
  6.3062206E-02 -2.7375388E-01 -1.1054145E-01
  6.3607439E-02 -2.7583285E-01 -1.1149188E-01
  6.4157387E-02 -2.7792515E-01 -1.1245039E-01
  6.4712090E-02 -2.8003081E-01 -1.1341704E-01
  6.5271588E-02 -2.8214988E-01 -1.1439191E-01
  6.5835923E-02 -2.8428239E-01 -1.1537505E-01
  6.6405137E-02 -2.8642840E-01 -1.1636654E-01
  6.6979272E-02 -2.8858793E-01 -1.1736645E-01
  6.7558371E-02 -2.9076103E-01 -1.1837483E-01
  6.8142476E-02 -2.9294775E-01 -1.1939177E-01
  6.8731632E-02 -2.9514810E-01 -1.2041733E-01
  6.9325881E-02 -2.9736214E-01 -1.2145159E-01
  6.9925268E-02 -2.9958990E-01 -1.2249460E-01
  7.0529836E-02 -3.0183142E-01 -1.2354645E-01
  7.1139631E-02 -3.0408673E-01 -1.2460720E-01
  7.1754699E-02 -3.0635586E-01 -1.2567693E-01
  7.2375084E-02 -3.0863884E-01 -1.2675571E-01
  7.3000832E-02 -3.1093572E-01 -1.2784362E-01
  7.3631991E-02 -3.1324651E-01 -1.2894071E-01
  7.4268606E-02 -3.1557125E-01 -1.3004708E-01
  7.4910725E-02 -3.1790998E-01 -1.3116280E-01
  7.5558395E-02 -3.2026271E-01 -1.3228793E-01
  7.6211665E-02 -3.2262947E-01 -1.3342256E-01
  7.6870583E-02 -3.2501029E-01 -1.3456676E-01
  7.7535197E-02 -3.2740520E-01 -1.3572061E-01
  7.8205558E-02 -3.2981421E-01 -1.3688418E-01
  7.8881714E-02 -3.3223736E-01 -1.3805756E-01
  7.9563715E-02 -3.3467466E-01 -1.3924082E-01
  8.0251613E-02 -3.3712612E-01 -1.4043403E-01
  8.0945458E-02 -3.3959179E-01 -1.4163729E-01
  8.1645302E-02 -3.4207166E-01 -1.4285066E-01
  8.2351196E-02 -3.4456575E-01 -1.4407423E-01
  8.3063193E-02 -3.4707409E-01 -1.4530808E-01
  8.3781346E-02 -3.4959668E-01 -1.4655229E-01
  8.4505708E-02 -3.5213354E-01 -1.4780694E-01
  8.5236332E-02 -3.5468468E-01 -1.4907211E-01
  8.5973272E-02 -3.5725010E-01 -1.5034789E-01
  8.6716584E-02 -3.5982982E-01 -1.5163435E-01
  8.7466322E-02 -3.6242385E-01 -1.5293159E-01
  8.8222542E-02 -3.6503218E-01 -1.5423969E-01
  8.8985300E-02 -3.6765482E-01 -1.5555872E-01
  8.9754652E-02 -3.7029179E-01 -1.5688878E-01
  9.0530656E-02 -3.7294306E-01 -1.5822995E-01
  9.1313369E-02 -3.7560865E-01 -1.5958232E-01
  9.2102848E-02 -3.7828856E-01 -1.6094598E-01
  9.2899154E-02 -3.8098277E-01 -1.6232100E-01
  9.3702343E-02 -3.8369128E-01 -1.6370748E-01
  9.4512477E-02 -3.8641409E-01 -1.6510551E-01
  9.5329614E-02 -3.8915119E-01 -1.6651517E-01
  9.6153817E-02 -3.9190255E-01 -1.6793656E-01
  9.6985144E-02 -3.9466819E-01 -1.6936976E-01
  9.7823659E-02 -3.9744806E-01 -1.7081486E-01
  9.8669424E-02 -4.0024217E-01 -1.7227195E-01
  9.9522501E-02 -4.0305049E-01 -1.7374112E-01
  1.0038295E-01 -4.0587300E-01 -1.7522247E-01
  1.0125084E-01 -4.0870968E-01 -1.7671609E-01
  1.0212624E-01 -4.1156050E-01 -1.7822206E-01
  1.0300920E-01 -4.1442544E-01 -1.7974048E-01
  1.0389980E-01 -4.1730447E-01 -1.8127144E-01
  1.0479809E-01 -4.2019756E-01 -1.8281504E-01
  1.0570415E-01 -4.2310467E-01 -1.8437137E-01
  1.0661805E-01 -4.2602578E-01 -1.8594053E-01
  1.0753985E-01 -4.2896084E-01 -1.8752260E-01
  1.0846961E-01 -4.3190981E-01 -1.8911769E-01
  1.0940742E-01 -4.3487265E-01 -1.9072588E-01
  1.1035333E-01 -4.3784932E-01 -1.9234728E-01
  1.1130742E-01 -4.4083977E-01 -1.9398197E-01
  1.1226976E-01 -4.4384396E-01 -1.9563007E-01
  1.1324041E-01 -4.4686183E-01 -1.9729166E-01
  1.1421946E-01 -4.4989332E-01 -1.9896683E-01
  1.1520698E-01 -4.5293839E-01 -2.0065570E-01
  1.1620303E-01 -4.5599696E-01 -2.0235835E-01
  1.1720770E-01 -4.5906899E-01 -2.0407488E-01
  1.1822104E-01 -4.6215441E-01 -2.0580540E-01
  1.1924315E-01 -4.6525315E-01 -2.0754999E-01
  1.2027410E-01 -4.6836514E-01 -2.0930877E-01
  1.2131396E-01 -4.7149031E-01 -2.1108182E-01
  1.2236281E-01 -4.7462858E-01 -2.1286925E-01
  1.2342073E-01 -4.7777989E-01 -2.1467116E-01
  1.2448779E-01 -4.8094414E-01 -2.1648764E-01
  1.2556408E-01 -4.8412125E-01 -2.1831881E-01
  1.2664968E-01 -4.8731114E-01 -2.2016475E-01
  1.2774466E-01 -4.9051372E-01 -2.2202556E-01
  1.2884911E-01 -4.9372890E-01 -2.2390136E-01
  1.2996310E-01 -4.9695658E-01 -2.2579224E-01
  1.3108673E-01 -5.0019666E-01 -2.2769830E-01
  1.3222007E-01 -5.0344904E-01 -2.2961964E-01
  1.3336321E-01 -5.0671363E-01 -2.3155636E-01
  1.3451623E-01 -5.0999030E-01 -2.3350857E-01
  1.3567922E-01 -5.1327895E-01 -2.3547636E-01
  1.3685227E-01 -5.1657947E-01 -2.3745984E-01
  1.3803545E-01 -5.1989174E-01 -2.3945911E-01
  1.3922887E-01 -5.2321564E-01 -2.4147427E-01
  1.4043260E-01 -5.2655104E-01 -2.4350542E-01
  1.4164674E-01 -5.2989781E-01 -2.4555266E-01
  1.4287138E-01 -5.3325584E-01 -2.4761610E-01
  1.4410660E-01 -5.3662498E-01 -2.4969583E-01
  1.4535251E-01 -5.4000509E-01 -2.5179195E-01
  1.4660918E-01 -5.4339603E-01 -2.5390458E-01
  1.4787673E-01 -5.4679766E-01 -2.5603380E-01
  1.4915522E-01 -5.5020983E-01 -2.5817971E-01
  1.5044478E-01 -5.5363239E-01 -2.6034243E-01
  1.5174548E-01 -5.5706518E-01 -2.6252205E-01
  1.5305742E-01 -5.6050805E-01 -2.6471866E-01
  1.5438071E-01 -5.6396082E-01 -2.6693237E-01
  1.5571544E-01 -5.6742333E-01 -2.6916328E-01
  1.5706171E-01 -5.7089542E-01 -2.7141148E-01
  1.5841962E-01 -5.7437690E-01 -2.7367708E-01
  1.5978927E-01 -5.7786760E-01 -2.7596017E-01
  1.6117075E-01 -5.8136733E-01 -2.7826084E-01
  1.6256419E-01 -5.8487591E-01 -2.8057921E-01
  1.6396967E-01 -5.8839314E-01 -2.8291535E-01
  1.6538730E-01 -5.9191884E-01 -2.8526938E-01
  1.6681718E-01 -5.9545280E-01 -2.8764137E-01
  1.6825943E-01 -5.9899482E-01 -2.9003144E-01
  1.6971415E-01 -6.0254470E-01 -2.9243966E-01
  1.7118145E-01 -6.0610221E-01 -2.9486614E-01
  1.7266143E-01 -6.0966715E-01 -2.9731096E-01
  1.7415420E-01 -6.1323930E-01 -2.9977422E-01
  1.7565988E-01 -6.1681843E-01 -3.0225601E-01
  1.7717858E-01 -6.2040431E-01 -3.0475641E-01
  1.7871041E-01 -6.2399671E-01 -3.0727552E-01
  1.8025548E-01 -6.2759540E-01 -3.0981342E-01
  1.8181391E-01 -6.3120013E-01 -3.1237019E-01
  1.8338581E-01 -6.3481065E-01 -3.1494593E-01
  1.8497131E-01 -6.3842671E-01 -3.1754072E-01
  1.8657051E-01 -6.4204807E-01 -3.2015464E-01
  1.8818353E-01 -6.4567446E-01 -3.2278776E-01
  1.8981051E-01 -6.4930561E-01 -3.2544017E-01
  1.9145154E-01 -6.5294126E-01 -3.2811196E-01
  1.9310677E-01 -6.5658114E-01 -3.3080318E-01
  1.9477630E-01 -6.6022496E-01 -3.3351393E-01
  1.9646027E-01 -6.6387245E-01 -3.3624426E-01
  1.9815880E-01 -6.6752331E-01 -3.3899427E-01
  1.9987202E-01 -6.7117725E-01 -3.4176400E-01
  2.0160004E-01 -6.7483399E-01 -3.4455354E-01
  2.0334301E-01 -6.7849321E-01 -3.4736294E-01
  2.0510104E-01 -6.8215461E-01 -3.5019227E-01
  2.0687427E-01 -6.8581788E-01 -3.5304160E-01
  2.0866283E-01 -6.8948270E-01 -3.5591098E-01
  2.1046686E-01 -6.9314876E-01 -3.5880047E-01
  2.1228648E-01 -6.9681572E-01 -3.6171012E-01
  2.1412184E-01 -7.0048326E-01 -3.6463999E-01
  2.1597306E-01 -7.0415104E-01 -3.6759012E-01
  2.1784029E-01 -7.0781873E-01 -3.7056057E-01
  2.1972366E-01 -7.1148597E-01 -3.7355137E-01
  2.2162331E-01 -7.1515242E-01 -3.7656258E-01
  2.2353938E-01 -7.1881772E-01 -3.7959422E-01
  2.2547202E-01 -7.2248152E-01 -3.8264633E-01
  2.2742137E-01 -7.2614345E-01 -3.8571895E-01
  2.2938758E-01 -7.2980313E-01 -3.8881210E-01
  2.3137078E-01 -7.3346020E-01 -3.9192581E-01
  2.3337113E-01 -7.3711428E-01 -3.9506010E-01
  2.3538877E-01 -7.4076498E-01 -3.9821500E-01
  2.3742385E-01 -7.4441191E-01 -4.0139050E-01
  2.3947653E-01 -7.4805468E-01 -4.0458664E-01
  2.4154696E-01 -7.5169289E-01 -4.0780340E-01
  2.4363529E-01 -7.5532614E-01 -4.1104080E-01
  2.4574167E-01 -7.5895401E-01 -4.1429884E-01
  2.4786626E-01 -7.6257610E-01 -4.1757750E-01
  2.5000922E-01 -7.6619198E-01 -4.2087678E-01
  2.5217071E-01 -7.6980124E-01 -4.2419667E-01
  2.5435088E-01 -7.7340343E-01 -4.2753713E-01
  2.5654990E-01 -7.7699814E-01 -4.3089816E-01
  2.5876794E-01 -7.8058492E-01 -4.3427971E-01
  2.6100515E-01 -7.8416333E-01 -4.3768176E-01
  2.6326170E-01 -7.8773291E-01 -4.4110425E-01
  2.6553776E-01 -7.9129323E-01 -4.4454716E-01
  2.6783350E-01 -7.9484381E-01 -4.4801042E-01
  2.7014908E-01 -7.9838421E-01 -4.5149398E-01
  2.7248469E-01 -8.0191394E-01 -4.5499777E-01
  2.7484049E-01 -8.0543255E-01 -4.5852173E-01
  2.7721665E-01 -8.0893955E-01 -4.6206577E-01
  2.7961336E-01 -8.1243446E-01 -4.6562982E-01
  2.8203079E-01 -8.1591680E-01 -4.6921378E-01
  2.8446912E-01 -8.1938608E-01 -4.7281756E-01
  2.8692853E-01 -8.2284180E-01 -4.7644105E-01
  2.8940921E-01 -8.2628347E-01 -4.8008415E-01
  2.9191133E-01 -8.2971057E-01 -4.8374673E-01
  2.9443508E-01 -8.3312261E-01 -4.8742866E-01
  2.9698065E-01 -8.3651906E-01 -4.9112983E-01
  2.9954823E-01 -8.3989942E-01 -4.9485007E-01
  3.0213800E-01 -8.4326316E-01 -4.9858923E-01
  3.0475017E-01 -8.4660975E-01 -5.0234717E-01
  3.0738492E-01 -8.4993868E-01 -5.0612371E-01
  3.1004245E-01 -8.5324939E-01 -5.0991867E-01
  3.1272295E-01 -8.5654136E-01 -5.1373187E-01
  3.1542663E-01 -8.5981405E-01 -5.1756311E-01
  3.1815369E-01 -8.6306691E-01 -5.2141218E-01
  3.2090432E-01 -8.6629938E-01 -5.2527886E-01
  3.2367873E-01 -8.6951092E-01 -5.2916293E-01
  3.2647713E-01 -8.7270097E-01 -5.3306416E-01
  3.2929972E-01 -8.7586896E-01 -5.3698229E-01
  3.3214671E-01 -8.7901435E-01 -5.4091707E-01
  3.3501832E-01 -8.8213654E-01 -5.4486822E-01
  3.3791475E-01 -8.8523499E-01 -5.4883546E-01
  3.4083623E-01 -8.8830910E-01 -5.5281850E-01
  3.4378296E-01 -8.9135831E-01 -5.5681703E-01
  3.4675517E-01 -8.9438203E-01 -5.6083074E-01
  3.4975307E-01 -8.9737967E-01 -5.6485928E-01
  3.5277690E-01 -9.0035066E-01 -5.6890233E-01
  3.5582686E-01 -9.0329440E-01 -5.7295952E-01
  3.5890320E-01 -9.0621030E-01 -5.7703047E-01
  3.6200613E-01 -9.0909776E-01 -5.8111481E-01
  3.6513588E-01 -9.1195619E-01 -5.8521213E-01
  3.6829270E-01 -9.1478498E-01 -5.8932202E-01
  3.7147681E-01 -9.1758354E-01 -5.9344405E-01
  3.7468844E-01 -9.2035125E-01 -5.9757778E-01
  3.7792785E-01 -9.2308751E-01 -6.0172275E-01
  3.8119526E-01 -9.2579172E-01 -6.0587848E-01
  3.8449091E-01 -9.2846325E-01 -6.1004448E-01
  3.8781506E-01 -9.3110150E-01 -6.1422024E-01
  3.9116795E-01 -9.3370586E-01 -6.1840524E-01
  3.9454983E-01 -9.3627570E-01 -6.2259893E-01
  3.9796094E-01 -9.3881041E-01 -6.2680076E-01
  4.0140155E-01 -9.4130937E-01 -6.3101015E-01
  4.0487190E-01 -9.4377196E-01 -6.3522651E-01
  4.0837225E-01 -9.4619757E-01 -6.3944921E-01
  4.1190287E-01 -9.4858556E-01 -6.4367763E-01
  4.1546401E-01 -9.5093532E-01 -6.4791112E-01
  4.1905594E-01 -9.5324623E-01 -6.5214900E-01
  4.2267892E-01 -9.5551766E-01 -6.5639058E-01
  4.2633322E-01 -9.5774899E-01 -6.6063515E-01
  4.3001912E-01 -9.5993960E-01 -6.6488199E-01
  4.3373688E-01 -9.6208886E-01 -6.6913032E-01
  4.3748679E-01 -9.6419616E-01 -6.7337939E-01
  4.4126912E-01 -9.6626087E-01 -6.7762840E-01
  4.4508414E-01 -9.6828236E-01 -6.8187652E-01
  4.4893215E-01 -9.7026003E-01 -6.8612293E-01
  4.5281343E-01 -9.7219324E-01 -6.9036674E-01
  4.5672826E-01 -9.7408139E-01 -6.9460709E-01
  4.6067694E-01 -9.7592386E-01 -6.9884306E-01
  4.6465976E-01 -9.7772003E-01 -7.0307372E-01
  4.6867701E-01 -9.7946929E-01 -7.0729812E-01
  4.7272899E-01 -9.8117103E-01 -7.1151526E-01
  4.7681600E-01 -9.8282464E-01 -7.1572416E-01
  4.8093835E-01 -9.8442951E-01 -7.1992377E-01
  4.8509634E-01 -9.8598505E-01 -7.2411305E-01
  4.8929027E-01 -9.8749066E-01 -7.2829092E-01
  4.9352047E-01 -9.8894573E-01 -7.3245627E-01
  4.9778723E-01 -9.9034967E-01 -7.3660796E-01
  5.0209089E-01 -9.9170191E-01 -7.4074485E-01
  5.0643175E-01 -9.9300184E-01 -7.4486575E-01
  5.1081014E-01 -9.9424889E-01 -7.4896945E-01
  5.1522639E-01 -9.9544248E-01 -7.5305471E-01
  5.1968081E-01 -9.9658204E-01 -7.5712028E-01
  5.2417375E-01 -9.9766701E-01 -7.6116486E-01
  5.2870553E-01 -9.9869683E-01 -7.6518713E-01
  5.3327649E-01 -9.9967093E-01 -7.6918575E-01
  5.3788696E-01 -1.0005888E+00 -7.7315936E-01
  5.4253730E-01 -1.0014498E+00 -7.7710655E-01
  5.4722784E-01 -1.0022535E+00 -7.8102590E-01
  5.5195894E-01 -1.0029993E+00 -7.8491595E-01
  5.5673093E-01 -1.0036867E+00 -7.8877522E-01
  5.6154419E-01 -1.0043152E+00 -7.9260222E-01
  5.6639905E-01 -1.0048843E+00 -7.9639540E-01
  5.7129589E-01 -1.0053935E+00 -8.0015320E-01
  5.7623506E-01 -1.0058423E+00 -8.0387404E-01
  5.8121694E-01 -1.0062301E+00 -8.0755630E-01
  5.8624189E-01 -1.0065567E+00 -8.1119835E-01
  5.9131028E-01 -1.0068213E+00 -8.1479851E-01
  5.9642249E-01 -1.0070237E+00 -8.1835510E-01
  6.0157889E-01 -1.0071634E+00 -8.2186639E-01
  6.0677988E-01 -1.0072399E+00 -8.2533066E-01
  6.1202583E-01 -1.0072529E+00 -8.2874613E-01
  6.1731714E-01 -1.0072018E+00 -8.3211102E-01
  6.2265419E-01 -1.0070864E+00 -8.3542350E-01
  6.2803738E-01 -1.0069062E+00 -8.3868177E-01
  6.3346712E-01 -1.0066608E+00 -8.4188394E-01
  6.3894379E-01 -1.0063500E+00 -8.4502816E-01
  6.4446782E-01 -1.0059732E+00 -8.4811253E-01
  6.5003960E-01 -1.0055304E+00 -8.5113514E-01
  6.5565956E-01 -1.0050210E+00 -8.5409405E-01
  6.6132810E-01 -1.0044448E+00 -8.5698732E-01
  6.6704565E-01 -1.0038016E+00 -8.5981299E-01
  6.7281263E-01 -1.0030910E+00 -8.6256909E-01
  6.7862947E-01 -1.0023128E+00 -8.6525362E-01
  6.8449660E-01 -1.0014667E+00 -8.6786461E-01
  6.9041445E-01 -1.0005527E+00 -8.7040003E-01
  6.9638346E-01 -9.9957034E-01 -8.7285789E-01
  7.0240408E-01 -9.9851959E-01 -8.7523616E-01
  7.0847676E-01 -9.9740027E-01 -8.7753283E-01
  7.1460193E-01 -9.9621224E-01 -8.7974588E-01
  7.2078006E-01 -9.9495538E-01 -8.8187330E-01
  7.2701160E-01 -9.9362959E-01 -8.8391307E-01
  7.3329702E-01 -9.9223482E-01 -8.8586318E-01
  7.3963677E-01 -9.9077101E-01 -8.8772165E-01
  7.4603134E-01 -9.8923815E-01 -8.8948650E-01
  7.5248119E-01 -9.8763624E-01 -8.9115575E-01
  7.5898681E-01 -9.8596530E-01 -8.9272747E-01
  7.6554867E-01 -9.8422540E-01 -8.9419972E-01
  7.7216726E-01 -9.8241663E-01 -8.9557062E-01
  7.7884307E-01 -9.8053910E-01 -8.9683831E-01
  7.8557659E-01 -9.7859295E-01 -8.9800093E-01
  7.9236833E-01 -9.7657836E-01 -8.9905672E-01
  7.9921879E-01 -9.7449554E-01 -9.0000391E-01
  8.0612848E-01 -9.7234474E-01 -9.0084081E-01
  8.1309790E-01 -9.7012622E-01 -9.0156576E-01
  8.2012758E-01 -9.6784031E-01 -9.0217718E-01
  8.2721803E-01 -9.6548735E-01 -9.0267354E-01
  8.3436978E-01 -9.6306772E-01 -9.0305337E-01
  8.4158336E-01 -9.6058186E-01 -9.0331529E-01
  8.4885931E-01 -9.5803024E-01 -9.0345800E-01
  8.5619817E-01 -9.5541336E-01 -9.0348027E-01
  8.6360047E-01 -9.5273179E-01 -9.0338098E-01
  8.7106676E-01 -9.4998611E-01 -9.0315910E-01
  8.7859761E-01 -9.4717699E-01 -9.0281372E-01
  8.8619357E-01 -9.4430511E-01 -9.0234401E-01
  8.9385519E-01 -9.4137124E-01 -9.0174929E-01
  9.0158306E-01 -9.3837616E-01 -9.0102900E-01
  9.0937773E-01 -9.3532073E-01 -9.0018273E-01
  9.1723980E-01 -9.3220588E-01 -8.9921017E-01
  9.2516984E-01 -9.2903257E-01 -8.9811122E-01
  9.3316843E-01 -9.2580183E-01 -8.9688589E-01
  9.4123618E-01 -9.2251477E-01 -8.9553438E-01
  9.4937368E-01 -9.1917254E-01 -8.9405707E-01
  9.5758153E-01 -9.1577639E-01 -8.9245452E-01
  9.6586034E-01 -9.1232761E-01 -8.9072748E-01
  9.7421073E-01 -9.0882758E-01 -8.8887690E-01
  9.8263331E-01 -9.0527776E-01 -8.8690396E-01
  9.9112870E-01 -9.0167968E-01 -8.8481003E-01
  9.9969755E-01 -8.9803495E-01 -8.8259673E-01
  1.0083405E+00 -8.9434530E-01 -8.8026592E-01
  1.0170581E+00 -8.9061249E-01 -8.7781968E-01
  1.0258511E+00 -8.8683842E-01 -8.7526036E-01
  1.0347202E+00 -8.8302508E-01 -8.7259057E-01
  1.0436659E+00 -8.7917453E-01 -8.6981317E-01
  1.0526889E+00 -8.7528897E-01 -8.6693133E-01
  1.0617900E+00 -8.7137068E-01 -8.6394845E-01
  1.0709698E+00 -8.6742206E-01 -8.6086825E-01
  1.0802289E+00 -8.6344563E-01 -8.5769472E-01
  1.0895680E+00 -8.5944402E-01 -8.5443215E-01
  1.0989879E+00 -8.5541999E-01 -8.5108512E-01
  1.1084893E+00 -8.5137641E-01 -8.4765850E-01
  1.1180728E+00 -8.4731629E-01 -8.4415745E-01
  1.1277391E+00 -8.4324278E-01 -8.4058743E-01
  1.1374890E+00 -8.3915915E-01 -8.3695418E-01
  1.1473232E+00 -8.3506884E-01 -8.3326372E-01
  1.1572424E+00 -8.3097539E-01 -8.2952235E-01
  1.1672474E+00 -8.2688252E-01 -8.2573661E-01
  1.1773389E+00 -8.2279410E-01 -8.2191331E-01
  1.1875176E+00 -8.1871413E-01 -8.1805949E-01
  1.1977844E+00 -8.1464679E-01 -8.1418240E-01
  1.2081399E+00 -8.1059640E-01 -8.1028948E-01
  1.2185849E+00 -8.0656743E-01 -8.0638837E-01
  1.2291202E+00 -8.0256453E-01 -8.0248683E-01
  1.2397466E+00 -7.9859249E-01 -7.9859276E-01
  1.2504649E+00 -7.9465628E-01 -7.9471413E-01
  1.2612758E+00 -7.9076098E-01 -7.9085900E-01
  1.2721802E+00 -7.8691188E-01 -7.8703543E-01
  1.2831789E+00 -7.8311436E-01 -7.8325150E-01
  1.2942727E+00 -7.7937397E-01 -7.7951521E-01
  1.3054623E+00 -7.7569641E-01 -7.7583451E-01
  1.3167488E+00 -7.7208748E-01 -7.7221725E-01
  1.3281327E+00 -7.6855309E-01 -7.6867111E-01
  1.3396152E+00 -7.6509930E-01 -7.6520363E-01
  1.3511969E+00 -7.6173220E-01 -7.6182215E-01
  1.3628787E+00 -7.5845801E-01 -7.5853380E-01
  1.3746615E+00 -7.5528297E-01 -7.5534550E-01
  1.3865462E+00 -7.5221339E-01 -7.5226396E-01
  1.3985336E+00 -7.4925557E-01 -7.4929567E-01
  1.4106247E+00 -7.4641583E-01 -7.4644698E-01
  1.4228203E+00 -7.4370043E-01 -7.4372408E-01
  1.4351213E+00 -7.4111561E-01 -7.4113308E-01
  1.4475287E+00 -7.3866750E-01 -7.3868001E-01
  1.4600434E+00 -7.3636212E-01 -7.3637075E-01
  1.4726662E+00 -7.3420534E-01 -7.3421103E-01
  1.4853982E+00 -7.3220285E-01 -7.3220641E-01
  1.4982402E+00 -7.3036014E-01 -7.3036222E-01
  1.5111933E+00 -7.2868244E-01 -7.2868355E-01
  1.5242584E+00 -7.2717470E-01 -7.2717522E-01
  1.5374364E+00 -7.2584156E-01 -7.2584178E-01
  1.5507284E+00 -7.2468734E-01 -7.2468741E-01
  1.5641352E+00 -7.2371595E-01 -7.2371596E-01
  1.5776580E+00 -7.2293091E-01 -7.2293091E-01
  1.5912977E+00 -7.2233532E-01 -7.2233532E-01
  1.6050553E+00 -7.2193182E-01 -7.2193182E-01
  1.6189319E+00 -7.2172256E-01 -7.2172256E-01
  1.6329284E+00 -7.2170924E-01 -7.2170924E-01
  1.6470459E+00 -7.2189302E-01 -7.2189302E-01
  1.6612855E+00 -7.2227455E-01 -7.2227455E-01
  1.6756482E+00 -7.2285399E-01 -7.2285399E-01
  1.6901351E+00 -7.2363096E-01 -7.2363096E-01
  1.7047472E+00 -7.2460457E-01 -7.2460457E-01
  1.7194856E+00 -7.2577343E-01 -7.2577343E-01
  1.7343515E+00 -7.2713565E-01 -7.2713565E-01
  1.7493459E+00 -7.2868886E-01 -7.2868886E-01
  1.7644699E+00 -7.3043024E-01 -7.3043024E-01
  1.7797247E+00 -7.3235653E-01 -7.3235653E-01
  1.7951113E+00 -7.3446406E-01 -7.3446406E-01
  1.8106310E+00 -7.3674877E-01 -7.3674877E-01
  1.8262849E+00 -7.3920626E-01 -7.3920626E-01
  1.8420741E+00 -7.4183180E-01 -7.4183180E-01
  1.8579998E+00 -7.4462037E-01 -7.4462037E-01
  1.8740632E+00 -7.4756668E-01 -7.4756668E-01
  1.8902654E+00 -7.5066525E-01 -7.5066525E-01
  1.9066078E+00 -7.5391036E-01 -7.5391036E-01
  1.9230914E+00 -7.5729616E-01 -7.5729616E-01
  1.9397176E+00 -7.6081665E-01 -7.6081665E-01
  1.9564874E+00 -7.6446575E-01 -7.6446575E-01
  1.9734023E+00 -7.6823729E-01 -7.6823729E-01
  1.9904634E+00 -7.7212504E-01 -7.7212504E-01
  2.0076720E+00 -7.7612278E-01 -7.7612278E-01
  2.0250294E+00 -7.8022426E-01 -7.8022426E-01
  2.0425368E+00 -7.8442326E-01 -7.8442326E-01
  2.0601956E+00 -7.8871360E-01 -7.8871360E-01
  2.0780071E+00 -7.9308915E-01 -7.9308915E-01
  2.0959726E+00 -7.9754386E-01 -7.9754386E-01
  2.1140934E+00 -8.0207176E-01 -8.0207176E-01
  2.1323708E+00 -8.0666696E-01 -8.0666696E-01
  2.1508063E+00 -8.1132369E-01 -8.1132369E-01
  2.1694011E+00 -8.1603629E-01 -8.1603629E-01
  2.1881568E+00 -8.2079922E-01 -8.2079922E-01
  2.2070745E+00 -8.2560706E-01 -8.2560706E-01
  2.2261558E+00 -8.3045451E-01 -8.3045451E-01
  2.2454021E+00 -8.3533641E-01 -8.3533641E-01
  2.2648148E+00 -8.4024775E-01 -8.4024775E-01
  2.2843953E+00 -8.4518362E-01 -8.4518362E-01
  2.3041451E+00 -8.5013926E-01 -8.5013926E-01
  2.3240657E+00 -8.5511004E-01 -8.5511004E-01
  2.3441584E+00 -8.6009148E-01 -8.6009148E-01
  2.3644249E+00 -8.6507919E-01 -8.6507919E-01
  2.3848666E+00 -8.7006896E-01 -8.7006896E-01
  2.4054850E+00 -8.7505665E-01 -8.7505665E-01
  2.4262817E+00 -8.8003829E-01 -8.8003829E-01
  2.4472582E+00 -8.8501000E-01 -8.8501000E-01
  2.4684160E+00 -8.8996802E-01 -8.8996802E-01
  2.4897568E+00 -8.9490871E-01 -8.9490871E-01
  2.5112820E+00 -8.9982853E-01 -8.9982853E-01
  2.5329934E+00 -9.0472406E-01 -9.0472406E-01
  2.5548924E+00 -9.0959196E-01 -9.0959196E-01
  2.5769808E+00 -9.1442899E-01 -9.1442899E-01
  2.5992601E+00 -9.1923203E-01 -9.1923203E-01
  2.6217321E+00 -9.2399802E-01 -9.2399802E-01
  2.6443984E+00 -9.2872399E-01 -9.2872399E-01
  2.6672606E+00 -9.3340706E-01 -9.3340706E-01
  2.6903204E+00 -9.3804444E-01 -9.3804444E-01
  2.7135797E+00 -9.4263339E-01 -9.4263339E-01
  2.7370400E+00 -9.4717126E-01 -9.4717126E-01
  2.7607031E+00 -9.5165547E-01 -9.5165547E-01
  2.7845708E+00 -9.5608349E-01 -9.5608349E-01
  2.8086449E+00 -9.6045288E-01 -9.6045288E-01
  2.8329271E+00 -9.6476123E-01 -9.6476123E-01
  2.8574192E+00 -9.6900621E-01 -9.6900621E-01
  2.8821231E+00 -9.7318554E-01 -9.7318554E-01
  2.9070406E+00 -9.7729698E-01 -9.7729698E-01
  2.9321735E+00 -9.8133837E-01 -9.8133837E-01
  2.9575236E+00 -9.8530757E-01 -9.8530757E-01
  2.9830930E+00 -9.8920250E-01 -9.8920250E-01
  3.0088834E+00 -9.9302112E-01 -9.9302112E-01
  3.0348967E+00 -9.9676144E-01 -9.9676144E-01
  3.0611350E+00 -1.0004215E+00 -1.0004215E+00
  3.0876001E+00 -1.0039994E+00 -1.0039994E+00
  3.1142940E+00 -1.0074933E+00 -1.0074933E+00
  3.1412187E+00 -1.0109012E+00 -1.0109012E+00
  3.1683762E+00 -1.0142215E+00 -1.0142215E+00
  3.1957685E+00 -1.0174524E+00 -1.0174524E+00
  3.2233976E+00 -1.0205921E+00 -1.0205921E+00
  3.2512655E+00 -1.0236389E+00 -1.0236389E+00
  3.2793744E+00 -1.0265912E+00 -1.0265912E+00
  3.3077263E+00 -1.0294473E+00 -1.0294473E+00
  3.3363233E+00 -1.0322056E+00 -1.0322056E+00
  3.3651676E+00 -1.0348646E+00 -1.0348646E+00
  3.3942612E+00 -1.0374228E+00 -1.0374228E+00
  3.4236063E+00 -1.0398785E+00 -1.0398785E+00
  3.4532052E+00 -1.0422304E+00 -1.0422304E+00
  3.4830600E+00 -1.0444769E+00 -1.0444769E+00
  3.5131728E+00 -1.0466167E+00 -1.0466167E+00
  3.5435460E+00 -1.0486484E+00 -1.0486484E+00
  3.5741818E+00 -1.0505705E+00 -1.0505705E+00
  3.6050825E+00 -1.0523819E+00 -1.0523819E+00
  3.6362503E+00 -1.0540811E+00 -1.0540811E+00
  3.6676876E+00 -1.0556668E+00 -1.0556668E+00
  3.6993967E+00 -1.0571380E+00 -1.0571380E+00
  3.7313799E+00 -1.0584932E+00 -1.0584932E+00
  3.7636396E+00 -1.0597315E+00 -1.0597315E+00
  3.7961782E+00 -1.0608515E+00 -1.0608515E+00
  3.8289981E+00 -1.0618522E+00 -1.0618522E+00
  3.8621018E+00 -1.0627324E+00 -1.0627324E+00
  3.8954917E+00 -1.0634912E+00 -1.0634912E+00
  3.9291703E+00 -1.0641275E+00 -1.0641275E+00
  3.9631400E+00 -1.0646403E+00 -1.0646403E+00
  3.9974034E+00 -1.0650286E+00 -1.0650286E+00
  4.0319630E+00 -1.0652915E+00 -1.0652915E+00
  4.0668214E+00 -1.0654282E+00 -1.0654282E+00
  4.1019812E+00 -1.0654377E+00 -1.0654377E+00
  4.1374450E+00 -1.0653193E+00 -1.0653193E+00
  4.1732153E+00 -1.0650721E+00 -1.0650721E+00
  4.2092949E+00 -1.0646954E+00 -1.0646954E+00
  4.2456865E+00 -1.0641886E+00 -1.0641886E+00
  4.2823926E+00 -1.0635508E+00 -1.0635508E+00
  4.3194161E+00 -1.0627816E+00 -1.0627816E+00
  4.3567597E+00 -1.0618802E+00 -1.0618802E+00
  4.3944262E+00 -1.0608462E+00 -1.0608462E+00
  4.4324183E+00 -1.0596791E+00 -1.0596791E+00
  4.4707388E+00 -1.0583783E+00 -1.0583783E+00
  4.5093907E+00 -1.0569435E+00 -1.0569435E+00
  4.5483767E+00 -1.0553742E+00 -1.0553742E+00
  4.5876998E+00 -1.0536701E+00 -1.0536701E+00
  4.6273628E+00 -1.0518310E+00 -1.0518310E+00
  4.6673688E+00 -1.0498565E+00 -1.0498565E+00
  4.7077206E+00 -1.0477466E+00 -1.0477466E+00
  4.7484213E+00 -1.0455009E+00 -1.0455009E+00
  4.7894739E+00 -1.0431195E+00 -1.0431195E+00
  4.8308814E+00 -1.0406023E+00 -1.0406023E+00
  4.8726468E+00 -1.0379492E+00 -1.0379492E+00
  4.9147734E+00 -1.0351603E+00 -1.0351603E+00
  4.9572641E+00 -1.0322357E+00 -1.0322357E+00
  5.0001223E+00 -1.0291755E+00 -1.0291755E+00
  5.0433509E+00 -1.0259800E+00 -1.0259800E+00
  5.0869533E+00 -1.0226494E+00 -1.0226494E+00
  5.1309326E+00 -1.0191839E+00 -1.0191839E+00
  5.1752922E+00 -1.0155840E+00 -1.0155840E+00
  5.2200353E+00 -1.0118501E+00 -1.0118501E+00
  5.2651652E+00 -1.0079826E+00 -1.0079826E+00
  5.3106853E+00 -1.0039820E+00 -1.0039820E+00
  5.3565989E+00 -9.9984901E-01 -9.9984901E-01
  5.4029095E+00 -9.9558416E-01 -9.9558416E-01
  5.4496204E+00 -9.9118819E-01 -9.9118819E-01
  5.4967352E+00 -9.8666183E-01 -9.8666183E-01
  5.5442573E+00 -9.8200590E-01 -9.8200590E-01
  5.5921903E+00 -9.7722127E-01 -9.7722127E-01
  5.6405377E+00 -9.7230887E-01 -9.7230887E-01
  5.6893031E+00 -9.6726968E-01 -9.6726968E-01
  5.7384900E+00 -9.6210476E-01 -9.6210476E-01
  5.7881022E+00 -9.5681520E-01 -9.5681520E-01
  5.8381434E+00 -9.5140218E-01 -9.5140218E-01
  5.8886172E+00 -9.4586692E-01 -9.4586692E-01
  5.9395273E+00 -9.4021072E-01 -9.4021072E-01
  5.9908776E+00 -9.3443491E-01 -9.3443491E-01
  6.0426718E+00 -9.2854090E-01 -9.2854090E-01
  6.0949138E+00 -9.2253016E-01 -9.2253016E-01
  6.1476075E+00 -9.1640422E-01 -9.1640422E-01
  6.2007568E+00 -9.1016467E-01 -9.1016467E-01
  6.2543655E+00 -9.0381315E-01 -9.0381315E-01
  6.3084377E+00 -8.9735137E-01 -8.9735137E-01
  6.3629774E+00 -8.9078110E-01 -8.9078110E-01
  6.4179887E+00 -8.8410416E-01 -8.8410416E-01
  6.4734755E+00 -8.7732243E-01 -8.7732243E-01
  6.5294420E+00 -8.7043785E-01 -8.7043785E-01
  6.5858924E+00 -8.6345242E-01 -8.6345242E-01
  6.6428309E+00 -8.5636821E-01 -8.5636821E-01
  6.7002616E+00 -8.4918731E-01 -8.4918731E-01
  6.7581888E+00 -8.4191189E-01 -8.4191189E-01
  6.8166169E+00 -8.3454418E-01 -8.3454418E-01
  6.8755500E+00 -8.2708645E-01 -8.2708645E-01
  6.9349927E+00 -8.1954103E-01 -8.1954103E-01
  6.9949493E+00 -8.1191029E-01 -8.1191029E-01
  7.0554243E+00 -8.0419668E-01 -8.0419668E-01
  7.1164220E+00 -7.9640266E-01 -7.9640266E-01
  7.1779472E+00 -7.8853076E-01 -7.8853076E-01
  7.2400042E+00 -7.8058357E-01 -7.8058357E-01
  7.3025978E+00 -7.7256370E-01 -7.7256370E-01
  7.3657326E+00 -7.6447382E-01 -7.6447382E-01
  7.4294131E+00 -7.5631664E-01 -7.5631664E-01
  7.4936442E+00 -7.4809491E-01 -7.4809491E-01
  7.5584306E+00 -7.3981143E-01 -7.3981143E-01
  7.6237772E+00 -7.3146901E-01 -7.3146901E-01
  7.6896887E+00 -7.2307053E-01 -7.2307053E-01
  7.7561700E+00 -7.1461889E-01 -7.1461889E-01
  7.8232261E+00 -7.0611703E-01 -7.0611703E-01
  7.8908619E+00 -6.9756791E-01 -6.9756791E-01
  7.9590825E+00 -6.8897452E-01 -6.8897452E-01
  8.0278929E+00 -6.8033989E-01 -6.8033989E-01
  8.0972981E+00 -6.7166707E-01 -6.7166707E-01
  8.1673035E+00 -6.6295913E-01 -6.6295913E-01
  8.2379140E+00 -6.5421916E-01 -6.5421916E-01
  8.3091350E+00 -6.4545028E-01 -6.4545028E-01
  8.3809718E+00 -6.3665560E-01 -6.3665560E-01
  8.4534296E+00 -6.2783829E-01 -6.2783829E-01
  8.5265139E+00 -6.1900148E-01 -6.1900148E-01
  8.6002300E+00 -6.1014835E-01 -6.1014835E-01
  8.6745834E+00 -6.0128207E-01 -6.0128207E-01
  8.7495797E+00 -5.9240581E-01 -5.9240581E-01
  8.8252243E+00 -5.8352276E-01 -5.8352276E-01
  8.9015229E+00 -5.7463609E-01 -5.7463609E-01
  8.9784812E+00 -5.6574899E-01 -5.6574899E-01
  9.0561048E+00 -5.5686462E-01 -5.5686462E-01
  9.1343995E+00 -5.4798614E-01 -5.4798614E-01
  9.2133710E+00 -5.3911673E-01 -5.3911673E-01
  9.2930254E+00 -5.3025951E-01 -5.3025951E-01
  9.3733684E+00 -5.2141761E-01 -5.2141761E-01
  9.4544060E+00 -5.1259414E-01 -5.1259414E-01
  9.5361442E+00 -5.0379219E-01 -5.0379219E-01
  9.6185891E+00 -4.9501482E-01 -4.9501482E-01
  9.7017467E+00 -4.8626509E-01 -4.8626509E-01
  9.7856233E+00 -4.7754598E-01 -4.7754598E-01
  9.8702251E+00 -4.6886050E-01 -4.6886050E-01
  9.9555583E+00 -4.6021158E-01 -4.6021158E-01
  1.0041629E+01 -4.5160214E-01 -4.5160214E-01
  1.0128444E+01 -4.4303505E-01 -4.4303505E-01
  1.0216010E+01 -4.3451315E-01 -4.3451315E-01
  1.0304333E+01 -4.2603923E-01 -4.2603923E-01
  1.0393419E+01 -4.1761603E-01 -4.1761603E-01
  1.0483275E+01 -4.0924625E-01 -4.0924625E-01
  1.0573909E+01 -4.0093255E-01 -4.0093255E-01
  1.0665325E+01 -3.9267751E-01 -3.9267751E-01
  1.0757533E+01 -3.8448368E-01 -3.8448368E-01
  1.0850537E+01 -3.7635355E-01 -3.7635355E-01
  1.0944346E+01 -3.6828954E-01 -3.6828954E-01
  1.1038965E+01 -3.6029403E-01 -3.6029403E-01
  1.1134403E+01 -3.5236932E-01 -3.5236932E-01
  1.1230665E+01 -3.4451765E-01 -3.4451765E-01
  1.1327760E+01 -3.3674119E-01 -3.3674119E-01
  1.1425695E+01 -3.2904207E-01 -3.2904207E-01
  1.1524476E+01 -3.2142231E-01 -3.2142231E-01
  1.1624111E+01 -3.1388390E-01 -3.1388390E-01
  1.1724607E+01 -3.0642872E-01 -3.0642872E-01
  1.1825972E+01 -2.9905860E-01 -2.9905860E-01
  1.1928214E+01 -2.9177529E-01 -2.9177529E-01
  1.2031339E+01 -2.8458048E-01 -2.8458048E-01
  1.2135357E+01 -2.7747575E-01 -2.7747575E-01
  1.2240273E+01 -2.7046264E-01 -2.7046264E-01
  1.2346096E+01 -2.6354257E-01 -2.6354257E-01
  1.2452835E+01 -2.5671693E-01 -2.5671693E-01
  1.2560496E+01 -2.4998698E-01 -2.4998698E-01
  1.2669088E+01 -2.4335394E-01 -2.4335394E-01
  1.2778619E+01 -2.3681893E-01 -2.3681893E-01
  1.2889096E+01 -2.3038299E-01 -2.3038299E-01
  1.3000529E+01 -2.2404708E-01 -2.2404708E-01
  1.3112926E+01 -2.1781209E-01 -2.1781209E-01
  1.3226294E+01 -2.1167880E-01 -2.1167880E-01
  1.3340642E+01 -2.0564793E-01 -2.0564793E-01
  1.3455978E+01 -1.9972013E-01 -1.9972013E-01
  1.3572312E+01 -1.9389593E-01 -1.9389593E-01
  1.3689652E+01 -1.8817583E-01 -1.8817583E-01
  1.3808006E+01 -1.8256020E-01 -1.8256020E-01
  1.3927383E+01 -1.7704936E-01 -1.7704936E-01
  1.4047793E+01 -1.7164355E-01 -1.7164355E-01
  1.4169243E+01 -1.6634292E-01 -1.6634292E-01
  1.4291743E+01 -1.6114755E-01 -1.6114755E-01
  1.4415303E+01 -1.5605744E-01 -1.5605744E-01
  1.4539931E+01 -1.5107251E-01 -1.5107251E-01
  1.4665636E+01 -1.4619263E-01 -1.4619263E-01
  1.4792428E+01 -1.4141756E-01 -1.4141756E-01
  1.4920316E+01 -1.3674702E-01 -1.3674702E-01
  1.5049310E+01 -1.3218064E-01 -1.3218064E-01
  1.5179419E+01 -1.2771799E-01 -1.2771799E-01
  1.5310653E+01 -1.2335857E-01 -1.2335857E-01
  1.5443021E+01 -1.1910181E-01 -1.1910181E-01
  1.5576534E+01 -1.1494709E-01 -1.1494709E-01
  1.5711201E+01 -1.1089371E-01 -1.1089371E-01
  1.5847032E+01 -1.0694092E-01 -1.0694092E-01
  1.5984038E+01 -1.0308791E-01 -1.0308791E-01
  1.6122228E+01 -9.9333815E-02 -9.9333815E-02
  1.6261613E+01 -9.5677707E-02 -9.5677707E-02
  1.6402203E+01 -9.2118613E-02 -9.2118613E-02
  1.6544009E+01 -8.8655506E-02 -8.8655506E-02
  1.6687040E+01 -8.5287312E-02 -8.5287312E-02
  1.6831308E+01 -8.2012910E-02 -8.2012910E-02
  1.6976824E+01 -7.8831134E-02 -7.8831134E-02
  1.7123597E+01 -7.5740776E-02 -7.5740776E-02
  1.7271639E+01 -7.2740590E-02 -7.2740590E-02
  1.7420962E+01 -6.9829289E-02 -6.9829289E-02
  1.7571575E+01 -6.7005554E-02 -6.7005554E-02
  1.7723490E+01 -6.4268031E-02 -6.4268031E-02
  1.7876719E+01 -6.1615334E-02 -6.1615334E-02
  1.8031272E+01 -5.9046052E-02 -5.9046052E-02
  1.8187162E+01 -5.6558745E-02 -5.6558745E-02
  1.8344399E+01 -5.4151948E-02 -5.4151948E-02
  1.8502996E+01 -5.1824177E-02 -5.1824177E-02
  1.8662964E+01 -4.9573926E-02 -4.9573926E-02
  1.8824315E+01 -4.7399672E-02 -4.7399672E-02
  1.8987061E+01 -4.5299879E-02 -4.5299879E-02
  1.9151213E+01 -4.3272995E-02 -4.3272995E-02
  1.9316786E+01 -4.1317457E-02 -4.1317457E-02
  1.9483789E+01 -3.9431696E-02 -3.9431696E-02
  1.9652236E+01 -3.7614134E-02 -3.7614134E-02
  1.9822140E+01 -3.5863188E-02 -3.5863188E-02
  1.9993513E+01 -3.4177274E-02 -3.4177274E-02
  2.0166367E+01 -3.2554805E-02 -3.2554805E-02
  2.0340716E+01 -3.0994196E-02 -3.0994196E-02
  2.0516571E+01 -2.9493865E-02 -2.9493865E-02
  2.0693948E+01 -2.8052234E-02 -2.8052234E-02
  2.0872858E+01 -2.6667732E-02 -2.6667732E-02
  2.1053314E+01 -2.5338796E-02 -2.5338796E-02
  2.1235331E+01 -2.4063871E-02 -2.4063871E-02
  2.1418921E+01 -2.2841416E-02 -2.2841416E-02
  2.1604099E+01 -2.1669901E-02 -2.1669901E-02
  2.1790877E+01 -2.0547808E-02 -2.0547808E-02
  2.1979271E+01 -1.9473638E-02 -1.9473638E-02
  2.2169293E+01 -1.8445907E-02 -1.8445907E-02
  2.2360958E+01 -1.7463149E-02 -1.7463149E-02
  2.2554280E+01 -1.6523916E-02 -1.6523916E-02
  2.2749273E+01 -1.5626782E-02 -1.5626782E-02
  2.2945952E+01 -1.4770342E-02 -1.4770342E-02
  2.3144332E+01 -1.3953211E-02 -1.3953211E-02
  2.3344426E+01 -1.3174029E-02 -1.3174029E-02
  2.3546251E+01 -1.2431459E-02 -1.2431459E-02
  2.3749820E+01 -1.1724190E-02 -1.1724190E-02
  2.3955150E+01 -1.1050933E-02 -1.1050933E-02
  2.4162254E+01 -1.0410427E-02 -1.0410427E-02
  2.4371149E+01 -9.8014390E-03 -9.8014390E-03
  2.4581850E+01 -9.2227597E-03 -9.2227597E-03
  2.4794373E+01 -8.6732089E-03 -8.6732089E-03
  2.5008733E+01 -8.1516337E-03 -8.1516337E-03
  2.5224947E+01 -7.6569093E-03 -7.6569093E-03
  2.5443029E+01 -7.1879389E-03 -7.1879389E-03
  2.5662997E+01 -6.7436543E-03 -6.7436543E-03
  2.5884867E+01 -6.3230159E-03 -6.3230159E-03
  2.6108655E+01 -5.9250126E-03 -5.9250126E-03
  2.6334378E+01 -5.5486620E-03 -5.5486620E-03
  2.6562052E+01 -5.1930105E-03 -5.1930105E-03
  2.6791695E+01 -4.8571329E-03 -4.8571329E-03
  2.7023323E+01 -4.5401325E-03 -4.5401325E-03
  2.7256953E+01 -4.2411410E-03 -4.2411410E-03
  2.7492603E+01 -3.9593180E-03 -3.9593180E-03
  2.7730291E+01 -3.6938513E-03 -3.6938513E-03
  2.7970034E+01 -3.4439558E-03 -3.4439558E-03
  2.8211849E+01 -3.2088742E-03 -3.2088742E-03
  2.8455755E+01 -2.9878758E-03 -2.9878758E-03
  2.8701769E+01 -2.7802566E-03 -2.7802566E-03
  2.8949911E+01 -2.5853385E-03 -2.5853385E-03
  2.9200198E+01 -2.4024695E-03 -2.4024695E-03
  2.9452649E+01 -2.2310225E-03 -2.2310225E-03
  2.9707282E+01 -2.0703954E-03 -2.0703954E-03
  2.9964117E+01 -1.9200103E-03 -1.9200103E-03
  3.0223172E+01 -1.7793129E-03 -1.7793129E-03
  3.0484467E+01 -1.6477724E-03 -1.6477724E-03
  3.0748020E+01 -1.5248806E-03 -1.5248806E-03
  3.1013853E+01 -1.4101511E-03 -1.4101511E-03
  3.1281983E+01 -1.3031195E-03 -1.3031195E-03
  3.1552432E+01 -1.2033421E-03 -1.2033421E-03
  3.1825219E+01 -1.1103955E-03 -1.1103955E-03
  3.2100365E+01 -1.0238762E-03 -1.0238762E-03
  3.2377889E+01 -9.4339982E-04 -9.4339982E-04
  3.2657812E+01 -8.6860063E-04 -8.6860063E-04
  3.2940156E+01 -7.9913079E-04 -7.9913079E-04
  3.3224940E+01 -7.3465983E-04 -7.3465983E-04
  3.3512187E+01 -6.7487410E-04 -6.7487410E-04
  3.3801917E+01 -6.1947611E-04 -6.1947611E-04
  3.4094152E+01 -5.6818394E-04 -5.6818394E-04
  3.4388913E+01 -5.2073069E-04 -5.2073069E-04
  3.4686223E+01 -4.7686391E-04 -4.7686391E-04
  3.4986103E+01 -4.3634496E-04 -4.3634496E-04
  3.5288576E+01 -3.9894852E-04 -3.9894852E-04
  3.5593664E+01 -3.6446203E-04 -3.6446203E-04
  3.5901390E+01 -3.3268509E-04 -3.3268509E-04
  3.6211776E+01 -3.0342898E-04 -3.0342898E-04
  3.6524845E+01 -2.7651620E-04 -2.7651620E-04
  3.6840621E+01 -2.5177977E-04 -2.5177977E-04
  3.7159127E+01 -2.2906293E-04 -2.2906293E-04
  3.7480387E+01 -2.0821864E-04 -2.0821864E-04
  3.7804424E+01 -1.8910887E-04 -1.8910887E-04
  3.8131263E+01 -1.7160457E-04 -1.7160457E-04
  3.8460927E+01 -1.5558480E-04 -1.5558480E-04
  3.8793441E+01 -1.4093657E-04 -1.4093657E-04
  3.9128831E+01 -1.2755441E-04 -1.2755441E-04
  3.9467119E+01 -1.1533975E-04 -1.1533975E-04
  3.9808333E+01 -1.0420082E-04 -1.0420082E-04
  4.0152496E+01 -9.4052104E-05 -9.4052104E-05
  4.0499635E+01 -8.4814061E-05 -8.4814061E-05
  4.0849775E+01 -7.6412716E-05 -7.6412716E-05
  4.1202943E+01 -6.8779609E-05 -6.8779609E-05
  4.1559163E+01 -6.1850674E-05 -6.1850674E-05
  4.1918464E+01 -5.5567172E-05 -5.5567172E-05
  4.2280870E+01 -4.9874221E-05 -4.9874221E-05
  4.2646410E+01 -4.4721342E-05 -4.4721342E-05
  4.3015110E+01 -4.0062101E-05 -4.0062101E-05
  4.3386998E+01 -3.5852973E-05 -3.5852973E-05
  4.3762101E+01 -3.2054326E-05 -3.2054326E-05
  4.4140446E+01 -2.8629906E-05 -2.8629906E-05
  4.4522063E+01 -2.5545244E-05 -2.5545244E-05
  4.4906979E+01 -2.2770147E-05 -2.2770147E-05
  4.5295223E+01 -2.0275969E-05 -2.0275969E-05
  4.5686824E+01 -1.8035533E-05 -1.8035533E-05
  4.6081810E+01 -1.6027298E-05 -1.6027298E-05
  4.6480211E+01 -1.4226950E-05 -1.4226950E-05
  4.6882056E+01 -1.2615646E-05 -1.2615646E-05
  4.7287375E+01 -1.1173992E-05 -1.1173992E-05
  4.7696199E+01 -9.8879476E-06 -9.8879476E-06
  4.8108557E+01 -8.7403836E-06 -8.7403836E-06
  4.8524480E+01 -7.7158011E-06 -7.7158011E-06
  4.8943999E+01 -6.8038831E-06 -6.8038831E-06
  4.9367145E+01 -5.9941531E-06 -5.9941531E-06
  4.9793949E+01 -5.2768250E-06 -5.2768250E-06
  5.0224444E+01 -4.6394867E-06 -4.6394867E-06
  5.0658660E+01 -4.0721391E-06 -4.0721391E-06
  5.1096630E+01 -3.5711337E-06 -3.5711337E-06
  5.1538386E+01 -3.1298548E-06 -3.1298548E-06
  5.1983962E+01 -2.7362272E-06 -2.7362272E-06
  5.2433390E+01 -2.3906547E-06 -2.3906547E-06
  5.2886704E+01 -2.0811805E-06 -2.0811805E-06
  5.3343936E+01 -1.8160889E-06 -1.8160889E-06
  5.3805122E+01 -1.5923241E-06 -1.5923241E-06
  5.4270295E+01 -1.3828316E-06 -1.3828316E-06
  5.4739490E+01 -1.1869175E-06 -1.1869175E-06
  5.5212741E+01 -1.0330575E-06 -1.0330575E-06
  5.5690083E+01 -9.0665296E-07 -9.0665296E-07
  5.6171552E+01 -7.7879333E-07 -7.7879333E-07
  5.6657184E+01 -6.8775531E-07 -6.8775531E-07
  5.7147015E+01 -5.9735068E-07 -5.9735068E-07
  5.7641080E+01 -5.0305499E-07 -5.0305499E-07
  5.8139417E+01 -3.9954404E-07 -3.9954404E-07
  5.8642062E+01 -3.6724801E-07 -3.6724801E-07
  5.9149052E+01 -3.1808956E-07 -3.1808956E-07
  5.9660426E+01 -2.7274449E-07 -2.7274449E-07
  6.0176221E+01 -2.3354688E-07 -2.3354688E-07
  6.0696476E+01 -1.9970944E-07 -1.9970944E-07
  6.1221228E+01 -1.7053929E-07 -1.7053929E-07
  6.1750517E+01 -1.4542748E-07 -1.4542748E-07
  6.2284382E+01 -1.2383958E-07 -1.2383958E-07
  6.2822862E+01 -1.0530722E-07 -1.0530722E-07
  6.3365998E+01 -8.9420527E-08 -8.9420527E-08
  6.3913829E+01 -7.5821324E-08 -7.5821324E-08
  6.4466397E+01 -6.4197063E-08 -6.4197063E-08
  6.5023742E+01 -5.4275417E-08 -5.4275417E-08
  6.5585906E+01 -4.5819454E-08 -4.5819454E-08
  6.6152930E+01 -3.8623342E-08 -3.8623342E-08
  6.6724856E+01 -3.2508534E-08 -3.2508534E-08
  6.7301726E+01 -2.7320391E-08 -2.7320391E-08
  6.7883584E+01 -2.2925178E-08 -2.2925178E-08
  6.8470473E+01 -1.9207422E-08 -1.9207422E-08
  6.9062435E+01 -1.6067571E-08 -1.6067571E-08
  6.9659515E+01 -1.3419932E-08 -1.3419932E-08
  7.0261757E+01 -1.1190860E-08 -1.1190860E-08
  7.0869206E+01 -9.3171633E-09 -9.3171633E-09
  7.1481907E+01 -7.7447090E-09 -7.7447090E-09
  7.2099905E+01 -6.4271968E-09 -6.4271968E-09
  7.2723245E+01 -5.3250918E-09 -5.3250918E-09
  7.3351975E+01 -4.4046911E-09 -4.4046911E-09
  7.3986140E+01 -3.6373113E-09 -3.6373113E-09
  7.4625789E+01 -2.9985818E-09 -2.9985818E-09
  7.5270967E+01 -2.4678311E-09 -2.4678311E-09
  7.5921723E+01 -2.0275553E-09 -2.0275553E-09
  7.6578105E+01 -1.6629581E-09 -1.6629581E-09
  7.7240162E+01 -1.3615537E-09 -1.3615537E-09
  7.7907943E+01 -1.1128242E-09 -1.1128242E-09
  7.8581497E+01 -9.0792522E-10 -9.0792522E-10
  7.9260874E+01 -7.3943278E-10 -7.3943278E-10
  7.9946125E+01 -6.0112628E-10 -6.0112628E-10
  8.0637301E+01 -4.8780289E-10 -4.8780289E-10
  8.1334451E+01 -3.9511894E-10 -3.9511894E-10
  8.2037629E+01 -3.1945470E-10 -3.1945470E-10
  8.2746887E+01 -2.5779929E-10 -2.5779929E-10
  8.3462276E+01 -2.0765298E-10 -2.0765298E-10
  8.4183850E+01 -1.6694430E-10 -1.6694430E-10
  8.4911663E+01 -1.3395991E-10 -1.3395991E-10
  8.5645768E+01 -1.0728543E-10 -1.0728543E-10
  8.6386219E+01 -8.5755523E-11 -8.5755523E-11
  8.7133072E+01 -6.8411885E-11 -6.8411885E-11
  8.7886382E+01 -5.4468041E-11 -5.4468041E-11
  8.8646205E+01 -4.3279803E-11 -4.3279803E-11
  8.9412597E+01 -3.4320580E-11 -3.4320580E-11
  9.0185615E+01 -2.7160779E-11 -2.7160779E-11
  9.0965316E+01 -2.1450649E-11 -2.1450649E-11
  9.1751758E+01 -1.6906029E-11 -1.6906029E-11
  9.2544999E+01 -1.3296519E-11 -1.3296519E-11
  9.3345098E+01 -1.0435702E-11 -1.0435702E-11
  9.4152114E+01 -8.1730630E-12 -8.1730630E-12
  9.4966107E+01 -6.3873326E-12 -6.3873326E-12
  9.5787138E+01 -4.9810136E-12 -4.9810136E-12
  9.6615267E+01 -3.8758895E-12 -3.8758895E-12
  9.7450555E+01 -3.0093483E-12 -3.0093483E-12
  9.8293065E+01 -2.3313795E-12 -2.3313795E-12
  9.9142859E+01 -1.8021263E-12 -1.8021263E-12
  1.0000000E+02 -1.3898956E-12 -1.3898956E-12
