  0.0000000E+00 -6.03528276905348604E-01
  2.8818375E-08 -6.03528276905481609E-01
  5.7885899E-08 -6.03528276905503591E-01
  8.7204727E-08 -6.03528276905506034E-01
  1.1677703E-07 -6.03528276905524463E-01
  1.4660500E-07 -6.03528276905539118E-01
  1.7669085E-07 -6.03528276905561878E-01
  2.0703681E-07 -6.03528276905580086E-01
  2.3764513E-07 -6.03528276905604621E-01
  2.6851806E-07 -6.03528276905638594E-01
  2.9965791E-07 -6.03528276905669459E-01
  3.3106699E-07 -6.03528276905710648E-01
  3.6274760E-07 -6.03528276905753613E-01
  3.9470212E-07 -6.03528276905799022E-01
  4.2693289E-07 -6.03528276905853645E-01
  4.5944232E-07 -6.03528276905909045E-01
  4.9223281E-07 -6.03528276905969552E-01
  5.2530679E-07 -6.03528276906036609E-01
  5.5866671E-07 -6.03528276906107441E-01
  5.9231505E-07 -6.03528276906181826E-01
  6.2625429E-07 -6.03528276906262762E-01
  6.6048695E-07 -6.03528276906349248E-01
  6.9501558E-07 -6.03528276906441508E-01
  7.2984272E-07 -6.03528276906536765E-01
  7.6497096E-07 -6.03528276906640682E-01
  8.0040290E-07 -6.03528276906751260E-01
  8.3614116E-07 -6.03528276906867056E-01
  8.7218841E-07 -6.03528276906989292E-01
  9.0854730E-07 -6.03528276907117744E-01
  9.4522053E-07 -6.03528276907253081E-01
  9.8221082E-07 -6.03528276907391859E-01
  1.0195209E-06 -6.03528276907541184E-01
  1.0571536E-06 -6.03528276907695949E-01
  1.0951116E-06 -6.03528276907857819E-01
  1.1333978E-06 -6.03528276908026684E-01
  1.1720149E-06 -6.03528276908203432E-01
  1.2109660E-06 -6.03528276908386174E-01
  1.2502538E-06 -6.03528276908576244E-01
  1.2898812E-06 -6.03528276908776085E-01
  1.3298513E-06 -6.03528276908984029E-01
  1.3701669E-06 -6.03528276909198969E-01
  1.4108311E-06 -6.03528276909425454E-01
  1.4518468E-06 -6.03528276909658379E-01
  1.4932171E-06 -6.03528276909902295E-01
  1.5349451E-06 -6.03528276910154426E-01
  1.5770339E-06 -6.03528276910414108E-01
  1.6194865E-06 -6.03528276910683670E-01
  1.6623062E-06 -6.03528276910963890E-01
  1.7054961E-06 -6.03528276911254768E-01
  1.7490593E-06 -6.03528276911555972E-01
  1.7929992E-06 -6.03528276911867612E-01
  1.8373190E-06 -6.03528276912188355E-01
  1.8820219E-06 -6.03528276912518757E-01
  1.9271114E-06 -6.03528276912860706E-01
  1.9725906E-06 -6.03528276913213757E-01
  2.0184630E-06 -6.03528276913579020E-01
  2.0647321E-06 -6.03528276913954498E-01
  2.1114011E-06 -6.03528276914344852E-01
  2.1584736E-06 -6.03528276914745532E-01
  2.2059531E-06 -6.03528276915158979E-01
  2.2538431E-06 -6.03528276915583084E-01
  2.3021471E-06 -6.03528276916022732E-01
  2.3508687E-06 -6.03528276916477147E-01
  2.4000115E-06 -6.03528276916944662E-01
  2.4495792E-06 -6.03528276917423390E-01
  2.4995755E-06 -6.03528276917919659E-01
  2.5500040E-06 -6.03528276918427808E-01
  2.6008684E-06 -6.03528276918950946E-01
  2.6521726E-06 -6.03528276919489737E-01
  2.7039204E-06 -6.03528276920042295E-01
  2.7561156E-06 -6.03528276920612838E-01
  2.8087620E-06 -6.03528276921197371E-01
  2.8618635E-06 -6.03528276921801665E-01
  2.9154242E-06 -6.03528276922420726E-01
  2.9694479E-06 -6.03528276923054219E-01
  3.0239387E-06 -6.03528276923708251E-01
  3.0789005E-06 -6.03528276924378271E-01
  3.1343376E-06 -6.03528276925067608E-01
  3.1902539E-06 -6.03528276925774154E-01
  3.2466537E-06 -6.03528276926499685E-01
  3.3035410E-06 -6.03528276927248863E-01
  3.3609202E-06 -6.03528276928012142E-01
  3.4187955E-06 -6.03528276928795959E-01
  3.4771711E-06 -6.03528276929600316E-01
  3.5360514E-06 -6.03528276930429319E-01
  3.5954407E-06 -6.03528276931276086E-01
  3.6553435E-06 -6.03528276932142171E-01
  3.7157642E-06 -6.03528276933036456E-01
  3.7767073E-06 -6.03528276933949837E-01
  3.8381772E-06 -6.03528276934887753E-01
  3.9001786E-06 -6.03528276935850982E-01
  3.9627160E-06 -6.03528276936835972E-01
  4.0257941E-06 -6.03528276937846275E-01
  4.0894175E-06 -6.03528276938880559E-01
  4.1535910E-06 -6.03528276939943376E-01
  4.2183193E-06 -6.03528276941029618E-01
  4.2836072E-06 -6.03528276942141395E-01
  4.3494596E-06 -6.03528276943284481E-01
  4.4158813E-06 -6.03528276944454212E-01
  4.4828772E-06 -6.03528276945649034E-01
  4.5504523E-06 -6.03528276946873943E-01
  4.6186117E-06 -6.03528276948129827E-01
  4.6873603E-06 -6.03528276949417797E-01
  4.7567033E-06 -6.03528276950731524E-01
  4.8266459E-06 -6.03528276952080223E-01
  4.8971931E-06 -6.03528276953459453E-01
  4.9683502E-06 -6.03528276954870657E-01
  5.0401225E-06 -6.03528276956314502E-01
  5.1125153E-06 -6.03528276957790655E-01
  5.1855340E-06 -6.03528276959303001E-01
  5.2591840E-06 -6.03528276960847987E-01
  5.3334707E-06 -6.03528276962431054E-01
  5.4083996E-06 -6.03528276964049204E-01
  5.4839764E-06 -6.03528276965702881E-01
  5.5602066E-06 -6.03528276967397082E-01
  5.6370958E-06 -6.03528276969127919E-01
  5.7146497E-06 -6.03528276970896282E-01
  5.7928742E-06 -6.03528276972704503E-01
  5.8717749E-06 -6.03528276974557354E-01
  5.9513578E-06 -6.03528276976448508E-01
  6.0316287E-06 -6.03528276978384071E-01
  6.1125936E-06 -6.03528276980361045E-01
  6.1942585E-06 -6.03528276982383982E-01
  6.2766294E-06 -6.03528276984451661E-01
  6.3597124E-06 -6.03528276986563861E-01
  6.4435138E-06 -6.03528276988721468E-01
  6.5280396E-06 -6.03528276990929369E-01
  6.6132963E-06 -6.03528276993186119E-01
  6.6992900E-06 -6.03528276995488611E-01
  6.7860272E-06 -6.03528276997844726E-01
  6.8735142E-06 -6.03528277000249691E-01
  6.9617576E-06 -6.03528277002708058E-01
  7.0507640E-06 -6.03528277005221603E-01
  7.1405398E-06 -6.03528277007789771E-01
  7.2310918E-06 -6.03528277010412340E-01
  7.3224267E-06 -6.03528277013090753E-01
  7.4145512E-06 -6.03528277015825454E-01
  7.5074722E-06 -6.03528277018620996E-01
  7.6011965E-06 -6.03528277021474824E-01
  7.6957311E-06 -6.03528277024390603E-01
  7.7910830E-06 -6.03528277027366444E-01
  7.8872593E-06 -6.03528277030406790E-01
  7.9842671E-06 -6.03528277033509974E-01
  8.0821135E-06 -6.03528277036677996E-01
  8.1808059E-06 -6.03528277039915295E-01
  8.2803515E-06 -6.03528277043218764E-01
  8.3807578E-06 -6.03528277046593620E-01
  8.4820321E-06 -6.03528277050037421E-01
  8.5841820E-06 -6.03528277053551832E-01
  8.6872150E-06 -6.03528277057141405E-01
  8.7911388E-06 -6.03528277060807250E-01
  8.8959611E-06 -6.03528277064545593E-01
  9.0016896E-06 -6.03528277068362318E-01
  9.1083322E-06 -6.03528277072258978E-01
  9.2158968E-06 -6.03528277076236574E-01
  9.3243913E-06 -6.03528277080294218E-01
  9.4338238E-06 -6.03528277084436571E-01
  9.5442024E-06 -6.03528277088662302E-01
  9.6555353E-06 -6.03528277092977405E-01
  9.7678308E-06 -6.03528277097378107E-01
  9.8810970E-06 -6.03528277101870403E-01
  9.9953426E-06 -6.03528277106452959E-01
  1.0110576E-05 -6.03528277111129663E-01
  1.0226805E-05 -6.03528277115901846E-01
  1.0344040E-05 -6.03528277120768175E-01
  1.0462288E-05 -6.03528277125735979E-01
  1.0581558E-05 -6.03528277130804480E-01
  1.0701859E-05 -6.03528277135973679E-01
  1.0823201E-05 -6.03528277141247238E-01
  1.0945591E-05 -6.03528277146625824E-01
  1.1069040E-05 -6.03528277152113768E-01
  1.1193556E-05 -6.03528277157708404E-01
  1.1319148E-05 -6.03528277163420057E-01
  1.1445826E-05 -6.03528277169242622E-01
  1.1573600E-05 -6.03528277175180761E-01
  1.1702478E-05 -6.03528277181238915E-01
  1.1832470E-05 -6.03528277187415974E-01
  1.1963586E-05 -6.03528277193717044E-01
  1.2095836E-05 -6.03528277200144014E-01
  1.2229229E-05 -6.03528277206697661E-01
  1.2363775E-05 -6.03528277213380870E-01
  1.2499485E-05 -6.03528277220198195E-01
  1.2636368E-05 -6.03528277227148080E-01
  1.2774434E-05 -6.03528277234234634E-01
  1.2913694E-05 -6.03528277241461963E-01
  1.3054158E-05 -6.03528277248831735E-01
  1.3195836E-05 -6.03528277256345613E-01
  1.3338739E-05 -6.03528277264005042E-01
  1.3482878E-05 -6.03528277271815461E-01
  1.3628262E-05 -6.03528277279780201E-01
  1.3774904E-05 -6.03528277287899151E-01
  1.3922813E-05 -6.03528277296176752E-01
  1.4072002E-05 -6.03528277304616667E-01
  1.4222480E-05 -6.03528277313221007E-01
  1.4374259E-05 -6.03528277321992213E-01
  1.4527350E-05 -6.03528277330930951E-01
  1.4681765E-05 -6.03528277340047103E-01
  1.4837514E-05 -6.03528277349338227E-01
  1.4994611E-05 -6.03528277358808207E-01
  1.5153065E-05 -6.03528277368465038E-01
  1.5312890E-05 -6.03528277378305833E-01
  1.5474096E-05 -6.03528277388337253E-01
  1.5636696E-05 -6.03528277398562074E-01
  1.5800701E-05 -6.03528277408982960E-01
  1.5966125E-05 -6.03528277419605463E-01
  1.6132978E-05 -6.03528277430431137E-01
  1.6301275E-05 -6.03528277441464311E-01
  1.6471026E-05 -6.03528277452710982E-01
  1.6642245E-05 -6.03528277464171481E-01
  1.6814944E-05 -6.03528277475850916E-01
  1.6989136E-05 -6.03528277487756282E-01
  1.7164834E-05 -6.03528277499888577E-01
  1.7342051E-05 -6.03528277512252243E-01
  1.7520801E-05 -6.03528277524851720E-01
  1.7701095E-05 -6.03528277537691671E-01
  1.7882949E-05 -6.03528277550774983E-01
  1.8066374E-05 -6.03528277564107429E-01
  1.8251386E-05 -6.03528277577691896E-01
  1.8437997E-05 -6.03528277591536266E-01
  1.8626221E-05 -6.03528277605643648E-01
  1.8816073E-05 -6.03528277620020037E-01
  1.9007566E-05 -6.03528277634665655E-01
  1.9200714E-05 -6.03528277649589939E-01
  1.9395533E-05 -6.03528277664793222E-01
  1.9592035E-05 -6.03528277680289937E-01
  1.9790237E-05 -6.03528277696075643E-01
  1.9990152E-05 -6.03528277712159000E-01
  2.0191795E-05 -6.03528277728546447E-01
  2.0395182E-05 -6.03528277745242203E-01
  2.0600327E-05 -6.03528277762249932E-01
  2.0807246E-05 -6.03528277779580624E-01
  2.1015954E-05 -6.03528277797235502E-01
  2.1226466E-05 -6.03528277815221559E-01
  2.1438798E-05 -6.03528277833544791E-01
  2.1652966E-05 -6.03528277852213635E-01
  2.1868985E-05 -6.03528277871229979E-01
  2.2086872E-05 -6.03528277890604925E-01
  2.2306643E-05 -6.03528277910339028E-01
  2.2528313E-05 -6.03528277930444723E-01
  2.2751901E-05 -6.03528277950929115E-01
  2.2977421E-05 -6.03528277971789762E-01
  2.3204891E-05 -6.03528277993041873E-01
  2.3434327E-05 -6.03528278014689668E-01
  2.3665748E-05 -6.03528278036741361E-01
  2.3899168E-05 -6.03528278059204504E-01
  2.4134607E-05 -6.03528278082083869E-01
  2.4372082E-05 -6.03528278105388782E-01
  2.4611609E-05 -6.03528278129128570E-01
  2.4853208E-05 -6.03528278153307673E-01
  2.5096895E-05 -6.03528278177937083E-01
  2.5342689E-05 -6.03528278203023016E-01
  2.5590608E-05 -6.03528278228572468E-01
  2.5840670E-05 -6.03528278254598538E-01
  2.6092894E-05 -6.03528278281102559E-01
  2.6347299E-05 -6.03528278308101074E-01
  2.6603903E-05 -6.03528278335595747E-01
  2.6862726E-05 -6.03528278363600124E-01
  2.7123786E-05 -6.03528278392121420E-01
  2.7387104E-05 -6.03528278421167741E-01
  2.7652698E-05 -6.03528278450748079E-01
  2.7920588E-05 -6.03528278480876312E-01
  2.8190794E-05 -6.03528278511560323E-01
  2.8463336E-05 -6.03528278542806329E-01
  2.8738235E-05 -6.03528278574628430E-01
  2.9015510E-05 -6.03528278607036950E-01
  2.9295182E-05 -6.03528278640039439E-01
  2.9577272E-05 -6.03528278673647889E-01
  2.9861801E-05 -6.03528278707875510E-01
  3.0148790E-05 -6.03528278742731961E-01
  3.0438260E-05 -6.03528278778225236E-01
  3.0730233E-05 -6.03528278814368102E-01
  3.1024730E-05 -6.03528278851176547E-01
  3.1321773E-05 -6.03528278888656566E-01
  3.1621384E-05 -6.03528278926823591E-01
  3.1923586E-05 -6.03528278965690501E-01
  3.2228400E-05 -6.03528279005266066E-01
  3.2535849E-05 -6.03528279045564608E-01
  3.2845957E-05 -6.03528279086599340E-01
  3.3158745E-05 -6.03528279128385692E-01
  3.3474238E-05 -6.03528279170933657E-01
  3.3792458E-05 -6.03528279214257890E-01
  3.4113430E-05 -6.03528279258374156E-01
  3.4437176E-05 -6.03528279303295445E-01
  3.4763722E-05 -6.03528279349033081E-01
  3.5093090E-05 -6.03528279395604494E-01
  3.5425306E-05 -6.03528279443022009E-01
  3.5760395E-05 -6.03528279491303388E-01
  3.6098380E-05 -6.03528279540464396E-01
  3.6439287E-05 -6.03528279590518468E-01
  3.6783142E-05 -6.03528279641480592E-01
  3.7129969E-05 -6.03528279693369640E-01
  3.7479795E-05 -6.03528279746203933E-01
  3.7832646E-05 -6.03528279799994349E-01
  3.8188547E-05 -6.03528279854760763E-01
  3.8547525E-05 -6.03528279910522492E-01
  3.8909606E-05 -6.03528279967292414E-01
  3.9274818E-05 -6.03528280025093955E-01
  3.9643187E-05 -6.03528280083940771E-01
  4.0014741E-05 -6.03528280143854734E-01
  4.0389508E-05 -6.03528280204850276E-01
  4.0767514E-05 -6.03528280266952488E-01
  4.1148789E-05 -6.03528280330177247E-01
  4.1533359E-05 -6.03528280394547090E-01
  4.1921255E-05 -6.03528280460078559E-01
  4.2312504E-05 -6.03528280526792416E-01
  4.2707136E-05 -6.03528280594713418E-01
  4.3105179E-05 -6.03528280663862882E-01
  4.3506664E-05 -6.03528280734258238E-01
  4.3911620E-05 -6.03528280805925466E-01
  4.4320076E-05 -6.03528280878883328E-01
  4.4732065E-05 -6.03528280953155916E-01
  4.5147615E-05 -6.03528281028770097E-01
  4.5566757E-05 -6.03528281105744968E-01
  4.5989524E-05 -6.03528281184106397E-01
  4.6415945E-05 -6.03528281263877031E-01
  4.6846053E-05 -6.03528281345087514E-01
  4.7279879E-05 -6.03528281427756830E-01
  4.7717457E-05 -6.03528281511915177E-01
  4.8158817E-05 -6.03528281597585536E-01
  4.8603993E-05 -6.03528281684797663E-01
  4.9053018E-05 -6.03528281773574649E-01
  4.9505924E-05 -6.03528281863948690E-01
  4.9962747E-05 -6.03528281955943990E-01
  5.0423519E-05 -6.03528282049592191E-01
  5.0888274E-05 -6.03528282144922046E-01
  5.1357048E-05 -6.03528282241962866E-01
  5.1829874E-05 -6.03528282340743849E-01
  5.2306789E-05 -6.03528282441297859E-01
  5.2787826E-05 -6.03528282543653094E-01
  5.3273022E-05 -6.03528282647842418E-01
  5.3762413E-05 -6.03528282753900358E-01
  5.4256035E-05 -6.03528282861856558E-01
  5.4753925E-05 -6.03528282971746433E-01
  5.5256119E-05 -6.03528283083604400E-01
  5.5762655E-05 -6.03528283197463433E-01
  5.6273570E-05 -6.03528283313361835E-01
  5.6788902E-05 -6.03528283431332135E-01
  5.7308689E-05 -6.03528283551411415E-01
  5.7832971E-05 -6.03528283673638200E-01
  5.8361785E-05 -6.03528283798051457E-01
  5.8895171E-05 -6.03528283924686049E-01
  5.9433168E-05 -6.03528284053584163E-01
  5.9975817E-05 -6.03528284184783104E-01
  6.0523157E-05 -6.03528284318324393E-01
  6.1075229E-05 -6.03528284454250885E-01
  6.1632074E-05 -6.03528284592603548E-01
  6.2193733E-05 -6.03528284733422460E-01
  6.2760248E-05 -6.03528284876755361E-01
  6.3331661E-05 -6.03528285022644218E-01
  6.3908014E-05 -6.03528285171132772E-01
  6.4489350E-05 -6.03528285322268543E-01
  6.5075712E-05 -6.03528285476098381E-01
  6.5667143E-05 -6.03528285632668471E-01
  6.6263687E-05 -6.03528285792028996E-01
  6.6865389E-05 -6.03528285954227917E-01
  6.7472293E-05 -6.03528286119313417E-01
  6.8084444E-05 -6.03528286287338900E-01
  6.8701887E-05 -6.03528286458355212E-01
  6.9324669E-05 -6.03528286632411315E-01
  6.9952835E-05 -6.03528286809566716E-01
  7.0586431E-05 -6.03528286989870377E-01
  7.1225505E-05 -6.03528287173382361E-01
  7.1870105E-05 -6.03528287360157734E-01
  7.2520277E-05 -6.03528287550252562E-01
  7.3176070E-05 -6.03528287743724690E-01
  7.3837533E-05 -6.03528287940633845E-01
  7.4504715E-05 -6.03528288141041203E-01
  7.5177665E-05 -6.03528288345007602E-01
  7.5856433E-05 -6.03528288552598546E-01
  7.6541069E-05 -6.03528288763870768E-01
  7.7231624E-05 -6.03528288978894878E-01
  7.7928149E-05 -6.03528289197735934E-01
  7.8630696E-05 -6.03528289420459219E-01
  7.9339317E-05 -6.03528289647133898E-01
  8.0054065E-05 -6.03528289877828361E-01
  8.0774991E-05 -6.03528290112614441E-01
  8.1502151E-05 -6.03528290351562413E-01
  8.2235597E-05 -6.03528290594744887E-01
  8.2975385E-05 -6.03528290842237136E-01
  8.3721568E-05 -6.03528291094115765E-01
  8.4474202E-05 -6.03528291350459600E-01
  8.5233343E-05 -6.03528291611341583E-01
  8.5999047E-05 -6.03528291876843981E-01
  8.6771371E-05 -6.03528292147047396E-01
  8.7550373E-05 -6.03528292422037649E-01
  8.8336109E-05 -6.03528292701894231E-01
  8.9128638E-05 -6.03528292986704407E-01
  8.9928019E-05 -6.03528293276552441E-01
  9.0734312E-05 -6.03528293571528263E-01
  9.1547575E-05 -6.03528293871723132E-01
  9.2367869E-05 -6.03528294177226754E-01
  9.3195255E-05 -6.03528294488134054E-01
  9.4029794E-05 -6.03528294804539844E-01
  9.4871548E-05 -6.03528295126534386E-01
  9.5720579E-05 -6.03528295454223707E-01
  9.6576951E-05 -6.03528295787702285E-01
  9.7440727E-05 -6.03528296127073483E-01
  9.8311970E-05 -6.03528296472441328E-01
  9.9190746E-05 -6.03528296823910404E-01
  1.0007712E-04 -6.03528297181584406E-01
  1.0097116E-04 -6.03528297545576464E-01
  1.0187292E-04 -6.03528297915995715E-01
  1.0278248E-04 -6.03528298292953957E-01
  1.0369991E-04 -6.03528298676566322E-01
  1.0462527E-04 -6.03528299066950380E-01
  1.0555862E-04 -6.03528299464222262E-01
  1.0650005E-04 -6.03528299868501650E-01
  1.0744962E-04 -6.03528300279915886E-01
  1.0840739E-04 -6.03528300698581766E-01
  1.0937345E-04 -6.03528301124634403E-01
  1.1034786E-04 -6.03528301558200808E-01
  1.1133069E-04 -6.03528301999411765E-01
  1.1232202E-04 -6.03528302448398946E-01
  1.1332192E-04 -6.03528302905301350E-01
  1.1433046E-04 -6.03528303370257424E-01
  1.1534772E-04 -6.03528303843404723E-01
  1.1637378E-04 -6.03528304324891463E-01
  1.1740871E-04 -6.03528304814856198E-01
  1.1845259E-04 -6.03528305313456692E-01
  1.1950549E-04 -6.03528305820839717E-01
  1.2056750E-04 -6.03528306337157594E-01
  1.2163868E-04 -6.03528306862567088E-01
  1.2271913E-04 -6.03528307397225405E-01
  1.2380892E-04 -6.03528307941297859E-01
  1.2490813E-04 -6.03528308494949095E-01
  1.2601684E-04 -6.03528309058340318E-01
  1.2713514E-04 -6.03528309631649273E-01
  1.2826311E-04 -6.03528310215045050E-01
  1.2940082E-04 -6.03528310808706614E-01
  1.3054838E-04 -6.03528311412812490E-01
  1.3170585E-04 -6.03528312027543867E-01
  1.3287334E-04 -6.03528312653087373E-01
  1.3405091E-04 -6.03528313289631968E-01
  1.3523867E-04 -6.03528313937370275E-01
  1.3643670E-04 -6.03528314596498139E-01
  1.3764508E-04 -6.03528315267213067E-01
  1.3886391E-04 -6.03528315949718563E-01
  1.4009328E-04 -6.03528316644218021E-01
  1.4133328E-04 -6.03528317350925270E-01
  1.4258399E-04 -6.03528318070050251E-01
  1.4384552E-04 -6.03528318801810681E-01
  1.4511796E-04 -6.03528319546429826E-01
  1.4640140E-04 -6.03528320304130506E-01
  1.4769593E-04 -6.03528321075139429E-01
  1.4900166E-04 -6.03528321859691186E-01
  1.5031867E-04 -6.03528322658024141E-01
  1.5164707E-04 -6.03528323470373440E-01
  1.5298696E-04 -6.03528324296986329E-01
  1.5433842E-04 -6.03528325138113497E-01
  1.5570158E-04 -6.03528325994008408E-01
  1.5707652E-04 -6.03528326864926967E-01
  1.5846334E-04 -6.03528327751133409E-01
  1.5986216E-04 -6.03528328652890189E-01
  1.6127307E-04 -6.03528329570474864E-01
  1.6269617E-04 -6.03528330504161548E-01
  1.6413158E-04 -6.03528331454228684E-01
  1.6557940E-04 -6.03528332420962044E-01
  1.6703974E-04 -6.03528333404657058E-01
  1.6851270E-04 -6.03528334405604938E-01
  1.6999840E-04 -6.03528335424111217E-01
  1.7149694E-04 -6.03528336460478765E-01
  1.7300844E-04 -6.03528337515021773E-01
  1.7453300E-04 -6.03528338588056212E-01
  1.7607075E-04 -6.03528339679905490E-01
  1.7762179E-04 -6.03528340790895457E-01
  1.7918624E-04 -6.03528341921363398E-01
  1.8076421E-04 -6.03528343071649154E-01
  1.8235583E-04 -6.03528344242091674E-01
  1.8396121E-04 -6.03528345433049340E-01
  1.8558047E-04 -6.03528346644881530E-01
  1.8721372E-04 -6.03528347877944848E-01
  1.8886110E-04 -6.03528349132618103E-01
  1.9052272E-04 -6.03528350409272552E-01
  1.9219870E-04 -6.03528351708293886E-01
  1.9388918E-04 -6.03528353030070241E-01
  1.9559427E-04 -6.03528354375001075E-01
  1.9731410E-04 -6.03528355743488065E-01
  1.9904880E-04 -6.03528357135941773E-01
  2.0079850E-04 -6.03528358552784194E-01
  2.0256332E-04 -6.03528359994437325E-01
  2.0434340E-04 -6.03528361461332374E-01
  2.0613887E-04 -6.03528362953913100E-01
  2.0794987E-04 -6.03528364472626033E-01
  2.0977652E-04 -6.03528366017925699E-01
  2.1161896E-04 -6.03528367590273396E-01
  2.1347734E-04 -6.03528369190147851E-01
  2.1535178E-04 -6.03528370818022242E-01
  2.1724242E-04 -6.03528372474389396E-01
  2.1914941E-04 -6.03528374159741365E-01
  2.2107289E-04 -6.03528375874586631E-01
  2.2301300E-04 -6.03528377619439005E-01
  2.2496988E-04 -6.03528379394820513E-01
  2.2694367E-04 -6.03528381201263731E-01
  2.2893454E-04 -6.03528383039309113E-01
  2.3094261E-04 -6.03528384909510995E-01
  2.3296805E-04 -6.03528386812426709E-01
  2.3501099E-04 -6.03528388748625022E-01
  2.3707160E-04 -6.03528390718689023E-01
  2.3915003E-04 -6.03528392723209905E-01
  2.4124642E-04 -6.03528394762783860E-01
  2.4336094E-04 -6.03528396838024284E-01
  2.4549374E-04 -6.03528398949553568E-01
  2.4764497E-04 -6.03528401098002210E-01
  2.4981481E-04 -6.03528403284016246E-01
  2.5200340E-04 -6.03528405508245269E-01
  2.5421092E-04 -6.03528407771359854E-01
  2.5643752E-04 -6.03528410074032906E-01
  2.5868338E-04 -6.03528412416958315E-01
  2.6094864E-04 -6.03528414800834523E-01
  2.6323350E-04 -6.03528417226379177E-01
  2.6553810E-04 -6.03528419694311369E-01
  2.6786264E-04 -6.03528422205373505E-01
  2.7020726E-04 -6.03528424760317983E-01
  2.7257216E-04 -6.03528427359906416E-01
  2.7495751E-04 -6.03528430004918737E-01
  2.7736347E-04 -6.03528432696141759E-01
  2.7979024E-04 -6.03528435434389166E-01
  2.8223799E-04 -6.03528438220470420E-01
  2.8470690E-04 -6.03528441055224851E-01
  2.8719716E-04 -6.03528443939497672E-01
  2.8970894E-04 -6.03528446874152524E-01
  2.9224244E-04 -6.03528449860063709E-01
  2.9479784E-04 -6.03528452898129286E-01
  2.9737534E-04 -6.03528455989253421E-01
  2.9997512E-04 -6.03528459134362483E-01
  3.0259738E-04 -6.03528462334395610E-01
  3.0524231E-04 -6.03528465590307706E-01
  3.0791010E-04 -6.03528468903074100E-01
  3.1060096E-04 -6.03528472273684669E-01
  3.1331508E-04 -6.03528475703145939E-01
  3.1605267E-04 -6.03528479192481537E-01
  3.1881393E-04 -6.03528482742734851E-01
  3.2159906E-04 -6.03528486354967142E-01
  3.2440826E-04 -6.03528490030257769E-01
  3.2724176E-04 -6.03528493769703633E-01
  3.3009975E-04 -6.03528497574422285E-01
  3.3298245E-04 -6.03528501445553034E-01
  3.3589007E-04 -6.03528505384243408E-01
  3.3882283E-04 -6.03528509391675239E-01
  3.4178094E-04 -6.03528513469048566E-01
  3.4476463E-04 -6.03528517617575089E-01
  3.4777412E-04 -6.03528521838497922E-01
  3.5080962E-04 -6.03528526133073062E-01
  3.5387137E-04 -6.03528530502586369E-01
  3.5695959E-04 -6.03528534948340800E-01
  3.6007451E-04 -6.03528539471665959E-01
  3.6321635E-04 -6.03528544073903328E-01
  3.6638536E-04 -6.03528548756437133E-01
  3.6958177E-04 -6.03528553520659927E-01
  3.7280581E-04 -6.03528558367992463E-01
  3.7605773E-04 -6.03528563299885912E-01
  3.7933776E-04 -6.03528568317805325E-01
  3.8264615E-04 -6.03528573423253056E-01
  3.8598314E-04 -6.03528578617747447E-01
  3.8934898E-04 -6.03528583902846361E-01
  3.9274392E-04 -6.03528589280118433E-01
  3.9616821E-04 -6.03528594751169267E-01
  3.9962210E-04 -6.03528600317638109E-01
  4.0310586E-04 -6.03528605981177413E-01
  4.0661973E-04 -6.03528611743480825E-01
  4.1016399E-04 -6.03528617606261641E-01
  4.1373888E-04 -6.03528623571273459E-01
  4.1734469E-04 -6.03528629640292746E-01
  4.2098166E-04 -6.03528635815134717E-01
  4.2465009E-04 -6.03528642097633239E-01
  4.2835022E-04 -6.03528648489666142E-01
  4.3208235E-04 -6.03528654993132352E-01
  4.3584674E-04 -6.03528661609981976E-01
  4.3964367E-04 -6.03528668342179331E-01
  4.4347344E-04 -6.03528675191732922E-01
  4.4733631E-04 -6.03528682160688557E-01
  4.5123258E-04 -6.03528689251119799E-01
  4.5516254E-04 -6.03528696465138625E-01
  4.5912647E-04 -6.03528703804900646E-01
  4.6312467E-04 -6.03528711272590446E-01
  4.6715744E-04 -6.03528718870432801E-01
  4.7122507E-04 -6.03528726600691789E-01
  4.7532787E-04 -6.03528734465673455E-01
  4.7946614E-04 -6.03528742467719703E-01
  4.8364019E-04 -6.03528750609215736E-01
  4.8785033E-04 -6.03528758892586059E-01
  4.9209686E-04 -6.03528767320297810E-01
  4.9638011E-04 -6.03528775894865310E-01
  5.0070039E-04 -6.03528784618844183E-01
  5.0505802E-04 -6.03528793494826910E-01
  5.0945332E-04 -6.03528802525467478E-01
  5.1388663E-04 -6.03528811713445745E-01
  5.1835826E-04 -6.03528821061503740E-01
  5.2286855E-04 -6.03528830572424457E-01
  5.2741784E-04 -6.03528840249040743E-01
  5.3200645E-04 -6.03528850094236069E-01
  5.3663474E-04 -6.03528860110941756E-01
  5.4130304E-04 -6.03528870302137088E-01
  5.4601170E-04 -6.03528880670862078E-01
  5.5076107E-04 -6.03528891220203256E-01
  5.5555150E-04 -6.03528901953300667E-01
  5.6038334E-04 -6.03528912873350531E-01
  5.6525696E-04 -6.03528923983606358E-01
  5.7017272E-04 -6.03528935287375945E-01
  5.7513097E-04 -6.03528946788019272E-01
  5.8013209E-04 -6.03528958488968037E-01
  5.8517645E-04 -6.03528970393698350E-01
  5.9026442E-04 -6.03528982505759481E-01
  5.9539638E-04 -6.03528994828752330E-01
  6.0057270E-04 -6.03529007366352288E-01
  6.0579378E-04 -6.03529020122284376E-01
  6.1105999E-04 -6.03529033100350443E-01
  6.1637174E-04 -6.03529046304409289E-01
  6.2172941E-04 -6.03529059738391771E-01
  6.2713339E-04 -6.03529073406297911E-01
  6.3258410E-04 -6.03529087312192791E-01
  6.3808193E-04 -6.03529101460216544E-01
  6.4362730E-04 -6.03529115854577913E-01
  6.4922060E-04 -6.03529130499562250E-01
  6.5486227E-04 -6.03529145399524070E-01
  6.6055271E-04 -6.03529160558902489E-01
  6.6629234E-04 -6.03529175982204791E-01
  6.7208160E-04 -6.03529191674021193E-01
  6.7792091E-04 -6.03529207639018739E-01
  6.8381070E-04 -6.03529223881949184E-01
  6.8975141E-04 -6.03529240407641221E-01
  6.9574348E-04 -6.03529257221018911E-01
  7.0178736E-04 -6.03529274327075704E-01
  7.0788349E-04 -6.03529291730903417E-01
  7.1403232E-04 -6.03529309437681905E-01
  7.2023432E-04 -6.03529327452671627E-01
  7.2648993E-04 -6.03529345781238180E-01
  7.3279963E-04 -6.03529364428831094E-01
  7.3916387E-04 -6.03529383400998487E-01
  7.4558314E-04 -6.03529402703378404E-01
  7.5205791E-04 -6.03529422341716915E-01
  7.5858865E-04 -6.03529442321848575E-01
  7.6517586E-04 -6.03529462649722737E-01
  7.7182001E-04 -6.03529483331380456E-01
  7.7852161E-04 -6.03529504372971703E-01
  7.8528115E-04 -6.03529525780756027E-01
  7.9209913E-04 -6.03529547561097557E-01
  7.9897605E-04 -6.03529569720473447E-01
  8.0591242E-04 -6.03529592265474313E-01
  8.1290877E-04 -6.03529615202801129E-01
  8.1996560E-04 -6.03529638539275770E-01
  8.2708344E-04 -6.03529662281836687E-01
  8.3426282E-04 -6.03529686437544677E-01
  8.4150427E-04 -6.03529711013577441E-01
  8.4880832E-04 -6.03529736017243801E-01
  8.5617552E-04 -6.03529761455976477E-01
  8.6360641E-04 -6.03529787337339974E-01
  8.7110155E-04 -6.03529813669029802E-01
  8.7866149E-04 -6.03529840458865929E-01
  8.8628679E-04 -6.03529867714819090E-01
  8.9397801E-04 -6.03529895444987252E-01
  9.0173573E-04 -6.03529923657619038E-01
  9.0956051E-04 -6.03529952361094413E-01
  9.1745295E-04 -6.03529981563947771E-01
  9.2541362E-04 -6.03530011274859945E-01
  9.3344311E-04 -6.03530041502660541E-01
  9.4154202E-04 -6.03530072256332595E-01
  9.4971095E-04 -6.03530103545016905E-01
  9.5795051E-04 -6.03530135378015142E-01
  9.6626130E-04 -6.03530167764786185E-01
  9.7464394E-04 -6.03530200714955889E-01
  9.8309906E-04 -6.03530234238311092E-01
  9.9162727E-04 -6.03530268344821708E-01
  1.0002292E-03 -6.03530303044618077E-01
  1.0089055E-03 -6.03530338348014395E-01
  1.0176569E-03 -6.03530374265502489E-01
  1.0264838E-03 -6.03530410807751605E-01
  1.0353871E-03 -6.03530447985621277E-01
  1.0443674E-03 -6.03530485810158113E-01
  1.0534253E-03 -6.03530524292603343E-01
  1.0625615E-03 -6.03530563444384494E-01
  1.0717767E-03 -6.03530603277144584E-01
  1.0810716E-03 -6.03530643802709821E-01
  1.0904469E-03 -6.03530685033122793E-01
  1.0999031E-03 -6.03530726980636034E-01
  1.1094412E-03 -6.03530769657708910E-01
  1.1190617E-03 -6.03530813077021722E-01
  1.1287654E-03 -6.03530857251471375E-01
  1.1385529E-03 -6.03530902194183039E-01
  1.1484251E-03 -6.03530947918508698E-01
  1.1583827E-03 -6.03530994438026935E-01
  1.1684263E-03 -6.03531041766563026E-01
  1.1785568E-03 -6.03531089918169061E-01
  1.1887748E-03 -6.03531138907153486E-01
  1.1990812E-03 -6.03531188748066660E-01
  1.2094767E-03 -6.03531239455715296E-01
  1.2199621E-03 -6.03531291045159568E-01
  1.2305381E-03 -6.03531343531719555E-01
  1.2412055E-03 -6.03531396930989894E-01
  1.2519652E-03 -6.03531451258830454E-01
  1.2628179E-03 -6.03531506531371664E-01
  1.2737644E-03 -6.03531562765037277E-01
  1.2848056E-03 -6.03531619976522160E-01
  1.2959422E-03 -6.03531678182824383E-01
  1.3071751E-03 -6.03531737401226231E-01
  1.3185051E-03 -6.03531797649315305E-01
  1.3299331E-03 -6.03531858944982624E-01
  1.3414599E-03 -6.03531921306433849E-01
  1.3530863E-03 -6.03531984752188611E-01
  1.3648132E-03 -6.03532049301086948E-01
  1.3766416E-03 -6.03532114972296418E-01
  1.3885722E-03 -6.03532181785317867E-01
  1.4006059E-03 -6.03532249759994199E-01
  1.4127437E-03 -6.03532318916508492E-01
  1.4249864E-03 -6.03532389275394876E-01
  1.4373349E-03 -6.03532460857550745E-01
  1.4497903E-03 -6.03532533684225658E-01
  1.4623533E-03 -6.03532607777043650E-01
  1.4750249E-03 -6.03532683158010119E-01
  1.4878060E-03 -6.03532759849499945E-01
  1.5006977E-03 -6.03532837874287020E-01
  1.5137008E-03 -6.03532917255540924E-01
  1.5268164E-03 -6.03532998016828137E-01
  1.5400453E-03 -6.03533080182121262E-01
  1.5533886E-03 -6.03533163775821224E-01
  1.5668472E-03 -6.03533248822742951E-01
  1.5804223E-03 -6.03533335348137134E-01
  1.5941146E-03 -6.03533423377689449E-01
  1.6079254E-03 -6.03533512937537431E-01
  1.6218555E-03 -6.03533604054266370E-01
  1.6359061E-03 -6.03533696754929294E-01
  1.6500782E-03 -6.03533791067041969E-01
  1.6643728E-03 -6.03533887018604331E-01
  1.6787910E-03 -6.03533984638098042E-01
  1.6933338E-03 -6.03534083954505030E-01
  1.7080023E-03 -6.03534184997303047E-01
  1.7227977E-03 -6.03534287796493096E-01
  1.7377210E-03 -6.03534392382582774E-01
  1.7527733E-03 -6.03534498786621687E-01
  1.7679558E-03 -6.03534607040190907E-01
  1.7832695E-03 -6.03534717175424951E-01
  1.7987156E-03 -6.03534829225017555E-01
  1.8142952E-03 -6.03534943222221565E-01
  1.8300095E-03 -6.03535059200881685E-01
  1.8458597E-03 -6.03535177195414496E-01
  1.8618469E-03 -6.03535297240847424E-01
  1.8779724E-03 -6.03535419372803195E-01
  1.8942372E-03 -6.03535543627538362E-01
  1.9106427E-03 -6.03535670041929428E-01
  1.9271900E-03 -6.03535798653495270E-01
  1.9438804E-03 -6.03535929500404467E-01
  1.9607150E-03 -6.03536062621494174E-01
  1.9776952E-03 -6.03536198056272455E-01
  1.9948222E-03 -6.03536335844932159E-01
  2.0120973E-03 -6.03536476028369795E-01
  2.0295217E-03 -6.03536618648182754E-01
  2.0470968E-03 -6.03536763746698401E-01
  2.0648238E-03 -6.03536911366981954E-01
  2.0827041E-03 -6.03537061552834153E-01
  2.1007390E-03 -6.03537214348829010E-01
  2.1189298E-03 -6.03537369800306145E-01
  2.1372778E-03 -6.03537527953401765E-01
  2.1557845E-03 -6.03537688855044663E-01
  2.1744512E-03 -6.03537852552978316E-01
  2.1932792E-03 -6.03538019095787193E-01
  2.2122701E-03 -6.03538188532884545E-01
  2.2314251E-03 -6.03538360914551042E-01
  2.2507457E-03 -6.03538536291939209E-01
  2.2702334E-03 -6.03538714717087865E-01
  2.2898896E-03 -6.03538896242942102E-01
  2.3097156E-03 -6.03539080923361726E-01
  2.3297131E-03 -6.03539268813145346E-01
  2.3498835E-03 -6.03539459968047476E-01
  2.3702283E-03 -6.03539654444782414E-01
  2.3907489E-03 -6.03539852301055668E-01
  2.4114470E-03 -6.03540053595574832E-01
  2.4323240E-03 -6.03540258388058137E-01
  2.4533815E-03 -6.03540466739277526E-01
  2.4746211E-03 -6.03540678711043443E-01
  2.4960443E-03 -6.03540894366249914E-01
  2.5176527E-03 -6.03541113768879312E-01
  2.5394479E-03 -6.03541336984027232E-01
  2.5614315E-03 -6.03541564077917703E-01
  2.5836052E-03 -6.03541795117926827E-01
  2.6059706E-03 -6.03542030172597443E-01
  2.6285294E-03 -6.03542269311667878E-01
  2.6512832E-03 -6.03542512606084824E-01
  2.6742337E-03 -6.03542760128023992E-01
  2.6973827E-03 -6.03543011950918529E-01
  2.7207318E-03 -6.03543268149476120E-01
  2.7442827E-03 -6.03543528799702078E-01
  2.7680372E-03 -6.03543793978921772E-01
  2.7919972E-03 -6.03544063765801719E-01
  2.8161642E-03 -6.03544338240374012E-01
  2.8405402E-03 -6.03544617484062740E-01
  2.8651270E-03 -6.03544901579707527E-01
  2.8899263E-03 -6.03545190611580185E-01
  2.9149400E-03 -6.03545484665423904E-01
  2.9401700E-03 -6.03545783828461913E-01
  2.9656180E-03 -6.03546088189441554E-01
  2.9912862E-03 -6.03546397838647053E-01
  3.0171762E-03 -6.03546712867926161E-01
  3.0432900E-03 -6.03547033370728792E-01
  3.0696296E-03 -6.03547359442122122E-01
  3.0961970E-03 -6.03547691178828782E-01
  3.1229940E-03 -6.03548028679246285E-01
  3.1500227E-03 -6.03548372043488102E-01
  3.1772851E-03 -6.03548721373393326E-01
  3.2047832E-03 -6.03549076772584958E-01
  3.2325190E-03 -6.03549438346471012E-01
  3.2604946E-03 -6.03549806202300698E-01
  3.2887120E-03 -6.03550180449182960E-01
  3.3171735E-03 -6.03550561198116675E-01
  3.3458810E-03 -6.03550948562031953E-01
  3.3748366E-03 -6.03551342655818668E-01
  3.4040426E-03 -6.03551743596361989E-01
  3.4335011E-03 -6.03552151502578349E-01
  3.4632143E-03 -6.03552566495443199E-01
  3.4931844E-03 -6.03552988698041193E-01
  3.5234136E-03 -6.03553418235588945E-01
  3.5539041E-03 -6.03553855235476333E-01
  3.5846583E-03 -6.03554299827307905E-01
  3.6156783E-03 -6.03554752142940631E-01
  3.6469665E-03 -6.03555212316511880E-01
  3.6785252E-03 -6.03555680484499479E-01
  3.7103568E-03 -6.03556156785744702E-01
  3.7424635E-03 -6.03556641361497448E-01
  3.7748479E-03 -6.03557134355468539E-01
  3.8075122E-03 -6.03557635913852253E-01
  3.8404589E-03 -6.03558146185387612E-01
  3.8736905E-03 -6.03558665321403121E-01
  3.9072093E-03 -6.03559193475840527E-01
  3.9410180E-03 -6.03559730805327543E-01
  3.9751189E-03 -6.03560277469199158E-01
  4.0095147E-03 -6.03560833629566140E-01
  4.0442078E-03 -6.03561399451352454E-01
  4.0792008E-03 -6.03561975102337445E-01
  4.1144964E-03 -6.03562560753225119E-01
  4.1500972E-03 -6.03563156577674120E-01
  4.1860057E-03 -6.03563762752365673E-01
  4.2222247E-03 -6.03564379457038558E-01
  4.2587568E-03 -6.03565006874563936E-01
  4.2956048E-03 -6.03565645190975331E-01
  4.3327713E-03 -6.03566294595550445E-01
  4.3702592E-03 -6.03566955280838591E-01
  4.4080711E-03 -6.03567627442738730E-01
  4.4462100E-03 -6.03568311280552439E-01
  4.4846785E-03 -6.03569006997038526E-01
  4.5234797E-03 -6.03569714798476875E-01
  4.5626163E-03 -6.03570434894725727E-01
  4.6020913E-03 -6.03571167499291517E-01
  4.6419075E-03 -6.03571912829384383E-01
  4.6820680E-03 -6.03572671105985115E-01
  4.7225757E-03 -6.03573442553907991E-01
  4.7634336E-03 -6.03574227401877494E-01
  4.8046448E-03 -6.03575025882579941E-01
  4.8462122E-03 -6.03575838232746631E-01
  4.8881390E-03 -6.03576664693217024E-01
  4.9304283E-03 -6.03577505509009238E-01
  4.9730832E-03 -6.03578360929399427E-01
  5.0161069E-03 -6.03579231207984845E-01
  5.0595025E-03 -6.03580116602767336E-01
  5.1032733E-03 -6.03581017376233708E-01
  5.1474225E-03 -6.03581933795411807E-01
  5.1919535E-03 -6.03582866131981199E-01
  5.2368694E-03 -6.03583814662324025E-01
  5.2821736E-03 -6.03584779667630467E-01
  5.3278695E-03 -6.03585761433964585E-01
  5.3739605E-03 -6.03586760252357135E-01
  5.4204500E-03 -6.03587776418891164E-01
  5.4673414E-03 -6.03588810234789608E-01
  5.5146381E-03 -6.03589862006499001E-01
  5.5623438E-03 -6.03590932045792949E-01
  5.6104620E-03 -6.03592020669847629E-01
  5.6589961E-03 -6.03593128201352025E-01
  5.7079498E-03 -6.03594254968589539E-01
  5.7573268E-03 -6.03595401305546120E-01
  5.8071307E-03 -6.03596567551998975E-01
  5.8573651E-03 -6.03597754053625146E-01
  5.9080339E-03 -6.03598961162105541E-01
  5.9591407E-03 -6.03600189235214413E-01
  6.0106893E-03 -6.03601438636944043E-01
  6.0626836E-03 -6.03602709737596888E-01
  6.1151274E-03 -6.03604002913907145E-01
  6.1680247E-03 -6.03605318549143011E-01
  6.2213792E-03 -6.03606657033225469E-01
  6.2751950E-03 -6.03608018762842535E-01
  6.3294761E-03 -6.03609404141568273E-01
  6.3842265E-03 -6.03610813579972483E-01
  6.4394502E-03 -6.03612247495758591E-01
  6.4951514E-03 -6.03613706313870457E-01
  6.5513341E-03 -6.03615190466631590E-01
  6.6080026E-03 -6.03616700393865280E-01
  6.6651610E-03 -6.03618236543023601E-01
  6.7228135E-03 -6.03619799369327636E-01
  6.7809645E-03 -6.03621389335889269E-01
  6.8396183E-03 -6.03623006913869498E-01
  6.8987791E-03 -6.03624652582587351E-01
  6.9584514E-03 -6.03626326829694859E-01
  7.0186396E-03 -6.03628030151290185E-01
  7.0793481E-03 -6.03629763052085599E-01
  7.1405815E-03 -6.03631526045555256E-01
  7.2023443E-03 -6.03633319654069189E-01
  7.2646411E-03 -6.03635144409073177E-01
  7.3274765E-03 -6.03637000851220518E-01
  7.3908551E-03 -6.03638889530552003E-01
  7.4547816E-03 -6.03640811006648348E-01
  7.5192609E-03 -6.03642765848798168E-01
  7.5842975E-03 -6.03644754636163072E-01
  7.6498965E-03 -6.03646777957956959E-01
  7.7160626E-03 -6.03648836413605117E-01
  7.7828007E-03 -6.03650930612938841E-01
  7.8501158E-03 -6.03653061176365302E-01
  7.9180129E-03 -6.03655228735052396E-01
  7.9864970E-03 -6.03657433931115484E-01
  8.0555732E-03 -6.03659677417804463E-01
  8.1252466E-03 -6.03661959859704278E-01
  8.1955223E-03 -6.03664281932923319E-01
  8.2664056E-03 -6.03666644325299373E-01
  8.3379018E-03 -6.03669047736591025E-01
  8.4100160E-03 -6.03671492878705584E-01
  8.4827537E-03 -6.03673980475886385E-01
  8.5561203E-03 -6.03676511264938043E-01
  8.6301212E-03 -6.03679085995444065E-01
  8.7047618E-03 -6.03681705429984006E-01
  8.7800478E-03 -6.03684370344365506E-01
  8.8559846E-03 -6.03687081527845781E-01
  8.9325779E-03 -6.03689839783363102E-01
  9.0098335E-03 -6.03692645927787375E-01
  9.0877569E-03 -6.03695500792146511E-01
  9.1663540E-03 -6.03698405221873791E-01
  9.2456307E-03 -6.03701360077066540E-01
  9.3255927E-03 -6.03704366232725165E-01
  9.4062461E-03 -6.03707424579027929E-01
  9.4875967E-03 -6.03710536021582977E-01
  9.5696506E-03 -6.03713701481695231E-01
  9.6524140E-03 -6.03716921896641945E-01
  9.7358929E-03 -6.03720198219944271E-01
  9.8200935E-03 -6.03723531421659576E-01
  9.9050220E-03 -6.03726922488649120E-01
  9.9906849E-03 -6.03730372424889139E-01
  1.0077088E-02 -6.03733882251745402E-01
  1.0164239E-02 -6.03737453008291847E-01
  1.0252143E-02 -6.03741085751616668E-01
  1.0340806E-02 -6.03744781557115195E-01
  1.0430237E-02 -6.03748541518823401E-01
  1.0520440E-02 -6.03752366749740865E-01
  1.0611424E-02 -6.03756258382142752E-01
  1.0703194E-02 -6.03760217567939406E-01
  1.0795757E-02 -6.03764245478984996E-01
  1.0889121E-02 -6.03768343307442001E-01
  1.0983292E-02 -6.03772512266133599E-01
  1.1078277E-02 -6.03776753588887827E-01
  1.1174083E-02 -6.03781068530907850E-01
  1.1270717E-02 -6.03785458369144545E-01
  1.1368187E-02 -6.03789924402666989E-01
  1.1466500E-02 -6.03794467953046698E-01
  1.1565663E-02 -6.03799090364745328E-01
  1.1665682E-02 -6.03803793005510792E-01
  1.1766567E-02 -6.03808577266780722E-01
  1.1868324E-02 -6.03813444564086366E-01
  1.1970960E-02 -6.03818396337480578E-01
  1.2074484E-02 -6.03823434051942387E-01
  1.2178903E-02 -6.03828559197825743E-01
  1.2284225E-02 -6.03833773291291176E-01
  1.2390457E-02 -6.03839077874745778E-01
  1.2497608E-02 -6.03844474517304941E-01
  1.2605685E-02 -6.03849964815242446E-01
  1.2714696E-02 -6.03855550392473961E-01
  1.2824650E-02 -6.03861232901019118E-01
  1.2935555E-02 -6.03867014021496007E-01
  1.3047418E-02 -6.03872895463608228E-01
  1.3160248E-02 -6.03878878966657040E-01
  1.3274054E-02 -6.03884966300037962E-01
  1.3388844E-02 -6.03891159263770239E-01
  1.3504626E-02 -6.03897459689015093E-01
  1.3621410E-02 -6.03903869438630170E-01
  1.3739203E-02 -6.03910390407690900E-01
  1.3858014E-02 -6.03917024524068591E-01
  1.3977852E-02 -6.03923773748981874E-01
  1.4098727E-02 -6.03930640077579017E-01
  1.4220646E-02 -6.03937625539515022E-01
  1.4343620E-02 -6.03944732199554357E-01
  1.4467657E-02 -6.03951962158170041E-01
  1.4592766E-02 -6.03959317552159480E-01
  1.4718957E-02 -6.03966800555271743E-01
  1.4846238E-02 -6.03974413378840391E-01
  1.4974620E-02 -6.03982158272435177E-01
  1.5104113E-02 -6.03990037524518408E-01
  1.5234724E-02 -6.03998053463110196E-01
  1.5366465E-02 -6.04006208456474458E-01
  1.5499345E-02 -6.04014504913808925E-01
  1.5633373E-02 -6.04022945285949131E-01
  1.5768561E-02 -6.04031532066084398E-01
  1.5904917E-02 -6.04040267790486696E-01
  1.6042452E-02 -6.04049155039251051E-01
  1.6181176E-02 -6.04058196437051720E-01
  1.6321099E-02 -6.04067394653897360E-01
  1.6462232E-02 -6.04076752405928508E-01
  1.6604585E-02 -6.04086272456193285E-01
  1.6748169E-02 -6.04095957615459755E-01
  1.6892995E-02 -6.04105810743034377E-01
  1.7039072E-02 -6.04115834747595781E-01
  1.7186413E-02 -6.04126032588047535E-01
  1.7335027E-02 -6.04136407274367571E-01
  1.7484926E-02 -6.04146961868499033E-01
  1.7636121E-02 -6.04157699485227129E-01
  1.7788623E-02 -6.04168623293096507E-01
  1.7942443E-02 -6.04179736515333077E-01
  1.8097594E-02 -6.04191042430771152E-01
  1.8254086E-02 -6.04202544374817574E-01
  1.8411930E-02 -6.04214245740415268E-01
  1.8571140E-02 -6.04226149979029903E-01
  1.8731726E-02 -6.04238260601653421E-01
  1.8893700E-02 -6.04250581179823665E-01
  1.9057074E-02 -6.04263115346655999E-01
  1.9221861E-02 -6.04275866797906791E-01
  1.9388073E-02 -6.04288839293030677E-01
  1.9555722E-02 -6.04302036656288122E-01
  1.9724820E-02 -6.04315462777836765E-01
  1.9895380E-02 -6.04329121614871401E-01
  2.0067414E-02 -6.04343017192759957E-01
  2.0240936E-02 -6.04357153606212782E-01
  2.0415958E-02 -6.04371535020467587E-01
  2.0592493E-02 -6.04386165672496811E-01
  2.0770555E-02 -6.04401049872216434E-01
  2.0950156E-02 -6.04416192003756070E-01
  2.1131309E-02 -6.04431596526706083E-01
  2.1314029E-02 -6.04447267977410108E-01
  2.1498329E-02 -6.04463210970270226E-01
  2.1684222E-02 -6.04479430199089229E-01
  2.1871722E-02 -6.04495930438409990E-01
  2.2060843E-02 -6.04512716544897910E-01
  2.2251599E-02 -6.04529793458735809E-01
  2.2444004E-02 -6.04547166205051112E-01
  2.2638073E-02 -6.04564839895353590E-01
  2.2833819E-02 -6.04582819729011955E-01
  2.3031258E-02 -6.04601110994739122E-01
  2.3230404E-02 -6.04619719072121087E-01
  2.3431272E-02 -6.04638649433153264E-01
  2.3633876E-02 -6.04657907643810333E-01
  2.3838232E-02 -6.04677499365646853E-01
  2.4044354E-02 -6.04697430357415966E-01
  2.4252259E-02 -6.04717706476714745E-01
  2.4461961E-02 -6.04738333681668072E-01
  2.4673476E-02 -6.04759318032622062E-01
  2.4886819E-02 -6.04780665693885999E-01
  2.5102008E-02 -6.04802382935488714E-01
  2.5319056E-02 -6.04824476134967037E-01
  2.5537981E-02 -6.04846951779183684E-01
  2.5758799E-02 -6.04869816466176768E-01
  2.5981526E-02 -6.04893076907041971E-01
  2.6206178E-02 -6.04916739927840785E-01
  2.6432773E-02 -6.04940812471540190E-01
  2.6661327E-02 -6.04965301599982408E-01
  2.6891856E-02 -6.04990214495897294E-01
  2.7124379E-02 -6.05015558464941372E-01
  2.7358912E-02 -6.05041340937757854E-01
  2.7595472E-02 -6.05067569472094502E-01
  2.7834078E-02 -6.05094251754936141E-01
  2.8074747E-02 -6.05121395604675150E-01
  2.8317496E-02 -6.05149008973332125E-01
  2.8562344E-02 -6.05177099948788544E-01
  2.8809309E-02 -6.05205676757076927E-01
  2.9058409E-02 -6.05234747764700987E-01
  2.9309663E-02 -6.05264321480976419E-01
  2.9563089E-02 -6.05294406560446085E-01
  2.9818706E-02 -6.05325011805293300E-01
  3.0076533E-02 -6.05356146167832287E-01
  3.0336588E-02 -6.05387818752998075E-01
  3.0598893E-02 -6.05420038820915773E-01
  3.0863465E-02 -6.05452815789484067E-01
  3.1130324E-02 -6.05486159237009214E-01
  3.1399490E-02 -6.05520078904888903E-01
  3.1670984E-02 -6.05554584700317755E-01
  3.1944824E-02 -6.05589686699061658E-01
  3.2221033E-02 -6.05625395148255863E-01
  3.2499629E-02 -6.05661720469256037E-01
  3.2780634E-02 -6.05698673260531617E-01
  3.3064068E-02 -6.05736264300620553E-01
  3.3349952E-02 -6.05774504551089832E-01
  3.3638309E-02 -6.05813405159599139E-01
  3.3929158E-02 -6.05852977462960185E-01
  3.4222522E-02 -6.05893232990278419E-01
  3.4518422E-02 -6.05934183466130150E-01
  3.4816880E-02 -6.05975840813791966E-01
  3.5117919E-02 -6.06018217158516781E-01
  3.5421560E-02 -6.06061324830867831E-01
  3.5727826E-02 -6.06105176370094090E-01
  3.6036740E-02 -6.06149784527576729E-01
  3.6348325E-02 -6.06195162270297794E-01
  3.6662604E-02 -6.06241322784399239E-01
  3.6979600E-02 -6.06288279478767622E-01
  3.7299336E-02 -6.06336045988685735E-01
  3.7621837E-02 -6.06384636179539527E-01
  3.7947126E-02 -6.06434064150584762E-01
  3.8275227E-02 -6.06484344238762296E-01
  3.8606165E-02 -6.06535491022567541E-01
  3.8939964E-02 -6.06587519326006630E-01
  3.9276648E-02 -6.06640444222574349E-01
  3.9616244E-02 -6.06694281039320771E-01
  3.9958775E-02 -6.06749045360963524E-01
  4.0304268E-02 -6.06804753034059674E-01
  4.0652748E-02 -6.06861420171257548E-01
  4.1004241E-02 -6.06919063155595517E-01
  4.1358772E-02 -6.06977698644864616E-01
  4.1716369E-02 -6.07037343576041999E-01
  4.2077057E-02 -6.07098015169787675E-01
  4.2440864E-02 -6.07159730935015518E-01
  4.2807816E-02 -6.07222508673505801E-01
  4.3177940E-02 -6.07286366484610429E-01
  4.3551264E-02 -6.07351322770019131E-01
  4.3927816E-02 -6.07417396238586038E-01
  4.4307623E-02 -6.07484605911234099E-01
  4.4690714E-02 -6.07552971125929431E-01
  4.5077117E-02 -6.07622511542723065E-01
  4.5466861E-02 -6.07693247148862081E-01
  4.5859974E-02 -6.07765198263990336E-01
  4.6256486E-02 -6.07838385545375948E-01
  4.6656425E-02 -6.07912829993287440E-01
  4.7059823E-02 -6.07988552956365669E-01
  4.7466708E-02 -6.08065576137127528E-01
  4.7877111E-02 -6.08143921597506520E-01
  4.8291062E-02 -6.08223611764503791E-01
  4.8708592E-02 -6.08304669435884349E-01
  4.9129731E-02 -6.08387117785976872E-01
  4.9554512E-02 -6.08470980371523584E-01
  4.9982965E-02 -6.08556281137644484E-01
  5.0415122E-02 -6.08643044423842206E-01
  5.0851015E-02 -6.08731294970116132E-01
  5.1290677E-02 -6.08821057923141340E-01
  5.1734140E-02 -6.08912358842527590E-01
  5.2181437E-02 -6.09005223707178245E-01
  5.2632601E-02 -6.09099678921704024E-01
  5.3087666E-02 -6.09195751322925583E-01
  5.3546665E-02 -6.09293468186480558E-01
  5.4009632E-02 -6.09392857233486351E-01
  5.4476602E-02 -6.09493946637298945E-01
  5.4947609E-02 -6.09596765030350651E-01
  5.5422688E-02 -6.09701341511072137E-01
  5.5901874E-02 -6.09807705650908694E-01
  5.6385203E-02 -6.09915887501399467E-01
  5.6872711E-02 -6.10025917601357826E-01
  5.7364433E-02 -6.10137826984137988E-01
  5.7860407E-02 -6.10251647184971602E-01
  5.8360669E-02 -6.10367410248393361E-01
  5.8865256E-02 -6.10485148735764649E-01
  5.9374205E-02 -6.10604895732868358E-01
  5.9887554E-02 -6.10726684857587854E-01
  6.0405341E-02 -6.10850550267675318E-01
  6.0927605E-02 -6.10976526668600917E-01
  6.1454385E-02 -6.11104649321495219E-01
  6.1985718E-02 -6.11234954051158685E-01
  6.2521645E-02 -6.11367477254158520E-01
  6.3062206E-02 -6.11502255907024672E-01
  6.3607439E-02 -6.11639327574504010E-01
  6.4157387E-02 -6.11778730417906647E-01
  6.4712090E-02 -6.11920503203541633E-01
  6.5271588E-02 -6.12064685311211831E-01
  6.5835923E-02 -6.12211316742811373E-01
  6.6405137E-02 -6.12360438130975404E-01
  6.6979272E-02 -6.12512090747830085E-01
  6.7558371E-02 -6.12666316513799769E-01
  6.8142476E-02 -6.12823158006504110E-01
  6.8731632E-02 -6.12982658469717556E-01
  6.9325881E-02 -6.13144861822401577E-01
  6.9925268E-02 -6.13309812667809484E-01
  7.0529836E-02 -6.13477556302655436E-01
  7.1139631E-02 -6.13648138726365366E-01
  7.1754699E-02 -6.13821606650352569E-01
  7.2375084E-02 -6.13998007507408960E-01
  7.3000832E-02 -6.14177389461112111E-01
  7.3631991E-02 -6.14359801415308548E-01
  7.4268606E-02 -6.14545293023657790E-01
  7.4910725E-02 -6.14733914699202133E-01
  7.5558395E-02 -6.14925717624023038E-01
  7.6211665E-02 -6.15120753758902628E-01
  7.6870583E-02 -6.15319075853064112E-01
  7.7535197E-02 -6.15520737453921329E-01
  7.8205558E-02 -6.15725792916886006E-01
  7.8881714E-02 -6.15934297415185905E-01
  7.9563715E-02 -6.16146306949739597E-01
  8.0251613E-02 -6.16361878359013460E-01
  8.0945458E-02 -6.16581069328929199E-01
  8.1645302E-02 -6.16803938402777696E-01
  8.2351196E-02 -6.17030544991128416E-01
  8.3063193E-02 -6.17260949381756907E-01
  8.3781346E-02 -6.17495212749552214E-01
  8.4505708E-02 -6.17733397166446263E-01
  8.5236332E-02 -6.17975565611285860E-01
  8.5973272E-02 -6.18221781979717555E-01
  8.6716584E-02 -6.18472111094025445E-01
  8.7466322E-02 -6.18726618712949428E-01
  8.8222542E-02 -6.18985371541437845E-01
  8.8985300E-02 -6.19248437240367933E-01
  8.9754652E-02 -6.19515884436199316E-01
  9.0530656E-02 -6.19787782730570780E-01
  9.1313369E-02 -6.20064202709787904E-01
  9.2102848E-02 -6.20345215954276497E-01
  9.2899154E-02 -6.20630895047877607E-01
  9.3702343E-02 -6.20921313587094903E-01
  9.4512477E-02 -6.21216546190189955E-01
  9.5329614E-02 -6.21516668506148506E-01
  9.6153817E-02 -6.21821757223531280E-01
  9.6985144E-02 -6.22131890079141714E-01
  9.7823659E-02 -6.22447145866559026E-01
  9.8669424E-02 -6.22767604444457779E-01
  9.9522501E-02 -6.23093346744769572E-01
  1.0038295E-01 -6.23424454780620696E-01
  1.0125084E-01 -6.23761011654046404E-01
  1.0212624E-01 -6.24103101563472040E-01
  1.0300920E-01 -6.24450809810941143E-01
  1.0389980E-01 -6.24804222809072995E-01
  1.0479809E-01 -6.25163428087727069E-01
  1.0570415E-01 -6.25528514300365823E-01
  1.0661805E-01 -6.25899571230085217E-01
  1.0753985E-01 -6.26276689795317587E-01
  1.0846961E-01 -6.26659962055136299E-01
  1.0940742E-01 -6.27049481214202897E-01
  1.1035333E-01 -6.27445341627286823E-01
  1.1130742E-01 -6.27847638803361363E-01
  1.1226976E-01 -6.28256469409228191E-01
  1.1324041E-01 -6.28671931272684392E-01
  1.1421946E-01 -6.29094123385152804E-01
  1.1520698E-01 -6.29523145903793546E-01
  1.1620303E-01 -6.29959100153050677E-01
  1.1720770E-01 -6.30402088625594659E-01
  1.1822104E-01 -6.30852214982672410E-01
  1.1924315E-01 -6.31309584053761252E-01
  1.2027410E-01 -6.31774301835572039E-01
  1.2131396E-01 -6.32246475490320647E-01
  1.2236281E-01 -6.32726213343233312E-01
  1.2342073E-01 -6.33213624879286563E-01
  1.2448779E-01 -6.33708820739092071E-01
  1.2556408E-01 -6.34211912713939618E-01
  1.2664968E-01 -6.34723013739918351E-01
  1.2774466E-01 -6.35242237891082917E-01
  1.2884911E-01 -6.35769700371668689E-01
  1.2996310E-01 -6.36305517507205876E-01
  1.3108673E-01 -6.36849806734617552E-01
  1.3222007E-01 -6.37402686591138634E-01
  1.3336321E-01 -6.37964276702101762E-01
  1.3451623E-01 -6.38534697767435988E-01
  1.3567922E-01 -6.39114071546947438E-01
  1.3685227E-01 -6.39702520844213751E-01
  1.3803545E-01 -6.40300169489110060E-01
  1.3922887E-01 -6.40907142318872802E-01
  1.4043260E-01 -6.41523565157660403E-01
  1.4164674E-01 -6.42149564794527006E-01
  1.4287138E-01 -6.42785268959779055E-01
  1.4410660E-01 -6.43430806299597591E-01
  1.4535251E-01 -6.44086306348910842E-01
  1.4660918E-01 -6.44751899502423620E-01
  1.4787673E-01 -6.45427716983697608E-01
  1.4915522E-01 -6.46113890812283209E-01
  1.5044478E-01 -6.46810553768744967E-01
  1.5174548E-01 -6.47517839357555025E-01
  1.5305742E-01 -6.48235881767742605E-01
  1.5438071E-01 -6.48964815831227892E-01
  1.5571544E-01 -6.49704776978744514E-01
  1.5706171E-01 -6.50455901193275898E-01
  1.5841962E-01 -6.51218324960865069E-01
  1.5978927E-01 -6.51992185218791986E-01
  1.6117075E-01 -6.52777619300895395E-01
  1.6256419E-01 -6.53574764880060055E-01
  1.6396967E-01 -6.54383759907669282E-01
  1.6538730E-01 -6.55204742549971852E-01
  1.6681718E-01 -6.56037851121227700E-01
  1.6825943E-01 -6.56883224013513400E-01
  1.6971415E-01 -6.57740999623089295E-01
  1.7118145E-01 -6.58611316273180480E-01
  1.7266143E-01 -6.59494312133065197E-01
  1.7415420E-01 -6.60390125133350936E-01
  1.7565988E-01 -6.61298892877254185E-01
  1.7717858E-01 -6.62220752547823310E-01
  1.7871041E-01 -6.63155840810915387E-01
  1.8025548E-01 -6.64104293713768223E-01
  1.8181391E-01 -6.65066246579095077E-01
  1.8338581E-01 -6.66041833894450264E-01
  1.8497131E-01 -6.67031189196800045E-01
  1.8657051E-01 -6.68034444952079087E-01
  1.8818353E-01 -6.69051732429603696E-01
  1.8981051E-01 -6.70083181571161424E-01
  1.9145154E-01 -6.71128920854590638E-01
  1.9310677E-01 -6.72189077151718495E-01
  1.9477630E-01 -6.73263775580415946E-01
  1.9646027E-01 -6.74353139350651554E-01
  1.9815880E-01 -6.75457289604278310E-01
  1.9987202E-01 -6.76576345248460553E-01
  2.0160004E-01 -6.77710422782429545E-01
  2.0334301E-01 -6.78859636117472132E-01
  2.0510104E-01 -6.80024096389858279E-01
  2.0687427E-01 -6.81203911766551928E-01
  2.0866283E-01 -6.82399187243505345E-01
  2.1046686E-01 -6.83610024436219432E-01
  2.1228648E-01 -6.84836521362475859E-01
  2.1412184E-01 -6.86078772216916488E-01
  2.1597306E-01 -6.87336867137293694E-01
  2.1784029E-01 -6.88610891962103455E-01
  2.1972366E-01 -6.89900927979435807E-01
  2.2162331E-01 -6.91207051666697714E-01
  2.2353938E-01 -6.92529334421065790E-01
  2.2547202E-01 -6.93867842280325275E-01
  2.2742137E-01 -6.95222635633906627E-01
  2.2938758E-01 -6.96593768923817414E-01
  2.3137078E-01 -6.97981290335210058E-01
  2.3337113E-01 -6.99385241476356501E-01
  2.3538877E-01 -7.00805657047691377E-01
  2.3742385E-01 -7.02242564499733102E-01
  2.3947653E-01 -7.03695983679515913E-01
  2.4154696E-01 -7.05165926465351700E-01
  2.4363529E-01 -7.06652396389553572E-01
  2.4574167E-01 -7.08155388248882134E-01
  2.4786626E-01 -7.09674887702444690E-01
  2.5000922E-01 -7.11210870856719857E-01
  2.5217071E-01 -7.12763303837446349E-01
  2.5435088E-01 -7.14332142348098054E-01
  2.5654990E-01 -7.15917331214630970E-01
  2.5876794E-01 -7.17518803916235348E-01
  2.6100515E-01 -7.19136482101814800E-01
  2.6326170E-01 -7.20770275091874524E-01
  2.6553776E-01 -7.22420079365590051E-01
  2.6783350E-01 -7.24085778032717675E-01
  2.7014908E-01 -7.25767240290120297E-01
  2.7248469E-01 -7.27464320862631575E-01
  2.7484049E-01 -7.29176859427939750E-01
  2.7721665E-01 -7.30904680025323938E-01
  2.7961336E-01 -7.32647590447906505E-01
  2.8203079E-01 -7.34405381618218001E-01
  2.8446912E-01 -7.36177826946835312E-01
  2.8692853E-01 -7.37964681673861866E-01
  2.8940921E-01 -7.39765682193038177E-01
  2.9191133E-01 -7.41580545358258347E-01
  2.9443508E-01 -7.43408967772365981E-01
  2.9698065E-01 -7.45250625057972793E-01
  2.9954823E-01 -7.47105171110206578E-01
  3.0213800E-01 -7.48972237331225088E-01
  3.0475017E-01 -7.50851431846373263E-01
  3.0738492E-01 -7.52742338701918645E-01
  3.1004245E-01 -7.54644517044221086E-01
  3.1272295E-01 -7.56557500280380046E-01
  3.1542663E-01 -7.58480795220264126E-01
  3.1815369E-01 -7.60413881199972330E-01
  3.2090432E-01 -7.62356209186744960E-01
  3.2367873E-01 -7.64307200865414371E-01
  3.2647713E-01 -7.66266247706509307E-01
  3.2929972E-01 -7.68232710016140463E-01
  3.3214671E-01 -7.70205915967879684E-01
  3.3501832E-01 -7.72185160616871147E-01
  3.3791475E-01 -7.74169704896460531E-01
  3.4083623E-01 -7.76158774597658141E-01
  3.4378296E-01 -7.78151559331857312E-01
  3.4675517E-01 -7.80147211477245750E-01
  3.4975307E-01 -7.82144845109420950E-01
  3.5277690E-01 -7.84143534916770579E-01
  3.5582686E-01 -7.86142315101313827E-01
  3.5890320E-01 -7.88140178265657965E-01
  3.6200613E-01 -7.90136074286926338E-01
  3.6513588E-01 -7.92128909178499541E-01
  3.6829270E-01 -7.94117543940557558E-01
  3.7147681E-01 -7.96100793400467244E-01
  3.7468844E-01 -7.98077425044202537E-01
  3.7792785E-01 -8.00046157840007655E-01
  3.8119526E-01 -8.02005661055711694E-01
  3.8449091E-01 -8.03954553071143940E-01
  3.8781506E-01 -8.05891400187285778E-01
  3.9116795E-01 -8.07814715433814223E-01
  3.9454983E-01 -8.09722957376976304E-01
  3.9796094E-01 -8.11614528929720747E-01
  4.0140155E-01 -8.13487776166227694E-01
  4.0487190E-01 -8.15340987143160723E-01
  4.0837225E-01 -8.17172390730041998E-01
  4.1190287E-01 -8.18980155451371594E-01
  4.1546401E-01 -8.20762388343272531E-01
  4.1905594E-01 -8.22517133827615710E-01
  4.2267892E-01 -8.24242372606760365E-01
  4.2633322E-01 -8.25936020582259567E-01
  4.3001912E-01 -8.27595927801056175E-01
  4.3373688E-01 -8.29219877432941788E-01
  4.3748679E-01 -8.30805584783201545E-01
  4.4126912E-01 -8.32350696344693608E-01
  4.4508414E-01 -8.33852788893743924E-01
  4.4893215E-01 -8.35309368634550853E-01
  4.5281343E-01 -8.36717870396995189E-01
  4.5672826E-01 -8.38075656893065957E-01
  4.6067694E-01 -8.39380018037332087E-01
  4.6465976E-01 -8.40628170337140546E-01
  4.6867701E-01 -8.41817256358623589E-01
  4.7272899E-01 -8.42944344274728752E-01
  4.7681600E-01 -8.44006427501897138E-01
  4.8093835E-01 -8.45000424432306385E-01
  4.8509634E-01 -8.45923178268829568E-01
  4.8929027E-01 -8.46771456970290215E-01
  4.9352047E-01 -8.47541953314839724E-01
  4.9778723E-01 -8.48231285089645515E-01
  5.0209089E-01 -8.48835995415392786E-01
  5.0643175E-01 -8.49352553214500094E-01
  5.1081014E-01 -8.49777353832216753E-01
  5.1522639E-01 -8.50106719820151624E-01
  5.1968081E-01 -8.50336901892169261E-01
  5.2417375E-01 -8.50464080062868777E-01
  5.2870553E-01 -8.50484364979261387E-01
  5.3327649E-01 -8.50393799456607757E-01
  5.3788696E-01 -8.50188360229693796E-01
  5.4253730E-01 -8.49863959931199120E-01
  5.4722784E-01 -8.49416449309127963E-01
  5.5195894E-01 -8.48841619695616889E-01
  5.5673093E-01 -8.48135205739711351E-01
  5.6154419E-01 -8.47292888417100043E-01
  5.6639905E-01 -8.46310298329979283E-01
  5.7129589E-01 -8.45183019310568939E-01
  5.7623506E-01 -8.43906592342040018E-01
  5.8121694E-01 -8.42476519810835600E-01
  5.8624189E-01 -8.40888270104615421E-01
  5.9131028E-01 -8.39137282570182830E-01
  5.9642249E-01 -8.37218972845912290E-01
  6.0157889E-01 -8.35128738583364338E-01
  6.0677988E-01 -8.32861965572792018E-01
  6.1202583E-01 -8.30414034287240366E-01
  6.1731714E-01 -8.27780326860011129E-01
  6.2265419E-01 -8.24956234510121789E-01
  6.2803738E-01 -8.21937165430240313E-01
  6.3346712E-01 -8.18718553151429496E-01
  6.3894379E-01 -8.15295865398700692E-01
  6.4446782E-01 -8.11664613451068884E-01
  6.5003960E-01 -8.07820362019342930E-01
  6.5565956E-01 -8.03758739654343524E-01
  6.6132810E-01 -7.99475449697616081E-01
  6.6704565E-01 -7.94966281786027018E-01
  6.7281263E-01 -7.90227123920631991E-01
  6.7862947E-01 -7.85253975109423741E-01
  6.8449660E-01 -7.80042958592255253E-01
  6.9041445E-01 -7.74590335655126583E-01
  6.9638346E-01 -7.68892520039539895E-01
  7.0240408E-01 -7.62946092951039878E-01
  7.0847676E-01 -7.56747818669350925E-01
  7.1460193E-01 -7.50294660760545185E-01
  7.2078006E-01 -7.43583798889532521E-01
  7.2701160E-01 -7.36612646228840373E-01
  7.3329702E-01 -7.29378867456995317E-01
  7.3963677E-01 -7.21880397337113955E-01
  7.4603134E-01 -7.14115459863090218E-01
  7.5248119E-01 -7.06082587957532648E-01
  7.5898681E-01 -6.97780643701916836E-01
  7.6554867E-01 -6.89208839075492463E-01
  7.7216726E-01 -6.80366757175236092E-01
  7.7884307E-01 -6.71254373884555999E-01
  7.8557659E-01 -6.61872079953514714E-01
  7.9236833E-01 -6.52220703448019412E-01
  7.9921879E-01 -6.42301532519759522E-01
  8.0612848E-01 -6.32116338442527792E-01
  8.1309790E-01 -6.21667398854107489E-01
  8.2012758E-01 -6.10957521135829795E-01
  8.2721803E-01 -5.99990065854612231E-01
  8.3436978E-01 -5.88768970184279206E-01
  8.4158336E-01 -5.77298771214580064E-01
  8.4885931E-01 -5.65584629047440446E-01
  8.5619817E-01 -5.53632349570498339E-01
  8.6360047E-01 -5.41448406787985337E-01
  8.7106676E-01 -5.29039964578431054E-01
  8.7859761E-01 -5.16414897737602741E-01
  8.8619357E-01 -5.03581812153314656E-01
  8.9385519E-01 -4.90550063946471548E-01
  9.0158306E-01 -4.77329777399808086E-01
  9.0937773E-01 -4.63931861482339947E-01
  9.1723980E-01 -4.50368024763407426E-01
  9.2516984E-01 -4.36650788495668518E-01
  9.3316843E-01 -4.22793497631102688E-01
  9.4123618E-01 -4.08810329518502547E-01
  9.4937368E-01 -3.94716300014703203E-01
  9.5758153E-01 -3.80527266725185720E-01
  9.6586034E-01 -3.66259929072866086E-01
  9.7421073E-01 -3.51931824876532462E-01
  9.8263331E-01 -3.37561323103121536E-01
  9.9112870E-01 -3.23167612440607044E-01
  9.9969755E-01 -3.08770685320961191E-01
  1.0083405E+00 -2.94391317005728959E-01
  1.0170581E+00 -2.80051039330285800E-01
  1.0258511E+00 -2.65772108687195419E-01
  1.0347202E+00 -2.51577467814548983E-01
  1.0436659E+00 -2.37490700941999727E-01
  1.0526889E+00 -2.23535981836043507E-01
  1.0617900E+00 -2.09738014277122020E-01
  1.0709698E+00 -1.96121964495185264E-01
  1.0802289E+00 -1.82713385087877794E-01
  1.0895680E+00 -1.69538129947436805E-01
  1.0989879E+00 -1.56622259729326335E-01
  1.1084893E+00 -1.43991937408864901E-01
  1.1180728E+00 -1.31673313492495059E-01
  1.1277391E+00 -1.19692400479311803E-01
  1.1374890E+00 -1.08074936207528172E-01
  1.1473232E+00 -9.68462357713016919E-02
  1.1572424E+00 -8.60310317577835520E-02
  1.1672474E+00 -7.56533026346156573E-02
  1.1773389E+00 -6.57360892168728506E-02
  1.1875176E+00 -5.63012992626244421E-02
  1.1977844E+00 -4.73695003910745149E-02
  1.2081399E+00 -3.89597016906340354E-02
  1.2185849E+00 -3.10891245903873042E-02
  1.2291202E+00 -2.37729638124294963E-02
  1.2397466E+00 -1.70241395099807458E-02
  1.2504649E+00 -1.08530420335518230E-02
  1.2612758E+00 -5.26727116200040747E-03
  1.2721802E+00 -2.71372095353384127E-04
  1.2831789E+00  4.13342895883654290E-03
  1.2942727E+00  7.94948615370250598E-03
  1.3054623E+00  1.11829881567692118E-02
  1.3167488E+00  1.38442000927895166E-02
  1.3281327E+00  1.59476873275992519E-02
  1.3396152E+00  1.75125140523172754E-02
  1.3511969E+00  1.85624083768037330E-02
  1.3628787E+00  1.91258842130645514E-02
  1.3746615E+00  1.92363086028719196E-02
  1.3865462E+00  1.89319012958760712E-02
  1.3985336E+00  1.82556512901616043E-02
  1.4106247E+00  1.72551326796899392E-02
  1.4228203E+00  1.59821994824102566E-02
  1.4351213E+00  1.44925361179651518E-02
  1.4475287E+00  1.28449657928226338E-02
  1.4600434E+00  1.11005463122314692E-02
  1.4726662E+00  9.32141845358710683E-03
  1.4853982E+00  7.56936751933009935E-03
  1.4982402E+00  5.90405365206886617E-03
  1.5111933E+00  4.38086088113338185E-03
  1.5242584E+00  3.04830861218628605E-03
  1.5374364E+00  1.94496229622259783E-03
  1.5507284E+00  1.09577223943292906E-03
  1.5641352E+00  5.07760851622832804E-04
  1.5776580E+00  1.64968981562465080E-04
  1.5912977E+00  2.25612518183197734E-05
  1.6050553E+00  0.00000000000000000E+00
  1.6189319E+00  0.00000000000000000E+00
  1.6329284E+00  0.00000000000000000E+00
  1.6470459E+00  0.00000000000000000E+00
  1.6612855E+00  0.00000000000000000E+00
  1.6756482E+00  0.00000000000000000E+00
  1.6901351E+00  0.00000000000000000E+00
  1.7047472E+00  0.00000000000000000E+00
  1.7194856E+00  0.00000000000000000E+00
  1.7343515E+00  0.00000000000000000E+00
  1.7493459E+00  0.00000000000000000E+00
