 # l=           0 basis function with energy   -0.211200160152816     
  0.0000E+00  0.0000E+00  0.0000E+00  0.0000E+00
  2.8818E-08  4.7130E-08  4.0671E-09 -4.1125E-08
  5.7886E-08  9.4666E-08  8.1693E-09 -8.2605E-08
  8.7205E-08  1.4261E-07  1.2307E-08 -1.2444E-07
  1.1678E-07  1.9098E-07  1.6481E-08 -1.6664E-07
  1.4661E-07  2.3976E-07  2.0690E-08 -2.0921E-07
  1.7669E-07  2.8896E-07  2.4936E-08 -2.5214E-07
  2.0704E-07  3.3859E-07  2.9219E-08 -2.9545E-07
  2.3765E-07  3.8864E-07  3.3538E-08 -3.3913E-07
  2.6852E-07  4.3913E-07  3.7895E-08 -3.8318E-07
  2.9966E-07  4.9006E-07  4.2290E-08 -4.2762E-07
  3.3107E-07  5.4143E-07  4.6723E-08 -4.7244E-07
  3.6275E-07  5.9324E-07  5.1194E-08 -5.1765E-07
  3.9470E-07  6.4549E-07  5.5704E-08 -5.6325E-07
  4.2693E-07  6.9820E-07  6.0252E-08 -6.0925E-07
  4.5944E-07  7.5137E-07  6.4840E-08 -6.5564E-07
  4.9223E-07  8.0500E-07  6.9468E-08 -7.0243E-07
  5.2531E-07  8.5908E-07  7.4136E-08 -7.4963E-07
  5.5867E-07  9.1364E-07  7.8844E-08 -7.9723E-07
  5.9232E-07  9.6867E-07  8.3592E-08 -8.4525E-07
  6.2625E-07  1.0242E-06  8.8382E-08 -8.9368E-07
  6.6049E-07  1.0802E-06  9.3213E-08 -9.4253E-07
  6.9502E-07  1.1366E-06  9.8086E-08 -9.9181E-07
  7.2984E-07  1.1936E-06  1.0300E-07 -1.0415E-06
  7.6497E-07  1.2510E-06  1.0796E-07 -1.0916E-06
  8.0040E-07  1.3090E-06  1.1296E-07 -1.1422E-06
  8.3614E-07  1.3674E-06  1.1800E-07 -1.1932E-06
  8.7219E-07  1.4264E-06  1.2309E-07 -1.2446E-06
  9.0855E-07  1.4858E-06  1.2822E-07 -1.2965E-06
  9.4522E-07  1.5458E-06  1.3340E-07 -1.3489E-06
  9.8221E-07  1.6063E-06  1.3862E-07 -1.4016E-06
  1.0195E-06  1.6673E-06  1.4388E-07 -1.4549E-06
  1.0572E-06  1.7289E-06  1.4919E-07 -1.5086E-06
  1.0951E-06  1.7909E-06  1.5455E-07 -1.5628E-06
  1.1334E-06  1.8536E-06  1.5995E-07 -1.6174E-06
  1.1720E-06  1.9167E-06  1.6540E-07 -1.6725E-06
  1.2110E-06  1.9804E-06  1.7090E-07 -1.7281E-06
  1.2503E-06  2.0447E-06  1.7645E-07 -1.7841E-06
  1.2899E-06  2.1095E-06  1.8204E-07 -1.8407E-06
  1.3299E-06  2.1748E-06  1.8768E-07 -1.8977E-06
  1.3702E-06  2.2408E-06  1.9337E-07 -1.9553E-06
  1.4108E-06  2.3073E-06  1.9911E-07 -2.0133E-06
  1.4518E-06  2.3743E-06  2.0490E-07 -2.0718E-06
  1.4932E-06  2.4420E-06  2.1073E-07 -2.1309E-06
  1.5349E-06  2.5102E-06  2.1662E-07 -2.1904E-06
  1.5770E-06  2.5791E-06  2.2256E-07 -2.2505E-06
  1.6195E-06  2.6485E-06  2.2856E-07 -2.3111E-06
  1.6623E-06  2.7185E-06  2.3460E-07 -2.3722E-06
  1.7055E-06  2.7892E-06  2.4069E-07 -2.4338E-06
  1.7491E-06  2.8604E-06  2.4684E-07 -2.4960E-06
  1.7930E-06  2.9323E-06  2.5304E-07 -2.5587E-06
  1.8373E-06  3.0047E-06  2.5930E-07 -2.6219E-06
  1.8820E-06  3.0778E-06  2.6561E-07 -2.6857E-06
  1.9271E-06  3.1516E-06  2.7197E-07 -2.7500E-06
  1.9726E-06  3.2260E-06  2.7839E-07 -2.8149E-06
  2.0185E-06  3.3010E-06  2.8486E-07 -2.8804E-06
  2.0647E-06  3.3766E-06  2.9139E-07 -2.9464E-06
  2.1114E-06  3.4530E-06  2.9798E-07 -3.0130E-06
  2.1585E-06  3.5299E-06  3.0462E-07 -3.0802E-06
  2.2060E-06  3.6076E-06  3.1132E-07 -3.1480E-06
  2.2538E-06  3.6859E-06  3.1808E-07 -3.2163E-06
  2.3021E-06  3.7649E-06  3.2490E-07 -3.2852E-06
  2.3509E-06  3.8446E-06  3.3177E-07 -3.3548E-06
  2.4000E-06  3.9249E-06  3.3871E-07 -3.4249E-06
  2.4496E-06  4.0060E-06  3.4570E-07 -3.4956E-06
  2.4996E-06  4.0878E-06  3.5276E-07 -3.5670E-06
  2.5500E-06  4.1702E-06  3.5988E-07 -3.6389E-06
  2.6009E-06  4.2534E-06  3.6706E-07 -3.7115E-06
  2.6522E-06  4.3373E-06  3.7430E-07 -3.7847E-06
  2.7039E-06  4.4220E-06  3.8160E-07 -3.8586E-06
  2.7561E-06  4.5073E-06  3.8897E-07 -3.9331E-06
  2.8088E-06  4.5934E-06  3.9640E-07 -4.0082E-06
  2.8619E-06  4.6802E-06  4.0389E-07 -4.0840E-06
  2.9154E-06  4.7678E-06  4.1145E-07 -4.1604E-06
  2.9694E-06  4.8562E-06  4.1907E-07 -4.2375E-06
  3.0239E-06  4.9453E-06  4.2676E-07 -4.3153E-06
  3.0789E-06  5.0352E-06  4.3452E-07 -4.3937E-06
  3.1343E-06  5.1258E-06  4.4234E-07 -4.4728E-06
  3.1903E-06  5.2173E-06  4.5023E-07 -4.5526E-06
  3.2467E-06  5.3095E-06  4.5819E-07 -4.6331E-06
  3.3035E-06  5.4026E-06  4.6622E-07 -4.7143E-06
  3.3609E-06  5.4964E-06  4.7432E-07 -4.7961E-06
  3.4188E-06  5.5910E-06  4.8249E-07 -4.8787E-06
  3.4772E-06  5.6865E-06  4.9073E-07 -4.9620E-06
  3.5361E-06  5.7828E-06  4.9904E-07 -5.0461E-06
  3.5954E-06  5.8799E-06  5.0742E-07 -5.1308E-06
  3.6553E-06  5.9779E-06  5.1587E-07 -5.2163E-06
  3.7158E-06  6.0767E-06  5.2440E-07 -5.3025E-06
  3.7767E-06  6.1764E-06  5.3300E-07 -5.3895E-06
  3.8382E-06  6.2769E-06  5.4167E-07 -5.4772E-06
  3.9002E-06  6.3783E-06  5.5042E-07 -5.5657E-06
  3.9627E-06  6.4805E-06  5.5925E-07 -5.6549E-06
  4.0258E-06  6.5837E-06  5.6815E-07 -5.7449E-06
  4.0894E-06  6.6877E-06  5.7713E-07 -5.8357E-06
  4.1536E-06  6.7927E-06  5.8619E-07 -5.9273E-06
  4.2183E-06  6.8985E-06  5.9532E-07 -6.0197E-06
  4.2836E-06  7.0053E-06  6.0454E-07 -6.1128E-06
  4.3495E-06  7.1130E-06  6.1383E-07 -6.2068E-06
  4.4159E-06  7.2216E-06  6.2321E-07 -6.3016E-06
  4.4829E-06  7.3312E-06  6.3266E-07 -6.3972E-06
  4.5505E-06  7.4417E-06  6.4220E-07 -6.4936E-06
  4.6186E-06  7.5532E-06  6.5182E-07 -6.5909E-06
  4.6874E-06  7.6656E-06  6.6152E-07 -6.6890E-06
  4.7567E-06  7.7790E-06  6.7130E-07 -6.7880E-06
  4.8266E-06  7.8934E-06  6.8118E-07 -6.8878E-06
  4.8972E-06  8.0087E-06  6.9113E-07 -6.9884E-06
  4.9684E-06  8.1251E-06  7.0117E-07 -7.0900E-06
  5.0401E-06  8.2425E-06  7.1130E-07 -7.1924E-06
  5.1125E-06  8.3609E-06  7.2152E-07 -7.2957E-06
  5.1855E-06  8.4803E-06  7.3182E-07 -7.3999E-06
  5.2592E-06  8.6007E-06  7.4222E-07 -7.5050E-06
  5.3335E-06  8.7222E-06  7.5270E-07 -7.6110E-06
  5.4084E-06  8.8447E-06  7.6328E-07 -7.7179E-06
  5.4840E-06  8.9683E-06  7.7394E-07 -7.8258E-06
  5.5602E-06  9.0930E-06  7.8470E-07 -7.9346E-06
  5.6371E-06  9.2187E-06  7.9555E-07 -8.0443E-06
  5.7146E-06  9.3456E-06  8.0650E-07 -8.1550E-06
  5.7929E-06  9.4735E-06  8.1754E-07 -8.2666E-06
  5.8718E-06  9.6025E-06  8.2867E-07 -8.3792E-06
  5.9514E-06  9.7327E-06  8.3990E-07 -8.4928E-06
  6.0316E-06  9.8639E-06  8.5123E-07 -8.6073E-06
  6.1126E-06  9.9963E-06  8.6266E-07 -8.7229E-06
  6.1943E-06  1.0130E-05  8.7418E-07 -8.8394E-06
  6.2766E-06  1.0265E-05  8.8581E-07 -8.9569E-06
  6.3597E-06  1.0400E-05  8.9753E-07 -9.0755E-06
  6.4435E-06  1.0538E-05  9.0936E-07 -9.1951E-06
  6.5280E-06  1.0676E-05  9.2129E-07 -9.3157E-06
  6.6133E-06  1.0815E-05  9.3332E-07 -9.4374E-06
  6.6993E-06  1.0956E-05  9.4546E-07 -9.5601E-06
  6.7860E-06  1.1098E-05  9.5770E-07 -9.6839E-06
  6.8735E-06  1.1241E-05  9.7005E-07 -9.8087E-06
  6.9618E-06  1.1385E-05  9.8250E-07 -9.9346E-06
  7.0508E-06  1.1531E-05  9.9506E-07 -1.0062E-05
  7.1405E-06  1.1677E-05  1.0077E-06 -1.0190E-05
  7.2311E-06  1.1825E-05  1.0205E-06 -1.0319E-05
  7.3224E-06  1.1975E-05  1.0334E-06 -1.0449E-05
  7.4146E-06  1.2125E-05  1.0464E-06 -1.0581E-05
  7.5075E-06  1.2277E-05  1.0595E-06 -1.0713E-05
  7.6012E-06  1.2431E-05  1.0727E-06 -1.0847E-05
  7.6957E-06  1.2585E-05  1.0861E-06 -1.0982E-05
  7.7911E-06  1.2741E-05  1.0995E-06 -1.1118E-05
  7.8873E-06  1.2899E-05  1.1131E-06 -1.1255E-05
  7.9843E-06  1.3057E-05  1.1268E-06 -1.1394E-05
  8.0821E-06  1.3217E-05  1.1406E-06 -1.1533E-05
  8.1808E-06  1.3379E-05  1.1545E-06 -1.1674E-05
  8.2804E-06  1.3541E-05  1.1686E-06 -1.1816E-05
  8.3808E-06  1.3706E-05  1.1828E-06 -1.1960E-05
  8.4820E-06  1.3871E-05  1.1971E-06 -1.2104E-05
  8.5842E-06  1.4038E-05  1.2115E-06 -1.2250E-05
  8.6872E-06  1.4207E-05  1.2260E-06 -1.2397E-05
  8.7911E-06  1.4377E-05  1.2407E-06 -1.2545E-05
  8.8960E-06  1.4548E-05  1.2555E-06 -1.2695E-05
  9.0017E-06  1.4721E-05  1.2704E-06 -1.2846E-05
  9.1083E-06  1.4895E-05  1.2854E-06 -1.2998E-05
  9.2159E-06  1.5071E-05  1.3006E-06 -1.3151E-05
  9.3244E-06  1.5249E-05  1.3159E-06 -1.3306E-05
  9.4338E-06  1.5428E-05  1.3314E-06 -1.3462E-05
  9.5442E-06  1.5608E-05  1.3470E-06 -1.3620E-05
  9.6555E-06  1.5790E-05  1.3627E-06 -1.3779E-05
  9.7678E-06  1.5974E-05  1.3785E-06 -1.3939E-05
  9.8811E-06  1.6159E-05  1.3945E-06 -1.4101E-05
  9.9953E-06  1.6346E-05  1.4106E-06 -1.4264E-05
  1.0111E-05  1.6534E-05  1.4269E-06 -1.4428E-05
  1.0227E-05  1.6724E-05  1.4433E-06 -1.4594E-05
  1.0344E-05  1.6916E-05  1.4598E-06 -1.4761E-05
  1.0462E-05  1.7109E-05  1.4765E-06 -1.4930E-05
  1.0582E-05  1.7305E-05  1.4934E-06 -1.5100E-05
  1.0702E-05  1.7501E-05  1.5103E-06 -1.5272E-05
  1.0823E-05  1.7700E-05  1.5275E-06 -1.5445E-05
  1.0946E-05  1.7900E-05  1.5447E-06 -1.5620E-05
  1.1069E-05  1.8102E-05  1.5622E-06 -1.5796E-05
  1.1194E-05  1.8305E-05  1.5797E-06 -1.5974E-05
  1.1319E-05  1.8511E-05  1.5975E-06 -1.6153E-05
  1.1446E-05  1.8718E-05  1.6153E-06 -1.6334E-05
  1.1574E-05  1.8927E-05  1.6334E-06 -1.6516E-05
  1.1702E-05  1.9138E-05  1.6515E-06 -1.6700E-05
  1.1832E-05  1.9350E-05  1.6699E-06 -1.6885E-05
  1.1964E-05  1.9565E-05  1.6884E-06 -1.7072E-05
  1.2096E-05  1.9781E-05  1.7071E-06 -1.7261E-05
  1.2229E-05  1.9999E-05  1.7259E-06 -1.7451E-05
  1.2364E-05  2.0219E-05  1.7449E-06 -1.7643E-05
  1.2499E-05  2.0441E-05  1.7640E-06 -1.7837E-05
  1.2636E-05  2.0665E-05  1.7833E-06 -1.8032E-05
  1.2774E-05  2.0890E-05  1.8028E-06 -1.8229E-05
  1.2914E-05  2.1118E-05  1.8225E-06 -1.8428E-05
  1.3054E-05  2.1348E-05  1.8423E-06 -1.8629E-05
  1.3196E-05  2.1580E-05  1.8623E-06 -1.8831E-05
  1.3339E-05  2.1813E-05  1.8825E-06 -1.9035E-05
  1.3483E-05  2.2049E-05  1.9028E-06 -1.9240E-05
  1.3628E-05  2.2287E-05  1.9233E-06 -1.9448E-05
  1.3775E-05  2.2527E-05  1.9440E-06 -1.9657E-05
  1.3923E-05  2.2768E-05  1.9649E-06 -1.9868E-05
  1.4072E-05  2.3012E-05  1.9860E-06 -2.0081E-05
  1.4222E-05  2.3258E-05  2.0072E-06 -2.0296E-05
  1.4374E-05  2.3507E-05  2.0286E-06 -2.0512E-05
  1.4527E-05  2.3757E-05  2.0502E-06 -2.0731E-05
  1.4682E-05  2.4009E-05  2.0720E-06 -2.0951E-05
  1.4838E-05  2.4264E-05  2.0940E-06 -2.1174E-05
  1.4995E-05  2.4521E-05  2.1162E-06 -2.1398E-05
  1.5153E-05  2.4780E-05  2.1385E-06 -2.1624E-05
  1.5313E-05  2.5042E-05  2.1611E-06 -2.1852E-05
  1.5474E-05  2.5305E-05  2.1838E-06 -2.2082E-05
  1.5637E-05  2.5571E-05  2.2068E-06 -2.2314E-05
  1.5801E-05  2.5839E-05  2.2299E-06 -2.2548E-05
  1.5966E-05  2.6110E-05  2.2533E-06 -2.2784E-05
  1.6133E-05  2.6383E-05  2.2768E-06 -2.3022E-05
  1.6301E-05  2.6658E-05  2.3006E-06 -2.3262E-05
  1.6471E-05  2.6935E-05  2.3245E-06 -2.3505E-05
  1.6642E-05  2.7215E-05  2.3487E-06 -2.3749E-05
  1.6815E-05  2.7498E-05  2.3731E-06 -2.3995E-05
  1.6989E-05  2.7783E-05  2.3976E-06 -2.4244E-05
  1.7165E-05  2.8070E-05  2.4224E-06 -2.4495E-05
  1.7342E-05  2.8360E-05  2.4475E-06 -2.4748E-05
  1.7521E-05  2.8652E-05  2.4727E-06 -2.5003E-05
  1.7701E-05  2.8947E-05  2.4981E-06 -2.5260E-05
  1.7883E-05  2.9244E-05  2.5238E-06 -2.5519E-05
  1.8066E-05  2.9544E-05  2.5497E-06 -2.5781E-05
  1.8251E-05  2.9847E-05  2.5758E-06 -2.6045E-05
  1.8438E-05  3.0152E-05  2.6021E-06 -2.6312E-05
  1.8626E-05  3.0460E-05  2.6287E-06 -2.6580E-05
  1.8816E-05  3.0770E-05  2.6555E-06 -2.6851E-05
  1.9008E-05  3.1083E-05  2.6825E-06 -2.7124E-05
  1.9201E-05  3.1399E-05  2.7098E-06 -2.7400E-05
  1.9396E-05  3.1718E-05  2.7373E-06 -2.7678E-05
  1.9592E-05  3.2039E-05  2.7650E-06 -2.7958E-05
  1.9790E-05  3.2363E-05  2.7930E-06 -2.8241E-05
  1.9990E-05  3.2690E-05  2.8212E-06 -2.8527E-05
  2.0192E-05  3.3020E-05  2.8496E-06 -2.8814E-05
  2.0395E-05  3.3352E-05  2.8783E-06 -2.9105E-05
  2.0600E-05  3.3688E-05  2.9073E-06 -2.9397E-05
  2.0807E-05  3.4026E-05  2.9365E-06 -2.9693E-05
  2.1016E-05  3.4367E-05  2.9659E-06 -2.9990E-05
  2.1226E-05  3.4712E-05  2.9957E-06 -3.0291E-05
  2.1439E-05  3.5059E-05  3.0256E-06 -3.0594E-05
  2.1653E-05  3.5409E-05  3.0558E-06 -3.0899E-05
  2.1869E-05  3.5762E-05  3.0863E-06 -3.1208E-05
  2.2087E-05  3.6118E-05  3.1171E-06 -3.1519E-05
  2.2307E-05  3.6478E-05  3.1481E-06 -3.1832E-05
  2.2528E-05  3.6840E-05  3.1794E-06 -3.2149E-05
  2.2752E-05  3.7206E-05  3.2109E-06 -3.2468E-05
  2.2977E-05  3.7575E-05  3.2428E-06 -3.2789E-05
  2.3205E-05  3.7947E-05  3.2749E-06 -3.3114E-05
  2.3434E-05  3.8322E-05  3.3072E-06 -3.3441E-05
  2.3666E-05  3.8700E-05  3.3399E-06 -3.3772E-05
  2.3899E-05  3.9082E-05  3.3728E-06 -3.4105E-05
  2.4135E-05  3.9467E-05  3.4061E-06 -3.4441E-05
  2.4372E-05  3.9855E-05  3.4396E-06 -3.4780E-05
  2.4612E-05  4.0247E-05  3.4734E-06 -3.5121E-05
  2.4853E-05  4.0642E-05  3.5075E-06 -3.5466E-05
  2.5097E-05  4.1040E-05  3.5419E-06 -3.5814E-05
  2.5343E-05  4.1442E-05  3.5766E-06 -3.6165E-05
  2.5591E-05  4.1848E-05  3.6116E-06 -3.6519E-05
  2.5841E-05  4.2257E-05  3.6468E-06 -3.6875E-05
  2.6093E-05  4.2669E-05  3.6824E-06 -3.7235E-05
  2.6347E-05  4.3085E-05  3.7183E-06 -3.7598E-05
  2.6604E-05  4.3505E-05  3.7546E-06 -3.7965E-05
  2.6863E-05  4.3928E-05  3.7911E-06 -3.8334E-05
  2.7124E-05  4.4355E-05  3.8279E-06 -3.8706E-05
  2.7387E-05  4.4785E-05  3.8651E-06 -3.9082E-05
  2.7653E-05  4.5219E-05  3.9026E-06 -3.9461E-05
  2.7921E-05  4.5657E-05  3.9404E-06 -3.9844E-05
  2.8191E-05  4.6099E-05  3.9785E-06 -4.0229E-05
  2.8463E-05  4.6545E-05  4.0170E-06 -4.0618E-05
  2.8738E-05  4.6994E-05  4.0558E-06 -4.1010E-05
  2.9016E-05  4.7448E-05  4.0949E-06 -4.1406E-05
  2.9295E-05  4.7905E-05  4.1344E-06 -4.1805E-05
  2.9577E-05  4.8366E-05  4.1742E-06 -4.2208E-05
  2.9862E-05  4.8832E-05  4.2143E-06 -4.2614E-05
  3.0149E-05  4.9301E-05  4.2548E-06 -4.3023E-05
  3.0438E-05  4.9774E-05  4.2957E-06 -4.3436E-05
  3.0730E-05  5.0252E-05  4.3369E-06 -4.3853E-05
  3.1025E-05  5.0733E-05  4.3785E-06 -4.4273E-05
  3.1322E-05  5.1219E-05  4.4204E-06 -4.4697E-05
  3.1621E-05  5.1709E-05  4.4627E-06 -4.5125E-05
  3.1924E-05  5.2203E-05  4.5053E-06 -4.5556E-05
  3.2228E-05  5.2701E-05  4.5483E-06 -4.5991E-05
  3.2536E-05  5.3204E-05  4.5917E-06 -4.6430E-05
  3.2846E-05  5.3711E-05  4.6355E-06 -4.6872E-05
  3.3159E-05  5.4222E-05  4.6796E-06 -4.7319E-05
  3.3474E-05  5.4738E-05  4.7242E-06 -4.7769E-05
  3.3792E-05  5.5259E-05  4.7691E-06 -4.8223E-05
  3.4113E-05  5.5783E-05  4.8144E-06 -4.8681E-05
  3.4437E-05  5.6313E-05  4.8601E-06 -4.9143E-05
  3.4764E-05  5.6847E-05  4.9061E-06 -4.9609E-05
  3.5093E-05  5.7385E-05  4.9526E-06 -5.0079E-05
  3.5425E-05  5.7928E-05  4.9995E-06 -5.0553E-05
  3.5760E-05  5.8476E-05  5.0468E-06 -5.1031E-05
  3.6098E-05  5.9029E-05  5.0945E-06 -5.1513E-05
  3.6439E-05  5.9586E-05  5.1426E-06 -5.2000E-05
  3.6783E-05  6.0148E-05  5.1911E-06 -5.2491E-05
  3.7130E-05  6.0716E-05  5.2401E-06 -5.2986E-05
  3.7480E-05  6.1287E-05  5.2895E-06 -5.3485E-05
  3.7833E-05  6.1864E-05  5.3393E-06 -5.3988E-05
  3.8189E-05  6.2446E-05  5.3895E-06 -5.4496E-05
  3.8548E-05  6.3033E-05  5.4401E-06 -5.5008E-05
  3.8910E-05  6.3625E-05  5.4912E-06 -5.5525E-05
  3.9275E-05  6.4222E-05  5.5428E-06 -5.6046E-05
  3.9643E-05  6.4825E-05  5.5948E-06 -5.6572E-05
  4.0015E-05  6.5432E-05  5.6472E-06 -5.7102E-05
  4.0390E-05  6.6045E-05  5.7001E-06 -5.7637E-05
  4.0768E-05  6.6663E-05  5.7534E-06 -5.8176E-05
  4.1149E-05  6.7286E-05  5.8073E-06 -5.8721E-05
  4.1533E-05  6.7915E-05  5.8615E-06 -5.9269E-05
  4.1921E-05  6.8549E-05  5.9163E-06 -5.9823E-05
  4.2313E-05  6.9189E-05  5.9715E-06 -6.0381E-05
  4.2707E-05  6.9834E-05  6.0272E-06 -6.0944E-05
  4.3105E-05  7.0485E-05  6.0834E-06 -6.1512E-05
  4.3507E-05  7.1141E-05  6.1400E-06 -6.2085E-05
  4.3912E-05  7.1804E-05  6.1972E-06 -6.2663E-05
  4.4320E-05  7.2471E-05  6.2548E-06 -6.3246E-05
  4.4732E-05  7.3145E-05  6.3130E-06 -6.3834E-05
  4.5148E-05  7.3824E-05  6.3716E-06 -6.4427E-05
  4.5567E-05  7.4510E-05  6.4308E-06 -6.5025E-05
  4.5990E-05  7.5201E-05  6.4904E-06 -6.5628E-05
  4.6416E-05  7.5898E-05  6.5506E-06 -6.6237E-05
  4.6846E-05  7.6601E-05  6.6113E-06 -6.6851E-05
  4.7280E-05  7.7310E-05  6.6725E-06 -6.7470E-05
  4.7717E-05  7.8026E-05  6.7343E-06 -6.8094E-05
  4.8159E-05  7.8747E-05  6.7966E-06 -6.8724E-05
  4.8604E-05  7.9475E-05  6.8594E-06 -6.9359E-05
  4.9053E-05  8.0209E-05  6.9228E-06 -7.0000E-05
  4.9506E-05  8.0950E-05  6.9867E-06 -7.0646E-05
  4.9963E-05  8.1697E-05  7.0511E-06 -7.1298E-05
  5.0424E-05  8.2450E-05  7.1162E-06 -7.1956E-05
  5.0888E-05  8.3210E-05  7.1818E-06 -7.2619E-05
  5.1357E-05  8.3976E-05  7.2479E-06 -7.3288E-05
  5.1830E-05  8.4749E-05  7.3147E-06 -7.3963E-05
  5.2307E-05  8.5529E-05  7.3820E-06 -7.4643E-05
  5.2788E-05  8.6315E-05  7.4498E-06 -7.5330E-05
  5.3273E-05  8.7109E-05  7.5183E-06 -7.6022E-05
  5.3762E-05  8.7909E-05  7.5874E-06 -7.6721E-05
  5.4256E-05  8.8716E-05  7.6571E-06 -7.7425E-05
  5.4754E-05  8.9530E-05  7.7273E-06 -7.8135E-05
  5.5256E-05  9.0351E-05  7.7982E-06 -7.8852E-05
  5.5763E-05  9.1179E-05  7.8697E-06 -7.9575E-05
  5.6274E-05  9.2014E-05  7.9418E-06 -8.0304E-05
  5.6789E-05  9.2857E-05  8.0145E-06 -8.1039E-05
  5.7309E-05  9.3706E-05  8.0879E-06 -8.1781E-05
  5.7833E-05  9.4564E-05  8.1619E-06 -8.2529E-05
  5.8362E-05  9.5428E-05  8.2365E-06 -8.3284E-05
  5.8895E-05  9.6300E-05  8.3118E-06 -8.4045E-05
  5.9433E-05  9.7180E-05  8.3877E-06 -8.4813E-05
  5.9976E-05  9.8067E-05  8.4643E-06 -8.5587E-05
  6.0523E-05  9.8961E-05  8.5415E-06 -8.6368E-05
  6.1075E-05  9.9864E-05  8.6194E-06 -8.7156E-05
  6.1632E-05  1.0077E-04  8.6980E-06 -8.7951E-05
  6.2194E-05  1.0169E-04  8.7773E-06 -8.8752E-05
  6.2760E-05  1.0262E-04  8.8572E-06 -8.9561E-05
  6.3332E-05  1.0355E-04  8.9379E-06 -9.0376E-05
  6.3908E-05  1.0450E-04  9.0192E-06 -9.1199E-05
  6.4489E-05  1.0545E-04  9.1013E-06 -9.2028E-05
  6.5076E-05  1.0640E-04  9.1840E-06 -9.2865E-05
  6.5667E-05  1.0737E-04  9.2675E-06 -9.3709E-05
  6.6264E-05  1.0835E-04  9.3517E-06 -9.4560E-05
  6.6865E-05  1.0933E-04  9.4366E-06 -9.5419E-05
  6.7472E-05  1.1032E-04  9.5222E-06 -9.6285E-05
  6.8084E-05  1.1132E-04  9.6086E-06 -9.7159E-05
  6.8702E-05  1.1233E-04  9.6958E-06 -9.8040E-05
  6.9325E-05  1.1335E-04  9.7837E-06 -9.8928E-05
  6.9953E-05  1.1438E-04  9.8723E-06 -9.9825E-05
  7.0586E-05  1.1541E-04  9.9617E-06 -1.0073E-04
  7.1226E-05  1.1646E-04  1.0052E-05 -1.0164E-04
  7.1870E-05  1.1751E-04  1.0143E-05 -1.0256E-04
  7.2520E-05  1.1857E-04  1.0235E-05 -1.0349E-04
  7.3176E-05  1.1965E-04  1.0327E-05 -1.0442E-04
  7.3838E-05  1.2073E-04  1.0421E-05 -1.0537E-04
  7.4505E-05  1.2182E-04  1.0515E-05 -1.0632E-04
  7.5178E-05  1.2292E-04  1.0610E-05 -1.0728E-04
  7.5856E-05  1.2403E-04  1.0705E-05 -1.0825E-04
  7.6541E-05  1.2515E-04  1.0802E-05 -1.0923E-04
  7.7232E-05  1.2628E-04  1.0900E-05 -1.1021E-04
  7.7928E-05  1.2741E-04  1.0998E-05 -1.1121E-04
  7.8631E-05  1.2856E-04  1.1097E-05 -1.1221E-04
  7.9339E-05  1.2972E-04  1.1197E-05 -1.1322E-04
  8.0054E-05  1.3089E-04  1.1298E-05 -1.1424E-04
  8.0775E-05  1.3207E-04  1.1400E-05 -1.1527E-04
  8.1502E-05  1.3326E-04  1.1502E-05 -1.1631E-04
  8.2236E-05  1.3445E-04  1.1606E-05 -1.1735E-04
  8.2975E-05  1.3566E-04  1.1710E-05 -1.1841E-04
  8.3722E-05  1.3688E-04  1.1815E-05 -1.1947E-04
  8.4474E-05  1.3811E-04  1.1922E-05 -1.2055E-04
  8.5233E-05  1.3935E-04  1.2029E-05 -1.2163E-04
  8.5999E-05  1.4061E-04  1.2137E-05 -1.2272E-04
  8.6771E-05  1.4187E-04  1.2246E-05 -1.2383E-04
  8.7550E-05  1.4314E-04  1.2356E-05 -1.2494E-04
  8.8336E-05  1.4443E-04  1.2467E-05 -1.2606E-04
  8.9129E-05  1.4572E-04  1.2579E-05 -1.2719E-04
  8.9928E-05  1.4703E-04  1.2691E-05 -1.2833E-04
  9.0734E-05  1.4835E-04  1.2805E-05 -1.2948E-04
  9.1548E-05  1.4968E-04  1.2920E-05 -1.3064E-04
  9.2368E-05  1.5102E-04  1.3036E-05 -1.3181E-04
  9.3195E-05  1.5237E-04  1.3152E-05 -1.3299E-04
  9.4030E-05  1.5373E-04  1.3270E-05 -1.3418E-04
  9.4872E-05  1.5511E-04  1.3389E-05 -1.3538E-04
  9.5721E-05  1.5650E-04  1.3509E-05 -1.3660E-04
  9.6577E-05  1.5790E-04  1.3630E-05 -1.3782E-04
  9.7441E-05  1.5931E-04  1.3752E-05 -1.3905E-04
  9.8312E-05  1.6073E-04  1.3875E-05 -1.4029E-04
  9.9191E-05  1.6217E-04  1.3999E-05 -1.4155E-04
  1.0008E-04  1.6362E-04  1.4124E-05 -1.4281E-04
  1.0097E-04  1.6508E-04  1.4250E-05 -1.4409E-04
  1.0187E-04  1.6655E-04  1.4377E-05 -1.4538E-04
  1.0278E-04  1.6804E-04  1.4506E-05 -1.4667E-04
  1.0370E-04  1.6954E-04  1.4635E-05 -1.4798E-04
  1.0463E-04  1.7105E-04  1.4766E-05 -1.4930E-04
  1.0556E-04  1.7258E-04  1.4897E-05 -1.5064E-04
  1.0650E-04  1.7411E-04  1.5030E-05 -1.5198E-04
  1.0745E-04  1.7567E-04  1.5164E-05 -1.5333E-04
  1.0841E-04  1.7723E-04  1.5299E-05 -1.5470E-04
  1.0937E-04  1.7881E-04  1.5436E-05 -1.5608E-04
  1.1035E-04  1.8040E-04  1.5573E-05 -1.5747E-04
  1.1133E-04  1.8201E-04  1.5712E-05 -1.5887E-04
  1.1232E-04  1.8363E-04  1.5852E-05 -1.6029E-04
  1.1332E-04  1.8526E-04  1.5993E-05 -1.6171E-04
  1.1433E-04  1.8691E-04  1.6135E-05 -1.6315E-04
  1.1535E-04  1.8857E-04  1.6279E-05 -1.6460E-04
  1.1637E-04  1.9025E-04  1.6424E-05 -1.6607E-04
  1.1741E-04  1.9194E-04  1.6570E-05 -1.6755E-04
  1.1845E-04  1.9365E-04  1.6717E-05 -1.6904E-04
  1.1951E-04  1.9537E-04  1.6866E-05 -1.7054E-04
  1.2057E-04  1.9710E-04  1.7015E-05 -1.7205E-04
  1.2164E-04  1.9886E-04  1.7167E-05 -1.7358E-04
  1.2272E-04  2.0062E-04  1.7319E-05 -1.7512E-04
  1.2381E-04  2.0240E-04  1.7473E-05 -1.7668E-04
  1.2491E-04  2.0420E-04  1.7628E-05 -1.7825E-04
  1.2602E-04  2.0601E-04  1.7785E-05 -1.7983E-04
  1.2714E-04  2.0784E-04  1.7942E-05 -1.8143E-04
  1.2826E-04  2.0968E-04  1.8102E-05 -1.8304E-04
  1.2940E-04  2.1154E-04  1.8262E-05 -1.8466E-04
  1.3055E-04  2.1341E-04  1.8424E-05 -1.8630E-04
  1.3171E-04  2.1531E-04  1.8587E-05 -1.8795E-04
  1.3287E-04  2.1721E-04  1.8752E-05 -1.8961E-04
  1.3405E-04  2.1914E-04  1.8918E-05 -1.9129E-04
  1.3524E-04  2.2108E-04  1.9086E-05 -1.9299E-04
  1.3644E-04  2.2304E-04  1.9255E-05 -1.9470E-04
  1.3765E-04  2.2501E-04  1.9426E-05 -1.9642E-04
  1.3886E-04  2.2700E-04  1.9598E-05 -1.9816E-04
  1.4009E-04  2.2901E-04  1.9771E-05 -1.9992E-04
  1.4133E-04  2.3104E-04  1.9946E-05 -2.0169E-04
  1.4258E-04  2.3308E-04  2.0123E-05 -2.0347E-04
  1.4385E-04  2.3514E-04  2.0301E-05 -2.0527E-04
  1.4512E-04  2.3722E-04  2.0480E-05 -2.0709E-04
  1.4640E-04  2.3932E-04  2.0661E-05 -2.0892E-04
  1.4770E-04  2.4143E-04  2.0844E-05 -2.1077E-04
  1.4900E-04  2.4357E-04  2.1028E-05 -2.1263E-04
  1.5032E-04  2.4572E-04  2.1214E-05 -2.1451E-04
  1.5165E-04  2.4789E-04  2.1402E-05 -2.1640E-04
  1.5299E-04  2.5008E-04  2.1591E-05 -2.1832E-04
  1.5434E-04  2.5229E-04  2.1781E-05 -2.2025E-04
  1.5570E-04  2.5452E-04  2.1974E-05 -2.2219E-04
  1.5708E-04  2.5676E-04  2.2168E-05 -2.2415E-04
  1.5846E-04  2.5903E-04  2.2364E-05 -2.2613E-04
  1.5986E-04  2.6131E-04  2.2561E-05 -2.2813E-04
  1.6127E-04  2.6362E-04  2.2760E-05 -2.3014E-04
  1.6270E-04  2.6594E-04  2.2961E-05 -2.3217E-04
  1.6413E-04  2.6829E-04  2.3164E-05 -2.3422E-04
  1.6558E-04  2.7065E-04  2.3368E-05 -2.3629E-04
  1.6704E-04  2.7304E-04  2.3574E-05 -2.3837E-04
  1.6851E-04  2.7545E-04  2.3782E-05 -2.4047E-04
  1.7000E-04  2.7787E-04  2.3992E-05 -2.4259E-04
  1.7150E-04  2.8032E-04  2.4203E-05 -2.4473E-04
  1.7301E-04  2.8279E-04  2.4416E-05 -2.4689E-04
  1.7453E-04  2.8528E-04  2.4632E-05 -2.4906E-04
  1.7607E-04  2.8779E-04  2.4849E-05 -2.5126E-04
  1.7762E-04  2.9033E-04  2.5067E-05 -2.5347E-04
  1.7919E-04  2.9288E-04  2.5288E-05 -2.5570E-04
  1.8076E-04  2.9546E-04  2.5511E-05 -2.5796E-04
  1.8236E-04  2.9806E-04  2.5736E-05 -2.6023E-04
  1.8396E-04  3.0068E-04  2.5962E-05 -2.6252E-04
  1.8558E-04  3.0333E-04  2.6191E-05 -2.6483E-04
  1.8721E-04  3.0600E-04  2.6421E-05 -2.6716E-04
  1.8886E-04  3.0869E-04  2.6654E-05 -2.6951E-04
  1.9052E-04  3.1140E-04  2.6888E-05 -2.7188E-04
  1.9220E-04  3.1414E-04  2.7125E-05 -2.7427E-04
  1.9389E-04  3.1690E-04  2.7363E-05 -2.7669E-04
  1.9559E-04  3.1969E-04  2.7604E-05 -2.7912E-04
  1.9731E-04  3.2250E-04  2.7847E-05 -2.8157E-04
  1.9905E-04  3.2533E-04  2.8091E-05 -2.8405E-04
  2.0080E-04  3.2819E-04  2.8338E-05 -2.8655E-04
  2.0256E-04  3.3107E-04  2.8587E-05 -2.8906E-04
  2.0434E-04  3.3398E-04  2.8839E-05 -2.9160E-04
  2.0614E-04  3.3691E-04  2.9092E-05 -2.9417E-04
  2.0795E-04  3.3987E-04  2.9348E-05 -2.9675E-04
  2.0978E-04  3.4285E-04  2.9605E-05 -2.9936E-04
  2.1162E-04  3.4586E-04  2.9865E-05 -3.0199E-04
  2.1348E-04  3.4890E-04  3.0128E-05 -3.0464E-04
  2.1535E-04  3.5196E-04  3.0392E-05 -3.0731E-04
  2.1724E-04  3.5505E-04  3.0659E-05 -3.1001E-04
  2.1915E-04  3.5816E-04  3.0928E-05 -3.1273E-04
  2.2107E-04  3.6130E-04  3.1200E-05 -3.1548E-04
  2.2301E-04  3.6447E-04  3.1473E-05 -3.1825E-04
  2.2497E-04  3.6767E-04  3.1750E-05 -3.2104E-04
  2.2694E-04  3.7089E-04  3.2028E-05 -3.2386E-04
  2.2893E-04  3.7414E-04  3.2309E-05 -3.2670E-04
  2.3094E-04  3.7742E-04  3.2592E-05 -3.2956E-04
  2.3297E-04  3.8073E-04  3.2878E-05 -3.3245E-04
  2.3501E-04  3.8407E-04  3.3167E-05 -3.3537E-04
  2.3707E-04  3.8743E-04  3.3457E-05 -3.3831E-04
  2.3915E-04  3.9083E-04  3.3751E-05 -3.4127E-04
  2.4125E-04  3.9425E-04  3.4047E-05 -3.4427E-04
  2.4336E-04  3.9770E-04  3.4345E-05 -3.4728E-04
  2.4549E-04  4.0118E-04  3.4646E-05 -3.5033E-04
  2.4764E-04  4.0470E-04  3.4950E-05 -3.5340E-04
  2.4981E-04  4.0824E-04  3.5256E-05 -3.5649E-04
  2.5200E-04  4.1181E-04  3.5565E-05 -3.5962E-04
  2.5421E-04  4.1542E-04  3.5876E-05 -3.6277E-04
  2.5644E-04  4.1905E-04  3.6191E-05 -3.6594E-04
  2.5868E-04  4.2272E-04  3.6507E-05 -3.6915E-04
  2.6095E-04  4.2642E-04  3.6827E-05 -3.7238E-04
  2.6323E-04  4.3015E-04  3.7150E-05 -3.7564E-04
  2.6554E-04  4.3391E-04  3.7475E-05 -3.7893E-04
  2.6786E-04  4.3771E-04  3.7803E-05 -3.8225E-04
  2.7021E-04  4.4154E-04  3.8134E-05 -3.8559E-04
  2.7257E-04  4.4540E-04  3.8468E-05 -3.8897E-04
  2.7496E-04  4.4929E-04  3.8804E-05 -3.9237E-04
  2.7736E-04  4.5322E-04  3.9144E-05 -3.9581E-04
  2.7979E-04  4.5718E-04  3.9486E-05 -3.9927E-04
  2.8224E-04  4.6118E-04  3.9832E-05 -4.0276E-04
  2.8471E-04  4.6521E-04  4.0180E-05 -4.0629E-04
  2.8720E-04  4.6928E-04  4.0532E-05 -4.0984E-04
  2.8971E-04  4.7338E-04  4.0886E-05 -4.1342E-04
  2.9224E-04  4.7751E-04  4.1244E-05 -4.1704E-04
  2.9480E-04  4.8169E-04  4.1604E-05 -4.2069E-04
  2.9738E-04  4.8589E-04  4.1968E-05 -4.2436E-04
  2.9998E-04  4.9014E-04  4.2335E-05 -4.2807E-04
  3.0260E-04  4.9442E-04  4.2705E-05 -4.3182E-04
  3.0524E-04  4.9874E-04  4.3078E-05 -4.3559E-04
  3.0791E-04  5.0309E-04  4.3455E-05 -4.3940E-04
  3.1060E-04  5.0748E-04  4.3835E-05 -4.4324E-04
  3.1332E-04  5.1191E-04  4.4218E-05 -4.4711E-04
  3.1605E-04  5.1638E-04  4.4604E-05 -4.5102E-04
  3.1881E-04  5.2089E-04  4.4994E-05 -4.5496E-04
  3.2160E-04  5.2544E-04  4.5387E-05 -4.5893E-04
  3.2441E-04  5.3002E-04  4.5783E-05 -4.6294E-04
  3.2724E-04  5.3465E-04  4.6183E-05 -4.6698E-04
  3.3010E-04  5.3931E-04  4.6586E-05 -4.7106E-04
  3.3298E-04  5.4402E-04  4.6993E-05 -4.7518E-04
  3.3589E-04  5.4876E-04  4.7404E-05 -4.7933E-04
  3.3882E-04  5.5355E-04  4.7817E-05 -4.8351E-04
  3.4178E-04  5.5838E-04  4.8235E-05 -4.8773E-04
  3.4476E-04  5.6324E-04  4.8656E-05 -4.9199E-04
  3.4777E-04  5.6816E-04  4.9081E-05 -4.9628E-04
  3.5081E-04  5.7311E-04  4.9509E-05 -5.0062E-04
  3.5387E-04  5.7811E-04  4.9941E-05 -5.0498E-04
  3.5696E-04  5.8315E-04  5.0377E-05 -5.0939E-04
  3.6007E-04  5.8823E-04  5.0817E-05 -5.1384E-04
  3.6322E-04  5.9336E-04  5.1260E-05 -5.1832E-04
  3.6639E-04  5.9853E-04  5.1707E-05 -5.2284E-04
  3.6958E-04  6.0374E-04  5.2158E-05 -5.2740E-04
  3.7281E-04  6.0900E-04  5.2613E-05 -5.3200E-04
  3.7606E-04  6.1431E-04  5.3072E-05 -5.3665E-04
  3.7934E-04  6.1966E-04  5.3535E-05 -5.4133E-04
  3.8265E-04  6.2506E-04  5.4002E-05 -5.4605E-04
  3.8598E-04  6.3051E-04  5.4473E-05 -5.5081E-04
  3.8935E-04  6.3600E-04  5.4948E-05 -5.5561E-04
  3.9274E-04  6.4154E-04  5.5427E-05 -5.6046E-04
  3.9617E-04  6.4712E-04  5.5910E-05 -5.6534E-04
  3.9962E-04  6.5276E-04  5.6398E-05 -5.7027E-04
  4.0311E-04  6.5844E-04  5.6890E-05 -5.7524E-04
  4.0662E-04  6.6417E-04  5.7385E-05 -5.8026E-04
  4.1016E-04  6.6996E-04  5.7886E-05 -5.8532E-04
  4.1374E-04  6.7579E-04  5.8390E-05 -5.9042E-04
  4.1734E-04  6.8167E-04  5.8899E-05 -5.9556E-04
  4.2098E-04  6.8760E-04  5.9412E-05 -6.0075E-04
  4.2465E-04  6.9359E-04  5.9930E-05 -6.0599E-04
  4.2835E-04  6.9962E-04  6.0452E-05 -6.1127E-04
  4.3208E-04  7.0571E-04  6.0979E-05 -6.1659E-04
  4.3585E-04  7.1185E-04  6.1510E-05 -6.2197E-04
  4.3964E-04  7.1804E-04  6.2046E-05 -6.2738E-04
  4.4347E-04  7.2429E-04  6.2587E-05 -6.3285E-04
  4.4734E-04  7.3059E-04  6.3132E-05 -6.3836E-04
  4.5123E-04  7.3695E-04  6.3682E-05 -6.4392E-04
  4.5516E-04  7.4336E-04  6.4236E-05 -6.4953E-04
  4.5913E-04  7.4982E-04  6.4796E-05 -6.5519E-04
  4.6312E-04  7.5634E-04  6.5360E-05 -6.6089E-04
  4.6716E-04  7.6292E-04  6.5929E-05 -6.6665E-04
  4.7123E-04  7.6955E-04  6.6503E-05 -6.7245E-04
  4.7533E-04  7.7624E-04  6.7082E-05 -6.7831E-04
  4.7947E-04  7.8299E-04  6.7666E-05 -6.8421E-04
  4.8364E-04  7.8980E-04  6.8255E-05 -6.9017E-04
  4.8785E-04  7.9666E-04  6.8849E-05 -6.9618E-04
  4.9210E-04  8.0359E-04  6.9449E-05 -7.0224E-04
  4.9638E-04  8.1057E-04  7.0053E-05 -7.0835E-04
  5.0070E-04  8.1762E-04  7.0663E-05 -7.1451E-04
  5.0506E-04  8.2472E-04  7.1278E-05 -7.2073E-04
  5.0945E-04  8.3189E-04  7.1898E-05 -7.2700E-04
  5.1389E-04  8.3911E-04  7.2524E-05 -7.3333E-04
  5.1836E-04  8.4640E-04  7.3155E-05 -7.3971E-04
  5.2287E-04  8.5376E-04  7.3791E-05 -7.4615E-04
  5.2742E-04  8.6117E-04  7.4433E-05 -7.5264E-04
  5.3201E-04  8.6865E-04  7.5081E-05 -7.5919E-04
  5.3663E-04  8.7620E-04  7.5734E-05 -7.6579E-04
  5.4130E-04  8.8381E-04  7.6393E-05 -7.7246E-04
  5.4601E-04  8.9148E-04  7.7058E-05 -7.7917E-04
  5.5076E-04  8.9923E-04  7.7728E-05 -7.8595E-04
  5.5555E-04  9.0703E-04  7.8404E-05 -7.9279E-04
  5.6038E-04  9.1491E-04  7.9086E-05 -7.9968E-04
  5.6526E-04  9.2285E-04  7.9774E-05 -8.0664E-04
  5.7017E-04  9.3087E-04  8.0467E-05 -8.1365E-04
  5.7513E-04  9.3895E-04  8.1167E-05 -8.2073E-04
  5.8013E-04  9.4710E-04  8.1873E-05 -8.2787E-04
  5.8518E-04  9.5532E-04  8.2585E-05 -8.3506E-04
  5.9026E-04  9.6361E-04  8.3303E-05 -8.4232E-04
  5.9540E-04  9.7197E-04  8.4027E-05 -8.4965E-04
  6.0057E-04  9.8041E-04  8.4758E-05 -8.5703E-04
  6.0579E-04  9.8892E-04  8.5494E-05 -8.6449E-04
  6.1106E-04  9.9750E-04  8.6238E-05 -8.7200E-04
  6.1637E-04  1.0062E-03  8.6987E-05 -8.7958E-04
  6.2173E-04  1.0149E-03  8.7743E-05 -8.8723E-04
  6.2713E-04  1.0237E-03  8.8506E-05 -8.9494E-04
  6.3258E-04  1.0326E-03  8.9275E-05 -9.0272E-04
  6.3808E-04  1.0415E-03  9.0051E-05 -9.1056E-04
  6.4363E-04  1.0506E-03  9.0834E-05 -9.1847E-04
  6.4922E-04  1.0597E-03  9.1623E-05 -9.2646E-04
  6.5486E-04  1.0689E-03  9.2419E-05 -9.3451E-04
  6.6055E-04  1.0781E-03  9.3222E-05 -9.4263E-04
  6.6629E-04  1.0875E-03  9.4032E-05 -9.5082E-04
  6.7208E-04  1.0969E-03  9.4850E-05 -9.5908E-04
  6.7792E-04  1.1064E-03  9.5674E-05 -9.6741E-04
  6.8381E-04  1.1160E-03  9.6505E-05 -9.7582E-04
  6.8975E-04  1.1257E-03  9.7343E-05 -9.8430E-04
  6.9574E-04  1.1354E-03  9.8189E-05 -9.9285E-04
  7.0179E-04  1.1453E-03  9.9042E-05 -1.0015E-03
  7.0788E-04  1.1552E-03  9.9902E-05 -1.0102E-03
  7.1403E-04  1.1652E-03  1.0077E-04 -1.0189E-03
  7.2023E-04  1.1753E-03  1.0165E-04 -1.0278E-03
  7.2649E-04  1.1855E-03  1.0253E-04 -1.0367E-03
  7.3280E-04  1.1958E-03  1.0342E-04 -1.0457E-03
  7.3916E-04  1.2061E-03  1.0432E-04 -1.0548E-03
  7.4558E-04  1.2166E-03  1.0522E-04 -1.0640E-03
  7.5206E-04  1.2271E-03  1.0614E-04 -1.0732E-03
  7.5859E-04  1.2378E-03  1.0706E-04 -1.0825E-03
  7.6518E-04  1.2485E-03  1.0799E-04 -1.0919E-03
  7.7182E-04  1.2593E-03  1.0893E-04 -1.1014E-03
  7.7852E-04  1.2702E-03  1.0987E-04 -1.1110E-03
  7.8528E-04  1.2812E-03  1.1083E-04 -1.1206E-03
  7.9210E-04  1.2923E-03  1.1179E-04 -1.1303E-03
  7.9898E-04  1.3035E-03  1.1276E-04 -1.1402E-03
  8.0591E-04  1.3148E-03  1.1374E-04 -1.1501E-03
  8.1291E-04  1.3262E-03  1.1472E-04 -1.1600E-03
  8.1997E-04  1.3377E-03  1.1572E-04 -1.1701E-03
  8.2708E-04  1.3493E-03  1.1672E-04 -1.1803E-03
  8.3426E-04  1.3609E-03  1.1774E-04 -1.1905E-03
  8.4150E-04  1.3727E-03  1.1876E-04 -1.2009E-03
  8.4881E-04  1.3846E-03  1.1979E-04 -1.2113E-03
  8.5618E-04  1.3966E-03  1.2083E-04 -1.2218E-03
  8.6361E-04  1.4087E-03  1.2188E-04 -1.2324E-03
  8.7110E-04  1.4209E-03  1.2294E-04 -1.2431E-03
  8.7866E-04  1.4332E-03  1.2400E-04 -1.2539E-03
  8.8629E-04  1.4456E-03  1.2508E-04 -1.2648E-03
  8.9398E-04  1.4581E-03  1.2617E-04 -1.2757E-03
  9.0174E-04  1.4707E-03  1.2726E-04 -1.2868E-03
  9.0956E-04  1.4834E-03  1.2836E-04 -1.2980E-03
  9.1745E-04  1.4963E-03  1.2948E-04 -1.3092E-03
  9.2541E-04  1.5092E-03  1.3060E-04 -1.3206E-03
  9.3344E-04  1.5223E-03  1.3173E-04 -1.3321E-03
  9.4154E-04  1.5355E-03  1.3288E-04 -1.3436E-03
  9.4971E-04  1.5487E-03  1.3403E-04 -1.3553E-03
  9.5795E-04  1.5621E-03  1.3519E-04 -1.3670E-03
  9.6626E-04  1.5756E-03  1.3637E-04 -1.3789E-03
  9.7464E-04  1.5893E-03  1.3755E-04 -1.3908E-03
  9.8310E-04  1.6030E-03  1.3874E-04 -1.4029E-03
  9.9163E-04  1.6169E-03  1.3995E-04 -1.4151E-03
  1.0002E-03  1.6309E-03  1.4116E-04 -1.4274E-03
  1.0089E-03  1.6450E-03  1.4238E-04 -1.4397E-03
  1.0177E-03  1.6592E-03  1.4362E-04 -1.4522E-03
  1.0265E-03  1.6735E-03  1.4487E-04 -1.4648E-03
  1.0354E-03  1.6880E-03  1.4612E-04 -1.4775E-03
  1.0444E-03  1.7026E-03  1.4739E-04 -1.4903E-03
  1.0534E-03  1.7173E-03  1.4867E-04 -1.5033E-03
  1.0626E-03  1.7322E-03  1.4996E-04 -1.5163E-03
  1.0718E-03  1.7472E-03  1.5126E-04 -1.5295E-03
  1.0811E-03  1.7623E-03  1.5257E-04 -1.5427E-03
  1.0904E-03  1.7775E-03  1.5389E-04 -1.5561E-03
  1.0999E-03  1.7929E-03  1.5523E-04 -1.5696E-03
  1.1094E-03  1.8083E-03  1.5657E-04 -1.5832E-03
  1.1191E-03  1.8240E-03  1.5793E-04 -1.5969E-03
  1.1288E-03  1.8397E-03  1.5930E-04 -1.6108E-03
  1.1386E-03  1.8556E-03  1.6068E-04 -1.6247E-03
  1.1484E-03  1.8717E-03  1.6207E-04 -1.6388E-03
  1.1584E-03  1.8878E-03  1.6348E-04 -1.6530E-03
  1.1684E-03  1.9042E-03  1.6490E-04 -1.6674E-03
  1.1786E-03  1.9206E-03  1.6633E-04 -1.6818E-03
  1.1888E-03  1.9372E-03  1.6777E-04 -1.6964E-03
  1.1991E-03  1.9539E-03  1.6922E-04 -1.7111E-03
  1.2095E-03  1.9708E-03  1.7069E-04 -1.7260E-03
  1.2200E-03  1.9878E-03  1.7217E-04 -1.7409E-03
  1.2305E-03  2.0050E-03  1.7366E-04 -1.7560E-03
  1.2412E-03  2.0223E-03  1.7517E-04 -1.7712E-03
  1.2520E-03  2.0398E-03  1.7669E-04 -1.7866E-03
  1.2628E-03  2.0574E-03  1.7822E-04 -1.8021E-03
  1.2738E-03  2.0752E-03  1.7976E-04 -1.8177E-03
  1.2848E-03  2.0931E-03  1.8132E-04 -1.8335E-03
  1.2959E-03  2.1112E-03  1.8289E-04 -1.8493E-03
  1.3072E-03  2.1294E-03  1.8448E-04 -1.8654E-03
  1.3185E-03  2.1478E-03  1.8608E-04 -1.8815E-03
  1.3299E-03  2.1663E-03  1.8769E-04 -1.8979E-03
  1.3415E-03  2.1850E-03  1.8932E-04 -1.9143E-03
  1.3531E-03  2.2039E-03  1.9096E-04 -1.9309E-03
  1.3648E-03  2.2229E-03  1.9261E-04 -1.9476E-03
  1.3766E-03  2.2421E-03  1.9428E-04 -1.9645E-03
  1.3886E-03  2.2614E-03  1.9597E-04 -1.9815E-03
  1.4006E-03  2.2809E-03  1.9766E-04 -1.9987E-03
  1.4127E-03  2.3006E-03  1.9938E-04 -2.0160E-03
  1.4250E-03  2.3205E-03  2.0110E-04 -2.0335E-03
  1.4373E-03  2.3405E-03  2.0285E-04 -2.0511E-03
  1.4498E-03  2.3607E-03  2.0461E-04 -2.0689E-03
  1.4624E-03  2.3811E-03  2.0638E-04 -2.0868E-03
  1.4750E-03  2.4016E-03  2.0817E-04 -2.1049E-03
  1.4878E-03  2.4223E-03  2.0997E-04 -2.1231E-03
  1.5007E-03  2.4432E-03  2.1179E-04 -2.1415E-03
  1.5137E-03  2.4643E-03  2.1362E-04 -2.1601E-03
  1.5268E-03  2.4855E-03  2.1548E-04 -2.1788E-03
  1.5400E-03  2.5070E-03  2.1734E-04 -2.1977E-03
  1.5534E-03  2.5286E-03  2.1923E-04 -2.2167E-03
  1.5668E-03  2.5504E-03  2.2112E-04 -2.2359E-03
  1.5804E-03  2.5724E-03  2.2304E-04 -2.2553E-03
  1.5941E-03  2.5946E-03  2.2497E-04 -2.2748E-03
  1.6079E-03  2.6169E-03  2.2692E-04 -2.2946E-03
  1.6219E-03  2.6395E-03  2.2889E-04 -2.3144E-03
  1.6359E-03  2.6623E-03  2.3087E-04 -2.3345E-03
  1.6501E-03  2.6852E-03  2.3287E-04 -2.3547E-03
  1.6644E-03  2.7084E-03  2.3489E-04 -2.3751E-03
  1.6788E-03  2.7317E-03  2.3692E-04 -2.3957E-03
  1.6933E-03  2.7552E-03  2.3898E-04 -2.4164E-03
  1.7080E-03  2.7790E-03  2.4105E-04 -2.4374E-03
  1.7228E-03  2.8029E-03  2.4313E-04 -2.4585E-03
  1.7377E-03  2.8271E-03  2.4524E-04 -2.4798E-03
  1.7528E-03  2.8514E-03  2.4736E-04 -2.5013E-03
  1.7680E-03  2.8760E-03  2.4951E-04 -2.5229E-03
  1.7833E-03  2.9008E-03  2.5167E-04 -2.5448E-03
  1.7987E-03  2.9258E-03  2.5385E-04 -2.5668E-03
  1.8143E-03  2.9510E-03  2.5605E-04 -2.5890E-03
  1.8300E-03  2.9764E-03  2.5826E-04 -2.6115E-03
  1.8459E-03  3.0020E-03  2.6050E-04 -2.6341E-03
  1.8618E-03  3.0279E-03  2.6276E-04 -2.6569E-03
  1.8780E-03  3.0540E-03  2.6503E-04 -2.6799E-03
  1.8942E-03  3.0803E-03  2.6733E-04 -2.7031E-03
  1.9106E-03  3.1068E-03  2.6964E-04 -2.7265E-03
  1.9272E-03  3.1335E-03  2.7198E-04 -2.7501E-03
  1.9439E-03  3.1605E-03  2.7433E-04 -2.7740E-03
  1.9607E-03  3.1877E-03  2.7671E-04 -2.7980E-03
  1.9777E-03  3.2152E-03  2.7911E-04 -2.8222E-03
  1.9948E-03  3.2429E-03  2.8152E-04 -2.8467E-03
  2.0121E-03  3.2708E-03  2.8396E-04 -2.8713E-03
  2.0295E-03  3.2989E-03  2.8642E-04 -2.8962E-03
  2.0471E-03  3.3273E-03  2.8890E-04 -2.9213E-03
  2.0648E-03  3.3560E-03  2.9140E-04 -2.9466E-03
  2.0827E-03  3.3848E-03  2.9393E-04 -2.9721E-03
  2.1007E-03  3.4140E-03  2.9647E-04 -2.9978E-03
  2.1189E-03  3.4433E-03  2.9904E-04 -3.0238E-03
  2.1373E-03  3.4730E-03  3.0163E-04 -3.0499E-03
  2.1558E-03  3.5028E-03  3.0424E-04 -3.0764E-03
  2.1745E-03  3.5330E-03  3.0687E-04 -3.1030E-03
  2.1933E-03  3.5634E-03  3.0953E-04 -3.1299E-03
  2.2123E-03  3.5940E-03  3.1221E-04 -3.1570E-03
  2.2314E-03  3.6249E-03  3.1491E-04 -3.1843E-03
  2.2507E-03  3.6561E-03  3.1764E-04 -3.2119E-03
  2.2702E-03  3.6875E-03  3.2039E-04 -3.2397E-03
  2.2899E-03  3.7192E-03  3.2316E-04 -3.2677E-03
  2.3097E-03  3.7512E-03  3.2596E-04 -3.2960E-03
  2.3297E-03  3.7835E-03  3.2878E-04 -3.3246E-03
  2.3499E-03  3.8160E-03  3.3163E-04 -3.3533E-03
  2.3702E-03  3.8488E-03  3.3450E-04 -3.3824E-03
  2.3907E-03  3.8819E-03  3.3740E-04 -3.4117E-03
  2.4114E-03  3.9152E-03  3.4032E-04 -3.4412E-03
  2.4323E-03  3.9489E-03  3.4326E-04 -3.4710E-03
  2.4534E-03  3.9828E-03  3.4624E-04 -3.5010E-03
  2.4746E-03  4.0170E-03  3.4923E-04 -3.5313E-03
  2.4960E-03  4.0516E-03  3.5226E-04 -3.5619E-03
  2.5177E-03  4.0864E-03  3.5531E-04 -3.5927E-03
  2.5394E-03  4.1215E-03  3.5838E-04 -3.6238E-03
  2.5614E-03  4.1569E-03  3.6148E-04 -3.6552E-03
  2.5836E-03  4.1926E-03  3.6461E-04 -3.6869E-03
  2.6060E-03  4.2286E-03  3.6777E-04 -3.7188E-03
  2.6285E-03  4.2649E-03  3.7095E-04 -3.7510E-03
  2.6513E-03  4.3015E-03  3.7416E-04 -3.7834E-03
  2.6742E-03  4.3385E-03  3.7740E-04 -3.8162E-03
  2.6974E-03  4.3757E-03  3.8067E-04 -3.8492E-03
  2.7207E-03  4.4133E-03  3.8396E-04 -3.8825E-03
  2.7443E-03  4.4512E-03  3.8729E-04 -3.9161E-03
  2.7680E-03  4.4894E-03  3.9064E-04 -3.9500E-03
  2.7920E-03  4.5279E-03  3.9402E-04 -3.9842E-03
  2.8162E-03  4.5668E-03  3.9743E-04 -4.0187E-03
  2.8405E-03  4.6060E-03  4.0087E-04 -4.0535E-03
  2.8651E-03  4.6455E-03  4.0434E-04 -4.0886E-03
  2.8899E-03  4.6854E-03  4.0784E-04 -4.1240E-03
  2.9149E-03  4.7256E-03  4.1137E-04 -4.1597E-03
  2.9402E-03  4.7661E-03  4.1493E-04 -4.1957E-03
  2.9656E-03  4.8070E-03  4.1852E-04 -4.2320E-03
  2.9913E-03  4.8482E-03  4.2215E-04 -4.2686E-03
  3.0172E-03  4.8898E-03  4.2580E-04 -4.3056E-03
  3.0433E-03  4.9317E-03  4.2948E-04 -4.3428E-03
  3.0696E-03  4.9740E-03  4.3320E-04 -4.3804E-03
  3.0962E-03  5.0167E-03  4.3695E-04 -4.4183E-03
  3.1230E-03  5.0597E-03  4.4073E-04 -4.4566E-03
  3.1500E-03  5.1031E-03  4.4455E-04 -4.4951E-03
  3.1773E-03  5.1468E-03  4.4839E-04 -4.5340E-03
  3.2048E-03  5.1909E-03  4.5227E-04 -4.5733E-03
  3.2325E-03  5.2354E-03  4.5619E-04 -4.6129E-03
  3.2605E-03  5.2803E-03  4.6014E-04 -4.6528E-03
  3.2887E-03  5.3255E-03  4.6412E-04 -4.6930E-03
  3.3172E-03  5.3712E-03  4.6813E-04 -4.7337E-03
  3.3459E-03  5.4172E-03  4.7219E-04 -4.7746E-03
  3.3748E-03  5.4636E-03  4.7627E-04 -4.8159E-03
  3.4040E-03  5.5104E-03  4.8039E-04 -4.8576E-03
  3.4335E-03  5.5576E-03  4.8455E-04 -4.8997E-03
  3.4632E-03  5.6052E-03  4.8874E-04 -4.9421E-03
  3.4932E-03  5.6532E-03  4.9297E-04 -4.9848E-03
  3.5234E-03  5.7016E-03  4.9724E-04 -5.0280E-03
  3.5539E-03  5.7504E-03  5.0154E-04 -5.0715E-03
  3.5847E-03  5.7996E-03  5.0588E-04 -5.1154E-03
  3.6157E-03  5.8493E-03  5.1026E-04 -5.1596E-03
  3.6470E-03  5.8993E-03  5.1467E-04 -5.2043E-03
  3.6785E-03  5.9498E-03  5.1913E-04 -5.2493E-03
  3.7104E-03  6.0007E-03  5.2362E-04 -5.2947E-03
  3.7425E-03  6.0521E-03  5.2815E-04 -5.3405E-03
  3.7748E-03  6.1038E-03  5.3272E-04 -5.3868E-03
  3.8075E-03  6.1560E-03  5.3733E-04 -5.4334E-03
  3.8405E-03  6.2087E-03  5.4198E-04 -5.4804E-03
  3.8737E-03  6.2618E-03  5.4667E-04 -5.5278E-03
  3.9072E-03  6.3153E-03  5.5140E-04 -5.5756E-03
  3.9410E-03  6.3693E-03  5.5617E-04 -5.6239E-03
  3.9751E-03  6.4238E-03  5.6098E-04 -5.6725E-03
  4.0095E-03  6.4787E-03  5.6583E-04 -5.7216E-03
  4.0442E-03  6.5341E-03  5.7073E-04 -5.7711E-03
  4.0792E-03  6.5899E-03  5.7567E-04 -5.8211E-03
  4.1145E-03  6.6462E-03  5.8065E-04 -5.8714E-03
  4.1501E-03  6.7030E-03  5.8567E-04 -5.9222E-03
  4.1860E-03  6.7603E-03  5.9074E-04 -5.9735E-03
  4.2222E-03  6.8181E-03  5.9585E-04 -6.0251E-03
  4.2588E-03  6.8763E-03  6.0100E-04 -6.0773E-03
  4.2956E-03  6.9350E-03  6.0620E-04 -6.1299E-03
  4.3328E-03  6.9942E-03  6.1145E-04 -6.1829E-03
  4.3703E-03  7.0540E-03  6.1674E-04 -6.2364E-03
  4.4081E-03  7.1142E-03  6.2207E-04 -6.2903E-03
  4.4462E-03  7.1749E-03  6.2746E-04 -6.3448E-03
  4.4847E-03  7.2362E-03  6.3288E-04 -6.3997E-03
  4.5235E-03  7.2979E-03  6.3836E-04 -6.4550E-03
  4.5626E-03  7.3602E-03  6.4388E-04 -6.5109E-03
  4.6021E-03  7.4230E-03  6.4945E-04 -6.5672E-03
  4.6419E-03  7.4863E-03  6.5507E-04 -6.6240E-03
  4.6821E-03  7.5502E-03  6.6074E-04 -6.6813E-03
  4.7226E-03  7.6146E-03  6.6645E-04 -6.7391E-03
  4.7634E-03  7.6795E-03  6.7222E-04 -6.7974E-03
  4.8046E-03  7.7450E-03  6.7803E-04 -6.8562E-03
  4.8462E-03  7.8110E-03  6.8390E-04 -6.9156E-03
  4.8881E-03  7.8776E-03  6.8981E-04 -6.9754E-03
  4.9304E-03  7.9447E-03  6.9578E-04 -7.0357E-03
  4.9731E-03  8.0125E-03  7.0180E-04 -7.0966E-03
  5.0161E-03  8.0807E-03  7.0787E-04 -7.1580E-03
  5.0595E-03  8.1496E-03  7.1399E-04 -7.2199E-03
  5.1033E-03  8.2190E-03  7.2017E-04 -7.2824E-03
  5.1474E-03  8.2890E-03  7.2640E-04 -7.3454E-03
  5.1920E-03  8.3596E-03  7.3268E-04 -7.4089E-03
  5.2369E-03  8.4308E-03  7.3902E-04 -7.4730E-03
  5.2822E-03  8.5026E-03  7.4541E-04 -7.5376E-03
  5.3279E-03  8.5749E-03  7.5186E-04 -7.6028E-03
  5.3740E-03  8.6479E-03  7.5836E-04 -7.6686E-03
  5.4204E-03  8.7215E-03  7.6492E-04 -7.7350E-03
  5.4673E-03  8.7957E-03  7.7154E-04 -7.8019E-03
  5.5146E-03  8.8705E-03  7.7821E-04 -7.8694E-03
  5.5623E-03  8.9460E-03  7.8494E-04 -7.9374E-03
  5.6105E-03  9.0221E-03  7.9173E-04 -8.0061E-03
  5.6590E-03  9.0988E-03  7.9858E-04 -8.0753E-03
  5.7079E-03  9.1762E-03  8.0549E-04 -8.1452E-03
  5.7573E-03  9.2542E-03  8.1246E-04 -8.2156E-03
  5.8071E-03  9.3328E-03  8.1948E-04 -8.2867E-03
  5.8574E-03  9.4121E-03  8.2657E-04 -8.3584E-03
  5.9080E-03  9.4921E-03  8.3372E-04 -8.4307E-03
  5.9591E-03  9.5728E-03  8.4093E-04 -8.5036E-03
  6.0107E-03  9.6541E-03  8.4820E-04 -8.5772E-03
  6.0627E-03  9.7361E-03  8.5554E-04 -8.6514E-03
  6.1151E-03  9.8187E-03  8.6294E-04 -8.7262E-03
  6.1680E-03  9.9021E-03  8.7040E-04 -8.8017E-03
  6.2214E-03  9.9861E-03  8.7793E-04 -8.8778E-03
  6.2752E-03  1.0071E-02  8.8552E-04 -8.9546E-03
  6.3295E-03  1.0156E-02  8.9318E-04 -9.0320E-03
  6.3842E-03  1.0243E-02  9.0091E-04 -9.1102E-03
  6.4395E-03  1.0329E-02  9.0870E-04 -9.1890E-03
  6.4952E-03  1.0417E-02  9.1656E-04 -9.2684E-03
  6.5513E-03  1.0505E-02  9.2448E-04 -9.3486E-03
  6.6080E-03  1.0594E-02  9.3248E-04 -9.4295E-03
  6.6652E-03  1.0684E-02  9.4054E-04 -9.5110E-03
  6.7228E-03  1.0775E-02  9.4867E-04 -9.5933E-03
  6.7810E-03  1.0866E-02  9.5688E-04 -9.6763E-03
  6.8396E-03  1.0958E-02  9.6515E-04 -9.7600E-03
  6.8988E-03  1.1051E-02  9.7350E-04 -9.8444E-03
  6.9585E-03  1.1145E-02  9.8192E-04 -9.9295E-03
  7.0186E-03  1.1239E-02  9.9041E-04 -1.0015E-02
  7.0793E-03  1.1334E-02  9.9897E-04 -1.0102E-02
  7.1406E-03  1.1430E-02  1.0076E-03 -1.0189E-02
  7.2023E-03  1.1527E-02  1.0163E-03 -1.0278E-02
  7.2646E-03  1.1624E-02  1.0251E-03 -1.0366E-02
  7.3275E-03  1.1723E-02  1.0340E-03 -1.0456E-02
  7.3909E-03  1.1822E-02  1.0429E-03 -1.0546E-02
  7.4548E-03  1.1922E-02  1.0519E-03 -1.0638E-02
  7.5193E-03  1.2022E-02  1.0610E-03 -1.0730E-02
  7.5843E-03  1.2124E-02  1.0702E-03 -1.0822E-02
  7.6499E-03  1.2226E-02  1.0795E-03 -1.0916E-02
  7.7161E-03  1.2330E-02  1.0888E-03 -1.1010E-02
  7.7828E-03  1.2434E-02  1.0982E-03 -1.1106E-02
  7.8501E-03  1.2539E-02  1.1077E-03 -1.1202E-02
  7.9180E-03  1.2645E-02  1.1173E-03 -1.1299E-02
  7.9865E-03  1.2752E-02  1.1269E-03 -1.1396E-02
  8.0556E-03  1.2859E-02  1.1367E-03 -1.1495E-02
  8.1252E-03  1.2968E-02  1.1465E-03 -1.1594E-02
  8.1955E-03  1.3077E-02  1.1564E-03 -1.1695E-02
  8.2664E-03  1.3187E-02  1.1664E-03 -1.1796E-02
  8.3379E-03  1.3299E-02  1.1765E-03 -1.1898E-02
  8.4100E-03  1.3411E-02  1.1867E-03 -1.2001E-02
  8.4828E-03  1.3524E-02  1.1969E-03 -1.2104E-02
  8.5561E-03  1.3638E-02  1.2073E-03 -1.2209E-02
  8.6301E-03  1.3753E-02  1.2177E-03 -1.2315E-02
  8.7048E-03  1.3868E-02  1.2283E-03 -1.2421E-02
  8.7800E-03  1.3985E-02  1.2389E-03 -1.2529E-02
  8.8560E-03  1.4103E-02  1.2496E-03 -1.2637E-02
  8.9326E-03  1.4222E-02  1.2604E-03 -1.2746E-02
  9.0098E-03  1.4341E-02  1.2713E-03 -1.2856E-02
  9.0878E-03  1.4462E-02  1.2823E-03 -1.2968E-02
  9.1664E-03  1.4584E-02  1.2934E-03 -1.3080E-02
  9.2456E-03  1.4706E-02  1.3046E-03 -1.3193E-02
  9.3256E-03  1.4830E-02  1.3158E-03 -1.3307E-02
  9.4062E-03  1.4954E-02  1.3272E-03 -1.3422E-02
  9.4876E-03  1.5080E-02  1.3387E-03 -1.3538E-02
  9.5697E-03  1.5207E-02  1.3502E-03 -1.3655E-02
  9.6524E-03  1.5334E-02  1.3619E-03 -1.3773E-02
  9.7359E-03  1.5463E-02  1.3737E-03 -1.3892E-02
  9.8201E-03  1.5593E-02  1.3856E-03 -1.4012E-02
  9.9050E-03  1.5724E-02  1.3975E-03 -1.4134E-02
  9.9907E-03  1.5856E-02  1.4096E-03 -1.4256E-02
  1.0077E-02  1.5989E-02  1.4218E-03 -1.4379E-02
  1.0164E-02  1.6123E-02  1.4341E-03 -1.4503E-02
  1.0252E-02  1.6258E-02  1.4465E-03 -1.4629E-02
  1.0341E-02  1.6394E-02  1.4590E-03 -1.4755E-02
  1.0430E-02  1.6531E-02  1.4716E-03 -1.4883E-02
  1.0520E-02  1.6670E-02  1.4843E-03 -1.5012E-02
  1.0611E-02  1.6809E-02  1.4972E-03 -1.5141E-02
  1.0703E-02  1.6950E-02  1.5101E-03 -1.5272E-02
  1.0796E-02  1.7092E-02  1.5232E-03 -1.5404E-02
  1.0889E-02  1.7235E-02  1.5363E-03 -1.5538E-02
  1.0983E-02  1.7379E-02  1.5496E-03 -1.5672E-02
  1.1078E-02  1.7524E-02  1.5630E-03 -1.5807E-02
  1.1174E-02  1.7671E-02  1.5765E-03 -1.5944E-02
  1.1271E-02  1.7818E-02  1.5901E-03 -1.6082E-02
  1.1368E-02  1.7967E-02  1.6039E-03 -1.6221E-02
  1.1466E-02  1.8117E-02  1.6177E-03 -1.6361E-02
  1.1566E-02  1.8268E-02  1.6317E-03 -1.6503E-02
  1.1666E-02  1.8421E-02  1.6458E-03 -1.6645E-02
  1.1767E-02  1.8575E-02  1.6600E-03 -1.6789E-02
  1.1868E-02  1.8729E-02  1.6744E-03 -1.6934E-02
  1.1971E-02  1.8886E-02  1.6889E-03 -1.7081E-02
  1.2074E-02  1.9043E-02  1.7035E-03 -1.7229E-02
  1.2179E-02  1.9202E-02  1.7182E-03 -1.7377E-02
  1.2284E-02  1.9362E-02  1.7330E-03 -1.7528E-02
  1.2390E-02  1.9523E-02  1.7480E-03 -1.7679E-02
  1.2498E-02  1.9685E-02  1.7631E-03 -1.7832E-02
  1.2606E-02  1.9849E-02  1.7783E-03 -1.7986E-02
  1.2715E-02  2.0014E-02  1.7937E-03 -1.8142E-02
  1.2825E-02  2.0180E-02  1.8092E-03 -1.8299E-02
  1.2936E-02  2.0348E-02  1.8248E-03 -1.8457E-02
  1.3047E-02  2.0517E-02  1.8406E-03 -1.8616E-02
  1.3160E-02  2.0688E-02  1.8565E-03 -1.8777E-02
  1.3274E-02  2.0859E-02  1.8725E-03 -1.8940E-02
  1.3389E-02  2.1033E-02  1.8887E-03 -1.9103E-02
  1.3505E-02  2.1207E-02  1.9050E-03 -1.9269E-02
  1.3621E-02  2.1383E-02  1.9215E-03 -1.9435E-02
  1.3739E-02  2.1560E-02  1.9381E-03 -1.9603E-02
  1.3858E-02  2.1739E-02  1.9549E-03 -1.9773E-02
  1.3978E-02  2.1919E-02  1.9717E-03 -1.9944E-02
  1.4099E-02  2.2100E-02  1.9888E-03 -2.0116E-02
  1.4221E-02  2.2283E-02  2.0060E-03 -2.0290E-02
  1.4344E-02  2.2468E-02  2.0233E-03 -2.0465E-02
  1.4468E-02  2.2654E-02  2.0408E-03 -2.0642E-02
  1.4593E-02  2.2841E-02  2.0584E-03 -2.0821E-02
  1.4719E-02  2.3030E-02  2.0762E-03 -2.1001E-02
  1.4846E-02  2.3220E-02  2.0941E-03 -2.1182E-02
  1.4975E-02  2.3412E-02  2.1122E-03 -2.1365E-02
  1.5104E-02  2.3605E-02  2.1304E-03 -2.1550E-02
  1.5235E-02  2.3800E-02  2.1488E-03 -2.1736E-02
  1.5366E-02  2.3996E-02  2.1674E-03 -2.1924E-02
  1.5499E-02  2.4194E-02  2.1861E-03 -2.2114E-02
  1.5633E-02  2.4393E-02  2.2050E-03 -2.2305E-02
  1.5769E-02  2.4594E-02  2.2241E-03 -2.2497E-02
  1.5905E-02  2.4796E-02  2.2433E-03 -2.2692E-02
  1.6042E-02  2.5000E-02  2.2626E-03 -2.2888E-02
  1.6181E-02  2.5206E-02  2.2822E-03 -2.3086E-02
  1.6321E-02  2.5413E-02  2.3019E-03 -2.3285E-02
  1.6462E-02  2.5622E-02  2.3218E-03 -2.3487E-02
  1.6605E-02  2.5833E-02  2.3418E-03 -2.3690E-02
  1.6748E-02  2.6045E-02  2.3620E-03 -2.3894E-02
  1.6893E-02  2.6259E-02  2.3824E-03 -2.4101E-02
  1.7039E-02  2.6474E-02  2.4030E-03 -2.4309E-02
  1.7186E-02  2.6691E-02  2.4238E-03 -2.4519E-02
  1.7335E-02  2.6910E-02  2.4447E-03 -2.4731E-02
  1.7485E-02  2.7130E-02  2.4658E-03 -2.4945E-02
  1.7636E-02  2.7352E-02  2.4871E-03 -2.5161E-02
  1.7789E-02  2.7576E-02  2.5086E-03 -2.5378E-02
  1.7942E-02  2.7802E-02  2.5302E-03 -2.5597E-02
  1.8098E-02  2.8029E-02  2.5521E-03 -2.5819E-02
  1.8254E-02  2.8258E-02  2.5741E-03 -2.6042E-02
  1.8412E-02  2.8489E-02  2.5963E-03 -2.6267E-02
  1.8571E-02  2.8721E-02  2.6187E-03 -2.6494E-02
  1.8732E-02  2.8956E-02  2.6413E-03 -2.6723E-02
  1.8894E-02  2.9192E-02  2.6641E-03 -2.6954E-02
  1.9057E-02  2.9430E-02  2.6871E-03 -2.7187E-02
  1.9222E-02  2.9670E-02  2.7103E-03 -2.7422E-02
  1.9388E-02  2.9911E-02  2.7337E-03 -2.7659E-02
  1.9556E-02  3.0155E-02  2.7573E-03 -2.7898E-02
  1.9725E-02  3.0400E-02  2.7811E-03 -2.8139E-02
  1.9895E-02  3.0647E-02  2.8051E-03 -2.8382E-02
  2.0067E-02  3.0896E-02  2.8293E-03 -2.8627E-02
  2.0241E-02  3.1147E-02  2.8537E-03 -2.8874E-02
  2.0416E-02  3.1399E-02  2.8784E-03 -2.9124E-02
  2.0592E-02  3.1654E-02  2.9032E-03 -2.9376E-02
  2.0771E-02  3.1911E-02  2.9283E-03 -2.9629E-02
  2.0950E-02  3.2169E-02  2.9535E-03 -2.9885E-02
  2.1131E-02  3.2430E-02  2.9790E-03 -3.0144E-02
  2.1314E-02  3.2692E-02  3.0047E-03 -3.0404E-02
  2.1498E-02  3.2956E-02  3.0306E-03 -3.0667E-02
  2.1684E-02  3.3223E-02  3.0568E-03 -3.0932E-02
  2.1872E-02  3.3491E-02  3.0832E-03 -3.1199E-02
  2.2061E-02  3.3761E-02  3.1098E-03 -3.1469E-02
  2.2252E-02  3.4034E-02  3.1366E-03 -3.1740E-02
  2.2444E-02  3.4308E-02  3.1636E-03 -3.2015E-02
  2.2638E-02  3.4584E-02  3.1909E-03 -3.2291E-02
  2.2834E-02  3.4863E-02  3.2184E-03 -3.2570E-02
  2.3031E-02  3.5143E-02  3.2462E-03 -3.2852E-02
  2.3230E-02  3.5426E-02  3.2742E-03 -3.3135E-02
  2.3431E-02  3.5711E-02  3.3024E-03 -3.3422E-02
  2.3634E-02  3.5997E-02  3.3309E-03 -3.3710E-02
  2.3838E-02  3.6286E-02  3.3596E-03 -3.4002E-02
  2.4044E-02  3.6577E-02  3.3886E-03 -3.4295E-02
  2.4252E-02  3.6870E-02  3.4178E-03 -3.4592E-02
  2.4462E-02  3.7166E-02  3.4473E-03 -3.4890E-02
  2.4673E-02  3.7463E-02  3.4770E-03 -3.5192E-02
  2.4887E-02  3.7763E-02  3.5070E-03 -3.5496E-02
  2.5102E-02  3.8064E-02  3.5372E-03 -3.5802E-02
  2.5319E-02  3.8368E-02  3.5677E-03 -3.6112E-02
  2.5538E-02  3.8675E-02  3.5985E-03 -3.6423E-02
  2.5759E-02  3.8983E-02  3.6295E-03 -3.6738E-02
  2.5982E-02  3.9294E-02  3.6608E-03 -3.7055E-02
  2.6206E-02  3.9606E-02  3.6923E-03 -3.7375E-02
  2.6433E-02  3.9922E-02  3.7241E-03 -3.7698E-02
  2.6661E-02  4.0239E-02  3.7562E-03 -3.8024E-02
  2.6892E-02  4.0559E-02  3.7886E-03 -3.8352E-02
  2.7124E-02  4.0881E-02  3.8212E-03 -3.8683E-02
  2.7359E-02  4.1205E-02  3.8542E-03 -3.9017E-02
  2.7595E-02  4.1531E-02  3.8874E-03 -3.9354E-02
  2.7834E-02  4.1860E-02  3.9208E-03 -3.9694E-02
  2.8075E-02  4.2192E-02  3.9546E-03 -4.0037E-02
  2.8317E-02  4.2525E-02  3.9887E-03 -4.0383E-02
  2.8562E-02  4.2861E-02  4.0230E-03 -4.0731E-02
  2.8809E-02  4.3200E-02  4.0577E-03 -4.1083E-02
  2.9058E-02  4.3540E-02  4.0926E-03 -4.1438E-02
  2.9310E-02  4.3883E-02  4.1279E-03 -4.1795E-02
  2.9563E-02  4.4229E-02  4.1634E-03 -4.2156E-02
  2.9819E-02  4.4577E-02  4.1993E-03 -4.2520E-02
  3.0077E-02  4.4927E-02  4.2354E-03 -4.2887E-02
  3.0337E-02  4.5280E-02  4.2719E-03 -4.3258E-02
  3.0599E-02  4.5635E-02  4.3086E-03 -4.3631E-02
  3.0863E-02  4.5993E-02  4.3457E-03 -4.4008E-02
  3.1130E-02  4.6353E-02  4.3831E-03 -4.4388E-02
  3.1399E-02  4.6716E-02  4.4208E-03 -4.4771E-02
  3.1671E-02  4.7081E-02  4.4589E-03 -4.5157E-02
  3.1945E-02  4.7449E-02  4.4972E-03 -4.5547E-02
  3.2221E-02  4.7820E-02  4.5359E-03 -4.5940E-02
  3.2500E-02  4.8192E-02  4.5750E-03 -4.6337E-02
  3.2781E-02  4.8568E-02  4.6143E-03 -4.6737E-02
  3.3064E-02  4.8946E-02  4.6540E-03 -4.7140E-02
  3.3350E-02  4.9326E-02  4.6940E-03 -4.7547E-02
  3.3638E-02  4.9709E-02  4.7344E-03 -4.7957E-02
  3.3929E-02  5.0095E-02  4.7751E-03 -4.8371E-02
  3.4223E-02  5.0483E-02  4.8161E-03 -4.8788E-02
  3.4518E-02  5.0874E-02  4.8576E-03 -4.9209E-02
  3.4817E-02  5.1268E-02  4.8993E-03 -4.9634E-02
  3.5118E-02  5.1664E-02  4.9414E-03 -5.0062E-02
  3.5422E-02  5.2063E-02  4.9839E-03 -5.0494E-02
  3.5728E-02  5.2464E-02  5.0267E-03 -5.0930E-02
  3.6037E-02  5.2868E-02  5.0699E-03 -5.1369E-02
  3.6348E-02  5.3275E-02  5.1135E-03 -5.1812E-02
  3.6663E-02  5.3685E-02  5.1574E-03 -5.2259E-02
  3.6980E-02  5.4097E-02  5.2017E-03 -5.2710E-02
  3.7299E-02  5.4512E-02  5.2464E-03 -5.3165E-02
  3.7622E-02  5.4929E-02  5.2914E-03 -5.3623E-02
  3.7947E-02  5.5350E-02  5.3368E-03 -5.4086E-02
  3.8275E-02  5.5773E-02  5.3827E-03 -5.4552E-02
  3.8606E-02  5.6199E-02  5.4289E-03 -5.5023E-02
  3.8940E-02  5.6627E-02  5.4755E-03 -5.5497E-02
  3.9277E-02  5.7059E-02  5.5225E-03 -5.5976E-02
  3.9616E-02  5.7493E-02  5.5699E-03 -5.6459E-02
  3.9959E-02  5.7930E-02  5.6176E-03 -5.6946E-02
  4.0304E-02  5.8370E-02  5.6658E-03 -5.7437E-02
  4.0653E-02  5.8812E-02  5.7144E-03 -5.7932E-02
  4.1004E-02  5.9257E-02  5.7634E-03 -5.8431E-02
  4.1359E-02  5.9706E-02  5.8129E-03 -5.8935E-02
  4.1716E-02  6.0156E-02  5.8627E-03 -5.9443E-02
  4.2077E-02  6.0610E-02  5.9130E-03 -5.9956E-02
  4.2441E-02  6.1067E-02  5.9636E-03 -6.0472E-02
  4.2808E-02  6.1526E-02  6.0148E-03 -6.0994E-02
  4.3178E-02  6.1989E-02  6.0663E-03 -6.1519E-02
  4.3551E-02  6.2454E-02  6.1183E-03 -6.2050E-02
  4.3928E-02  6.2922E-02  6.1707E-03 -6.2584E-02
  4.4308E-02  6.3393E-02  6.2235E-03 -6.3124E-02
  4.4691E-02  6.3867E-02  6.2768E-03 -6.3668E-02
  4.5077E-02  6.4343E-02  6.3306E-03 -6.4216E-02
  4.5467E-02  6.4823E-02  6.3847E-03 -6.4770E-02
  4.5860E-02  6.5306E-02  6.4394E-03 -6.5328E-02
  4.6256E-02  6.5791E-02  6.4945E-03 -6.5890E-02
  4.6656E-02  6.6279E-02  6.5501E-03 -6.6458E-02
  4.7060E-02  6.6770E-02  6.6061E-03 -6.7030E-02
  4.7467E-02  6.7265E-02  6.6626E-03 -6.7608E-02
  4.7877E-02  6.7762E-02  6.7195E-03 -6.8190E-02
  4.8291E-02  6.8262E-02  6.7770E-03 -6.8777E-02
  4.8709E-02  6.8765E-02  6.8349E-03 -6.9370E-02
  4.9130E-02  6.9270E-02  6.8933E-03 -6.9967E-02
  4.9555E-02  6.9779E-02  6.9522E-03 -7.0570E-02
  4.9983E-02  7.0291E-02  7.0116E-03 -7.1177E-02
  5.0415E-02  7.0806E-02  7.0715E-03 -7.1790E-02
  5.0851E-02  7.1323E-02  7.1319E-03 -7.2408E-02
  5.1291E-02  7.1844E-02  7.1928E-03 -7.3031E-02
  5.1734E-02  7.2367E-02  7.2541E-03 -7.3660E-02
  5.2181E-02  7.2894E-02  7.3160E-03 -7.4294E-02
  5.2633E-02  7.3423E-02  7.3785E-03 -7.4933E-02
  5.3088E-02  7.3956E-02  7.4414E-03 -7.5578E-02
  5.3547E-02  7.4491E-02  7.5048E-03 -7.6228E-02
  5.4010E-02  7.5030E-02  7.5688E-03 -7.6884E-02
  5.4477E-02  7.5571E-02  7.6333E-03 -7.7546E-02
  5.4948E-02  7.6115E-02  7.6983E-03 -7.8213E-02
  5.5423E-02  7.6662E-02  7.7639E-03 -7.8885E-02
  5.5902E-02  7.7212E-02  7.8300E-03 -7.9564E-02
  5.6385E-02  7.7765E-02  7.8967E-03 -8.0248E-02
  5.6873E-02  7.8322E-02  7.9639E-03 -8.0938E-02
  5.7364E-02  7.8881E-02  8.0317E-03 -8.1634E-02
  5.7860E-02  7.9442E-02  8.1000E-03 -8.2336E-02
  5.8361E-02  8.0007E-02  8.1689E-03 -8.3044E-02
  5.8865E-02  8.0575E-02  8.2383E-03 -8.3758E-02
  5.9374E-02  8.1146E-02  8.3083E-03 -8.4477E-02
  5.9888E-02  8.1720E-02  8.3789E-03 -8.5203E-02
  6.0405E-02  8.2296E-02  8.4501E-03 -8.5936E-02
  6.0928E-02  8.2876E-02  8.5219E-03 -8.6674E-02
  6.1454E-02  8.3458E-02  8.5942E-03 -8.7419E-02
  6.1986E-02  8.4044E-02  8.6671E-03 -8.8170E-02
  6.2522E-02  8.4632E-02  8.7406E-03 -8.8927E-02
  6.3062E-02  8.5223E-02  8.8148E-03 -8.9691E-02
  6.3607E-02  8.5817E-02  8.8895E-03 -9.0461E-02
  6.4157E-02  8.6414E-02  8.9648E-03 -9.1238E-02
  6.4712E-02  8.7014E-02  9.0408E-03 -9.2021E-02
  6.5272E-02  8.7616E-02  9.1173E-03 -9.2811E-02
  6.5836E-02  8.8222E-02  9.1945E-03 -9.3608E-02
  6.6405E-02  8.8830E-02  9.2723E-03 -9.4411E-02
  6.6979E-02  8.9442E-02  9.3507E-03 -9.5221E-02
  6.7558E-02  9.0055E-02  9.4298E-03 -9.6038E-02
  6.8142E-02  9.0672E-02  9.5095E-03 -9.6862E-02
  6.8732E-02  9.1292E-02  9.5898E-03 -9.7693E-02
  6.9326E-02  9.1914E-02  9.6708E-03 -9.8531E-02
  6.9925E-02  9.2539E-02  9.7525E-03 -9.9376E-02
  7.0530E-02  9.3167E-02  9.8348E-03 -1.0023E-01
  7.1140E-02  9.3798E-02  9.9177E-03 -1.0109E-01
  7.1755E-02  9.4431E-02  1.0001E-02 -1.0195E-01
  7.2375E-02  9.5067E-02  1.0086E-02 -1.0283E-01
  7.3001E-02  9.5706E-02  1.0171E-02 -1.0371E-01
  7.3632E-02  9.6347E-02  1.0256E-02 -1.0460E-01
  7.4269E-02  9.6991E-02  1.0342E-02 -1.0549E-01
  7.4911E-02  9.7638E-02  1.0429E-02 -1.0640E-01
  7.5558E-02  9.8287E-02  1.0517E-02 -1.0731E-01
  7.6212E-02  9.8939E-02  1.0606E-02 -1.0823E-01
  7.6871E-02  9.9594E-02  1.0695E-02 -1.0915E-01
  7.7535E-02  1.0025E-01  1.0784E-02 -1.1009E-01
  7.8206E-02  1.0091E-01  1.0875E-02 -1.1103E-01
  7.8882E-02  1.0157E-01  1.0966E-02 -1.1198E-01
  7.9564E-02  1.0224E-01  1.1058E-02 -1.1294E-01
  8.0252E-02  1.0290E-01  1.1151E-02 -1.1390E-01
  8.0945E-02  1.0357E-01  1.1244E-02 -1.1488E-01
  8.1645E-02  1.0424E-01  1.1338E-02 -1.1586E-01
  8.2351E-02  1.0492E-01  1.1433E-02 -1.1685E-01
  8.3063E-02  1.0559E-01  1.1528E-02 -1.1785E-01
  8.3781E-02  1.0627E-01  1.1625E-02 -1.1885E-01
  8.4506E-02  1.0695E-01  1.1722E-02 -1.1987E-01
  8.5236E-02  1.0764E-01  1.1819E-02 -1.2089E-01
  8.5973E-02  1.0832E-01  1.1918E-02 -1.2193E-01
  8.6717E-02  1.0901E-01  1.2017E-02 -1.2297E-01
  8.7466E-02  1.0970E-01  1.2117E-02 -1.2402E-01
  8.8223E-02  1.1039E-01  1.2218E-02 -1.2508E-01
  8.8985E-02  1.1109E-01  1.2320E-02 -1.2614E-01
  8.9755E-02  1.1178E-01  1.2422E-02 -1.2722E-01
  9.0531E-02  1.1248E-01  1.2525E-02 -1.2830E-01
  9.1313E-02  1.1318E-01  1.2629E-02 -1.2940E-01
  9.2103E-02  1.1388E-01  1.2734E-02 -1.3050E-01
  9.2899E-02  1.1459E-01  1.2839E-02 -1.3161E-01
  9.3702E-02  1.1529E-01  1.2945E-02 -1.3273E-01
  9.4512E-02  1.1600E-01  1.3052E-02 -1.3386E-01
  9.5330E-02  1.1671E-01  1.3160E-02 -1.3500E-01
  9.6154E-02  1.1742E-01  1.3269E-02 -1.3615E-01
  9.6985E-02  1.1813E-01  1.3378E-02 -1.3731E-01
  9.7824E-02  1.1885E-01  1.3489E-02 -1.3848E-01
  9.8669E-02  1.1956E-01  1.3600E-02 -1.3966E-01
  9.9523E-02  1.2028E-01  1.3712E-02 -1.4085E-01
  1.0038E-01  1.2100E-01  1.3824E-02 -1.4204E-01
  1.0125E-01  1.2172E-01  1.3938E-02 -1.4325E-01
  1.0213E-01  1.2244E-01  1.4052E-02 -1.4447E-01
  1.0301E-01  1.2316E-01  1.4168E-02 -1.4569E-01
  1.0390E-01  1.2389E-01  1.4284E-02 -1.4693E-01
  1.0480E-01  1.2461E-01  1.4401E-02 -1.4818E-01
  1.0570E-01  1.2534E-01  1.4518E-02 -1.4944E-01
  1.0662E-01  1.2607E-01  1.4637E-02 -1.5070E-01
  1.0754E-01  1.2680E-01  1.4756E-02 -1.5198E-01
  1.0847E-01  1.2753E-01  1.4876E-02 -1.5327E-01
  1.0941E-01  1.2826E-01  1.4998E-02 -1.5457E-01
  1.1035E-01  1.2899E-01  1.5119E-02 -1.5588E-01
  1.1131E-01  1.2972E-01  1.5242E-02 -1.5720E-01
  1.1227E-01  1.3045E-01  1.5366E-02 -1.5853E-01
  1.1324E-01  1.3119E-01  1.5490E-02 -1.5987E-01
  1.1422E-01  1.3192E-01  1.5616E-02 -1.6122E-01
  1.1521E-01  1.3266E-01  1.5742E-02 -1.6259E-01
  1.1620E-01  1.3339E-01  1.5869E-02 -1.6396E-01
  1.1721E-01  1.3413E-01  1.5997E-02 -1.6534E-01
  1.1822E-01  1.3486E-01  1.6126E-02 -1.6674E-01
  1.1924E-01  1.3560E-01  1.6256E-02 -1.6815E-01
  1.2027E-01  1.3634E-01  1.6386E-02 -1.6957E-01
  1.2131E-01  1.3707E-01  1.6518E-02 -1.7100E-01
  1.2236E-01  1.3781E-01  1.6650E-02 -1.7244E-01
  1.2342E-01  1.3855E-01  1.6783E-02 -1.7389E-01
  1.2449E-01  1.3928E-01  1.6917E-02 -1.7536E-01
  1.2556E-01  1.4002E-01  1.7052E-02 -1.7683E-01
  1.2665E-01  1.4075E-01  1.7188E-02 -1.7832E-01
  1.2774E-01  1.4149E-01  1.7325E-02 -1.7982E-01
  1.2885E-01  1.4222E-01  1.7462E-02 -1.8134E-01
  1.2996E-01  1.4296E-01  1.7600E-02 -1.8286E-01
  1.3109E-01  1.4369E-01  1.7740E-02 -1.8440E-01
  1.3222E-01  1.4442E-01  1.7880E-02 -1.8594E-01
  1.3336E-01  1.4515E-01  1.8021E-02 -1.8750E-01
  1.3452E-01  1.4588E-01  1.8163E-02 -1.8908E-01
  1.3568E-01  1.4661E-01  1.8306E-02 -1.9066E-01
  1.3685E-01  1.4734E-01  1.8449E-02 -1.9226E-01
  1.3804E-01  1.4807E-01  1.8594E-02 -1.9387E-01
  1.3923E-01  1.4880E-01  1.8739E-02 -1.9549E-01
  1.4043E-01  1.4952E-01  1.8885E-02 -1.9713E-01
  1.4165E-01  1.5024E-01  1.9032E-02 -1.9878E-01
  1.4287E-01  1.5096E-01  1.9180E-02 -2.0044E-01
  1.4411E-01  1.5168E-01  1.9329E-02 -2.0211E-01
  1.4535E-01  1.5240E-01  1.9478E-02 -2.0380E-01
  1.4661E-01  1.5312E-01  1.9629E-02 -2.0550E-01
  1.4788E-01  1.5383E-01  1.9780E-02 -2.0721E-01
  1.4916E-01  1.5454E-01  1.9932E-02 -2.0894E-01
  1.5044E-01  1.5525E-01  2.0085E-02 -2.1068E-01
  1.5175E-01  1.5595E-01  2.0239E-02 -2.1243E-01
  1.5306E-01  1.5666E-01  2.0393E-02 -2.1419E-01
  1.5438E-01  1.5736E-01  2.0549E-02 -2.1597E-01
  1.5572E-01  1.5806E-01  2.0705E-02 -2.1777E-01
  1.5706E-01  1.5875E-01  2.0862E-02 -2.1957E-01
  1.5842E-01  1.5944E-01  2.1020E-02 -2.2139E-01
  1.5979E-01  1.6013E-01  2.1178E-02 -2.2323E-01
  1.6117E-01  1.6082E-01  2.1338E-02 -2.2508E-01
  1.6256E-01  1.6150E-01  2.1498E-02 -2.2694E-01
  1.6397E-01  1.6218E-01  2.1658E-02 -2.2881E-01
  1.6539E-01  1.6285E-01  2.1820E-02 -2.3070E-01
  1.6682E-01  1.6352E-01  2.1982E-02 -2.3261E-01
  1.6826E-01  1.6419E-01  2.2145E-02 -2.3452E-01
  1.6971E-01  1.6485E-01  2.2309E-02 -2.3646E-01
  1.7118E-01  1.6551E-01  2.2474E-02 -2.3840E-01
  1.7266E-01  1.6616E-01  2.2639E-02 -2.4036E-01
  1.7415E-01  1.6681E-01  2.2805E-02 -2.4234E-01
  1.7566E-01  1.6745E-01  2.2971E-02 -2.4433E-01
  1.7718E-01  1.6809E-01  2.3138E-02 -2.4633E-01
  1.7871E-01  1.6873E-01  2.3306E-02 -2.4835E-01
  1.8026E-01  1.6936E-01  2.3474E-02 -2.5039E-01
  1.8181E-01  1.6998E-01  2.3643E-02 -2.5244E-01
  1.8339E-01  1.7060E-01  2.3813E-02 -2.5450E-01
  1.8497E-01  1.7121E-01  2.3983E-02 -2.5658E-01
  1.8657E-01  1.7182E-01  2.4154E-02 -2.5867E-01
  1.8818E-01  1.7242E-01  2.4325E-02 -2.6078E-01
  1.8981E-01  1.7301E-01  2.4497E-02 -2.6290E-01
  1.9145E-01  1.7360E-01  2.4669E-02 -2.6504E-01
  1.9311E-01  1.7418E-01  2.4842E-02 -2.6719E-01
  1.9478E-01  1.7475E-01  2.5015E-02 -2.6936E-01
  1.9646E-01  1.7532E-01  2.5188E-02 -2.7154E-01
  1.9816E-01  1.7588E-01  2.5362E-02 -2.7374E-01
  1.9987E-01  1.7644E-01  2.5537E-02 -2.7596E-01
  2.0160E-01  1.7698E-01  2.5711E-02 -2.7819E-01
  2.0334E-01  1.7752E-01  2.5887E-02 -2.8043E-01
  2.0510E-01  1.7805E-01  2.6062E-02 -2.8269E-01
  2.0687E-01  1.7858E-01  2.6238E-02 -2.8497E-01
  2.0866E-01  1.7909E-01  2.6413E-02 -2.8726E-01
  2.1047E-01  1.7960E-01  2.6590E-02 -2.8956E-01
  2.1229E-01  1.8009E-01  2.6766E-02 -2.9188E-01
  2.1412E-01  1.8058E-01  2.6942E-02 -2.9422E-01
  2.1597E-01  1.8106E-01  2.7119E-02 -2.9658E-01
  2.1784E-01  1.8154E-01  2.7296E-02 -2.9894E-01
  2.1972E-01  1.8200E-01  2.7472E-02 -3.0133E-01
  2.2162E-01  1.8245E-01  2.7649E-02 -3.0373E-01
  2.2354E-01  1.8289E-01  2.7826E-02 -3.0614E-01
  2.2547E-01  1.8333E-01  2.8003E-02 -3.0858E-01
  2.2742E-01  1.8375E-01  2.8179E-02 -3.1102E-01
  2.2939E-01  1.8416E-01  2.8356E-02 -3.1348E-01
  2.3137E-01  1.8457E-01  2.8532E-02 -3.1596E-01
  2.3337E-01  1.8496E-01  2.8708E-02 -3.1846E-01
  2.3539E-01  1.8534E-01  2.8884E-02 -3.2097E-01
  2.3742E-01  1.8571E-01  2.9059E-02 -3.2349E-01
  2.3948E-01  1.8607E-01  2.9234E-02 -3.2603E-01
  2.4155E-01  1.8642E-01  2.9409E-02 -3.2859E-01
  2.4364E-01  1.8675E-01  2.9583E-02 -3.3116E-01
  2.4574E-01  1.8708E-01  2.9757E-02 -3.3375E-01
  2.4787E-01  1.8739E-01  2.9930E-02 -3.3636E-01
  2.5001E-01  1.8769E-01  3.0102E-02 -3.3897E-01
  2.5217E-01  1.8797E-01  3.0274E-02 -3.4161E-01
  2.5435E-01  1.8825E-01  3.0445E-02 -3.4426E-01
  2.5655E-01  1.8851E-01  3.0616E-02 -3.4693E-01
  2.5877E-01  1.8876E-01  3.0785E-02 -3.4961E-01
  2.6101E-01  1.8899E-01  3.0953E-02 -3.5230E-01
  2.6326E-01  1.8921E-01  3.1121E-02 -3.5502E-01
  2.6554E-01  1.8942E-01  3.1287E-02 -3.5774E-01
  2.6783E-01  1.8961E-01  3.1452E-02 -3.6049E-01
  2.7015E-01  1.8979E-01  3.1616E-02 -3.6324E-01
  2.7248E-01  1.8995E-01  3.1779E-02 -3.6602E-01
  2.7484E-01  1.9010E-01  3.1940E-02 -3.6881E-01
  2.7722E-01  1.9023E-01  3.2100E-02 -3.7161E-01
  2.7961E-01  1.9035E-01  3.2258E-02 -3.7443E-01
  2.8203E-01  1.9045E-01  3.2415E-02 -3.7726E-01
  2.8447E-01  1.9054E-01  3.2570E-02 -3.8011E-01
  2.8693E-01  1.9061E-01  3.2723E-02 -3.8297E-01
  2.8941E-01  1.9066E-01  3.2874E-02 -3.8585E-01
  2.9191E-01  1.9070E-01  3.3024E-02 -3.8874E-01
  2.9444E-01  1.9072E-01  3.3171E-02 -3.9164E-01
  2.9698E-01  1.9073E-01  3.3316E-02 -3.9456E-01
  2.9955E-01  1.9072E-01  3.3459E-02 -3.9749E-01
  3.0214E-01  1.9068E-01  3.3599E-02 -4.0044E-01
  3.0475E-01  1.9064E-01  3.3737E-02 -4.0340E-01
  3.0738E-01  1.9057E-01  3.3872E-02 -4.0637E-01
  3.1004E-01  1.9049E-01  3.4005E-02 -4.0936E-01
  3.1272E-01  1.9038E-01  3.4135E-02 -4.1236E-01
  3.1543E-01  1.9026E-01  3.4262E-02 -4.1538E-01
  3.1815E-01  1.9012E-01  3.4385E-02 -4.1840E-01
  3.2090E-01  1.8996E-01  3.4506E-02 -4.2144E-01
  3.2368E-01  1.8978E-01  3.4623E-02 -4.2449E-01
  3.2648E-01  1.8959E-01  3.4737E-02 -4.2756E-01
  3.2930E-01  1.8937E-01  3.4847E-02 -4.3063E-01
  3.3215E-01  1.8913E-01  3.4954E-02 -4.3372E-01
  3.3502E-01  1.8887E-01  3.5056E-02 -4.3682E-01
  3.3791E-01  1.8859E-01  3.5155E-02 -4.3993E-01
  3.4084E-01  1.8829E-01  3.5249E-02 -4.4305E-01
  3.4378E-01  1.8797E-01  3.5340E-02 -4.4618E-01
  3.4676E-01  1.8762E-01  3.5425E-02 -4.4932E-01
  3.4975E-01  1.8726E-01  3.5506E-02 -4.5247E-01
  3.5278E-01  1.8687E-01  3.5582E-02 -4.5563E-01
  3.5583E-01  1.8646E-01  3.5654E-02 -4.5880E-01
  3.5890E-01  1.8603E-01  3.5720E-02 -4.6198E-01
  3.6201E-01  1.8558E-01  3.5781E-02 -4.6517E-01
  3.6514E-01  1.8510E-01  3.5836E-02 -4.6837E-01
  3.6829E-01  1.8460E-01  3.5886E-02 -4.7157E-01
  3.7148E-01  1.8408E-01  3.5929E-02 -4.7478E-01
  3.7469E-01  1.8353E-01  3.5967E-02 -4.7800E-01
  3.7793E-01  1.8296E-01  3.5998E-02 -4.8123E-01
  3.8120E-01  1.8237E-01  3.6023E-02 -4.8446E-01
  3.8449E-01  1.8175E-01  3.6042E-02 -4.8770E-01
  3.8782E-01  1.8111E-01  3.6053E-02 -4.9094E-01
  3.9117E-01  1.8044E-01  3.6057E-02 -4.9419E-01
  3.9455E-01  1.7974E-01  3.6054E-02 -4.9744E-01
  3.9796E-01  1.7903E-01  3.6044E-02 -5.0070E-01
  4.0140E-01  1.7828E-01  3.6025E-02 -5.0395E-01
  4.0487E-01  1.7751E-01  3.5999E-02 -5.0722E-01
  4.0837E-01  1.7672E-01  3.5964E-02 -5.1048E-01
  4.1190E-01  1.7589E-01  3.5921E-02 -5.1374E-01
  4.1546E-01  1.7505E-01  3.5869E-02 -5.1701E-01
  4.1906E-01  1.7417E-01  3.5808E-02 -5.2027E-01
  4.2268E-01  1.7327E-01  3.5738E-02 -5.2354E-01
  4.2633E-01  1.7234E-01  3.5658E-02 -5.2680E-01
  4.3002E-01  1.7138E-01  3.5568E-02 -5.3006E-01
  4.3374E-01  1.7040E-01  3.5468E-02 -5.3332E-01
  4.3749E-01  1.6939E-01  3.5358E-02 -5.3657E-01
  4.4127E-01  1.6835E-01  3.5237E-02 -5.3982E-01
  4.4508E-01  1.6728E-01  3.5105E-02 -5.4306E-01
  4.4893E-01  1.6618E-01  3.4962E-02 -5.4630E-01
  4.5281E-01  1.6506E-01  3.4807E-02 -5.4953E-01
  4.5673E-01  1.6390E-01  3.4640E-02 -5.5275E-01
  4.6068E-01  1.6272E-01  3.4461E-02 -5.5596E-01
  4.6466E-01  1.6151E-01  3.4269E-02 -5.5916E-01
  4.6868E-01  1.6027E-01  3.4065E-02 -5.6235E-01
  4.7273E-01  1.5900E-01  3.3847E-02 -5.6553E-01
  4.7682E-01  1.5770E-01  3.3616E-02 -5.6869E-01
  4.8094E-01  1.5637E-01  3.3370E-02 -5.7184E-01
  4.8510E-01  1.5501E-01  3.3110E-02 -5.7498E-01
  4.8929E-01  1.5361E-01  3.2836E-02 -5.7809E-01
  4.9352E-01  1.5219E-01  3.2546E-02 -5.8119E-01
  4.9779E-01  1.5074E-01  3.2241E-02 -5.8426E-01
  5.0209E-01  1.4926E-01  3.1921E-02 -5.8731E-01
  5.0643E-01  1.4774E-01  3.1584E-02 -5.9034E-01
  5.1081E-01  1.4620E-01  3.1230E-02 -5.9335E-01
  5.1523E-01  1.4462E-01  3.0859E-02 -5.9633E-01
  5.1968E-01  1.4301E-01  3.0471E-02 -5.9928E-01
  5.2417E-01  1.4137E-01  3.0065E-02 -6.0220E-01
  5.2871E-01  1.3970E-01  2.9641E-02 -6.0509E-01
  5.3328E-01  1.3799E-01  2.9197E-02 -6.0794E-01
  5.3789E-01  1.3626E-01  2.8735E-02 -6.1076E-01
  5.4254E-01  1.3449E-01  2.8253E-02 -6.1355E-01
  5.4723E-01  1.3269E-01  2.7751E-02 -6.1629E-01
  5.5196E-01  1.3086E-01  2.7229E-02 -6.1899E-01
  5.5673E-01  1.2899E-01  2.6685E-02 -6.2165E-01
  5.6154E-01  1.2709E-01  2.6120E-02 -6.2426E-01
  5.6640E-01  1.2516E-01  2.5533E-02 -6.2682E-01
  5.7130E-01  1.2320E-01  2.4924E-02 -6.2933E-01
  5.7624E-01  1.2120E-01  2.4291E-02 -6.3179E-01
  5.8122E-01  1.1917E-01  2.3635E-02 -6.3419E-01
  5.8624E-01  1.1711E-01  2.2956E-02 -6.3654E-01
  5.9131E-01  1.1501E-01  2.2251E-02 -6.3882E-01
  5.9642E-01  1.1288E-01  2.1522E-02 -6.4104E-01
  6.0158E-01  1.1072E-01  2.0768E-02 -6.4318E-01
  6.0678E-01  1.0852E-01  1.9987E-02 -6.4526E-01
  6.1203E-01  1.0629E-01  1.9180E-02 -6.4727E-01
  6.1732E-01  1.0403E-01  1.8346E-02 -6.4919E-01
  6.2265E-01  1.0173E-01  1.7484E-02 -6.5104E-01
  6.2804E-01  9.9397E-02  1.6594E-02 -6.5280E-01
  6.3347E-01  9.7032E-02  1.5675E-02 -6.5448E-01
  6.3894E-01  9.4634E-02  1.4727E-02 -6.5606E-01
  6.4447E-01  9.2201E-02  1.3749E-02 -6.5755E-01
  6.5004E-01  8.9736E-02  1.2741E-02 -6.5893E-01
  6.5566E-01  8.7236E-02  1.1702E-02 -6.6022E-01
  6.6133E-01  8.4703E-02  1.0631E-02 -6.6140E-01
  6.6705E-01  8.2136E-02  9.5288E-03 -6.6246E-01
  6.7281E-01  7.9535E-02  8.3935E-03 -6.6341E-01
  6.7863E-01  7.6901E-02  7.2251E-03 -6.6424E-01
  6.8450E-01  7.4233E-02  6.0228E-03 -6.6494E-01
  6.9041E-01  7.1532E-02  4.7863E-03 -6.6551E-01
  6.9638E-01  6.8797E-02  3.5148E-03 -6.6595E-01
  7.0240E-01  6.6029E-02  2.2079E-03 -6.6624E-01
  7.0848E-01  6.3227E-02  8.6488E-04 -6.6639E-01
  7.1460E-01  6.0392E-02 -5.1473E-04 -6.6639E-01
  7.2078E-01  5.7524E-02 -1.9315E-03 -6.6624E-01
  7.2701E-01  5.4623E-02 -3.3861E-03 -6.6592E-01
  7.3330E-01  5.1689E-02 -4.8789E-03 -6.6544E-01
  7.3964E-01  4.8721E-02 -6.4106E-03 -6.6478E-01
  7.4603E-01  4.5722E-02 -7.9818E-03 -6.6395E-01
  7.5248E-01  4.2689E-02 -9.5929E-03 -6.6293E-01
  7.5899E-01  3.9624E-02 -1.1244E-02 -6.6173E-01
  7.6555E-01  3.6527E-02 -1.2937E-02 -6.6032E-01
  7.7217E-01  3.3397E-02 -1.4671E-02 -6.5872E-01
  7.7884E-01  3.0236E-02 -1.6448E-02 -6.5691E-01
  7.8558E-01  2.7043E-02 -1.8266E-02 -6.5488E-01
  7.9237E-01  2.3818E-02 -2.0128E-02 -6.5264E-01
  7.9922E-01  2.0561E-02 -2.2034E-02 -6.5017E-01
  8.0613E-01  1.7274E-02 -2.3984E-02 -6.4747E-01
  8.1310E-01  1.3955E-02 -2.5978E-02 -6.4453E-01
  8.2013E-01  1.0606E-02 -2.8017E-02 -6.4135E-01
  8.2722E-01  7.2255E-03 -3.0101E-02 -6.3792E-01
  8.3437E-01  3.8152E-03 -3.2231E-02 -6.3423E-01
  8.4158E-01  3.7476E-04 -3.4408E-02 -6.3028E-01
  8.4886E-01 -3.0955E-03 -3.6631E-02 -6.2607E-01
  8.5620E-01 -6.5952E-03 -3.8901E-02 -6.2159E-01
  8.6360E-01 -1.0124E-02 -4.1218E-02 -6.1683E-01
  8.7107E-01 -1.3682E-02 -4.3583E-02 -6.1178E-01
  8.7860E-01 -1.7269E-02 -4.5996E-02 -6.0645E-01
  8.8619E-01 -2.0884E-02 -4.8457E-02 -6.0083E-01
  8.9386E-01 -2.4527E-02 -5.0966E-02 -5.9492E-01
  9.0158E-01 -2.8197E-02 -5.3524E-02 -5.8871E-01
  9.0938E-01 -3.1895E-02 -5.6131E-02 -5.8219E-01
  9.1724E-01 -3.5620E-02 -5.8787E-02 -5.7537E-01
  9.2517E-01 -3.9371E-02 -6.1492E-02 -5.6824E-01
  9.3317E-01 -4.3149E-02 -6.4246E-02 -5.6080E-01
  9.4124E-01 -4.6952E-02 -6.7049E-02 -5.5306E-01
  9.4937E-01 -5.0781E-02 -6.9902E-02 -5.4500E-01
  9.5758E-01 -5.4635E-02 -7.2804E-02 -5.3663E-01
  9.6586E-01 -5.8514E-02 -7.5756E-02 -5.2795E-01
  9.7421E-01 -6.2416E-02 -7.8756E-02 -5.1896E-01
  9.8263E-01 -6.6343E-02 -8.1806E-02 -5.0966E-01
  9.9113E-01 -7.0293E-02 -8.4904E-02 -5.0005E-01
  9.9970E-01 -7.4265E-02 -8.8051E-02 -4.9015E-01
  1.0083E+00 -7.8260E-02 -9.1247E-02 -4.7995E-01
  1.0171E+00 -8.2277E-02 -9.4491E-02 -4.6946E-01
  1.0259E+00 -8.6315E-02 -9.7782E-02 -4.5869E-01
  1.0347E+00 -9.0374E-02 -1.0112E-01 -4.4764E-01
  1.0437E+00 -9.4454E-02 -1.0451E-01 -4.3633E-01
  1.0527E+00 -9.8553E-02 -1.0794E-01 -4.2476E-01
  1.0618E+00 -1.0267E-01 -1.1142E-01 -4.1295E-01
  1.0710E+00 -1.0681E-01 -1.1494E-01 -4.0090E-01
  1.0802E+00 -1.1097E-01 -1.1851E-01 -3.8864E-01
  1.0896E+00 -1.1514E-01 -1.2212E-01 -3.7618E-01
  1.0990E+00 -1.1933E-01 -1.2578E-01 -3.6353E-01
  1.1085E+00 -1.2354E-01 -1.2948E-01 -3.5072E-01
  1.1181E+00 -1.2776E-01 -1.3322E-01 -3.3776E-01
  1.1277E+00 -1.3200E-01 -1.3700E-01 -3.2467E-01
  1.1375E+00 -1.3625E-01 -1.4082E-01 -3.1148E-01
  1.1473E+00 -1.4052E-01 -1.4468E-01 -2.9820E-01
  1.1572E+00 -1.4480E-01 -1.4858E-01 -2.8488E-01
  1.1672E+00 -1.4910E-01 -1.5251E-01 -2.7152E-01
  1.1773E+00 -1.5340E-01 -1.5648E-01 -2.5817E-01
  1.1875E+00 -1.5772E-01 -1.6049E-01 -2.4484E-01
  1.1978E+00 -1.6205E-01 -1.6452E-01 -2.3156E-01
  1.2081E+00 -1.6639E-01 -1.6859E-01 -2.1838E-01
  1.2186E+00 -1.7074E-01 -1.7269E-01 -2.0532E-01
  1.2291E+00 -1.7510E-01 -1.7682E-01 -1.9241E-01
  1.2397E+00 -1.7946E-01 -1.8098E-01 -1.7969E-01
  1.2505E+00 -1.8384E-01 -1.8516E-01 -1.6718E-01
  1.2613E+00 -1.8822E-01 -1.8937E-01 -1.5493E-01
  1.2722E+00 -1.9261E-01 -1.9360E-01 -1.4297E-01
  1.2832E+00 -1.9700E-01 -1.9785E-01 -1.3133E-01
  1.2943E+00 -2.0140E-01 -2.0212E-01 -1.2004E-01
  1.3055E+00 -2.0580E-01 -2.0641E-01 -1.0914E-01
  1.3167E+00 -2.1021E-01 -2.1071E-01 -9.8656E-02
  1.3281E+00 -2.1461E-01 -2.1503E-01 -8.8623E-02
  1.3396E+00 -2.1902E-01 -2.1937E-01 -7.9065E-02
  1.3512E+00 -2.2344E-01 -2.2372E-01 -7.0011E-02
  1.3629E+00 -2.2785E-01 -2.2807E-01 -6.1483E-02
  1.3747E+00 -2.3226E-01 -2.3244E-01 -5.3503E-02
  1.3865E+00 -2.3667E-01 -2.3681E-01 -4.6087E-02
  1.3985E+00 -2.4108E-01 -2.4118E-01 -3.9250E-02
  1.4106E+00 -2.4548E-01 -2.4556E-01 -3.3002E-02
  1.4228E+00 -2.4989E-01 -2.4994E-01 -2.7347E-02
  1.4351E+00 -2.5429E-01 -2.5433E-01 -2.2286E-02
  1.4475E+00 -2.5868E-01 -2.5871E-01 -1.7813E-02
  1.4600E+00 -2.6307E-01 -2.6309E-01 -1.3919E-02
  1.4727E+00 -2.6745E-01 -2.6746E-01 -1.0585E-02
  1.4854E+00 -2.7182E-01 -2.7183E-01 -7.7897E-03
  1.4982E+00 -2.7619E-01 -2.7619E-01 -5.5030E-03
  1.5112E+00 -2.8054E-01 -2.8054E-01 -3.6894E-03
  1.5243E+00 -2.8489E-01 -2.8489E-01 -2.3069E-03
  1.5374E+00 -2.8922E-01 -2.8922E-01 -1.3072E-03
  1.5507E+00 -2.9355E-01 -2.9355E-01 -6.3621E-04
  1.5641E+00 -2.9786E-01 -2.9786E-01 -2.3490E-04
  1.5777E+00 -3.0216E-01 -3.0216E-01 -3.9755E-05
  1.5913E+00 -3.0644E-01 -3.0644E-01  1.5857E-05
  1.6051E+00 -3.1071E-01 -3.1071E-01  0.0000E+00
  1.6189E+00 -3.1496E-01 -3.1496E-01  0.0000E+00
  1.6329E+00 -3.1920E-01 -3.1920E-01  0.0000E+00
  1.6470E+00 -3.2341E-01 -3.2341E-01  0.0000E+00
  1.6613E+00 -3.2761E-01 -3.2761E-01  0.0000E+00
  1.6756E+00 -3.3179E-01 -3.3179E-01  0.0000E+00
  1.6901E+00 -3.3595E-01 -3.3595E-01  0.0000E+00
  1.7047E+00 -3.4009E-01 -3.4009E-01  0.0000E+00
  1.7195E+00 -3.4420E-01 -3.4420E-01  0.0000E+00
  1.7344E+00 -3.4829E-01 -3.4829E-01  0.0000E+00
  1.7493E+00 -3.5236E-01 -3.5236E-01  0.0000E+00
  1.7645E+00 -3.5640E-01 -3.5640E-01  0.0000E+00
  1.7797E+00 -3.6041E-01 -3.6041E-01  0.0000E+00
  1.7951E+00 -3.6440E-01 -3.6440E-01  0.0000E+00
  1.8106E+00 -3.6836E-01 -3.6836E-01  0.0000E+00
  1.8263E+00 -3.7229E-01 -3.7229E-01  0.0000E+00
  1.8421E+00 -3.7619E-01 -3.7619E-01  0.0000E+00
  1.8580E+00 -3.8006E-01 -3.8006E-01  0.0000E+00
  1.8741E+00 -3.8389E-01 -3.8389E-01  0.0000E+00
  1.8903E+00 -3.8769E-01 -3.8769E-01  0.0000E+00
  1.9066E+00 -3.9146E-01 -3.9146E-01  0.0000E+00
  1.9231E+00 -3.9519E-01 -3.9519E-01  0.0000E+00
  1.9397E+00 -3.9888E-01 -3.9888E-01  0.0000E+00
  1.9565E+00 -4.0254E-01 -4.0254E-01  0.0000E+00
  1.9734E+00 -4.0616E-01 -4.0616E-01  0.0000E+00
  1.9905E+00 -4.0973E-01 -4.0973E-01  0.0000E+00
  2.0077E+00 -4.1327E-01 -4.1327E-01  0.0000E+00
  2.0250E+00 -4.1676E-01 -4.1676E-01  0.0000E+00
  2.0425E+00 -4.2021E-01 -4.2021E-01  0.0000E+00
  2.0602E+00 -4.2362E-01 -4.2362E-01  0.0000E+00
  2.0780E+00 -4.2698E-01 -4.2698E-01  0.0000E+00
  2.0960E+00 -4.3029E-01 -4.3029E-01  0.0000E+00
  2.1141E+00 -4.3356E-01 -4.3356E-01  0.0000E+00
  2.1324E+00 -4.3678E-01 -4.3678E-01  0.0000E+00
  2.1508E+00 -4.3994E-01 -4.3994E-01  0.0000E+00
  2.1694E+00 -4.4306E-01 -4.4306E-01  0.0000E+00
  2.1882E+00 -4.4612E-01 -4.4612E-01  0.0000E+00
  2.2071E+00 -4.4913E-01 -4.4913E-01  0.0000E+00
  2.2262E+00 -4.5209E-01 -4.5209E-01  0.0000E+00
  2.2454E+00 -4.5499E-01 -4.5499E-01  0.0000E+00
  2.2648E+00 -4.5783E-01 -4.5783E-01  0.0000E+00
  2.2844E+00 -4.6062E-01 -4.6062E-01  0.0000E+00
  2.3041E+00 -4.6335E-01 -4.6335E-01  0.0000E+00
  2.3241E+00 -4.6601E-01 -4.6601E-01  0.0000E+00
  2.3442E+00 -4.6862E-01 -4.6862E-01  0.0000E+00
  2.3644E+00 -4.7116E-01 -4.7116E-01  0.0000E+00
  2.3849E+00 -4.7364E-01 -4.7364E-01  0.0000E+00
  2.4055E+00 -4.7606E-01 -4.7606E-01  0.0000E+00
  2.4263E+00 -4.7841E-01 -4.7841E-01  0.0000E+00
  2.4473E+00 -4.8069E-01 -4.8069E-01  0.0000E+00
  2.4684E+00 -4.8291E-01 -4.8291E-01  0.0000E+00
