 # l=           0 basis function with energy    -3.75643146137320     
  0.0000E+00  0.0000E+00  0.0000E+00  0.0000E+00
  2.8818E-08  2.6387E-07  5.3270E-08 -3.0651E-07
  5.7886E-08  5.3002E-07  1.0700E-07 -6.1567E-07
  8.7205E-08  7.9847E-07  1.6120E-07 -9.2751E-07
  1.1678E-07  1.0692E-06  2.1586E-07 -1.2420E-06
  1.4661E-07  1.3424E-06  2.7100E-07 -1.5593E-06
  1.7669E-07  1.6178E-06  3.2661E-07 -1.8793E-06
  2.0704E-07  1.8957E-06  3.8270E-07 -2.2020E-06
  2.3765E-07  2.1759E-06  4.3928E-07 -2.5276E-06
  2.6852E-07  2.4586E-06  4.9635E-07 -2.8560E-06
  2.9966E-07  2.7437E-06  5.5391E-07 -3.1872E-06
  3.3107E-07  3.0313E-06  6.1197E-07 -3.5212E-06
  3.6275E-07  3.3214E-06  6.7053E-07 -3.8582E-06
  3.9470E-07  3.6140E-06  7.2960E-07 -4.1981E-06
  4.2693E-07  3.9091E-06  7.8917E-07 -4.5409E-06
  4.5944E-07  4.2068E-06  8.4927E-07 -4.8866E-06
  4.9223E-07  4.5070E-06  9.0988E-07 -5.2354E-06
  5.2531E-07  4.8098E-06  9.7102E-07 -5.5872E-06
  5.5867E-07  5.1153E-06  1.0327E-06 -5.9420E-06
  5.9232E-07  5.4234E-06  1.0949E-06 -6.2999E-06
  6.2625E-07  5.7341E-06  1.1576E-06 -6.6608E-06
  6.6049E-07  6.0476E-06  1.2209E-06 -7.0249E-06
  6.9502E-07  6.3637E-06  1.2847E-06 -7.3922E-06
  7.2984E-07  6.6826E-06  1.3491E-06 -7.7626E-06
  7.6497E-07  7.0043E-06  1.4140E-06 -8.1362E-06
  8.0040E-07  7.3287E-06  1.4795E-06 -8.5131E-06
  8.3614E-07  7.6559E-06  1.5456E-06 -8.8932E-06
  8.7219E-07  7.9860E-06  1.6122E-06 -9.2766E-06
  9.0855E-07  8.3189E-06  1.6794E-06 -9.6633E-06
  9.4522E-07  8.6547E-06  1.7472E-06 -1.0053E-05
  9.8221E-07  8.9934E-06  1.8156E-06 -1.0447E-05
  1.0195E-06  9.3350E-06  1.8846E-06 -1.0844E-05
  1.0572E-06  9.6795E-06  1.9541E-06 -1.1244E-05
  1.0951E-06  1.0027E-05  2.0243E-06 -1.1648E-05
  1.1334E-06  1.0378E-05  2.0951E-06 -1.2055E-05
  1.1720E-06  1.0731E-05  2.1664E-06 -1.2466E-05
  1.2110E-06  1.1088E-05  2.2384E-06 -1.2880E-05
  1.2503E-06  1.1448E-05  2.3111E-06 -1.3298E-05
  1.2899E-06  1.1810E-05  2.3843E-06 -1.3719E-05
  1.3299E-06  1.2176E-05  2.4582E-06 -1.4144E-05
  1.3702E-06  1.2546E-05  2.5327E-06 -1.4573E-05
  1.4108E-06  1.2918E-05  2.6079E-06 -1.5006E-05
  1.4518E-06  1.3293E-05  2.6837E-06 -1.5442E-05
  1.4932E-06  1.3672E-05  2.7602E-06 -1.5882E-05
  1.5349E-06  1.4054E-05  2.8373E-06 -1.6326E-05
  1.5770E-06  1.4440E-05  2.9151E-06 -1.6773E-05
  1.6195E-06  1.4828E-05  2.9936E-06 -1.7225E-05
  1.6623E-06  1.5220E-05  3.0727E-06 -1.7680E-05
  1.7055E-06  1.5616E-05  3.1526E-06 -1.8140E-05
  1.7491E-06  1.6015E-05  3.2331E-06 -1.8603E-05
  1.7930E-06  1.6417E-05  3.3143E-06 -1.9070E-05
  1.8373E-06  1.6823E-05  3.3962E-06 -1.9542E-05
  1.8820E-06  1.7232E-05  3.4789E-06 -2.0017E-05
  1.9271E-06  1.7645E-05  3.5622E-06 -2.0497E-05
  1.9726E-06  1.8061E-05  3.6463E-06 -2.0980E-05
  2.0185E-06  1.8481E-05  3.7311E-06 -2.1468E-05
  2.0647E-06  1.8905E-05  3.8166E-06 -2.1960E-05
  2.1114E-06  1.9332E-05  3.9029E-06 -2.2457E-05
  2.1585E-06  1.9763E-05  3.9899E-06 -2.2958E-05
  2.2060E-06  2.0198E-05  4.0776E-06 -2.3463E-05
  2.2538E-06  2.0637E-05  4.1662E-06 -2.3972E-05
  2.3021E-06  2.1079E-05  4.2555E-06 -2.4486E-05
  2.3509E-06  2.1525E-05  4.3455E-06 -2.5004E-05
  2.4000E-06  2.1975E-05  4.4364E-06 -2.5527E-05
  2.4496E-06  2.2429E-05  4.5280E-06 -2.6054E-05
  2.4996E-06  2.2887E-05  4.6204E-06 -2.6585E-05
  2.5500E-06  2.3348E-05  4.7136E-06 -2.7122E-05
  2.6009E-06  2.3814E-05  4.8076E-06 -2.7663E-05
  2.6522E-06  2.4284E-05  4.9025E-06 -2.8209E-05
  2.7039E-06  2.4758E-05  4.9981E-06 -2.8759E-05
  2.7561E-06  2.5236E-05  5.0946E-06 -2.9314E-05
  2.8088E-06  2.5718E-05  5.1919E-06 -2.9874E-05
  2.8619E-06  2.6204E-05  5.2901E-06 -3.0439E-05
  2.9154E-06  2.6694E-05  5.3891E-06 -3.1008E-05
  2.9694E-06  2.7189E-05  5.4890E-06 -3.1583E-05
  3.0239E-06  2.7688E-05  5.5897E-06 -3.2163E-05
  3.0789E-06  2.8191E-05  5.6913E-06 -3.2747E-05
  3.1343E-06  2.8699E-05  5.7937E-06 -3.3337E-05
  3.1903E-06  2.9211E-05  5.8971E-06 -3.3932E-05
  3.2467E-06  2.9727E-05  6.0014E-06 -3.4531E-05
  3.3035E-06  3.0248E-05  6.1065E-06 -3.5136E-05
  3.3609E-06  3.0773E-05  6.2126E-06 -3.5747E-05
  3.4188E-06  3.1303E-05  6.3196E-06 -3.6362E-05
  3.4772E-06  3.1838E-05  6.4275E-06 -3.6983E-05
  3.5361E-06  3.2377E-05  6.5363E-06 -3.7609E-05
  3.5954E-06  3.2920E-05  6.6461E-06 -3.8241E-05
  3.6553E-06  3.3469E-05  6.7568E-06 -3.8878E-05
  3.7158E-06  3.4022E-05  6.8685E-06 -3.9521E-05
  3.7767E-06  3.4580E-05  6.9811E-06 -4.0169E-05
  3.8382E-06  3.5143E-05  7.0948E-06 -4.0823E-05
  3.9002E-06  3.5711E-05  7.2094E-06 -4.1482E-05
  3.9627E-06  3.6283E-05  7.3250E-06 -4.2147E-05
  4.0258E-06  3.6861E-05  7.4416E-06 -4.2818E-05
  4.0894E-06  3.7443E-05  7.5592E-06 -4.3495E-05
  4.1536E-06  3.8031E-05  7.6778E-06 -4.4178E-05
  4.2183E-06  3.8624E-05  7.7975E-06 -4.4866E-05
  4.2836E-06  3.9221E-05  7.9181E-06 -4.5560E-05
  4.3495E-06  3.9824E-05  8.0399E-06 -4.6261E-05
  4.4159E-06  4.0432E-05  8.1626E-06 -4.6967E-05
  4.4829E-06  4.1046E-05  8.2865E-06 -4.7680E-05
  4.5505E-06  4.1665E-05  8.4114E-06 -4.8399E-05
  4.6186E-06  4.2289E-05  8.5374E-06 -4.9124E-05
  4.6874E-06  4.2918E-05  8.6645E-06 -4.9855E-05
  4.7567E-06  4.3553E-05  8.7926E-06 -5.0592E-05
  4.8266E-06  4.4193E-05  8.9219E-06 -5.1336E-05
  4.8972E-06  4.4839E-05  9.0523E-06 -5.2087E-05
  4.9684E-06  4.5491E-05  9.1839E-06 -5.2843E-05
  5.0401E-06  4.6148E-05  9.3165E-06 -5.3607E-05
  5.1125E-06  4.6811E-05  9.4504E-06 -5.4377E-05
  5.1855E-06  4.7479E-05  9.5853E-06 -5.5153E-05
  5.2592E-06  4.8154E-05  9.7215E-06 -5.5937E-05
  5.3335E-06  4.8834E-05  9.8588E-06 -5.6727E-05
  5.4084E-06  4.9520E-05  9.9973E-06 -5.7524E-05
  5.4840E-06  5.0212E-05  1.0137E-05 -5.8328E-05
  5.5602E-06  5.0910E-05  1.0278E-05 -5.9138E-05
  5.6371E-06  5.1614E-05  1.0420E-05 -5.9956E-05
  5.7146E-06  5.2324E-05  1.0563E-05 -6.0781E-05
  5.7929E-06  5.3040E-05  1.0708E-05 -6.1613E-05
  5.8718E-06  5.3763E-05  1.0854E-05 -6.2452E-05
  5.9514E-06  5.4491E-05  1.1001E-05 -6.3299E-05
  6.0316E-06  5.5226E-05  1.1149E-05 -6.4152E-05
  6.1126E-06  5.5967E-05  1.1299E-05 -6.5014E-05
  6.1943E-06  5.6715E-05  1.1450E-05 -6.5882E-05
  6.2766E-06  5.7469E-05  1.1602E-05 -6.6758E-05
  6.3597E-06  5.8230E-05  1.1756E-05 -6.7642E-05
  6.4435E-06  5.8997E-05  1.1911E-05 -6.8533E-05
  6.5280E-06  5.9771E-05  1.2067E-05 -6.9432E-05
  6.6133E-06  6.0552E-05  1.2225E-05 -7.0339E-05
  6.6993E-06  6.1339E-05  1.2383E-05 -7.1254E-05
  6.7860E-06  6.2133E-05  1.2544E-05 -7.2176E-05
  6.8735E-06  6.2934E-05  1.2706E-05 -7.3107E-05
  6.9618E-06  6.3742E-05  1.2869E-05 -7.4045E-05
  7.0508E-06  6.4557E-05  1.3033E-05 -7.4992E-05
  7.1405E-06  6.5379E-05  1.3199E-05 -7.5947E-05
  7.2311E-06  6.6208E-05  1.3366E-05 -7.6910E-05
  7.3224E-06  6.7045E-05  1.3535E-05 -7.7881E-05
  7.4146E-06  6.7888E-05  1.3706E-05 -7.8861E-05
  7.5075E-06  6.8739E-05  1.3877E-05 -7.9850E-05
  7.6012E-06  6.9597E-05  1.4051E-05 -8.0846E-05
  7.6957E-06  7.0462E-05  1.4225E-05 -8.1852E-05
  7.7911E-06  7.1336E-05  1.4402E-05 -8.2866E-05
  7.8873E-06  7.2216E-05  1.4579E-05 -8.3889E-05
  7.9843E-06  7.3104E-05  1.4759E-05 -8.4921E-05
  8.0821E-06  7.4000E-05  1.4940E-05 -8.5961E-05
  8.1808E-06  7.4904E-05  1.5122E-05 -8.7011E-05
  8.2804E-06  7.5815E-05  1.5306E-05 -8.8070E-05
  8.3808E-06  7.6734E-05  1.5492E-05 -8.9138E-05
  8.4820E-06  7.7662E-05  1.5679E-05 -9.0215E-05
  8.5842E-06  7.8597E-05  1.5868E-05 -9.1301E-05
  8.6872E-06  7.9540E-05  1.6058E-05 -9.2397E-05
  8.7911E-06  8.0492E-05  1.6250E-05 -9.3503E-05
  8.8960E-06  8.1452E-05  1.6444E-05 -9.4617E-05
  9.0017E-06  8.2420E-05  1.6639E-05 -9.5742E-05
  9.1083E-06  8.3396E-05  1.6837E-05 -9.6876E-05
  9.2159E-06  8.4381E-05  1.7035E-05 -9.8020E-05
  9.3244E-06  8.5374E-05  1.7236E-05 -9.9174E-05
  9.4338E-06  8.6376E-05  1.7438E-05 -1.0034E-04
  9.5442E-06  8.7387E-05  1.7642E-05 -1.0151E-04
  9.6555E-06  8.8406E-05  1.7848E-05 -1.0270E-04
  9.7678E-06  8.9434E-05  1.8056E-05 -1.0389E-04
  9.8811E-06  9.0471E-05  1.8265E-05 -1.0510E-04
  9.9953E-06  9.1517E-05  1.8476E-05 -1.0631E-04
  1.0111E-05  9.2572E-05  1.8689E-05 -1.0754E-04
  1.0227E-05  9.3636E-05  1.8904E-05 -1.0877E-04
  1.0344E-05  9.4710E-05  1.9121E-05 -1.1002E-04
  1.0462E-05  9.5792E-05  1.9339E-05 -1.1128E-04
  1.0582E-05  9.6884E-05  1.9560E-05 -1.1255E-04
  1.0702E-05  9.7986E-05  1.9782E-05 -1.1383E-04
  1.0823E-05  9.9097E-05  2.0006E-05 -1.1512E-04
  1.0946E-05  1.0022E-04  2.0233E-05 -1.1642E-04
  1.1069E-05  1.0135E-04  2.0461E-05 -1.1773E-04
  1.1194E-05  1.0249E-04  2.0691E-05 -1.1905E-04
  1.1319E-05  1.0364E-04  2.0923E-05 -1.2039E-04
  1.1446E-05  1.0480E-04  2.1157E-05 -1.2174E-04
  1.1574E-05  1.0597E-04  2.1394E-05 -1.2310E-04
  1.1702E-05  1.0715E-04  2.1632E-05 -1.2447E-04
  1.1832E-05  1.0834E-04  2.1872E-05 -1.2585E-04
  1.1964E-05  1.0954E-04  2.2114E-05 -1.2724E-04
  1.2096E-05  1.1075E-04  2.2359E-05 -1.2865E-04
  1.2229E-05  1.1197E-04  2.2605E-05 -1.3007E-04
  1.2364E-05  1.1320E-04  2.2854E-05 -1.3150E-04
  1.2499E-05  1.1444E-04  2.3105E-05 -1.3294E-04
  1.2636E-05  1.1570E-04  2.3358E-05 -1.3440E-04
  1.2774E-05  1.1696E-04  2.3613E-05 -1.3587E-04
  1.2914E-05  1.1824E-04  2.3871E-05 -1.3735E-04
  1.3054E-05  1.1952E-04  2.4130E-05 -1.3884E-04
  1.3196E-05  1.2082E-04  2.4392E-05 -1.4035E-04
  1.3339E-05  1.2213E-04  2.4656E-05 -1.4187E-04
  1.3483E-05  1.2345E-04  2.4923E-05 -1.4340E-04
  1.3628E-05  1.2478E-04  2.5192E-05 -1.4495E-04
  1.3775E-05  1.2612E-04  2.5463E-05 -1.4651E-04
  1.3923E-05  1.2748E-04  2.5736E-05 -1.4808E-04
  1.4072E-05  1.2884E-04  2.6012E-05 -1.4967E-04
  1.4222E-05  1.3022E-04  2.6290E-05 -1.5127E-04
  1.4374E-05  1.3161E-04  2.6570E-05 -1.5288E-04
  1.4527E-05  1.3301E-04  2.6853E-05 -1.5451E-04
  1.4682E-05  1.3442E-04  2.7139E-05 -1.5616E-04
  1.4838E-05  1.3585E-04  2.7427E-05 -1.5781E-04
  1.4995E-05  1.3729E-04  2.7717E-05 -1.5948E-04
  1.5153E-05  1.3874E-04  2.8010E-05 -1.6117E-04
  1.5313E-05  1.4020E-04  2.8305E-05 -1.6287E-04
  1.5474E-05  1.4168E-04  2.8603E-05 -1.6458E-04
  1.5637E-05  1.4317E-04  2.8904E-05 -1.6631E-04
  1.5801E-05  1.4467E-04  2.9207E-05 -1.6806E-04
  1.5966E-05  1.4618E-04  2.9513E-05 -1.6982E-04
  1.6133E-05  1.4771E-04  2.9821E-05 -1.7159E-04
  1.6301E-05  1.4925E-04  3.0133E-05 -1.7338E-04
  1.6471E-05  1.5081E-04  3.0446E-05 -1.7519E-04
  1.6642E-05  1.5237E-04  3.0763E-05 -1.7701E-04
  1.6815E-05  1.5395E-04  3.1082E-05 -1.7884E-04
  1.6989E-05  1.5555E-04  3.1404E-05 -1.8070E-04
  1.7165E-05  1.5716E-04  3.1729E-05 -1.8257E-04
  1.7342E-05  1.5878E-04  3.2056E-05 -1.8445E-04
  1.7521E-05  1.6042E-04  3.2387E-05 -1.8635E-04
  1.7701E-05  1.6207E-04  3.2720E-05 -1.8827E-04
  1.7883E-05  1.6373E-04  3.3056E-05 -1.9020E-04
  1.8066E-05  1.6541E-04  3.3395E-05 -1.9215E-04
  1.8251E-05  1.6711E-04  3.3737E-05 -1.9412E-04
  1.8438E-05  1.6881E-04  3.4082E-05 -1.9611E-04
  1.8626E-05  1.7054E-04  3.4430E-05 -1.9811E-04
  1.8816E-05  1.7228E-04  3.4781E-05 -2.0013E-04
  1.9008E-05  1.7403E-04  3.5135E-05 -2.0216E-04
  1.9201E-05  1.7580E-04  3.5492E-05 -2.0422E-04
  1.9396E-05  1.7758E-04  3.5852E-05 -2.0629E-04
  1.9592E-05  1.7938E-04  3.6215E-05 -2.0838E-04
  1.9790E-05  1.8119E-04  3.6582E-05 -2.1049E-04
  1.9990E-05  1.8302E-04  3.6951E-05 -2.1262E-04
  2.0192E-05  1.8487E-04  3.7324E-05 -2.1476E-04
  2.0395E-05  1.8673E-04  3.7700E-05 -2.1692E-04
  2.0600E-05  1.8861E-04  3.8079E-05 -2.1911E-04
  2.0807E-05  1.9050E-04  3.8462E-05 -2.2131E-04
  2.1016E-05  1.9242E-04  3.8847E-05 -2.2353E-04
  2.1226E-05  1.9434E-04  3.9237E-05 -2.2576E-04
  2.1439E-05  1.9629E-04  3.9629E-05 -2.2802E-04
  2.1653E-05  1.9825E-04  4.0025E-05 -2.3030E-04
  2.1869E-05  2.0022E-04  4.0424E-05 -2.3260E-04
  2.2087E-05  2.0222E-04  4.0827E-05 -2.3492E-04
  2.2307E-05  2.0423E-04  4.1233E-05 -2.3725E-04
  2.2528E-05  2.0626E-04  4.1643E-05 -2.3961E-04
  2.2752E-05  2.0831E-04  4.2056E-05 -2.4199E-04
  2.2977E-05  2.1037E-04  4.2473E-05 -2.4439E-04
  2.3205E-05  2.1246E-04  4.2894E-05 -2.4681E-04
  2.3434E-05  2.1456E-04  4.3318E-05 -2.4925E-04
  2.3666E-05  2.1667E-04  4.3746E-05 -2.5171E-04
  2.3899E-05  2.1881E-04  4.4177E-05 -2.5419E-04
  2.4135E-05  2.2097E-04  4.4612E-05 -2.5670E-04
  2.4372E-05  2.2314E-04  4.5051E-05 -2.5922E-04
  2.4612E-05  2.2533E-04  4.5494E-05 -2.6177E-04
  2.4853E-05  2.2755E-04  4.5941E-05 -2.6434E-04
  2.5097E-05  2.2978E-04  4.6391E-05 -2.6693E-04
  2.5343E-05  2.3203E-04  4.6845E-05 -2.6954E-04
  2.5591E-05  2.3430E-04  4.7304E-05 -2.7218E-04
  2.5841E-05  2.3659E-04  4.7766E-05 -2.7484E-04
  2.6093E-05  2.3889E-04  4.8232E-05 -2.7752E-04
  2.6347E-05  2.4122E-04  4.8702E-05 -2.8023E-04
  2.6604E-05  2.4357E-04  4.9177E-05 -2.8296E-04
  2.6863E-05  2.4594E-04  4.9655E-05 -2.8571E-04
  2.7124E-05  2.4833E-04  5.0138E-05 -2.8849E-04
  2.7387E-05  2.5074E-04  5.0624E-05 -2.9129E-04
  2.7653E-05  2.5317E-04  5.1115E-05 -2.9411E-04
  2.7921E-05  2.5563E-04  5.1611E-05 -2.9696E-04
  2.8191E-05  2.5810E-04  5.2110E-05 -2.9984E-04
  2.8463E-05  2.6060E-04  5.2614E-05 -3.0274E-04
  2.8738E-05  2.6311E-04  5.3122E-05 -3.0566E-04
  2.9016E-05  2.6565E-04  5.3634E-05 -3.0861E-04
  2.9295E-05  2.6821E-04  5.4151E-05 -3.1158E-04
  2.9577E-05  2.7079E-04  5.4673E-05 -3.1458E-04
  2.9862E-05  2.7340E-04  5.5199E-05 -3.1761E-04
  3.0149E-05  2.7603E-04  5.5729E-05 -3.2066E-04
  3.0438E-05  2.7868E-04  5.6264E-05 -3.2374E-04
  3.0730E-05  2.8135E-04  5.6804E-05 -3.2685E-04
  3.1025E-05  2.8404E-04  5.7348E-05 -3.2998E-04
  3.1322E-05  2.8676E-04  5.7898E-05 -3.3314E-04
  3.1621E-05  2.8951E-04  5.8451E-05 -3.3633E-04
  3.1924E-05  2.9227E-04  5.9010E-05 -3.3954E-04
  3.2228E-05  2.9506E-04  5.9573E-05 -3.4278E-04
  3.2536E-05  2.9788E-04  6.0142E-05 -3.4605E-04
  3.2846E-05  3.0072E-04  6.0715E-05 -3.4935E-04
  3.3159E-05  3.0358E-04  6.1293E-05 -3.5268E-04
  3.3474E-05  3.0647E-04  6.1876E-05 -3.5603E-04
  3.3792E-05  3.0938E-04  6.2465E-05 -3.5942E-04
  3.4113E-05  3.1232E-04  6.3058E-05 -3.6283E-04
  3.4437E-05  3.1528E-04  6.3656E-05 -3.6627E-04
  3.4764E-05  3.1827E-04  6.4260E-05 -3.6975E-04
  3.5093E-05  3.2129E-04  6.4869E-05 -3.7325E-04
  3.5425E-05  3.2433E-04  6.5483E-05 -3.7678E-04
  3.5760E-05  3.2740E-04  6.6102E-05 -3.8035E-04
  3.6098E-05  3.3049E-04  6.6727E-05 -3.8394E-04
  3.6439E-05  3.3361E-04  6.7357E-05 -3.8757E-04
  3.6783E-05  3.3676E-04  6.7993E-05 -3.9123E-04
  3.7130E-05  3.3993E-04  6.8634E-05 -3.9491E-04
  3.7480E-05  3.4314E-04  6.9280E-05 -3.9864E-04
  3.7833E-05  3.4637E-04  6.9933E-05 -4.0239E-04
  3.8189E-05  3.4962E-04  7.0591E-05 -4.0617E-04
  3.8548E-05  3.5291E-04  7.1254E-05 -4.0999E-04
  3.8910E-05  3.5622E-04  7.1923E-05 -4.1384E-04
  3.9275E-05  3.5957E-04  7.2599E-05 -4.1773E-04
  3.9643E-05  3.6294E-04  7.3279E-05 -4.2165E-04
  4.0015E-05  3.6634E-04  7.3966E-05 -4.2560E-04
  4.0390E-05  3.6977E-04  7.4659E-05 -4.2958E-04
  4.0768E-05  3.7323E-04  7.5358E-05 -4.3360E-04
  4.1149E-05  3.7672E-04  7.6063E-05 -4.3766E-04
  4.1533E-05  3.8024E-04  7.6773E-05 -4.4175E-04
  4.1921E-05  3.8379E-04  7.7490E-05 -4.4587E-04
  4.2313E-05  3.8738E-04  7.8214E-05 -4.5004E-04
  4.2707E-05  3.9099E-04  7.8943E-05 -4.5423E-04
  4.3105E-05  3.9463E-04  7.9679E-05 -4.5847E-04
  4.3507E-05  3.9831E-04  8.0421E-05 -4.6274E-04
  4.3912E-05  4.0201E-04  8.1170E-05 -4.6704E-04
  4.4320E-05  4.0575E-04  8.1925E-05 -4.7139E-04
  4.4732E-05  4.0952E-04  8.2686E-05 -4.7577E-04
  4.5148E-05  4.1333E-04  8.3454E-05 -4.8019E-04
  4.5567E-05  4.1716E-04  8.4229E-05 -4.8465E-04
  4.5990E-05  4.2103E-04  8.5010E-05 -4.8914E-04
  4.6416E-05  4.2494E-04  8.5799E-05 -4.9368E-04
  4.6846E-05  4.2887E-04  8.6594E-05 -4.9825E-04
  4.7280E-05  4.3285E-04  8.7396E-05 -5.0287E-04
  4.7717E-05  4.3685E-04  8.8205E-05 -5.0752E-04
  4.8159E-05  4.4089E-04  8.9020E-05 -5.1222E-04
  4.8604E-05  4.4497E-04  8.9843E-05 -5.1695E-04
  4.9053E-05  4.4908E-04  9.0673E-05 -5.2173E-04
  4.9506E-05  4.5322E-04  9.1510E-05 -5.2655E-04
  4.9963E-05  4.5740E-04  9.2355E-05 -5.3140E-04
  5.0424E-05  4.6162E-04  9.3207E-05 -5.3630E-04
  5.0888E-05  4.6588E-04  9.4066E-05 -5.4125E-04
  5.1357E-05  4.7017E-04  9.4932E-05 -5.4623E-04
  5.1830E-05  4.7449E-04  9.5806E-05 -5.5126E-04
  5.2307E-05  4.7886E-04  9.6688E-05 -5.5634E-04
  5.2788E-05  4.8326E-04  9.7577E-05 -5.6145E-04
  5.3273E-05  4.8770E-04  9.8474E-05 -5.6661E-04
  5.3762E-05  4.9218E-04  9.9378E-05 -5.7182E-04
  5.4256E-05  4.9670E-04  1.0029E-04 -5.7707E-04
  5.4754E-05  5.0126E-04  1.0121E-04 -5.8236E-04
  5.5256E-05  5.0586E-04  1.0214E-04 -5.8770E-04
  5.5763E-05  5.1049E-04  1.0308E-04 -5.9309E-04
  5.6274E-05  5.1517E-04  1.0402E-04 -5.9853E-04
  5.6789E-05  5.1989E-04  1.0497E-04 -6.0401E-04
  5.7309E-05  5.2464E-04  1.0593E-04 -6.0954E-04
  5.7833E-05  5.2944E-04  1.0690E-04 -6.1511E-04
  5.8362E-05  5.3428E-04  1.0788E-04 -6.2074E-04
  5.8895E-05  5.3916E-04  1.0887E-04 -6.2641E-04
  5.9433E-05  5.4409E-04  1.0986E-04 -6.3213E-04
  5.9976E-05  5.4906E-04  1.1086E-04 -6.3790E-04
  6.0523E-05  5.5407E-04  1.1188E-04 -6.4372E-04
  6.1075E-05  5.5912E-04  1.1290E-04 -6.4960E-04
  6.1632E-05  5.6421E-04  1.1393E-04 -6.5552E-04
  6.2194E-05  5.6936E-04  1.1496E-04 -6.6149E-04
  6.2760E-05  5.7454E-04  1.1601E-04 -6.6752E-04
  6.3332E-05  5.7977E-04  1.1707E-04 -6.7360E-04
  6.3908E-05  5.8505E-04  1.1813E-04 -6.7973E-04
  6.4489E-05  5.9037E-04  1.1921E-04 -6.8591E-04
  6.5076E-05  5.9573E-04  1.2029E-04 -6.9215E-04
  6.5667E-05  6.0115E-04  1.2138E-04 -6.9844E-04
  6.6264E-05  6.0661E-04  1.2249E-04 -7.0478E-04
  6.6865E-05  6.1211E-04  1.2360E-04 -7.1118E-04
  6.7472E-05  6.1767E-04  1.2472E-04 -7.1764E-04
  6.8084E-05  6.2327E-04  1.2585E-04 -7.2415E-04
  6.8702E-05  6.2892E-04  1.2699E-04 -7.3071E-04
  6.9325E-05  6.3462E-04  1.2814E-04 -7.3734E-04
  6.9953E-05  6.4037E-04  1.2931E-04 -7.4402E-04
  7.0586E-05  6.4617E-04  1.3048E-04 -7.5076E-04
  7.1226E-05  6.5202E-04  1.3166E-04 -7.5755E-04
  7.1870E-05  6.5792E-04  1.3285E-04 -7.6441E-04
  7.2520E-05  6.6387E-04  1.3405E-04 -7.7133E-04
  7.3176E-05  6.6987E-04  1.3526E-04 -7.7830E-04
  7.3838E-05  6.7593E-04  1.3649E-04 -7.8534E-04
  7.4505E-05  6.8203E-04  1.3772E-04 -7.9243E-04
  7.5178E-05  6.8819E-04  1.3896E-04 -7.9959E-04
  7.5856E-05  6.9440E-04  1.4022E-04 -8.0681E-04
  7.6541E-05  7.0067E-04  1.4148E-04 -8.1409E-04
  7.7232E-05  7.0699E-04  1.4276E-04 -8.2144E-04
  7.7928E-05  7.1336E-04  1.4405E-04 -8.2884E-04
  7.8631E-05  7.1979E-04  1.4535E-04 -8.3632E-04
  7.9339E-05  7.2628E-04  1.4666E-04 -8.4385E-04
  8.0054E-05  7.3282E-04  1.4798E-04 -8.5146E-04
  8.0775E-05  7.3942E-04  1.4931E-04 -8.5912E-04
  8.1502E-05  7.4607E-04  1.5065E-04 -8.6686E-04
  8.2236E-05  7.5278E-04  1.5201E-04 -8.7466E-04
  8.2975E-05  7.5956E-04  1.5338E-04 -8.8253E-04
  8.3722E-05  7.6638E-04  1.5476E-04 -8.9046E-04
  8.4474E-05  7.7327E-04  1.5615E-04 -8.9847E-04
  8.5233E-05  7.8022E-04  1.5755E-04 -9.0654E-04
  8.5999E-05  7.8723E-04  1.5897E-04 -9.1469E-04
  8.6771E-05  7.9429E-04  1.6039E-04 -9.2290E-04
  8.7550E-05  8.0142E-04  1.6183E-04 -9.3119E-04
  8.8336E-05  8.0861E-04  1.6329E-04 -9.3954E-04
  8.9129E-05  8.1587E-04  1.6475E-04 -9.4797E-04
  8.9928E-05  8.2318E-04  1.6623E-04 -9.5647E-04
  9.0734E-05  8.3056E-04  1.6772E-04 -9.6505E-04
  9.1548E-05  8.3800E-04  1.6922E-04 -9.7370E-04
  9.2368E-05  8.4551E-04  1.7074E-04 -9.8243E-04
  9.3195E-05  8.5308E-04  1.7227E-04 -9.9123E-04
  9.4030E-05  8.6072E-04  1.7381E-04 -1.0001E-03
  9.4872E-05  8.6842E-04  1.7537E-04 -1.0091E-03
  9.5721E-05  8.7619E-04  1.7694E-04 -1.0181E-03
  9.6577E-05  8.8403E-04  1.7852E-04 -1.0272E-03
  9.7441E-05  8.9193E-04  1.8012E-04 -1.0364E-03
  9.8312E-05  8.9990E-04  1.8173E-04 -1.0456E-03
  9.9191E-05  9.0795E-04  1.8335E-04 -1.0550E-03
  1.0008E-04  9.1606E-04  1.8499E-04 -1.0644E-03
  1.0097E-04  9.2424E-04  1.8664E-04 -1.0739E-03
  1.0187E-04  9.3249E-04  1.8831E-04 -1.0835E-03
  1.0278E-04  9.4081E-04  1.8999E-04 -1.0932E-03
  1.0370E-04  9.4921E-04  1.9169E-04 -1.1030E-03
  1.0463E-04  9.5768E-04  1.9340E-04 -1.1128E-03
  1.0556E-04  9.6622E-04  1.9512E-04 -1.1227E-03
  1.0650E-04  9.7483E-04  1.9686E-04 -1.1327E-03
  1.0745E-04  9.8352E-04  1.9862E-04 -1.1428E-03
  1.0841E-04  9.9228E-04  2.0039E-04 -1.1530E-03
  1.0937E-04  1.0011E-03  2.0217E-04 -1.1633E-03
  1.1035E-04  1.0100E-03  2.0398E-04 -1.1737E-03
  1.1133E-04  1.0190E-03  2.0579E-04 -1.1841E-03
  1.1232E-04  1.0281E-03  2.0762E-04 -1.1947E-03
  1.1332E-04  1.0373E-03  2.0947E-04 -1.2053E-03
  1.1433E-04  1.0465E-03  2.1134E-04 -1.2160E-03
  1.1535E-04  1.0558E-03  2.1322E-04 -1.2268E-03
  1.1637E-04  1.0652E-03  2.1511E-04 -1.2378E-03
  1.1741E-04  1.0746E-03  2.1703E-04 -1.2488E-03
  1.1845E-04  1.0842E-03  2.1896E-04 -1.2599E-03
  1.1951E-04  1.0938E-03  2.2090E-04 -1.2711E-03
  1.2057E-04  1.1035E-03  2.2287E-04 -1.2824E-03
  1.2164E-04  1.1133E-03  2.2485E-04 -1.2937E-03
  1.2272E-04  1.1232E-03  2.2684E-04 -1.3052E-03
  1.2381E-04  1.1332E-03  2.2886E-04 -1.3168E-03
  1.2491E-04  1.1433E-03  2.3089E-04 -1.3285E-03
  1.2602E-04  1.1534E-03  2.3294E-04 -1.3403E-03
  1.2714E-04  1.1636E-03  2.3501E-04 -1.3522E-03
  1.2826E-04  1.1740E-03  2.3709E-04 -1.3642E-03
  1.2940E-04  1.1844E-03  2.3919E-04 -1.3763E-03
  1.3055E-04  1.1949E-03  2.4132E-04 -1.3885E-03
  1.3171E-04  1.2055E-03  2.4345E-04 -1.4008E-03
  1.3287E-04  1.2161E-03  2.4561E-04 -1.4132E-03
  1.3405E-04  1.2269E-03  2.4779E-04 -1.4258E-03
  1.3524E-04  1.2378E-03  2.4999E-04 -1.4384E-03
  1.3644E-04  1.2487E-03  2.5220E-04 -1.4511E-03
  1.3765E-04  1.2598E-03  2.5443E-04 -1.4640E-03
  1.3886E-04  1.2709E-03  2.5669E-04 -1.4770E-03
  1.4009E-04  1.2822E-03  2.5896E-04 -1.4900E-03
  1.4133E-04  1.2935E-03  2.6125E-04 -1.5032E-03
  1.4258E-04  1.3050E-03  2.6356E-04 -1.5165E-03
  1.4385E-04  1.3165E-03  2.6589E-04 -1.5299E-03
  1.4512E-04  1.3282E-03  2.6825E-04 -1.5435E-03
  1.4640E-04  1.3399E-03  2.7062E-04 -1.5571E-03
  1.4770E-04  1.3517E-03  2.7301E-04 -1.5709E-03
  1.4900E-04  1.3637E-03  2.7543E-04 -1.5848E-03
  1.5032E-04  1.3757E-03  2.7786E-04 -1.5988E-03
  1.5165E-04  1.3879E-03  2.8032E-04 -1.6129E-03
  1.5299E-04  1.4001E-03  2.8279E-04 -1.6272E-03
  1.5434E-04  1.4125E-03  2.8529E-04 -1.6415E-03
  1.5570E-04  1.4250E-03  2.8781E-04 -1.6560E-03
  1.5708E-04  1.4376E-03  2.9035E-04 -1.6707E-03
  1.5846E-04  1.4502E-03  2.9292E-04 -1.6854E-03
  1.5986E-04  1.4630E-03  2.9550E-04 -1.7003E-03
  1.6127E-04  1.4759E-03  2.9811E-04 -1.7153E-03
  1.6270E-04  1.4890E-03  3.0074E-04 -1.7304E-03
  1.6413E-04  1.5021E-03  3.0339E-04 -1.7457E-03
  1.6558E-04  1.5153E-03  3.0607E-04 -1.7611E-03
  1.6704E-04  1.5287E-03  3.0877E-04 -1.7766E-03
  1.6851E-04  1.5422E-03  3.1149E-04 -1.7923E-03
  1.7000E-04  1.5558E-03  3.1424E-04 -1.8081E-03
  1.7150E-04  1.5695E-03  3.1701E-04 -1.8240E-03
  1.7301E-04  1.5833E-03  3.1980E-04 -1.8401E-03
  1.7453E-04  1.5972E-03  3.2262E-04 -1.8563E-03
  1.7607E-04  1.6113E-03  3.2546E-04 -1.8727E-03
  1.7762E-04  1.6255E-03  3.2833E-04 -1.8892E-03
  1.7919E-04  1.6398E-03  3.3122E-04 -1.9058E-03
  1.8076E-04  1.6542E-03  3.3414E-04 -1.9226E-03
  1.8236E-04  1.6688E-03  3.3708E-04 -1.9395E-03
  1.8396E-04  1.6835E-03  3.4005E-04 -1.9566E-03
  1.8558E-04  1.6983E-03  3.4304E-04 -1.9738E-03
  1.8721E-04  1.7132E-03  3.4606E-04 -1.9912E-03
  1.8886E-04  1.7283E-03  3.4911E-04 -2.0087E-03
  1.9052E-04  1.7435E-03  3.5218E-04 -2.0264E-03
  1.9220E-04  1.7588E-03  3.5527E-04 -2.0442E-03
  1.9389E-04  1.7743E-03  3.5840E-04 -2.0622E-03
  1.9559E-04  1.7899E-03  3.6155E-04 -2.0803E-03
  1.9731E-04  1.8056E-03  3.6473E-04 -2.0986E-03
  1.9905E-04  1.8215E-03  3.6794E-04 -2.1171E-03
  2.0080E-04  1.8375E-03  3.7117E-04 -2.1357E-03
  2.0256E-04  1.8536E-03  3.7443E-04 -2.1545E-03
  2.0434E-04  1.8699E-03  3.7772E-04 -2.1734E-03
  2.0614E-04  1.8863E-03  3.8104E-04 -2.1925E-03
  2.0795E-04  1.9029E-03  3.8439E-04 -2.2118E-03
  2.0978E-04  1.9196E-03  3.8777E-04 -2.2312E-03
  2.1162E-04  1.9364E-03  3.9117E-04 -2.2508E-03
  2.1348E-04  1.9534E-03  3.9461E-04 -2.2705E-03
  2.1535E-04  1.9705E-03  3.9807E-04 -2.2905E-03
  2.1724E-04  1.9878E-03  4.0157E-04 -2.3106E-03
  2.1915E-04  2.0053E-03  4.0509E-04 -2.3309E-03
  2.2107E-04  2.0229E-03  4.0865E-04 -2.3513E-03
  2.2301E-04  2.0406E-03  4.1223E-04 -2.3720E-03
  2.2497E-04  2.0585E-03  4.1585E-04 -2.3928E-03
  2.2694E-04  2.0765E-03  4.1950E-04 -2.4138E-03
  2.2893E-04  2.0947E-03  4.2318E-04 -2.4349E-03
  2.3094E-04  2.1131E-03  4.2689E-04 -2.4563E-03
  2.3297E-04  2.1316E-03  4.3064E-04 -2.4778E-03
  2.3501E-04  2.1503E-03  4.3441E-04 -2.4996E-03
  2.3707E-04  2.1691E-03  4.3822E-04 -2.5215E-03
  2.3915E-04  2.1881E-03  4.4206E-04 -2.5436E-03
  2.4125E-04  2.2073E-03  4.4594E-04 -2.5659E-03
  2.4336E-04  2.2266E-03  4.4985E-04 -2.5884E-03
  2.4549E-04  2.2461E-03  4.5379E-04 -2.6111E-03
  2.4764E-04  2.2658E-03  4.5777E-04 -2.6340E-03
  2.4981E-04  2.2857E-03  4.6178E-04 -2.6570E-03
  2.5200E-04  2.3057E-03  4.6582E-04 -2.6803E-03
  2.5421E-04  2.3258E-03  4.6990E-04 -2.7038E-03
  2.5644E-04  2.3462E-03  4.7402E-04 -2.7275E-03
  2.5868E-04  2.3667E-03  4.7817E-04 -2.7514E-03
  2.6095E-04  2.3874E-03  4.8236E-04 -2.7755E-03
  2.6323E-04  2.4083E-03  4.8658E-04 -2.7998E-03
  2.6554E-04  2.4294E-03  4.9084E-04 -2.8243E-03
  2.6786E-04  2.4507E-03  4.9514E-04 -2.8490E-03
  2.7021E-04  2.4721E-03  4.9947E-04 -2.8739E-03
  2.7257E-04  2.4937E-03  5.0384E-04 -2.8991E-03
  2.7496E-04  2.5155E-03  5.0825E-04 -2.9244E-03
  2.7736E-04  2.5375E-03  5.1270E-04 -2.9500E-03
  2.7979E-04  2.5597E-03  5.1719E-04 -2.9758E-03
  2.8224E-04  2.5821E-03  5.2171E-04 -3.0019E-03
  2.8471E-04  2.6046E-03  5.2627E-04 -3.0281E-03
  2.8720E-04  2.6274E-03  5.3088E-04 -3.0546E-03
  2.8971E-04  2.6503E-03  5.3552E-04 -3.0813E-03
  2.9224E-04  2.6735E-03  5.4020E-04 -3.1083E-03
  2.9480E-04  2.6969E-03  5.4493E-04 -3.1355E-03
  2.9738E-04  2.7204E-03  5.4969E-04 -3.1629E-03
  2.9998E-04  2.7442E-03  5.5450E-04 -3.1905E-03
  3.0260E-04  2.7681E-03  5.5934E-04 -3.2184E-03
  3.0524E-04  2.7923E-03  5.6423E-04 -3.2466E-03
  3.0791E-04  2.8167E-03  5.6916E-04 -3.2749E-03
  3.1060E-04  2.8413E-03  5.7414E-04 -3.3036E-03
  3.1332E-04  2.8661E-03  5.7916E-04 -3.3324E-03
  3.1605E-04  2.8911E-03  5.8422E-04 -3.3615E-03
  3.1881E-04  2.9164E-03  5.8932E-04 -3.3909E-03
  3.2160E-04  2.9418E-03  5.9447E-04 -3.4205E-03
  3.2441E-04  2.9675E-03  5.9966E-04 -3.4504E-03
  3.2724E-04  2.9934E-03  6.0490E-04 -3.4805E-03
  3.3010E-04  3.0195E-03  6.1018E-04 -3.5109E-03
  3.3298E-04  3.0458E-03  6.1551E-04 -3.5416E-03
  3.3589E-04  3.0724E-03  6.2088E-04 -3.5725E-03
  3.3882E-04  3.0992E-03  6.2631E-04 -3.6037E-03
  3.4178E-04  3.1262E-03  6.3177E-04 -3.6352E-03
  3.4476E-04  3.1535E-03  6.3729E-04 -3.6669E-03
  3.4777E-04  3.1810E-03  6.4285E-04 -3.6989E-03
  3.5081E-04  3.2087E-03  6.4846E-04 -3.7312E-03
  3.5387E-04  3.2367E-03  6.5412E-04 -3.7638E-03
  3.5696E-04  3.2649E-03  6.5983E-04 -3.7966E-03
  3.6007E-04  3.2934E-03  6.6559E-04 -3.8298E-03
  3.6322E-04  3.3221E-03  6.7140E-04 -3.8632E-03
  3.6639E-04  3.3510E-03  6.7725E-04 -3.8969E-03
  3.6958E-04  3.3802E-03  6.8316E-04 -3.9309E-03
  3.7281E-04  3.4097E-03  6.8912E-04 -3.9652E-03
  3.7606E-04  3.4394E-03  6.9513E-04 -3.9998E-03
  3.7934E-04  3.4694E-03  7.0120E-04 -4.0346E-03
  3.8265E-04  3.4996E-03  7.0731E-04 -4.0698E-03
  3.8598E-04  3.5301E-03  7.1348E-04 -4.1053E-03
  3.8935E-04  3.5608E-03  7.1970E-04 -4.1411E-03
  3.9274E-04  3.5918E-03  7.2598E-04 -4.1772E-03
  3.9617E-04  3.6231E-03  7.3231E-04 -4.2136E-03
  3.9962E-04  3.6547E-03  7.3869E-04 -4.2504E-03
  4.0311E-04  3.6865E-03  7.4513E-04 -4.2874E-03
  4.0662E-04  3.7186E-03  7.5163E-04 -4.3248E-03
  4.1016E-04  3.7510E-03  7.5818E-04 -4.3625E-03
  4.1374E-04  3.7836E-03  7.6479E-04 -4.4005E-03
  4.1734E-04  3.8165E-03  7.7145E-04 -4.4389E-03
  4.2098E-04  3.8498E-03  7.7817E-04 -4.4776E-03
  4.2465E-04  3.8833E-03  7.8495E-04 -4.5166E-03
  4.2835E-04  3.9170E-03  7.9179E-04 -4.5559E-03
  4.3208E-04  3.9511E-03  7.9869E-04 -4.5956E-03
  4.3585E-04  3.9855E-03  8.0565E-04 -4.6357E-03
  4.3964E-04  4.0202E-03  8.1267E-04 -4.6761E-03
  4.4347E-04  4.0552E-03  8.1975E-04 -4.7168E-03
  4.4734E-04  4.0904E-03  8.2689E-04 -4.7579E-03
  4.5123E-04  4.1260E-03  8.3409E-04 -4.7993E-03
  4.5516E-04  4.1619E-03  8.4136E-04 -4.8411E-03
  4.5913E-04  4.1981E-03  8.4868E-04 -4.8833E-03
  4.6312E-04  4.2346E-03  8.5607E-04 -4.9258E-03
  4.6716E-04  4.2714E-03  8.6353E-04 -4.9687E-03
  4.7123E-04  4.3086E-03  8.7105E-04 -5.0120E-03
  4.7533E-04  4.3460E-03  8.7863E-04 -5.0556E-03
  4.7947E-04  4.3838E-03  8.8628E-04 -5.0996E-03
  4.8364E-04  4.4219E-03  8.9400E-04 -5.1440E-03
  4.8785E-04  4.4604E-03  9.0178E-04 -5.1888E-03
  4.9210E-04  4.4991E-03  9.0963E-04 -5.2339E-03
  4.9638E-04  4.5382E-03  9.1755E-04 -5.2795E-03
  5.0070E-04  4.5777E-03  9.2553E-04 -5.3254E-03
  5.0506E-04  4.6174E-03  9.3359E-04 -5.3718E-03
  5.0945E-04  4.6576E-03  9.4171E-04 -5.4185E-03
  5.1389E-04  4.6980E-03  9.4991E-04 -5.4657E-03
  5.1836E-04  4.7388E-03  9.5817E-04 -5.5133E-03
  5.2287E-04  4.7800E-03  9.6651E-04 -5.5612E-03
  5.2742E-04  4.8215E-03  9.7492E-04 -5.6096E-03
  5.3201E-04  4.8634E-03  9.8340E-04 -5.6584E-03
  5.3663E-04  4.9057E-03  9.9196E-04 -5.7076E-03
  5.4130E-04  4.9483E-03  1.0006E-03 -5.7573E-03
  5.4601E-04  4.9912E-03  1.0093E-03 -5.8074E-03
  5.5076E-04  5.0346E-03  1.0181E-03 -5.8579E-03
  5.5555E-04  5.0783E-03  1.0269E-03 -5.9088E-03
  5.6038E-04  5.1224E-03  1.0359E-03 -5.9602E-03
  5.6526E-04  5.1669E-03  1.0449E-03 -6.0121E-03
  5.7017E-04  5.2117E-03  1.0539E-03 -6.0644E-03
  5.7513E-04  5.2570E-03  1.0631E-03 -6.1171E-03
  5.8013E-04  5.3026E-03  1.0724E-03 -6.1703E-03
  5.8518E-04  5.3486E-03  1.0817E-03 -6.2239E-03
  5.9026E-04  5.3951E-03  1.0911E-03 -6.2781E-03
  5.9540E-04  5.4419E-03  1.1006E-03 -6.3326E-03
  6.0057E-04  5.4891E-03  1.1101E-03 -6.3877E-03
  6.0579E-04  5.5367E-03  1.1198E-03 -6.4432E-03
  6.1106E-04  5.5848E-03  1.1295E-03 -6.4992E-03
  6.1637E-04  5.6332E-03  1.1393E-03 -6.5557E-03
  6.2173E-04  5.6821E-03  1.1493E-03 -6.6127E-03
  6.2713E-04  5.7314E-03  1.1592E-03 -6.6702E-03
  6.3258E-04  5.7811E-03  1.1693E-03 -6.7282E-03
  6.3808E-04  5.8313E-03  1.1795E-03 -6.7866E-03
  6.4363E-04  5.8819E-03  1.1897E-03 -6.8456E-03
  6.4922E-04  5.9329E-03  1.2001E-03 -6.9051E-03
  6.5486E-04  5.9843E-03  1.2105E-03 -6.9651E-03
  6.6055E-04  6.0362E-03  1.2210E-03 -7.0256E-03
  6.6629E-04  6.0886E-03  1.2316E-03 -7.0867E-03
  6.7208E-04  6.1414E-03  1.2423E-03 -7.1483E-03
  6.7792E-04  6.1946E-03  1.2531E-03 -7.2104E-03
  6.8381E-04  6.2483E-03  1.2640E-03 -7.2730E-03
  6.8975E-04  6.3025E-03  1.2750E-03 -7.3362E-03
  6.9574E-04  6.3571E-03  1.2861E-03 -7.3999E-03
  7.0179E-04  6.4122E-03  1.2972E-03 -7.4642E-03
  7.0788E-04  6.4678E-03  1.3085E-03 -7.5290E-03
  7.1403E-04  6.5239E-03  1.3199E-03 -7.5944E-03
  7.2023E-04  6.5804E-03  1.3313E-03 -7.6604E-03
  7.2649E-04  6.6374E-03  1.3429E-03 -7.7269E-03
  7.3280E-04  6.6950E-03  1.3546E-03 -7.7941E-03
  7.3916E-04  6.7530E-03  1.3663E-03 -7.8617E-03
  7.4558E-04  6.8115E-03  1.3782E-03 -7.9300E-03
  7.5206E-04  6.8705E-03  1.3902E-03 -7.9989E-03
  7.5859E-04  6.9300E-03  1.4022E-03 -8.0683E-03
  7.6518E-04  6.9901E-03  1.4144E-03 -8.1384E-03
  7.7182E-04  7.0506E-03  1.4267E-03 -8.2091E-03
  7.7852E-04  7.1117E-03  1.4391E-03 -8.2804E-03
  7.8528E-04  7.1733E-03  1.4516E-03 -8.3522E-03
  7.9210E-04  7.2355E-03  1.4642E-03 -8.4248E-03
  7.9898E-04  7.2981E-03  1.4769E-03 -8.4979E-03
  8.0591E-04  7.3613E-03  1.4897E-03 -8.5717E-03
  8.1291E-04  7.4251E-03  1.5026E-03 -8.6461E-03
  8.1997E-04  7.4894E-03  1.5157E-03 -8.7211E-03
  8.2708E-04  7.5542E-03  1.5288E-03 -8.7969E-03
  8.3426E-04  7.6196E-03  1.5421E-03 -8.8732E-03
  8.4150E-04  7.6856E-03  1.5555E-03 -8.9502E-03
  8.4881E-04  7.7521E-03  1.5690E-03 -9.0279E-03
  8.5618E-04  7.8193E-03  1.5826E-03 -9.1063E-03
  8.6361E-04  7.8869E-03  1.5964E-03 -9.1853E-03
  8.7110E-04  7.9552E-03  1.6102E-03 -9.2650E-03
  8.7866E-04  8.0241E-03  1.6242E-03 -9.3454E-03
  8.8629E-04  8.0935E-03  1.6383E-03 -9.4265E-03
  8.9398E-04  8.1636E-03  1.6525E-03 -9.5083E-03
  9.0174E-04  8.2342E-03  1.6668E-03 -9.5909E-03
  9.0956E-04  8.3055E-03  1.6813E-03 -9.6741E-03
  9.1745E-04  8.3774E-03  1.6959E-03 -9.7580E-03
  9.2541E-04  8.4498E-03  1.7106E-03 -9.8427E-03
  9.3344E-04  8.5229E-03  1.7254E-03 -9.9281E-03
  9.4154E-04  8.5967E-03  1.7404E-03 -1.0014E-02
  9.4971E-04  8.6711E-03  1.7555E-03 -1.0101E-02
  9.5795E-04  8.7461E-03  1.7707E-03 -1.0189E-02
  9.6626E-04  8.8217E-03  1.7861E-03 -1.0277E-02
  9.7464E-04  8.8980E-03  1.8016E-03 -1.0366E-02
  9.8310E-04  8.9750E-03  1.8172E-03 -1.0456E-02
  9.9163E-04  9.0526E-03  1.8330E-03 -1.0547E-02
  1.0002E-03  9.1309E-03  1.8489E-03 -1.0638E-02
  1.0089E-03  9.2099E-03  1.8649E-03 -1.0731E-02
  1.0177E-03  9.2895E-03  1.8811E-03 -1.0824E-02
  1.0265E-03  9.3699E-03  1.8974E-03 -1.0918E-02
  1.0354E-03  9.4509E-03  1.9139E-03 -1.1012E-02
  1.0444E-03  9.5326E-03  1.9305E-03 -1.1108E-02
  1.0534E-03  9.6150E-03  1.9472E-03 -1.1204E-02
  1.0626E-03  9.6981E-03  1.9641E-03 -1.1301E-02
  1.0718E-03  9.7820E-03  1.9812E-03 -1.1399E-02
  1.0811E-03  9.8665E-03  1.9983E-03 -1.1498E-02
  1.0904E-03  9.9518E-03  2.0157E-03 -1.1598E-02
  1.0999E-03  1.0038E-02  2.0331E-03 -1.1699E-02
  1.1094E-03  1.0125E-02  2.0508E-03 -1.1800E-02
  1.1191E-03  1.0212E-02  2.0686E-03 -1.1902E-02
  1.1288E-03  1.0300E-02  2.0865E-03 -1.2006E-02
  1.1386E-03  1.0389E-02  2.1046E-03 -1.2110E-02
  1.1484E-03  1.0479E-02  2.1228E-03 -1.2215E-02
  1.1584E-03  1.0570E-02  2.1412E-03 -1.2321E-02
  1.1684E-03  1.0661E-02  2.1598E-03 -1.2427E-02
  1.1786E-03  1.0753E-02  2.1785E-03 -1.2535E-02
  1.1888E-03  1.0846E-02  2.1974E-03 -1.2644E-02
  1.1991E-03  1.0940E-02  2.2165E-03 -1.2753E-02
  1.2095E-03  1.1034E-02  2.2357E-03 -1.2864E-02
  1.2200E-03  1.1129E-02  2.2551E-03 -1.2975E-02
  1.2305E-03  1.1226E-02  2.2746E-03 -1.3088E-02
  1.2412E-03  1.1323E-02  2.2943E-03 -1.3201E-02
  1.2520E-03  1.1420E-02  2.3142E-03 -1.3316E-02
  1.2628E-03  1.1519E-02  2.3343E-03 -1.3431E-02
  1.2738E-03  1.1618E-02  2.3545E-03 -1.3548E-02
  1.2848E-03  1.1719E-02  2.3749E-03 -1.3665E-02
  1.2959E-03  1.1820E-02  2.3955E-03 -1.3784E-02
  1.3072E-03  1.1922E-02  2.4163E-03 -1.3903E-02
  1.3185E-03  1.2025E-02  2.4372E-03 -1.4024E-02
  1.3299E-03  1.2129E-02  2.4583E-03 -1.4145E-02
  1.3415E-03  1.2233E-02  2.4797E-03 -1.4268E-02
  1.3531E-03  1.2339E-02  2.5011E-03 -1.4391E-02
  1.3648E-03  1.2446E-02  2.5228E-03 -1.4516E-02
  1.3766E-03  1.2553E-02  2.5447E-03 -1.4642E-02
  1.3886E-03  1.2661E-02  2.5667E-03 -1.4769E-02
  1.4006E-03  1.2771E-02  2.5890E-03 -1.4897E-02
  1.4127E-03  1.2881E-02  2.6114E-03 -1.5026E-02
  1.4250E-03  1.2992E-02  2.6340E-03 -1.5156E-02
  1.4373E-03  1.3104E-02  2.6569E-03 -1.5287E-02
  1.4498E-03  1.3217E-02  2.6799E-03 -1.5420E-02
  1.4624E-03  1.3331E-02  2.7031E-03 -1.5554E-02
  1.4750E-03  1.3446E-02  2.7265E-03 -1.5688E-02
  1.4878E-03  1.3562E-02  2.7502E-03 -1.5824E-02
  1.5007E-03  1.3679E-02  2.7740E-03 -1.5961E-02
  1.5137E-03  1.3797E-02  2.7980E-03 -1.6100E-02
  1.5268E-03  1.3916E-02  2.8223E-03 -1.6239E-02
  1.5400E-03  1.4036E-02  2.8467E-03 -1.6380E-02
  1.5534E-03  1.4157E-02  2.8714E-03 -1.6522E-02
  1.5668E-03  1.4279E-02  2.8963E-03 -1.6665E-02
  1.5804E-03  1.4402E-02  2.9214E-03 -1.6809E-02
  1.5941E-03  1.4526E-02  2.9467E-03 -1.6955E-02
  1.6079E-03  1.4652E-02  2.9722E-03 -1.7102E-02
  1.6219E-03  1.4778E-02  2.9980E-03 -1.7250E-02
  1.6359E-03  1.4905E-02  3.0239E-03 -1.7399E-02
  1.6501E-03  1.5034E-02  3.0501E-03 -1.7550E-02
  1.6644E-03  1.5164E-02  3.0765E-03 -1.7702E-02
  1.6788E-03  1.5294E-02  3.1032E-03 -1.7856E-02
  1.6933E-03  1.5426E-02  3.1301E-03 -1.8010E-02
  1.7080E-03  1.5559E-02  3.1572E-03 -1.8166E-02
  1.7228E-03  1.5693E-02  3.1845E-03 -1.8324E-02
  1.7377E-03  1.5828E-02  3.2121E-03 -1.8482E-02
  1.7528E-03  1.5965E-02  3.2399E-03 -1.8642E-02
  1.7680E-03  1.6102E-02  3.2680E-03 -1.8804E-02
  1.7833E-03  1.6241E-02  3.2963E-03 -1.8967E-02
  1.7987E-03  1.6381E-02  3.3249E-03 -1.9131E-02
  1.8143E-03  1.6522E-02  3.3537E-03 -1.9297E-02
  1.8300E-03  1.6664E-02  3.3827E-03 -1.9464E-02
  1.8459E-03  1.6808E-02  3.4120E-03 -1.9632E-02
  1.8618E-03  1.6953E-02  3.4416E-03 -1.9802E-02
  1.8780E-03  1.7099E-02  3.4714E-03 -1.9974E-02
  1.8942E-03  1.7246E-02  3.5014E-03 -2.0147E-02
  1.9106E-03  1.7394E-02  3.5318E-03 -2.0321E-02
  1.9272E-03  1.7544E-02  3.5623E-03 -2.0497E-02
  1.9439E-03  1.7695E-02  3.5932E-03 -2.0675E-02
  1.9607E-03  1.7848E-02  3.6243E-03 -2.0854E-02
  1.9777E-03  1.8001E-02  3.6557E-03 -2.1035E-02
  1.9948E-03  1.8156E-02  3.6874E-03 -2.1217E-02
  2.0121E-03  1.8312E-02  3.7193E-03 -2.1401E-02
  2.0295E-03  1.8470E-02  3.7515E-03 -2.1586E-02
  2.0471E-03  1.8629E-02  3.7840E-03 -2.1773E-02
  2.0648E-03  1.8789E-02  3.8168E-03 -2.1961E-02
  2.0827E-03  1.8951E-02  3.8498E-03 -2.2151E-02
  2.1007E-03  1.9114E-02  3.8831E-03 -2.2343E-02
  2.1189E-03  1.9279E-02  3.9168E-03 -2.2537E-02
  2.1373E-03  1.9444E-02  3.9507E-03 -2.2732E-02
  2.1558E-03  1.9612E-02  3.9849E-03 -2.2929E-02
  2.1745E-03  1.9780E-02  4.0194E-03 -2.3127E-02
  2.1933E-03  1.9951E-02  4.0542E-03 -2.3328E-02
  2.2123E-03  2.0122E-02  4.0893E-03 -2.3530E-02
  2.2314E-03  2.0295E-02  4.1247E-03 -2.3733E-02
  2.2507E-03  2.0470E-02  4.1604E-03 -2.3939E-02
  2.2702E-03  2.0646E-02  4.1964E-03 -2.4146E-02
  2.2899E-03  2.0823E-02  4.2328E-03 -2.4355E-02
  2.3097E-03  2.1002E-02  4.2694E-03 -2.4566E-02
  2.3297E-03  2.1183E-02  4.3064E-03 -2.4779E-02
  2.3499E-03  2.1365E-02  4.3437E-03 -2.4993E-02
  2.3702E-03  2.1549E-02  4.3813E-03 -2.5210E-02
  2.3907E-03  2.1734E-02  4.4192E-03 -2.5428E-02
  2.4114E-03  2.1921E-02  4.4575E-03 -2.5648E-02
  2.4323E-03  2.2109E-02  4.4961E-03 -2.5870E-02
  2.4534E-03  2.2299E-02  4.5350E-03 -2.6094E-02
  2.4746E-03  2.2491E-02  4.5742E-03 -2.6320E-02
  2.4960E-03  2.2684E-02  4.6138E-03 -2.6548E-02
  2.5177E-03  2.2879E-02  4.6538E-03 -2.6777E-02
  2.5394E-03  2.3075E-02  4.6941E-03 -2.7009E-02
  2.5614E-03  2.3274E-02  4.7347E-03 -2.7243E-02
  2.5836E-03  2.3474E-02  4.7757E-03 -2.7479E-02
  2.6060E-03  2.3675E-02  4.8170E-03 -2.7717E-02
  2.6285E-03  2.3878E-02  4.8587E-03 -2.7957E-02
  2.6513E-03  2.4084E-02  4.9008E-03 -2.8199E-02
  2.6742E-03  2.4290E-02  4.9432E-03 -2.8443E-02
  2.6974E-03  2.4499E-02  4.9860E-03 -2.8689E-02
  2.7207E-03  2.4709E-02  5.0292E-03 -2.8937E-02
  2.7443E-03  2.4921E-02  5.0727E-03 -2.9188E-02
  2.7680E-03  2.5135E-02  5.1166E-03 -2.9440E-02
  2.7920E-03  2.5351E-02  5.1609E-03 -2.9695E-02
  2.8162E-03  2.5569E-02  5.2056E-03 -2.9952E-02
  2.8405E-03  2.5788E-02  5.2506E-03 -3.0212E-02
  2.8651E-03  2.6009E-02  5.2961E-03 -3.0473E-02
  2.8899E-03  2.6233E-02  5.3419E-03 -3.0737E-02
  2.9149E-03  2.6458E-02  5.3881E-03 -3.1003E-02
  2.9402E-03  2.6685E-02  5.4348E-03 -3.1271E-02
  2.9656E-03  2.6914E-02  5.4818E-03 -3.1542E-02
  2.9913E-03  2.7144E-02  5.5293E-03 -3.1815E-02
  3.0172E-03  2.7377E-02  5.5771E-03 -3.2090E-02
  3.0433E-03  2.7612E-02  5.6254E-03 -3.2368E-02
  3.0696E-03  2.7849E-02  5.6741E-03 -3.2648E-02
  3.0962E-03  2.8088E-02  5.7232E-03 -3.2931E-02
  3.1230E-03  2.8328E-02  5.7727E-03 -3.3216E-02
  3.1500E-03  2.8571E-02  5.8227E-03 -3.3503E-02
  3.1773E-03  2.8816E-02  5.8731E-03 -3.3793E-02
  3.2048E-03  2.9063E-02  5.9239E-03 -3.4085E-02
  3.2325E-03  2.9312E-02  5.9752E-03 -3.4380E-02
  3.2605E-03  2.9563E-02  6.0269E-03 -3.4678E-02
  3.2887E-03  2.9817E-02  6.0790E-03 -3.4978E-02
  3.3172E-03  3.0072E-02  6.1316E-03 -3.5281E-02
  3.3459E-03  3.0330E-02  6.1847E-03 -3.5586E-02
  3.3748E-03  3.0590E-02  6.2382E-03 -3.5894E-02
  3.4040E-03  3.0852E-02  6.2922E-03 -3.6205E-02
  3.4335E-03  3.1116E-02  6.3467E-03 -3.6518E-02
  3.4632E-03  3.1382E-02  6.4016E-03 -3.6834E-02
  3.4932E-03  3.1651E-02  6.4570E-03 -3.7153E-02
  3.5234E-03  3.1922E-02  6.5129E-03 -3.7474E-02
  3.5539E-03  3.2195E-02  6.5692E-03 -3.7799E-02
  3.5847E-03  3.2471E-02  6.6261E-03 -3.8126E-02
  3.6157E-03  3.2749E-02  6.6834E-03 -3.8456E-02
  3.6470E-03  3.3029E-02  6.7412E-03 -3.8788E-02
  3.6785E-03  3.3312E-02  6.7996E-03 -3.9124E-02
  3.7104E-03  3.3597E-02  6.8584E-03 -3.9462E-02
  3.7425E-03  3.3884E-02  6.9177E-03 -3.9804E-02
  3.7748E-03  3.4174E-02  6.9776E-03 -4.0148E-02
  3.8075E-03  3.4467E-02  7.0380E-03 -4.0496E-02
  3.8405E-03  3.4762E-02  7.0989E-03 -4.0846E-02
  3.8737E-03  3.5059E-02  7.1603E-03 -4.1200E-02
  3.9072E-03  3.5359E-02  7.2223E-03 -4.1556E-02
  3.9410E-03  3.5661E-02  7.2848E-03 -4.1916E-02
  3.9751E-03  3.5966E-02  7.3478E-03 -4.2278E-02
  4.0095E-03  3.6273E-02  7.4114E-03 -4.2644E-02
  4.0442E-03  3.6583E-02  7.4755E-03 -4.3013E-02
  4.0792E-03  3.6896E-02  7.5402E-03 -4.3385E-02
  4.1145E-03  3.7211E-02  7.6054E-03 -4.3761E-02
  4.1501E-03  3.7529E-02  7.6712E-03 -4.4139E-02
  4.1860E-03  3.7850E-02  7.7376E-03 -4.4521E-02
  4.2222E-03  3.8173E-02  7.8045E-03 -4.4906E-02
  4.2588E-03  3.8499E-02  7.8721E-03 -4.5295E-02
  4.2956E-03  3.8828E-02  7.9402E-03 -4.5687E-02
  4.3328E-03  3.9160E-02  8.0089E-03 -4.6082E-02
  4.3703E-03  3.9494E-02  8.0781E-03 -4.6481E-02
  4.4081E-03  3.9831E-02  8.1480E-03 -4.6883E-02
  4.4462E-03  4.0171E-02  8.2185E-03 -4.7288E-02
  4.4847E-03  4.0514E-02  8.2896E-03 -4.7697E-02
  4.5235E-03  4.0860E-02  8.3614E-03 -4.8110E-02
  4.5626E-03  4.1209E-02  8.4337E-03 -4.8526E-02
  4.6021E-03  4.1560E-02  8.5067E-03 -4.8946E-02
  4.6419E-03  4.1915E-02  8.5802E-03 -4.9370E-02
  4.6821E-03  4.2272E-02  8.6545E-03 -4.9797E-02
  4.7226E-03  4.2633E-02  8.7294E-03 -5.0227E-02
  4.7634E-03  4.2997E-02  8.8049E-03 -5.0662E-02
  4.8046E-03  4.3363E-02  8.8810E-03 -5.1100E-02
  4.8462E-03  4.3733E-02  8.9579E-03 -5.1542E-02
  4.8881E-03  4.4106E-02  9.0354E-03 -5.1988E-02
  4.9304E-03  4.4482E-02  9.1135E-03 -5.2438E-02
  4.9731E-03  4.4861E-02  9.1924E-03 -5.2891E-02
  5.0161E-03  4.5243E-02  9.2719E-03 -5.3349E-02
  5.0595E-03  4.5628E-02  9.3521E-03 -5.3811E-02
  5.1033E-03  4.6017E-02  9.4330E-03 -5.4276E-02
  5.1474E-03  4.6409E-02  9.5146E-03 -5.4746E-02
  5.1920E-03  4.6804E-02  9.5969E-03 -5.5219E-02
  5.2369E-03  4.7203E-02  9.6799E-03 -5.5697E-02
  5.2822E-03  4.7605E-02  9.7637E-03 -5.6179E-02
  5.3279E-03  4.8010E-02  9.8481E-03 -5.6664E-02
  5.3740E-03  4.8419E-02  9.9333E-03 -5.7155E-02
  5.4204E-03  4.8831E-02  1.0019E-02 -5.7649E-02
  5.4673E-03  4.9246E-02  1.0106E-02 -5.8148E-02
  5.5146E-03  4.9665E-02  1.0193E-02 -5.8651E-02
  5.5623E-03  5.0088E-02  1.0282E-02 -5.9158E-02
  5.6105E-03  5.0514E-02  1.0370E-02 -5.9670E-02
  5.6590E-03  5.0943E-02  1.0460E-02 -6.0186E-02
  5.7079E-03  5.1376E-02  1.0551E-02 -6.0706E-02
  5.7573E-03  5.1813E-02  1.0642E-02 -6.1231E-02
  5.8071E-03  5.2254E-02  1.0734E-02 -6.1761E-02
  5.8574E-03  5.2698E-02  1.0827E-02 -6.2295E-02
  5.9080E-03  5.3146E-02  1.0920E-02 -6.2834E-02
  5.9591E-03  5.3597E-02  1.1015E-02 -6.3378E-02
  6.0107E-03  5.4052E-02  1.1110E-02 -6.3926E-02
  6.0627E-03  5.4511E-02  1.1206E-02 -6.4479E-02
  6.1151E-03  5.4974E-02  1.1303E-02 -6.5036E-02
  6.1680E-03  5.5441E-02  1.1401E-02 -6.5599E-02
  6.2214E-03  5.5912E-02  1.1500E-02 -6.6166E-02
  6.2752E-03  5.6386E-02  1.1599E-02 -6.6738E-02
  6.3295E-03  5.6865E-02  1.1699E-02 -6.7316E-02
  6.3842E-03  5.7347E-02  1.1801E-02 -6.7898E-02
  6.4395E-03  5.7834E-02  1.1903E-02 -6.8485E-02
  6.4952E-03  5.8324E-02  1.2006E-02 -6.9077E-02
  6.5513E-03  5.8819E-02  1.2109E-02 -6.9675E-02
  6.6080E-03  5.9317E-02  1.2214E-02 -7.0277E-02
  6.6652E-03  5.9820E-02  1.2320E-02 -7.0885E-02
  6.7228E-03  6.0327E-02  1.2426E-02 -7.1498E-02
  6.7810E-03  6.0839E-02  1.2534E-02 -7.2117E-02
  6.8396E-03  6.1354E-02  1.2642E-02 -7.2740E-02
  6.8988E-03  6.1874E-02  1.2752E-02 -7.3369E-02
  6.9585E-03  6.2398E-02  1.2862E-02 -7.4004E-02
  7.0186E-03  6.2926E-02  1.2973E-02 -7.4644E-02
  7.0793E-03  6.3459E-02  1.3085E-02 -7.5289E-02
  7.1406E-03  6.3996E-02  1.3198E-02 -7.5941E-02
  7.2023E-03  6.4538E-02  1.3313E-02 -7.6597E-02
  7.2646E-03  6.5084E-02  1.3428E-02 -7.7260E-02
  7.3275E-03  6.5634E-02  1.3544E-02 -7.7928E-02
  7.3909E-03  6.6189E-02  1.3661E-02 -7.8602E-02
  7.4548E-03  6.6749E-02  1.3779E-02 -7.9281E-02
  7.5193E-03  6.7313E-02  1.3898E-02 -7.9967E-02
  7.5843E-03  6.7882E-02  1.4019E-02 -8.0659E-02
  7.6499E-03  6.8456E-02  1.4140E-02 -8.1356E-02
  7.7161E-03  6.9034E-02  1.4262E-02 -8.2060E-02
  7.7828E-03  6.9618E-02  1.4385E-02 -8.2769E-02
  7.8501E-03  7.0206E-02  1.4510E-02 -8.3485E-02
  7.9180E-03  7.0798E-02  1.4635E-02 -8.4207E-02
  7.9865E-03  7.1396E-02  1.4762E-02 -8.4935E-02
  8.0556E-03  7.1999E-02  1.4889E-02 -8.5670E-02
  8.1252E-03  7.2606E-02  1.5018E-02 -8.6410E-02
  8.1955E-03  7.3219E-02  1.5148E-02 -8.7158E-02
  8.2664E-03  7.3836E-02  1.5279E-02 -8.7911E-02
  8.3379E-03  7.4459E-02  1.5411E-02 -8.8671E-02
  8.4100E-03  7.5087E-02  1.5545E-02 -8.9438E-02
  8.4828E-03  7.5720E-02  1.5679E-02 -9.0211E-02
  8.5561E-03  7.6358E-02  1.5815E-02 -9.0991E-02
  8.6301E-03  7.7001E-02  1.5951E-02 -9.1778E-02
  8.7048E-03  7.7650E-02  1.6089E-02 -9.2572E-02
  8.7800E-03  7.8304E-02  1.6228E-02 -9.3372E-02
  8.8560E-03  7.8963E-02  1.6369E-02 -9.4180E-02
  8.9326E-03  7.9628E-02  1.6510E-02 -9.4994E-02
  9.0098E-03  8.0298E-02  1.6653E-02 -9.5815E-02
  9.0878E-03  8.0973E-02  1.6797E-02 -9.6644E-02
  9.1664E-03  8.1654E-02  1.6942E-02 -9.7479E-02
  9.2456E-03  8.2341E-02  1.7089E-02 -9.8322E-02
  9.3256E-03  8.3033E-02  1.7236E-02 -9.9172E-02
  9.4062E-03  8.3731E-02  1.7386E-02 -1.0003E-01
  9.4876E-03  8.4435E-02  1.7536E-02 -1.0089E-01
  9.5697E-03  8.5144E-02  1.7687E-02 -1.0177E-01
  9.6524E-03  8.5859E-02  1.7840E-02 -1.0265E-01
  9.7359E-03  8.6580E-02  1.7995E-02 -1.0353E-01
  9.8201E-03  8.7307E-02  1.8150E-02 -1.0443E-01
  9.9050E-03  8.8039E-02  1.8307E-02 -1.0533E-01
  9.9907E-03  8.8778E-02  1.8466E-02 -1.0624E-01
  1.0077E-02  8.9523E-02  1.8625E-02 -1.0716E-01
  1.0164E-02  9.0273E-02  1.8786E-02 -1.0809E-01
  1.0252E-02  9.1030E-02  1.8949E-02 -1.0902E-01
  1.0341E-02  9.1793E-02  1.9112E-02 -1.0996E-01
  1.0430E-02  9.2562E-02  1.9278E-02 -1.1092E-01
  1.0520E-02  9.3337E-02  1.9444E-02 -1.1187E-01
  1.0611E-02  9.4119E-02  1.9613E-02 -1.1284E-01
  1.0703E-02  9.4907E-02  1.9782E-02 -1.1382E-01
  1.0796E-02  9.5701E-02  1.9953E-02 -1.1480E-01
  1.0889E-02  9.6501E-02  2.0126E-02 -1.1579E-01
  1.0983E-02  9.7309E-02  2.0300E-02 -1.1679E-01
  1.1078E-02  9.8122E-02  2.0475E-02 -1.1780E-01
  1.1174E-02  9.8942E-02  2.0652E-02 -1.1882E-01
  1.1271E-02  9.9769E-02  2.0831E-02 -1.1985E-01
  1.1368E-02  1.0060E-01  2.1011E-02 -1.2089E-01
  1.1466E-02  1.0144E-01  2.1193E-02 -1.2193E-01
  1.1566E-02  1.0229E-01  2.1376E-02 -1.2298E-01
  1.1666E-02  1.0314E-01  2.1561E-02 -1.2405E-01
  1.1767E-02  1.0400E-01  2.1747E-02 -1.2512E-01
  1.1868E-02  1.0487E-01  2.1935E-02 -1.2620E-01
  1.1971E-02  1.0575E-01  2.2125E-02 -1.2729E-01
  1.2074E-02  1.0663E-01  2.2316E-02 -1.2839E-01
  1.2179E-02  1.0752E-01  2.2509E-02 -1.2950E-01
  1.2284E-02  1.0841E-01  2.2703E-02 -1.3062E-01
  1.2390E-02  1.0931E-01  2.2900E-02 -1.3175E-01
  1.2498E-02  1.1022E-01  2.3098E-02 -1.3289E-01
  1.2606E-02  1.1114E-01  2.3297E-02 -1.3404E-01
  1.2715E-02  1.1207E-01  2.3499E-02 -1.3520E-01
  1.2825E-02  1.1300E-01  2.3702E-02 -1.3636E-01
  1.2936E-02  1.1394E-01  2.3907E-02 -1.3754E-01
  1.3047E-02  1.1488E-01  2.4113E-02 -1.3873E-01
  1.3160E-02  1.1584E-01  2.4322E-02 -1.3993E-01
  1.3274E-02  1.1680E-01  2.4532E-02 -1.4114E-01
  1.3389E-02  1.1777E-01  2.4744E-02 -1.4236E-01
  1.3505E-02  1.1875E-01  2.4958E-02 -1.4359E-01
  1.3621E-02  1.1973E-01  2.5174E-02 -1.4483E-01
  1.3739E-02  1.2072E-01  2.5391E-02 -1.4608E-01
  1.3858E-02  1.2173E-01  2.5611E-02 -1.4735E-01
  1.3978E-02  1.2273E-01  2.5832E-02 -1.4862E-01
  1.4099E-02  1.2375E-01  2.6055E-02 -1.4990E-01
  1.4221E-02  1.2477E-01  2.6281E-02 -1.5120E-01
  1.4344E-02  1.2581E-01  2.6508E-02 -1.5250E-01
  1.4468E-02  1.2685E-01  2.6737E-02 -1.5382E-01
  1.4593E-02  1.2790E-01  2.6968E-02 -1.5515E-01
  1.4719E-02  1.2895E-01  2.7201E-02 -1.5649E-01
  1.4846E-02  1.3002E-01  2.7436E-02 -1.5784E-01
  1.4975E-02  1.3109E-01  2.7673E-02 -1.5921E-01
  1.5104E-02  1.3218E-01  2.7913E-02 -1.6058E-01
  1.5235E-02  1.3327E-01  2.8154E-02 -1.6197E-01
  1.5366E-02  1.3437E-01  2.8397E-02 -1.6337E-01
  1.5499E-02  1.3547E-01  2.8643E-02 -1.6478E-01
  1.5633E-02  1.3659E-01  2.8890E-02 -1.6621E-01
  1.5769E-02  1.3772E-01  2.9140E-02 -1.6764E-01
  1.5905E-02  1.3885E-01  2.9392E-02 -1.6909E-01
  1.6042E-02  1.3999E-01  2.9646E-02 -1.7055E-01
  1.6181E-02  1.4115E-01  2.9902E-02 -1.7203E-01
  1.6321E-02  1.4231E-01  3.0160E-02 -1.7351E-01
  1.6462E-02  1.4348E-01  3.0421E-02 -1.7501E-01
  1.6605E-02  1.4466E-01  3.0684E-02 -1.7652E-01
  1.6748E-02  1.4584E-01  3.0949E-02 -1.7805E-01
  1.6893E-02  1.4704E-01  3.1217E-02 -1.7959E-01
  1.7039E-02  1.4825E-01  3.1486E-02 -1.8114E-01
  1.7186E-02  1.4946E-01  3.1758E-02 -1.8270E-01
  1.7335E-02  1.5069E-01  3.2033E-02 -1.8428E-01
  1.7485E-02  1.5192E-01  3.2310E-02 -1.8587E-01
  1.7636E-02  1.5317E-01  3.2589E-02 -1.8748E-01
  1.7789E-02  1.5442E-01  3.2870E-02 -1.8910E-01
  1.7942E-02  1.5569E-01  3.3155E-02 -1.9073E-01
  1.8098E-02  1.5696E-01  3.3441E-02 -1.9238E-01
  1.8254E-02  1.5824E-01  3.3730E-02 -1.9404E-01
  1.8412E-02  1.5954E-01  3.4021E-02 -1.9571E-01
  1.8571E-02  1.6084E-01  3.4315E-02 -1.9741E-01
  1.8732E-02  1.6215E-01  3.4612E-02 -1.9911E-01
  1.8894E-02  1.6347E-01  3.4911E-02 -2.0083E-01
  1.9057E-02  1.6481E-01  3.5213E-02 -2.0256E-01
  1.9222E-02  1.6615E-01  3.5517E-02 -2.0431E-01
  1.9388E-02  1.6750E-01  3.5824E-02 -2.0608E-01
  1.9556E-02  1.6887E-01  3.6133E-02 -2.0786E-01
  1.9725E-02  1.7024E-01  3.6445E-02 -2.0965E-01
  1.9895E-02  1.7163E-01  3.6760E-02 -2.1146E-01
  2.0067E-02  1.7302E-01  3.7078E-02 -2.1329E-01
  2.0241E-02  1.7443E-01  3.7398E-02 -2.1513E-01
  2.0416E-02  1.7584E-01  3.7721E-02 -2.1699E-01
  2.0592E-02  1.7727E-01  3.8047E-02 -2.1886E-01
  2.0771E-02  1.7871E-01  3.8376E-02 -2.2075E-01
  2.0950E-02  1.8016E-01  3.8707E-02 -2.2266E-01
  2.1131E-02  1.8162E-01  3.9042E-02 -2.2458E-01
  2.1314E-02  1.8309E-01  3.9379E-02 -2.2652E-01
  2.1498E-02  1.8457E-01  3.9719E-02 -2.2847E-01
  2.1684E-02  1.8606E-01  4.0062E-02 -2.3045E-01
  2.1872E-02  1.8756E-01  4.0408E-02 -2.3244E-01
  2.2061E-02  1.8908E-01  4.0757E-02 -2.3444E-01
  2.2252E-02  1.9060E-01  4.1109E-02 -2.3647E-01
  2.2444E-02  1.9214E-01  4.1464E-02 -2.3851E-01
  2.2638E-02  1.9369E-01  4.1823E-02 -2.4057E-01
  2.2834E-02  1.9525E-01  4.2184E-02 -2.4264E-01
  2.3031E-02  1.9682E-01  4.2548E-02 -2.4474E-01
  2.3230E-02  1.9841E-01  4.2916E-02 -2.4685E-01
  2.3431E-02  2.0000E-01  4.3286E-02 -2.4898E-01
  2.3634E-02  2.0161E-01  4.3660E-02 -2.5113E-01
  2.3838E-02  2.0323E-01  4.4037E-02 -2.5330E-01
  2.4044E-02  2.0486E-01  4.4417E-02 -2.5548E-01
  2.4252E-02  2.0650E-01  4.4801E-02 -2.5769E-01
  2.4462E-02  2.0816E-01  4.5188E-02 -2.5991E-01
  2.4673E-02  2.0983E-01  4.5578E-02 -2.6215E-01
  2.4887E-02  2.1150E-01  4.5972E-02 -2.6441E-01
  2.5102E-02  2.1320E-01  4.6369E-02 -2.6670E-01
  2.5319E-02  2.1490E-01  4.6769E-02 -2.6900E-01
  2.5538E-02  2.1662E-01  4.7173E-02 -2.7132E-01
  2.5759E-02  2.1835E-01  4.7580E-02 -2.7366E-01
  2.5982E-02  2.2009E-01  4.7991E-02 -2.7602E-01
  2.6206E-02  2.2184E-01  4.8405E-02 -2.7840E-01
  2.6433E-02  2.2361E-01  4.8823E-02 -2.8080E-01
  2.6661E-02  2.2539E-01  4.9245E-02 -2.8322E-01
  2.6892E-02  2.2718E-01  4.9670E-02 -2.8567E-01
  2.7124E-02  2.2898E-01  5.0099E-02 -2.8813E-01
  2.7359E-02  2.3080E-01  5.0531E-02 -2.9061E-01
  2.7595E-02  2.3263E-01  5.0967E-02 -2.9312E-01
  2.7834E-02  2.3448E-01  5.1407E-02 -2.9565E-01
  2.8075E-02  2.3634E-01  5.1851E-02 -2.9820E-01
  2.8317E-02  2.3821E-01  5.2298E-02 -3.0077E-01
  2.8562E-02  2.4009E-01  5.2750E-02 -3.0336E-01
  2.8809E-02  2.4199E-01  5.3205E-02 -3.0598E-01
  2.9058E-02  2.4390E-01  5.3664E-02 -3.0862E-01
  2.9310E-02  2.4582E-01  5.4127E-02 -3.1128E-01
  2.9563E-02  2.4776E-01  5.4595E-02 -3.1396E-01
  2.9819E-02  2.4971E-01  5.5066E-02 -3.1667E-01
  3.0077E-02  2.5168E-01  5.5541E-02 -3.1940E-01
  3.0337E-02  2.5366E-01  5.6020E-02 -3.2215E-01
  3.0599E-02  2.5565E-01  5.6504E-02 -3.2492E-01
  3.0863E-02  2.5766E-01  5.6991E-02 -3.2773E-01
  3.1130E-02  2.5968E-01  5.7483E-02 -3.3055E-01
  3.1399E-02  2.6171E-01  5.7979E-02 -3.3340E-01
  3.1671E-02  2.6376E-01  5.8479E-02 -3.3627E-01
  3.1945E-02  2.6582E-01  5.8984E-02 -3.3917E-01
  3.2221E-02  2.6790E-01  5.9492E-02 -3.4209E-01
  3.2500E-02  2.6999E-01  6.0006E-02 -3.4504E-01
  3.2781E-02  2.7210E-01  6.0523E-02 -3.4801E-01
  3.3064E-02  2.7422E-01  6.1045E-02 -3.5101E-01
  3.3350E-02  2.7636E-01  6.1572E-02 -3.5403E-01
  3.3638E-02  2.7850E-01  6.2103E-02 -3.5708E-01
  3.3929E-02  2.8067E-01  6.2639E-02 -3.6015E-01
  3.4223E-02  2.8285E-01  6.3179E-02 -3.6326E-01
  3.4518E-02  2.8504E-01  6.3724E-02 -3.6638E-01
  3.4817E-02  2.8725E-01  6.4273E-02 -3.6954E-01
  3.5118E-02  2.8947E-01  6.4827E-02 -3.7272E-01
  3.5422E-02  2.9171E-01  6.5386E-02 -3.7593E-01
  3.5728E-02  2.9397E-01  6.5950E-02 -3.7917E-01
  3.6037E-02  2.9623E-01  6.6519E-02 -3.8243E-01
  3.6348E-02  2.9852E-01  6.7092E-02 -3.8572E-01
  3.6663E-02  3.0082E-01  6.7671E-02 -3.8904E-01
  3.6980E-02  3.0313E-01  6.8254E-02 -3.9239E-01
  3.7299E-02  3.0546E-01  6.8842E-02 -3.9577E-01
  3.7622E-02  3.0781E-01  6.9436E-02 -3.9917E-01
  3.7947E-02  3.1017E-01  7.0034E-02 -4.0260E-01
  3.8275E-02  3.1254E-01  7.0638E-02 -4.0607E-01
  3.8606E-02  3.1493E-01  7.1247E-02 -4.0956E-01
  3.8940E-02  3.1734E-01  7.1861E-02 -4.1308E-01
  3.9277E-02  3.1976E-01  7.2480E-02 -4.1664E-01
  3.9616E-02  3.2220E-01  7.3104E-02 -4.2022E-01
  3.9959E-02  3.2466E-01  7.3734E-02 -4.2383E-01
  4.0304E-02  3.2713E-01  7.4370E-02 -4.2748E-01
  4.0653E-02  3.2961E-01  7.5010E-02 -4.3115E-01
  4.1004E-02  3.3211E-01  7.5656E-02 -4.3486E-01
  4.1359E-02  3.3463E-01  7.6308E-02 -4.3860E-01
  4.1716E-02  3.3717E-01  7.6965E-02 -4.4237E-01
  4.2077E-02  3.3972E-01  7.7628E-02 -4.4617E-01
  4.2441E-02  3.4228E-01  7.8297E-02 -4.5000E-01
  4.2808E-02  3.4486E-01  7.8971E-02 -4.5387E-01
  4.3178E-02  3.4746E-01  7.9651E-02 -4.5777E-01
  4.3551E-02  3.5008E-01  8.0337E-02 -4.6170E-01
  4.3928E-02  3.5271E-01  8.1029E-02 -4.6566E-01
  4.4308E-02  3.5535E-01  8.1726E-02 -4.6966E-01
  4.4691E-02  3.5802E-01  8.2430E-02 -4.7370E-01
  4.5077E-02  3.6070E-01  8.3139E-02 -4.7776E-01
  4.5467E-02  3.6340E-01  8.3855E-02 -4.8187E-01
  4.5860E-02  3.6611E-01  8.4577E-02 -4.8600E-01
  4.6256E-02  3.6884E-01  8.5305E-02 -4.9017E-01
  4.6656E-02  3.7158E-01  8.6039E-02 -4.9438E-01
  4.7060E-02  3.7435E-01  8.6779E-02 -4.9862E-01
  4.7467E-02  3.7713E-01  8.7526E-02 -5.0290E-01
  4.7877E-02  3.7992E-01  8.8279E-02 -5.0721E-01
  4.8291E-02  3.8274E-01  8.9038E-02 -5.1156E-01
  4.8709E-02  3.8557E-01  8.9804E-02 -5.1595E-01
  4.9130E-02  3.8841E-01  9.0576E-02 -5.2037E-01
  4.9555E-02  3.9128E-01  9.1355E-02 -5.2484E-01
  4.9983E-02  3.9416E-01  9.2141E-02 -5.2933E-01
  5.0415E-02  3.9705E-01  9.2933E-02 -5.3387E-01
  5.0851E-02  3.9997E-01  9.3732E-02 -5.3845E-01
  5.1291E-02  4.0290E-01  9.4538E-02 -5.4306E-01
  5.1734E-02  4.0585E-01  9.5350E-02 -5.4771E-01
  5.2181E-02  4.0881E-01  9.6170E-02 -5.5240E-01
  5.2633E-02  4.1179E-01  9.6997E-02 -5.5713E-01
  5.3088E-02  4.1479E-01  9.7830E-02 -5.6190E-01
  5.3547E-02  4.1781E-01  9.8671E-02 -5.6671E-01
  5.4010E-02  4.2084E-01  9.9518E-02 -5.7156E-01
  5.4477E-02  4.2389E-01  1.0037E-01 -5.7646E-01
  5.4948E-02  4.2696E-01  1.0124E-01 -5.8139E-01
  5.5423E-02  4.3004E-01  1.0210E-01 -5.8636E-01
  5.5902E-02  4.3314E-01  1.0298E-01 -5.9138E-01
  5.6385E-02  4.3626E-01  1.0387E-01 -5.9644E-01
  5.6873E-02  4.3940E-01  1.0476E-01 -6.0153E-01
  5.7364E-02  4.4255E-01  1.0566E-01 -6.0668E-01
  5.7860E-02  4.4572E-01  1.0656E-01 -6.1186E-01
  5.8361E-02  4.4890E-01  1.0748E-01 -6.1709E-01
  5.8865E-02  4.5211E-01  1.0840E-01 -6.2236E-01
  5.9374E-02  4.5533E-01  1.0933E-01 -6.2768E-01
  5.9888E-02  4.5856E-01  1.1027E-01 -6.3304E-01
  6.0405E-02  4.6182E-01  1.1121E-01 -6.3844E-01
  6.0928E-02  4.6509E-01  1.1217E-01 -6.4389E-01
  6.1454E-02  4.6838E-01  1.1313E-01 -6.4939E-01
  6.1986E-02  4.7168E-01  1.1410E-01 -6.5493E-01
  6.2522E-02  4.7501E-01  1.1508E-01 -6.6051E-01
  6.3062E-02  4.7834E-01  1.1606E-01 -6.6615E-01
  6.3607E-02  4.8170E-01  1.1706E-01 -6.7183E-01
  6.4157E-02  4.8507E-01  1.1806E-01 -6.7755E-01
  6.4712E-02  4.8846E-01  1.1907E-01 -6.8333E-01
  6.5272E-02  4.9187E-01  1.2009E-01 -6.8915E-01
  6.5836E-02  4.9529E-01  1.2112E-01 -6.9502E-01
  6.6405E-02  4.9873E-01  1.2216E-01 -7.0094E-01
  6.6979E-02  5.0219E-01  1.2321E-01 -7.0690E-01
  6.7558E-02  5.0566E-01  1.2426E-01 -7.1292E-01
  6.8142E-02  5.0915E-01  1.2532E-01 -7.1899E-01
  6.8732E-02  5.1266E-01  1.2640E-01 -7.2510E-01
  6.9326E-02  5.1618E-01  1.2748E-01 -7.3127E-01
  6.9925E-02  5.1972E-01  1.2857E-01 -7.3748E-01
  7.0530E-02  5.2328E-01  1.2967E-01 -7.4375E-01
  7.1140E-02  5.2685E-01  1.3078E-01 -7.5007E-01
  7.1755E-02  5.3044E-01  1.3189E-01 -7.5644E-01
  7.2375E-02  5.3404E-01  1.3302E-01 -7.6286E-01
  7.3001E-02  5.3766E-01  1.3416E-01 -7.6934E-01
  7.3632E-02  5.4130E-01  1.3530E-01 -7.7587E-01
  7.4269E-02  5.4495E-01  1.3646E-01 -7.8245E-01
  7.4911E-02  5.4862E-01  1.3763E-01 -7.8908E-01
  7.5558E-02  5.5230E-01  1.3880E-01 -7.9577E-01
  7.6212E-02  5.5600E-01  1.3999E-01 -8.0251E-01
  7.6871E-02  5.5972E-01  1.4118E-01 -8.0931E-01
  7.7535E-02  5.6345E-01  1.4238E-01 -8.1617E-01
  7.8206E-02  5.6719E-01  1.4360E-01 -8.2307E-01
  7.8882E-02  5.7095E-01  1.4482E-01 -8.3004E-01
  7.9564E-02  5.7473E-01  1.4606E-01 -8.3706E-01
  8.0252E-02  5.7852E-01  1.4730E-01 -8.4414E-01
  8.0945E-02  5.8233E-01  1.4856E-01 -8.5127E-01
  8.1645E-02  5.8615E-01  1.4983E-01 -8.5846E-01
  8.2351E-02  5.8999E-01  1.5110E-01 -8.6571E-01
  8.3063E-02  5.9384E-01  1.5239E-01 -8.7302E-01
  8.3781E-02  5.9770E-01  1.5369E-01 -8.8039E-01
  8.4506E-02  6.0158E-01  1.5499E-01 -8.8781E-01
  8.5236E-02  6.0548E-01  1.5631E-01 -8.9530E-01
  8.5973E-02  6.0938E-01  1.5764E-01 -9.0284E-01
  8.6717E-02  6.1331E-01  1.5898E-01 -9.1045E-01
  8.7466E-02  6.1724E-01  1.6034E-01 -9.1811E-01
  8.8223E-02  6.2119E-01  1.6170E-01 -9.2584E-01
  8.8985E-02  6.2515E-01  1.6307E-01 -9.3362E-01
  8.9755E-02  6.2913E-01  1.6446E-01 -9.4147E-01
  9.0531E-02  6.3312E-01  1.6585E-01 -9.4939E-01
  9.1313E-02  6.3712E-01  1.6726E-01 -9.5736E-01
  9.2103E-02  6.4114E-01  1.6868E-01 -9.6540E-01
  9.2899E-02  6.4516E-01  1.7011E-01 -9.7350E-01
  9.3702E-02  6.4920E-01  1.7155E-01 -9.8166E-01
  9.4512E-02  6.5326E-01  1.7301E-01 -9.8989E-01
  9.5330E-02  6.5732E-01  1.7448E-01 -9.9818E-01
  9.6154E-02  6.6140E-01  1.7595E-01 -1.0065E+00
  9.6985E-02  6.6548E-01  1.7744E-01 -1.0150E+00
  9.7824E-02  6.6958E-01  1.7895E-01 -1.0234E+00
  9.8669E-02  6.7369E-01  1.8046E-01 -1.0320E+00
  9.9523E-02  6.7781E-01  1.8199E-01 -1.0406E+00
  1.0038E-01  6.8195E-01  1.8353E-01 -1.0493E+00
  1.0125E-01  6.8609E-01  1.8508E-01 -1.0581E+00
  1.0213E-01  6.9024E-01  1.8664E-01 -1.0669E+00
  1.0301E-01  6.9441E-01  1.8822E-01 -1.0758E+00
  1.0390E-01  6.9858E-01  1.8981E-01 -1.0847E+00
  1.0480E-01  7.0276E-01  1.9141E-01 -1.0938E+00
  1.0570E-01  7.0695E-01  1.9302E-01 -1.1028E+00
  1.0662E-01  7.1115E-01  1.9465E-01 -1.1120E+00
  1.0754E-01  7.1536E-01  1.9629E-01 -1.1212E+00
  1.0847E-01  7.1958E-01  1.9795E-01 -1.1305E+00
  1.0941E-01  7.2381E-01  1.9961E-01 -1.1399E+00
  1.1035E-01  7.2804E-01  2.0129E-01 -1.1494E+00
  1.1131E-01  7.3229E-01  2.0299E-01 -1.1589E+00
  1.1227E-01  7.3654E-01  2.0469E-01 -1.1685E+00
  1.1324E-01  7.4079E-01  2.0641E-01 -1.1781E+00
  1.1422E-01  7.4506E-01  2.0815E-01 -1.1879E+00
  1.1521E-01  7.4933E-01  2.0989E-01 -1.1977E+00
  1.1620E-01  7.5360E-01  2.1166E-01 -1.2075E+00
  1.1721E-01  7.5789E-01  2.1343E-01 -1.2175E+00
  1.1822E-01  7.6217E-01  2.1522E-01 -1.2275E+00
  1.1924E-01  7.6647E-01  2.1702E-01 -1.2376E+00
  1.2027E-01  7.7076E-01  2.1884E-01 -1.2478E+00
  1.2131E-01  7.7507E-01  2.2067E-01 -1.2580E+00
  1.2236E-01  7.7937E-01  2.2252E-01 -1.2683E+00
  1.2342E-01  7.8368E-01  2.2438E-01 -1.2787E+00
  1.2449E-01  7.8800E-01  2.2625E-01 -1.2892E+00
  1.2556E-01  7.9231E-01  2.2814E-01 -1.2998E+00
  1.2665E-01  7.9663E-01  2.3005E-01 -1.3104E+00
  1.2774E-01  8.0095E-01  2.3196E-01 -1.3211E+00
  1.2885E-01  8.0528E-01  2.3390E-01 -1.3318E+00
  1.2996E-01  8.0960E-01  2.3584E-01 -1.3427E+00
  1.3109E-01  8.1393E-01  2.3781E-01 -1.3536E+00
  1.3222E-01  8.1826E-01  2.3979E-01 -1.3646E+00
  1.3336E-01  8.2258E-01  2.4178E-01 -1.3757E+00
  1.3452E-01  8.2691E-01  2.4379E-01 -1.3869E+00
  1.3568E-01  8.3124E-01  2.4581E-01 -1.3981E+00
  1.3685E-01  8.3556E-01  2.4785E-01 -1.4094E+00
  1.3804E-01  8.3989E-01  2.4990E-01 -1.4208E+00
  1.3923E-01  8.4421E-01  2.5197E-01 -1.4323E+00
  1.4043E-01  8.4853E-01  2.5406E-01 -1.4438E+00
  1.4165E-01  8.5285E-01  2.5616E-01 -1.4555E+00
  1.4287E-01  8.5716E-01  2.5827E-01 -1.4672E+00
  1.4411E-01  8.6148E-01  2.6041E-01 -1.4790E+00
  1.4535E-01  8.6578E-01  2.6255E-01 -1.4908E+00
  1.4661E-01  8.7008E-01  2.6472E-01 -1.5028E+00
  1.4788E-01  8.7438E-01  2.6690E-01 -1.5148E+00
  1.4916E-01  8.7867E-01  2.6909E-01 -1.5269E+00
  1.5044E-01  8.8296E-01  2.7130E-01 -1.5391E+00
  1.5175E-01  8.8724E-01  2.7353E-01 -1.5513E+00
  1.5306E-01  8.9151E-01  2.7578E-01 -1.5637E+00
  1.5438E-01  8.9577E-01  2.7804E-01 -1.5761E+00
  1.5572E-01  9.0003E-01  2.8031E-01 -1.5886E+00
  1.5706E-01  9.0427E-01  2.8261E-01 -1.6012E+00
  1.5842E-01  9.0851E-01  2.8492E-01 -1.6138E+00
  1.5979E-01  9.1274E-01  2.8724E-01 -1.6266E+00
  1.6117E-01  9.1695E-01  2.8959E-01 -1.6394E+00
  1.6256E-01  9.2116E-01  2.9195E-01 -1.6523E+00
  1.6397E-01  9.2536E-01  2.9432E-01 -1.6653E+00
  1.6539E-01  9.2954E-01  2.9672E-01 -1.6783E+00
  1.6682E-01  9.3371E-01  2.9913E-01 -1.6915E+00
  1.6826E-01  9.3787E-01  3.0155E-01 -1.7047E+00
  1.6971E-01  9.4201E-01  3.0400E-01 -1.7180E+00
  1.7118E-01  9.4614E-01  3.0646E-01 -1.7313E+00
  1.7266E-01  9.5025E-01  3.0893E-01 -1.7448E+00
  1.7415E-01  9.5435E-01  3.1143E-01 -1.7583E+00
  1.7566E-01  9.5843E-01  3.1394E-01 -1.7719E+00
  1.7718E-01  9.6249E-01  3.1647E-01 -1.7856E+00
  1.7871E-01  9.6654E-01  3.1902E-01 -1.7994E+00
  1.8026E-01  9.7057E-01  3.2158E-01 -1.8132E+00
  1.8181E-01  9.7458E-01  3.2416E-01 -1.8271E+00
  1.8339E-01  9.7857E-01  3.2676E-01 -1.8411E+00
  1.8497E-01  9.8254E-01  3.2937E-01 -1.8552E+00
  1.8657E-01  9.8649E-01  3.3200E-01 -1.8693E+00
  1.8818E-01  9.9042E-01  3.3465E-01 -1.8835E+00
  1.8981E-01  9.9433E-01  3.3732E-01 -1.8978E+00
  1.9145E-01  9.9821E-01  3.4000E-01 -1.9122E+00
  1.9311E-01  1.0021E+00  3.4270E-01 -1.9266E+00
  1.9478E-01  1.0059E+00  3.4542E-01 -1.9411E+00
  1.9646E-01  1.0097E+00  3.4815E-01 -1.9557E+00
  1.9816E-01  1.0135E+00  3.5091E-01 -1.9704E+00
  1.9987E-01  1.0173E+00  3.5368E-01 -1.9851E+00
  2.0160E-01  1.0210E+00  3.5646E-01 -1.9999E+00
  2.0334E-01  1.0247E+00  3.5927E-01 -2.0148E+00
  2.0510E-01  1.0284E+00  3.6209E-01 -2.0297E+00
  2.0687E-01  1.0320E+00  3.6493E-01 -2.0447E+00
  2.0866E-01  1.0356E+00  3.6778E-01 -2.0598E+00
  2.1047E-01  1.0392E+00  3.7065E-01 -2.0749E+00
  2.1229E-01  1.0428E+00  3.7354E-01 -2.0901E+00
  2.1412E-01  1.0463E+00  3.7645E-01 -2.1054E+00
  2.1597E-01  1.0498E+00  3.7937E-01 -2.1207E+00
  2.1784E-01  1.0533E+00  3.8231E-01 -2.1361E+00
  2.1972E-01  1.0567E+00  3.8527E-01 -2.1515E+00
  2.2162E-01  1.0601E+00  3.8825E-01 -2.1670E+00
  2.2354E-01  1.0634E+00  3.9124E-01 -2.1826E+00
  2.2547E-01  1.0667E+00  3.9424E-01 -2.1982E+00
  2.2742E-01  1.0700E+00  3.9727E-01 -2.2139E+00
  2.2939E-01  1.0733E+00  4.0031E-01 -2.2296E+00
  2.3137E-01  1.0765E+00  4.0337E-01 -2.2454E+00
  2.3337E-01  1.0796E+00  4.0644E-01 -2.2612E+00
  2.3539E-01  1.0828E+00  4.0953E-01 -2.2771E+00
  2.3742E-01  1.0858E+00  4.1263E-01 -2.2931E+00
  2.3948E-01  1.0889E+00  4.1575E-01 -2.3091E+00
  2.4155E-01  1.0919E+00  4.1889E-01 -2.3251E+00
  2.4364E-01  1.0948E+00  4.2204E-01 -2.3412E+00
  2.4574E-01  1.0977E+00  4.2521E-01 -2.3573E+00
  2.4787E-01  1.1006E+00  4.2839E-01 -2.3734E+00
  2.5001E-01  1.1034E+00  4.3159E-01 -2.3896E+00
  2.5217E-01  1.1062E+00  4.3480E-01 -2.4058E+00
  2.5435E-01  1.1089E+00  4.3803E-01 -2.4221E+00
  2.5655E-01  1.1116E+00  4.4127E-01 -2.4384E+00
  2.5877E-01  1.1142E+00  4.4453E-01 -2.4547E+00
  2.6101E-01  1.1168E+00  4.4780E-01 -2.4711E+00
  2.6326E-01  1.1193E+00  4.5109E-01 -2.4874E+00
  2.6554E-01  1.1218E+00  4.5439E-01 -2.5038E+00
  2.6783E-01  1.1242E+00  4.5770E-01 -2.5202E+00
  2.7015E-01  1.1266E+00  4.6103E-01 -2.5367E+00
  2.7248E-01  1.1289E+00  4.6436E-01 -2.5531E+00
  2.7484E-01  1.1312E+00  4.6772E-01 -2.5696E+00
  2.7722E-01  1.1334E+00  4.7108E-01 -2.5861E+00
  2.7961E-01  1.1355E+00  4.7446E-01 -2.6025E+00
  2.8203E-01  1.1376E+00  4.7785E-01 -2.6190E+00
  2.8447E-01  1.1397E+00  4.8125E-01 -2.6355E+00
  2.8693E-01  1.1416E+00  4.8466E-01 -2.6520E+00
  2.8941E-01  1.1436E+00  4.8808E-01 -2.6684E+00
  2.9191E-01  1.1454E+00  4.9151E-01 -2.6849E+00
  2.9444E-01  1.1472E+00  4.9496E-01 -2.7014E+00
  2.9698E-01  1.1490E+00  4.9841E-01 -2.7178E+00
  2.9955E-01  1.1506E+00  5.0187E-01 -2.7342E+00
  3.0214E-01  1.1522E+00  5.0534E-01 -2.7506E+00
  3.0475E-01  1.1538E+00  5.0882E-01 -2.7670E+00
  3.0738E-01  1.1553E+00  5.1231E-01 -2.7833E+00
  3.1004E-01  1.1567E+00  5.1581E-01 -2.7996E+00
  3.1272E-01  1.1581E+00  5.1931E-01 -2.8159E+00
  3.1543E-01  1.1593E+00  5.2283E-01 -2.8321E+00
  3.1815E-01  1.1606E+00  5.2634E-01 -2.8483E+00
  3.2090E-01  1.1617E+00  5.2987E-01 -2.8644E+00
  3.2368E-01  1.1628E+00  5.3340E-01 -2.8805E+00
  3.2648E-01  1.1638E+00  5.3693E-01 -2.8965E+00
  3.2930E-01  1.1648E+00  5.4047E-01 -2.9125E+00
  3.3215E-01  1.1656E+00  5.4401E-01 -2.9284E+00
  3.3502E-01  1.1664E+00  5.4756E-01 -2.9442E+00
  3.3791E-01  1.1672E+00  5.5111E-01 -2.9599E+00
  3.4084E-01  1.1678E+00  5.5466E-01 -2.9755E+00
  3.4378E-01  1.1684E+00  5.5821E-01 -2.9911E+00
  3.4676E-01  1.1689E+00  5.6176E-01 -3.0066E+00
  3.4975E-01  1.1693E+00  5.6532E-01 -3.0219E+00
  3.5278E-01  1.1697E+00  5.6887E-01 -3.0372E+00
  3.5583E-01  1.1700E+00  5.7242E-01 -3.0523E+00
  3.5890E-01  1.1702E+00  5.7597E-01 -3.0674E+00
  3.6201E-01  1.1703E+00  5.7952E-01 -3.0823E+00
  3.6514E-01  1.1703E+00  5.8306E-01 -3.0971E+00
  3.6829E-01  1.1703E+00  5.8660E-01 -3.1117E+00
  3.7148E-01  1.1702E+00  5.9014E-01 -3.1262E+00
  3.7469E-01  1.1700E+00  5.9366E-01 -3.1406E+00
  3.7793E-01  1.1698E+00  5.9719E-01 -3.1548E+00
  3.8120E-01  1.1694E+00  6.0070E-01 -3.1689E+00
  3.8449E-01  1.1690E+00  6.0421E-01 -3.1828E+00
  3.8782E-01  1.1685E+00  6.0770E-01 -3.1965E+00
  3.9117E-01  1.1679E+00  6.1119E-01 -3.2100E+00
  3.9455E-01  1.1672E+00  6.1466E-01 -3.2234E+00
  3.9796E-01  1.1664E+00  6.1813E-01 -3.2365E+00
  4.0140E-01  1.1656E+00  6.2158E-01 -3.2495E+00
  4.0487E-01  1.1647E+00  6.2501E-01 -3.2622E+00
  4.0837E-01  1.1637E+00  6.2843E-01 -3.2748E+00
  4.1190E-01  1.1626E+00  6.3184E-01 -3.2871E+00
  4.1546E-01  1.1614E+00  6.3522E-01 -3.2991E+00
  4.1906E-01  1.1601E+00  6.3859E-01 -3.3110E+00
  4.2268E-01  1.1588E+00  6.4194E-01 -3.3226E+00
  4.2633E-01  1.1573E+00  6.4527E-01 -3.3339E+00
  4.3002E-01  1.1558E+00  6.4857E-01 -3.3450E+00
  4.3374E-01  1.1542E+00  6.5186E-01 -3.3557E+00
  4.3749E-01  1.1525E+00  6.5511E-01 -3.3663E+00
  4.4127E-01  1.1507E+00  6.5835E-01 -3.3765E+00
  4.4508E-01  1.1488E+00  6.6155E-01 -3.3864E+00
  4.4893E-01  1.1469E+00  6.6473E-01 -3.3960E+00
  4.5281E-01  1.1448E+00  6.6788E-01 -3.4053E+00
  4.5673E-01  1.1427E+00  6.7099E-01 -3.4142E+00
  4.6068E-01  1.1404E+00  6.7408E-01 -3.4228E+00
  4.6466E-01  1.1381E+00  6.7713E-01 -3.4311E+00
  4.6868E-01  1.1357E+00  6.8014E-01 -3.4390E+00
  4.7273E-01  1.1332E+00  6.8312E-01 -3.4466E+00
  4.7682E-01  1.1306E+00  6.8606E-01 -3.4537E+00
  4.8094E-01  1.1280E+00  6.8896E-01 -3.4605E+00
  4.8510E-01  1.1252E+00  6.9182E-01 -3.4669E+00
  4.8929E-01  1.1224E+00  6.9464E-01 -3.4729E+00
  4.9352E-01  1.1194E+00  6.9741E-01 -3.4784E+00
  4.9779E-01  1.1164E+00  7.0014E-01 -3.4836E+00
  5.0209E-01  1.1133E+00  7.0281E-01 -3.4882E+00
  5.0643E-01  1.1101E+00  7.0544E-01 -3.4925E+00
  5.1081E-01  1.1068E+00  7.0802E-01 -3.4962E+00
  5.1523E-01  1.1034E+00  7.1054E-01 -3.4995E+00
  5.1968E-01  1.0999E+00  7.1302E-01 -3.5023E+00
  5.2417E-01  1.0964E+00  7.1543E-01 -3.5046E+00
  5.2871E-01  1.0927E+00  7.1779E-01 -3.5064E+00
  5.3328E-01  1.0890E+00  7.2008E-01 -3.5077E+00
  5.3789E-01  1.0852E+00  7.2232E-01 -3.5084E+00
  5.4254E-01  1.0813E+00  7.2449E-01 -3.5086E+00
  5.4723E-01  1.0773E+00  7.2660E-01 -3.5082E+00
  5.5196E-01  1.0732E+00  7.2863E-01 -3.5073E+00
  5.5673E-01  1.0690E+00  7.3060E-01 -3.5057E+00
  5.6154E-01  1.0648E+00  7.3250E-01 -3.5036E+00
  5.6640E-01  1.0604E+00  7.3433E-01 -3.5008E+00
  5.7130E-01  1.0560E+00  7.3608E-01 -3.4975E+00
  5.7624E-01  1.0515E+00  7.3776E-01 -3.4935E+00
  5.8122E-01  1.0469E+00  7.3935E-01 -3.4888E+00
  5.8624E-01  1.0422E+00  7.4087E-01 -3.4835E+00
  5.9131E-01  1.0375E+00  7.4230E-01 -3.4775E+00
  5.9642E-01  1.0326E+00  7.4365E-01 -3.4709E+00
  6.0158E-01  1.0277E+00  7.4491E-01 -3.4635E+00
  6.0678E-01  1.0227E+00  7.4608E-01 -3.4554E+00
  6.1203E-01  1.0176E+00  7.4716E-01 -3.4466E+00
  6.1732E-01  1.0125E+00  7.4815E-01 -3.4370E+00
  6.2265E-01  1.0072E+00  7.4905E-01 -3.4267E+00
  6.2804E-01  1.0019E+00  7.4985E-01 -3.4156E+00
  6.3347E-01  9.9649E-01  7.5054E-01 -3.4037E+00
  6.3894E-01  9.9101E-01  7.5114E-01 -3.3911E+00
  6.4447E-01  9.8545E-01  7.5164E-01 -3.3776E+00
  6.5004E-01  9.7982E-01  7.5203E-01 -3.3633E+00
  6.5566E-01  9.7411E-01  7.5232E-01 -3.3481E+00
  6.6133E-01  9.6833E-01  7.5249E-01 -3.3322E+00
  6.6705E-01  9.6248E-01  7.5256E-01 -3.3153E+00
  6.7281E-01  9.5655E-01  7.5251E-01 -3.2976E+00
  6.7863E-01  9.5056E-01  7.5235E-01 -3.2790E+00
  6.8450E-01  9.4449E-01  7.5208E-01 -3.2594E+00
  6.9041E-01  9.3836E-01  7.5168E-01 -3.2390E+00
  6.9638E-01  9.3215E-01  7.5117E-01 -3.2177E+00
  7.0240E-01  9.2588E-01  7.5054E-01 -3.1954E+00
  7.0848E-01  9.1955E-01  7.4978E-01 -3.1721E+00
  7.1460E-01  9.1314E-01  7.4890E-01 -3.1479E+00
  7.2078E-01  9.0668E-01  7.4789E-01 -3.1228E+00
  7.2701E-01  9.0015E-01  7.4675E-01 -3.0966E+00
  7.3330E-01  8.9356E-01  7.4549E-01 -3.0695E+00
  7.3964E-01  8.8692E-01  7.4409E-01 -3.0414E+00
  7.4603E-01  8.8021E-01  7.4257E-01 -3.0122E+00
  7.5248E-01  8.7344E-01  7.4091E-01 -2.9821E+00
  7.5899E-01  8.6662E-01  7.3911E-01 -2.9509E+00
  7.6555E-01  8.5975E-01  7.3718E-01 -2.9187E+00
  7.7217E-01  8.5282E-01  7.3512E-01 -2.8855E+00
  7.7884E-01  8.4584E-01  7.3291E-01 -2.8512E+00
  7.8558E-01  8.3881E-01  7.3057E-01 -2.8159E+00
  7.9237E-01  8.3172E-01  7.2809E-01 -2.7795E+00
  7.9922E-01  8.2459E-01  7.2546E-01 -2.7422E+00
  8.0613E-01  8.1742E-01  7.2270E-01 -2.7037E+00
  8.1310E-01  8.1020E-01  7.1980E-01 -2.6642E+00
  8.2013E-01  8.0293E-01  7.1675E-01 -2.6237E+00
  8.2722E-01  7.9562E-01  7.1357E-01 -2.5822E+00
  8.3437E-01  7.8827E-01  7.1024E-01 -2.5396E+00
  8.4158E-01  7.8089E-01  7.0677E-01 -2.4961E+00
  8.4886E-01  7.7346E-01  7.0316E-01 -2.4515E+00
  8.5620E-01  7.6600E-01  6.9941E-01 -2.4059E+00
  8.6360E-01  7.5851E-01  6.9551E-01 -2.3593E+00
  8.7107E-01  7.5098E-01  6.9148E-01 -2.3118E+00
  8.7860E-01  7.4342E-01  6.8731E-01 -2.2634E+00
  8.8619E-01  7.3583E-01  6.8300E-01 -2.2140E+00
  8.9386E-01  7.2822E-01  6.7855E-01 -2.1637E+00
  9.0158E-01  7.2058E-01  6.7396E-01 -2.1126E+00
  9.0938E-01  7.1291E-01  6.6924E-01 -2.0606E+00
  9.1724E-01  7.0522E-01  6.6439E-01 -2.0078E+00
  9.2517E-01  6.9751E-01  6.5941E-01 -1.9543E+00
  9.3317E-01  6.8978E-01  6.5429E-01 -1.9000E+00
  9.4124E-01  6.8203E-01  6.4905E-01 -1.8450E+00
  9.4937E-01  6.7427E-01  6.4368E-01 -1.7894E+00
  9.5758E-01  6.6649E-01  6.3819E-01 -1.7333E+00
  9.6586E-01  6.5870E-01  6.3258E-01 -1.6766E+00
  9.7421E-01  6.5091E-01  6.2685E-01 -1.6194E+00
  9.8263E-01  6.4310E-01  6.2101E-01 -1.5618E+00
  9.9113E-01  6.3528E-01  6.1505E-01 -1.5039E+00
  9.9970E-01  6.2746E-01  6.0899E-01 -1.4458E+00
  1.0083E+00  6.1964E-01  6.0282E-01 -1.3874E+00
  1.0171E+00  6.1181E-01  5.9655E-01 -1.3289E+00
  1.0259E+00  6.0399E-01  5.9019E-01 -1.2704E+00
  1.0347E+00  5.9616E-01  5.8373E-01 -1.2120E+00
  1.0437E+00  5.8834E-01  5.7718E-01 -1.1537E+00
  1.0527E+00  5.8053E-01  5.7055E-01 -1.0957E+00
  1.0618E+00  5.7272E-01  5.6384E-01 -1.0380E+00
  1.0710E+00  5.6493E-01  5.5705E-01 -9.8082E-01
  1.0802E+00  5.5714E-01  5.5019E-01 -9.2418E-01
  1.0896E+00  5.4937E-01  5.4327E-01 -8.6824E-01
  1.0990E+00  5.4161E-01  5.3629E-01 -8.1308E-01
  1.1085E+00  5.3386E-01  5.2925E-01 -7.5885E-01
  1.1181E+00  5.2614E-01  5.2216E-01 -7.0566E-01
  1.1277E+00  5.1844E-01  5.1503E-01 -6.5363E-01
  1.1375E+00  5.1075E-01  5.0786E-01 -6.0289E-01
  1.1473E+00  5.0309E-01  5.0065E-01 -5.5355E-01
  1.1572E+00  4.9546E-01  4.9342E-01 -5.0576E-01
  1.1672E+00  4.8785E-01  4.8616E-01 -4.5962E-01
  1.1773E+00  4.8027E-01  4.7889E-01 -4.1526E-01
  1.1875E+00  4.7272E-01  4.7160E-01 -3.7281E-01
  1.1978E+00  4.6520E-01  4.6431E-01 -3.3237E-01
  1.2081E+00  4.5772E-01  4.5701E-01 -2.9406E-01
  1.2186E+00  4.5027E-01  4.4972E-01 -2.5797E-01
  1.2291E+00  4.4285E-01  4.4244E-01 -2.2421E-01
  1.2397E+00  4.3548E-01  4.3517E-01 -1.9284E-01
  1.2505E+00  4.2815E-01  4.2792E-01 -1.6396E-01
  1.2613E+00  4.2085E-01  4.2069E-01 -1.3760E-01
  1.2722E+00  4.1360E-01  4.1349E-01 -1.1381E-01
  1.2832E+00  4.0640E-01  4.0632E-01 -9.2606E-02
  1.2943E+00  3.9924E-01  3.9919E-01 -7.3989E-02
  1.3055E+00  3.9212E-01  3.9210E-01 -5.7928E-02
  1.3167E+00  3.8506E-01  3.8504E-01 -4.4364E-02
  1.3281E+00  3.7805E-01  3.7804E-01 -3.3207E-02
  1.3396E+00  3.7109E-01  3.7108E-01 -2.4330E-02
  1.3512E+00  3.6418E-01  3.6418E-01 -1.7564E-02
  1.3629E+00  3.5732E-01  3.5732E-01 -1.2696E-02
  1.3747E+00  3.5052E-01  3.5052E-01 -9.4607E-03
  1.3865E+00  3.4378E-01  3.4378E-01 -7.5386E-03
  1.3985E+00  3.3710E-01  3.3710E-01 -6.5472E-03
  1.4106E+00  3.3047E-01  3.3047E-01 -6.0370E-03
  1.4228E+00  3.2391E-01  3.2391E-01 -5.4272E-03
  1.4351E+00  3.1740E-01  3.1740E-01 -4.7835E-03
  1.4475E+00  3.1096E-01  3.1096E-01 -4.1256E-03
  1.4600E+00  3.0459E-01  3.0459E-01 -3.4724E-03
  1.4727E+00  2.9827E-01  2.9827E-01 -2.8418E-03
  1.4854E+00  2.9203E-01  2.9203E-01 -2.2502E-03
  1.4982E+00  2.8584E-01  2.8584E-01 -1.7121E-03
  1.5112E+00  2.7973E-01  2.7973E-01 -1.2396E-03
  1.5243E+00  2.7369E-01  2.7369E-01 -8.4179E-04
  1.5374E+00  2.6771E-01  2.6771E-01 -5.2426E-04
  1.5507E+00  2.6180E-01  2.6180E-01 -2.8832E-04
  1.5641E+00  2.5597E-01  2.5597E-01 -1.3043E-04
  1.5777E+00  2.5020E-01  2.5020E-01 -4.1371E-05
  1.5913E+00  2.4451E-01  2.4451E-01 -5.5292E-06
  1.6051E+00  2.3889E-01  2.3889E-01  0.0000E+00
  1.6189E+00  2.3335E-01  2.3335E-01  0.0000E+00
  1.6329E+00  2.2787E-01  2.2787E-01  0.0000E+00
  1.6470E+00  2.2247E-01  2.2247E-01  0.0000E+00
  1.6613E+00  2.1715E-01  2.1715E-01  0.0000E+00
  1.6756E+00  2.1190E-01  2.1190E-01  0.0000E+00
  1.6901E+00  2.0672E-01  2.0672E-01  0.0000E+00
  1.7047E+00  2.0163E-01  2.0163E-01  0.0000E+00
  1.7195E+00  1.9660E-01  1.9660E-01  0.0000E+00
  1.7344E+00  1.9166E-01  1.9166E-01  0.0000E+00
  1.7493E+00  1.8679E-01  1.8679E-01  0.0000E+00
  1.7645E+00  1.8199E-01  1.8199E-01  0.0000E+00
  1.7797E+00  1.7728E-01  1.7728E-01  0.0000E+00
  1.7951E+00  1.7264E-01  1.7264E-01  0.0000E+00
  1.8106E+00  1.6807E-01  1.6807E-01  0.0000E+00
  1.8263E+00  1.6359E-01  1.6359E-01  0.0000E+00
  1.8421E+00  1.5918E-01  1.5918E-01  0.0000E+00
  1.8580E+00  1.5485E-01  1.5485E-01  0.0000E+00
  1.8741E+00  1.5059E-01  1.5059E-01  0.0000E+00
  1.8903E+00  1.4641E-01  1.4641E-01  0.0000E+00
  1.9066E+00  1.4231E-01  1.4231E-01  0.0000E+00
  1.9231E+00  1.3828E-01  1.3828E-01  0.0000E+00
  1.9397E+00  1.3433E-01  1.3433E-01  0.0000E+00
  1.9565E+00  1.3046E-01  1.3046E-01  0.0000E+00
  1.9734E+00  1.2666E-01  1.2666E-01  0.0000E+00
  1.9905E+00  1.2293E-01  1.2293E-01  0.0000E+00
  2.0077E+00  1.1928E-01  1.1928E-01  0.0000E+00
  2.0250E+00  1.1571E-01  1.1571E-01  0.0000E+00
  2.0425E+00  1.1221E-01  1.1221E-01  0.0000E+00
  2.0602E+00  1.0878E-01  1.0878E-01  0.0000E+00
  2.0780E+00  1.0542E-01  1.0542E-01  0.0000E+00
  2.0960E+00  1.0214E-01  1.0214E-01  0.0000E+00
  2.1141E+00  9.8929E-02  9.8929E-02  0.0000E+00
  2.1324E+00  9.5790E-02  9.5790E-02  0.0000E+00
  2.1508E+00  9.2721E-02  9.2721E-02  0.0000E+00
  2.1694E+00  8.9722E-02  8.9722E-02  0.0000E+00
  2.1882E+00  8.6792E-02  8.6792E-02  0.0000E+00
  2.2071E+00  8.3932E-02  8.3932E-02  0.0000E+00
  2.2262E+00  8.1139E-02  8.1139E-02  0.0000E+00
  2.2454E+00  7.8414E-02  7.8414E-02  0.0000E+00
  2.2648E+00  7.5755E-02  7.5755E-02  0.0000E+00
  2.2844E+00  7.3163E-02  7.3163E-02  0.0000E+00
  2.3041E+00  7.0635E-02  7.0635E-02  0.0000E+00
  2.3241E+00  6.8172E-02  6.8172E-02  0.0000E+00
  2.3442E+00  6.5773E-02  6.5773E-02  0.0000E+00
  2.3644E+00  6.3436E-02  6.3436E-02  0.0000E+00
  2.3849E+00  6.1161E-02  6.1161E-02  0.0000E+00
  2.4055E+00  5.8947E-02  5.8947E-02  0.0000E+00
  2.4263E+00  5.6793E-02  5.6793E-02  0.0000E+00
  2.4473E+00  5.4699E-02  5.4699E-02  0.0000E+00
  2.4684E+00  5.2663E-02  5.2663E-02  0.0000E+00
