 # l=           0 energy= -4.999999999999982E-002
  0.0000E+00  0.0000E+00  0.0000E+00  0.0000E+00
  2.8818E-08 -1.6107E-08 -1.9220E-07 -1.9274E-07
  5.7886E-08 -3.2354E-08 -3.8606E-07 -3.8715E-07
  8.7205E-08 -4.8741E-08 -5.8160E-07 -5.8325E-07
  1.1678E-07 -6.5269E-08 -7.7883E-07 -7.8103E-07
  1.4661E-07 -8.1941E-08 -9.7776E-07 -9.8053E-07
  1.7669E-07 -9.8757E-08 -1.1784E-06 -1.1818E-06
  2.0704E-07 -1.1572E-07 -1.3808E-06 -1.3847E-06
  2.3765E-07 -1.3283E-07 -1.5849E-06 -1.5894E-06
  2.6852E-07 -1.5008E-07 -1.7908E-06 -1.7959E-06
  2.9966E-07 -1.6749E-07 -1.9985E-06 -2.0042E-06
  3.3107E-07 -1.8504E-07 -2.2080E-06 -2.2143E-06
  3.6275E-07 -2.0275E-07 -2.4193E-06 -2.4261E-06
  3.9470E-07 -2.2061E-07 -2.6324E-06 -2.6399E-06
  4.2693E-07 -2.3862E-07 -2.8474E-06 -2.8554E-06
  4.5944E-07 -2.5679E-07 -3.0642E-06 -3.0729E-06
  4.9223E-07 -2.7512E-07 -3.2829E-06 -3.2922E-06
  5.2531E-07 -2.9361E-07 -3.5035E-06 -3.5134E-06
  5.5867E-07 -3.1225E-07 -3.7259E-06 -3.7365E-06
  5.9232E-07 -3.3106E-07 -3.9504E-06 -3.9615E-06
  6.2625E-07 -3.5003E-07 -4.1767E-06 -4.1885E-06
  6.6049E-07 -3.6916E-07 -4.4050E-06 -4.4175E-06
  6.9502E-07 -3.8846E-07 -4.6353E-06 -4.6484E-06
  7.2984E-07 -4.0793E-07 -4.8676E-06 -4.8814E-06
  7.6497E-07 -4.2756E-07 -5.1019E-06 -5.1163E-06
  8.0040E-07 -4.4736E-07 -5.3382E-06 -5.3533E-06
  8.3614E-07 -4.6734E-07 -5.5765E-06 -5.5923E-06
  8.7219E-07 -4.8749E-07 -5.8169E-06 -5.8334E-06
  9.0855E-07 -5.0781E-07 -6.0594E-06 -6.0766E-06
  9.4522E-07 -5.2831E-07 -6.3040E-06 -6.3218E-06
  9.8221E-07 -5.4898E-07 -6.5507E-06 -6.5692E-06
  1.0195E-06 -5.6983E-07 -6.7995E-06 -6.8188E-06
  1.0572E-06 -5.9087E-07 -7.0505E-06 -7.0705E-06
  1.0951E-06 -6.1208E-07 -7.3037E-06 -7.3243E-06
  1.1334E-06 -6.3348E-07 -7.5590E-06 -7.5804E-06
  1.1720E-06 -6.5507E-07 -7.8166E-06 -7.8387E-06
  1.2110E-06 -6.7684E-07 -8.0763E-06 -8.0992E-06
  1.2503E-06 -6.9880E-07 -8.3384E-06 -8.3620E-06
  1.2899E-06 -7.2095E-07 -8.6027E-06 -8.6270E-06
  1.3299E-06 -7.4329E-07 -8.8692E-06 -8.8943E-06
  1.3702E-06 -7.6582E-07 -9.1381E-06 -9.1640E-06
  1.4108E-06 -7.8855E-07 -9.4093E-06 -9.4359E-06
  1.4518E-06 -8.1147E-07 -9.6829E-06 -9.7103E-06
  1.4932E-06 -8.3459E-07 -9.9588E-06 -9.9870E-06
  1.5349E-06 -8.5792E-07 -1.0237E-05 -1.0266E-05
  1.5770E-06 -8.8144E-07 -1.0518E-05 -1.0548E-05
  1.6195E-06 -9.0517E-07 -1.0801E-05 -1.0831E-05
  1.6623E-06 -9.2910E-07 -1.1086E-05 -1.1118E-05
  1.7055E-06 -9.5324E-07 -1.1375E-05 -1.1407E-05
  1.7491E-06 -9.7759E-07 -1.1665E-05 -1.1698E-05
  1.7930E-06 -1.0021E-06 -1.1958E-05 -1.1992E-05
  1.8373E-06 -1.0269E-06 -1.2254E-05 -1.2288E-05
  1.8820E-06 -1.0519E-06 -1.2552E-05 -1.2587E-05
  1.9271E-06 -1.0771E-06 -1.2853E-05 -1.2889E-05
  1.9726E-06 -1.1025E-06 -1.3156E-05 -1.3193E-05
  2.0185E-06 -1.1282E-06 -1.3462E-05 -1.3500E-05
  2.0647E-06 -1.1540E-06 -1.3770E-05 -1.3809E-05
  2.1114E-06 -1.1801E-06 -1.4082E-05 -1.4121E-05
  2.1585E-06 -1.2064E-06 -1.4396E-05 -1.4436E-05
  2.2060E-06 -1.2330E-06 -1.4712E-05 -1.4754E-05
  2.2538E-06 -1.2597E-06 -1.5032E-05 -1.5074E-05
  2.3021E-06 -1.2867E-06 -1.5354E-05 -1.5397E-05
  2.3509E-06 -1.3140E-06 -1.5679E-05 -1.5723E-05
  2.4000E-06 -1.3414E-06 -1.6006E-05 -1.6052E-05
  2.4496E-06 -1.3691E-06 -1.6337E-05 -1.6383E-05
  2.4996E-06 -1.3971E-06 -1.6670E-05 -1.6718E-05
  2.5500E-06 -1.4253E-06 -1.7007E-05 -1.7055E-05
  2.6009E-06 -1.4537E-06 -1.7346E-05 -1.7395E-05
  2.6522E-06 -1.4824E-06 -1.7688E-05 -1.7738E-05
  2.7039E-06 -1.5113E-06 -1.8033E-05 -1.8084E-05
  2.7561E-06 -1.5405E-06 -1.8381E-05 -1.8433E-05
  2.8088E-06 -1.5699E-06 -1.8732E-05 -1.8786E-05
  2.8619E-06 -1.5996E-06 -1.9087E-05 -1.9141E-05
  2.9154E-06 -1.6295E-06 -1.9444E-05 -1.9499E-05
  2.9694E-06 -1.6597E-06 -1.9804E-05 -1.9860E-05
  3.0239E-06 -1.6902E-06 -2.0168E-05 -2.0225E-05
  3.0789E-06 -1.7209E-06 -2.0534E-05 -2.0592E-05
  3.1343E-06 -1.7519E-06 -2.0904E-05 -2.0963E-05
  3.1903E-06 -1.7831E-06 -2.1277E-05 -2.1337E-05
  3.2467E-06 -1.8146E-06 -2.1653E-05 -2.1714E-05
  3.3035E-06 -1.8464E-06 -2.2032E-05 -2.2095E-05
  3.3609E-06 -1.8785E-06 -2.2415E-05 -2.2478E-05
  3.4188E-06 -1.9108E-06 -2.2801E-05 -2.2866E-05
  3.4772E-06 -1.9435E-06 -2.3190E-05 -2.3256E-05
  3.5361E-06 -1.9764E-06 -2.3583E-05 -2.3650E-05
  3.5954E-06 -2.0096E-06 -2.3979E-05 -2.4047E-05
  3.6553E-06 -2.0431E-06 -2.4379E-05 -2.4448E-05
  3.7158E-06 -2.0768E-06 -2.4782E-05 -2.4852E-05
  3.7767E-06 -2.1109E-06 -2.5188E-05 -2.5259E-05
  3.8382E-06 -2.1452E-06 -2.5598E-05 -2.5670E-05
  3.9002E-06 -2.1799E-06 -2.6011E-05 -2.6085E-05
  3.9627E-06 -2.2149E-06 -2.6428E-05 -2.6503E-05
  4.0258E-06 -2.2501E-06 -2.6849E-05 -2.6925E-05
  4.0894E-06 -2.2857E-06 -2.7273E-05 -2.7351E-05
  4.1536E-06 -2.3215E-06 -2.7701E-05 -2.7780E-05
  4.2183E-06 -2.3577E-06 -2.8133E-05 -2.8213E-05
  4.2836E-06 -2.3942E-06 -2.8569E-05 -2.8649E-05
  4.3495E-06 -2.4310E-06 -2.9008E-05 -2.9090E-05
  4.4159E-06 -2.4681E-06 -2.9451E-05 -2.9534E-05
  4.4829E-06 -2.5056E-06 -2.9898E-05 -2.9982E-05
  4.5505E-06 -2.5434E-06 -3.0348E-05 -3.0434E-05
  4.6186E-06 -2.5815E-06 -3.0803E-05 -3.0890E-05
  4.6874E-06 -2.6199E-06 -3.1261E-05 -3.1350E-05
  4.7567E-06 -2.6586E-06 -3.1724E-05 -3.1814E-05
  4.8266E-06 -2.6977E-06 -3.2190E-05 -3.2281E-05
  4.8972E-06 -2.7372E-06 -3.2661E-05 -3.2753E-05
  4.9684E-06 -2.7769E-06 -3.3135E-05 -3.3229E-05
  5.0401E-06 -2.8170E-06 -3.3614E-05 -3.3709E-05
  5.1125E-06 -2.8575E-06 -3.4097E-05 -3.4193E-05
  5.1855E-06 -2.8983E-06 -3.4584E-05 -3.4682E-05
  5.2592E-06 -2.9395E-06 -3.5075E-05 -3.5174E-05
  5.3335E-06 -2.9810E-06 -3.5570E-05 -3.5671E-05
  5.4084E-06 -3.0229E-06 -3.6070E-05 -3.6172E-05
  5.4840E-06 -3.0651E-06 -3.6574E-05 -3.6678E-05
  5.5602E-06 -3.1077E-06 -3.7082E-05 -3.7187E-05
  5.6371E-06 -3.1507E-06 -3.7595E-05 -3.7702E-05
  5.7146E-06 -3.1941E-06 -3.8112E-05 -3.8220E-05
  5.7929E-06 -3.2378E-06 -3.8634E-05 -3.8743E-05
  5.8718E-06 -3.2819E-06 -3.9160E-05 -3.9271E-05
  5.9514E-06 -3.3264E-06 -3.9691E-05 -3.9803E-05
  6.0316E-06 -3.3712E-06 -4.0226E-05 -4.0340E-05
  6.1126E-06 -3.4165E-06 -4.0766E-05 -4.0882E-05
  6.1943E-06 -3.4621E-06 -4.1311E-05 -4.1428E-05
  6.2766E-06 -3.5082E-06 -4.1860E-05 -4.1979E-05
  6.3597E-06 -3.5546E-06 -4.2414E-05 -4.2534E-05
  6.4435E-06 -3.6014E-06 -4.2973E-05 -4.3095E-05
  6.5280E-06 -3.6487E-06 -4.3537E-05 -4.3660E-05
  6.6133E-06 -3.6963E-06 -4.4106E-05 -4.4230E-05
  6.6993E-06 -3.7444E-06 -4.4679E-05 -4.4806E-05
  6.7860E-06 -3.7929E-06 -4.5258E-05 -4.5386E-05
  6.8735E-06 -3.8418E-06 -4.5841E-05 -4.5971E-05
  6.9618E-06 -3.8911E-06 -4.6430E-05 -4.6561E-05
  7.0508E-06 -3.9408E-06 -4.7023E-05 -4.7156E-05
  7.1405E-06 -3.9910E-06 -4.7622E-05 -4.7757E-05
  7.2311E-06 -4.0416E-06 -4.8226E-05 -4.8362E-05
  7.3224E-06 -4.0927E-06 -4.8835E-05 -4.8973E-05
  7.4146E-06 -4.1442E-06 -4.9449E-05 -4.9589E-05
  7.5075E-06 -4.1961E-06 -5.0069E-05 -5.0211E-05
  7.6012E-06 -4.2485E-06 -5.0694E-05 -5.0837E-05
  7.6957E-06 -4.3013E-06 -5.1324E-05 -5.1470E-05
  7.7911E-06 -4.3546E-06 -5.1960E-05 -5.2107E-05
  7.8873E-06 -4.4084E-06 -5.2602E-05 -5.2751E-05
  7.9843E-06 -4.4626E-06 -5.3249E-05 -5.3399E-05
  8.0821E-06 -4.5173E-06 -5.3901E-05 -5.4054E-05
  8.1808E-06 -4.5724E-06 -5.4559E-05 -5.4714E-05
  8.2804E-06 -4.6281E-06 -5.5223E-05 -5.5380E-05
  8.3808E-06 -4.6842E-06 -5.5893E-05 -5.6051E-05
  8.4820E-06 -4.7408E-06 -5.6568E-05 -5.6728E-05
  8.5842E-06 -4.7979E-06 -5.7250E-05 -5.7412E-05
  8.6872E-06 -4.8555E-06 -5.7937E-05 -5.8101E-05
  8.7911E-06 -4.9136E-06 -5.8630E-05 -5.8796E-05
  8.8960E-06 -4.9722E-06 -5.9329E-05 -5.9497E-05
  9.0017E-06 -5.0313E-06 -6.0034E-05 -6.0204E-05
  9.1083E-06 -5.0909E-06 -6.0745E-05 -6.0917E-05
  9.2159E-06 -5.1510E-06 -6.1462E-05 -6.1636E-05
  9.3244E-06 -5.2116E-06 -6.2186E-05 -6.2362E-05
  9.4338E-06 -5.2728E-06 -6.2916E-05 -6.3094E-05
  9.5442E-06 -5.3345E-06 -6.3652E-05 -6.3832E-05
  9.6555E-06 -5.3967E-06 -6.4394E-05 -6.4577E-05
  9.7678E-06 -5.4595E-06 -6.5143E-05 -6.5328E-05
  9.8811E-06 -5.5228E-06 -6.5899E-05 -6.6085E-05
  9.9953E-06 -5.5866E-06 -6.6661E-05 -6.6849E-05
  1.0111E-05 -5.6510E-06 -6.7429E-05 -6.7620E-05
  1.0227E-05 -5.7160E-06 -6.8204E-05 -6.8397E-05
  1.0344E-05 -5.7815E-06 -6.8986E-05 -6.9181E-05
  1.0462E-05 -5.8476E-06 -6.9775E-05 -6.9972E-05
  1.0582E-05 -5.9143E-06 -7.0570E-05 -7.0770E-05
  1.0702E-05 -5.9815E-06 -7.1372E-05 -7.1574E-05
  1.0823E-05 -6.0493E-06 -7.2182E-05 -7.2386E-05
  1.0946E-05 -6.1178E-06 -7.2998E-05 -7.3204E-05
  1.1069E-05 -6.1867E-06 -7.3821E-05 -7.4030E-05
  1.1194E-05 -6.2563E-06 -7.4651E-05 -7.4863E-05
  1.1319E-05 -6.3265E-06 -7.5489E-05 -7.5703E-05
  1.1446E-05 -6.3973E-06 -7.6334E-05 -7.6550E-05
  1.1574E-05 -6.4688E-06 -7.7186E-05 -7.7404E-05
  1.1702E-05 -6.5408E-06 -7.8045E-05 -7.8266E-05
  1.1832E-05 -6.6134E-06 -7.8912E-05 -7.9136E-05
  1.1964E-05 -6.6867E-06 -7.9787E-05 -8.0012E-05
  1.2096E-05 -6.7606E-06 -8.0669E-05 -8.0897E-05
  1.2229E-05 -6.8352E-06 -8.1558E-05 -8.1789E-05
  1.2364E-05 -6.9104E-06 -8.2455E-05 -8.2689E-05
  1.2499E-05 -6.9863E-06 -8.3360E-05 -8.3596E-05
  1.2636E-05 -7.0628E-06 -8.4273E-05 -8.4512E-05
  1.2774E-05 -7.1399E-06 -8.5194E-05 -8.5435E-05
  1.2914E-05 -7.2178E-06 -8.6123E-05 -8.6367E-05
  1.3054E-05 -7.2963E-06 -8.7060E-05 -8.7306E-05
  1.3196E-05 -7.3755E-06 -8.8004E-05 -8.8253E-05
  1.3339E-05 -7.4553E-06 -8.8957E-05 -8.9209E-05
  1.3483E-05 -7.5359E-06 -8.9919E-05 -9.0173E-05
  1.3628E-05 -7.6172E-06 -9.0888E-05 -9.1145E-05
  1.3775E-05 -7.6991E-06 -9.1866E-05 -9.2126E-05
  1.3923E-05 -7.7818E-06 -9.2852E-05 -9.3115E-05
  1.4072E-05 -7.8652E-06 -9.3847E-05 -9.4113E-05
  1.4222E-05 -7.9493E-06 -9.4851E-05 -9.5119E-05
  1.4374E-05 -8.0341E-06 -9.5863E-05 -9.6134E-05
  1.4527E-05 -8.1197E-06 -9.6884E-05 -9.7158E-05
  1.4682E-05 -8.2060E-06 -9.7914E-05 -9.8191E-05
  1.4838E-05 -8.2930E-06 -9.8952E-05 -9.9232E-05
  1.4995E-05 -8.3808E-06 -1.0000E-04 -1.0028E-04
  1.5153E-05 -8.4694E-06 -1.0106E-04 -1.0134E-04
  1.5313E-05 -8.5587E-06 -1.0212E-04 -1.0241E-04
  1.5474E-05 -8.6488E-06 -1.0320E-04 -1.0349E-04
  1.5637E-05 -8.7397E-06 -1.0428E-04 -1.0458E-04
  1.5801E-05 -8.8314E-06 -1.0538E-04 -1.0567E-04
  1.5966E-05 -8.9238E-06 -1.0648E-04 -1.0678E-04
  1.6133E-05 -9.0171E-06 -1.0759E-04 -1.0790E-04
  1.6301E-05 -9.1112E-06 -1.0871E-04 -1.0902E-04
  1.6471E-05 -9.2060E-06 -1.0985E-04 -1.1016E-04
  1.6642E-05 -9.3017E-06 -1.1099E-04 -1.1130E-04
  1.6815E-05 -9.3983E-06 -1.1214E-04 -1.1246E-04
  1.6989E-05 -9.4956E-06 -1.1330E-04 -1.1362E-04
  1.7165E-05 -9.5938E-06 -1.1447E-04 -1.1480E-04
  1.7342E-05 -9.6929E-06 -1.1565E-04 -1.1598E-04
  1.7521E-05 -9.7928E-06 -1.1685E-04 -1.1718E-04
  1.7701E-05 -9.8936E-06 -1.1805E-04 -1.1838E-04
  1.7883E-05 -9.9952E-06 -1.1926E-04 -1.1960E-04
  1.8066E-05 -1.0098E-05 -1.2048E-04 -1.2083E-04
  1.8251E-05 -1.0201E-05 -1.2172E-04 -1.2206E-04
  1.8438E-05 -1.0305E-05 -1.2296E-04 -1.2331E-04
  1.8626E-05 -1.0411E-05 -1.2422E-04 -1.2457E-04
  1.8816E-05 -1.0517E-05 -1.2548E-04 -1.2584E-04
  1.9008E-05 -1.0624E-05 -1.2676E-04 -1.2712E-04
  1.9201E-05 -1.0732E-05 -1.2805E-04 -1.2841E-04
  1.9396E-05 -1.0841E-05 -1.2935E-04 -1.2971E-04
  1.9592E-05 -1.0950E-05 -1.3066E-04 -1.3103E-04
  1.9790E-05 -1.1061E-05 -1.3198E-04 -1.3235E-04
  1.9990E-05 -1.1173E-05 -1.3331E-04 -1.3369E-04
  2.0192E-05 -1.1286E-05 -1.3466E-04 -1.3504E-04
  2.0395E-05 -1.1399E-05 -1.3601E-04 -1.3640E-04
  2.0600E-05 -1.1514E-05 -1.3738E-04 -1.3777E-04
  2.0807E-05 -1.1630E-05 -1.3876E-04 -1.3916E-04
  2.1016E-05 -1.1746E-05 -1.4015E-04 -1.4055E-04
  2.1226E-05 -1.1864E-05 -1.4156E-04 -1.4196E-04
  2.1439E-05 -1.1983E-05 -1.4297E-04 -1.4338E-04
  2.1653E-05 -1.2102E-05 -1.4440E-04 -1.4481E-04
  2.1869E-05 -1.2223E-05 -1.4584E-04 -1.4626E-04
  2.2087E-05 -1.2345E-05 -1.4730E-04 -1.4771E-04
  2.2307E-05 -1.2468E-05 -1.4876E-04 -1.4918E-04
  2.2528E-05 -1.2592E-05 -1.5024E-04 -1.5066E-04
  2.2752E-05 -1.2717E-05 -1.5173E-04 -1.5216E-04
  2.2977E-05 -1.2843E-05 -1.5323E-04 -1.5367E-04
  2.3205E-05 -1.2970E-05 -1.5475E-04 -1.5519E-04
  2.3434E-05 -1.3098E-05 -1.5628E-04 -1.5672E-04
  2.3666E-05 -1.3227E-05 -1.5782E-04 -1.5827E-04
  2.3899E-05 -1.3358E-05 -1.5938E-04 -1.5983E-04
  2.4135E-05 -1.3489E-05 -1.6095E-04 -1.6141E-04
  2.4372E-05 -1.3622E-05 -1.6253E-04 -1.6299E-04
  2.4612E-05 -1.3756E-05 -1.6413E-04 -1.6460E-04
  2.4853E-05 -1.3891E-05 -1.6574E-04 -1.6621E-04
  2.5097E-05 -1.4027E-05 -1.6737E-04 -1.6784E-04
  2.5343E-05 -1.4165E-05 -1.6901E-04 -1.6949E-04
  2.5591E-05 -1.4303E-05 -1.7066E-04 -1.7114E-04
  2.5841E-05 -1.4443E-05 -1.7233E-04 -1.7282E-04
  2.6093E-05 -1.4584E-05 -1.7401E-04 -1.7450E-04
  2.6347E-05 -1.4726E-05 -1.7571E-04 -1.7620E-04
  2.6604E-05 -1.4870E-05 -1.7742E-04 -1.7792E-04
  2.6863E-05 -1.5014E-05 -1.7914E-04 -1.7965E-04
  2.7124E-05 -1.5160E-05 -1.8088E-04 -1.8140E-04
  2.7387E-05 -1.5307E-05 -1.8264E-04 -1.8316E-04
  2.7653E-05 -1.5456E-05 -1.8441E-04 -1.8493E-04
  2.7921E-05 -1.5605E-05 -1.8620E-04 -1.8672E-04
  2.8191E-05 -1.5757E-05 -1.8800E-04 -1.8853E-04
  2.8463E-05 -1.5909E-05 -1.8982E-04 -1.9035E-04
  2.8738E-05 -1.6062E-05 -1.9165E-04 -1.9219E-04
  2.9016E-05 -1.6217E-05 -1.9350E-04 -1.9405E-04
  2.9295E-05 -1.6374E-05 -1.9536E-04 -1.9592E-04
  2.9577E-05 -1.6531E-05 -1.9724E-04 -1.9780E-04
  2.9862E-05 -1.6690E-05 -1.9914E-04 -1.9971E-04
  3.0149E-05 -1.6851E-05 -2.0106E-04 -2.0162E-04
  3.0438E-05 -1.7013E-05 -2.0299E-04 -2.0356E-04
  3.0730E-05 -1.7176E-05 -2.0493E-04 -2.0551E-04
  3.1025E-05 -1.7340E-05 -2.0690E-04 -2.0748E-04
  3.1322E-05 -1.7506E-05 -2.0888E-04 -2.0947E-04
  3.1621E-05 -1.7674E-05 -2.1087E-04 -2.1147E-04
  3.1924E-05 -1.7843E-05 -2.1289E-04 -2.1349E-04
  3.2228E-05 -1.8013E-05 -2.1492E-04 -2.1553E-04
  3.2536E-05 -1.8185E-05 -2.1697E-04 -2.1759E-04
  3.2846E-05 -1.8358E-05 -2.1904E-04 -2.1966E-04
  3.3159E-05 -1.8533E-05 -2.2113E-04 -2.2175E-04
  3.3474E-05 -1.8710E-05 -2.2323E-04 -2.2386E-04
  3.3792E-05 -1.8887E-05 -2.2535E-04 -2.2599E-04
  3.4113E-05 -1.9067E-05 -2.2749E-04 -2.2814E-04
  3.4437E-05 -1.9248E-05 -2.2965E-04 -2.3030E-04
  3.4764E-05 -1.9430E-05 -2.3183E-04 -2.3248E-04
  3.5093E-05 -1.9614E-05 -2.3402E-04 -2.3469E-04
  3.5425E-05 -1.9800E-05 -2.3624E-04 -2.3691E-04
  3.5760E-05 -1.9987E-05 -2.3847E-04 -2.3915E-04
  3.6098E-05 -2.0176E-05 -2.4073E-04 -2.4141E-04
  3.6439E-05 -2.0367E-05 -2.4300E-04 -2.4369E-04
  3.6783E-05 -2.0559E-05 -2.4529E-04 -2.4599E-04
  3.7130E-05 -2.0753E-05 -2.4761E-04 -2.4831E-04
  3.7480E-05 -2.0948E-05 -2.4994E-04 -2.5065E-04
  3.7833E-05 -2.1146E-05 -2.5229E-04 -2.5301E-04
  3.8189E-05 -2.1344E-05 -2.5466E-04 -2.5539E-04
  3.8548E-05 -2.1545E-05 -2.5706E-04 -2.5779E-04
  3.8910E-05 -2.1748E-05 -2.5947E-04 -2.6021E-04
  3.9275E-05 -2.1952E-05 -2.6191E-04 -2.6265E-04
  3.9643E-05 -2.2158E-05 -2.6436E-04 -2.6511E-04
  4.0015E-05 -2.2365E-05 -2.6684E-04 -2.6760E-04
  4.0390E-05 -2.2575E-05 -2.6934E-04 -2.7010E-04
  4.0768E-05 -2.2786E-05 -2.7186E-04 -2.7263E-04
  4.1149E-05 -2.2999E-05 -2.7440E-04 -2.7518E-04
  4.1533E-05 -2.3214E-05 -2.7697E-04 -2.7775E-04
  4.1921E-05 -2.3431E-05 -2.7955E-04 -2.8034E-04
  4.2313E-05 -2.3649E-05 -2.8216E-04 -2.8296E-04
  4.2707E-05 -2.3870E-05 -2.8479E-04 -2.8560E-04
  4.3105E-05 -2.4093E-05 -2.8745E-04 -2.8826E-04
  4.3507E-05 -2.4317E-05 -2.9012E-04 -2.9095E-04
  4.3912E-05 -2.4543E-05 -2.9282E-04 -2.9365E-04
  4.4320E-05 -2.4772E-05 -2.9555E-04 -2.9638E-04
  4.4732E-05 -2.5002E-05 -2.9829E-04 -2.9914E-04
  4.5148E-05 -2.5234E-05 -3.0107E-04 -3.0192E-04
  4.5567E-05 -2.5468E-05 -3.0386E-04 -3.0472E-04
  4.5990E-05 -2.5705E-05 -3.0668E-04 -3.0755E-04
  4.6416E-05 -2.5943E-05 -3.0952E-04 -3.1040E-04
  4.6846E-05 -2.6183E-05 -3.1239E-04 -3.1327E-04
  4.7280E-05 -2.6426E-05 -3.1528E-04 -3.1617E-04
  4.7717E-05 -2.6670E-05 -3.1820E-04 -3.1910E-04
  4.8159E-05 -2.6917E-05 -3.2114E-04 -3.2205E-04
  4.8604E-05 -2.7166E-05 -3.2411E-04 -3.2503E-04
  4.9053E-05 -2.7417E-05 -3.2710E-04 -3.2803E-04
  4.9506E-05 -2.7670E-05 -3.3012E-04 -3.3106E-04
  4.9963E-05 -2.7925E-05 -3.3317E-04 -3.3411E-04
  5.0424E-05 -2.8183E-05 -3.3624E-04 -3.3719E-04
  5.0888E-05 -2.8443E-05 -3.3934E-04 -3.4030E-04
  5.1357E-05 -2.8705E-05 -3.4247E-04 -3.4344E-04
  5.1830E-05 -2.8969E-05 -3.4562E-04 -3.4660E-04
  5.2307E-05 -2.9236E-05 -3.4880E-04 -3.4979E-04
  5.2788E-05 -2.9504E-05 -3.5201E-04 -3.5300E-04
  5.3273E-05 -2.9776E-05 -3.5524E-04 -3.5625E-04
  5.3762E-05 -3.0049E-05 -3.5850E-04 -3.5952E-04
  5.4256E-05 -3.0325E-05 -3.6179E-04 -3.6282E-04
  5.4754E-05 -3.0603E-05 -3.6511E-04 -3.6615E-04
  5.5256E-05 -3.0884E-05 -3.6846E-04 -3.6951E-04
  5.5763E-05 -3.1167E-05 -3.7184E-04 -3.7289E-04
  5.6274E-05 -3.1453E-05 -3.7525E-04 -3.7631E-04
  5.6789E-05 -3.1741E-05 -3.7868E-04 -3.7975E-04
  5.7309E-05 -3.2031E-05 -3.8215E-04 -3.8323E-04
  5.7833E-05 -3.2324E-05 -3.8564E-04 -3.8673E-04
  5.8362E-05 -3.2620E-05 -3.8917E-04 -3.9027E-04
  5.8895E-05 -3.2918E-05 -3.9272E-04 -3.9384E-04
  5.9433E-05 -3.3219E-05 -3.9631E-04 -3.9743E-04
  5.9976E-05 -3.3522E-05 -3.9993E-04 -4.0106E-04
  6.0523E-05 -3.3828E-05 -4.0358E-04 -4.0472E-04
  6.1075E-05 -3.4136E-05 -4.0726E-04 -4.0841E-04
  6.1632E-05 -3.4448E-05 -4.1097E-04 -4.1213E-04
  6.2194E-05 -3.4762E-05 -4.1472E-04 -4.1589E-04
  6.2760E-05 -3.5078E-05 -4.1849E-04 -4.1968E-04
  6.3332E-05 -3.5398E-05 -4.2230E-04 -4.2350E-04
  6.3908E-05 -3.5720E-05 -4.2614E-04 -4.2735E-04
  6.4489E-05 -3.6045E-05 -4.3002E-04 -4.3124E-04
  6.5076E-05 -3.6372E-05 -4.3393E-04 -4.3516E-04
  6.5667E-05 -3.6703E-05 -4.3787E-04 -4.3911E-04
  6.6264E-05 -3.7036E-05 -4.4185E-04 -4.4310E-04
  6.6865E-05 -3.7373E-05 -4.4586E-04 -4.4712E-04
  6.7472E-05 -3.7712E-05 -4.4991E-04 -4.5118E-04
  6.8084E-05 -3.8054E-05 -4.5399E-04 -4.5527E-04
  6.8702E-05 -3.8399E-05 -4.5810E-04 -4.5940E-04
  6.9325E-05 -3.8747E-05 -4.6226E-04 -4.6356E-04
  6.9953E-05 -3.9098E-05 -4.6644E-04 -4.6776E-04
  7.0586E-05 -3.9452E-05 -4.7067E-04 -4.7200E-04
  7.1226E-05 -3.9810E-05 -4.7493E-04 -4.7627E-04
  7.1870E-05 -4.0170E-05 -4.7922E-04 -4.8058E-04
  7.2520E-05 -4.0533E-05 -4.8356E-04 -4.8493E-04
  7.3176E-05 -4.0900E-05 -4.8793E-04 -4.8931E-04
  7.3838E-05 -4.1270E-05 -4.9234E-04 -4.9373E-04
  7.4505E-05 -4.1642E-05 -4.9679E-04 -4.9819E-04
  7.5178E-05 -4.2019E-05 -5.0127E-04 -5.0269E-04
  7.5856E-05 -4.2398E-05 -5.0580E-04 -5.0723E-04
  7.6541E-05 -4.2781E-05 -5.1036E-04 -5.1181E-04
  7.7232E-05 -4.3167E-05 -5.1497E-04 -5.1642E-04
  7.7928E-05 -4.3556E-05 -5.1961E-04 -5.2108E-04
  7.8631E-05 -4.3949E-05 -5.2429E-04 -5.2578E-04
  7.9339E-05 -4.4345E-05 -5.2902E-04 -5.3051E-04
  8.0054E-05 -4.4744E-05 -5.3378E-04 -5.3529E-04
  8.0775E-05 -4.5147E-05 -5.3859E-04 -5.4011E-04
  8.1502E-05 -4.5553E-05 -5.4343E-04 -5.4497E-04
  8.2236E-05 -4.5963E-05 -5.4832E-04 -5.4988E-04
  8.2975E-05 -4.6377E-05 -5.5326E-04 -5.5482E-04
  8.3722E-05 -4.6794E-05 -5.5823E-04 -5.5981E-04
  8.4474E-05 -4.7215E-05 -5.6325E-04 -5.6484E-04
  8.5233E-05 -4.7639E-05 -5.6831E-04 -5.6992E-04
  8.5999E-05 -4.8067E-05 -5.7341E-04 -5.7503E-04
  8.6771E-05 -4.8499E-05 -5.7856E-04 -5.8020E-04
  8.7550E-05 -4.8934E-05 -5.8375E-04 -5.8540E-04
  8.8336E-05 -4.9373E-05 -5.8899E-04 -5.9066E-04
  8.9129E-05 -4.9816E-05 -5.9427E-04 -5.9595E-04
  8.9928E-05 -5.0263E-05 -5.9960E-04 -6.0130E-04
  9.0734E-05 -5.0714E-05 -6.0498E-04 -6.0669E-04
  9.1548E-05 -5.1168E-05 -6.1040E-04 -6.1212E-04
  9.2368E-05 -5.1627E-05 -6.1586E-04 -6.1761E-04
  9.3195E-05 -5.2089E-05 -6.2138E-04 -6.2314E-04
  9.4030E-05 -5.2555E-05 -6.2694E-04 -6.2872E-04
  9.4872E-05 -5.3026E-05 -6.3255E-04 -6.3434E-04
  9.5721E-05 -5.3501E-05 -6.3821E-04 -6.4002E-04
  9.6577E-05 -5.3979E-05 -6.4392E-04 -6.4574E-04
  9.7441E-05 -5.4462E-05 -6.4968E-04 -6.5152E-04
  9.8312E-05 -5.4949E-05 -6.5549E-04 -6.5734E-04
  9.9191E-05 -5.5440E-05 -6.6134E-04 -6.6321E-04
  1.0008E-04 -5.5935E-05 -6.6725E-04 -6.6914E-04
  1.0097E-04 -5.6435E-05 -6.7321E-04 -6.7512E-04
  1.0187E-04 -5.6939E-05 -6.7922E-04 -6.8114E-04
  1.0278E-04 -5.7448E-05 -6.8528E-04 -6.8722E-04
  1.0370E-04 -5.7960E-05 -6.9140E-04 -6.9335E-04
  1.0463E-04 -5.8478E-05 -6.9757E-04 -6.9954E-04
  1.0556E-04 -5.8999E-05 -7.0379E-04 -7.0578E-04
  1.0650E-04 -5.9525E-05 -7.1006E-04 -7.1207E-04
  1.0745E-04 -6.0056E-05 -7.1639E-04 -7.1842E-04
  1.0841E-04 -6.0591E-05 -7.2277E-04 -7.2482E-04
  1.0937E-04 -6.1131E-05 -7.2921E-04 -7.3128E-04
  1.1035E-04 -6.1676E-05 -7.3571E-04 -7.3779E-04
  1.1133E-04 -6.2225E-05 -7.4226E-04 -7.4436E-04
  1.1232E-04 -6.2779E-05 -7.4886E-04 -7.5098E-04
  1.1332E-04 -6.3338E-05 -7.5553E-04 -7.5767E-04
  1.1433E-04 -6.3902E-05 -7.6225E-04 -7.6441E-04
  1.1535E-04 -6.4471E-05 -7.6903E-04 -7.7121E-04
  1.1637E-04 -6.5044E-05 -7.7587E-04 -7.7806E-04
  1.1741E-04 -6.5623E-05 -7.8277E-04 -7.8498E-04
  1.1845E-04 -6.6206E-05 -7.8972E-04 -7.9196E-04
  1.1951E-04 -6.6794E-05 -7.9674E-04 -7.9900E-04
  1.2057E-04 -6.7388E-05 -8.0382E-04 -8.0609E-04
  1.2164E-04 -6.7987E-05 -8.1096E-04 -8.1325E-04
  1.2272E-04 -6.8591E-05 -8.1816E-04 -8.2047E-04
  1.2381E-04 -6.9200E-05 -8.2542E-04 -8.2776E-04
  1.2491E-04 -6.9814E-05 -8.3275E-04 -8.3510E-04
  1.2602E-04 -7.0434E-05 -8.4013E-04 -8.4251E-04
  1.2714E-04 -7.1059E-05 -8.4759E-04 -8.4999E-04
  1.2826E-04 -7.1689E-05 -8.5510E-04 -8.5752E-04
  1.2940E-04 -7.2325E-05 -8.6269E-04 -8.6513E-04
  1.3055E-04 -7.2967E-05 -8.7033E-04 -8.7280E-04
  1.3171E-04 -7.3614E-05 -8.7805E-04 -8.8053E-04
  1.3287E-04 -7.4266E-05 -8.8583E-04 -8.8833E-04
  1.3405E-04 -7.4924E-05 -8.9368E-04 -8.9620E-04
  1.3524E-04 -7.5588E-05 -9.0159E-04 -9.0414E-04
  1.3644E-04 -7.6258E-05 -9.0957E-04 -9.1215E-04
  1.3765E-04 -7.6933E-05 -9.1763E-04 -9.2022E-04
  1.3886E-04 -7.7614E-05 -9.2575E-04 -9.2837E-04
  1.4009E-04 -7.8301E-05 -9.3394E-04 -9.3658E-04
  1.4133E-04 -7.8995E-05 -9.4220E-04 -9.4487E-04
  1.4258E-04 -7.9694E-05 -9.5054E-04 -9.5323E-04
  1.4385E-04 -8.0399E-05 -9.5894E-04 -9.6166E-04
  1.4512E-04 -8.1110E-05 -9.6742E-04 -9.7016E-04
  1.4640E-04 -8.1827E-05 -9.7598E-04 -9.7874E-04
  1.4770E-04 -8.2551E-05 -9.8460E-04 -9.8739E-04
  1.4900E-04 -8.3281E-05 -9.9330E-04 -9.9611E-04
  1.5032E-04 -8.4017E-05 -1.0021E-03 -1.0049E-03
  1.5165E-04 -8.4759E-05 -1.0109E-03 -1.0138E-03
  1.5299E-04 -8.5508E-05 -1.0199E-03 -1.0227E-03
  1.5434E-04 -8.6263E-05 -1.0289E-03 -1.0318E-03
  1.5570E-04 -8.7025E-05 -1.0379E-03 -1.0409E-03
  1.5708E-04 -8.7794E-05 -1.0471E-03 -1.0501E-03
  1.5846E-04 -8.8569E-05 -1.0563E-03 -1.0593E-03
  1.5986E-04 -8.9351E-05 -1.0657E-03 -1.0687E-03
  1.6127E-04 -9.0139E-05 -1.0751E-03 -1.0781E-03
  1.6270E-04 -9.0935E-05 -1.0846E-03 -1.0876E-03
  1.6413E-04 -9.1737E-05 -1.0941E-03 -1.0972E-03
  1.6558E-04 -9.2546E-05 -1.1038E-03 -1.1069E-03
  1.6704E-04 -9.3362E-05 -1.1135E-03 -1.1166E-03
  1.6851E-04 -9.4186E-05 -1.1233E-03 -1.1265E-03
  1.7000E-04 -9.5016E-05 -1.1332E-03 -1.1364E-03
  1.7150E-04 -9.5854E-05 -1.1432E-03 -1.1464E-03
  1.7301E-04 -9.6699E-05 -1.1533E-03 -1.1565E-03
  1.7453E-04 -9.7551E-05 -1.1634E-03 -1.1667E-03
  1.7607E-04 -9.8410E-05 -1.1737E-03 -1.1770E-03
  1.7762E-04 -9.9277E-05 -1.1840E-03 -1.1873E-03
  1.7919E-04 -1.0015E-04 -1.1944E-03 -1.1978E-03
  1.8076E-04 -1.0103E-04 -1.2049E-03 -1.2083E-03
  1.8236E-04 -1.0192E-04 -1.2155E-03 -1.2190E-03
  1.8396E-04 -1.0282E-04 -1.2262E-03 -1.2297E-03
  1.8558E-04 -1.0373E-04 -1.2370E-03 -1.2405E-03
  1.8721E-04 -1.0464E-04 -1.2479E-03 -1.2514E-03
  1.8886E-04 -1.0556E-04 -1.2589E-03 -1.2624E-03
  1.9052E-04 -1.0649E-04 -1.2699E-03 -1.2735E-03
  1.9220E-04 -1.0742E-04 -1.2811E-03 -1.2847E-03
  1.9389E-04 -1.0837E-04 -1.2924E-03 -1.2960E-03
  1.9559E-04 -1.0932E-04 -1.3037E-03 -1.3074E-03
  1.9731E-04 -1.1028E-04 -1.3152E-03 -1.3189E-03
  1.9905E-04 -1.1125E-04 -1.3267E-03 -1.3305E-03
  2.0080E-04 -1.1223E-04 -1.3384E-03 -1.3422E-03
  2.0256E-04 -1.1322E-04 -1.3501E-03 -1.3540E-03
  2.0434E-04 -1.1421E-04 -1.3620E-03 -1.3659E-03
  2.0614E-04 -1.1522E-04 -1.3740E-03 -1.3779E-03
  2.0795E-04 -1.1623E-04 -1.3860E-03 -1.3900E-03
  2.0978E-04 -1.1725E-04 -1.3982E-03 -1.4022E-03
  2.1162E-04 -1.1828E-04 -1.4105E-03 -1.4145E-03
  2.1348E-04 -1.1932E-04 -1.4228E-03 -1.4269E-03
  2.1535E-04 -1.2037E-04 -1.4353E-03 -1.4394E-03
  2.1724E-04 -1.2142E-04 -1.4479E-03 -1.4520E-03
  2.1915E-04 -1.2249E-04 -1.4606E-03 -1.4648E-03
  2.2107E-04 -1.2356E-04 -1.4734E-03 -1.4776E-03
  2.2301E-04 -1.2465E-04 -1.4864E-03 -1.4906E-03
  2.2497E-04 -1.2574E-04 -1.4994E-03 -1.5036E-03
  2.2694E-04 -1.2684E-04 -1.5125E-03 -1.5168E-03
  2.2893E-04 -1.2796E-04 -1.5258E-03 -1.5301E-03
  2.3094E-04 -1.2908E-04 -1.5392E-03 -1.5435E-03
  2.3297E-04 -1.3021E-04 -1.5527E-03 -1.5571E-03
  2.3501E-04 -1.3135E-04 -1.5663E-03 -1.5707E-03
  2.3707E-04 -1.3250E-04 -1.5800E-03 -1.5845E-03
  2.3915E-04 -1.3367E-04 -1.5938E-03 -1.5983E-03
  2.4125E-04 -1.3484E-04 -1.6078E-03 -1.6123E-03
  2.4336E-04 -1.3602E-04 -1.6219E-03 -1.6265E-03
  2.4549E-04 -1.3721E-04 -1.6361E-03 -1.6407E-03
  2.4764E-04 -1.3841E-04 -1.6504E-03 -1.6551E-03
  2.4981E-04 -1.3963E-04 -1.6649E-03 -1.6696E-03
  2.5200E-04 -1.4085E-04 -1.6794E-03 -1.6842E-03
  2.5421E-04 -1.4208E-04 -1.6941E-03 -1.6989E-03
  2.5644E-04 -1.4333E-04 -1.7090E-03 -1.7138E-03
  2.5868E-04 -1.4458E-04 -1.7239E-03 -1.7288E-03
  2.6095E-04 -1.4585E-04 -1.7390E-03 -1.7439E-03
  2.6323E-04 -1.4713E-04 -1.7542E-03 -1.7592E-03
  2.6554E-04 -1.4842E-04 -1.7696E-03 -1.7746E-03
  2.6786E-04 -1.4971E-04 -1.7850E-03 -1.7901E-03
  2.7021E-04 -1.5103E-04 -1.8007E-03 -1.8057E-03
  2.7257E-04 -1.5235E-04 -1.8164E-03 -1.8215E-03
  2.7496E-04 -1.5368E-04 -1.8323E-03 -1.8375E-03
  2.7736E-04 -1.5502E-04 -1.8483E-03 -1.8535E-03
  2.7979E-04 -1.5638E-04 -1.8645E-03 -1.8697E-03
  2.8224E-04 -1.5775E-04 -1.8808E-03 -1.8861E-03
  2.8471E-04 -1.5913E-04 -1.8972E-03 -1.9026E-03
  2.8720E-04 -1.6052E-04 -1.9138E-03 -1.9192E-03
  2.8971E-04 -1.6193E-04 -1.9305E-03 -1.9360E-03
  2.9224E-04 -1.6334E-04 -1.9474E-03 -1.9529E-03
  2.9480E-04 -1.6477E-04 -1.9644E-03 -1.9699E-03
  2.9738E-04 -1.6621E-04 -1.9815E-03 -1.9871E-03
  2.9998E-04 -1.6766E-04 -1.9988E-03 -2.0045E-03
  3.0260E-04 -1.6913E-04 -2.0163E-03 -2.0220E-03
  3.0524E-04 -1.7061E-04 -2.0339E-03 -2.0397E-03
  3.0791E-04 -1.7210E-04 -2.0517E-03 -2.0575E-03
  3.1060E-04 -1.7360E-04 -2.0696E-03 -2.0754E-03
  3.1332E-04 -1.7512E-04 -2.0877E-03 -2.0936E-03
  3.1605E-04 -1.7665E-04 -2.1059E-03 -2.1118E-03
  3.1881E-04 -1.7819E-04 -2.1243E-03 -2.1303E-03
  3.2160E-04 -1.7975E-04 -2.1428E-03 -2.1489E-03
  3.2441E-04 -1.8132E-04 -2.1615E-03 -2.1676E-03
  3.2724E-04 -1.8290E-04 -2.1804E-03 -2.1865E-03
  3.3010E-04 -1.8450E-04 -2.1994E-03 -2.2056E-03
  3.3298E-04 -1.8611E-04 -2.2186E-03 -2.2248E-03
  3.3589E-04 -1.8774E-04 -2.2379E-03 -2.2443E-03
  3.3882E-04 -1.8938E-04 -2.2574E-03 -2.2638E-03
  3.4178E-04 -1.9103E-04 -2.2771E-03 -2.2836E-03
  3.4476E-04 -1.9270E-04 -2.2970E-03 -2.3035E-03
  3.4777E-04 -1.9438E-04 -2.3170E-03 -2.3236E-03
  3.5081E-04 -1.9608E-04 -2.3372E-03 -2.3438E-03
  3.5387E-04 -1.9779E-04 -2.3576E-03 -2.3643E-03
  3.5696E-04 -1.9951E-04 -2.3781E-03 -2.3849E-03
  3.6007E-04 -2.0125E-04 -2.3989E-03 -2.4057E-03
  3.6322E-04 -2.0301E-04 -2.4198E-03 -2.4266E-03
  3.6639E-04 -2.0478E-04 -2.4409E-03 -2.4478E-03
  3.6958E-04 -2.0657E-04 -2.4621E-03 -2.4691E-03
  3.7281E-04 -2.0837E-04 -2.4836E-03 -2.4906E-03
  3.7606E-04 -2.1019E-04 -2.5052E-03 -2.5123E-03
  3.7934E-04 -2.1202E-04 -2.5271E-03 -2.5342E-03
  3.8265E-04 -2.1387E-04 -2.5491E-03 -2.5563E-03
  3.8598E-04 -2.1574E-04 -2.5713E-03 -2.5786E-03
  3.8935E-04 -2.1762E-04 -2.5937E-03 -2.6010E-03
  3.9274E-04 -2.1951E-04 -2.6163E-03 -2.6237E-03
  3.9617E-04 -2.2143E-04 -2.6391E-03 -2.6465E-03
  3.9962E-04 -2.2336E-04 -2.6620E-03 -2.6696E-03
  4.0311E-04 -2.2531E-04 -2.6852E-03 -2.6928E-03
  4.0662E-04 -2.2727E-04 -2.7086E-03 -2.7163E-03
  4.1016E-04 -2.2925E-04 -2.7322E-03 -2.7399E-03
  4.1374E-04 -2.3125E-04 -2.7560E-03 -2.7638E-03
  4.1734E-04 -2.3326E-04 -2.7799E-03 -2.7878E-03
  4.2098E-04 -2.3530E-04 -2.8041E-03 -2.8121E-03
  4.2465E-04 -2.3735E-04 -2.8285E-03 -2.8365E-03
  4.2835E-04 -2.3941E-04 -2.8532E-03 -2.8612E-03
  4.3208E-04 -2.4150E-04 -2.8780E-03 -2.8861E-03
  4.3585E-04 -2.4360E-04 -2.9030E-03 -2.9112E-03
  4.3964E-04 -2.4573E-04 -2.9283E-03 -2.9366E-03
  4.4347E-04 -2.4787E-04 -2.9538E-03 -2.9621E-03
  4.4734E-04 -2.5003E-04 -2.9795E-03 -2.9879E-03
  4.5123E-04 -2.5220E-04 -3.0054E-03 -3.0139E-03
  4.5516E-04 -2.5440E-04 -3.0315E-03 -3.0401E-03
  4.5913E-04 -2.5662E-04 -3.0579E-03 -3.0665E-03
  4.6312E-04 -2.5885E-04 -3.0845E-03 -3.0932E-03
  4.6716E-04 -2.6111E-04 -3.1113E-03 -3.1201E-03
  4.7123E-04 -2.6338E-04 -3.1383E-03 -3.1472E-03
  4.7533E-04 -2.6567E-04 -3.1656E-03 -3.1746E-03
  4.7947E-04 -2.6798E-04 -3.1931E-03 -3.2022E-03
  4.8364E-04 -2.7032E-04 -3.2209E-03 -3.2300E-03
  4.8785E-04 -2.7267E-04 -3.2489E-03 -3.2581E-03
  4.9210E-04 -2.7504E-04 -3.2771E-03 -3.2864E-03
  4.9638E-04 -2.7744E-04 -3.3056E-03 -3.3150E-03
  5.0070E-04 -2.7985E-04 -3.3343E-03 -3.3438E-03
  5.0506E-04 -2.8229E-04 -3.3633E-03 -3.3728E-03
  5.0945E-04 -2.8475E-04 -3.3925E-03 -3.4021E-03
  5.1389E-04 -2.8722E-04 -3.4220E-03 -3.4317E-03
  5.1836E-04 -2.8972E-04 -3.4518E-03 -3.4615E-03
  5.2287E-04 -2.9224E-04 -3.4817E-03 -3.4916E-03
  5.2742E-04 -2.9479E-04 -3.5120E-03 -3.5219E-03
  5.3201E-04 -2.9735E-04 -3.5425E-03 -3.5525E-03
  5.3663E-04 -2.9994E-04 -3.5733E-03 -3.5834E-03
  5.4130E-04 -3.0255E-04 -3.6043E-03 -3.6145E-03
  5.4601E-04 -3.0518E-04 -3.6356E-03 -3.6459E-03
  5.5076E-04 -3.0783E-04 -3.6672E-03 -3.6775E-03
  5.5555E-04 -3.1051E-04 -3.6990E-03 -3.7095E-03
  5.6038E-04 -3.1321E-04 -3.7311E-03 -3.7417E-03
  5.6526E-04 -3.1594E-04 -3.7635E-03 -3.7742E-03
  5.7017E-04 -3.1868E-04 -3.7962E-03 -3.8069E-03
  5.7513E-04 -3.2145E-04 -3.8292E-03 -3.8400E-03
  5.8013E-04 -3.2425E-04 -3.8624E-03 -3.8733E-03
  5.8518E-04 -3.2707E-04 -3.8959E-03 -3.9069E-03
  5.9026E-04 -3.2991E-04 -3.9297E-03 -3.9408E-03
  5.9540E-04 -3.3278E-04 -3.9638E-03 -3.9750E-03
  6.0057E-04 -3.3567E-04 -3.9982E-03 -4.0095E-03
  6.0579E-04 -3.3859E-04 -4.0329E-03 -4.0443E-03
  6.1106E-04 -3.4154E-04 -4.0679E-03 -4.0794E-03
  6.1637E-04 -3.4450E-04 -4.1032E-03 -4.1148E-03
  6.2173E-04 -3.4750E-04 -4.1388E-03 -4.1505E-03
  6.2713E-04 -3.5052E-04 -4.1747E-03 -4.1865E-03
  6.3258E-04 -3.5357E-04 -4.2109E-03 -4.2229E-03
  6.3808E-04 -3.5664E-04 -4.2475E-03 -4.2595E-03
  6.4363E-04 -3.5974E-04 -4.2843E-03 -4.2964E-03
  6.4922E-04 -3.6286E-04 -4.3215E-03 -4.3337E-03
  6.5486E-04 -3.6602E-04 -4.3590E-03 -4.3713E-03
  6.6055E-04 -3.6920E-04 -4.3968E-03 -4.4092E-03
  6.6629E-04 -3.7241E-04 -4.4349E-03 -4.4474E-03
  6.7208E-04 -3.7564E-04 -4.4733E-03 -4.4860E-03
  6.7792E-04 -3.7891E-04 -4.5121E-03 -4.5249E-03
  6.8381E-04 -3.8220E-04 -4.5512E-03 -4.5641E-03
  6.8975E-04 -3.8552E-04 -4.5907E-03 -4.6037E-03
  6.9574E-04 -3.8887E-04 -4.6305E-03 -4.6436E-03
  7.0179E-04 -3.9225E-04 -4.6706E-03 -4.6839E-03
  7.0788E-04 -3.9565E-04 -4.7111E-03 -4.7245E-03
  7.1403E-04 -3.9909E-04 -4.7520E-03 -4.7654E-03
  7.2023E-04 -4.0256E-04 -4.7931E-03 -4.8067E-03
  7.2649E-04 -4.0605E-04 -4.8347E-03 -4.8484E-03
  7.3280E-04 -4.0958E-04 -4.8766E-03 -4.8904E-03
  7.3916E-04 -4.1314E-04 -4.9188E-03 -4.9328E-03
  7.4558E-04 -4.1672E-04 -4.9615E-03 -4.9755E-03
  7.5206E-04 -4.2034E-04 -5.0045E-03 -5.0186E-03
  7.5859E-04 -4.2399E-04 -5.0478E-03 -5.0621E-03
  7.6518E-04 -4.2767E-04 -5.0915E-03 -5.1059E-03
  7.7182E-04 -4.3139E-04 -5.1357E-03 -5.1502E-03
  7.7852E-04 -4.3513E-04 -5.1801E-03 -5.1948E-03
  7.8528E-04 -4.3891E-04 -5.2250E-03 -5.2398E-03
  7.9210E-04 -4.4272E-04 -5.2703E-03 -5.2852E-03
  7.9898E-04 -4.4657E-04 -5.3159E-03 -5.3310E-03
  8.0591E-04 -4.5044E-04 -5.3620E-03 -5.3771E-03
  8.1291E-04 -4.5435E-04 -5.4084E-03 -5.4237E-03
  8.1997E-04 -4.5830E-04 -5.4552E-03 -5.4707E-03
  8.2708E-04 -4.6228E-04 -5.5025E-03 -5.5180E-03
  8.3426E-04 -4.6629E-04 -5.5501E-03 -5.5658E-03
  8.4150E-04 -4.7034E-04 -5.5982E-03 -5.6140E-03
  8.4881E-04 -4.7442E-04 -5.6466E-03 -5.6626E-03
  8.5618E-04 -4.7854E-04 -5.6955E-03 -5.7116E-03
  8.6361E-04 -4.8269E-04 -5.7448E-03 -5.7611E-03
  8.7110E-04 -4.8688E-04 -5.7945E-03 -5.8109E-03
  8.7866E-04 -4.9110E-04 -5.8447E-03 -5.8612E-03
  8.8629E-04 -4.9537E-04 -5.8953E-03 -5.9120E-03
  8.9398E-04 -4.9966E-04 -5.9463E-03 -5.9631E-03
  9.0174E-04 -5.0400E-04 -5.9978E-03 -6.0147E-03
  9.0956E-04 -5.0837E-04 -6.0497E-03 -6.0668E-03
  9.1745E-04 -5.1279E-04 -6.1020E-03 -6.1193E-03
  9.2541E-04 -5.1723E-04 -6.1548E-03 -6.1722E-03
  9.3344E-04 -5.2172E-04 -6.2081E-03 -6.2256E-03
  9.4154E-04 -5.2625E-04 -6.2618E-03 -6.2795E-03
  9.4971E-04 -5.3081E-04 -6.3160E-03 -6.3338E-03
  9.5795E-04 -5.3542E-04 -6.3706E-03 -6.3886E-03
  9.6626E-04 -5.4007E-04 -6.4257E-03 -6.4439E-03
  9.7464E-04 -5.4475E-04 -6.4813E-03 -6.4996E-03
  9.8310E-04 -5.4948E-04 -6.5374E-03 -6.5558E-03
  9.9163E-04 -5.5424E-04 -6.5939E-03 -6.6125E-03
  1.0002E-03 -5.5905E-04 -6.6509E-03 -6.6697E-03
  1.0089E-03 -5.6390E-04 -6.7084E-03 -6.7274E-03
  1.0177E-03 -5.6879E-04 -6.7665E-03 -6.7856E-03
  1.0265E-03 -5.7372E-04 -6.8250E-03 -6.8443E-03
  1.0354E-03 -5.7870E-04 -6.8840E-03 -6.9034E-03
  1.0444E-03 -5.8372E-04 -6.9435E-03 -6.9631E-03
  1.0534E-03 -5.8878E-04 -7.0035E-03 -7.0233E-03
  1.0626E-03 -5.9389E-04 -7.0641E-03 -7.0840E-03
  1.0718E-03 -5.9904E-04 -7.1251E-03 -7.1453E-03
  1.0811E-03 -6.0423E-04 -7.1867E-03 -7.2071E-03
  1.0904E-03 -6.0947E-04 -7.2489E-03 -7.2694E-03
  1.0999E-03 -6.1476E-04 -7.3115E-03 -7.3322E-03
  1.1094E-03 -6.2009E-04 -7.3747E-03 -7.3956E-03
  1.1191E-03 -6.2547E-04 -7.4384E-03 -7.4595E-03
  1.1288E-03 -6.3089E-04 -7.5027E-03 -7.5239E-03
  1.1386E-03 -6.3636E-04 -7.5676E-03 -7.5889E-03
  1.1484E-03 -6.4188E-04 -7.6329E-03 -7.6545E-03
  1.1584E-03 -6.4745E-04 -7.6989E-03 -7.7207E-03
  1.1684E-03 -6.5306E-04 -7.7654E-03 -7.7874E-03
  1.1786E-03 -6.5872E-04 -7.8325E-03 -7.8546E-03
  1.1888E-03 -6.6443E-04 -7.9002E-03 -7.9225E-03
  1.1991E-03 -6.7019E-04 -7.9684E-03 -7.9909E-03
  1.2095E-03 -6.7600E-04 -8.0373E-03 -8.0600E-03
  1.2200E-03 -6.8186E-04 -8.1067E-03 -8.1296E-03
  1.2305E-03 -6.8777E-04 -8.1767E-03 -8.1998E-03
  1.2412E-03 -6.9374E-04 -8.2473E-03 -8.2706E-03
  1.2520E-03 -6.9975E-04 -8.3185E-03 -8.3421E-03
  1.2628E-03 -7.0582E-04 -8.3904E-03 -8.4141E-03
  1.2738E-03 -7.1193E-04 -8.4628E-03 -8.4867E-03
  1.2848E-03 -7.1811E-04 -8.5359E-03 -8.5600E-03
  1.2959E-03 -7.2433E-04 -8.6096E-03 -8.6339E-03
  1.3072E-03 -7.3061E-04 -8.6839E-03 -8.7085E-03
  1.3185E-03 -7.3694E-04 -8.7589E-03 -8.7837E-03
  1.3299E-03 -7.4333E-04 -8.8345E-03 -8.8595E-03
  1.3415E-03 -7.4977E-04 -8.9108E-03 -8.9360E-03
  1.3531E-03 -7.5627E-04 -8.9877E-03 -9.0131E-03
  1.3648E-03 -7.6282E-04 -9.0653E-03 -9.0909E-03
  1.3766E-03 -7.6943E-04 -9.1435E-03 -9.1694E-03
  1.3886E-03 -7.7610E-04 -9.2224E-03 -9.2485E-03
  1.4006E-03 -7.8283E-04 -9.3020E-03 -9.3283E-03
  1.4127E-03 -7.8961E-04 -9.3823E-03 -9.4088E-03
  1.4250E-03 -7.9645E-04 -9.4633E-03 -9.4900E-03
  1.4373E-03 -8.0336E-04 -9.5449E-03 -9.5719E-03
  1.4498E-03 -8.1032E-04 -9.6273E-03 -9.6545E-03
  1.4624E-03 -8.1734E-04 -9.7103E-03 -9.7378E-03
  1.4750E-03 -8.2442E-04 -9.7941E-03 -9.8218E-03
  1.4878E-03 -8.3157E-04 -9.8786E-03 -9.9065E-03
  1.5007E-03 -8.3877E-04 -9.9638E-03 -9.9919E-03
  1.5137E-03 -8.4604E-04 -1.0050E-02 -1.0078E-02
  1.5268E-03 -8.5337E-04 -1.0136E-02 -1.0165E-02
  1.5400E-03 -8.6076E-04 -1.0224E-02 -1.0253E-02
  1.5534E-03 -8.6822E-04 -1.0312E-02 -1.0341E-02
  1.5668E-03 -8.7574E-04 -1.0401E-02 -1.0430E-02
  1.5804E-03 -8.8333E-04 -1.0491E-02 -1.0520E-02
  1.5941E-03 -8.9098E-04 -1.0581E-02 -1.0611E-02
  1.6079E-03 -8.9870E-04 -1.0672E-02 -1.0702E-02
  1.6219E-03 -9.0649E-04 -1.0764E-02 -1.0795E-02
  1.6359E-03 -9.1434E-04 -1.0857E-02 -1.0888E-02
  1.6501E-03 -9.2226E-04 -1.0951E-02 -1.0982E-02
  1.6644E-03 -9.3025E-04 -1.1045E-02 -1.1076E-02
  1.6788E-03 -9.3831E-04 -1.1140E-02 -1.1172E-02
  1.6933E-03 -9.4644E-04 -1.1236E-02 -1.1268E-02
  1.7080E-03 -9.5464E-04 -1.1333E-02 -1.1365E-02
  1.7228E-03 -9.6291E-04 -1.1431E-02 -1.1463E-02
  1.7377E-03 -9.7125E-04 -1.1529E-02 -1.1562E-02
  1.7528E-03 -9.7966E-04 -1.1629E-02 -1.1661E-02
  1.7680E-03 -9.8814E-04 -1.1729E-02 -1.1762E-02
  1.7833E-03 -9.9670E-04 -1.1830E-02 -1.1863E-02
  1.7987E-03 -1.0053E-03 -1.1932E-02 -1.1965E-02
  1.8143E-03 -1.0140E-03 -1.2035E-02 -1.2069E-02
  1.8300E-03 -1.0228E-03 -1.2138E-02 -1.2173E-02
  1.8459E-03 -1.0317E-03 -1.2243E-02 -1.2277E-02
  1.8618E-03 -1.0406E-03 -1.2348E-02 -1.2383E-02
  1.8780E-03 -1.0496E-03 -1.2455E-02 -1.2490E-02
  1.8942E-03 -1.0587E-03 -1.2562E-02 -1.2597E-02
  1.9106E-03 -1.0679E-03 -1.2670E-02 -1.2706E-02
  1.9272E-03 -1.0771E-03 -1.2779E-02 -1.2815E-02
  1.9439E-03 -1.0865E-03 -1.2889E-02 -1.2926E-02
  1.9607E-03 -1.0959E-03 -1.3000E-02 -1.3037E-02
  1.9777E-03 -1.1054E-03 -1.3112E-02 -1.3149E-02
  1.9948E-03 -1.1149E-03 -1.3225E-02 -1.3262E-02
  2.0121E-03 -1.1246E-03 -1.3339E-02 -1.3376E-02
  2.0295E-03 -1.1343E-03 -1.3454E-02 -1.3492E-02
  2.0471E-03 -1.1442E-03 -1.3569E-02 -1.3608E-02
  2.0648E-03 -1.1541E-03 -1.3686E-02 -1.3725E-02
  2.0827E-03 -1.1641E-03 -1.3804E-02 -1.3843E-02
  2.1007E-03 -1.1741E-03 -1.3923E-02 -1.3962E-02
  2.1189E-03 -1.1843E-03 -1.4042E-02 -1.4082E-02
  2.1373E-03 -1.1946E-03 -1.4163E-02 -1.4203E-02
  2.1558E-03 -1.2049E-03 -1.4285E-02 -1.4325E-02
  2.1745E-03 -1.2153E-03 -1.4408E-02 -1.4449E-02
  2.1933E-03 -1.2259E-03 -1.4532E-02 -1.4573E-02
  2.2123E-03 -1.2365E-03 -1.4657E-02 -1.4698E-02
  2.2314E-03 -1.2472E-03 -1.4783E-02 -1.4825E-02
  2.2507E-03 -1.2580E-03 -1.4910E-02 -1.4952E-02
  2.2702E-03 -1.2689E-03 -1.5038E-02 -1.5081E-02
  2.2899E-03 -1.2799E-03 -1.5168E-02 -1.5210E-02
  2.3097E-03 -1.2909E-03 -1.5298E-02 -1.5341E-02
  2.3297E-03 -1.3021E-03 -1.5430E-02 -1.5473E-02
  2.3499E-03 -1.3134E-03 -1.5562E-02 -1.5606E-02
  2.3702E-03 -1.3248E-03 -1.5696E-02 -1.5740E-02
  2.3907E-03 -1.3362E-03 -1.5831E-02 -1.5876E-02
  2.4114E-03 -1.3478E-03 -1.5967E-02 -1.6012E-02
  2.4323E-03 -1.3595E-03 -1.6104E-02 -1.6150E-02
  2.4534E-03 -1.3712E-03 -1.6243E-02 -1.6288E-02
  2.4746E-03 -1.3831E-03 -1.6382E-02 -1.6428E-02
  2.4960E-03 -1.3951E-03 -1.6523E-02 -1.6570E-02
  2.5177E-03 -1.4072E-03 -1.6665E-02 -1.6712E-02
  2.5394E-03 -1.4193E-03 -1.6808E-02 -1.6855E-02
  2.5614E-03 -1.4316E-03 -1.6952E-02 -1.7000E-02
  2.5836E-03 -1.4440E-03 -1.7098E-02 -1.7146E-02
  2.6060E-03 -1.4565E-03 -1.7245E-02 -1.7294E-02
  2.6285E-03 -1.4691E-03 -1.7393E-02 -1.7442E-02
  2.6513E-03 -1.4818E-03 -1.7542E-02 -1.7592E-02
  2.6742E-03 -1.4947E-03 -1.7693E-02 -1.7743E-02
  2.6974E-03 -1.5076E-03 -1.7845E-02 -1.7895E-02
  2.7207E-03 -1.5207E-03 -1.7998E-02 -1.8049E-02
  2.7443E-03 -1.5338E-03 -1.8153E-02 -1.8204E-02
  2.7680E-03 -1.5471E-03 -1.8309E-02 -1.8360E-02
  2.7920E-03 -1.5605E-03 -1.8466E-02 -1.8518E-02
  2.8162E-03 -1.5740E-03 -1.8624E-02 -1.8677E-02
  2.8405E-03 -1.5876E-03 -1.8784E-02 -1.8837E-02
  2.8651E-03 -1.6014E-03 -1.8945E-02 -1.8999E-02
  2.8899E-03 -1.6152E-03 -1.9108E-02 -1.9162E-02
  2.9149E-03 -1.6292E-03 -1.9272E-02 -1.9326E-02
  2.9402E-03 -1.6433E-03 -1.9437E-02 -1.9492E-02
  2.9656E-03 -1.6575E-03 -1.9604E-02 -1.9659E-02
  2.9913E-03 -1.6719E-03 -1.9772E-02 -1.9828E-02
  3.0172E-03 -1.6863E-03 -1.9941E-02 -1.9998E-02
  3.0433E-03 -1.7009E-03 -2.0112E-02 -2.0169E-02
  3.0696E-03 -1.7156E-03 -2.0285E-02 -2.0342E-02
  3.0962E-03 -1.7305E-03 -2.0459E-02 -2.0517E-02
  3.1230E-03 -1.7455E-03 -2.0634E-02 -2.0692E-02
  3.1500E-03 -1.7606E-03 -2.0811E-02 -2.0870E-02
  3.1773E-03 -1.7758E-03 -2.0990E-02 -2.1049E-02
  3.2048E-03 -1.7912E-03 -2.1170E-02 -2.1229E-02
  3.2325E-03 -1.8067E-03 -2.1351E-02 -2.1411E-02
  3.2605E-03 -1.8223E-03 -2.1534E-02 -2.1595E-02
  3.2887E-03 -1.8381E-03 -2.1718E-02 -2.1780E-02
  3.3172E-03 -1.8540E-03 -2.1905E-02 -2.1966E-02
  3.3459E-03 -1.8700E-03 -2.2092E-02 -2.2154E-02
  3.3748E-03 -1.8862E-03 -2.2281E-02 -2.2344E-02
  3.4040E-03 -1.9025E-03 -2.2472E-02 -2.2536E-02
  3.4335E-03 -1.9190E-03 -2.2665E-02 -2.2729E-02
  3.4632E-03 -1.9356E-03 -2.2859E-02 -2.2923E-02
  3.4932E-03 -1.9524E-03 -2.3055E-02 -2.3120E-02
  3.5234E-03 -1.9693E-03 -2.3252E-02 -2.3318E-02
  3.5539E-03 -1.9863E-03 -2.3451E-02 -2.3517E-02
  3.5847E-03 -2.0035E-03 -2.3652E-02 -2.3718E-02
  3.6157E-03 -2.0208E-03 -2.3854E-02 -2.3922E-02
  3.6470E-03 -2.0383E-03 -2.4058E-02 -2.4126E-02
  3.6785E-03 -2.0559E-03 -2.4264E-02 -2.4333E-02
  3.7104E-03 -2.0737E-03 -2.4472E-02 -2.4541E-02
  3.7425E-03 -2.0917E-03 -2.4681E-02 -2.4751E-02
  3.7748E-03 -2.1098E-03 -2.4893E-02 -2.4963E-02
  3.8075E-03 -2.1280E-03 -2.5105E-02 -2.5176E-02
  3.8405E-03 -2.1464E-03 -2.5320E-02 -2.5392E-02
  3.8737E-03 -2.1650E-03 -2.5537E-02 -2.5609E-02
  3.9072E-03 -2.1837E-03 -2.5755E-02 -2.5828E-02
  3.9410E-03 -2.2026E-03 -2.5975E-02 -2.6049E-02
  3.9751E-03 -2.2217E-03 -2.6197E-02 -2.6271E-02
  4.0095E-03 -2.2409E-03 -2.6421E-02 -2.6496E-02
  4.0442E-03 -2.2603E-03 -2.6647E-02 -2.6722E-02
  4.0792E-03 -2.2799E-03 -2.6875E-02 -2.6951E-02
  4.1145E-03 -2.2996E-03 -2.7105E-02 -2.7181E-02
  4.1501E-03 -2.3195E-03 -2.7336E-02 -2.7413E-02
  4.1860E-03 -2.3396E-03 -2.7570E-02 -2.7647E-02
  4.2222E-03 -2.3598E-03 -2.7805E-02 -2.7884E-02
  4.2588E-03 -2.3802E-03 -2.8043E-02 -2.8122E-02
  4.2956E-03 -2.4008E-03 -2.8282E-02 -2.8362E-02
  4.3328E-03 -2.4216E-03 -2.8524E-02 -2.8604E-02
  4.3703E-03 -2.4425E-03 -2.8767E-02 -2.8848E-02
  4.4081E-03 -2.4637E-03 -2.9013E-02 -2.9095E-02
  4.4462E-03 -2.4850E-03 -2.9261E-02 -2.9343E-02
  4.4847E-03 -2.5065E-03 -2.9510E-02 -2.9594E-02
  4.5235E-03 -2.5281E-03 -2.9762E-02 -2.9846E-02
  4.5626E-03 -2.5500E-03 -3.0016E-02 -3.0101E-02
  4.6021E-03 -2.5721E-03 -3.0272E-02 -3.0358E-02
  4.6419E-03 -2.5943E-03 -3.0531E-02 -3.0617E-02
  4.6821E-03 -2.6168E-03 -3.0791E-02 -3.0878E-02
  4.7226E-03 -2.6394E-03 -3.1054E-02 -3.1141E-02
  4.7634E-03 -2.6622E-03 -3.1319E-02 -3.1407E-02
  4.8046E-03 -2.6853E-03 -3.1586E-02 -3.1674E-02
  4.8462E-03 -2.7085E-03 -3.1855E-02 -3.1944E-02
  4.8881E-03 -2.7319E-03 -3.2126E-02 -3.2217E-02
  4.9304E-03 -2.7556E-03 -3.2400E-02 -3.2491E-02
  4.9731E-03 -2.7794E-03 -3.2676E-02 -3.2768E-02
  5.0161E-03 -2.8034E-03 -3.2955E-02 -3.3048E-02
  5.0595E-03 -2.8277E-03 -3.3236E-02 -3.3329E-02
  5.1033E-03 -2.8522E-03 -3.3519E-02 -3.3613E-02
  5.1474E-03 -2.8768E-03 -3.3804E-02 -3.3899E-02
  5.1920E-03 -2.9017E-03 -3.4092E-02 -3.4188E-02
  5.2369E-03 -2.9268E-03 -3.4382E-02 -3.4479E-02
  5.2822E-03 -2.9521E-03 -3.4675E-02 -3.4773E-02
  5.3279E-03 -2.9777E-03 -3.4970E-02 -3.5069E-02
  5.3740E-03 -3.0034E-03 -3.5268E-02 -3.5367E-02
  5.4204E-03 -3.0294E-03 -3.5568E-02 -3.5668E-02
  5.4673E-03 -3.0556E-03 -3.5871E-02 -3.5972E-02
  5.5146E-03 -3.0820E-03 -3.6176E-02 -3.6278E-02
  5.5623E-03 -3.1087E-03 -3.6484E-02 -3.6586E-02
  5.6105E-03 -3.1356E-03 -3.6794E-02 -3.6897E-02
  5.6590E-03 -3.1627E-03 -3.7107E-02 -3.7211E-02
  5.7079E-03 -3.1900E-03 -3.7422E-02 -3.7527E-02
  5.7573E-03 -3.2176E-03 -3.7740E-02 -3.7846E-02
  5.8071E-03 -3.2455E-03 -3.8061E-02 -3.8168E-02
  5.8574E-03 -3.2735E-03 -3.8385E-02 -3.8493E-02
  5.9080E-03 -3.3018E-03 -3.8711E-02 -3.8820E-02
  5.9591E-03 -3.3304E-03 -3.9040E-02 -3.9149E-02
  6.0107E-03 -3.3592E-03 -3.9371E-02 -3.9482E-02
  6.0627E-03 -3.3883E-03 -3.9706E-02 -3.9817E-02
  6.1151E-03 -3.4176E-03 -4.0043E-02 -4.0155E-02
  6.1680E-03 -3.4471E-03 -4.0383E-02 -4.0496E-02
  6.2214E-03 -3.4769E-03 -4.0726E-02 -4.0840E-02
  6.2752E-03 -3.5070E-03 -4.1071E-02 -4.1187E-02
  6.3295E-03 -3.5373E-03 -4.1420E-02 -4.1536E-02
  6.3842E-03 -3.5679E-03 -4.1771E-02 -4.1889E-02
  6.4395E-03 -3.5988E-03 -4.2126E-02 -4.2244E-02
  6.4952E-03 -3.6299E-03 -4.2483E-02 -4.2602E-02
  6.5513E-03 -3.6613E-03 -4.2843E-02 -4.2963E-02
  6.6080E-03 -3.6930E-03 -4.3206E-02 -4.3328E-02
  6.6652E-03 -3.7249E-03 -4.3573E-02 -4.3695E-02
  6.7228E-03 -3.7571E-03 -4.3942E-02 -4.4065E-02
  6.7810E-03 -3.7896E-03 -4.4314E-02 -4.4439E-02
  6.8396E-03 -3.8224E-03 -4.4690E-02 -4.4815E-02
  6.8988E-03 -3.8554E-03 -4.5068E-02 -4.5195E-02
  6.9585E-03 -3.8888E-03 -4.5450E-02 -4.5577E-02
  7.0186E-03 -3.9224E-03 -4.5835E-02 -4.5963E-02
  7.0793E-03 -3.9563E-03 -4.6223E-02 -4.6352E-02
  7.1406E-03 -3.9905E-03 -4.6614E-02 -4.6745E-02
  7.2023E-03 -4.0250E-03 -4.7009E-02 -4.7140E-02
  7.2646E-03 -4.0598E-03 -4.7406E-02 -4.7539E-02
  7.3275E-03 -4.0949E-03 -4.7807E-02 -4.7941E-02
  7.3909E-03 -4.1304E-03 -4.8212E-02 -4.8347E-02
  7.4548E-03 -4.1661E-03 -4.8619E-02 -4.8756E-02
  7.5193E-03 -4.2021E-03 -4.9030E-02 -4.9168E-02
  7.5843E-03 -4.2384E-03 -4.9445E-02 -4.9583E-02
  7.6499E-03 -4.2751E-03 -4.9863E-02 -5.0002E-02
  7.7161E-03 -4.3120E-03 -5.0284E-02 -5.0425E-02
  7.7828E-03 -4.3493E-03 -5.0709E-02 -5.0851E-02
  7.8501E-03 -4.3869E-03 -5.1137E-02 -5.1280E-02
  7.9180E-03 -4.4249E-03 -5.1569E-02 -5.1713E-02
  7.9865E-03 -4.4631E-03 -5.2004E-02 -5.2150E-02
  8.0556E-03 -4.5017E-03 -5.2443E-02 -5.2590E-02
  8.1252E-03 -4.5406E-03 -5.2885E-02 -5.3033E-02
  8.1955E-03 -4.5799E-03 -5.3332E-02 -5.3481E-02
  8.2664E-03 -4.6195E-03 -5.3781E-02 -5.3932E-02
  8.3379E-03 -4.6594E-03 -5.4235E-02 -5.4387E-02
  8.4100E-03 -4.6997E-03 -5.4692E-02 -5.4845E-02
  8.4828E-03 -4.7403E-03 -5.5153E-02 -5.5307E-02
  8.5561E-03 -4.7813E-03 -5.5618E-02 -5.5773E-02
  8.6301E-03 -4.8227E-03 -5.6086E-02 -5.6243E-02
  8.7048E-03 -4.8644E-03 -5.6559E-02 -5.6717E-02
  8.7800E-03 -4.9064E-03 -5.7035E-02 -5.7195E-02
  8.8560E-03 -4.9488E-03 -5.7515E-02 -5.7676E-02
  8.9326E-03 -4.9916E-03 -5.7999E-02 -5.8162E-02
  9.0098E-03 -5.0348E-03 -5.8487E-02 -5.8651E-02
  9.0878E-03 -5.0783E-03 -5.8979E-02 -5.9144E-02
  9.1664E-03 -5.1222E-03 -5.9475E-02 -5.9642E-02
  9.2456E-03 -5.1665E-03 -5.9976E-02 -6.0143E-02
  9.3256E-03 -5.2111E-03 -6.0480E-02 -6.0649E-02
  9.4062E-03 -5.2562E-03 -6.0988E-02 -6.1158E-02
  9.4876E-03 -5.3016E-03 -6.1500E-02 -6.1672E-02
  9.5697E-03 -5.3475E-03 -6.2017E-02 -6.2190E-02
  9.6524E-03 -5.3937E-03 -6.2538E-02 -6.2713E-02
  9.7359E-03 -5.4403E-03 -6.3063E-02 -6.3239E-02
  9.8201E-03 -5.4873E-03 -6.3592E-02 -6.3770E-02
  9.9050E-03 -5.5348E-03 -6.4126E-02 -6.4305E-02
  9.9907E-03 -5.5826E-03 -6.4664E-02 -6.4844E-02
  1.0077E-02 -5.6309E-03 -6.5206E-02 -6.5388E-02
  1.0164E-02 -5.6795E-03 -6.5753E-02 -6.5936E-02
  1.0252E-02 -5.7286E-03 -6.6304E-02 -6.6489E-02
  1.0341E-02 -5.7782E-03 -6.6859E-02 -6.7046E-02
  1.0430E-02 -5.8281E-03 -6.7420E-02 -6.7608E-02
  1.0520E-02 -5.8785E-03 -6.7984E-02 -6.8174E-02
  1.0611E-02 -5.9293E-03 -6.8553E-02 -6.8745E-02
  1.0703E-02 -5.9805E-03 -6.9127E-02 -6.9320E-02
  1.0796E-02 -6.0322E-03 -6.9706E-02 -6.9900E-02
  1.0889E-02 -6.0844E-03 -7.0289E-02 -7.0485E-02
  1.0983E-02 -6.1369E-03 -7.0877E-02 -7.1074E-02
  1.1078E-02 -6.1900E-03 -7.1469E-02 -7.1668E-02
  1.1174E-02 -6.2435E-03 -7.2066E-02 -7.2267E-02
  1.1271E-02 -6.2974E-03 -7.2669E-02 -7.2871E-02
  1.1368E-02 -6.3519E-03 -7.3276E-02 -7.3480E-02
  1.1466E-02 -6.4068E-03 -7.3887E-02 -7.4093E-02
  1.1566E-02 -6.4621E-03 -7.4504E-02 -7.4712E-02
  1.1666E-02 -6.5180E-03 -7.5126E-02 -7.5335E-02
  1.1767E-02 -6.5743E-03 -7.5753E-02 -7.5964E-02
  1.1868E-02 -6.6311E-03 -7.6384E-02 -7.6597E-02
  1.1971E-02 -6.6884E-03 -7.7021E-02 -7.7236E-02
  1.2074E-02 -6.7462E-03 -7.7663E-02 -7.7879E-02
  1.2179E-02 -6.8045E-03 -7.8310E-02 -7.8528E-02
  1.2284E-02 -6.8633E-03 -7.8962E-02 -7.9182E-02
  1.2390E-02 -6.9226E-03 -7.9620E-02 -7.9841E-02
  1.2498E-02 -6.9824E-03 -8.0282E-02 -8.0506E-02
  1.2606E-02 -7.0428E-03 -8.0950E-02 -8.1176E-02
  1.2715E-02 -7.1036E-03 -8.1624E-02 -8.1851E-02
  1.2825E-02 -7.1650E-03 -8.2302E-02 -8.2531E-02
  1.2936E-02 -7.2269E-03 -8.2986E-02 -8.3217E-02
  1.3047E-02 -7.2894E-03 -8.3676E-02 -8.3908E-02
  1.3160E-02 -7.3523E-03 -8.4371E-02 -8.4605E-02
  1.3274E-02 -7.4159E-03 -8.5071E-02 -8.5308E-02
  1.3389E-02 -7.4799E-03 -8.5777E-02 -8.6016E-02
  1.3505E-02 -7.5446E-03 -8.6489E-02 -8.6729E-02
  1.3621E-02 -7.6098E-03 -8.7206E-02 -8.7449E-02
  1.3739E-02 -7.6755E-03 -8.7929E-02 -8.8174E-02
  1.3858E-02 -7.7418E-03 -8.8658E-02 -8.8904E-02
  1.3978E-02 -7.8087E-03 -8.9392E-02 -8.9641E-02
  1.4099E-02 -7.8761E-03 -9.0133E-02 -9.0383E-02
  1.4221E-02 -7.9442E-03 -9.0879E-02 -9.1131E-02
  1.4344E-02 -8.0128E-03 -9.1631E-02 -9.1885E-02
  1.4468E-02 -8.0820E-03 -9.2389E-02 -9.2645E-02
  1.4593E-02 -8.1518E-03 -9.3152E-02 -9.3411E-02
  1.4719E-02 -8.2223E-03 -9.3922E-02 -9.4183E-02
  1.4846E-02 -8.2933E-03 -9.4698E-02 -9.4961E-02
  1.4975E-02 -8.3649E-03 -9.5480E-02 -9.5745E-02
  1.5104E-02 -8.4372E-03 -9.6268E-02 -9.6535E-02
  1.5235E-02 -8.5100E-03 -9.7063E-02 -9.7332E-02
  1.5366E-02 -8.5835E-03 -9.7863E-02 -9.8135E-02
  1.5499E-02 -8.6577E-03 -9.8670E-02 -9.8943E-02
  1.5633E-02 -8.7325E-03 -9.9483E-02 -9.9759E-02
  1.5769E-02 -8.8079E-03 -1.0030E-01 -1.0058E-01
  1.5905E-02 -8.8839E-03 -1.0113E-01 -1.0141E-01
  1.6042E-02 -8.9607E-03 -1.0196E-01 -1.0224E-01
  1.6181E-02 -9.0380E-03 -1.0280E-01 -1.0308E-01
  1.6321E-02 -9.1161E-03 -1.0364E-01 -1.0393E-01
  1.6462E-02 -9.1948E-03 -1.0450E-01 -1.0479E-01
  1.6605E-02 -9.2742E-03 -1.0536E-01 -1.0565E-01
  1.6748E-02 -9.3543E-03 -1.0622E-01 -1.0651E-01
  1.6893E-02 -9.4351E-03 -1.0709E-01 -1.0739E-01
  1.7039E-02 -9.5165E-03 -1.0797E-01 -1.0827E-01
  1.7186E-02 -9.5987E-03 -1.0886E-01 -1.0916E-01
  1.7335E-02 -9.6816E-03 -1.0975E-01 -1.1005E-01
  1.7485E-02 -9.7652E-03 -1.1065E-01 -1.1095E-01
  1.7636E-02 -9.8495E-03 -1.1155E-01 -1.1186E-01
  1.7789E-02 -9.9345E-03 -1.1247E-01 -1.1278E-01
  1.7942E-02 -1.0020E-02 -1.1339E-01 -1.1370E-01
  1.8098E-02 -1.0107E-02 -1.1431E-01 -1.1463E-01
  1.8254E-02 -1.0194E-02 -1.1525E-01 -1.1557E-01
  1.8412E-02 -1.0282E-02 -1.1619E-01 -1.1651E-01
  1.8571E-02 -1.0371E-02 -1.1714E-01 -1.1746E-01
  1.8732E-02 -1.0460E-02 -1.1809E-01 -1.1842E-01
  1.8894E-02 -1.0551E-02 -1.1906E-01 -1.1938E-01
  1.9057E-02 -1.0642E-02 -1.2003E-01 -1.2036E-01
  1.9222E-02 -1.0734E-02 -1.2100E-01 -1.2134E-01
  1.9388E-02 -1.0826E-02 -1.2199E-01 -1.2233E-01
  1.9556E-02 -1.0920E-02 -1.2298E-01 -1.2332E-01
  1.9725E-02 -1.1014E-02 -1.2398E-01 -1.2432E-01
  1.9895E-02 -1.1109E-02 -1.2499E-01 -1.2533E-01
  2.0067E-02 -1.1205E-02 -1.2601E-01 -1.2635E-01
  2.0241E-02 -1.1301E-02 -1.2703E-01 -1.2738E-01
  2.0416E-02 -1.1399E-02 -1.2806E-01 -1.2841E-01
  2.0592E-02 -1.1497E-02 -1.2910E-01 -1.2945E-01
  2.0771E-02 -1.1596E-02 -1.3014E-01 -1.3050E-01
  2.0950E-02 -1.1697E-02 -1.3120E-01 -1.3156E-01
  2.1131E-02 -1.1797E-02 -1.3226E-01 -1.3262E-01
  2.1314E-02 -1.1899E-02 -1.3333E-01 -1.3370E-01
  2.1498E-02 -1.2002E-02 -1.3441E-01 -1.3478E-01
  2.1684E-02 -1.2105E-02 -1.3550E-01 -1.3587E-01
  2.1872E-02 -1.2210E-02 -1.3659E-01 -1.3697E-01
  2.2061E-02 -1.2315E-02 -1.3769E-01 -1.3807E-01
  2.2252E-02 -1.2421E-02 -1.3880E-01 -1.3918E-01
  2.2444E-02 -1.2528E-02 -1.3992E-01 -1.4031E-01
  2.2638E-02 -1.2637E-02 -1.4105E-01 -1.4144E-01
  2.2834E-02 -1.2746E-02 -1.4219E-01 -1.4258E-01
  2.3031E-02 -1.2855E-02 -1.4333E-01 -1.4372E-01
  2.3230E-02 -1.2966E-02 -1.4448E-01 -1.4488E-01
  2.3431E-02 -1.3078E-02 -1.4564E-01 -1.4604E-01
  2.3634E-02 -1.3191E-02 -1.4681E-01 -1.4722E-01
  2.3838E-02 -1.3305E-02 -1.4799E-01 -1.4840E-01
  2.4044E-02 -1.3419E-02 -1.4918E-01 -1.4959E-01
  2.4252E-02 -1.3535E-02 -1.5037E-01 -1.5079E-01
  2.4462E-02 -1.3652E-02 -1.5158E-01 -1.5199E-01
  2.4673E-02 -1.3769E-02 -1.5279E-01 -1.5321E-01
  2.4887E-02 -1.3888E-02 -1.5401E-01 -1.5443E-01
  2.5102E-02 -1.4008E-02 -1.5524E-01 -1.5567E-01
  2.5319E-02 -1.4128E-02 -1.5648E-01 -1.5691E-01
  2.5538E-02 -1.4250E-02 -1.5773E-01 -1.5816E-01
  2.5759E-02 -1.4373E-02 -1.5899E-01 -1.5942E-01
  2.5982E-02 -1.4497E-02 -1.6026E-01 -1.6069E-01
  2.6206E-02 -1.4622E-02 -1.6153E-01 -1.6197E-01
  2.6433E-02 -1.4748E-02 -1.6282E-01 -1.6326E-01
  2.6661E-02 -1.4875E-02 -1.6411E-01 -1.6456E-01
  2.6892E-02 -1.5003E-02 -1.6542E-01 -1.6587E-01
  2.7124E-02 -1.5132E-02 -1.6673E-01 -1.6718E-01
  2.7359E-02 -1.5263E-02 -1.6805E-01 -1.6851E-01
  2.7595E-02 -1.5394E-02 -1.6939E-01 -1.6985E-01
  2.7834E-02 -1.5527E-02 -1.7073E-01 -1.7119E-01
  2.8075E-02 -1.5660E-02 -1.7208E-01 -1.7255E-01
  2.8317E-02 -1.5795E-02 -1.7344E-01 -1.7391E-01
  2.8562E-02 -1.5931E-02 -1.7481E-01 -1.7528E-01
  2.8809E-02 -1.6068E-02 -1.7619E-01 -1.7667E-01
  2.9058E-02 -1.6207E-02 -1.7758E-01 -1.7806E-01
  2.9310E-02 -1.6346E-02 -1.7898E-01 -1.7946E-01
  2.9563E-02 -1.6487E-02 -1.8039E-01 -1.8088E-01
  2.9819E-02 -1.6629E-02 -1.8181E-01 -1.8230E-01
  3.0077E-02 -1.6772E-02 -1.8324E-01 -1.8373E-01
  3.0337E-02 -1.6916E-02 -1.8468E-01 -1.8518E-01
  3.0599E-02 -1.7062E-02 -1.8612E-01 -1.8663E-01
  3.0863E-02 -1.7209E-02 -1.8758E-01 -1.8809E-01
  3.1130E-02 -1.7357E-02 -1.8905E-01 -1.8957E-01
  3.1399E-02 -1.7506E-02 -1.9053E-01 -1.9105E-01
  3.1671E-02 -1.7657E-02 -1.9202E-01 -1.9254E-01
  3.1945E-02 -1.7809E-02 -1.9352E-01 -1.9405E-01
  3.2221E-02 -1.7962E-02 -1.9503E-01 -1.9556E-01
  3.2500E-02 -1.8116E-02 -1.9655E-01 -1.9709E-01
  3.2781E-02 -1.8272E-02 -1.9809E-01 -1.9862E-01
  3.3064E-02 -1.8429E-02 -1.9963E-01 -2.0017E-01
  3.3350E-02 -1.8588E-02 -2.0118E-01 -2.0172E-01
  3.3638E-02 -1.8747E-02 -2.0274E-01 -2.0329E-01
  3.3929E-02 -1.8909E-02 -2.0431E-01 -2.0487E-01
  3.4223E-02 -1.9071E-02 -2.0590E-01 -2.0645E-01
  3.4518E-02 -1.9235E-02 -2.0749E-01 -2.0805E-01
  3.4817E-02 -1.9400E-02 -2.0910E-01 -2.0966E-01
  3.5118E-02 -1.9567E-02 -2.1071E-01 -2.1128E-01
  3.5422E-02 -1.9735E-02 -2.1234E-01 -2.1291E-01
  3.5728E-02 -1.9905E-02 -2.1398E-01 -2.1455E-01
  3.6037E-02 -2.0076E-02 -2.1563E-01 -2.1621E-01
  3.6348E-02 -2.0248E-02 -2.1729E-01 -2.1787E-01
  3.6663E-02 -2.0422E-02 -2.1896E-01 -2.1954E-01
  3.6980E-02 -2.0597E-02 -2.2064E-01 -2.2123E-01
  3.7299E-02 -2.0774E-02 -2.2233E-01 -2.2293E-01
  3.7622E-02 -2.0952E-02 -2.2403E-01 -2.2463E-01
  3.7947E-02 -2.1132E-02 -2.2575E-01 -2.2635E-01
  3.8275E-02 -2.1314E-02 -2.2747E-01 -2.2808E-01
  3.8606E-02 -2.1496E-02 -2.2921E-01 -2.2983E-01
  3.8940E-02 -2.1681E-02 -2.3096E-01 -2.3158E-01
  3.9277E-02 -2.1867E-02 -2.3272E-01 -2.3334E-01
  3.9616E-02 -2.2054E-02 -2.3449E-01 -2.3512E-01
  3.9959E-02 -2.2244E-02 -2.3627E-01 -2.3690E-01
  4.0304E-02 -2.2434E-02 -2.3807E-01 -2.3870E-01
  4.0653E-02 -2.2627E-02 -2.3987E-01 -2.4051E-01
  4.1004E-02 -2.2821E-02 -2.4169E-01 -2.4233E-01
  4.1359E-02 -2.3016E-02 -2.4352E-01 -2.4416E-01
  4.1716E-02 -2.3214E-02 -2.4536E-01 -2.4601E-01
  4.2077E-02 -2.3412E-02 -2.4721E-01 -2.4786E-01
  4.2441E-02 -2.3613E-02 -2.4907E-01 -2.4973E-01
  4.2808E-02 -2.3815E-02 -2.5094E-01 -2.5161E-01
  4.3178E-02 -2.4019E-02 -2.5283E-01 -2.5350E-01
  4.3551E-02 -2.4225E-02 -2.5473E-01 -2.5540E-01
  4.3928E-02 -2.4432E-02 -2.5664E-01 -2.5732E-01
  4.4308E-02 -2.4642E-02 -2.5856E-01 -2.5924E-01
  4.4691E-02 -2.4852E-02 -2.6049E-01 -2.6118E-01
  4.5077E-02 -2.5065E-02 -2.6243E-01 -2.6313E-01
  4.5467E-02 -2.5280E-02 -2.6439E-01 -2.6509E-01
  4.5860E-02 -2.5496E-02 -2.6636E-01 -2.6706E-01
  4.6256E-02 -2.5714E-02 -2.6834E-01 -2.6905E-01
  4.6656E-02 -2.5934E-02 -2.7033E-01 -2.7104E-01
  4.7060E-02 -2.6155E-02 -2.7233E-01 -2.7305E-01
  4.7467E-02 -2.6379E-02 -2.7435E-01 -2.7507E-01
  4.7877E-02 -2.6604E-02 -2.7638E-01 -2.7711E-01
  4.8291E-02 -2.6832E-02 -2.7842E-01 -2.7915E-01
  4.8709E-02 -2.7061E-02 -2.8047E-01 -2.8121E-01
  4.9130E-02 -2.7292E-02 -2.8253E-01 -2.8327E-01
  4.9555E-02 -2.7525E-02 -2.8461E-01 -2.8535E-01
  4.9983E-02 -2.7760E-02 -2.8669E-01 -2.8745E-01
  5.0415E-02 -2.7997E-02 -2.8879E-01 -2.8955E-01
  5.0851E-02 -2.8236E-02 -2.9091E-01 -2.9167E-01
  5.1291E-02 -2.8477E-02 -2.9303E-01 -2.9380E-01
  5.1734E-02 -2.8720E-02 -2.9516E-01 -2.9594E-01
  5.2181E-02 -2.8965E-02 -2.9731E-01 -2.9809E-01
  5.2633E-02 -2.9211E-02 -2.9947E-01 -3.0025E-01
  5.3088E-02 -2.9460E-02 -3.0164E-01 -3.0243E-01
  5.3547E-02 -2.9711E-02 -3.0383E-01 -3.0462E-01
  5.4010E-02 -2.9964E-02 -3.0602E-01 -3.0682E-01
  5.4477E-02 -3.0220E-02 -3.0823E-01 -3.0903E-01
  5.4948E-02 -3.0477E-02 -3.1045E-01 -3.1126E-01
  5.5423E-02 -3.0736E-02 -3.1268E-01 -3.1350E-01
  5.5902E-02 -3.0998E-02 -3.1493E-01 -3.1575E-01
  5.6385E-02 -3.1262E-02 -3.1718E-01 -3.1801E-01
  5.6873E-02 -3.1527E-02 -3.1945E-01 -3.2028E-01
  5.7364E-02 -3.1795E-02 -3.2173E-01 -3.2257E-01
  5.7860E-02 -3.2066E-02 -3.2402E-01 -3.2486E-01
  5.8361E-02 -3.2338E-02 -3.2633E-01 -3.2717E-01
  5.8865E-02 -3.2613E-02 -3.2864E-01 -3.2949E-01
  5.9374E-02 -3.2890E-02 -3.3097E-01 -3.3183E-01
  5.9888E-02 -3.3169E-02 -3.3331E-01 -3.3417E-01
  6.0405E-02 -3.3450E-02 -3.3567E-01 -3.3653E-01
  6.0928E-02 -3.3734E-02 -3.3803E-01 -3.3890E-01
  6.1454E-02 -3.4020E-02 -3.4041E-01 -3.4128E-01
  6.1986E-02 -3.4309E-02 -3.4279E-01 -3.4367E-01
  6.2522E-02 -3.4599E-02 -3.4519E-01 -3.4608E-01
  6.3062E-02 -3.4892E-02 -3.4760E-01 -3.4849E-01
  6.3607E-02 -3.5188E-02 -3.5003E-01 -3.5092E-01
  6.4157E-02 -3.5486E-02 -3.5246E-01 -3.5336E-01
  6.4712E-02 -3.5786E-02 -3.5491E-01 -3.5582E-01
  6.5272E-02 -3.6089E-02 -3.5737E-01 -3.5828E-01
  6.5836E-02 -3.6394E-02 -3.5984E-01 -3.6075E-01
  6.6405E-02 -3.6702E-02 -3.6232E-01 -3.6324E-01
  6.6979E-02 -3.7012E-02 -3.6481E-01 -3.6574E-01
  6.7558E-02 -3.7324E-02 -3.6732E-01 -3.6825E-01
  6.8142E-02 -3.7639E-02 -3.6983E-01 -3.7077E-01
  6.8732E-02 -3.7957E-02 -3.7236E-01 -3.7330E-01
  6.9326E-02 -3.8277E-02 -3.7490E-01 -3.7585E-01
  6.9925E-02 -3.8600E-02 -3.7745E-01 -3.7840E-01
  7.0530E-02 -3.8925E-02 -3.8001E-01 -3.8097E-01
  7.1140E-02 -3.9253E-02 -3.8258E-01 -3.8355E-01
  7.1755E-02 -3.9583E-02 -3.8516E-01 -3.8613E-01
  7.2375E-02 -3.9917E-02 -3.8776E-01 -3.8873E-01
  7.3001E-02 -4.0252E-02 -3.9036E-01 -3.9135E-01
  7.3632E-02 -4.0591E-02 -3.9298E-01 -3.9397E-01
  7.4269E-02 -4.0932E-02 -3.9561E-01 -3.9660E-01
  7.4911E-02 -4.1276E-02 -3.9825E-01 -3.9924E-01
  7.5558E-02 -4.1622E-02 -4.0089E-01 -4.0190E-01
  7.6212E-02 -4.1971E-02 -4.0355E-01 -4.0456E-01
  7.6871E-02 -4.2323E-02 -4.0622E-01 -4.0723E-01
  7.7535E-02 -4.2678E-02 -4.0890E-01 -4.0992E-01
  7.8206E-02 -4.3035E-02 -4.1159E-01 -4.1262E-01
  7.8882E-02 -4.3396E-02 -4.1429E-01 -4.1532E-01
  7.9564E-02 -4.3759E-02 -4.1700E-01 -4.1804E-01
  8.0252E-02 -4.4125E-02 -4.1972E-01 -4.2076E-01
  8.0945E-02 -4.4493E-02 -4.2245E-01 -4.2350E-01
  8.1645E-02 -4.4865E-02 -4.2519E-01 -4.2624E-01
  8.2351E-02 -4.5240E-02 -4.2794E-01 -4.2900E-01
  8.3063E-02 -4.5617E-02 -4.3070E-01 -4.3176E-01
  8.3781E-02 -4.5997E-02 -4.3347E-01 -4.3454E-01
  8.4506E-02 -4.6380E-02 -4.3625E-01 -4.3732E-01
  8.5236E-02 -4.6766E-02 -4.3903E-01 -4.4011E-01
  8.5973E-02 -4.7156E-02 -4.4183E-01 -4.4291E-01
  8.6717E-02 -4.7548E-02 -4.4464E-01 -4.4572E-01
  8.7466E-02 -4.7943E-02 -4.4745E-01 -4.4854E-01
  8.8223E-02 -4.8341E-02 -4.5027E-01 -4.5137E-01
  8.8985E-02 -4.8742E-02 -4.5310E-01 -4.5420E-01
  8.9755E-02 -4.9146E-02 -4.5594E-01 -4.5705E-01
  9.0531E-02 -4.9553E-02 -4.5879E-01 -4.5990E-01
  9.1313E-02 -4.9963E-02 -4.6164E-01 -4.6276E-01
  9.2103E-02 -5.0376E-02 -4.6451E-01 -4.6563E-01
  9.2899E-02 -5.0792E-02 -4.6738E-01 -4.6850E-01
  9.3702E-02 -5.1212E-02 -4.7026E-01 -4.7139E-01
  9.4512E-02 -5.1634E-02 -4.7314E-01 -4.7428E-01
  9.5330E-02 -5.2060E-02 -4.7603E-01 -4.7718E-01
  9.6154E-02 -5.2489E-02 -4.7893E-01 -4.8008E-01
  9.6985E-02 -5.2921E-02 -4.8184E-01 -4.8299E-01
  9.7824E-02 -5.3356E-02 -4.8475E-01 -4.8591E-01
  9.8669E-02 -5.3794E-02 -4.8767E-01 -4.8883E-01
  9.9523E-02 -5.4236E-02 -4.9060E-01 -4.9176E-01
  1.0038E-01 -5.4680E-02 -4.9353E-01 -4.9470E-01
  1.0125E-01 -5.5128E-02 -4.9647E-01 -4.9764E-01
  1.0213E-01 -5.5579E-02 -4.9941E-01 -5.0059E-01
  1.0301E-01 -5.6034E-02 -5.0236E-01 -5.0354E-01
  1.0390E-01 -5.6491E-02 -5.0531E-01 -5.0650E-01
  1.0480E-01 -5.6952E-02 -5.0827E-01 -5.0946E-01
  1.0570E-01 -5.7416E-02 -5.1124E-01 -5.1243E-01
  1.0662E-01 -5.7883E-02 -5.1420E-01 -5.1540E-01
  1.0754E-01 -5.8354E-02 -5.1718E-01 -5.1838E-01
  1.0847E-01 -5.8828E-02 -5.2015E-01 -5.2136E-01
  1.0941E-01 -5.9305E-02 -5.2313E-01 -5.2434E-01
  1.1035E-01 -5.9786E-02 -5.2611E-01 -5.2733E-01
  1.1131E-01 -6.0270E-02 -5.2910E-01 -5.3032E-01
  1.1227E-01 -6.0757E-02 -5.3209E-01 -5.3331E-01
  1.1324E-01 -6.1248E-02 -5.3508E-01 -5.3631E-01
  1.1422E-01 -6.1742E-02 -5.3807E-01 -5.3931E-01
  1.1521E-01 -6.2239E-02 -5.4107E-01 -5.4231E-01
  1.1620E-01 -6.2739E-02 -5.4407E-01 -5.4531E-01
  1.1721E-01 -6.3243E-02 -5.4707E-01 -5.4831E-01
  1.1822E-01 -6.3751E-02 -5.5007E-01 -5.5132E-01
  1.1924E-01 -6.4261E-02 -5.5307E-01 -5.5432E-01
  1.2027E-01 -6.4775E-02 -5.5607E-01 -5.5733E-01
  1.2131E-01 -6.5293E-02 -5.5907E-01 -5.6033E-01
  1.2236E-01 -6.5813E-02 -5.6208E-01 -5.6334E-01
  1.2342E-01 -6.6338E-02 -5.6508E-01 -5.6634E-01
  1.2449E-01 -6.6865E-02 -5.6808E-01 -5.6935E-01
  1.2556E-01 -6.7396E-02 -5.7108E-01 -5.7235E-01
  1.2665E-01 -6.7930E-02 -5.7408E-01 -5.7535E-01
  1.2774E-01 -6.8468E-02 -5.7707E-01 -5.7835E-01
  1.2885E-01 -6.9009E-02 -5.8007E-01 -5.8135E-01
  1.2996E-01 -6.9553E-02 -5.8306E-01 -5.8434E-01
  1.3109E-01 -7.0101E-02 -5.8605E-01 -5.8733E-01
  1.3222E-01 -7.0652E-02 -5.8903E-01 -5.9032E-01
  1.3336E-01 -7.1206E-02 -5.9202E-01 -5.9331E-01
  1.3452E-01 -7.1764E-02 -5.9499E-01 -5.9629E-01
  1.3568E-01 -7.2325E-02 -5.9797E-01 -5.9926E-01
  1.3685E-01 -7.2889E-02 -6.0094E-01 -6.0223E-01
  1.3804E-01 -7.3456E-02 -6.0390E-01 -6.0520E-01
  1.3923E-01 -7.4027E-02 -6.0686E-01 -6.0816E-01
  1.4043E-01 -7.4602E-02 -6.0981E-01 -6.1111E-01
  1.4165E-01 -7.5179E-02 -6.1275E-01 -6.1406E-01
  1.4287E-01 -7.5760E-02 -6.1569E-01 -6.1700E-01
  1.4411E-01 -7.6343E-02 -6.1862E-01 -6.1993E-01
  1.4535E-01 -7.6931E-02 -6.2154E-01 -6.2285E-01
  1.4661E-01 -7.7521E-02 -6.2446E-01 -6.2577E-01
  1.4788E-01 -7.8114E-02 -6.2736E-01 -6.2867E-01
  1.4916E-01 -7.8711E-02 -6.3026E-01 -6.3157E-01
  1.5044E-01 -7.9311E-02 -6.3315E-01 -6.3446E-01
  1.5175E-01 -7.9913E-02 -6.3602E-01 -6.3733E-01
  1.5306E-01 -8.0519E-02 -6.3889E-01 -6.4020E-01
  1.5438E-01 -8.1128E-02 -6.4174E-01 -6.4305E-01
  1.5572E-01 -8.1740E-02 -6.4458E-01 -6.4590E-01
  1.5706E-01 -8.2355E-02 -6.4741E-01 -6.4873E-01
  1.5842E-01 -8.2973E-02 -6.5023E-01 -6.5154E-01
  1.5979E-01 -8.3594E-02 -6.5303E-01 -6.5435E-01
  1.6117E-01 -8.4217E-02 -6.5582E-01 -6.5714E-01
  1.6256E-01 -8.4844E-02 -6.5860E-01 -6.5991E-01
  1.6397E-01 -8.5473E-02 -6.6136E-01 -6.6267E-01
  1.6539E-01 -8.6105E-02 -6.6411E-01 -6.6542E-01
  1.6682E-01 -8.6740E-02 -6.6683E-01 -6.6815E-01
  1.6826E-01 -8.7377E-02 -6.6955E-01 -6.7086E-01
  1.6971E-01 -8.8017E-02 -6.7224E-01 -6.7355E-01
  1.7118E-01 -8.8660E-02 -6.7492E-01 -6.7623E-01
  1.7266E-01 -8.9305E-02 -6.7758E-01 -6.7888E-01
  1.7415E-01 -8.9953E-02 -6.8022E-01 -6.8152E-01
  1.7566E-01 -9.0603E-02 -6.8284E-01 -6.8414E-01
  1.7718E-01 -9.1255E-02 -6.8544E-01 -6.8674E-01
  1.7871E-01 -9.1909E-02 -6.8802E-01 -6.8931E-01
  1.8026E-01 -9.2566E-02 -6.9058E-01 -6.9187E-01
  1.8181E-01 -9.3225E-02 -6.9311E-01 -6.9440E-01
  1.8339E-01 -9.3886E-02 -6.9562E-01 -6.9691E-01
  1.8497E-01 -9.4549E-02 -6.9811E-01 -6.9940E-01
  1.8657E-01 -9.5214E-02 -7.0058E-01 -7.0186E-01
  1.8818E-01 -9.5880E-02 -7.0302E-01 -7.0430E-01
  1.8981E-01 -9.6549E-02 -7.0543E-01 -7.0671E-01
  1.9145E-01 -9.7219E-02 -7.0782E-01 -7.0909E-01
  1.9311E-01 -9.7891E-02 -7.1018E-01 -7.1145E-01
  1.9478E-01 -9.8564E-02 -7.1252E-01 -7.1378E-01
  1.9646E-01 -9.9238E-02 -7.1482E-01 -7.1608E-01
  1.9816E-01 -9.9914E-02 -7.1710E-01 -7.1835E-01
  1.9987E-01 -1.0059E-01 -7.1935E-01 -7.2060E-01
  2.0160E-01 -1.0127E-01 -7.2157E-01 -7.2281E-01
  2.0334E-01 -1.0195E-01 -7.2375E-01 -7.2499E-01
  2.0510E-01 -1.0263E-01 -7.2590E-01 -7.2714E-01
  2.0687E-01 -1.0331E-01 -7.2803E-01 -7.2925E-01
  2.0866E-01 -1.0399E-01 -7.3011E-01 -7.3134E-01
  2.1047E-01 -1.0467E-01 -7.3217E-01 -7.3338E-01
  2.1229E-01 -1.0535E-01 -7.3419E-01 -7.3539E-01
  2.1412E-01 -1.0604E-01 -7.3617E-01 -7.3737E-01
  2.1597E-01 -1.0672E-01 -7.3812E-01 -7.3931E-01
  2.1784E-01 -1.0740E-01 -7.4002E-01 -7.4121E-01
  2.1972E-01 -1.0808E-01 -7.4190E-01 -7.4308E-01
  2.2162E-01 -1.0876E-01 -7.4373E-01 -7.4490E-01
  2.2354E-01 -1.0945E-01 -7.4552E-01 -7.4668E-01
  2.2547E-01 -1.1013E-01 -7.4727E-01 -7.4843E-01
  2.2742E-01 -1.1081E-01 -7.4898E-01 -7.5013E-01
  2.2939E-01 -1.1148E-01 -7.5065E-01 -7.5179E-01
  2.3137E-01 -1.1216E-01 -7.5227E-01 -7.5340E-01
  2.3337E-01 -1.1284E-01 -7.5386E-01 -7.5498E-01
  2.3539E-01 -1.1351E-01 -7.5539E-01 -7.5650E-01
  2.3742E-01 -1.1418E-01 -7.5688E-01 -7.5798E-01
  2.3948E-01 -1.1485E-01 -7.5833E-01 -7.5942E-01
  2.4155E-01 -1.1552E-01 -7.5972E-01 -7.6080E-01
  2.4364E-01 -1.1619E-01 -7.6107E-01 -7.6214E-01
  2.4574E-01 -1.1685E-01 -7.6237E-01 -7.6343E-01
  2.4787E-01 -1.1751E-01 -7.6362E-01 -7.6467E-01
  2.5001E-01 -1.1817E-01 -7.6482E-01 -7.6585E-01
  2.5217E-01 -1.1882E-01 -7.6596E-01 -7.6699E-01
  2.5435E-01 -1.1947E-01 -7.6705E-01 -7.6807E-01
  2.5655E-01 -1.2012E-01 -7.6809E-01 -7.6910E-01
  2.5877E-01 -1.2076E-01 -7.6908E-01 -7.7007E-01
  2.6101E-01 -1.2140E-01 -7.7001E-01 -7.7098E-01
  2.6326E-01 -1.2203E-01 -7.7088E-01 -7.7184E-01
  2.6554E-01 -1.2266E-01 -7.7170E-01 -7.7265E-01
  2.6783E-01 -1.2328E-01 -7.7245E-01 -7.7339E-01
  2.7015E-01 -1.2390E-01 -7.7315E-01 -7.7407E-01
  2.7248E-01 -1.2451E-01 -7.7379E-01 -7.7469E-01
  2.7484E-01 -1.2511E-01 -7.7436E-01 -7.7526E-01
  2.7722E-01 -1.2571E-01 -7.7488E-01 -7.7575E-01
  2.7961E-01 -1.2630E-01 -7.7533E-01 -7.7619E-01
  2.8203E-01 -1.2689E-01 -7.7571E-01 -7.7656E-01
  2.8447E-01 -1.2746E-01 -7.7603E-01 -7.7686E-01
  2.8693E-01 -1.2803E-01 -7.7629E-01 -7.7710E-01
  2.8941E-01 -1.2859E-01 -7.7647E-01 -7.7727E-01
  2.9191E-01 -1.2914E-01 -7.7659E-01 -7.7738E-01
  2.9444E-01 -1.2968E-01 -7.7664E-01 -7.7741E-01
  2.9698E-01 -1.3021E-01 -7.7662E-01 -7.7737E-01
  2.9955E-01 -1.3074E-01 -7.7653E-01 -7.7726E-01
  3.0214E-01 -1.3125E-01 -7.7637E-01 -7.7708E-01
  3.0475E-01 -1.3175E-01 -7.7613E-01 -7.7683E-01
  3.0738E-01 -1.3224E-01 -7.7582E-01 -7.7650E-01
  3.1004E-01 -1.3271E-01 -7.7543E-01 -7.7609E-01
  3.1272E-01 -1.3318E-01 -7.7497E-01 -7.7561E-01
  3.1543E-01 -1.3363E-01 -7.7443E-01 -7.7505E-01
  3.1815E-01 -1.3407E-01 -7.7381E-01 -7.7441E-01
  3.2090E-01 -1.3449E-01 -7.7312E-01 -7.7370E-01
  3.2368E-01 -1.3490E-01 -7.7234E-01 -7.7290E-01
  3.2648E-01 -1.3530E-01 -7.7148E-01 -7.7202E-01
  3.2930E-01 -1.3568E-01 -7.7054E-01 -7.7106E-01
  3.3215E-01 -1.3604E-01 -7.6951E-01 -7.7001E-01
  3.3502E-01 -1.3639E-01 -7.6840E-01 -7.6888E-01
  3.3791E-01 -1.3672E-01 -7.6721E-01 -7.6767E-01
  3.4084E-01 -1.3703E-01 -7.6593E-01 -7.6636E-01
  3.4378E-01 -1.3733E-01 -7.6456E-01 -7.6497E-01
  3.4676E-01 -1.3760E-01 -7.6310E-01 -7.6349E-01
  3.4975E-01 -1.3785E-01 -7.6155E-01 -7.6192E-01
  3.5278E-01 -1.3809E-01 -7.5991E-01 -7.6026E-01
  3.5583E-01 -1.3830E-01 -7.5818E-01 -7.5851E-01
  3.5890E-01 -1.3849E-01 -7.5636E-01 -7.5666E-01
  3.6201E-01 -1.3866E-01 -7.5444E-01 -7.5472E-01
  3.6514E-01 -1.3880E-01 -7.5243E-01 -7.5269E-01
  3.6829E-01 -1.3892E-01 -7.5033E-01 -7.5056E-01
  3.7148E-01 -1.3901E-01 -7.4812E-01 -7.4833E-01
  3.7469E-01 -1.3908E-01 -7.4582E-01 -7.4601E-01
  3.7793E-01 -1.3912E-01 -7.4342E-01 -7.4358E-01
  3.8120E-01 -1.3914E-01 -7.4092E-01 -7.4106E-01
  3.8449E-01 -1.3913E-01 -7.3832E-01 -7.3843E-01
  3.8782E-01 -1.3908E-01 -7.3562E-01 -7.3570E-01
  3.9117E-01 -1.3901E-01 -7.3281E-01 -7.3287E-01
  3.9455E-01 -1.3890E-01 -7.2990E-01 -7.2994E-01
  3.9796E-01 -1.3877E-01 -7.2689E-01 -7.2690E-01
  4.0140E-01 -1.3860E-01 -7.2377E-01 -7.2375E-01
  4.0487E-01 -1.3839E-01 -7.2054E-01 -7.2050E-01
  4.0837E-01 -1.3815E-01 -7.1721E-01 -7.1714E-01
  4.1190E-01 -1.3788E-01 -7.1376E-01 -7.1367E-01
  4.1546E-01 -1.3757E-01 -7.1021E-01 -7.1009E-01
  4.1906E-01 -1.3722E-01 -7.0654E-01 -7.0640E-01
  4.2268E-01 -1.3683E-01 -7.0277E-01 -7.0260E-01
  4.2633E-01 -1.3640E-01 -6.9888E-01 -6.9868E-01
  4.3002E-01 -1.3593E-01 -6.9488E-01 -6.9465E-01
  4.3374E-01 -1.3541E-01 -6.9076E-01 -6.9051E-01
  4.3749E-01 -1.3485E-01 -6.8653E-01 -6.8625E-01
  4.4127E-01 -1.3425E-01 -6.8218E-01 -6.8188E-01
  4.4508E-01 -1.3360E-01 -6.7772E-01 -6.7738E-01
  4.4893E-01 -1.3291E-01 -6.7313E-01 -6.7277E-01
  4.5281E-01 -1.3216E-01 -6.6843E-01 -6.6805E-01
  4.5673E-01 -1.3136E-01 -6.6361E-01 -6.6320E-01
  4.6068E-01 -1.3052E-01 -6.5866E-01 -6.5823E-01
  4.6466E-01 -1.2962E-01 -6.5360E-01 -6.5314E-01
  4.6868E-01 -1.2866E-01 -6.4841E-01 -6.4792E-01
  4.7273E-01 -1.2765E-01 -6.4310E-01 -6.4259E-01
  4.7682E-01 -1.2658E-01 -6.3767E-01 -6.3713E-01
  4.8094E-01 -1.2546E-01 -6.3211E-01 -6.3154E-01
  4.8510E-01 -1.2427E-01 -6.2643E-01 -6.2583E-01
  4.8929E-01 -1.2302E-01 -6.2062E-01 -6.2000E-01
  4.9352E-01 -1.2171E-01 -6.1468E-01 -6.1403E-01
  4.9779E-01 -1.2034E-01 -6.0861E-01 -6.0794E-01
  5.0209E-01 -1.1889E-01 -6.0242E-01 -6.0172E-01
  5.0643E-01 -1.1738E-01 -5.9610E-01 -5.9537E-01
  5.1081E-01 -1.1580E-01 -5.8964E-01 -5.8890E-01
  5.1523E-01 -1.1415E-01 -5.8306E-01 -5.8229E-01
  5.1968E-01 -1.1243E-01 -5.7635E-01 -5.7555E-01
  5.2417E-01 -1.1063E-01 -5.6950E-01 -5.6868E-01
  5.2871E-01 -1.0876E-01 -5.6252E-01 -5.6168E-01
  5.3328E-01 -1.0680E-01 -5.5541E-01 -5.5454E-01
  5.3789E-01 -1.0477E-01 -5.4816E-01 -5.4727E-01
  5.4254E-01 -1.0265E-01 -5.4078E-01 -5.3987E-01
  5.4723E-01 -1.0045E-01 -5.3327E-01 -5.3233E-01
  5.5196E-01 -9.8170E-02 -5.2562E-01 -5.2466E-01
  5.5673E-01 -9.5798E-02 -5.1783E-01 -5.1685E-01
  5.6154E-01 -9.3337E-02 -5.0991E-01 -5.0891E-01
  5.6640E-01 -9.0784E-02 -5.0185E-01 -5.0083E-01
  5.7130E-01 -8.8138E-02 -4.9365E-01 -4.9261E-01
  5.7624E-01 -8.5396E-02 -4.8532E-01 -4.8426E-01
  5.8122E-01 -8.2557E-02 -4.7685E-01 -4.7577E-01
  5.8624E-01 -7.9618E-02 -4.6824E-01 -4.6714E-01
  5.9131E-01 -7.6578E-02 -4.5949E-01 -4.5837E-01
  5.9642E-01 -7.3434E-02 -4.5060E-01 -4.4947E-01
  6.0158E-01 -7.0184E-02 -4.4158E-01 -4.4042E-01
  6.0678E-01 -6.6827E-02 -4.3241E-01 -4.3124E-01
  6.1203E-01 -6.3359E-02 -4.2311E-01 -4.2192E-01
  6.1732E-01 -5.9779E-02 -4.1366E-01 -4.1246E-01
  6.2265E-01 -5.6085E-02 -4.0408E-01 -4.0286E-01
  6.2804E-01 -5.2274E-02 -3.9435E-01 -3.9312E-01
  6.3347E-01 -4.8344E-02 -3.8449E-01 -3.8324E-01
  6.3894E-01 -4.4293E-02 -3.7448E-01 -3.7322E-01
  6.4447E-01 -4.0118E-02 -3.6434E-01 -3.6307E-01
  6.5004E-01 -3.5818E-02 -3.5405E-01 -3.5277E-01
  6.5566E-01 -3.1391E-02 -3.4362E-01 -3.4233E-01
  6.6133E-01 -2.6832E-02 -3.3306E-01 -3.3176E-01
  6.6705E-01 -2.2142E-02 -3.2235E-01 -3.2104E-01
  6.7281E-01 -1.7317E-02 -3.1150E-01 -3.1019E-01
  6.7863E-01 -1.2355E-02 -3.0052E-01 -2.9919E-01
  6.8450E-01 -7.2529E-03 -2.8939E-01 -2.8806E-01
  6.9041E-01 -2.0097E-03 -2.7813E-01 -2.7679E-01
  6.9638E-01  3.3774E-03 -2.6672E-01 -2.6538E-01
  7.0240E-01  8.9107E-03 -2.5518E-01 -2.5383E-01
  7.0848E-01  1.4592E-02 -2.4350E-01 -2.4215E-01
  7.1460E-01  2.0425E-02 -2.3168E-01 -2.3033E-01
  7.2078E-01  2.6410E-02 -2.1972E-01 -2.1837E-01
  7.2701E-01  3.2551E-02 -2.0762E-01 -2.0627E-01
  7.3330E-01  3.8849E-02 -1.9539E-01 -1.9404E-01
  7.3964E-01  4.5307E-02 -1.8302E-01 -1.8168E-01
  7.4603E-01  5.1927E-02 -1.7052E-01 -1.6918E-01
  7.5248E-01  5.8711E-02 -1.5788E-01 -1.5654E-01
  7.5899E-01  6.5661E-02 -1.4511E-01 -1.4378E-01
  7.6555E-01  7.2779E-02 -1.3220E-01 -1.3088E-01
  7.7217E-01  8.0067E-02 -1.1917E-01 -1.1784E-01
  7.7884E-01  8.7528E-02 -1.0600E-01 -1.0468E-01
  7.8558E-01  9.5163E-02 -9.2694E-02 -9.1388E-02
  7.9237E-01  1.0297E-01 -7.9262E-02 -7.7966E-02
  7.9922E-01  1.1096E-01 -6.5701E-02 -6.4415E-02
  8.0613E-01  1.1913E-01 -5.2012E-02 -5.0737E-02
  8.1310E-01  1.2748E-01 -3.8195E-02 -3.6933E-02
  8.2013E-01  1.3602E-01 -2.4252E-02 -2.3003E-02
  8.2722E-01  1.4474E-01 -1.0185E-02 -8.9499E-03
  8.3437E-01  1.5364E-01  4.0070E-03  5.2266E-03
  8.4158E-01  1.6274E-01  1.8321E-02  1.9525E-02
  8.4886E-01  1.7202E-01  3.2757E-02  3.3943E-02
  8.5620E-01  1.8150E-01  4.7312E-02  4.8481E-02
  8.6360E-01  1.9116E-01  6.1987E-02  6.3137E-02
  8.7107E-01  2.0102E-01  7.6778E-02  7.7909E-02
  8.7860E-01  2.1107E-01  9.1685E-02  9.2796E-02
  8.8619E-01  2.2132E-01  1.0671E-01  1.0780E-01
  8.9386E-01  2.3177E-01  1.2184E-01  1.2291E-01
  9.0158E-01  2.4241E-01  1.3709E-01  1.3813E-01
  9.0938E-01  2.5325E-01  1.5244E-01  1.5346E-01
  9.1724E-01  2.6428E-01  1.6790E-01  1.6890E-01
  9.2517E-01  2.7552E-01  1.8347E-01  1.8444E-01
  9.3317E-01  2.8695E-01  1.9914E-01  2.0009E-01
  9.4124E-01  2.9858E-01  2.1491E-01  2.1584E-01
  9.4937E-01  3.1041E-01  2.3079E-01  2.3169E-01
  9.5758E-01  3.2243E-01  2.4676E-01  2.4763E-01
  9.6586E-01  3.3465E-01  2.6283E-01  2.6367E-01
  9.7421E-01  3.4707E-01  2.7899E-01  2.7981E-01
  9.8263E-01  3.5969E-01  2.9524E-01  2.9603E-01
  9.9113E-01  3.7250E-01  3.1158E-01  3.1235E-01
  9.9970E-01  3.8550E-01  3.2801E-01  3.2875E-01
  1.0083E+00  3.9870E-01  3.4453E-01  3.4524E-01
  1.0171E+00  4.1208E-01  3.6113E-01  3.6181E-01
  1.0259E+00  4.2566E-01  3.7781E-01  3.7846E-01
  1.0347E+00  4.3942E-01  3.9456E-01  3.9518E-01
  1.0437E+00  4.5337E-01  4.1139E-01  4.1199E-01
  1.0527E+00  4.6750E-01  4.2830E-01  4.2886E-01
  1.0618E+00  4.8181E-01  4.4527E-01  4.4581E-01
  1.0710E+00  4.9629E-01  4.6231E-01  4.6282E-01
  1.0802E+00  5.1095E-01  4.7942E-01  4.7990E-01
  1.0896E+00  5.2578E-01  4.9658E-01  4.9704E-01
  1.0990E+00  5.4078E-01  5.1381E-01  5.1424E-01
  1.1085E+00  5.5594E-01  5.3109E-01  5.3149E-01
  1.1181E+00  5.7127E-01  5.4843E-01  5.4880E-01
  1.1277E+00  5.8674E-01  5.6581E-01  5.6617E-01
  1.1375E+00  6.0237E-01  5.8324E-01  5.8357E-01
  1.1473E+00  6.1814E-01  6.0072E-01  6.0103E-01
  1.1572E+00  6.3406E-01  6.1824E-01  6.1852E-01
  1.1672E+00  6.5011E-01  6.3579E-01  6.3605E-01
  1.1773E+00  6.6629E-01  6.5338E-01  6.5362E-01
  1.1875E+00  6.8260E-01  6.7100E-01  6.7122E-01
  1.1978E+00  6.9903E-01  6.8865E-01  6.8885E-01
  1.2081E+00  7.1557E-01  7.0633E-01  7.0651E-01
  1.2186E+00  7.3222E-01  7.2402E-01  7.2419E-01
  1.2291E+00  7.4897E-01  7.4173E-01  7.4188E-01
  1.2397E+00  7.6581E-01  7.5946E-01  7.5959E-01
  1.2505E+00  7.8275E-01  7.7720E-01  7.7732E-01
  1.2613E+00  7.9976E-01  7.9494E-01  7.9505E-01
  1.2722E+00  8.1685E-01  8.1269E-01  8.1279E-01
  1.2832E+00  8.3400E-01  8.3044E-01  8.3052E-01
  1.2943E+00  8.5121E-01  8.4819E-01  8.4826E-01
  1.3055E+00  8.6848E-01  8.6592E-01  8.6599E-01
  1.3167E+00  8.8578E-01  8.8365E-01  8.8370E-01
  1.3281E+00  9.0313E-01  9.0136E-01  9.0141E-01
  1.3396E+00  9.2050E-01  9.1905E-01  9.1909E-01
  1.3512E+00  9.3790E-01  9.3672E-01  9.3676E-01
  1.3629E+00  9.5531E-01  9.5437E-01  9.5440E-01
  1.3747E+00  9.7272E-01  9.7198E-01  9.7201E-01
  1.3865E+00  9.9013E-01  9.8956E-01  9.8958E-01
  1.3985E+00  1.0075E+00  1.0071E+00  1.0071E+00
  1.4106E+00  1.0249E+00  1.0246E+00  1.0246E+00
  1.4228E+00  1.0423E+00  1.0420E+00  1.0421E+00
  1.4351E+00  1.0596E+00  1.0594E+00  1.0595E+00
  1.4475E+00  1.0769E+00  1.0768E+00  1.0768E+00
  1.4600E+00  1.0941E+00  1.0941E+00  1.0941E+00
  1.4727E+00  1.1113E+00  1.1113E+00  1.1113E+00
  1.4854E+00  1.1285E+00  1.1284E+00  1.1284E+00
  1.4982E+00  1.1455E+00  1.1455E+00  1.1455E+00
  1.5112E+00  1.1625E+00  1.1625E+00  1.1625E+00
  1.5243E+00  1.1794E+00  1.1794E+00  1.1794E+00
  1.5374E+00  1.1963E+00  1.1963E+00  1.1963E+00
  1.5507E+00  1.2130E+00  1.2130E+00  1.2130E+00
  1.5641E+00  1.2297E+00  1.2297E+00  1.2297E+00
  1.5777E+00  1.2462E+00  1.2462E+00  1.2462E+00
  1.5913E+00  1.2626E+00  1.2626E+00  1.2626E+00
  1.6051E+00  1.2790E+00  1.2790E+00  1.2790E+00
  1.6189E+00  1.2952E+00  1.2952E+00  1.2952E+00
  1.6329E+00  1.3112E+00  1.3112E+00  1.3112E+00
  1.6470E+00  1.3272E+00  1.3272E+00  1.3272E+00
  1.6613E+00  1.3430E+00  1.3430E+00  1.3430E+00
  1.6756E+00  1.3587E+00  1.3587E+00  1.3587E+00
  1.6901E+00  1.3743E+00  1.3743E+00  1.3743E+00
  1.7047E+00  1.3897E+00  1.3897E+00  1.3897E+00
  1.7195E+00  1.4049E+00  1.4049E+00  1.4049E+00
  1.7344E+00  1.4200E+00  1.4200E+00  1.4200E+00
  1.7493E+00  1.4349E+00  1.4349E+00  1.4349E+00
