 # l=           1 energy= -4.999999999999982E-002
  0.0000E+00  0.0000E+00  0.0000E+00  0.0000E+00
  2.8818E-08  9.2419E-16  1.8755E-15  1.8647E-15
  5.7886E-08  3.7288E-15  7.5672E-15  7.5234E-15
  8.7205E-08  8.4626E-15  1.7174E-14  1.7075E-14
  1.1678E-07  1.5175E-14  3.0797E-14  3.0619E-14
  1.4661E-07  2.3918E-14  4.8538E-14  4.8258E-14
  1.7669E-07  3.4742E-14  7.0504E-14  7.0097E-14
  2.0704E-07  4.7700E-14  9.6802E-14  9.6242E-14
  2.3765E-07  6.2847E-14  1.2754E-13  1.2680E-13
  2.6852E-07  8.0236E-14  1.6283E-13  1.6189E-13
  2.9966E-07  9.9925E-14  2.0279E-13  2.0161E-13
  3.3107E-07  1.2197E-13  2.4753E-13  2.4609E-13
  3.6275E-07  1.4643E-13  2.9716E-13  2.9545E-13
  3.9470E-07  1.7337E-13  3.5182E-13  3.4979E-13
  4.2693E-07  2.0283E-13  4.1163E-13  4.0925E-13
  4.5944E-07  2.3490E-13  4.7670E-13  4.7395E-13
  4.9223E-07  2.6963E-13  5.4718E-13  5.4402E-13
  5.2531E-07  3.0708E-13  6.2318E-13  6.1958E-13
  5.5867E-07  3.4732E-13  7.0484E-13  7.0077E-13
  5.9232E-07  3.9042E-13  7.9231E-13  7.8773E-13
  6.2625E-07  4.3644E-13  8.8570E-13  8.8059E-13
  6.6049E-07  4.8546E-13  9.8518E-13  9.7949E-13
  6.9502E-07  5.3754E-13  1.0909E-12  1.0846E-12
  7.2984E-07  5.9276E-13  1.2029E-12  1.1960E-12
  7.6497E-07  6.5120E-13  1.3215E-12  1.3139E-12
  8.0040E-07  7.1292E-13  1.4468E-12  1.4384E-12
  8.3614E-07  7.7801E-13  1.5789E-12  1.5697E-12
  8.7219E-07  8.4653E-13  1.7179E-12  1.7080E-12
  9.0855E-07  9.1858E-13  1.8642E-12  1.8534E-12
  9.4522E-07  9.9424E-13  2.0177E-12  2.0060E-12
  9.8221E-07  1.0736E-12  2.1787E-12  2.1661E-12
  1.0195E-06  1.1567E-12  2.3474E-12  2.3338E-12
  1.0572E-06  1.2437E-12  2.5238E-12  2.5093E-12
  1.0951E-06  1.3346E-12  2.7083E-12  2.6927E-12
  1.1334E-06  1.4295E-12  2.9010E-12  2.8843E-12
  1.1720E-06  1.5286E-12  3.1021E-12  3.0842E-12
  1.2110E-06  1.6319E-12  3.3117E-12  3.2926E-12
  1.2503E-06  1.7395E-12  3.5301E-12  3.5097E-12
  1.2899E-06  1.8515E-12  3.7574E-12  3.7357E-12
  1.3299E-06  1.9680E-12  3.9939E-12  3.9708E-12
  1.3702E-06  2.0892E-12  4.2397E-12  4.2152E-12
  1.4108E-06  2.2150E-12  4.4951E-12  4.4691E-12
  1.4518E-06  2.3457E-12  4.7602E-12  4.7327E-12
  1.4932E-06  2.4812E-12  5.0354E-12  5.0063E-12
  1.5349E-06  2.6219E-12  5.3207E-12  5.2900E-12
  1.5770E-06  2.7676E-12  5.6165E-12  5.5841E-12
  1.6195E-06  2.9186E-12  5.9230E-12  5.8888E-12
  1.6623E-06  3.0750E-12  6.2403E-12  6.2043E-12
  1.7055E-06  3.2369E-12  6.5688E-12  6.5309E-12
  1.7491E-06  3.4043E-12  6.9087E-12  6.8688E-12
  1.7930E-06  3.5775E-12  7.2602E-12  7.2182E-12
  1.8373E-06  3.7566E-12  7.6235E-12  7.5795E-12
  1.8820E-06  3.9416E-12  7.9990E-12  7.9528E-12
  1.9271E-06  4.1327E-12  8.3869E-12  8.3384E-12
  1.9726E-06  4.3301E-12  8.7874E-12  8.7366E-12
  2.0185E-06  4.5338E-12  9.2009E-12  9.1477E-12
  2.0647E-06  4.7441E-12  9.6275E-12  9.5719E-12
  2.1114E-06  4.9610E-12  1.0068E-11  1.0009E-11
  2.1585E-06  5.1846E-12  1.0522E-11  1.0461E-11
  2.2060E-06  5.4152E-12  1.0990E-11  1.0926E-11
  2.2538E-06  5.6529E-12  1.1472E-11  1.1406E-11
  2.3021E-06  5.8978E-12  1.1969E-11  1.1900E-11
  2.3509E-06  6.1501E-12  1.2481E-11  1.2409E-11
  2.4000E-06  6.4099E-12  1.3008E-11  1.2933E-11
  2.4496E-06  6.6774E-12  1.3551E-11  1.3473E-11
  2.4996E-06  6.9527E-12  1.4110E-11  1.4028E-11
  2.5500E-06  7.2361E-12  1.4685E-11  1.4600E-11
  2.6009E-06  7.5277E-12  1.5276E-11  1.5188E-11
  2.6522E-06  7.8276E-12  1.5885E-11  1.5793E-11
  2.7039E-06  8.1360E-12  1.6511E-11  1.6416E-11
  2.7561E-06  8.4531E-12  1.7155E-11  1.7055E-11
  2.8088E-06  8.7792E-12  1.7816E-11  1.7713E-11
  2.8619E-06  9.1143E-12  1.8496E-11  1.8389E-11
  2.9154E-06  9.4586E-12  1.9195E-11  1.9084E-11
  2.9694E-06  9.8124E-12  1.9913E-11  1.9798E-11
  3.0239E-06  1.0176E-11  2.0651E-11  2.0531E-11
  3.0789E-06  1.0549E-11  2.1408E-11  2.1284E-11
  3.1343E-06  1.0932E-11  2.2186E-11  2.2058E-11
  3.1903E-06  1.1326E-11  2.2985E-11  2.2852E-11
  3.2467E-06  1.1730E-11  2.3804E-11  2.3667E-11
  3.3035E-06  1.2145E-11  2.4646E-11  2.4504E-11
  3.3609E-06  1.2570E-11  2.5510E-11  2.5362E-11
  3.4188E-06  1.3007E-11  2.6396E-11  2.6243E-11
  3.4772E-06  1.3455E-11  2.7305E-11  2.7147E-11
  3.5361E-06  1.3914E-11  2.8237E-11  2.8074E-11
  3.5954E-06  1.4386E-11  2.9194E-11  2.9025E-11
  3.6553E-06  1.4869E-11  3.0175E-11  3.0000E-11
  3.7158E-06  1.5365E-11  3.1180E-11  3.1000E-11
  3.7767E-06  1.5873E-11  3.2212E-11  3.2025E-11
  3.8382E-06  1.6394E-11  3.3269E-11  3.3076E-11
  3.9002E-06  1.6927E-11  3.4352E-11  3.4154E-11
  3.9627E-06  1.7475E-11  3.5463E-11  3.5258E-11
  4.0258E-06  1.8035E-11  3.6601E-11  3.6389E-11
  4.0894E-06  1.8610E-11  3.7767E-11  3.7548E-11
  4.1536E-06  1.9199E-11  3.8961E-11  3.8736E-11
  4.2183E-06  1.9802E-11  4.0185E-11  3.9953E-11
  4.2836E-06  2.0419E-11  4.1439E-11  4.1199E-11
  4.3495E-06  2.1052E-11  4.2722E-11  4.2476E-11
  4.4159E-06  2.1700E-11  4.4037E-11  4.3783E-11
  4.4829E-06  2.2363E-11  4.5384E-11  4.5121E-11
  4.5505E-06  2.3043E-11  4.6762E-11  4.6492E-11
  4.6186E-06  2.3738E-11  4.8173E-11  4.7895E-11
  4.6874E-06  2.4450E-11  4.9618E-11  4.9332E-11
  4.7567E-06  2.5179E-11  5.1097E-11  5.0802E-11
  4.8266E-06  2.5925E-11  5.2611E-11  5.2307E-11
  4.8972E-06  2.6688E-11  5.4160E-11  5.3847E-11
  4.9684E-06  2.7469E-11  5.5745E-11  5.5423E-11
  5.0401E-06  2.8269E-11  5.7368E-11  5.7036E-11
  5.1125E-06  2.9087E-11  5.9027E-11  5.8686E-11
  5.1855E-06  2.9923E-11  6.0726E-11  6.0375E-11
  5.2592E-06  3.0779E-11  6.2463E-11  6.2102E-11
  5.3335E-06  3.1655E-11  6.4240E-11  6.3869E-11
  5.4084E-06  3.2551E-11  6.6057E-11  6.5676E-11
  5.4840E-06  3.3467E-11  6.7917E-11  6.7524E-11
  5.5602E-06  3.4404E-11  6.9818E-11  6.9414E-11
  5.6371E-06  3.5362E-11  7.1762E-11  7.1347E-11
  5.7146E-06  3.6341E-11  7.3750E-11  7.3324E-11
  5.7929E-06  3.7343E-11  7.5783E-11  7.5345E-11
  5.8718E-06  3.8367E-11  7.7862E-11  7.7412E-11
  5.9514E-06  3.9414E-11  7.9986E-11  7.9524E-11
  6.0316E-06  4.0485E-11  8.2159E-11  8.1684E-11
  6.1126E-06  4.1579E-11  8.4379E-11  8.3892E-11
  6.1943E-06  4.2697E-11  8.6649E-11  8.6148E-11
  6.2766E-06  4.3841E-11  8.8969E-11  8.8455E-11
  6.3597E-06  4.5009E-11  9.1340E-11  9.0812E-11
  6.4435E-06  4.6203E-11  9.3762E-11  9.3221E-11
  6.5280E-06  4.7423E-11  9.6239E-11  9.5683E-11
  6.6133E-06  4.8670E-11  9.8769E-11  9.8198E-11
  6.6993E-06  4.9944E-11  1.0135E-10  1.0077E-10
  6.7860E-06  5.1245E-11  1.0400E-10  1.0339E-10
  6.8735E-06  5.2575E-11  1.0669E-10  1.0608E-10
  6.9618E-06  5.3934E-11  1.0945E-10  1.0882E-10
  7.0508E-06  5.5322E-11  1.1227E-10  1.1162E-10
  7.1405E-06  5.6740E-11  1.1515E-10  1.1448E-10
  7.2311E-06  5.8188E-11  1.1808E-10  1.1740E-10
  7.3224E-06  5.9667E-11  1.2109E-10  1.2039E-10
  7.4146E-06  6.1178E-11  1.2415E-10  1.2343E-10
  7.5075E-06  6.2721E-11  1.2728E-10  1.2655E-10
  7.6012E-06  6.4297E-11  1.3048E-10  1.2973E-10
  7.6957E-06  6.5906E-11  1.3375E-10  1.3297E-10
  7.7911E-06  6.7549E-11  1.3708E-10  1.3629E-10
  7.8873E-06  6.9227E-11  1.4049E-10  1.3967E-10
  7.9843E-06  7.0940E-11  1.4396E-10  1.4313E-10
  8.0821E-06  7.2690E-11  1.4751E-10  1.4666E-10
  8.1808E-06  7.4476E-11  1.5114E-10  1.5027E-10
  8.2804E-06  7.6299E-11  1.5484E-10  1.5394E-10
  8.3808E-06  7.8161E-11  1.5862E-10  1.5770E-10
  8.4820E-06  8.0061E-11  1.6247E-10  1.6153E-10
  8.5842E-06  8.2001E-11  1.6641E-10  1.6545E-10
  8.6872E-06  8.3982E-11  1.7043E-10  1.6944E-10
  8.7911E-06  8.6003E-11  1.7453E-10  1.7352E-10
  8.8960E-06  8.8066E-11  1.7872E-10  1.7769E-10
  9.0017E-06  9.0172E-11  1.8299E-10  1.8193E-10
  9.1083E-06  9.2321E-11  1.8735E-10  1.8627E-10
  9.2159E-06  9.4515E-11  1.9180E-10  1.9070E-10
  9.3244E-06  9.6753E-11  1.9635E-10  1.9521E-10
  9.4338E-06  9.9037E-11  2.0098E-10  1.9982E-10
  9.5442E-06  1.0137E-10  2.0571E-10  2.0452E-10
  9.6555E-06  1.0375E-10  2.1054E-10  2.0932E-10
  9.7678E-06  1.0617E-10  2.1547E-10  2.1422E-10
  9.8811E-06  1.0865E-10  2.2049E-10  2.1922E-10
  9.9953E-06  1.1118E-10  2.2562E-10  2.2432E-10
  1.0111E-05  1.1376E-10  2.3085E-10  2.2952E-10
  1.0227E-05  1.1639E-10  2.3619E-10  2.3483E-10
  1.0344E-05  1.1907E-10  2.4164E-10  2.4024E-10
  1.0462E-05  1.2181E-10  2.4719E-10  2.4576E-10
  1.0582E-05  1.2460E-10  2.5286E-10  2.5140E-10
  1.0702E-05  1.2745E-10  2.5864E-10  2.5715E-10
  1.0823E-05  1.3036E-10  2.6454E-10  2.6301E-10
  1.0946E-05  1.3332E-10  2.7056E-10  2.6899E-10
  1.1069E-05  1.3635E-10  2.7669E-10  2.7510E-10
  1.1194E-05  1.3943E-10  2.8295E-10  2.8132E-10
  1.1319E-05  1.4258E-10  2.8934E-10  2.8767E-10
  1.1446E-05  1.4579E-10  2.9585E-10  2.9414E-10
  1.1574E-05  1.4906E-10  3.0249E-10  3.0075E-10
  1.1702E-05  1.5240E-10  3.0927E-10  3.0748E-10
  1.1832E-05  1.5580E-10  3.1618E-10  3.1435E-10
  1.1964E-05  1.5927E-10  3.2322E-10  3.2136E-10
  1.2096E-05  1.6282E-10  3.3041E-10  3.2850E-10
  1.2229E-05  1.6643E-10  3.3774E-10  3.3579E-10
  1.2364E-05  1.7011E-10  3.4521E-10  3.4321E-10
  1.2499E-05  1.7386E-10  3.5283E-10  3.5079E-10
  1.2636E-05  1.7769E-10  3.6060E-10  3.5852E-10
  1.2774E-05  1.8160E-10  3.6852E-10  3.6639E-10
  1.2914E-05  1.8558E-10  3.7660E-10  3.7442E-10
  1.3054E-05  1.8964E-10  3.8484E-10  3.8261E-10
  1.3196E-05  1.9377E-10  3.9324E-10  3.9096E-10
  1.3339E-05  1.9799E-10  4.0180E-10  3.9948E-10
  1.3483E-05  2.0230E-10  4.1053E-10  4.0816E-10
  1.3628E-05  2.0668E-10  4.1943E-10  4.1701E-10
  1.3775E-05  2.1115E-10  4.2851E-10  4.2603E-10
  1.3923E-05  2.1571E-10  4.3776E-10  4.3523E-10
  1.4072E-05  2.2036E-10  4.4719E-10  4.4460E-10
  1.4222E-05  2.2510E-10  4.5680E-10  4.5416E-10
  1.4374E-05  2.2993E-10  4.6660E-10  4.6391E-10
  1.4527E-05  2.3485E-10  4.7660E-10  4.7384E-10
  1.4682E-05  2.3987E-10  4.8678E-10  4.8397E-10
  1.4838E-05  2.4499E-10  4.9716E-10  4.9429E-10
  1.4995E-05  2.5020E-10  5.0775E-10  5.0481E-10
  1.5153E-05  2.5552E-10  5.1854E-10  5.1554E-10
  1.5313E-05  2.6094E-10  5.2953E-10  5.2647E-10
  1.5474E-05  2.6646E-10  5.4074E-10  5.3762E-10
  1.5637E-05  2.7209E-10  5.5216E-10  5.4897E-10
  1.5801E-05  2.7783E-10  5.6381E-10  5.6055E-10
  1.5966E-05  2.8368E-10  5.7567E-10  5.7235E-10
  1.6133E-05  2.8964E-10  5.8777E-10  5.8437E-10
  1.6301E-05  2.9571E-10  6.0010E-10  5.9663E-10
  1.6471E-05  3.0190E-10  6.1266E-10  6.0912E-10
  1.6642E-05  3.0821E-10  6.2546E-10  6.2185E-10
  1.6815E-05  3.1464E-10  6.3851E-10  6.3482E-10
  1.6989E-05  3.2119E-10  6.5181E-10  6.4804E-10
  1.7165E-05  3.2787E-10  6.6536E-10  6.6151E-10
  1.7342E-05  3.3468E-10  6.7917E-10  6.7524E-10
  1.7521E-05  3.4161E-10  6.9324E-10  6.8924E-10
  1.7701E-05  3.4868E-10  7.0758E-10  7.0349E-10
  1.7883E-05  3.5588E-10  7.2219E-10  7.1802E-10
  1.8066E-05  3.6322E-10  7.3709E-10  7.3283E-10
  1.8251E-05  3.7069E-10  7.5226E-10  7.4791E-10
  1.8438E-05  3.7831E-10  7.6772E-10  7.6328E-10
  1.8626E-05  3.8608E-10  7.8348E-10  7.7895E-10
  1.8816E-05  3.9399E-10  7.9953E-10  7.9491E-10
  1.9008E-05  4.0205E-10  8.1588E-10  8.1117E-10
  1.9201E-05  4.1026E-10  8.3255E-10  8.2774E-10
  1.9396E-05  4.1863E-10  8.4953E-10  8.4462E-10
  1.9592E-05  4.2715E-10  8.6683E-10  8.6182E-10
  1.9790E-05  4.3584E-10  8.8446E-10  8.7935E-10
  1.9990E-05  4.4469E-10  9.0242E-10  8.9720E-10
  2.0192E-05  4.5370E-10  9.2071E-10  9.1539E-10
  2.0395E-05  4.6289E-10  9.3935E-10  9.3393E-10
  2.0600E-05  4.7225E-10  9.5835E-10  9.5281E-10
  2.0807E-05  4.8178E-10  9.7770E-10  9.7205E-10
  2.1016E-05  4.9150E-10  9.9741E-10  9.9164E-10
  2.1226E-05  5.0139E-10  1.0175E-09  1.0116E-09
  2.1439E-05  5.1148E-10  1.0379E-09  1.0319E-09
  2.1653E-05  5.2175E-10  1.0588E-09  1.0527E-09
  2.1869E-05  5.3221E-10  1.0800E-09  1.0738E-09
  2.2087E-05  5.4287E-10  1.1016E-09  1.0953E-09
  2.2307E-05  5.5372E-10  1.1237E-09  1.1172E-09
  2.2528E-05  5.6478E-10  1.1461E-09  1.1395E-09
  2.2752E-05  5.7605E-10  1.1690E-09  1.1622E-09
  2.2977E-05  5.8752E-10  1.1923E-09  1.1854E-09
  2.3205E-05  5.9921E-10  1.2160E-09  1.2090E-09
  2.3434E-05  6.1112E-10  1.2402E-09  1.2330E-09
  2.3666E-05  6.2325E-10  1.2648E-09  1.2575E-09
  2.3899E-05  6.3561E-10  1.2898E-09  1.2824E-09
  2.4135E-05  6.4819E-10  1.3154E-09  1.3078E-09
  2.4372E-05  6.6101E-10  1.3414E-09  1.3336E-09
  2.4612E-05  6.7407E-10  1.3679E-09  1.3600E-09
  2.4853E-05  6.8737E-10  1.3949E-09  1.3868E-09
  2.5097E-05  7.0091E-10  1.4224E-09  1.4141E-09
  2.5343E-05  7.1471E-10  1.4504E-09  1.4420E-09
  2.5591E-05  7.2876E-10  1.4789E-09  1.4703E-09
  2.5841E-05  7.4307E-10  1.5079E-09  1.4992E-09
  2.6093E-05  7.5765E-10  1.5375E-09  1.5286E-09
  2.6347E-05  7.7250E-10  1.5676E-09  1.5586E-09
  2.6604E-05  7.8762E-10  1.5983E-09  1.5891E-09
  2.6863E-05  8.0302E-10  1.6296E-09  1.6201E-09
  2.7124E-05  8.1870E-10  1.6614E-09  1.6518E-09
  2.7387E-05  8.3467E-10  1.6938E-09  1.6840E-09
  2.7653E-05  8.5094E-10  1.7268E-09  1.7168E-09
  2.7921E-05  8.6751E-10  1.7604E-09  1.7503E-09
  2.8191E-05  8.8438E-10  1.7947E-09  1.7843E-09
  2.8463E-05  9.0156E-10  1.8295E-09  1.8190E-09
  2.8738E-05  9.1906E-10  1.8650E-09  1.8543E-09
  2.9016E-05  9.3688E-10  1.9012E-09  1.8902E-09
  2.9295E-05  9.5503E-10  1.9380E-09  1.9268E-09
  2.9577E-05  9.7351E-10  1.9755E-09  1.9641E-09
  2.9862E-05  9.9233E-10  2.0137E-09  2.0021E-09
  3.0149E-05  1.0115E-09  2.0526E-09  2.0408E-09
  3.0438E-05  1.0310E-09  2.0922E-09  2.0801E-09
  3.0730E-05  1.0509E-09  2.1326E-09  2.1202E-09
  3.1025E-05  1.0711E-09  2.1736E-09  2.1611E-09
  3.1322E-05  1.0917E-09  2.2154E-09  2.2026E-09
  3.1621E-05  1.1127E-09  2.2580E-09  2.2450E-09
  3.1924E-05  1.1341E-09  2.3014E-09  2.2881E-09
  3.2228E-05  1.1558E-09  2.3455E-09  2.3320E-09
  3.2536E-05  1.1780E-09  2.3905E-09  2.3767E-09
  3.2846E-05  1.2006E-09  2.4363E-09  2.4222E-09
  3.3159E-05  1.2235E-09  2.4829E-09  2.4686E-09
  3.3474E-05  1.2469E-09  2.5304E-09  2.5158E-09
  3.3792E-05  1.2708E-09  2.5787E-09  2.5638E-09
  3.4113E-05  1.2950E-09  2.6279E-09  2.6128E-09
  3.4437E-05  1.3197E-09  2.6781E-09  2.6626E-09
  3.4764E-05  1.3449E-09  2.7291E-09  2.7133E-09
  3.5093E-05  1.3705E-09  2.7810E-09  2.7650E-09
  3.5425E-05  1.3965E-09  2.8339E-09  2.8176E-09
  3.5760E-05  1.4231E-09  2.8878E-09  2.8711E-09
  3.6098E-05  1.4501E-09  2.9427E-09  2.9257E-09
  3.6439E-05  1.4776E-09  2.9985E-09  2.9812E-09
  3.6783E-05  1.5056E-09  3.0554E-09  3.0377E-09
  3.7130E-05  1.5342E-09  3.1132E-09  3.0953E-09
  3.7480E-05  1.5632E-09  3.1722E-09  3.1539E-09
  3.7833E-05  1.5928E-09  3.2322E-09  3.2135E-09
  3.8189E-05  1.6229E-09  3.2933E-09  3.2743E-09
  3.8548E-05  1.6535E-09  3.3555E-09  3.3361E-09
  3.8910E-05  1.6848E-09  3.4188E-09  3.3991E-09
  3.9275E-05  1.7165E-09  3.4833E-09  3.4632E-09
  3.9643E-05  1.7489E-09  3.5489E-09  3.5284E-09
  4.0015E-05  1.7818E-09  3.6158E-09  3.5949E-09
  4.0390E-05  1.8154E-09  3.6838E-09  3.6625E-09
  4.0768E-05  1.8495E-09  3.7531E-09  3.7314E-09
  4.1149E-05  1.8842E-09  3.8236E-09  3.8015E-09
  4.1533E-05  1.9196E-09  3.8954E-09  3.8729E-09
  4.1921E-05  1.9557E-09  3.9685E-09  3.9456E-09
  4.2313E-05  1.9923E-09  4.0429E-09  4.0196E-09
  4.2707E-05  2.0297E-09  4.1187E-09  4.0949E-09
  4.3105E-05  2.0677E-09  4.1958E-09  4.1716E-09
  4.3507E-05  2.1064E-09  4.2744E-09  4.2497E-09
  4.3912E-05  2.1458E-09  4.3543E-09  4.3291E-09
  4.4320E-05  2.1859E-09  4.4357E-09  4.4100E-09
  4.4732E-05  2.2267E-09  4.5185E-09  4.4924E-09
  4.5148E-05  2.2683E-09  4.6029E-09  4.5763E-09
  4.5567E-05  2.3106E-09  4.6887E-09  4.6616E-09
  4.5990E-05  2.3536E-09  4.7761E-09  4.7485E-09
  4.6416E-05  2.3975E-09  4.8651E-09  4.8370E-09
  4.6846E-05  2.4421E-09  4.9557E-09  4.9270E-09
  4.7280E-05  2.4876E-09  5.0479E-09  5.0187E-09
  4.7717E-05  2.5338E-09  5.1418E-09  5.1120E-09
  4.8159E-05  2.5809E-09  5.2373E-09  5.2070E-09
  4.8604E-05  2.6289E-09  5.3346E-09  5.3038E-09
  4.9053E-05  2.6777E-09  5.4336E-09  5.4022E-09
  4.9506E-05  2.7273E-09  5.5344E-09  5.5024E-09
  4.9963E-05  2.7779E-09  5.6370E-09  5.6044E-09
  5.0424E-05  2.8294E-09  5.7414E-09  5.7083E-09
  5.0888E-05  2.8818E-09  5.8478E-09  5.8140E-09
  5.1357E-05  2.9351E-09  5.9560E-09  5.9216E-09
  5.1830E-05  2.9894E-09  6.0662E-09  6.0311E-09
  5.2307E-05  3.0447E-09  6.1783E-09  6.1426E-09
  5.2788E-05  3.1009E-09  6.2925E-09  6.2561E-09
  5.3273E-05  3.1582E-09  6.4087E-09  6.3716E-09
  5.3762E-05  3.2165E-09  6.5269E-09  6.4892E-09
  5.4256E-05  3.2758E-09  6.6473E-09  6.6089E-09
  5.4754E-05  3.3362E-09  6.7699E-09  6.7308E-09
  5.5256E-05  3.3977E-09  6.8947E-09  6.8548E-09
  5.5763E-05  3.4603E-09  7.0216E-09  6.9811E-09
  5.6274E-05  3.5240E-09  7.1509E-09  7.1096E-09
  5.6789E-05  3.5888E-09  7.2825E-09  7.2404E-09
  5.7309E-05  3.6548E-09  7.4164E-09  7.3735E-09
  5.7833E-05  3.7220E-09  7.5527E-09  7.5090E-09
  5.8362E-05  3.7904E-09  7.6914E-09  7.6470E-09
  5.8895E-05  3.8600E-09  7.8326E-09  7.7874E-09
  5.9433E-05  3.9308E-09  7.9764E-09  7.9303E-09
  5.9976E-05  4.0029E-09  8.1227E-09  8.0758E-09
  6.0523E-05  4.0763E-09  8.2716E-09  8.2238E-09
  6.1075E-05  4.1510E-09  8.4232E-09  8.3746E-09
  6.1632E-05  4.2270E-09  8.5775E-09  8.5279E-09
  6.2194E-05  4.3044E-09  8.7345E-09  8.6841E-09
  6.2760E-05  4.3832E-09  8.8944E-09  8.8430E-09
  6.3332E-05  4.4634E-09  9.0571E-09  9.0048E-09
  6.3908E-05  4.5450E-09  9.2227E-09  9.1694E-09
  6.4489E-05  4.6281E-09  9.3912E-09  9.3370E-09
  6.5076E-05  4.7126E-09  9.5628E-09  9.5075E-09
  6.5667E-05  4.7987E-09  9.7374E-09  9.6811E-09
  6.6264E-05  4.8862E-09  9.9151E-09  9.8578E-09
  6.6865E-05  4.9754E-09  1.0096E-08  1.0038E-08
  6.7472E-05  5.0661E-09  1.0280E-08  1.0221E-08
  6.8084E-05  5.1585E-09  1.0467E-08  1.0407E-08
  6.8702E-05  5.2524E-09  1.0658E-08  1.0597E-08
  6.9325E-05  5.3481E-09  1.0852E-08  1.0790E-08
  6.9953E-05  5.4455E-09  1.1050E-08  1.0986E-08
  7.0586E-05  5.5445E-09  1.1251E-08  1.1186E-08
  7.1226E-05  5.6454E-09  1.1455E-08  1.1389E-08
  7.1870E-05  5.7480E-09  1.1664E-08  1.1596E-08
  7.2520E-05  5.8525E-09  1.1876E-08  1.1807E-08
  7.3176E-05  5.9588E-09  1.2091E-08  1.2022E-08
  7.3838E-05  6.0671E-09  1.2311E-08  1.2240E-08
  7.4505E-05  6.1772E-09  1.2534E-08  1.2462E-08
  7.5178E-05  6.2893E-09  1.2762E-08  1.2688E-08
  7.5856E-05  6.4034E-09  1.2993E-08  1.2918E-08
  7.6541E-05  6.5195E-09  1.3229E-08  1.3153E-08
  7.7232E-05  6.6376E-09  1.3469E-08  1.3391E-08
  7.7928E-05  6.7579E-09  1.3713E-08  1.3634E-08
  7.8631E-05  6.8803E-09  1.3961E-08  1.3880E-08
  7.9339E-05  7.0049E-09  1.4214E-08  1.4132E-08
  8.0054E-05  7.1317E-09  1.4471E-08  1.4388E-08
  8.0775E-05  7.2607E-09  1.4733E-08  1.4648E-08
  8.1502E-05  7.3920E-09  1.4999E-08  1.4913E-08
  8.2236E-05  7.5256E-09  1.5271E-08  1.5182E-08
  8.2975E-05  7.6616E-09  1.5546E-08  1.5457E-08
  8.3722E-05  7.8001E-09  1.5827E-08  1.5736E-08
  8.4474E-05  7.9409E-09  1.6113E-08  1.6020E-08
  8.5233E-05  8.0843E-09  1.6404E-08  1.6309E-08
  8.5999E-05  8.2302E-09  1.6700E-08  1.6604E-08
  8.6771E-05  8.3787E-09  1.7001E-08  1.6903E-08
  8.7550E-05  8.5298E-09  1.7308E-08  1.7208E-08
  8.8336E-05  8.6836E-09  1.7620E-08  1.7518E-08
  8.9129E-05  8.8401E-09  1.7938E-08  1.7834E-08
  8.9928E-05  8.9994E-09  1.8261E-08  1.8155E-08
  9.0734E-05  9.1615E-09  1.8590E-08  1.8482E-08
  9.1548E-05  9.3265E-09  1.8924E-08  1.8815E-08
  9.2368E-05  9.4944E-09  1.9265E-08  1.9154E-08
  9.3195E-05  9.6652E-09  1.9612E-08  1.9498E-08
  9.4030E-05  9.8391E-09  1.9964E-08  1.9849E-08
  9.4872E-05  1.0016E-08  2.0323E-08  2.0206E-08
  9.5721E-05  1.0196E-08  2.0689E-08  2.0569E-08
  9.6577E-05  1.0379E-08  2.1061E-08  2.0939E-08
  9.7441E-05  1.0566E-08  2.1439E-08  2.1315E-08
  9.8312E-05  1.0756E-08  2.1824E-08  2.1698E-08
  9.9191E-05  1.0949E-08  2.2216E-08  2.2088E-08
  1.0008E-04  1.1145E-08  2.2615E-08  2.2484E-08
  1.0097E-04  1.1345E-08  2.3021E-08  2.2888E-08
  1.0187E-04  1.1549E-08  2.3434E-08  2.3298E-08
  1.0278E-04  1.1756E-08  2.3854E-08  2.3716E-08
  1.0370E-04  1.1967E-08  2.4282E-08  2.4141E-08
  1.0463E-04  1.2181E-08  2.4717E-08  2.4574E-08
  1.0556E-04  1.2400E-08  2.5160E-08  2.5014E-08
  1.0650E-04  1.2622E-08  2.5610E-08  2.5463E-08
  1.0745E-04  1.2848E-08  2.6069E-08  2.5919E-08
  1.0841E-04  1.3078E-08  2.6536E-08  2.6383E-08
  1.0937E-04  1.3312E-08  2.7011E-08  2.6855E-08
  1.1035E-04  1.3550E-08  2.7494E-08  2.7336E-08
  1.1133E-04  1.3793E-08  2.7986E-08  2.7825E-08
  1.1232E-04  1.4040E-08  2.8487E-08  2.8322E-08
  1.1332E-04  1.4291E-08  2.8996E-08  2.8829E-08
  1.1433E-04  1.4546E-08  2.9515E-08  2.9344E-08
  1.1535E-04  1.4806E-08  3.0042E-08  2.9869E-08
  1.1637E-04  1.5071E-08  3.0579E-08  3.0402E-08
  1.1741E-04  1.5340E-08  3.1125E-08  3.0945E-08
  1.1845E-04  1.5614E-08  3.1681E-08  3.1498E-08
  1.1951E-04  1.5893E-08  3.2247E-08  3.2060E-08
  1.2057E-04  1.6176E-08  3.2822E-08  3.2633E-08
  1.2164E-04  1.6465E-08  3.3408E-08  3.3215E-08
  1.2272E-04  1.6759E-08  3.4004E-08  3.3808E-08
  1.2381E-04  1.7058E-08  3.4611E-08  3.4411E-08
  1.2491E-04  1.7362E-08  3.5228E-08  3.5024E-08
  1.2602E-04  1.7672E-08  3.5856E-08  3.5649E-08
  1.2714E-04  1.7987E-08  3.6495E-08  3.6284E-08
  1.2826E-04  1.8307E-08  3.7146E-08  3.6931E-08
  1.2940E-04  1.8634E-08  3.7807E-08  3.7589E-08
  1.3055E-04  1.8966E-08  3.8481E-08  3.8259E-08
  1.3171E-04  1.9303E-08  3.9166E-08  3.8940E-08
  1.3287E-04  1.9647E-08  3.9864E-08  3.9633E-08
  1.3405E-04  1.9997E-08  4.0573E-08  4.0339E-08
  1.3524E-04  2.0353E-08  4.1295E-08  4.1057E-08
  1.3644E-04  2.0715E-08  4.2030E-08  4.1787E-08
  1.3765E-04  2.1084E-08  4.2778E-08  4.2531E-08
  1.3886E-04  2.1459E-08  4.3539E-08  4.3287E-08
  1.4009E-04  2.1840E-08  4.4313E-08  4.4057E-08
  1.4133E-04  2.2229E-08  4.5101E-08  4.4840E-08
  1.4258E-04  2.2624E-08  4.5902E-08  4.5637E-08
  1.4385E-04  2.3026E-08  4.6718E-08  4.6448E-08
  1.4512E-04  2.3435E-08  4.7548E-08  4.7274E-08
  1.4640E-04  2.3851E-08  4.8393E-08  4.8113E-08
  1.4770E-04  2.4275E-08  4.9252E-08  4.8968E-08
  1.4900E-04  2.4706E-08  5.0127E-08  4.9838E-08
  1.5032E-04  2.5145E-08  5.1017E-08  5.0722E-08
  1.5165E-04  2.5591E-08  5.1923E-08  5.1623E-08
  1.5299E-04  2.6045E-08  5.2844E-08  5.2539E-08
  1.5434E-04  2.6508E-08  5.3782E-08  5.3471E-08
  1.5570E-04  2.6978E-08  5.4736E-08  5.4420E-08
  1.5708E-04  2.7457E-08  5.5707E-08  5.5385E-08
  1.5846E-04  2.7944E-08  5.6695E-08  5.6367E-08
  1.5986E-04  2.8439E-08  5.7700E-08  5.7367E-08
  1.6127E-04  2.8943E-08  5.8723E-08  5.8383E-08
  1.6270E-04  2.9456E-08  5.9764E-08  5.9418E-08
  1.6413E-04  2.9978E-08  6.0823E-08  6.0471E-08
  1.6558E-04  3.0510E-08  6.1900E-08  6.1543E-08
  1.6704E-04  3.1050E-08  6.2997E-08  6.2633E-08
  1.6851E-04  3.1600E-08  6.4113E-08  6.3742E-08
  1.7000E-04  3.2160E-08  6.5248E-08  6.4871E-08
  1.7150E-04  3.2729E-08  6.6403E-08  6.6020E-08
  1.7301E-04  3.3309E-08  6.7579E-08  6.7188E-08
  1.7453E-04  3.3898E-08  6.8775E-08  6.8377E-08
  1.7607E-04  3.4498E-08  6.9992E-08  6.9587E-08
  1.7762E-04  3.5109E-08  7.1230E-08  7.0819E-08
  1.7919E-04  3.5730E-08  7.2490E-08  7.2072E-08
  1.8076E-04  3.6362E-08  7.3772E-08  7.3346E-08
  1.8236E-04  3.7005E-08  7.5077E-08  7.4643E-08
  1.8396E-04  3.7660E-08  7.6405E-08  7.5963E-08
  1.8558E-04  3.8326E-08  7.7755E-08  7.7306E-08
  1.8721E-04  3.9003E-08  7.9130E-08  7.8673E-08
  1.8886E-04  3.9693E-08  8.0528E-08  8.0063E-08
  1.9052E-04  4.0394E-08  8.1951E-08  8.1478E-08
  1.9220E-04  4.1108E-08  8.3399E-08  8.2918E-08
  1.9389E-04  4.1834E-08  8.4873E-08  8.4382E-08
  1.9559E-04  4.2573E-08  8.6372E-08  8.5873E-08
  1.9731E-04  4.3325E-08  8.7897E-08  8.7389E-08
  1.9905E-04  4.4090E-08  8.9449E-08  8.8933E-08
  2.0080E-04  4.4869E-08  9.1028E-08  9.0503E-08
  2.0256E-04  4.5661E-08  9.2635E-08  9.2100E-08
  2.0434E-04  4.6467E-08  9.4270E-08  9.3726E-08
  2.0614E-04  4.7287E-08  9.5934E-08  9.5380E-08
  2.0795E-04  4.8122E-08  9.7627E-08  9.7063E-08
  2.0978E-04  4.8971E-08  9.9349E-08  9.8775E-08
  2.1162E-04  4.9835E-08  1.0110E-07  1.0052E-07
  2.1348E-04  5.0714E-08  1.0288E-07  1.0229E-07
  2.1535E-04  5.1608E-08  1.0470E-07  1.0409E-07
  2.1724E-04  5.2519E-08  1.0655E-07  1.0593E-07
  2.1915E-04  5.3445E-08  1.0842E-07  1.0780E-07
  2.2107E-04  5.4387E-08  1.1034E-07  1.0970E-07
  2.2301E-04  5.5346E-08  1.1228E-07  1.1163E-07
  2.2497E-04  5.6321E-08  1.1426E-07  1.1360E-07
  2.2694E-04  5.7314E-08  1.1627E-07  1.1560E-07
  2.2893E-04  5.8324E-08  1.1832E-07  1.1764E-07
  2.3094E-04  5.9351E-08  1.2041E-07  1.1971E-07
  2.3297E-04  6.0397E-08  1.2253E-07  1.2182E-07
  2.3501E-04  6.1461E-08  1.2468E-07  1.2396E-07
  2.3707E-04  6.2544E-08  1.2688E-07  1.2615E-07
  2.3915E-04  6.3645E-08  1.2911E-07  1.2837E-07
  2.4125E-04  6.4766E-08  1.3139E-07  1.3063E-07
  2.4336E-04  6.5906E-08  1.3370E-07  1.3293E-07
  2.4549E-04  6.7066E-08  1.3605E-07  1.3527E-07
  2.4764E-04  6.8247E-08  1.3845E-07  1.3765E-07
  2.4981E-04  6.9448E-08  1.4088E-07  1.4007E-07
  2.5200E-04  7.0670E-08  1.4336E-07  1.4253E-07
  2.5421E-04  7.1914E-08  1.4588E-07  1.4504E-07
  2.5644E-04  7.3179E-08  1.4845E-07  1.4759E-07
  2.5868E-04  7.4466E-08  1.5106E-07  1.5019E-07
  2.6095E-04  7.5776E-08  1.5372E-07  1.5283E-07
  2.6323E-04  7.7109E-08  1.5642E-07  1.5552E-07
  2.6554E-04  7.8465E-08  1.5917E-07  1.5825E-07
  2.6786E-04  7.9845E-08  1.6197E-07  1.6104E-07
  2.7021E-04  8.1249E-08  1.6482E-07  1.6387E-07
  2.7257E-04  8.2677E-08  1.6772E-07  1.6675E-07
  2.7496E-04  8.4131E-08  1.7066E-07  1.6968E-07
  2.7736E-04  8.5610E-08  1.7366E-07  1.7266E-07
  2.7979E-04  8.7114E-08  1.7671E-07  1.7569E-07
  2.8224E-04  8.8645E-08  1.7982E-07  1.7878E-07
  2.8471E-04  9.0203E-08  1.8298E-07  1.8192E-07
  2.8720E-04  9.1788E-08  1.8619E-07  1.8512E-07
  2.8971E-04  9.3400E-08  1.8946E-07  1.8837E-07
  2.9224E-04  9.5041E-08  1.9279E-07  1.9168E-07
  2.9480E-04  9.6710E-08  1.9617E-07  1.9504E-07
  2.9738E-04  9.8409E-08  1.9962E-07  1.9847E-07
  2.9998E-04  1.0014E-07  2.0312E-07  2.0195E-07
  3.0260E-04  1.0190E-07  2.0669E-07  2.0550E-07
  3.0524E-04  1.0368E-07  2.1032E-07  2.0910E-07
  3.0791E-04  1.0550E-07  2.1401E-07  2.1277E-07
  3.1060E-04  1.0736E-07  2.1777E-07  2.1651E-07
  3.1332E-04  1.0924E-07  2.2159E-07  2.2031E-07
  3.1605E-04  1.1116E-07  2.2548E-07  2.2417E-07
  3.1881E-04  1.1311E-07  2.2943E-07  2.2811E-07
  3.2160E-04  1.1509E-07  2.3346E-07  2.3211E-07
  3.2441E-04  1.1711E-07  2.3755E-07  2.3618E-07
  3.2724E-04  1.1917E-07  2.4172E-07  2.4032E-07
  3.3010E-04  1.2126E-07  2.4596E-07  2.4454E-07
  3.3298E-04  1.2339E-07  2.5027E-07  2.4883E-07
  3.3589E-04  1.2555E-07  2.5466E-07  2.5319E-07
  3.3882E-04  1.2775E-07  2.5913E-07  2.5763E-07
  3.4178E-04  1.2999E-07  2.6367E-07  2.6215E-07
  3.4476E-04  1.3227E-07  2.6829E-07  2.6674E-07
  3.4777E-04  1.3459E-07  2.7300E-07  2.7142E-07
  3.5081E-04  1.3695E-07  2.7778E-07  2.7618E-07
  3.5387E-04  1.3935E-07  2.8265E-07  2.8102E-07
  3.5696E-04  1.4180E-07  2.8760E-07  2.8594E-07
  3.6007E-04  1.4428E-07  2.9264E-07  2.9095E-07
  3.6322E-04  1.4681E-07  2.9777E-07  2.9605E-07
  3.6639E-04  1.4938E-07  3.0299E-07  3.0124E-07
  3.6958E-04  1.5200E-07  3.0830E-07  3.0651E-07
  3.7281E-04  1.5466E-07  3.1370E-07  3.1188E-07
  3.7606E-04  1.5737E-07  3.1919E-07  3.1735E-07
  3.7934E-04  1.6013E-07  3.2478E-07  3.2291E-07
  3.8265E-04  1.6294E-07  3.3047E-07  3.2856E-07
  3.8598E-04  1.6579E-07  3.3626E-07  3.3432E-07
  3.8935E-04  1.6869E-07  3.4215E-07  3.4017E-07
  3.9274E-04  1.7165E-07  3.4814E-07  3.4613E-07
  3.9617E-04  1.7466E-07  3.5423E-07  3.5219E-07
  3.9962E-04  1.7771E-07  3.6043E-07  3.5835E-07
  4.0311E-04  1.8083E-07  3.6674E-07  3.6463E-07
  4.0662E-04  1.8399E-07  3.7316E-07  3.7101E-07
  4.1016E-04  1.8721E-07  3.7969E-07  3.7750E-07
  4.1374E-04  1.9049E-07  3.8634E-07  3.8411E-07
  4.1734E-04  1.9383E-07  3.9310E-07  3.9083E-07
  4.2098E-04  1.9722E-07  3.9998E-07  3.9767E-07
  4.2465E-04  2.0067E-07  4.0698E-07  4.0463E-07
  4.2835E-04  2.0418E-07  4.1410E-07  4.1171E-07
  4.3208E-04  2.0776E-07  4.2135E-07  4.1891E-07
  4.3585E-04  2.1139E-07  4.2872E-07  4.2624E-07
  4.3964E-04  2.1509E-07  4.3622E-07  4.3370E-07
  4.4347E-04  2.1886E-07  4.4385E-07  4.4128E-07
  4.4734E-04  2.2269E-07  4.5161E-07  4.4900E-07
  4.5123E-04  2.2658E-07  4.5951E-07  4.5685E-07
  4.5516E-04  2.3055E-07  4.6754E-07  4.6484E-07
  4.5913E-04  2.3458E-07  4.7572E-07  4.7297E-07
  4.6312E-04  2.3868E-07  4.8404E-07  4.8124E-07
  4.6716E-04  2.4286E-07  4.9250E-07  4.8966E-07
  4.7123E-04  2.4710E-07  5.0111E-07  4.9822E-07
  4.7533E-04  2.5143E-07  5.0987E-07  5.0693E-07
  4.7947E-04  2.5582E-07  5.1879E-07  5.1579E-07
  4.8364E-04  2.6030E-07  5.2786E-07  5.2481E-07
  4.8785E-04  2.6485E-07  5.3708E-07  5.3398E-07
  4.9210E-04  2.6948E-07  5.4647E-07  5.4332E-07
  4.9638E-04  2.7419E-07  5.5602E-07  5.5281E-07
  5.0070E-04  2.7898E-07  5.6574E-07  5.6247E-07
  5.0506E-04  2.8386E-07  5.7563E-07  5.7230E-07
  5.0945E-04  2.8882E-07  5.8568E-07  5.8230E-07
  5.1389E-04  2.9387E-07  5.9592E-07  5.9248E-07
  5.1836E-04  2.9901E-07  6.0633E-07  6.0283E-07
  5.2287E-04  3.0423E-07  6.1692E-07  6.1336E-07
  5.2742E-04  3.0955E-07  6.2770E-07  6.2408E-07
  5.3201E-04  3.1496E-07  6.3867E-07  6.3498E-07
  5.3663E-04  3.2047E-07  6.4982E-07  6.4607E-07
  5.4130E-04  3.2607E-07  6.6117E-07  6.5735E-07
  5.4601E-04  3.3176E-07  6.7272E-07  6.6884E-07
  5.5076E-04  3.3756E-07  6.8447E-07  6.8052E-07
  5.5555E-04  3.4346E-07  6.9642E-07  6.9240E-07
  5.6038E-04  3.4946E-07  7.0858E-07  7.0449E-07
  5.6526E-04  3.5556E-07  7.2096E-07  7.1679E-07
  5.7017E-04  3.6177E-07  7.3355E-07  7.2931E-07
  5.7513E-04  3.6809E-07  7.4635E-07  7.4204E-07
  5.8013E-04  3.7452E-07  7.5939E-07  7.5500E-07
  5.8518E-04  3.8106E-07  7.7264E-07  7.6818E-07
  5.9026E-04  3.8772E-07  7.8613E-07  7.8159E-07
  5.9540E-04  3.9449E-07  7.9985E-07  7.9524E-07
  6.0057E-04  4.0138E-07  8.1382E-07  8.0912E-07
  6.0579E-04  4.0839E-07  8.2802E-07  8.2324E-07
  6.1106E-04  4.1552E-07  8.4247E-07  8.3761E-07
  6.1637E-04  4.2277E-07  8.5718E-07  8.5223E-07
  6.2173E-04  4.3016E-07  8.7214E-07  8.6710E-07
  6.2713E-04  4.3767E-07  8.8735E-07  8.8223E-07
  6.3258E-04  4.4531E-07  9.0284E-07  8.9763E-07
  6.3808E-04  4.5308E-07  9.1859E-07  9.1329E-07
  6.4363E-04  4.6099E-07  9.3462E-07  9.2923E-07
  6.4922E-04  4.6904E-07  9.5093E-07  9.4544E-07
  6.5486E-04  4.7723E-07  9.6752E-07  9.6193E-07
  6.6055E-04  4.8555E-07  9.8440E-07  9.7871E-07
  6.6629E-04  4.9403E-07  1.0016E-06  9.9579E-07
  6.7208E-04  5.0265E-07  1.0190E-06  1.0132E-06
  6.7792E-04  5.1142E-07  1.0368E-06  1.0308E-06
  6.8381E-04  5.2035E-07  1.0549E-06  1.0488E-06
  6.8975E-04  5.2943E-07  1.0733E-06  1.0671E-06
  6.9574E-04  5.3867E-07  1.0920E-06  1.0857E-06
  7.0179E-04  5.4807E-07  1.1111E-06  1.1047E-06
  7.0788E-04  5.5763E-07  1.1304E-06  1.1239E-06
  7.1403E-04  5.6736E-07  1.1502E-06  1.1435E-06
  7.2023E-04  5.7726E-07  1.1702E-06  1.1635E-06
  7.2649E-04  5.8733E-07  1.1906E-06  1.1837E-06
  7.3280E-04  5.9758E-07  1.2114E-06  1.2044E-06
  7.3916E-04  6.0800E-07  1.2325E-06  1.2254E-06
  7.4558E-04  6.1861E-07  1.2540E-06  1.2467E-06
  7.5206E-04  6.2940E-07  1.2758E-06  1.2685E-06
  7.5859E-04  6.4038E-07  1.2981E-06  1.2906E-06
  7.6518E-04  6.5155E-07  1.3207E-06  1.3131E-06
  7.7182E-04  6.6291E-07  1.3437E-06  1.3360E-06
  7.7852E-04  6.7447E-07  1.3672E-06  1.3593E-06
  7.8528E-04  6.8624E-07  1.3910E-06  1.3830E-06
  7.9210E-04  6.9820E-07  1.4152E-06  1.4071E-06
  7.9898E-04  7.1038E-07  1.4399E-06  1.4316E-06
  8.0591E-04  7.2277E-07  1.4650E-06  1.4565E-06
  8.1291E-04  7.3537E-07  1.4905E-06  1.4819E-06
  8.1997E-04  7.4819E-07  1.5165E-06  1.5077E-06
  8.2708E-04  7.6124E-07  1.5429E-06  1.5340E-06
  8.3426E-04  7.7451E-07  1.5698E-06  1.5608E-06
  8.4150E-04  7.8802E-07  1.5972E-06  1.5879E-06
  8.4881E-04  8.0176E-07  1.6250E-06  1.6156E-06
  8.5618E-04  8.1573E-07  1.6533E-06  1.6438E-06
  8.6361E-04  8.2996E-07  1.6821E-06  1.6724E-06
  8.7110E-04  8.4442E-07  1.7114E-06  1.7015E-06
  8.7866E-04  8.5915E-07  1.7412E-06  1.7312E-06
  8.8629E-04  8.7412E-07  1.7716E-06  1.7613E-06
  8.9398E-04  8.8936E-07  1.8024E-06  1.7920E-06
  9.0174E-04  9.0486E-07  1.8338E-06  1.8232E-06
  9.0956E-04  9.2063E-07  1.8658E-06  1.8550E-06
  9.1745E-04  9.3668E-07  1.8983E-06  1.8873E-06
  9.2541E-04  9.5300E-07  1.9313E-06  1.9202E-06
  9.3344E-04  9.6961E-07  1.9650E-06  1.9536E-06
  9.4154E-04  9.8651E-07  1.9992E-06  1.9876E-06
  9.4971E-04  1.0037E-06  2.0340E-06  2.0223E-06
  9.5795E-04  1.0212E-06  2.0694E-06  2.0575E-06
  9.6626E-04  1.0390E-06  2.1054E-06  2.0933E-06
  9.7464E-04  1.0571E-06  2.1421E-06  2.1297E-06
  9.8310E-04  1.0755E-06  2.1794E-06  2.1668E-06
  9.9163E-04  1.0943E-06  2.2174E-06  2.2046E-06
  1.0002E-03  1.1133E-06  2.2560E-06  2.2429E-06
  1.0089E-03  1.1327E-06  2.2952E-06  2.2820E-06
  1.0177E-03  1.1525E-06  2.3352E-06  2.3217E-06
  1.0265E-03  1.1725E-06  2.3759E-06  2.3621E-06
  1.0354E-03  1.1930E-06  2.4172E-06  2.4033E-06
  1.0444E-03  1.2138E-06  2.4593E-06  2.4451E-06
  1.0534E-03  1.2349E-06  2.5021E-06  2.4877E-06
  1.0626E-03  1.2564E-06  2.5457E-06  2.5310E-06
  1.0718E-03  1.2783E-06  2.5900E-06  2.5750E-06
  1.0811E-03  1.3006E-06  2.6351E-06  2.6198E-06
  1.0904E-03  1.3232E-06  2.6809E-06  2.6654E-06
  1.0999E-03  1.3463E-06  2.7276E-06  2.7118E-06
  1.1094E-03  1.3697E-06  2.7750E-06  2.7590E-06
  1.1191E-03  1.3936E-06  2.8233E-06  2.8071E-06
  1.1288E-03  1.4179E-06  2.8725E-06  2.8559E-06
  1.1386E-03  1.4425E-06  2.9225E-06  2.9056E-06
  1.1484E-03  1.4677E-06  2.9733E-06  2.9562E-06
  1.1584E-03  1.4932E-06  3.0251E-06  3.0076E-06
  1.1684E-03  1.5192E-06  3.0777E-06  3.0599E-06
  1.1786E-03  1.5457E-06  3.1313E-06  3.1132E-06
  1.1888E-03  1.5726E-06  3.1857E-06  3.1674E-06
  1.1991E-03  1.6000E-06  3.2412E-06  3.2225E-06
  1.2095E-03  1.6279E-06  3.2976E-06  3.2785E-06
  1.2200E-03  1.6562E-06  3.3549E-06  3.3356E-06
  1.2305E-03  1.6851E-06  3.4133E-06  3.3936E-06
  1.2412E-03  1.7144E-06  3.4727E-06  3.4526E-06
  1.2520E-03  1.7442E-06  3.5331E-06  3.5127E-06
  1.2628E-03  1.7746E-06  3.5945E-06  3.5738E-06
  1.2738E-03  1.8055E-06  3.6571E-06  3.6360E-06
  1.2848E-03  1.8370E-06  3.7207E-06  3.6992E-06
  1.2959E-03  1.8689E-06  3.7854E-06  3.7636E-06
  1.3072E-03  1.9015E-06  3.8512E-06  3.8290E-06
  1.3185E-03  1.9346E-06  3.9182E-06  3.8956E-06
  1.3299E-03  1.9683E-06  3.9864E-06  3.9634E-06
  1.3415E-03  2.0025E-06  4.0557E-06  4.0323E-06
  1.3531E-03  2.0374E-06  4.1262E-06  4.1024E-06
  1.3648E-03  2.0729E-06  4.1980E-06  4.1738E-06
  1.3766E-03  2.1089E-06  4.2710E-06  4.2464E-06
  1.3886E-03  2.1457E-06  4.3453E-06  4.3202E-06
  1.4006E-03  2.1830E-06  4.4208E-06  4.3953E-06
  1.4127E-03  2.2210E-06  4.4977E-06  4.4718E-06
  1.4250E-03  2.2597E-06  4.5759E-06  4.5495E-06
  1.4373E-03  2.2990E-06  4.6555E-06  4.6286E-06
  1.4498E-03  2.3390E-06  4.7364E-06  4.7091E-06
  1.4624E-03  2.3797E-06  4.8188E-06  4.7910E-06
  1.4750E-03  2.4212E-06  4.9025E-06  4.8743E-06
  1.4878E-03  2.4633E-06  4.9878E-06  4.9590E-06
  1.5007E-03  2.5062E-06  5.0745E-06  5.0452E-06
  1.5137E-03  2.5498E-06  5.1627E-06  5.1329E-06
  1.5268E-03  2.5942E-06  5.2525E-06  5.2222E-06
  1.5400E-03  2.6393E-06  5.3438E-06  5.3129E-06
  1.5534E-03  2.6852E-06  5.4367E-06  5.4053E-06
  1.5668E-03  2.7320E-06  5.5312E-06  5.4993E-06
  1.5804E-03  2.7795E-06  5.6273E-06  5.5948E-06
  1.5941E-03  2.8279E-06  5.7251E-06  5.6921E-06
  1.6079E-03  2.8771E-06  5.8246E-06  5.7910E-06
  1.6219E-03  2.9272E-06  5.9259E-06  5.8917E-06
  1.6359E-03  2.9781E-06  6.0289E-06  5.9941E-06
  1.6501E-03  3.0299E-06  6.1336E-06  6.0983E-06
  1.6644E-03  3.0826E-06  6.2402E-06  6.2042E-06
  1.6788E-03  3.1363E-06  6.3487E-06  6.3121E-06
  1.6933E-03  3.1909E-06  6.4590E-06  6.4218E-06
  1.7080E-03  3.2464E-06  6.5712E-06  6.5334E-06
  1.7228E-03  3.3029E-06  6.6854E-06  6.6469E-06
  1.7377E-03  3.3603E-06  6.8016E-06  6.7624E-06
  1.7528E-03  3.4188E-06  6.9198E-06  6.8799E-06
  1.7680E-03  3.4783E-06  7.0400E-06  6.9994E-06
  1.7833E-03  3.5388E-06  7.1623E-06  7.1211E-06
  1.7987E-03  3.6004E-06  7.2868E-06  7.2448E-06
  1.8143E-03  3.6630E-06  7.4134E-06  7.3707E-06
  1.8300E-03  3.7267E-06  7.5422E-06  7.4987E-06
  1.8459E-03  3.7916E-06  7.6732E-06  7.6290E-06
  1.8618E-03  3.8575E-06  7.8065E-06  7.7615E-06
  1.8780E-03  3.9247E-06  7.9421E-06  7.8964E-06
  1.8942E-03  3.9929E-06  8.0801E-06  8.0335E-06
  1.9106E-03  4.0624E-06  8.2205E-06  8.1731E-06
  1.9272E-03  4.1331E-06  8.3633E-06  8.3151E-06
  1.9439E-03  4.2050E-06  8.5085E-06  8.4595E-06
  1.9607E-03  4.2781E-06  8.6563E-06  8.6064E-06
  1.9777E-03  4.3525E-06  8.8067E-06  8.7559E-06
  1.9948E-03  4.4282E-06  8.9597E-06  8.9080E-06
  2.0121E-03  4.5053E-06  9.1153E-06  9.0627E-06
  2.0295E-03  4.5836E-06  9.2736E-06  9.2201E-06
  2.0471E-03  4.6634E-06  9.4346E-06  9.3803E-06
  2.0648E-03  4.7445E-06  9.5985E-06  9.5432E-06
  2.0827E-03  4.8270E-06  9.7652E-06  9.7089E-06
  2.1007E-03  4.9110E-06  9.9348E-06  9.8775E-06
  2.1189E-03  4.9964E-06  1.0107E-05  1.0049E-05
  2.1373E-03  5.0833E-06  1.0283E-05  1.0224E-05
  2.1558E-03  5.1717E-06  1.0461E-05  1.0401E-05
  2.1745E-03  5.2616E-06  1.0643E-05  1.0582E-05
  2.1933E-03  5.3532E-06  1.0828E-05  1.0765E-05
  2.2123E-03  5.4463E-06  1.1016E-05  1.0952E-05
  2.2314E-03  5.5410E-06  1.1207E-05  1.1143E-05
  2.2507E-03  5.6374E-06  1.1402E-05  1.1336E-05
  2.2702E-03  5.7354E-06  1.1600E-05  1.1533E-05
  2.2899E-03  5.8351E-06  1.1801E-05  1.1733E-05
  2.3097E-03  5.9366E-06  1.2006E-05  1.1937E-05
  2.3297E-03  6.0399E-06  1.2214E-05  1.2144E-05
  2.3499E-03  6.1449E-06  1.2426E-05  1.2355E-05
  2.3702E-03  6.2518E-06  1.2642E-05  1.2569E-05
  2.3907E-03  6.3605E-06  1.2862E-05  1.2787E-05
  2.4114E-03  6.4711E-06  1.3085E-05  1.3009E-05
  2.4323E-03  6.5836E-06  1.3312E-05  1.3235E-05
  2.4534E-03  6.6981E-06  1.3543E-05  1.3465E-05
  2.4746E-03  6.8146E-06  1.3778E-05  1.3699E-05
  2.4960E-03  6.9331E-06  1.4017E-05  1.3936E-05
  2.5177E-03  7.0537E-06  1.4260E-05  1.4178E-05
  2.5394E-03  7.1763E-06  1.4508E-05  1.4424E-05
  2.5614E-03  7.3011E-06  1.4760E-05  1.4675E-05
  2.5836E-03  7.4280E-06  1.5016E-05  1.4929E-05
  2.6060E-03  7.5572E-06  1.5276E-05  1.5188E-05
  2.6285E-03  7.6886E-06  1.5542E-05  1.5452E-05
  2.6513E-03  7.8223E-06  1.5811E-05  1.5720E-05
  2.6742E-03  7.9583E-06  1.6086E-05  1.5993E-05
  2.6974E-03  8.0967E-06  1.6365E-05  1.6270E-05
  2.7207E-03  8.2375E-06  1.6649E-05  1.6553E-05
  2.7443E-03  8.3807E-06  1.6938E-05  1.6840E-05
  2.7680E-03  8.5264E-06  1.7231E-05  1.7132E-05
  2.7920E-03  8.6746E-06  1.7530E-05  1.7429E-05
  2.8162E-03  8.8255E-06  1.7835E-05  1.7732E-05
  2.8405E-03  8.9789E-06  1.8144E-05  1.8039E-05
  2.8651E-03  9.1350E-06  1.8459E-05  1.8352E-05
  2.8899E-03  9.2938E-06  1.8779E-05  1.8671E-05
  2.9149E-03  9.4554E-06  1.9105E-05  1.8995E-05
  2.9402E-03  9.6198E-06  1.9436E-05  1.9324E-05
  2.9656E-03  9.7871E-06  1.9773E-05  1.9659E-05
  2.9913E-03  9.9572E-06  2.0116E-05  2.0000E-05
  3.0172E-03  1.0130E-05  2.0465E-05  2.0347E-05
  3.0433E-03  1.0306E-05  2.0820E-05  2.0700E-05
  3.0696E-03  1.0486E-05  2.1181E-05  2.1059E-05
  3.0962E-03  1.0668E-05  2.1549E-05  2.1425E-05
  3.1230E-03  1.0853E-05  2.1922E-05  2.1796E-05
  3.1500E-03  1.1042E-05  2.2303E-05  2.2174E-05
  3.1773E-03  1.1234E-05  2.2689E-05  2.2559E-05
  3.2048E-03  1.1429E-05  2.3083E-05  2.2950E-05
  3.2325E-03  1.1628E-05  2.3483E-05  2.3348E-05
  3.2605E-03  1.1830E-05  2.3890E-05  2.3753E-05
  3.2887E-03  1.2036E-05  2.4305E-05  2.4165E-05
  3.3172E-03  1.2245E-05  2.4726E-05  2.4584E-05
  3.3459E-03  1.2458E-05  2.5155E-05  2.5010E-05
  3.3748E-03  1.2674E-05  2.5591E-05  2.5444E-05
  3.4040E-03  1.2895E-05  2.6035E-05  2.5885E-05
  3.4335E-03  1.3119E-05  2.6486E-05  2.6334E-05
  3.4632E-03  1.3347E-05  2.6945E-05  2.6790E-05
  3.4932E-03  1.3579E-05  2.7412E-05  2.7255E-05
  3.5234E-03  1.3815E-05  2.7888E-05  2.7727E-05
  3.5539E-03  1.4055E-05  2.8371E-05  2.8208E-05
  3.5847E-03  1.4299E-05  2.8863E-05  2.8697E-05
  3.6157E-03  1.4548E-05  2.9363E-05  2.9194E-05
  3.6470E-03  1.4801E-05  2.9872E-05  2.9700E-05
  3.6785E-03  1.5058E-05  3.0390E-05  3.0215E-05
  3.7104E-03  1.5320E-05  3.0917E-05  3.0739E-05
  3.7425E-03  1.5586E-05  3.1453E-05  3.1272E-05
  3.7748E-03  1.5857E-05  3.1998E-05  3.1814E-05
  3.8075E-03  1.6133E-05  3.2552E-05  3.2365E-05
  3.8405E-03  1.6413E-05  3.3116E-05  3.2926E-05
  3.8737E-03  1.6698E-05  3.3690E-05  3.3497E-05
  3.9072E-03  1.6988E-05  3.4274E-05  3.4077E-05
  3.9410E-03  1.7284E-05  3.4868E-05  3.4668E-05
  3.9751E-03  1.7584E-05  3.5472E-05  3.5268E-05
  4.0095E-03  1.7890E-05  3.6087E-05  3.5879E-05
  4.0442E-03  1.8201E-05  3.6712E-05  3.6501E-05
  4.0792E-03  1.8517E-05  3.7348E-05  3.7134E-05
  4.1145E-03  1.8839E-05  3.7995E-05  3.7777E-05
  4.1501E-03  1.9166E-05  3.8654E-05  3.8432E-05
  4.1860E-03  1.9499E-05  3.9323E-05  3.9097E-05
  4.2222E-03  1.9838E-05  4.0005E-05  3.9775E-05
  4.2588E-03  2.0183E-05  4.0698E-05  4.0464E-05
  4.2956E-03  2.0534E-05  4.1403E-05  4.1165E-05
  4.3328E-03  2.0891E-05  4.2120E-05  4.1878E-05
  4.3703E-03  2.1254E-05  4.2849E-05  4.2603E-05
  4.4081E-03  2.1623E-05  4.3592E-05  4.3341E-05
  4.4462E-03  2.1999E-05  4.4347E-05  4.4092E-05
  4.4847E-03  2.2381E-05  4.5115E-05  4.4856E-05
  4.5235E-03  2.2770E-05  4.5896E-05  4.5632E-05
  4.5626E-03  2.3166E-05  4.6691E-05  4.6423E-05
  4.6021E-03  2.3568E-05  4.7500E-05  4.7227E-05
  4.6419E-03  2.3978E-05  4.8322E-05  4.8045E-05
  4.6821E-03  2.4395E-05  4.9159E-05  4.8877E-05
  4.7226E-03  2.4819E-05  5.0010E-05  4.9723E-05
  4.7634E-03  2.5250E-05  5.0876E-05  5.0584E-05
  4.8046E-03  2.5689E-05  5.1757E-05  5.1460E-05
  4.8462E-03  2.6135E-05  5.2653E-05  5.2351E-05
  4.8881E-03  2.6589E-05  5.3565E-05  5.3257E-05
  4.9304E-03  2.7051E-05  5.4492E-05  5.4179E-05
  4.9731E-03  2.7521E-05  5.5436E-05  5.5117E-05
  5.0161E-03  2.8000E-05  5.6395E-05  5.6071E-05
  5.0595E-03  2.8486E-05  5.7372E-05  5.7042E-05
  5.1033E-03  2.8981E-05  5.8365E-05  5.8030E-05
  5.1474E-03  2.9485E-05  5.9375E-05  5.9034E-05
  5.1920E-03  2.9997E-05  6.0403E-05  6.0056E-05
  5.2369E-03  3.0518E-05  6.1448E-05  6.1095E-05
  5.2822E-03  3.1049E-05  6.2512E-05  6.2153E-05
  5.3279E-03  3.1588E-05  6.3594E-05  6.3228E-05
  5.3740E-03  3.2137E-05  6.4694E-05  6.4323E-05
  5.4204E-03  3.2696E-05  6.5814E-05  6.5436E-05
  5.4673E-03  3.3264E-05  6.6953E-05  6.6568E-05
  5.5146E-03  3.3842E-05  6.8111E-05  6.7720E-05
  5.5623E-03  3.4430E-05  6.9290E-05  6.8892E-05
  5.6105E-03  3.5028E-05  7.0489E-05  7.0084E-05
  5.6590E-03  3.5637E-05  7.1708E-05  7.1297E-05
  5.7079E-03  3.6256E-05  7.2949E-05  7.2530E-05
  5.7573E-03  3.6886E-05  7.4211E-05  7.3785E-05
  5.8071E-03  3.7527E-05  7.5495E-05  7.5062E-05
  5.8574E-03  3.8179E-05  7.6801E-05  7.6360E-05
  5.9080E-03  3.8842E-05  7.8129E-05  7.7681E-05
  5.9591E-03  3.9517E-05  7.9481E-05  7.9025E-05
  6.0107E-03  4.0204E-05  8.0855E-05  8.0392E-05
  6.0627E-03  4.0902E-05  8.2254E-05  8.1782E-05
  6.1151E-03  4.1613E-05  8.3677E-05  8.3197E-05
  6.1680E-03  4.2336E-05  8.5124E-05  8.4635E-05
  6.2214E-03  4.3071E-05  8.6596E-05  8.6099E-05
  6.2752E-03  4.3820E-05  8.8093E-05  8.7588E-05
  6.3295E-03  4.4581E-05  8.9617E-05  8.9103E-05
  6.3842E-03  4.5356E-05  9.1166E-05  9.0643E-05
  6.4395E-03  4.6144E-05  9.2742E-05  9.2211E-05
  6.4952E-03  4.6945E-05  9.4346E-05  9.3805E-05
  6.5513E-03  4.7761E-05  9.5977E-05  9.5427E-05
  6.6080E-03  4.8591E-05  9.7636E-05  9.7077E-05
  6.6652E-03  4.9435E-05  9.9324E-05  9.8755E-05
  6.7228E-03  5.0294E-05  1.0104E-04  1.0046E-04
  6.7810E-03  5.1168E-05  1.0279E-04  1.0220E-04
  6.8396E-03  5.2057E-05  1.0456E-04  1.0397E-04
  6.8988E-03  5.2961E-05  1.0637E-04  1.0576E-04
  6.9585E-03  5.3881E-05  1.0821E-04  1.0759E-04
  7.0186E-03  5.4818E-05  1.1008E-04  1.0945E-04
  7.0793E-03  5.5770E-05  1.1198E-04  1.1134E-04
  7.1406E-03  5.6739E-05  1.1392E-04  1.1327E-04
  7.2023E-03  5.7725E-05  1.1589E-04  1.1522E-04
  7.2646E-03  5.8727E-05  1.1789E-04  1.1721E-04
  7.3275E-03  5.9748E-05  1.1993E-04  1.1924E-04
  7.3909E-03  6.0786E-05  1.2200E-04  1.2130E-04
  7.4548E-03  6.1842E-05  1.2410E-04  1.2339E-04
  7.5193E-03  6.2916E-05  1.2625E-04  1.2553E-04
  7.5843E-03  6.4009E-05  1.2843E-04  1.2769E-04
  7.6499E-03  6.5121E-05  1.3065E-04  1.2990E-04
  7.7161E-03  6.6253E-05  1.3290E-04  1.3214E-04
  7.7828E-03  6.7404E-05  1.3520E-04  1.3443E-04
  7.8501E-03  6.8575E-05  1.3754E-04  1.3675E-04
  7.9180E-03  6.9766E-05  1.3991E-04  1.3911E-04
  7.9865E-03  7.0978E-05  1.4233E-04  1.4151E-04
  8.0556E-03  7.2211E-05  1.4478E-04  1.4396E-04
  8.1252E-03  7.3466E-05  1.4728E-04  1.4644E-04
  8.1955E-03  7.4742E-05  1.4983E-04  1.4897E-04
  8.2664E-03  7.6040E-05  1.5241E-04  1.5154E-04
  8.3379E-03  7.7361E-05  1.5504E-04  1.5416E-04
  8.4100E-03  7.8705E-05  1.5772E-04  1.5682E-04
  8.4828E-03  8.0072E-05  1.6044E-04  1.5953E-04
  8.5561E-03  8.1463E-05  1.6321E-04  1.6228E-04
  8.6301E-03  8.2879E-05  1.6603E-04  1.6508E-04
  8.7048E-03  8.4318E-05  1.6890E-04  1.6793E-04
  8.7800E-03  8.5783E-05  1.7181E-04  1.7083E-04
  8.8560E-03  8.7273E-05  1.7478E-04  1.7378E-04
  8.9326E-03  8.8789E-05  1.7779E-04  1.7677E-04
  9.0098E-03  9.0332E-05  1.8086E-04  1.7983E-04
  9.0878E-03  9.1901E-05  1.8398E-04  1.8293E-04
  9.1664E-03  9.3498E-05  1.8715E-04  1.8608E-04
  9.2456E-03  9.5122E-05  1.9038E-04  1.8929E-04
  9.3256E-03  9.6774E-05  1.9367E-04  1.9256E-04
  9.4062E-03  9.8455E-05  1.9701E-04  1.9588E-04
  9.4876E-03  1.0017E-04  2.0040E-04  1.9926E-04
  9.5697E-03  1.0191E-04  2.0386E-04  2.0270E-04
  9.6524E-03  1.0368E-04  2.0738E-04  2.0619E-04
  9.7359E-03  1.0548E-04  2.1095E-04  2.0975E-04
  9.8201E-03  1.0731E-04  2.1459E-04  2.1336E-04
  9.9050E-03  1.0917E-04  2.1829E-04  2.1704E-04
  9.9907E-03  1.1107E-04  2.2205E-04  2.2079E-04
  1.0077E-02  1.1300E-04  2.2588E-04  2.2459E-04
  1.0164E-02  1.1496E-04  2.2978E-04  2.2846E-04
  1.0252E-02  1.1696E-04  2.3374E-04  2.3240E-04
  1.0341E-02  1.1899E-04  2.3777E-04  2.3641E-04
  1.0430E-02  1.2106E-04  2.4186E-04  2.4048E-04
  1.0520E-02  1.2316E-04  2.4603E-04  2.4463E-04
  1.0611E-02  1.2530E-04  2.5027E-04  2.4884E-04
  1.0703E-02  1.2748E-04  2.5458E-04  2.5313E-04
  1.0796E-02  1.2969E-04  2.5897E-04  2.5749E-04
  1.0889E-02  1.3194E-04  2.6343E-04  2.6193E-04
  1.0983E-02  1.3423E-04  2.6797E-04  2.6644E-04
  1.1078E-02  1.3657E-04  2.7259E-04  2.7103E-04
  1.1174E-02  1.3894E-04  2.7728E-04  2.7570E-04
  1.1271E-02  1.4135E-04  2.8206E-04  2.8045E-04
  1.1368E-02  1.4381E-04  2.8692E-04  2.8528E-04
  1.1466E-02  1.4630E-04  2.9186E-04  2.9019E-04
  1.1566E-02  1.4885E-04  2.9688E-04  2.9519E-04
  1.1666E-02  1.5143E-04  3.0199E-04  3.0027E-04
  1.1767E-02  1.5406E-04  3.0719E-04  3.0544E-04
  1.1868E-02  1.5674E-04  3.1248E-04  3.1070E-04
  1.1971E-02  1.5946E-04  3.1786E-04  3.1605E-04
  1.2074E-02  1.6223E-04  3.2333E-04  3.2149E-04
  1.2179E-02  1.6505E-04  3.2890E-04  3.2703E-04
  1.2284E-02  1.6791E-04  3.3456E-04  3.3265E-04
  1.2390E-02  1.7083E-04  3.4032E-04  3.3838E-04
  1.2498E-02  1.7380E-04  3.4617E-04  3.4420E-04
  1.2606E-02  1.7682E-04  3.5213E-04  3.5012E-04
  1.2715E-02  1.7989E-04  3.5819E-04  3.5615E-04
  1.2825E-02  1.8301E-04  3.6435E-04  3.6227E-04
  1.2936E-02  1.8619E-04  3.7062E-04  3.6851E-04
  1.3047E-02  1.8943E-04  3.7699E-04  3.7485E-04
  1.3160E-02  1.9272E-04  3.8347E-04  3.8129E-04
  1.3274E-02  1.9606E-04  3.9007E-04  3.8785E-04
  1.3389E-02  1.9947E-04  3.9678E-04  3.9452E-04
  1.3505E-02  2.0293E-04  4.0360E-04  4.0130E-04
  1.3621E-02  2.0646E-04  4.1054E-04  4.0820E-04
  1.3739E-02  2.1004E-04  4.1759E-04  4.1522E-04
  1.3858E-02  2.1369E-04  4.2477E-04  4.2236E-04
  1.3978E-02  2.1740E-04  4.3207E-04  4.2962E-04
  1.4099E-02  2.2118E-04  4.3950E-04  4.3700E-04
  1.4221E-02  2.2502E-04  4.4705E-04  4.4451E-04
  1.4344E-02  2.2893E-04  4.5473E-04  4.5215E-04
  1.4468E-02  2.3290E-04  4.6255E-04  4.5992E-04
  1.4593E-02  2.3695E-04  4.7049E-04  4.6782E-04
  1.4719E-02  2.4107E-04  4.7857E-04  4.7586E-04
  1.4846E-02  2.4525E-04  4.8679E-04  4.8403E-04
  1.4975E-02  2.4951E-04  4.9515E-04  4.9234E-04
  1.5104E-02  2.5384E-04  5.0366E-04  5.0080E-04
  1.5235E-02  2.5825E-04  5.1231E-04  5.0940E-04
  1.5366E-02  2.6274E-04  5.2110E-04  5.1815E-04
  1.5499E-02  2.6730E-04  5.3005E-04  5.2704E-04
  1.5633E-02  2.7194E-04  5.3915E-04  5.3609E-04
  1.5769E-02  2.7667E-04  5.4840E-04  5.4529E-04
  1.5905E-02  2.8147E-04  5.5781E-04  5.5465E-04
  1.6042E-02  2.8636E-04  5.6739E-04  5.6417E-04
  1.6181E-02  2.9133E-04  5.7712E-04  5.7385E-04
  1.6321E-02  2.9639E-04  5.8702E-04  5.8370E-04
  1.6462E-02  3.0154E-04  5.9709E-04  5.9371E-04
  1.6605E-02  3.0678E-04  6.0733E-04  6.0390E-04
  1.6748E-02  3.1211E-04  6.1775E-04  6.1425E-04
  1.6893E-02  3.1753E-04  6.2835E-04  6.2479E-04
  1.7039E-02  3.2304E-04  6.3912E-04  6.3550E-04
  1.7186E-02  3.2865E-04  6.5008E-04  6.4640E-04
  1.7335E-02  3.3436E-04  6.6122E-04  6.5748E-04
  1.7485E-02  3.4017E-04  6.7256E-04  6.6875E-04
  1.7636E-02  3.4607E-04  6.8408E-04  6.8022E-04
  1.7789E-02  3.5208E-04  6.9581E-04  6.9187E-04
  1.7942E-02  3.5820E-04  7.0773E-04  7.0373E-04
  1.8098E-02  3.6442E-04  7.1986E-04  7.1579E-04
  1.8254E-02  3.7075E-04  7.3219E-04  7.2805E-04
  1.8412E-02  3.7719E-04  7.4473E-04  7.4052E-04
  1.8571E-02  3.8374E-04  7.5749E-04  7.5321E-04
  1.8732E-02  3.9040E-04  7.7046E-04  7.6611E-04
  1.8894E-02  3.9718E-04  7.8365E-04  7.7923E-04
  1.9057E-02  4.0408E-04  7.9707E-04  7.9257E-04
  1.9222E-02  4.1109E-04  8.1071E-04  8.0614E-04
  1.9388E-02  4.1823E-04  8.2459E-04  8.1994E-04
  1.9556E-02  4.2550E-04  8.3870E-04  8.3397E-04
  1.9725E-02  4.3288E-04  8.5306E-04  8.4824E-04
  1.9895E-02  4.4040E-04  8.6765E-04  8.6276E-04
  2.0067E-02  4.4805E-04  8.8250E-04  8.7752E-04
  2.0241E-02  4.5583E-04  8.9759E-04  8.9253E-04
  2.0416E-02  4.6375E-04  9.1294E-04  9.0780E-04
  2.0592E-02  4.7180E-04  9.2856E-04  9.2332E-04
  2.0771E-02  4.7999E-04  9.4443E-04  9.3911E-04
  2.0950E-02  4.8833E-04  9.6058E-04  9.5517E-04
  2.1131E-02  4.9681E-04  9.7700E-04  9.7150E-04
  2.1314E-02  5.0543E-04  9.9370E-04  9.8810E-04
  2.1498E-02  5.1421E-04  1.0107E-03  1.0050E-03
  2.1684E-02  5.2314E-04  1.0279E-03  1.0222E-03
  2.1872E-02  5.3222E-04  1.0455E-03  1.0396E-03
  2.2061E-02  5.4147E-04  1.0634E-03  1.0574E-03
  2.2252E-02  5.5087E-04  1.0815E-03  1.0755E-03
  2.2444E-02  5.6043E-04  1.1000E-03  1.0938E-03
  2.2638E-02  5.7016E-04  1.1188E-03  1.1125E-03
  2.2834E-02  5.8006E-04  1.1379E-03  1.1315E-03
  2.3031E-02  5.9014E-04  1.1573E-03  1.1508E-03
  2.3230E-02  6.0038E-04  1.1771E-03  1.1704E-03
  2.3431E-02  6.1081E-04  1.1971E-03  1.1904E-03
  2.3634E-02  6.2142E-04  1.2176E-03  1.2107E-03
  2.3838E-02  6.3221E-04  1.2383E-03  1.2314E-03
  2.4044E-02  6.4318E-04  1.2595E-03  1.2524E-03
  2.4252E-02  6.5435E-04  1.2809E-03  1.2738E-03
  2.4462E-02  6.6571E-04  1.3028E-03  1.2955E-03
  2.4673E-02  6.7727E-04  1.3250E-03  1.3176E-03
  2.4887E-02  6.8903E-04  1.3476E-03  1.3400E-03
  2.5102E-02  7.0099E-04  1.3705E-03  1.3629E-03
  2.5319E-02  7.1317E-04  1.3939E-03  1.3861E-03
  2.5538E-02  7.2555E-04  1.4177E-03  1.4097E-03
  2.5759E-02  7.3815E-04  1.4418E-03  1.4337E-03
  2.5982E-02  7.5096E-04  1.4664E-03  1.4581E-03
  2.6206E-02  7.6400E-04  1.4913E-03  1.4830E-03
  2.6433E-02  7.7727E-04  1.5167E-03  1.5082E-03
  2.6661E-02  7.9076E-04  1.5425E-03  1.5339E-03
  2.6892E-02  8.0449E-04  1.5688E-03  1.5600E-03
  2.7124E-02  8.1846E-04  1.5955E-03  1.5866E-03
  2.7359E-02  8.3267E-04  1.6226E-03  1.6136E-03
  2.7595E-02  8.4712E-04  1.6502E-03  1.6410E-03
  2.7834E-02  8.6183E-04  1.6783E-03  1.6689E-03
  2.8075E-02  8.7679E-04  1.7068E-03  1.6973E-03
  2.8317E-02  8.9202E-04  1.7359E-03  1.7262E-03
  2.8562E-02  9.0750E-04  1.7654E-03  1.7555E-03
  2.8809E-02  9.2326E-04  1.7954E-03  1.7854E-03
  2.9058E-02  9.3929E-04  1.8259E-03  1.8157E-03
  2.9310E-02  9.5559E-04  1.8569E-03  1.8466E-03
  2.9563E-02  9.7218E-04  1.8884E-03  1.8779E-03
  2.9819E-02  9.8906E-04  1.9205E-03  1.9098E-03
  3.0077E-02  1.0062E-03  1.9531E-03  1.9422E-03
  3.0337E-02  1.0237E-03  1.9863E-03  1.9752E-03
  3.0599E-02  1.0415E-03  2.0200E-03  2.0088E-03
  3.0863E-02  1.0596E-03  2.0543E-03  2.0428E-03
  3.1130E-02  1.0779E-03  2.0891E-03  2.0775E-03
  3.1399E-02  1.0967E-03  2.1246E-03  2.1128E-03
  3.1671E-02  1.1157E-03  2.1606E-03  2.1486E-03
  3.1945E-02  1.1351E-03  2.1972E-03  2.1850E-03
  3.2221E-02  1.1548E-03  2.2345E-03  2.2221E-03
  3.2500E-02  1.1748E-03  2.2723E-03  2.2597E-03
  3.2781E-02  1.1952E-03  2.3109E-03  2.2980E-03
  3.3064E-02  1.2160E-03  2.3500E-03  2.3370E-03
  3.3350E-02  1.2371E-03  2.3898E-03  2.3766E-03
  3.3638E-02  1.2585E-03  2.4303E-03  2.4168E-03
  3.3929E-02  1.2804E-03  2.4714E-03  2.4577E-03
  3.4223E-02  1.3026E-03  2.5133E-03  2.4993E-03
  3.4518E-02  1.3252E-03  2.5558E-03  2.5416E-03
  3.4817E-02  1.3482E-03  2.5990E-03  2.5846E-03
  3.5118E-02  1.3716E-03  2.6430E-03  2.6284E-03
  3.5422E-02  1.3954E-03  2.6877E-03  2.6728E-03
  3.5728E-02  1.4197E-03  2.7331E-03  2.7180E-03
  3.6037E-02  1.4443E-03  2.7793E-03  2.7640E-03
  3.6348E-02  1.4694E-03  2.8263E-03  2.8107E-03
  3.6663E-02  1.4949E-03  2.8741E-03  2.8582E-03
  3.6980E-02  1.5208E-03  2.9226E-03  2.9065E-03
  3.7299E-02  1.5472E-03  2.9720E-03  2.9556E-03
  3.7622E-02  1.5741E-03  3.0221E-03  3.0055E-03
  3.7947E-02  1.6014E-03  3.0732E-03  3.0562E-03
  3.8275E-02  1.6292E-03  3.1250E-03  3.1078E-03
  3.8606E-02  1.6574E-03  3.1777E-03  3.1602E-03
  3.8940E-02  1.6862E-03  3.2313E-03  3.2135E-03
  3.9277E-02  1.7155E-03  3.2858E-03  3.2677E-03
  3.9616E-02  1.7452E-03  3.3412E-03  3.3228E-03
  3.9959E-02  1.7755E-03  3.3975E-03  3.3789E-03
  4.0304E-02  1.8063E-03  3.4548E-03  3.4358E-03
  4.0653E-02  1.8377E-03  3.5130E-03  3.4937E-03
  4.1004E-02  1.8696E-03  3.5722E-03  3.5525E-03
  4.1359E-02  1.9020E-03  3.6323E-03  3.6124E-03
  4.1716E-02  1.9350E-03  3.6934E-03  3.6732E-03
  4.2077E-02  1.9686E-03  3.7556E-03  3.7350E-03
  4.2441E-02  2.0028E-03  3.8188E-03  3.7978E-03
  4.2808E-02  2.0375E-03  3.8830E-03  3.8617E-03
  4.3178E-02  2.0729E-03  3.9483E-03  3.9267E-03
  4.3551E-02  2.1089E-03  4.0147E-03  3.9927E-03
  4.3928E-02  2.1454E-03  4.0821E-03  4.0598E-03
  4.4308E-02  2.1827E-03  4.1507E-03  4.1280E-03
  4.4691E-02  2.2205E-03  4.2204E-03  4.1974E-03
  4.5077E-02  2.2591E-03  4.2913E-03  4.2679E-03
  4.5467E-02  2.2983E-03  4.3633E-03  4.3395E-03
  4.5860E-02  2.3381E-03  4.4365E-03  4.4123E-03
  4.6256E-02  2.3787E-03  4.5110E-03  4.4864E-03
  4.6656E-02  2.4200E-03  4.5866E-03  4.5616E-03
  4.7060E-02  2.4620E-03  4.6635E-03  4.6381E-03
  4.7467E-02  2.5047E-03  4.7417E-03  4.7159E-03
  4.7877E-02  2.5481E-03  4.8211E-03  4.7949E-03
  4.8291E-02  2.5923E-03  4.9019E-03  4.8752E-03
  4.8709E-02  2.6373E-03  4.9840E-03  4.9569E-03
  4.9130E-02  2.6831E-03  5.0674E-03  5.0399E-03
  4.9555E-02  2.7296E-03  5.1522E-03  5.1243E-03
  4.9983E-02  2.7770E-03  5.2384E-03  5.2100E-03
  5.0415E-02  2.8251E-03  5.3260E-03  5.2972E-03
  5.0851E-02  2.8741E-03  5.4151E-03  5.3857E-03
  5.1291E-02  2.9240E-03  5.5056E-03  5.4758E-03
  5.1734E-02  2.9747E-03  5.5976E-03  5.5673E-03
  5.2181E-02  3.0263E-03  5.6911E-03  5.6603E-03
  5.2633E-02  3.0788E-03  5.7861E-03  5.7548E-03
  5.3088E-02  3.1322E-03  5.8827E-03  5.8509E-03
  5.3547E-02  3.1865E-03  5.9808E-03  5.9485E-03
  5.4010E-02  3.2418E-03  6.0806E-03  6.0478E-03
  5.4477E-02  3.2980E-03  6.1820E-03  6.1486E-03
  5.4948E-02  3.3552E-03  6.2850E-03  6.2512E-03
  5.5423E-02  3.4134E-03  6.3898E-03  6.3553E-03
  5.5902E-02  3.4726E-03  6.4962E-03  6.4612E-03
  5.6385E-02  3.5328E-03  6.6044E-03  6.5688E-03
  5.6873E-02  3.5941E-03  6.7143E-03  6.6782E-03
  5.7364E-02  3.6564E-03  6.8260E-03  6.7894E-03
  5.7860E-02  3.7198E-03  6.9396E-03  6.9023E-03
  5.8361E-02  3.7843E-03  7.0550E-03  7.0171E-03
  5.8865E-02  3.8499E-03  7.1722E-03  7.1338E-03
  5.9374E-02  3.9167E-03  7.2914E-03  7.2523E-03
  5.9888E-02  3.9846E-03  7.4125E-03  7.3728E-03
  6.0405E-02  4.0536E-03  7.5356E-03  7.4952E-03
  6.0928E-02  4.1239E-03  7.6606E-03  7.6196E-03
  6.1454E-02  4.1954E-03  7.7877E-03  7.7461E-03
  6.1986E-02  4.2682E-03  7.9168E-03  7.8746E-03
  6.2522E-02  4.3421E-03  8.0481E-03  8.0051E-03
  6.3062E-02  4.4174E-03  8.1814E-03  8.1378E-03
  6.3607E-02  4.4940E-03  8.3170E-03  8.2726E-03
  6.4157E-02  4.5719E-03  8.4547E-03  8.4096E-03
  6.4712E-02  4.6511E-03  8.5946E-03  8.5489E-03
  6.5272E-02  4.7317E-03  8.7368E-03  8.6903E-03
  6.5836E-02  4.8138E-03  8.8812E-03  8.8341E-03
  6.6405E-02  4.8972E-03  9.0281E-03  8.9801E-03
  6.6979E-02  4.9821E-03  9.1772E-03  9.1285E-03
  6.7558E-02  5.0684E-03  9.3288E-03  9.2794E-03
  6.8142E-02  5.1562E-03  9.4828E-03  9.4326E-03
  6.8732E-02  5.2456E-03  9.6393E-03  9.5883E-03
  6.9326E-02  5.3365E-03  9.7983E-03  9.7465E-03
  6.9925E-02  5.4290E-03  9.9598E-03  9.9072E-03
  7.0530E-02  5.5230E-03  1.0124E-02  1.0071E-02
  7.1140E-02  5.6187E-03  1.0291E-02  1.0236E-02
  7.1755E-02  5.7161E-03  1.0460E-02  1.0405E-02
  7.2375E-02  5.8151E-03  1.0632E-02  1.0576E-02
  7.3001E-02  5.9158E-03  1.0807E-02  1.0750E-02
  7.3632E-02  6.0183E-03  1.0985E-02  1.0927E-02
  7.4269E-02  6.1226E-03  1.1166E-02  1.1107E-02
  7.4911E-02  6.2286E-03  1.1349E-02  1.1289E-02
  7.5558E-02  6.3365E-03  1.1535E-02  1.1475E-02
  7.6212E-02  6.4463E-03  1.1725E-02  1.1663E-02
  7.6871E-02  6.5579E-03  1.1917E-02  1.1855E-02
  7.7535E-02  6.6715E-03  1.2112E-02  1.2049E-02
  7.8206E-02  6.7870E-03  1.2311E-02  1.2247E-02
  7.8882E-02  6.9045E-03  1.2513E-02  1.2447E-02
  7.9564E-02  7.0241E-03  1.2717E-02  1.2651E-02
  8.0252E-02  7.1457E-03  1.2926E-02  1.2858E-02
  8.0945E-02  7.2694E-03  1.3137E-02  1.3069E-02
  8.1645E-02  7.3953E-03  1.3352E-02  1.3282E-02
  8.2351E-02  7.5233E-03  1.3570E-02  1.3499E-02
  8.3063E-02  7.6536E-03  1.3792E-02  1.3720E-02
  8.3781E-02  7.7861E-03  1.4017E-02  1.3944E-02
  8.4506E-02  7.9208E-03  1.4245E-02  1.4172E-02
  8.5236E-02  8.0579E-03  1.4478E-02  1.4403E-02
  8.5973E-02  8.1974E-03  1.4714E-02  1.4638E-02
  8.6717E-02  8.3393E-03  1.4953E-02  1.4876E-02
  8.7466E-02  8.4836E-03  1.5197E-02  1.5118E-02
  8.8223E-02  8.6304E-03  1.5444E-02  1.5364E-02
  8.8985E-02  8.7797E-03  1.5695E-02  1.5614E-02
  8.9755E-02  8.9316E-03  1.5950E-02  1.5868E-02
  9.0531E-02  9.0861E-03  1.6209E-02  1.6126E-02
  9.1313E-02  9.2433E-03  1.6473E-02  1.6388E-02
  9.2103E-02  9.4032E-03  1.6740E-02  1.6654E-02
  9.2899E-02  9.5659E-03  1.7011E-02  1.6924E-02
  9.3702E-02  9.7313E-03  1.7287E-02  1.7199E-02
  9.4512E-02  9.8996E-03  1.7567E-02  1.7477E-02
  9.5330E-02  1.0071E-02  1.7851E-02  1.7760E-02
  9.6154E-02  1.0245E-02  1.8140E-02  1.8048E-02
  9.6985E-02  1.0422E-02  1.8434E-02  1.8340E-02
  9.7824E-02  1.0602E-02  1.8732E-02  1.8636E-02
  9.8669E-02  1.0786E-02  1.9034E-02  1.8938E-02
  9.9523E-02  1.0972E-02  1.9341E-02  1.9243E-02
  1.0038E-01  1.1162E-02  1.9653E-02  1.9554E-02
  1.0125E-01  1.1355E-02  1.9970E-02  1.9869E-02
  1.0213E-01  1.1551E-02  2.0292E-02  2.0190E-02
  1.0301E-01  1.1751E-02  2.0619E-02  2.0515E-02
  1.0390E-01  1.1954E-02  2.0950E-02  2.0845E-02
  1.0480E-01  1.2160E-02  2.1287E-02  2.1180E-02
  1.0570E-01  1.2370E-02  2.1630E-02  2.1521E-02
  1.0662E-01  1.2584E-02  2.1977E-02  2.1867E-02
  1.0754E-01  1.2801E-02  2.2330E-02  2.2218E-02
  1.0847E-01  1.3022E-02  2.2688E-02  2.2574E-02
  1.0941E-01  1.3247E-02  2.3052E-02  2.2936E-02
  1.1035E-01  1.3476E-02  2.3421E-02  2.3304E-02
  1.1131E-01  1.3709E-02  2.3796E-02  2.3677E-02
  1.1227E-01  1.3946E-02  2.4176E-02  2.4056E-02
  1.1324E-01  1.4186E-02  2.4563E-02  2.4441E-02
  1.1422E-01  1.4431E-02  2.4955E-02  2.4832E-02
  1.1521E-01  1.4680E-02  2.5354E-02  2.5228E-02
  1.1620E-01  1.4934E-02  2.5758E-02  2.5631E-02
  1.1721E-01  1.5191E-02  2.6169E-02  2.6040E-02
  1.1822E-01  1.5453E-02  2.6586E-02  2.6455E-02
  1.1924E-01  1.5720E-02  2.7009E-02  2.6876E-02
  1.2027E-01  1.5991E-02  2.7439E-02  2.7304E-02
  1.2131E-01  1.6267E-02  2.7875E-02  2.7738E-02
  1.2236E-01  1.6548E-02  2.8318E-02  2.8179E-02
  1.2342E-01  1.6833E-02  2.8767E-02  2.8627E-02
  1.2449E-01  1.7123E-02  2.9223E-02  2.9081E-02
  1.2556E-01  1.7419E-02  2.9687E-02  2.9542E-02
  1.2665E-01  1.7719E-02  3.0157E-02  3.0010E-02
  1.2774E-01  1.8024E-02  3.0634E-02  3.0485E-02
  1.2885E-01  1.8335E-02  3.1119E-02  3.0968E-02
  1.2996E-01  1.8651E-02  3.1610E-02  3.1457E-02
  1.3109E-01  1.8972E-02  3.2110E-02  3.1954E-02
  1.3222E-01  1.9299E-02  3.2616E-02  3.2459E-02
  1.3336E-01  1.9631E-02  3.3130E-02  3.2971E-02
  1.3452E-01  1.9969E-02  3.3652E-02  3.3491E-02
  1.3568E-01  2.0313E-02  3.4182E-02  3.4018E-02
  1.3685E-01  2.0663E-02  3.4720E-02  3.4553E-02
  1.3804E-01  2.1019E-02  3.5265E-02  3.5097E-02
  1.3923E-01  2.1381E-02  3.5819E-02  3.5648E-02
  1.4043E-01  2.1748E-02  3.6381E-02  3.6208E-02
  1.4165E-01  2.2123E-02  3.6951E-02  3.6776E-02
  1.4287E-01  2.2503E-02  3.7530E-02  3.7352E-02
  1.4411E-01  2.2890E-02  3.8118E-02  3.7937E-02
  1.4535E-01  2.3284E-02  3.8714E-02  3.8531E-02
  1.4661E-01  2.3684E-02  3.9319E-02  3.9133E-02
  1.4788E-01  2.4092E-02  3.9932E-02  3.9744E-02
  1.4916E-01  2.4506E-02  4.0555E-02  4.0365E-02
  1.5044E-01  2.4927E-02  4.1187E-02  4.0994E-02
  1.5175E-01  2.5355E-02  4.1828E-02  4.1633E-02
  1.5306E-01  2.5791E-02  4.2479E-02  4.2281E-02
  1.5438E-01  2.6234E-02  4.3139E-02  4.2938E-02
  1.5572E-01  2.6684E-02  4.3809E-02  4.3606E-02
  1.5706E-01  2.7142E-02  4.4489E-02  4.4283E-02
  1.5842E-01  2.7608E-02  4.5179E-02  4.4969E-02
  1.5979E-01  2.8082E-02  4.5878E-02  4.5666E-02
  1.6117E-01  2.8564E-02  4.6588E-02  4.6373E-02
  1.6256E-01  2.9054E-02  4.7308E-02  4.7091E-02
  1.6397E-01  2.9553E-02  4.8039E-02  4.7818E-02
  1.6539E-01  3.0059E-02  4.8780E-02  4.8557E-02
  1.6682E-01  3.0575E-02  4.9532E-02  4.9306E-02
  1.6826E-01  3.1099E-02  5.0295E-02  5.0066E-02
  1.6971E-01  3.1632E-02  5.1069E-02  5.0836E-02
  1.7118E-01  3.2174E-02  5.1854E-02  5.1618E-02
  1.7266E-01  3.2725E-02  5.2650E-02  5.2412E-02
  1.7415E-01  3.3285E-02  5.3457E-02  5.3216E-02
  1.7566E-01  3.3855E-02  5.4277E-02  5.4032E-02
  1.7718E-01  3.4435E-02  5.5108E-02  5.4860E-02
  1.7871E-01  3.5024E-02  5.5950E-02  5.5700E-02
  1.8026E-01  3.5623E-02  5.6805E-02  5.6551E-02
  1.8181E-01  3.6232E-02  5.7672E-02  5.7415E-02
  1.8339E-01  3.6852E-02  5.8552E-02  5.8291E-02
  1.8497E-01  3.7482E-02  5.9443E-02  5.9180E-02
  1.8657E-01  3.8122E-02  6.0348E-02  6.0081E-02
  1.8818E-01  3.8774E-02  6.1265E-02  6.0995E-02
  1.8981E-01  3.9436E-02  6.2196E-02  6.1922E-02
  1.9145E-01  4.0109E-02  6.3139E-02  6.2862E-02
  1.9311E-01  4.0794E-02  6.4096E-02  6.3815E-02
  1.9478E-01  4.1490E-02  6.5066E-02  6.4782E-02
  1.9646E-01  4.2198E-02  6.6049E-02  6.5762E-02
  1.9816E-01  4.2918E-02  6.7047E-02  6.6756E-02
  1.9987E-01  4.3649E-02  6.8058E-02  6.7764E-02
  2.0160E-01  4.4393E-02  6.9084E-02  6.8786E-02
  2.0334E-01  4.5150E-02  7.0124E-02  6.9823E-02
  2.0510E-01  4.5919E-02  7.1178E-02  7.0873E-02
  2.0687E-01  4.6701E-02  7.2247E-02  7.1939E-02
  2.0866E-01  4.7496E-02  7.3331E-02  7.3019E-02
  2.1047E-01  4.8304E-02  7.4430E-02  7.4114E-02
  2.1229E-01  4.9125E-02  7.5544E-02  7.5224E-02
  2.1412E-01  4.9961E-02  7.6673E-02  7.6350E-02
  2.1597E-01  5.0810E-02  7.7818E-02  7.7491E-02
  2.1784E-01  5.1673E-02  7.8979E-02  7.8648E-02
  2.1972E-01  5.2551E-02  8.0156E-02  7.9821E-02
  2.2162E-01  5.3443E-02  8.1348E-02  8.1010E-02
  2.2354E-01  5.4350E-02  8.2557E-02  8.2215E-02
  2.2547E-01  5.5272E-02  8.3783E-02  8.3436E-02
  2.2742E-01  5.6209E-02  8.5025E-02  8.4675E-02
  2.2939E-01  5.7162E-02  8.6284E-02  8.5930E-02
  2.3137E-01  5.8130E-02  8.7560E-02  8.7202E-02
  2.3337E-01  5.9115E-02  8.8853E-02  8.8491E-02
  2.3539E-01  6.0115E-02  9.0164E-02  8.9798E-02
  2.3742E-01  6.1132E-02  9.1493E-02  9.1123E-02
  2.3948E-01  6.2166E-02  9.2839E-02  9.2465E-02
  2.4155E-01  6.3217E-02  9.4203E-02  9.3825E-02
  2.4364E-01  6.4285E-02  9.5586E-02  9.5204E-02
  2.4574E-01  6.5371E-02  9.6987E-02  9.6601E-02
  2.4787E-01  6.6475E-02  9.8407E-02  9.8017E-02
  2.5001E-01  6.7596E-02  9.9846E-02  9.9451E-02
  2.5217E-01  6.8736E-02  1.0130E-01  1.0091E-01
  2.5435E-01  6.9895E-02  1.0278E-01  1.0238E-01
  2.5655E-01  7.1072E-02  1.0428E-01  1.0387E-01
  2.5877E-01  7.2269E-02  1.0579E-01  1.0538E-01
  2.6101E-01  7.3485E-02  1.0733E-01  1.0692E-01
  2.6326E-01  7.4721E-02  1.0889E-01  1.0847E-01
  2.6554E-01  7.5977E-02  1.1046E-01  1.1004E-01
  2.6783E-01  7.7254E-02  1.1206E-01  1.1163E-01
  2.7015E-01  7.8551E-02  1.1368E-01  1.1325E-01
  2.7248E-01  7.9869E-02  1.1532E-01  1.1488E-01
  2.7484E-01  8.1208E-02  1.1698E-01  1.1654E-01
  2.7722E-01  8.2570E-02  1.1866E-01  1.1822E-01
  2.7961E-01  8.3953E-02  1.2037E-01  1.1992E-01
  2.8203E-01  8.5358E-02  1.2210E-01  1.2164E-01
  2.8447E-01  8.6786E-02  1.2384E-01  1.2339E-01
  2.8693E-01  8.8237E-02  1.2561E-01  1.2515E-01
  2.8941E-01  8.9711E-02  1.2741E-01  1.2694E-01
  2.9191E-01  9.1209E-02  1.2923E-01  1.2875E-01
  2.9444E-01  9.2731E-02  1.3107E-01  1.3059E-01
  2.9698E-01  9.4277E-02  1.3293E-01  1.3245E-01
  2.9955E-01  9.5847E-02  1.3482E-01  1.3433E-01
  3.0214E-01  9.7443E-02  1.3673E-01  1.3624E-01
  3.0475E-01  9.9064E-02  1.3866E-01  1.3817E-01
  3.0738E-01  1.0071E-01  1.4062E-01  1.4012E-01
  3.1004E-01  1.0238E-01  1.4261E-01  1.4210E-01
  3.1272E-01  1.0408E-01  1.4461E-01  1.4411E-01
  3.1543E-01  1.0581E-01  1.4665E-01  1.4614E-01
  3.1815E-01  1.0756E-01  1.4871E-01  1.4819E-01
  3.2090E-01  1.0934E-01  1.5079E-01  1.5027E-01
  3.2368E-01  1.1115E-01  1.5290E-01  1.5238E-01
  3.2648E-01  1.1299E-01  1.5504E-01  1.5451E-01
  3.2930E-01  1.1486E-01  1.5720E-01  1.5667E-01
  3.3215E-01  1.1675E-01  1.5940E-01  1.5886E-01
  3.3502E-01  1.1868E-01  1.6161E-01  1.6107E-01
  3.3791E-01  1.2063E-01  1.6386E-01  1.6331E-01
  3.4084E-01  1.2262E-01  1.6613E-01  1.6558E-01
  3.4378E-01  1.2463E-01  1.6843E-01  1.6787E-01
  3.4676E-01  1.2668E-01  1.7076E-01  1.7020E-01
  3.4975E-01  1.2876E-01  1.7311E-01  1.7255E-01
  3.5278E-01  1.3087E-01  1.7549E-01  1.7493E-01
  3.5583E-01  1.3301E-01  1.7791E-01  1.7734E-01
  3.5890E-01  1.3519E-01  1.8035E-01  1.7978E-01
  3.6201E-01  1.3740E-01  1.8282E-01  1.8224E-01
  3.6514E-01  1.3964E-01  1.8532E-01  1.8474E-01
  3.6829E-01  1.4192E-01  1.8785E-01  1.8727E-01
  3.7148E-01  1.4423E-01  1.9041E-01  1.8982E-01
  3.7469E-01  1.4658E-01  1.9300E-01  1.9241E-01
  3.7793E-01  1.4896E-01  1.9562E-01  1.9503E-01
  3.8120E-01  1.5138E-01  1.9828E-01  1.9768E-01
  3.8449E-01  1.5384E-01  2.0096E-01  2.0035E-01
  3.8782E-01  1.5633E-01  2.0367E-01  2.0307E-01
  3.9117E-01  1.5886E-01  2.0642E-01  2.0581E-01
  3.9455E-01  1.6142E-01  2.0920E-01  2.0858E-01
  3.9796E-01  1.6403E-01  2.1201E-01  2.1139E-01
  4.0140E-01  1.6667E-01  2.1485E-01  2.1423E-01
  4.0487E-01  1.6936E-01  2.1773E-01  2.1710E-01
  4.0837E-01  1.7208E-01  2.2064E-01  2.2001E-01
  4.1190E-01  1.7484E-01  2.2358E-01  2.2295E-01
  4.1546E-01  1.7764E-01  2.2656E-01  2.2592E-01
  4.1906E-01  1.8049E-01  2.2957E-01  2.2893E-01
  4.2268E-01  1.8337E-01  2.3261E-01  2.3197E-01
  4.2633E-01  1.8630E-01  2.3569E-01  2.3504E-01
  4.3002E-01  1.8927E-01  2.3880E-01  2.3815E-01
  4.3374E-01  1.9228E-01  2.4195E-01  2.4130E-01
  4.3749E-01  1.9534E-01  2.4513E-01  2.4448E-01
  4.4127E-01  1.9844E-01  2.4835E-01  2.4769E-01
  4.4508E-01  2.0158E-01  2.5160E-01  2.5095E-01
  4.4893E-01  2.0477E-01  2.5489E-01  2.5423E-01
  4.5281E-01  2.0800E-01  2.5822E-01  2.5756E-01
  4.5673E-01  2.1128E-01  2.6158E-01  2.6092E-01
  4.6068E-01  2.1460E-01  2.6498E-01  2.6432E-01
  4.6466E-01  2.1798E-01  2.6842E-01  2.6775E-01
  4.6868E-01  2.2139E-01  2.7189E-01  2.7122E-01
  4.7273E-01  2.2486E-01  2.7541E-01  2.7473E-01
  4.7682E-01  2.2837E-01  2.7896E-01  2.7828E-01
  4.8094E-01  2.3194E-01  2.8254E-01  2.8187E-01
  4.8510E-01  2.3555E-01  2.8617E-01  2.8549E-01
  4.8929E-01  2.3921E-01  2.8984E-01  2.8916E-01
  4.9352E-01  2.4292E-01  2.9354E-01  2.9286E-01
  4.9779E-01  2.4668E-01  2.9728E-01  2.9660E-01
  5.0209E-01  2.5049E-01  3.0107E-01  3.0038E-01
  5.0643E-01  2.5435E-01  3.0489E-01  3.0420E-01
  5.1081E-01  2.5826E-01  3.0875E-01  3.0807E-01
  5.1523E-01  2.6223E-01  3.1265E-01  3.1197E-01
  5.1968E-01  2.6624E-01  3.1660E-01  3.1591E-01
  5.2417E-01  2.7031E-01  3.2058E-01  3.1989E-01
  5.2871E-01  2.7443E-01  3.2460E-01  3.2392E-01
  5.3328E-01  2.7861E-01  3.2867E-01  3.2798E-01
  5.3789E-01  2.8284E-01  3.3278E-01  3.3209E-01
  5.4254E-01  2.8712E-01  3.3693E-01  3.3624E-01
  5.4723E-01  2.9146E-01  3.4112E-01  3.4043E-01
  5.5196E-01  2.9586E-01  3.4535E-01  3.4467E-01
  5.5673E-01  3.0030E-01  3.4963E-01  3.4894E-01
  5.6154E-01  3.0481E-01  3.5394E-01  3.5326E-01
  5.6640E-01  3.0937E-01  3.5831E-01  3.5762E-01
  5.7130E-01  3.1398E-01  3.6271E-01  3.6203E-01
  5.7624E-01  3.1866E-01  3.6716E-01  3.6648E-01
  5.8122E-01  3.2339E-01  3.7165E-01  3.7097E-01
  5.8624E-01  3.2817E-01  3.7618E-01  3.7551E-01
  5.9131E-01  3.3302E-01  3.8076E-01  3.8009E-01
  5.9642E-01  3.3792E-01  3.8538E-01  3.8471E-01
  6.0158E-01  3.4288E-01  3.9005E-01  3.8938E-01
  6.0678E-01  3.4789E-01  3.9476E-01  3.9409E-01
  6.1203E-01  3.5297E-01  3.9952E-01  3.9885E-01
  6.1732E-01  3.5810E-01  4.0432E-01  4.0366E-01
  6.2265E-01  3.6330E-01  4.0917E-01  4.0851E-01
  6.2804E-01  3.6855E-01  4.1406E-01  4.1340E-01
  6.3347E-01  3.7386E-01  4.1900E-01  4.1834E-01
  6.3894E-01  3.7923E-01  4.2398E-01  4.2333E-01
  6.4447E-01  3.8466E-01  4.2901E-01  4.2836E-01
  6.5004E-01  3.9015E-01  4.3409E-01  4.3344E-01
  6.5566E-01  3.9570E-01  4.3921E-01  4.3857E-01
  6.6133E-01  4.0130E-01  4.4437E-01  4.4374E-01
  6.6705E-01  4.0697E-01  4.4959E-01  4.4896E-01
  6.7281E-01  4.1270E-01  4.5485E-01  4.5422E-01
  6.7863E-01  4.1848E-01  4.6016E-01  4.5954E-01
  6.8450E-01  4.2433E-01  4.6551E-01  4.6490E-01
  6.9041E-01  4.3023E-01  4.7091E-01  4.7030E-01
  6.9638E-01  4.3620E-01  4.7636E-01  4.7576E-01
  7.0240E-01  4.4222E-01  4.8186E-01  4.8126E-01
  7.0848E-01  4.4831E-01  4.8740E-01  4.8681E-01
  7.1460E-01  4.5445E-01  4.9299E-01  4.9241E-01
  7.2078E-01  4.6065E-01  4.9863E-01  4.9805E-01
  7.2701E-01  4.6691E-01  5.0432E-01  5.0374E-01
  7.3330E-01  4.7323E-01  5.1006E-01  5.0948E-01
  7.3964E-01  4.7961E-01  5.1584E-01  5.1527E-01
  7.4603E-01  4.8604E-01  5.2167E-01  5.2111E-01
  7.5248E-01  4.9254E-01  5.2755E-01  5.2700E-01
  7.5899E-01  4.9909E-01  5.3348E-01  5.3293E-01
  7.6555E-01  5.0570E-01  5.3945E-01  5.3891E-01
  7.7217E-01  5.1236E-01  5.4547E-01  5.4495E-01
  7.7884E-01  5.1908E-01  5.5155E-01  5.5103E-01
  7.8558E-01  5.2586E-01  5.5767E-01  5.5715E-01
  7.9237E-01  5.3269E-01  5.6384E-01  5.6333E-01
  7.9922E-01  5.3958E-01  5.7005E-01  5.6956E-01
  8.0613E-01  5.4652E-01  5.7632E-01  5.7583E-01
  8.1310E-01  5.5352E-01  5.8263E-01  5.8215E-01
  8.2013E-01  5.6057E-01  5.8900E-01  5.8852E-01
  8.2722E-01  5.6767E-01  5.9541E-01  5.9494E-01
  8.3437E-01  5.7483E-01  6.0187E-01  6.0141E-01
  8.4158E-01  5.8204E-01  6.0838E-01  6.0793E-01
  8.4886E-01  5.8930E-01  6.1493E-01  6.1450E-01
  8.5620E-01  5.9661E-01  6.2154E-01  6.2111E-01
  8.6360E-01  6.0397E-01  6.2819E-01  6.2777E-01
  8.7107E-01  6.1138E-01  6.3489E-01  6.3449E-01
  8.7860E-01  6.1884E-01  6.4164E-01  6.4125E-01
  8.8619E-01  6.2634E-01  6.4844E-01  6.4805E-01
  8.9386E-01  6.3390E-01  6.5529E-01  6.5491E-01
  9.0158E-01  6.4150E-01  6.6218E-01  6.6181E-01
  9.0938E-01  6.4914E-01  6.6912E-01  6.6877E-01
  9.1724E-01  6.5683E-01  6.7612E-01  6.7577E-01
  9.2517E-01  6.6457E-01  6.8315E-01  6.8282E-01
  9.3317E-01  6.7234E-01  6.9024E-01  6.8991E-01
  9.4124E-01  6.8016E-01  6.9737E-01  6.9706E-01
  9.4937E-01  6.8802E-01  7.0455E-01  7.0425E-01
  9.5758E-01  6.9593E-01  7.1178E-01  7.1149E-01
  9.6586E-01  7.0387E-01  7.1906E-01  7.1877E-01
  9.7421E-01  7.1185E-01  7.2638E-01  7.2610E-01
  9.8263E-01  7.1987E-01  7.3375E-01  7.3348E-01
  9.9113E-01  7.2792E-01  7.4117E-01  7.4091E-01
  9.9970E-01  7.3601E-01  7.4863E-01  7.4838E-01
  1.0083E+00  7.4414E-01  7.5614E-01  7.5590E-01
  1.0171E+00  7.5230E-01  7.6369E-01  7.6347E-01
  1.0259E+00  7.6050E-01  7.7129E-01  7.7108E-01
  1.0347E+00  7.6873E-01  7.7894E-01  7.7873E-01
  1.0437E+00  7.7699E-01  7.8663E-01  7.8644E-01
  1.0527E+00  7.8528E-01  7.9437E-01  7.9418E-01
  1.0618E+00  7.9360E-01  8.0215E-01  8.0198E-01
  1.0710E+00  8.0195E-01  8.0998E-01  8.0981E-01
  1.0802E+00  8.1033E-01  8.1785E-01  8.1769E-01
  1.0896E+00  8.1874E-01  8.2577E-01  8.2562E-01
  1.0990E+00  8.2718E-01  8.3373E-01  8.3359E-01
  1.1085E+00  8.3564E-01  8.4174E-01  8.4160E-01
  1.1181E+00  8.4413E-01  8.4978E-01  8.4966E-01
  1.1277E+00  8.5265E-01  8.5787E-01  8.5776E-01
  1.1375E+00  8.6119E-01  8.6601E-01  8.6590E-01
  1.1473E+00  8.6975E-01  8.7419E-01  8.7408E-01
  1.1572E+00  8.7834E-01  8.8240E-01  8.8231E-01
  1.1672E+00  8.8695E-01  8.9067E-01  8.9058E-01
  1.1773E+00  8.9559E-01  8.9897E-01  8.9889E-01
  1.1875E+00  9.0425E-01  9.0731E-01  9.0724E-01
  1.1978E+00  9.1293E-01  9.1570E-01  9.1563E-01
  1.2081E+00  9.2163E-01  9.2412E-01  9.2406E-01
  1.2186E+00  9.3036E-01  9.3259E-01  9.3253E-01
  1.2291E+00  9.3911E-01  9.4109E-01  9.4104E-01
  1.2397E+00  9.4788E-01  9.4963E-01  9.4959E-01
  1.2505E+00  9.5667E-01  9.5822E-01  9.5818E-01
  1.2613E+00  9.6548E-01  9.6684E-01  9.6681E-01
  1.2722E+00  9.7432E-01  9.7550E-01  9.7547E-01
  1.2832E+00  9.8317E-01  9.8420E-01  9.8417E-01
  1.2943E+00  9.9205E-01  9.9293E-01  9.9291E-01
  1.3055E+00  1.0010E+00  1.0017E+00  1.0017E+00
  1.3167E+00  1.0099E+00  1.0105E+00  1.0105E+00
  1.3281E+00  1.0188E+00  1.0194E+00  1.0193E+00
  1.3396E+00  1.0278E+00  1.0282E+00  1.0282E+00
  1.3512E+00  1.0368E+00  1.0371E+00  1.0371E+00
  1.3629E+00  1.0458E+00  1.0461E+00  1.0461E+00
  1.3747E+00  1.0548E+00  1.0551E+00  1.0551E+00
  1.3865E+00  1.0639E+00  1.0641E+00  1.0641E+00
  1.3985E+00  1.0730E+00  1.0731E+00  1.0731E+00
  1.4106E+00  1.0821E+00  1.0822E+00  1.0822E+00
  1.4228E+00  1.0912E+00  1.0913E+00  1.0913E+00
  1.4351E+00  1.1004E+00  1.1004E+00  1.1004E+00
  1.4475E+00  1.1096E+00  1.1096E+00  1.1096E+00
  1.4600E+00  1.1188E+00  1.1188E+00  1.1188E+00
  1.4727E+00  1.1280E+00  1.1280E+00  1.1280E+00
  1.4854E+00  1.1373E+00  1.1373E+00  1.1373E+00
  1.4982E+00  1.1466E+00  1.1466E+00  1.1466E+00
  1.5112E+00  1.1559E+00  1.1559E+00  1.1559E+00
  1.5243E+00  1.1652E+00  1.1652E+00  1.1652E+00
  1.5374E+00  1.1745E+00  1.1745E+00  1.1745E+00
  1.5507E+00  1.1839E+00  1.1839E+00  1.1839E+00
  1.5641E+00  1.1933E+00  1.1933E+00  1.1933E+00
  1.5777E+00  1.2027E+00  1.2027E+00  1.2027E+00
  1.5913E+00  1.2122E+00  1.2122E+00  1.2122E+00
  1.6051E+00  1.2216E+00  1.2216E+00  1.2216E+00
  1.6189E+00  1.2311E+00  1.2311E+00  1.2311E+00
  1.6329E+00  1.2406E+00  1.2406E+00  1.2406E+00
  1.6470E+00  1.2501E+00  1.2501E+00  1.2501E+00
  1.6613E+00  1.2596E+00  1.2596E+00  1.2596E+00
  1.6756E+00  1.2692E+00  1.2692E+00  1.2691E+00
  1.6901E+00  1.2787E+00  1.2787E+00  1.2787E+00
  1.7047E+00  1.2882E+00  1.2882E+00  1.2882E+00
  1.7195E+00  1.2978E+00  1.2978E+00  1.2978E+00
  1.7344E+00  1.3074E+00  1.3074E+00  1.3074E+00
  1.7493E+00  1.3170E+00  1.3170E+00  1.3170E+00
