 # l=           2 energy=  -5.00000000000000     
  0.0000E+00  0.0000E+00  0.0000E+00  0.0000E+00
  2.8818E-08  6.2476E-24  6.2476E-24  9.0240E-24
  5.7886E-08  5.0632E-23  5.0632E-23  7.3132E-23
  8.7205E-08  1.7311E-22  1.7311E-22  2.5004E-22
  1.1678E-07  4.1570E-22  4.1570E-22  6.0043E-22
  1.4661E-07  8.2253E-22  8.2253E-22  1.1881E-21
  1.7669E-07  1.4400E-21  1.4400E-21  2.0799E-21
  2.0704E-07  2.3166E-21  2.3166E-21  3.3461E-21
  2.3765E-07  3.5034E-21  3.5034E-21  5.0603E-21
  2.6852E-07  5.0539E-21  5.0539E-21  7.2998E-21
  2.9966E-07  7.0240E-21  7.0240E-21  1.0145E-20
  3.3107E-07  9.4723E-21  9.4723E-21  1.3682E-20
  3.6275E-07  1.2460E-20  1.2460E-20  1.7997E-20
  3.9470E-07  1.6051E-20  1.6051E-20  2.3185E-20
  4.2693E-07  2.0314E-20  2.0314E-20  2.9341E-20
  4.5944E-07  2.5316E-20  2.5316E-20  3.6567E-20
  4.9223E-07  3.1133E-20  3.1133E-20  4.4968E-20
  5.2531E-07  3.7840E-20  3.7840E-20  5.4655E-20
  5.5867E-07  4.5516E-20  4.5516E-20  6.5743E-20
  5.9232E-07  5.4246E-20  5.4246E-20  7.8352E-20
  6.2625E-07  6.4115E-20  6.4115E-20  9.2607E-20
  6.6049E-07  7.5214E-20  7.5214E-20  1.0864E-19
  6.9502E-07  8.7638E-20  8.7638E-20  1.2658E-19
  7.2984E-07  1.0148E-19  1.0148E-19  1.4658E-19
  7.6497E-07  1.1685E-19  1.1685E-19  1.6878E-19
  8.0040E-07  1.3385E-19  1.3385E-19  1.9334E-19
  8.3614E-07  1.5260E-19  1.5260E-19  2.2041E-19
  8.7219E-07  1.7320E-19  1.7320E-19  2.5016E-19
  9.0855E-07  1.9577E-19  1.9577E-19  2.8277E-19
  9.4522E-07  2.2045E-19  2.2045E-19  3.1841E-19
  9.8221E-07  2.4736E-19  2.4736E-19  3.5728E-19
  1.0195E-06  2.7663E-19  2.7663E-19  3.9956E-19
  1.0572E-06  3.0840E-19  3.0840E-19  4.4546E-19
  1.0951E-06  3.4283E-19  3.4283E-19  4.9518E-19
  1.1334E-06  3.8006E-19  3.8006E-19  5.4896E-19
  1.1720E-06  4.2025E-19  4.2025E-19  6.0700E-19
  1.2110E-06  4.6356E-19  4.6356E-19  6.6956E-19
  1.2503E-06  5.1015E-19  5.1015E-19  7.3686E-19
  1.2899E-06  5.6022E-19  5.6022E-19  8.0917E-19
  1.3299E-06  6.1393E-19  6.1393E-19  8.8675E-19
  1.3702E-06  6.7147E-19  6.7147E-19  9.6987E-19
  1.4108E-06  7.3305E-19  7.3305E-19  1.0588E-18
  1.4518E-06  7.9886E-19  7.9886E-19  1.1539E-18
  1.4932E-06  8.6911E-19  8.6911E-19  1.2553E-18
  1.5349E-06  9.4403E-19  9.4403E-19  1.3635E-18
  1.5770E-06  1.0238E-18  1.0238E-18  1.4788E-18
  1.6195E-06  1.1088E-18  1.1088E-18  1.6015E-18
  1.6623E-06  1.1991E-18  1.1991E-18  1.7319E-18
  1.7055E-06  1.2950E-18  1.2950E-18  1.8704E-18
  1.7491E-06  1.3968E-18  1.3968E-18  2.0175E-18
  1.7930E-06  1.5047E-18  1.5047E-18  2.1734E-18
  1.8373E-06  1.6191E-18  1.6191E-18  2.3385E-18
  1.8820E-06  1.7401E-18  1.7401E-18  2.5134E-18
  1.9271E-06  1.8682E-18  1.8682E-18  2.6984E-18
  1.9726E-06  2.0036E-18  2.0036E-18  2.8940E-18
  2.0185E-06  2.1467E-18  2.1467E-18  3.1007E-18
  2.0647E-06  2.2977E-18  2.2977E-18  3.3188E-18
  2.1114E-06  2.4571E-18  2.4571E-18  3.5490E-18
  2.1585E-06  2.6251E-18  2.6251E-18  3.7917E-18
  2.2060E-06  2.8022E-18  2.8022E-18  4.0474E-18
  2.2538E-06  2.9887E-18  2.9887E-18  4.3168E-18
  2.3021E-06  3.1850E-18  3.1850E-18  4.6003E-18
  2.3509E-06  3.3915E-18  3.3915E-18  4.8986E-18
  2.4000E-06  3.6087E-18  3.6087E-18  5.2123E-18
  2.4496E-06  3.8369E-18  3.8369E-18  5.5420E-18
  2.4996E-06  4.0767E-18  4.0767E-18  5.8883E-18
  2.5500E-06  4.3284E-18  4.3284E-18  6.2519E-18
  2.6009E-06  4.5926E-18  4.5926E-18  6.6336E-18
  2.6522E-06  4.8698E-18  4.8698E-18  7.0339E-18
  2.7039E-06  5.1605E-18  5.1605E-18  7.4537E-18
  2.7561E-06  5.4651E-18  5.4651E-18  7.8937E-18
  2.8088E-06  5.7843E-18  5.7843E-18  8.3548E-18
  2.8619E-06  6.1186E-18  6.1186E-18  8.8377E-18
  2.9154E-06  6.4686E-18  6.4686E-18  9.3432E-18
  2.9694E-06  6.8349E-18  6.8349E-18  9.8723E-18
  3.0239E-06  7.2181E-18  7.2181E-18  1.0426E-17
  3.0789E-06  7.6189E-18  7.6189E-18  1.1005E-17
  3.1343E-06  8.0379E-18  8.0379E-18  1.1610E-17
  3.1903E-06  8.4758E-18  8.4758E-18  1.2242E-17
  3.2467E-06  8.9334E-18  8.9334E-18  1.2903E-17
  3.3035E-06  9.4112E-18  9.4112E-18  1.3593E-17
  3.3609E-06  9.9102E-18  9.9102E-18  1.4314E-17
  3.4188E-06  1.0431E-17  1.0431E-17  1.5066E-17
  3.4772E-06  1.0975E-17  1.0975E-17  1.5851E-17
  3.5361E-06  1.1542E-17  1.1542E-17  1.6670E-17
  3.5954E-06  1.2133E-17  1.2133E-17  1.7525E-17
  3.6553E-06  1.2749E-17  1.2749E-17  1.8415E-17
  3.7158E-06  1.3392E-17  1.3392E-17  1.9343E-17
  3.7767E-06  1.4062E-17  1.4062E-17  2.0311E-17
  3.8382E-06  1.4760E-17  1.4760E-17  2.1319E-17
  3.9002E-06  1.5487E-17  1.5487E-17  2.2369E-17
  3.9627E-06  1.6244E-17  1.6244E-17  2.3462E-17
  4.0258E-06  1.7032E-17  1.7032E-17  2.4601E-17
  4.0894E-06  1.7852E-17  1.7852E-17  2.5785E-17
  4.1536E-06  1.8706E-17  1.8706E-17  2.7019E-17
  4.2183E-06  1.9594E-17  1.9594E-17  2.8301E-17
  4.2836E-06  2.0518E-17  2.0518E-17  2.9636E-17
  4.3495E-06  2.1479E-17  2.1479E-17  3.1024E-17
  4.4159E-06  2.2478E-17  2.2478E-17  3.2467E-17
  4.4829E-06  2.3517E-17  2.3517E-17  3.3967E-17
  4.5505E-06  2.4596E-17  2.4596E-17  3.5527E-17
  4.6186E-06  2.5718E-17  2.5718E-17  3.7147E-17
  4.6874E-06  2.6884E-17  2.6884E-17  3.8831E-17
  4.7567E-06  2.8095E-17  2.8095E-17  4.0580E-17
  4.8266E-06  2.9352E-17  2.9352E-17  4.2396E-17
  4.8972E-06  3.0658E-17  3.0658E-17  4.4282E-17
  4.9684E-06  3.2014E-17  3.2014E-17  4.6241E-17
  5.0401E-06  3.3422E-17  3.3422E-17  4.8274E-17
  5.1125E-06  3.4883E-17  3.4883E-17  5.0384E-17
  5.1855E-06  3.6399E-17  3.6399E-17  5.2574E-17
  5.2592E-06  3.7972E-17  3.7972E-17  5.4846E-17
  5.3335E-06  3.9604E-17  3.9604E-17  5.7203E-17
  5.4084E-06  4.1296E-17  4.1296E-17  5.9648E-17
  5.4840E-06  4.3052E-17  4.3052E-17  6.2184E-17
  5.5602E-06  4.4872E-17  4.4872E-17  6.4813E-17
  5.6371E-06  4.6760E-17  4.6760E-17  6.7539E-17
  5.7146E-06  4.8716E-17  4.8716E-17  7.0365E-17
  5.7929E-06  5.0744E-17  5.0744E-17  7.3295E-17
  5.8718E-06  5.2846E-17  5.2846E-17  7.6330E-17
  5.9514E-06  5.5024E-17  5.5024E-17  7.9476E-17
  6.0316E-06  5.7281E-17  5.7281E-17  8.2736E-17
  6.1126E-06  5.9619E-17  5.9619E-17  8.6112E-17
  6.1943E-06  6.2040E-17  6.2040E-17  8.9610E-17
  6.2766E-06  6.4548E-17  6.4548E-17  9.3233E-17
  6.3597E-06  6.7146E-17  6.7146E-17  9.6984E-17
  6.4435E-06  6.9835E-17  6.9835E-17  1.0087E-16
  6.5280E-06  7.2620E-17  7.2620E-17  1.0489E-16
  6.6133E-06  7.5502E-17  7.5502E-17  1.0905E-16
  6.6993E-06  7.8486E-17  7.8486E-17  1.1336E-16
  6.7860E-06  8.1574E-17  8.1574E-17  1.1782E-16
  6.8735E-06  8.4770E-17  8.4770E-17  1.2244E-16
  6.9618E-06  8.8077E-17  8.8077E-17  1.2722E-16
  7.0508E-06  9.1499E-17  9.1499E-17  1.3216E-16
  7.1405E-06  9.5039E-17  9.5039E-17  1.3727E-16
  7.2311E-06  9.8700E-17  9.8700E-17  1.4256E-16
  7.3224E-06  1.0249E-16  1.0249E-16  1.4803E-16
  7.4146E-06  1.0640E-16  1.0640E-16  1.5369E-16
  7.5075E-06  1.1046E-16  1.1046E-16  1.5954E-16
  7.6012E-06  1.1464E-16  1.1464E-16  1.6559E-16
  7.6957E-06  1.1898E-16  1.1898E-16  1.7185E-16
  7.7911E-06  1.2345E-16  1.2345E-16  1.7831E-16
  7.8873E-06  1.2808E-16  1.2808E-16  1.8500E-16
  7.9843E-06  1.3287E-16  1.3287E-16  1.9191E-16
  8.0821E-06  1.3781E-16  1.3781E-16  1.9905E-16
  8.1808E-06  1.4292E-16  1.4292E-16  2.0643E-16
  8.2804E-06  1.4820E-16  1.4820E-16  2.1406E-16
  8.3808E-06  1.5366E-16  1.5366E-16  2.2194E-16
  8.4820E-06  1.5930E-16  1.5930E-16  2.3008E-16
  8.5842E-06  1.6512E-16  1.6512E-16  2.3850E-16
  8.6872E-06  1.7114E-16  1.7114E-16  2.4719E-16
  8.7911E-06  1.7735E-16  1.7735E-16  2.5617E-16
  8.8960E-06  1.8377E-16  1.8377E-16  2.6544E-16
  9.0017E-06  1.9041E-16  1.9041E-16  2.7502E-16
  9.1083E-06  1.9725E-16  1.9725E-16  2.8491E-16
  9.2159E-06  2.0432E-16  2.0432E-16  2.9512E-16
  9.3244E-06  2.1163E-16  2.1163E-16  3.0567E-16
  9.4338E-06  2.1916E-16  2.1916E-16  3.1656E-16
  9.5442E-06  2.2695E-16  2.2695E-16  3.2780E-16
  9.6555E-06  2.3498E-16  2.3498E-16  3.3940E-16
  9.7678E-06  2.4328E-16  2.4328E-16  3.5138E-16
  9.8811E-06  2.5184E-16  2.5184E-16  3.6375E-16
  9.9953E-06  2.6068E-16  2.6068E-16  3.7651E-16
  1.0111E-05  2.6980E-16  2.6980E-16  3.8969E-16
  1.0227E-05  2.7921E-16  2.7921E-16  4.0328E-16
  1.0344E-05  2.8892E-16  2.8892E-16  4.1731E-16
  1.0462E-05  2.9894E-16  2.9894E-16  4.3178E-16
  1.0582E-05  3.0928E-16  3.0928E-16  4.4672E-16
  1.0702E-05  3.1995E-16  3.1995E-16  4.6213E-16
  1.0823E-05  3.3096E-16  3.3096E-16  4.7803E-16
  1.0946E-05  3.4231E-16  3.4231E-16  4.9443E-16
  1.1069E-05  3.5403E-16  3.5403E-16  5.1135E-16
  1.1194E-05  3.6611E-16  3.6611E-16  5.2880E-16
  1.1319E-05  3.7857E-16  3.7857E-16  5.4680E-16
  1.1446E-05  3.9142E-16  3.9142E-16  5.6536E-16
  1.1574E-05  4.0468E-16  4.0468E-16  5.8451E-16
  1.1702E-05  4.1835E-16  4.1835E-16  6.0426E-16
  1.1832E-05  4.3245E-16  4.3245E-16  6.2462E-16
  1.1964E-05  4.4698E-16  4.4698E-16  6.4561E-16
  1.2096E-05  4.6197E-16  4.6197E-16  6.6726E-16
  1.2229E-05  4.7742E-16  4.7742E-16  6.8958E-16
  1.2364E-05  4.9336E-16  4.9336E-16  7.1259E-16
  1.2499E-05  5.0978E-16  5.0978E-16  7.3631E-16
  1.2636E-05  5.2671E-16  5.2671E-16  7.6077E-16
  1.2774E-05  5.4417E-16  5.4417E-16  7.8598E-16
  1.2914E-05  5.6216E-16  5.6216E-16  8.1197E-16
  1.3054E-05  5.8070E-16  5.8070E-16  8.3875E-16
  1.3196E-05  5.9982E-16  5.9982E-16  8.6636E-16
  1.3339E-05  6.1951E-16  6.1951E-16  8.9481E-16
  1.3483E-05  6.3982E-16  6.3982E-16  9.2413E-16
  1.3628E-05  6.6074E-16  6.6074E-16  9.5435E-16
  1.3775E-05  6.8230E-16  6.8230E-16  9.8549E-16
  1.3923E-05  7.0451E-16  7.0451E-16  1.0176E-15
  1.4072E-05  7.2740E-16  7.2740E-16  1.0506E-15
  1.4222E-05  7.5099E-16  7.5099E-16  1.0847E-15
  1.4374E-05  7.7529E-16  7.7529E-16  1.1198E-15
  1.4527E-05  8.0032E-16  8.0032E-16  1.1560E-15
  1.4682E-05  8.2612E-16  8.2612E-16  1.1932E-15
  1.4838E-05  8.5269E-16  8.5269E-16  1.2316E-15
  1.4995E-05  8.8006E-16  8.8006E-16  1.2711E-15
  1.5153E-05  9.0826E-16  9.0826E-16  1.3119E-15
  1.5313E-05  9.3730E-16  9.3730E-16  1.3538E-15
  1.5474E-05  9.6721E-16  9.6721E-16  1.3970E-15
  1.5637E-05  9.9803E-16  9.9803E-16  1.4415E-15
  1.5801E-05  1.0298E-15  1.0298E-15  1.4874E-15
  1.5966E-05  1.0624E-15  1.0624E-15  1.5346E-15
  1.6133E-05  1.0961E-15  1.0961E-15  1.5832E-15
  1.6301E-05  1.1308E-15  1.1308E-15  1.6332E-15
  1.6471E-05  1.1665E-15  1.1665E-15  1.6848E-15
  1.6642E-05  1.2032E-15  1.2032E-15  1.7379E-15
  1.6815E-05  1.2411E-15  1.2411E-15  1.7925E-15
  1.6989E-05  1.2800E-15  1.2800E-15  1.8488E-15
  1.7165E-05  1.3202E-15  1.3202E-15  1.9068E-15
  1.7342E-05  1.3615E-15  1.3615E-15  1.9665E-15
  1.7521E-05  1.4040E-15  1.4040E-15  2.0279E-15
  1.7701E-05  1.4478E-15  1.4478E-15  2.0911E-15
  1.7883E-05  1.4929E-15  1.4929E-15  2.1563E-15
  1.8066E-05  1.5393E-15  1.5393E-15  2.2233E-15
  1.8251E-05  1.5871E-15  1.5871E-15  2.2923E-15
  1.8438E-05  1.6362E-15  1.6362E-15  2.3633E-15
  1.8626E-05  1.6869E-15  1.6869E-15  2.4365E-15
  1.8816E-05  1.7390E-15  1.7390E-15  2.5117E-15
  1.9008E-05  1.7926E-15  1.7926E-15  2.5892E-15
  1.9201E-05  1.8478E-15  1.8478E-15  2.6689E-15
  1.9396E-05  1.9046E-15  1.9046E-15  2.7510E-15
  1.9592E-05  1.9631E-15  1.9631E-15  2.8355E-15
  1.9790E-05  2.0233E-15  2.0233E-15  2.9224E-15
  1.9990E-05  2.0852E-15  2.0852E-15  3.0118E-15
  2.0192E-05  2.1490E-15  2.1490E-15  3.1039E-15
  2.0395E-05  2.2146E-15  2.2146E-15  3.1986E-15
  2.0600E-05  2.2821E-15  2.2821E-15  3.2961E-15
  2.0807E-05  2.3515E-15  2.3515E-15  3.3965E-15
  2.1016E-05  2.4230E-15  2.4230E-15  3.4997E-15
  2.1226E-05  2.4965E-15  2.4965E-15  3.6059E-15
  2.1439E-05  2.5722E-15  2.5722E-15  3.7152E-15
  2.1653E-05  2.6501E-15  2.6501E-15  3.8277E-15
  2.1869E-05  2.7302E-15  2.7302E-15  3.9434E-15
  2.2087E-05  2.8126E-15  2.8126E-15  4.0624E-15
  2.2307E-05  2.8974E-15  2.8974E-15  4.1849E-15
  2.2528E-05  2.9846E-15  2.9846E-15  4.3109E-15
  2.2752E-05  3.0744E-15  3.0744E-15  4.4405E-15
  2.2977E-05  3.1667E-15  3.1667E-15  4.5739E-15
  2.3205E-05  3.2617E-15  3.2617E-15  4.7111E-15
  2.3434E-05  3.3594E-15  3.3594E-15  4.8522E-15
  2.3666E-05  3.4599E-15  3.4599E-15  4.9974E-15
  2.3899E-05  3.5633E-15  3.5633E-15  5.1467E-15
  2.4135E-05  3.6697E-15  3.6697E-15  5.3003E-15
  2.4372E-05  3.7791E-15  3.7791E-15  5.4583E-15
  2.4612E-05  3.8916E-15  3.8916E-15  5.6208E-15
  2.4853E-05  4.0073E-15  4.0073E-15  5.7880E-15
  2.5097E-05  4.1264E-15  4.1264E-15  5.9599E-15
  2.5343E-05  4.2488E-15  4.2488E-15  6.1368E-15
  2.5591E-05  4.3747E-15  4.3747E-15  6.3186E-15
  2.5841E-05  4.5042E-15  4.5042E-15  6.5057E-15
  2.6093E-05  4.6374E-15  4.6374E-15  6.6980E-15
  2.6347E-05  4.7744E-15  4.7744E-15  6.8959E-15
  2.6604E-05  4.9152E-15  4.9152E-15  7.0993E-15
  2.6863E-05  5.0601E-15  5.0601E-15  7.3085E-15
  2.7124E-05  5.2090E-15  5.2090E-15  7.5237E-15
  2.7387E-05  5.3622E-15  5.3622E-15  7.7449E-15
  2.7653E-05  5.5197E-15  5.5197E-15  7.9725E-15
  2.7921E-05  5.6817E-15  5.6817E-15  8.2064E-15
  2.8191E-05  5.8483E-15  5.8483E-15  8.4470E-15
  2.8463E-05  6.0196E-15  6.0196E-15  8.6943E-15
  2.8738E-05  6.1957E-15  6.1957E-15  8.9487E-15
  2.9016E-05  6.3767E-15  6.3767E-15  9.2102E-15
  2.9295E-05  6.5629E-15  6.5629E-15  9.4791E-15
  2.9577E-05  6.7543E-15  6.7543E-15  9.7556E-15
  2.9862E-05  6.9511E-15  6.9511E-15  1.0040E-14
  3.0149E-05  7.1535E-15  7.1535E-15  1.0332E-14
  3.0438E-05  7.3615E-15  7.3615E-15  1.0633E-14
  3.0730E-05  7.5754E-15  7.5754E-15  1.0941E-14
  3.1025E-05  7.7953E-15  7.7953E-15  1.1259E-14
  3.1322E-05  8.0213E-15  8.0213E-15  1.1586E-14
  3.1621E-05  8.2537E-15  8.2537E-15  1.1921E-14
  3.1924E-05  8.4926E-15  8.4926E-15  1.2266E-14
  3.2228E-05  8.7382E-15  8.7382E-15  1.2621E-14
  3.2536E-05  8.9907E-15  8.9907E-15  1.2986E-14
  3.2846E-05  9.2502E-15  9.2502E-15  1.3361E-14
  3.3159E-05  9.5170E-15  9.5170E-15  1.3746E-14
  3.3474E-05  9.7913E-15  9.7913E-15  1.4142E-14
  3.3792E-05  1.0073E-14  1.0073E-14  1.4549E-14
  3.4113E-05  1.0363E-14  1.0363E-14  1.4968E-14
  3.4437E-05  1.0661E-14  1.0661E-14  1.5398E-14
  3.4764E-05  1.0967E-14  1.0967E-14  1.5840E-14
  3.5093E-05  1.1282E-14  1.1282E-14  1.6295E-14
  3.5425E-05  1.1605E-14  1.1605E-14  1.6762E-14
  3.5760E-05  1.1938E-14  1.1938E-14  1.7242E-14
  3.6098E-05  1.2279E-14  1.2279E-14  1.7735E-14
  3.6439E-05  1.2630E-14  1.2630E-14  1.8243E-14
  3.6783E-05  1.2991E-14  1.2991E-14  1.8764E-14
  3.7130E-05  1.3362E-14  1.3362E-14  1.9300E-14
  3.7480E-05  1.3744E-14  1.3744E-14  1.9850E-14
  3.7833E-05  1.4135E-14  1.4135E-14  2.0416E-14
  3.8189E-05  1.4538E-14  1.4538E-14  2.0998E-14
  3.8548E-05  1.4952E-14  1.4952E-14  2.1596E-14
  3.8910E-05  1.5377E-14  1.5377E-14  2.2210E-14
  3.9275E-05  1.5814E-14  1.5814E-14  2.2841E-14
  3.9643E-05  1.6263E-14  1.6263E-14  2.3490E-14
  4.0015E-05  1.6725E-14  1.6725E-14  2.4157E-14
  4.0390E-05  1.7199E-14  1.7199E-14  2.4842E-14
  4.0768E-05  1.7687E-14  1.7687E-14  2.5546E-14
  4.1149E-05  1.8188E-14  1.8188E-14  2.6269E-14
  4.1533E-05  1.8702E-14  1.8702E-14  2.7013E-14
  4.1921E-05  1.9231E-14  1.9231E-14  2.7776E-14
  4.2313E-05  1.9775E-14  1.9775E-14  2.8561E-14
  4.2707E-05  2.0333E-14  2.0333E-14  2.9368E-14
  4.3105E-05  2.0907E-14  2.0907E-14  3.0197E-14
  4.3507E-05  2.1497E-14  2.1497E-14  3.1048E-14
  4.3912E-05  2.2103E-14  2.2103E-14  3.1924E-14
  4.4320E-05  2.2725E-14  2.2725E-14  3.2823E-14
  4.4732E-05  2.3365E-14  2.3365E-14  3.3747E-14
  4.5148E-05  2.4022E-14  2.4022E-14  3.4696E-14
  4.5567E-05  2.4697E-14  2.4697E-14  3.5671E-14
  4.5990E-05  2.5391E-14  2.5391E-14  3.6673E-14
  4.6416E-05  2.6104E-14  2.6104E-14  3.7703E-14
  4.6846E-05  2.6836E-14  2.6836E-14  3.8761E-14
  4.7280E-05  2.7589E-14  2.7589E-14  3.9847E-14
  4.7717E-05  2.8362E-14  2.8362E-14  4.0964E-14
  4.8159E-05  2.9156E-14  2.9156E-14  4.2111E-14
  4.8604E-05  2.9972E-14  2.9972E-14  4.3290E-14
  4.9053E-05  3.0811E-14  3.0811E-14  4.4501E-14
  4.9506E-05  3.1672E-14  3.1672E-14  4.5745E-14
  4.9963E-05  3.2557E-14  3.2557E-14  4.7023E-14
  5.0424E-05  3.3466E-14  3.3466E-14  4.8336E-14
  5.0888E-05  3.4400E-14  3.4400E-14  4.9685E-14
  5.1357E-05  3.5360E-14  3.5360E-14  5.1070E-14
  5.1830E-05  3.6345E-14  3.6345E-14  5.2494E-14
  5.2307E-05  3.7358E-14  3.7358E-14  5.3956E-14
  5.2788E-05  3.8398E-14  3.8398E-14  5.5459E-14
  5.3273E-05  3.9467E-14  3.9467E-14  5.7002E-14
  5.3762E-05  4.0564E-14  4.0564E-14  5.8587E-14
  5.4256E-05  4.1692E-14  4.1692E-14  6.0216E-14
  5.4754E-05  4.2850E-14  4.2850E-14  6.1889E-14
  5.5256E-05  4.4040E-14  4.4040E-14  6.3608E-14
  5.5763E-05  4.5262E-14  4.5262E-14  6.5373E-14
  5.6274E-05  4.6518E-14  4.6518E-14  6.7186E-14
  5.6789E-05  4.7808E-14  4.7808E-14  6.9049E-14
  5.7309E-05  4.9132E-14  4.9132E-14  7.0962E-14
  5.7833E-05  5.0493E-14  5.0493E-14  7.2928E-14
  5.8362E-05  5.1891E-14  5.1891E-14  7.4947E-14
  5.8895E-05  5.3327E-14  5.3327E-14  7.7020E-14
  5.9433E-05  5.4802E-14  5.4802E-14  7.9150E-14
  5.9976E-05  5.6316E-14  5.6316E-14  8.1338E-14
  6.0523E-05  5.7872E-14  5.7872E-14  8.3585E-14
  6.1075E-05  5.9471E-14  5.9471E-14  8.5894E-14
  6.1632E-05  6.1112E-14  6.1112E-14  8.8264E-14
  6.2194E-05  6.2798E-14  6.2798E-14  9.0699E-14
  6.2760E-05  6.4530E-14  6.4530E-14  9.3201E-14
  6.3332E-05  6.6309E-14  6.6309E-14  9.5769E-14
  6.3908E-05  6.8135E-14  6.8135E-14  9.8408E-14
  6.4489E-05  7.0012E-14  7.0012E-14  1.0112E-13
  6.5076E-05  7.1939E-14  7.1939E-14  1.0390E-13
  6.5667E-05  7.3918E-14  7.3918E-14  1.0676E-13
  6.6264E-05  7.5951E-14  7.5951E-14  1.0970E-13
  6.6865E-05  7.8039E-14  7.8039E-14  1.1271E-13
  6.7472E-05  8.0183E-14  8.0183E-14  1.1581E-13
  6.8084E-05  8.2385E-14  8.2385E-14  1.1899E-13
  6.8702E-05  8.4647E-14  8.4647E-14  1.2226E-13
  6.9325E-05  8.6970E-14  8.6970E-14  1.2561E-13
  6.9953E-05  8.9356E-14  8.9356E-14  1.2906E-13
  7.0586E-05  9.1806E-14  9.1806E-14  1.3259E-13
  7.1226E-05  9.4322E-14  9.4322E-14  1.3623E-13
  7.1870E-05  9.6906E-14  9.6906E-14  1.3996E-13
  7.2520E-05  9.9560E-14  9.9560E-14  1.4379E-13
  7.3176E-05  1.0229E-13  1.0229E-13  1.4773E-13
  7.3838E-05  1.0508E-13  1.0508E-13  1.5177E-13
  7.4505E-05  1.0796E-13  1.0796E-13  1.5592E-13
  7.5178E-05  1.1091E-13  1.1091E-13  1.6019E-13
  7.5856E-05  1.1394E-13  1.1394E-13  1.6456E-13
  7.6541E-05  1.1706E-13  1.1706E-13  1.6906E-13
  7.7232E-05  1.2025E-13  1.2025E-13  1.7368E-13
  7.7928E-05  1.2353E-13  1.2353E-13  1.7842E-13
  7.8631E-05  1.2691E-13  1.2691E-13  1.8329E-13
  7.9339E-05  1.3037E-13  1.3037E-13  1.8829E-13
  8.0054E-05  1.3392E-13  1.3392E-13  1.9342E-13
  8.0775E-05  1.3757E-13  1.3757E-13  1.9870E-13
  8.1502E-05  1.4132E-13  1.4132E-13  2.0411E-13
  8.2236E-05  1.4517E-13  1.4517E-13  2.0967E-13
  8.2975E-05  1.4913E-13  1.4913E-13  2.1538E-13
  8.3722E-05  1.5319E-13  1.5319E-13  2.2124E-13
  8.4474E-05  1.5735E-13  1.5735E-13  2.2726E-13
  8.5233E-05  1.6163E-13  1.6163E-13  2.3344E-13
  8.5999E-05  1.6603E-13  1.6603E-13  2.3979E-13
  8.6771E-05  1.7054E-13  1.7054E-13  2.4631E-13
  8.7550E-05  1.7518E-13  1.7518E-13  2.5300E-13
  8.8336E-05  1.7994E-13  1.7994E-13  2.5988E-13
  8.9129E-05  1.8482E-13  1.8482E-13  2.6693E-13
  8.9928E-05  1.8984E-13  1.8984E-13  2.7418E-13
  9.0734E-05  1.9499E-13  1.9499E-13  2.8162E-13
  9.1548E-05  2.0028E-13  2.0028E-13  2.8926E-13
  9.2368E-05  2.0572E-13  2.0572E-13  2.9711E-13
  9.3195E-05  2.1129E-13  2.1129E-13  3.0516E-13
  9.4030E-05  2.1702E-13  2.1702E-13  3.1344E-13
  9.4872E-05  2.2290E-13  2.2290E-13  3.2193E-13
  9.5721E-05  2.2894E-13  2.2894E-13  3.3065E-13
  9.6577E-05  2.3514E-13  2.3514E-13  3.3960E-13
  9.7441E-05  2.4151E-13  2.4151E-13  3.4880E-13
  9.8312E-05  2.4804E-13  2.4804E-13  3.5824E-13
  9.9191E-05  2.5475E-13  2.5475E-13  3.6793E-13
  1.0008E-04  2.6164E-13  2.6164E-13  3.7788E-13
  1.0097E-04  2.6872E-13  2.6872E-13  3.8810E-13
  1.0187E-04  2.7598E-13  2.7598E-13  3.9859E-13
  1.0278E-04  2.8344E-13  2.8344E-13  4.0936E-13
  1.0370E-04  2.9110E-13  2.9110E-13  4.2042E-13
  1.0463E-04  2.9896E-13  2.9896E-13  4.3177E-13
  1.0556E-04  3.0703E-13  3.0703E-13  4.4343E-13
  1.0650E-04  3.1532E-13  3.1532E-13  4.5540E-13
  1.0745E-04  3.2383E-13  3.2383E-13  4.6769E-13
  1.0841E-04  3.3257E-13  3.3257E-13  4.8031E-13
  1.0937E-04  3.4154E-13  3.4154E-13  4.9326E-13
  1.1035E-04  3.5075E-13  3.5075E-13  5.0657E-13
  1.1133E-04  3.6021E-13  3.6021E-13  5.2022E-13
  1.1232E-04  3.6991E-13  3.6991E-13  5.3424E-13
  1.1332E-04  3.7988E-13  3.7988E-13  5.4864E-13
  1.1433E-04  3.9011E-13  3.9011E-13  5.6341E-13
  1.1535E-04  4.0062E-13  4.0062E-13  5.7859E-13
  1.1637E-04  4.1141E-13  4.1141E-13  5.9416E-13
  1.1741E-04  4.2248E-13  4.2248E-13  6.1016E-13
  1.1845E-04  4.3385E-13  4.3385E-13  6.2658E-13
  1.1951E-04  4.4552E-13  4.4552E-13  6.4343E-13
  1.2057E-04  4.5751E-13  4.5751E-13  6.6074E-13
  1.2164E-04  4.6981E-13  4.6981E-13  6.7851E-13
  1.2272E-04  4.8244E-13  4.8244E-13  6.9675E-13
  1.2381E-04  4.9541E-13  4.9541E-13  7.1547E-13
  1.2491E-04  5.0872E-13  5.0872E-13  7.3470E-13
  1.2602E-04  5.2239E-13  5.2239E-13  7.5444E-13
  1.2714E-04  5.3642E-13  5.3642E-13  7.7470E-13
  1.2826E-04  5.5082E-13  5.5082E-13  7.9550E-13
  1.2940E-04  5.6561E-13  5.6561E-13  8.1686E-13
  1.3055E-04  5.8079E-13  5.8079E-13  8.3878E-13
  1.3171E-04  5.9638E-13  5.9638E-13  8.6129E-13
  1.3287E-04  6.1238E-13  6.1238E-13  8.8440E-13
  1.3405E-04  6.2881E-13  6.2881E-13  9.0812E-13
  1.3524E-04  6.4567E-13  6.4567E-13  9.3247E-13
  1.3644E-04  6.6298E-13  6.6298E-13  9.5747E-13
  1.3765E-04  6.8075E-13  6.8075E-13  9.8314E-13
  1.3886E-04  6.9900E-13  6.9900E-13  1.0095E-12
  1.4009E-04  7.1773E-13  7.1773E-13  1.0365E-12
  1.4133E-04  7.3695E-13  7.3695E-13  1.0643E-12
  1.4258E-04  7.5669E-13  7.5669E-13  1.0928E-12
  1.4385E-04  7.7695E-13  7.7695E-13  1.1221E-12
  1.4512E-04  7.9776E-13  7.9776E-13  1.1521E-12
  1.4640E-04  8.1911E-13  8.1911E-13  1.1829E-12
  1.4770E-04  8.4103E-13  8.4103E-13  1.2146E-12
  1.4900E-04  8.6354E-13  8.6354E-13  1.2471E-12
  1.5032E-04  8.8664E-13  8.8664E-13  1.2805E-12
  1.5165E-04  9.1035E-13  9.1035E-13  1.3147E-12
  1.5299E-04  9.3469E-13  9.3469E-13  1.3499E-12
  1.5434E-04  9.5969E-13  9.5969E-13  1.3859E-12
  1.5570E-04  9.8534E-13  9.8534E-13  1.4230E-12
  1.5708E-04  1.0117E-12  1.0117E-12  1.4610E-12
  1.5846E-04  1.0387E-12  1.0387E-12  1.5001E-12
  1.5986E-04  1.0665E-12  1.0665E-12  1.5401E-12
  1.6127E-04  1.0949E-12  1.0949E-12  1.5813E-12
  1.6270E-04  1.1242E-12  1.1242E-12  1.6235E-12
  1.6413E-04  1.1542E-12  1.1542E-12  1.6669E-12
  1.6558E-04  1.1850E-12  1.1850E-12  1.7114E-12
  1.6704E-04  1.2167E-12  1.2167E-12  1.7570E-12
  1.6851E-04  1.2491E-12  1.2491E-12  1.8039E-12
  1.7000E-04  1.2825E-12  1.2825E-12  1.8520E-12
  1.7150E-04  1.3167E-12  1.3167E-12  1.9015E-12
  1.7301E-04  1.3518E-12  1.3518E-12  1.9522E-12
  1.7453E-04  1.3878E-12  1.3878E-12  2.0042E-12
  1.7607E-04  1.4248E-12  1.4248E-12  2.0577E-12
  1.7762E-04  1.4628E-12  1.4628E-12  2.1125E-12
  1.7919E-04  1.5018E-12  1.5018E-12  2.1688E-12
  1.8076E-04  1.5419E-12  1.5419E-12  2.2266E-12
  1.8236E-04  1.5829E-12  1.5829E-12  2.2860E-12
  1.8396E-04  1.6251E-12  1.6251E-12  2.3469E-12
  1.8558E-04  1.6684E-12  1.6684E-12  2.4094E-12
  1.8721E-04  1.7129E-12  1.7129E-12  2.4736E-12
  1.8886E-04  1.7585E-12  1.7585E-12  2.5394E-12
  1.9052E-04  1.8053E-12  1.8053E-12  2.6071E-12
  1.9220E-04  1.8534E-12  1.8534E-12  2.6765E-12
  1.9389E-04  1.9027E-12  1.9027E-12  2.7477E-12
  1.9559E-04  1.9533E-12  1.9533E-12  2.8208E-12
  1.9731E-04  2.0053E-12  2.0053E-12  2.8959E-12
  1.9905E-04  2.0587E-12  2.0587E-12  2.9729E-12
  2.0080E-04  2.1134E-12  2.1134E-12  3.0520E-12
  2.0256E-04  2.1696E-12  2.1696E-12  3.1332E-12
  2.0434E-04  2.2274E-12  2.2274E-12  3.2165E-12
  2.0614E-04  2.2866E-12  2.2866E-12  3.3020E-12
  2.0795E-04  2.3474E-12  2.3474E-12  3.3898E-12
  2.0978E-04  2.4098E-12  2.4098E-12  3.4799E-12
  2.1162E-04  2.4738E-12  2.4738E-12  3.5724E-12
  2.1348E-04  2.5396E-12  2.5396E-12  3.6674E-12
  2.1535E-04  2.6071E-12  2.6071E-12  3.7648E-12
  2.1724E-04  2.6763E-12  2.6763E-12  3.8648E-12
  2.1915E-04  2.7474E-12  2.7474E-12  3.9675E-12
  2.2107E-04  2.8204E-12  2.8204E-12  4.0729E-12
  2.2301E-04  2.8953E-12  2.8953E-12  4.1811E-12
  2.2497E-04  2.9722E-12  2.9722E-12  4.2921E-12
  2.2694E-04  3.0511E-12  3.0511E-12  4.4060E-12
  2.2893E-04  3.1321E-12  3.1321E-12  4.5230E-12
  2.3094E-04  3.2153E-12  3.2153E-12  4.6431E-12
  2.3297E-04  3.3006E-12  3.3006E-12  4.7663E-12
  2.3501E-04  3.3882E-12  3.3882E-12  4.8928E-12
  2.3707E-04  3.4781E-12  3.4781E-12  5.0226E-12
  2.3915E-04  3.5704E-12  3.5704E-12  5.1558E-12
  2.4125E-04  3.6651E-12  3.6651E-12  5.2926E-12
  2.4336E-04  3.7624E-12  3.7624E-12  5.4330E-12
  2.4549E-04  3.8621E-12  3.8621E-12  5.5771E-12
  2.4764E-04  3.9646E-12  3.9646E-12  5.7250E-12
  2.4981E-04  4.0697E-12  4.0697E-12  5.8768E-12
  2.5200E-04  4.1776E-12  4.1776E-12  6.0326E-12
  2.5421E-04  4.2883E-12  4.2883E-12  6.1925E-12
  2.5644E-04  4.4020E-12  4.4020E-12  6.3566E-12
  2.5868E-04  4.5187E-12  4.5187E-12  6.5251E-12
  2.6095E-04  4.6384E-12  4.6384E-12  6.6980E-12
  2.6323E-04  4.7614E-12  4.7614E-12  6.8755E-12
  2.6554E-04  4.8875E-12  4.8875E-12  7.0576E-12
  2.6786E-04  5.0170E-12  5.0170E-12  7.2446E-12
  2.7021E-04  5.1499E-12  5.1499E-12  7.4365E-12
  2.7257E-04  5.2863E-12  5.2863E-12  7.6334E-12
  2.7496E-04  5.4263E-12  5.4263E-12  7.8355E-12
  2.7736E-04  5.5700E-12  5.5700E-12  8.0430E-12
  2.7979E-04  5.7175E-12  5.7175E-12  8.2560E-12
  2.8224E-04  5.8689E-12  5.8689E-12  8.4745E-12
  2.8471E-04  6.0242E-12  6.0242E-12  8.6989E-12
  2.8720E-04  6.1837E-12  6.1837E-12  8.9291E-12
  2.8971E-04  6.3473E-12  6.3473E-12  9.1654E-12
  2.9224E-04  6.5153E-12  6.5153E-12  9.4079E-12
  2.9480E-04  6.6877E-12  6.6877E-12  9.6569E-12
  2.9738E-04  6.8647E-12  6.8647E-12  9.9124E-12
  2.9998E-04  7.0463E-12  7.0463E-12  1.0175E-11
  3.0260E-04  7.2327E-12  7.2327E-12  1.0444E-11
  3.0524E-04  7.4240E-12  7.4240E-12  1.0720E-11
  3.0791E-04  7.6204E-12  7.6204E-12  1.1003E-11
  3.1060E-04  7.8220E-12  7.8220E-12  1.1294E-11
  3.1332E-04  8.0288E-12  8.0288E-12  1.1593E-11
  3.1605E-04  8.2411E-12  8.2411E-12  1.1900E-11
  3.1881E-04  8.4590E-12  8.4590E-12  1.2214E-11
  3.2160E-04  8.6826E-12  8.6826E-12  1.2537E-11
  3.2441E-04  8.9121E-12  8.9121E-12  1.2868E-11
  3.2724E-04  9.1477E-12  9.1477E-12  1.3209E-11
  3.3010E-04  9.3895E-12  9.3895E-12  1.3558E-11
  3.3298E-04  9.6376E-12  9.6376E-12  1.3916E-11
  3.3589E-04  9.8923E-12  9.8923E-12  1.4284E-11
  3.3882E-04  1.0154E-11  1.0154E-11  1.4661E-11
  3.4178E-04  1.0422E-11  1.0422E-11  1.5048E-11
  3.4476E-04  1.0697E-11  1.0697E-11  1.5446E-11
  3.4777E-04  1.0980E-11  1.0980E-11  1.5854E-11
  3.5081E-04  1.1270E-11  1.1270E-11  1.6272E-11
  3.5387E-04  1.1568E-11  1.1568E-11  1.6702E-11
  3.5696E-04  1.1873E-11  1.1873E-11  1.7143E-11
  3.6007E-04  1.2187E-11  1.2187E-11  1.7596E-11
  3.6322E-04  1.2508E-11  1.2508E-11  1.8061E-11
  3.6639E-04  1.2839E-11  1.2839E-11  1.8537E-11
  3.6958E-04  1.3178E-11  1.3178E-11  1.9027E-11
  3.7281E-04  1.3526E-11  1.3526E-11  1.9529E-11
  3.7606E-04  1.3883E-11  1.3883E-11  2.0044E-11
  3.7934E-04  1.4249E-11  1.4249E-11  2.0573E-11
  3.8265E-04  1.4625E-11  1.4625E-11  2.1116E-11
  3.8598E-04  1.5011E-11  1.5011E-11  2.1674E-11
  3.8935E-04  1.5407E-11  1.5407E-11  2.2245E-11
  3.9274E-04  1.5814E-11  1.5814E-11  2.2832E-11
  3.9617E-04  1.6231E-11  1.6231E-11  2.3435E-11
  3.9962E-04  1.6659E-11  1.6659E-11  2.4053E-11
  4.0311E-04  1.7099E-11  1.7099E-11  2.4687E-11
  4.0662E-04  1.7550E-11  1.7550E-11  2.5338E-11
  4.1016E-04  1.8013E-11  1.8013E-11  2.6007E-11
  4.1374E-04  1.8488E-11  1.8488E-11  2.6693E-11
  4.1734E-04  1.8975E-11  1.8975E-11  2.7397E-11
  4.2098E-04  1.9476E-11  1.9476E-11  2.8119E-11
  4.2465E-04  1.9989E-11  1.9989E-11  2.8860E-11
  4.2835E-04  2.0517E-11  2.0517E-11  2.9621E-11
  4.3208E-04  2.1057E-11  2.1057E-11  3.0402E-11
  4.3585E-04  2.1613E-11  2.1613E-11  3.1204E-11
  4.3964E-04  2.2182E-11  2.2182E-11  3.2026E-11
  4.4347E-04  2.2767E-11  2.2767E-11  3.2870E-11
  4.4734E-04  2.3367E-11  2.3367E-11  3.3737E-11
  4.5123E-04  2.3983E-11  2.3983E-11  3.4626E-11
  4.5516E-04  2.4615E-11  2.4615E-11  3.5538E-11
  4.5913E-04  2.5264E-11  2.5264E-11  3.6475E-11
  4.6312E-04  2.5930E-11  2.5930E-11  3.7436E-11
  4.6716E-04  2.6613E-11  2.6613E-11  3.8422E-11
  4.7123E-04  2.7314E-11  2.7314E-11  3.9434E-11
  4.7533E-04  2.8034E-11  2.8034E-11  4.0473E-11
  4.7947E-04  2.8773E-11  2.8773E-11  4.1539E-11
  4.8364E-04  2.9531E-11  2.9531E-11  4.2633E-11
  4.8785E-04  3.0309E-11  3.0309E-11  4.3756E-11
  4.9210E-04  3.1107E-11  3.1107E-11  4.4909E-11
  4.9638E-04  3.1926E-11  3.1926E-11  4.6091E-11
  5.0070E-04  3.2767E-11  3.2767E-11  4.7305E-11
  5.0506E-04  3.3630E-11  3.3630E-11  4.8551E-11
  5.0945E-04  3.4516E-11  3.4516E-11  4.9829E-11
  5.1389E-04  3.5425E-11  3.5425E-11  5.1141E-11
  5.1836E-04  3.6358E-11  3.6358E-11  5.2488E-11
  5.2287E-04  3.7315E-11  3.7315E-11  5.3869E-11
  5.2742E-04  3.8298E-11  3.8298E-11  5.5288E-11
  5.3201E-04  3.9306E-11  3.9306E-11  5.6743E-11
  5.3663E-04  4.0341E-11  4.0341E-11  5.8237E-11
  5.4130E-04  4.1403E-11  4.1403E-11  5.9769E-11
  5.4601E-04  4.2493E-11  4.2493E-11  6.1342E-11
  5.5076E-04  4.3611E-11  4.3611E-11  6.2957E-11
  5.5555E-04  4.4759E-11  4.4759E-11  6.4614E-11
  5.6038E-04  4.5937E-11  4.5937E-11  6.6314E-11
  5.6526E-04  4.7146E-11  4.7146E-11  6.8059E-11
  5.7017E-04  4.8387E-11  4.8387E-11  6.9850E-11
  5.7513E-04  4.9660E-11  4.9660E-11  7.1687E-11
  5.8013E-04  5.0967E-11  5.0967E-11  7.3573E-11
  5.8518E-04  5.2308E-11  5.2308E-11  7.5509E-11
  5.9026E-04  5.3684E-11  5.3684E-11  7.7495E-11
  5.9540E-04  5.5097E-11  5.5097E-11  7.9534E-11
  6.0057E-04  5.6546E-11  5.6546E-11  8.1626E-11
  6.0579E-04  5.8034E-11  5.8034E-11  8.3773E-11
  6.1106E-04  5.9560E-11  5.9560E-11  8.5976E-11
  6.1637E-04  6.1127E-11  6.1127E-11  8.8237E-11
  6.2173E-04  6.2735E-11  6.2735E-11  9.0558E-11
  6.2713E-04  6.4385E-11  6.4385E-11  9.2939E-11
  6.3258E-04  6.6079E-11  6.6079E-11  9.5383E-11
  6.3808E-04  6.7817E-11  6.7817E-11  9.7891E-11
  6.4363E-04  6.9600E-11  6.9600E-11  1.0047E-10
  6.4922E-04  7.1430E-11  7.1430E-11  1.0311E-10
  6.5486E-04  7.3309E-11  7.3309E-11  1.0582E-10
  6.6055E-04  7.5237E-11  7.5237E-11  1.0860E-10
  6.6629E-04  7.7215E-11  7.7215E-11  1.1145E-10
  6.7208E-04  7.9245E-11  7.9245E-11  1.1438E-10
  6.7792E-04  8.1329E-11  8.1329E-11  1.1739E-10
  6.8381E-04  8.3467E-11  8.3467E-11  1.2048E-10
  6.8975E-04  8.5661E-11  8.5661E-11  1.2364E-10
  6.9574E-04  8.7913E-11  8.7913E-11  1.2689E-10
  7.0179E-04  9.0224E-11  9.0224E-11  1.3023E-10
  7.0788E-04  9.2596E-11  9.2596E-11  1.3365E-10
  7.1403E-04  9.5030E-11  9.5030E-11  1.3716E-10
  7.2023E-04  9.7528E-11  9.7528E-11  1.4077E-10
  7.2649E-04  1.0009E-10  1.0009E-10  1.4447E-10
  7.3280E-04  1.0272E-10  1.0272E-10  1.4826E-10
  7.3916E-04  1.0542E-10  1.0542E-10  1.5216E-10
  7.4558E-04  1.0819E-10  1.0819E-10  1.5616E-10
  7.5206E-04  1.1104E-10  1.1104E-10  1.6026E-10
  7.5859E-04  1.1395E-10  1.1395E-10  1.6447E-10
  7.6518E-04  1.1695E-10  1.1695E-10  1.6879E-10
  7.7182E-04  1.2002E-10  1.2002E-10  1.7322E-10
  7.7852E-04  1.2317E-10  1.2317E-10  1.7777E-10
  7.8528E-04  1.2641E-10  1.2641E-10  1.8244E-10
  7.9210E-04  1.2973E-10  1.2973E-10  1.8723E-10
  7.9898E-04  1.3314E-10  1.3314E-10  1.9215E-10
  8.0591E-04  1.3664E-10  1.3664E-10  1.9720E-10
  8.1291E-04  1.4023E-10  1.4023E-10  2.0238E-10
  8.1997E-04  1.4391E-10  1.4391E-10  2.0769E-10
  8.2708E-04  1.4769E-10  1.4769E-10  2.1315E-10
  8.3426E-04  1.5157E-10  1.5157E-10  2.1875E-10
  8.4150E-04  1.5555E-10  1.5555E-10  2.2449E-10
  8.4881E-04  1.5964E-10  1.5964E-10  2.3038E-10
  8.5618E-04  1.6383E-10  1.6383E-10  2.3643E-10
  8.6361E-04  1.6813E-10  1.6813E-10  2.4264E-10
  8.7110E-04  1.7255E-10  1.7255E-10  2.4901E-10
  8.7866E-04  1.7708E-10  1.7708E-10  2.5555E-10
  8.8629E-04  1.8173E-10  1.8173E-10  2.6226E-10
  8.9398E-04  1.8650E-10  1.8650E-10  2.6914E-10
  9.0174E-04  1.9140E-10  1.9140E-10  2.7621E-10
  9.0956E-04  1.9643E-10  1.9643E-10  2.8346E-10
  9.1745E-04  2.0158E-10  2.0158E-10  2.9090E-10
  9.2541E-04  2.0688E-10  2.0688E-10  2.9854E-10
  9.3344E-04  2.1231E-10  2.1231E-10  3.0637E-10
  9.4154E-04  2.1788E-10  2.1788E-10  3.1441E-10
  9.4971E-04  2.2360E-10  2.2360E-10  3.2267E-10
  9.5795E-04  2.2948E-10  2.2948E-10  3.3114E-10
  9.6626E-04  2.3550E-10  2.3550E-10  3.3983E-10
  9.7464E-04  2.4168E-10  2.4168E-10  3.4874E-10
  9.8310E-04  2.4803E-10  2.4803E-10  3.5790E-10
  9.9163E-04  2.5454E-10  2.5454E-10  3.6729E-10
  1.0002E-03  2.6122E-10  2.6122E-10  3.7693E-10
  1.0089E-03  2.6808E-10  2.6808E-10  3.8682E-10
  1.0177E-03  2.7511E-10  2.7511E-10  3.9697E-10
  1.0265E-03  2.8233E-10  2.8233E-10  4.0738E-10
  1.0354E-03  2.8974E-10  2.8974E-10  4.1807E-10
  1.0444E-03  2.9735E-10  2.9735E-10  4.2904E-10
  1.0534E-03  3.0515E-10  3.0515E-10  4.4030E-10
  1.0626E-03  3.1316E-10  3.1316E-10  4.5185E-10
  1.0718E-03  3.2138E-10  3.2138E-10  4.6370E-10
  1.0811E-03  3.2981E-10  3.2981E-10  4.7587E-10
  1.0904E-03  3.3847E-10  3.3847E-10  4.8835E-10
  1.0999E-03  3.4735E-10  3.4735E-10  5.0116E-10
  1.1094E-03  3.5647E-10  3.5647E-10  5.1431E-10
  1.1191E-03  3.6582E-10  3.6582E-10  5.2780E-10
  1.1288E-03  3.7542E-10  3.7542E-10  5.4164E-10
  1.1386E-03  3.8527E-10  3.8527E-10  5.5585E-10
  1.1484E-03  3.9538E-10  3.9538E-10  5.7043E-10
  1.1584E-03  4.0575E-10  4.0575E-10  5.8539E-10
  1.1684E-03  4.1640E-10  4.1640E-10  6.0074E-10
  1.1786E-03  4.2732E-10  4.2732E-10  6.1650E-10
  1.1888E-03  4.3854E-10  4.3854E-10  6.3267E-10
  1.1991E-03  4.5004E-10  4.5004E-10  6.4926E-10
  1.2095E-03  4.6185E-10  4.6185E-10  6.6628E-10
  1.2200E-03  4.7396E-10  4.7396E-10  6.8376E-10
  1.2305E-03  4.8640E-10  4.8640E-10  7.0169E-10
  1.2412E-03  4.9916E-10  4.9916E-10  7.2009E-10
  1.2520E-03  5.1225E-10  5.1225E-10  7.3897E-10
  1.2628E-03  5.2569E-10  5.2569E-10  7.5834E-10
  1.2738E-03  5.3948E-10  5.3948E-10  7.7823E-10
  1.2848E-03  5.5363E-10  5.5363E-10  7.9863E-10
  1.2959E-03  5.6815E-10  5.6815E-10  8.1957E-10
  1.3072E-03  5.8305E-10  5.8305E-10  8.4106E-10
  1.3185E-03  5.9835E-10  5.9835E-10  8.6311E-10
  1.3299E-03  6.1404E-10  6.1404E-10  8.8574E-10
  1.3415E-03  6.3014E-10  6.3014E-10  9.0896E-10
  1.3531E-03  6.4667E-10  6.4667E-10  9.3278E-10
  1.3648E-03  6.6363E-10  6.6363E-10  9.5724E-10
  1.3766E-03  6.8103E-10  6.8103E-10  9.8233E-10
  1.3886E-03  6.9890E-10  6.9890E-10  1.0081E-09
  1.4006E-03  7.1722E-10  7.1722E-10  1.0345E-09
  1.4127E-03  7.3603E-10  7.3603E-10  1.0616E-09
  1.4250E-03  7.5533E-10  7.5533E-10  1.0894E-09
  1.4373E-03  7.7514E-10  7.7514E-10  1.1180E-09
  1.4498E-03  7.9547E-10  7.9547E-10  1.1473E-09
  1.4624E-03  8.1633E-10  8.1633E-10  1.1774E-09
  1.4750E-03  8.3773E-10  8.3773E-10  1.2082E-09
  1.4878E-03  8.5970E-10  8.5970E-10  1.2399E-09
  1.5007E-03  8.8224E-10  8.8224E-10  1.2724E-09
  1.5137E-03  9.0537E-10  9.0537E-10  1.3057E-09
  1.5268E-03  9.2911E-10  9.2911E-10  1.3400E-09
  1.5400E-03  9.5347E-10  9.5347E-10  1.3751E-09
  1.5534E-03  9.7847E-10  9.7847E-10  1.4111E-09
  1.5668E-03  1.0041E-09  1.0041E-09  1.4481E-09
  1.5804E-03  1.0304E-09  1.0304E-09  1.4860E-09
  1.5941E-03  1.0575E-09  1.0575E-09  1.5250E-09
  1.6079E-03  1.0852E-09  1.0852E-09  1.5649E-09
  1.6219E-03  1.1136E-09  1.1136E-09  1.6059E-09
  1.6359E-03  1.1428E-09  1.1428E-09  1.6480E-09
  1.6501E-03  1.1728E-09  1.1728E-09  1.6912E-09
  1.6644E-03  1.2035E-09  1.2035E-09  1.7355E-09
  1.6788E-03  1.2351E-09  1.2351E-09  1.7810E-09
  1.6933E-03  1.2675E-09  1.2675E-09  1.8276E-09
  1.7080E-03  1.3007E-09  1.3007E-09  1.8755E-09
  1.7228E-03  1.3348E-09  1.3348E-09  1.9246E-09
  1.7377E-03  1.3698E-09  1.3698E-09  1.9751E-09
  1.7528E-03  1.4057E-09  1.4057E-09  2.0268E-09
  1.7680E-03  1.4425E-09  1.4425E-09  2.0799E-09
  1.7833E-03  1.4803E-09  1.4803E-09  2.1344E-09
  1.7987E-03  1.5191E-09  1.5191E-09  2.1903E-09
  1.8143E-03  1.5589E-09  1.5589E-09  2.2477E-09
  1.8300E-03  1.5998E-09  1.5998E-09  2.3065E-09
  1.8459E-03  1.6417E-09  1.6417E-09  2.3669E-09
  1.8618E-03  1.6848E-09  1.6848E-09  2.4289E-09
  1.8780E-03  1.7289E-09  1.7289E-09  2.4926E-09
  1.8942E-03  1.7742E-09  1.7742E-09  2.5578E-09
  1.9106E-03  1.8207E-09  1.8207E-09  2.6248E-09
  1.9272E-03  1.8684E-09  1.8684E-09  2.6936E-09
  1.9439E-03  1.9174E-09  1.9174E-09  2.7641E-09
  1.9607E-03  1.9677E-09  1.9677E-09  2.8365E-09
  1.9777E-03  2.0192E-09  2.0192E-09  2.9108E-09
  1.9948E-03  2.0721E-09  2.0721E-09  2.9870E-09
  2.0121E-03  2.1264E-09  2.1264E-09  3.0653E-09
  2.0295E-03  2.1822E-09  2.1822E-09  3.1455E-09
  2.0471E-03  2.2393E-09  2.2393E-09  3.2279E-09
  2.0648E-03  2.2980E-09  2.2980E-09  3.3124E-09
  2.0827E-03  2.3582E-09  2.3582E-09  3.3992E-09
  2.1007E-03  2.4200E-09  2.4200E-09  3.4882E-09
  2.1189E-03  2.4835E-09  2.4835E-09  3.5795E-09
  2.1373E-03  2.5485E-09  2.5485E-09  3.6732E-09
  2.1558E-03  2.6153E-09  2.6153E-09  3.7694E-09
  2.1745E-03  2.6838E-09  2.6838E-09  3.8681E-09
  2.1933E-03  2.7542E-09  2.7542E-09  3.9694E-09
  2.2123E-03  2.8263E-09  2.8263E-09  4.0733E-09
  2.2314E-03  2.9004E-09  2.9004E-09  4.1800E-09
  2.2507E-03  2.9764E-09  2.9764E-09  4.2894E-09
  2.2702E-03  3.0543E-09  3.0543E-09  4.4017E-09
  2.2899E-03  3.1344E-09  3.1344E-09  4.5169E-09
  2.3097E-03  3.2165E-09  3.2165E-09  4.6352E-09
  2.3297E-03  3.3008E-09  3.3008E-09  4.7565E-09
  2.3499E-03  3.3872E-09  3.3872E-09  4.8810E-09
  2.3702E-03  3.4760E-09  3.4760E-09  5.0088E-09
  2.3907E-03  3.5670E-09  3.5670E-09  5.1399E-09
  2.4114E-03  3.6605E-09  3.6605E-09  5.2745E-09
  2.4323E-03  3.7564E-09  3.7564E-09  5.4125E-09
  2.4534E-03  3.8548E-09  3.8548E-09  5.5542E-09
  2.4746E-03  3.9558E-09  3.9558E-09  5.6996E-09
  2.4960E-03  4.0594E-09  4.0594E-09  5.8488E-09
  2.5177E-03  4.1658E-09  4.1658E-09  6.0019E-09
  2.5394E-03  4.2749E-09  4.2749E-09  6.1590E-09
  2.5614E-03  4.3869E-09  4.3869E-09  6.3202E-09
  2.5836E-03  4.5018E-09  4.5018E-09  6.4856E-09
  2.6060E-03  4.6197E-09  4.6197E-09  6.6554E-09
  2.6285E-03  4.7407E-09  4.7407E-09  6.8295E-09
  2.6513E-03  4.8649E-09  4.8649E-09  7.0083E-09
  2.6742E-03  4.9923E-09  4.9923E-09  7.1917E-09
  2.6974E-03  5.1231E-09  5.1231E-09  7.3799E-09
  2.7207E-03  5.2573E-09  5.2573E-09  7.5730E-09
  2.7443E-03  5.3950E-09  5.3950E-09  7.7712E-09
  2.7680E-03  5.5363E-09  5.5363E-09  7.9746E-09
  2.7920E-03  5.6814E-09  5.6814E-09  8.1833E-09
  2.8162E-03  5.8302E-09  5.8302E-09  8.3974E-09
  2.8405E-03  5.9829E-09  5.9829E-09  8.6172E-09
  2.8651E-03  6.1396E-09  6.1396E-09  8.8426E-09
  2.8899E-03  6.3004E-09  6.3004E-09  9.0740E-09
  2.9149E-03  6.4654E-09  6.4654E-09  9.3115E-09
  2.9402E-03  6.6347E-09  6.6347E-09  9.5551E-09
  2.9656E-03  6.8085E-09  6.8085E-09  9.8051E-09
  2.9913E-03  6.9868E-09  6.9868E-09  1.0062E-08
  3.0172E-03  7.1698E-09  7.1698E-09  1.0325E-08
  3.0433E-03  7.3576E-09  7.3576E-09  1.0595E-08
  3.0696E-03  7.5503E-09  7.5503E-09  1.0872E-08
  3.0962E-03  7.7481E-09  7.7481E-09  1.1157E-08
  3.1230E-03  7.9510E-09  7.9510E-09  1.1449E-08
  3.1500E-03  8.1592E-09  8.1592E-09  1.1748E-08
  3.1773E-03  8.3729E-09  8.3729E-09  1.2055E-08
  3.2048E-03  8.5922E-09  8.5922E-09  1.2371E-08
  3.2325E-03  8.8172E-09  8.8172E-09  1.2694E-08
  3.2605E-03  9.0481E-09  9.0481E-09  1.3027E-08
  3.2887E-03  9.2851E-09  9.2851E-09  1.3367E-08
  3.3172E-03  9.5282E-09  9.5282E-09  1.3717E-08
  3.3459E-03  9.7777E-09  9.7777E-09  1.4076E-08
  3.3748E-03  1.0034E-08  1.0034E-08  1.4444E-08
  3.4040E-03  1.0297E-08  1.0297E-08  1.4822E-08
  3.4335E-03  1.0566E-08  1.0566E-08  1.5210E-08
  3.4632E-03  1.0843E-08  1.0843E-08  1.5607E-08
  3.4932E-03  1.1127E-08  1.1127E-08  1.6016E-08
  3.5234E-03  1.1418E-08  1.1418E-08  1.6435E-08
  3.5539E-03  1.1717E-08  1.1717E-08  1.6864E-08
  3.5847E-03  1.2024E-08  1.2024E-08  1.7305E-08
  3.6157E-03  1.2339E-08  1.2339E-08  1.7758E-08
  3.6470E-03  1.2662E-08  1.2662E-08  1.8222E-08
  3.6785E-03  1.2994E-08  1.2994E-08  1.8699E-08
  3.7104E-03  1.3334E-08  1.3334E-08  1.9188E-08
  3.7425E-03  1.3683E-08  1.3683E-08  1.9690E-08
  3.7748E-03  1.4041E-08  1.4041E-08  2.0205E-08
  3.8075E-03  1.4409E-08  1.4409E-08  2.0733E-08
  3.8405E-03  1.4786E-08  1.4786E-08  2.1275E-08
  3.8737E-03  1.5173E-08  1.5173E-08  2.1832E-08
  3.9072E-03  1.5571E-08  1.5571E-08  2.2403E-08
  3.9410E-03  1.5978E-08  1.5978E-08  2.2989E-08
  3.9751E-03  1.6397E-08  1.6397E-08  2.3590E-08
  4.0095E-03  1.6826E-08  1.6826E-08  2.4206E-08
  4.0442E-03  1.7267E-08  1.7267E-08  2.4839E-08
  4.0792E-03  1.7719E-08  1.7719E-08  2.5489E-08
  4.1145E-03  1.8183E-08  1.8183E-08  2.6155E-08
  4.1501E-03  1.8659E-08  1.8659E-08  2.6839E-08
  4.1860E-03  1.9147E-08  1.9147E-08  2.7541E-08
  4.2222E-03  1.9649E-08  1.9649E-08  2.8261E-08
  4.2588E-03  2.0163E-08  2.0163E-08  2.9000E-08
  4.2956E-03  2.0691E-08  2.0691E-08  2.9758E-08
  4.3328E-03  2.1233E-08  2.1233E-08  3.0536E-08
  4.3703E-03  2.1789E-08  2.1789E-08  3.1334E-08
  4.4081E-03  2.2359E-08  2.2359E-08  3.2154E-08
  4.4462E-03  2.2944E-08  2.2944E-08  3.2994E-08
  4.4847E-03  2.3545E-08  2.3545E-08  3.3857E-08
  4.5235E-03  2.4162E-08  2.4162E-08  3.4742E-08
  4.5626E-03  2.4794E-08  2.4794E-08  3.5650E-08
  4.6021E-03  2.5443E-08  2.5443E-08  3.6582E-08
  4.6419E-03  2.6109E-08  2.6109E-08  3.7538E-08
  4.6821E-03  2.6793E-08  2.6793E-08  3.8519E-08
  4.7226E-03  2.7494E-08  2.7494E-08  3.9526E-08
  4.7634E-03  2.8214E-08  2.8214E-08  4.0559E-08
  4.8046E-03  2.8953E-08  2.8953E-08  4.1619E-08
  4.8462E-03  2.9711E-08  2.9711E-08  4.2707E-08
  4.8881E-03  3.0489E-08  3.0489E-08  4.3824E-08
  4.9304E-03  3.1287E-08  3.1287E-08  4.4969E-08
  4.9731E-03  3.2106E-08  3.2106E-08  4.6144E-08
  5.0161E-03  3.2946E-08  3.2946E-08  4.7350E-08
  5.0595E-03  3.3809E-08  3.3809E-08  4.8588E-08
  5.1033E-03  3.4694E-08  3.4694E-08  4.9858E-08
  5.1474E-03  3.5602E-08  3.5602E-08  5.1160E-08
  5.1920E-03  3.6534E-08  3.6534E-08  5.2497E-08
  5.2369E-03  3.7491E-08  3.7491E-08  5.3869E-08
  5.2822E-03  3.8472E-08  3.8472E-08  5.5277E-08
  5.3279E-03  3.9479E-08  3.9479E-08  5.6722E-08
  5.3740E-03  4.0513E-08  4.0513E-08  5.8204E-08
  5.4204E-03  4.1573E-08  4.1573E-08  5.9725E-08
  5.4673E-03  4.2661E-08  4.2661E-08  6.1285E-08
  5.5146E-03  4.3778E-08  4.3778E-08  6.2887E-08
  5.5623E-03  4.4924E-08  4.4924E-08  6.4530E-08
  5.6105E-03  4.6100E-08  4.6100E-08  6.6216E-08
  5.6590E-03  4.7307E-08  4.7307E-08  6.7946E-08
  5.7079E-03  4.8545E-08  4.8545E-08  6.9721E-08
  5.7573E-03  4.9816E-08  4.9816E-08  7.1543E-08
  5.8071E-03  5.1120E-08  5.1120E-08  7.3412E-08
  5.8574E-03  5.2458E-08  5.2458E-08  7.5330E-08
  5.9080E-03  5.3831E-08  5.3831E-08  7.7298E-08
  5.9591E-03  5.5241E-08  5.5241E-08  7.9317E-08
  6.0107E-03  5.6687E-08  5.6687E-08  8.1389E-08
  6.0627E-03  5.8170E-08  5.8170E-08  8.3515E-08
  6.1151E-03  5.9693E-08  5.9693E-08  8.5697E-08
  6.1680E-03  6.1256E-08  6.1256E-08  8.7935E-08
  6.2214E-03  6.2859E-08  6.2859E-08  9.0232E-08
  6.2752E-03  6.4504E-08  6.4504E-08  9.2589E-08
  6.3295E-03  6.6193E-08  6.6193E-08  9.5008E-08
  6.3842E-03  6.7925E-08  6.7925E-08  9.7489E-08
  6.4395E-03  6.9703E-08  6.9703E-08  1.0004E-07
  6.4952E-03  7.1528E-08  7.1528E-08  1.0265E-07
  6.5513E-03  7.3400E-08  7.3400E-08  1.0533E-07
  6.6080E-03  7.5321E-08  7.5321E-08  1.0808E-07
  6.6652E-03  7.7293E-08  7.7293E-08  1.1090E-07
  6.7228E-03  7.9316E-08  7.9316E-08  1.1380E-07
  6.7810E-03  8.1392E-08  8.1392E-08  1.1677E-07
  6.8396E-03  8.3522E-08  8.3522E-08  1.1982E-07
  6.8988E-03  8.5709E-08  8.5709E-08  1.2295E-07
  6.9585E-03  8.7952E-08  8.7952E-08  1.2616E-07
  7.0186E-03  9.0254E-08  9.0254E-08  1.2945E-07
  7.0793E-03  9.2616E-08  9.2616E-08  1.3284E-07
  7.1406E-03  9.5040E-08  9.5040E-08  1.3630E-07
  7.2023E-03  9.7528E-08  9.7528E-08  1.3986E-07
  7.2646E-03  1.0008E-07  1.0008E-07  1.4351E-07
  7.3275E-03  1.0270E-07  1.0270E-07  1.4726E-07
  7.3909E-03  1.0539E-07  1.0539E-07  1.5111E-07
  7.4548E-03  1.0815E-07  1.0815E-07  1.5505E-07
  7.5193E-03  1.1098E-07  1.1098E-07  1.5910E-07
  7.5843E-03  1.1388E-07  1.1388E-07  1.6325E-07
  7.6499E-03  1.1686E-07  1.1686E-07  1.6752E-07
  7.7161E-03  1.1992E-07  1.1992E-07  1.7189E-07
  7.7828E-03  1.2306E-07  1.2306E-07  1.7638E-07
  7.8501E-03  1.2628E-07  1.2628E-07  1.8098E-07
  7.9180E-03  1.2959E-07  1.2959E-07  1.8570E-07
  7.9865E-03  1.3298E-07  1.3298E-07  1.9055E-07
  8.0556E-03  1.3646E-07  1.3646E-07  1.9553E-07
  8.1252E-03  1.4003E-07  1.4003E-07  2.0063E-07
  8.1955E-03  1.4369E-07  1.4369E-07  2.0587E-07
  8.2664E-03  1.4745E-07  1.4745E-07  2.1124E-07
  8.3379E-03  1.5131E-07  1.5131E-07  2.1675E-07
  8.4100E-03  1.5527E-07  1.5527E-07  2.2241E-07
  8.4828E-03  1.5934E-07  1.5934E-07  2.2821E-07
  8.5561E-03  1.6351E-07  1.6351E-07  2.3417E-07
  8.6301E-03  1.6779E-07  1.6779E-07  2.4028E-07
  8.7048E-03  1.7218E-07  1.7218E-07  2.4655E-07
  8.7800E-03  1.7668E-07  1.7668E-07  2.5298E-07
  8.8560E-03  1.8131E-07  1.8131E-07  2.5959E-07
  8.9326E-03  1.8605E-07  1.8605E-07  2.6636E-07
  9.0098E-03  1.9092E-07  1.9092E-07  2.7331E-07
  9.0878E-03  1.9592E-07  1.9592E-07  2.8044E-07
  9.1664E-03  2.0105E-07  2.0105E-07  2.8776E-07
  9.2456E-03  2.0631E-07  2.0631E-07  2.9527E-07
  9.3256E-03  2.1171E-07  2.1171E-07  3.0297E-07
  9.4062E-03  2.1725E-07  2.1725E-07  3.1087E-07
  9.4876E-03  2.2293E-07  2.2293E-07  3.1898E-07
  9.5697E-03  2.2877E-07  2.2877E-07  3.2731E-07
  9.6524E-03  2.3476E-07  2.3476E-07  3.3584E-07
  9.7359E-03  2.4090E-07  2.4090E-07  3.4461E-07
  9.8201E-03  2.4720E-07  2.4720E-07  3.5359E-07
  9.9050E-03  2.5367E-07  2.5367E-07  3.6282E-07
  9.9907E-03  2.6031E-07  2.6031E-07  3.7228E-07
  1.0077E-02  2.6712E-07  2.6712E-07  3.8199E-07
  1.0164E-02  2.7411E-07  2.7411E-07  3.9195E-07
  1.0252E-02  2.8129E-07  2.8129E-07  4.0218E-07
  1.0341E-02  2.8865E-07  2.8865E-07  4.1267E-07
  1.0430E-02  2.9620E-07  2.9620E-07  4.2343E-07
  1.0520E-02  3.0396E-07  3.0396E-07  4.3447E-07
  1.0611E-02  3.1191E-07  3.1191E-07  4.4580E-07
  1.0703E-02  3.2007E-07  3.2007E-07  4.5743E-07
  1.0796E-02  3.2845E-07  3.2845E-07  4.6935E-07
  1.0889E-02  3.3704E-07  3.3704E-07  4.8159E-07
  1.0983E-02  3.4586E-07  3.4586E-07  4.9415E-07
  1.1078E-02  3.5492E-07  3.5492E-07  5.0703E-07
  1.1174E-02  3.6420E-07  3.6420E-07  5.2025E-07
  1.1271E-02  3.7373E-07  3.7373E-07  5.3382E-07
  1.1368E-02  3.8351E-07  3.8351E-07  5.4773E-07
  1.1466E-02  3.9355E-07  3.9355E-07  5.6201E-07
  1.1566E-02  4.0385E-07  4.0385E-07  5.7667E-07
  1.1666E-02  4.1442E-07  4.1442E-07  5.9170E-07
  1.1767E-02  4.2526E-07  4.2526E-07  6.0712E-07
  1.1868E-02  4.3639E-07  4.3639E-07  6.2295E-07
  1.1971E-02  4.4781E-07  4.4781E-07  6.3918E-07
  1.2074E-02  4.5953E-07  4.5953E-07  6.5584E-07
  1.2179E-02  4.7156E-07  4.7156E-07  6.7294E-07
  1.2284E-02  4.8390E-07  4.8390E-07  6.9048E-07
  1.2390E-02  4.9656E-07  4.9656E-07  7.0847E-07
  1.2498E-02  5.0955E-07  5.0955E-07  7.2694E-07
  1.2606E-02  5.2289E-07  5.2289E-07  7.4588E-07
  1.2715E-02  5.3657E-07  5.3657E-07  7.6532E-07
  1.2825E-02  5.5061E-07  5.5061E-07  7.8526E-07
  1.2936E-02  5.6502E-07  5.6502E-07  8.0572E-07
  1.3047E-02  5.7981E-07  5.7981E-07  8.2671E-07
  1.3160E-02  5.9498E-07  5.9498E-07  8.4825E-07
  1.3274E-02  6.1055E-07  6.1055E-07  8.7035E-07
  1.3389E-02  6.2653E-07  6.2653E-07  8.9303E-07
  1.3505E-02  6.4292E-07  6.4292E-07  9.1629E-07
  1.3621E-02  6.5974E-07  6.5974E-07  9.4016E-07
  1.3739E-02  6.7701E-07  6.7701E-07  9.6465E-07
  1.3858E-02  6.9472E-07  6.9472E-07  9.8978E-07
  1.3978E-02  7.1290E-07  7.1290E-07  1.0156E-06
  1.4099E-02  7.3156E-07  7.3156E-07  1.0420E-06
  1.4221E-02  7.5070E-07  7.5070E-07  1.0692E-06
  1.4344E-02  7.7035E-07  7.7035E-07  1.0970E-06
  1.4468E-02  7.9050E-07  7.9050E-07  1.1256E-06
  1.4593E-02  8.1119E-07  8.1119E-07  1.1549E-06
  1.4719E-02  8.3242E-07  8.3242E-07  1.1850E-06
  1.4846E-02  8.5420E-07  8.5420E-07  1.2158E-06
  1.4975E-02  8.7655E-07  8.7655E-07  1.2475E-06
  1.5104E-02  8.9949E-07  8.9949E-07  1.2799E-06
  1.5235E-02  9.2303E-07  9.2303E-07  1.3133E-06
  1.5366E-02  9.4718E-07  9.4718E-07  1.3475E-06
  1.5499E-02  9.7196E-07  9.7196E-07  1.3825E-06
  1.5633E-02  9.9740E-07  9.9740E-07  1.4185E-06
  1.5769E-02  1.0235E-06  1.0235E-06  1.4555E-06
  1.5905E-02  1.0503E-06  1.0503E-06  1.4933E-06
  1.6042E-02  1.0778E-06  1.0778E-06  1.5322E-06
  1.6181E-02  1.1060E-06  1.1060E-06  1.5721E-06
  1.6321E-02  1.1349E-06  1.1349E-06  1.6130E-06
  1.6462E-02  1.1646E-06  1.1646E-06  1.6550E-06
  1.6605E-02  1.1951E-06  1.1951E-06  1.6981E-06
  1.6748E-02  1.2263E-06  1.2263E-06  1.7423E-06
  1.6893E-02  1.2584E-06  1.2584E-06  1.7876E-06
  1.7039E-02  1.2914E-06  1.2914E-06  1.8341E-06
  1.7186E-02  1.3252E-06  1.3252E-06  1.8818E-06
  1.7335E-02  1.3598E-06  1.3598E-06  1.9308E-06
  1.7485E-02  1.3954E-06  1.3954E-06  1.9810E-06
  1.7636E-02  1.4319E-06  1.4319E-06  2.0326E-06
  1.7789E-02  1.4694E-06  1.4694E-06  2.0854E-06
  1.7942E-02  1.5078E-06  1.5078E-06  2.1397E-06
  1.8098E-02  1.5473E-06  1.5473E-06  2.1953E-06
  1.8254E-02  1.5878E-06  1.5878E-06  2.2524E-06
  1.8412E-02  1.6293E-06  1.6293E-06  2.3110E-06
  1.8571E-02  1.6720E-06  1.6720E-06  2.3711E-06
  1.8732E-02  1.7157E-06  1.7157E-06  2.4328E-06
  1.8894E-02  1.7606E-06  1.7606E-06  2.4961E-06
  1.9057E-02  1.8067E-06  1.8067E-06  2.5610E-06
  1.9222E-02  1.8540E-06  1.8540E-06  2.6275E-06
  1.9388E-02  1.9025E-06  1.9025E-06  2.6959E-06
  1.9556E-02  1.9522E-06  1.9522E-06  2.7660E-06
  1.9725E-02  2.0033E-06  2.0033E-06  2.8379E-06
  1.9895E-02  2.0557E-06  2.0557E-06  2.9116E-06
  2.0067E-02  2.1095E-06  2.1095E-06  2.9873E-06
  2.0241E-02  2.1647E-06  2.1647E-06  3.0650E-06
  2.0416E-02  2.2214E-06  2.2214E-06  3.1446E-06
  2.0592E-02  2.2795E-06  2.2795E-06  3.2264E-06
  2.0771E-02  2.3391E-06  2.3391E-06  3.3102E-06
  2.0950E-02  2.4004E-06  2.4004E-06  3.3962E-06
  2.1131E-02  2.4632E-06  2.4632E-06  3.4845E-06
  2.1314E-02  2.5276E-06  2.5276E-06  3.5750E-06
  2.1498E-02  2.5937E-06  2.5937E-06  3.6679E-06
  2.1684E-02  2.6616E-06  2.6616E-06  3.7632E-06
  2.1872E-02  2.7313E-06  2.7313E-06  3.8610E-06
  2.2061E-02  2.8027E-06  2.8027E-06  3.9613E-06
  2.2252E-02  2.8761E-06  2.8761E-06  4.0642E-06
  2.2444E-02  2.9513E-06  2.9513E-06  4.1698E-06
  2.2638E-02  3.0285E-06  3.0285E-06  4.2781E-06
  2.2834E-02  3.1078E-06  3.1078E-06  4.3892E-06
  2.3031E-02  3.1891E-06  3.1891E-06  4.5031E-06
  2.3230E-02  3.2725E-06  3.2725E-06  4.6201E-06
  2.3431E-02  3.3582E-06  3.3582E-06  4.7400E-06
  2.3634E-02  3.4460E-06  3.4460E-06  4.8631E-06
  2.3838E-02  3.5362E-06  3.5362E-06  4.9894E-06
  2.4044E-02  3.6287E-06  3.6287E-06  5.1189E-06
  2.4252E-02  3.7237E-06  3.7237E-06  5.2518E-06
  2.4462E-02  3.8211E-06  3.8211E-06  5.3881E-06
  2.4673E-02  3.9211E-06  3.9211E-06  5.5280E-06
  2.4887E-02  4.0237E-06  4.0237E-06  5.6715E-06
  2.5102E-02  4.1290E-06  4.1290E-06  5.8186E-06
  2.5319E-02  4.2370E-06  4.2370E-06  5.9696E-06
  2.5538E-02  4.3479E-06  4.3479E-06  6.1245E-06
  2.5759E-02  4.4616E-06  4.4616E-06  6.2835E-06
  2.5982E-02  4.5784E-06  4.5784E-06  6.4465E-06
  2.6206E-02  4.6982E-06  4.6982E-06  6.6137E-06
  2.6433E-02  4.8211E-06  4.8211E-06  6.7853E-06
  2.6661E-02  4.9472E-06  4.9472E-06  6.9613E-06
  2.6892E-02  5.0767E-06  5.0767E-06  7.1419E-06
  2.7124E-02  5.2095E-06  5.2095E-06  7.3271E-06
  2.7359E-02  5.3458E-06  5.3458E-06  7.5171E-06
  2.7595E-02  5.4857E-06  5.4857E-06  7.7121E-06
  2.7834E-02  5.6292E-06  5.6292E-06  7.9120E-06
  2.8075E-02  5.7765E-06  5.7765E-06  8.1172E-06
  2.8317E-02  5.9276E-06  5.9276E-06  8.3276E-06
  2.8562E-02  6.0827E-06  6.0827E-06  8.5435E-06
  2.8809E-02  6.2419E-06  6.2419E-06  8.7650E-06
  2.9058E-02  6.4052E-06  6.4052E-06  8.9922E-06
  2.9310E-02  6.5728E-06  6.5728E-06  9.2252E-06
  2.9563E-02  6.7448E-06  6.7448E-06  9.4643E-06
  2.9819E-02  6.9213E-06  6.9213E-06  9.7096E-06
  3.0077E-02  7.1024E-06  7.1024E-06  9.9612E-06
  3.0337E-02  7.2882E-06  7.2882E-06  1.0219E-05
  3.0599E-02  7.4789E-06  7.4789E-06  1.0484E-05
  3.0863E-02  7.6746E-06  7.6746E-06  1.0756E-05
  3.1130E-02  7.8754E-06  7.8754E-06  1.1034E-05
  3.1399E-02  8.0814E-06  8.0814E-06  1.1320E-05
  3.1671E-02  8.2929E-06  8.2929E-06  1.1613E-05
  3.1945E-02  8.5099E-06  8.5099E-06  1.1914E-05
  3.2221E-02  8.7325E-06  8.7325E-06  1.2222E-05
  3.2500E-02  8.9610E-06  8.9610E-06  1.2539E-05
  3.2781E-02  9.1955E-06  9.1955E-06  1.2864E-05
  3.3064E-02  9.4361E-06  9.4361E-06  1.3197E-05
  3.3350E-02  9.6830E-06  9.6830E-06  1.3538E-05
  3.3638E-02  9.9363E-06  9.9363E-06  1.3889E-05
  3.3929E-02  1.0196E-05  1.0196E-05  1.4248E-05
  3.4223E-02  1.0463E-05  1.0463E-05  1.4617E-05
  3.4518E-02  1.0737E-05  1.0737E-05  1.4995E-05
  3.4817E-02  1.1018E-05  1.1018E-05  1.5383E-05
  3.5118E-02  1.1306E-05  1.1306E-05  1.5781E-05
  3.5422E-02  1.1602E-05  1.1602E-05  1.6189E-05
  3.5728E-02  1.1905E-05  1.1905E-05  1.6608E-05
  3.6037E-02  1.2217E-05  1.2217E-05  1.7037E-05
  3.6348E-02  1.2537E-05  1.2537E-05  1.7478E-05
  3.6663E-02  1.2865E-05  1.2865E-05  1.7930E-05
  3.6980E-02  1.3201E-05  1.3201E-05  1.8394E-05
  3.7299E-02  1.3547E-05  1.3547E-05  1.8869E-05
  3.7622E-02  1.3901E-05  1.3901E-05  1.9357E-05
  3.7947E-02  1.4265E-05  1.4265E-05  1.9857E-05
  3.8275E-02  1.4638E-05  1.4638E-05  2.0371E-05
  3.8606E-02  1.5021E-05  1.5021E-05  2.0897E-05
  3.8940E-02  1.5414E-05  1.5414E-05  2.1437E-05
  3.9277E-02  1.5817E-05  1.5817E-05  2.1991E-05
  3.9616E-02  1.6231E-05  1.6231E-05  2.2559E-05
  3.9959E-02  1.6656E-05  1.6656E-05  2.3142E-05
  4.0304E-02  1.7092E-05  1.7092E-05  2.3740E-05
  4.0653E-02  1.7539E-05  1.7539E-05  2.4353E-05
  4.1004E-02  1.7998E-05  1.7998E-05  2.4982E-05
  4.1359E-02  1.8469E-05  1.8469E-05  2.5627E-05
  4.1716E-02  1.8952E-05  1.8952E-05  2.6289E-05
  4.2077E-02  1.9448E-05  1.9448E-05  2.6967E-05
  4.2441E-02  1.9957E-05  1.9957E-05  2.7664E-05
  4.2808E-02  2.0479E-05  2.0479E-05  2.8378E-05
  4.3178E-02  2.1014E-05  2.1014E-05  2.9110E-05
  4.3551E-02  2.1564E-05  2.1564E-05  2.9861E-05
  4.3928E-02  2.2129E-05  2.2129E-05  3.0632E-05
  4.4308E-02  2.2708E-05  2.2708E-05  3.1422E-05
  4.4691E-02  2.3302E-05  2.3302E-05  3.2233E-05
  4.5077E-02  2.3911E-05  2.3911E-05  3.3064E-05
  4.5467E-02  2.4537E-05  2.4537E-05  3.3917E-05
  4.5860E-02  2.5179E-05  2.5179E-05  3.4791E-05
  4.6256E-02  2.5838E-05  2.5838E-05  3.5689E-05
  4.6656E-02  2.6514E-05  2.6514E-05  3.6609E-05
  4.7060E-02  2.7208E-05  2.7208E-05  3.7552E-05
  4.7467E-02  2.7919E-05  2.7919E-05  3.8520E-05
  4.7877E-02  2.8650E-05  2.8650E-05  3.9513E-05
  4.8291E-02  2.9399E-05  2.9399E-05  4.0531E-05
  4.8709E-02  3.0169E-05  3.0169E-05  4.1576E-05
  4.9130E-02  3.0958E-05  3.0958E-05  4.2647E-05
  4.9555E-02  3.1768E-05  3.1768E-05  4.3746E-05
  4.9983E-02  3.2599E-05  3.2599E-05  4.4872E-05
  5.0415E-02  3.3452E-05  3.3452E-05  4.6028E-05
  5.0851E-02  3.4327E-05  3.4327E-05  4.7213E-05
  5.1291E-02  3.5226E-05  3.5226E-05  4.8429E-05
  5.1734E-02  3.6147E-05  3.6147E-05  4.9676E-05
  5.2181E-02  3.7093E-05  3.7093E-05  5.0954E-05
  5.2633E-02  3.8064E-05  3.8064E-05  5.2266E-05
  5.3088E-02  3.9060E-05  3.9060E-05  5.3611E-05
  5.3547E-02  4.0082E-05  4.0082E-05  5.4990E-05
  5.4010E-02  4.1130E-05  4.1130E-05  5.6405E-05
  5.4477E-02  4.2206E-05  4.2206E-05  5.7856E-05
  5.4948E-02  4.3311E-05  4.3311E-05  5.9344E-05
  5.5423E-02  4.4444E-05  4.4444E-05  6.0870E-05
  5.5902E-02  4.5607E-05  4.5607E-05  6.2435E-05
  5.6385E-02  4.6800E-05  4.6800E-05  6.4041E-05
  5.6873E-02  4.8025E-05  4.8025E-05  6.5687E-05
  5.7364E-02  4.9281E-05  4.9281E-05  6.7375E-05
  5.7860E-02  5.0571E-05  5.0571E-05  6.9107E-05
  5.8361E-02  5.1894E-05  5.1894E-05  7.0883E-05
  5.8865E-02  5.3252E-05  5.3252E-05  7.2704E-05
  5.9374E-02  5.4645E-05  5.4645E-05  7.4571E-05
  5.9888E-02  5.6075E-05  5.6075E-05  7.6487E-05
  6.0405E-02  5.7542E-05  5.7542E-05  7.8451E-05
  6.0928E-02  5.9047E-05  5.9047E-05  8.0465E-05
  6.1454E-02  6.0592E-05  6.0592E-05  8.2531E-05
  6.1986E-02  6.2178E-05  6.2178E-05  8.4650E-05
  6.2522E-02  6.3805E-05  6.3805E-05  8.6822E-05
  6.3062E-02  6.5474E-05  6.5474E-05  8.9051E-05
  6.3607E-02  6.7187E-05  6.7187E-05  9.1335E-05
  6.4157E-02  6.8945E-05  6.8945E-05  9.3679E-05
  6.4712E-02  7.0749E-05  7.0749E-05  9.6082E-05
  6.5272E-02  7.2600E-05  7.2600E-05  9.8546E-05
  6.5836E-02  7.4500E-05  7.4500E-05  1.0107E-04
  6.6405E-02  7.6449E-05  7.6449E-05  1.0366E-04
  6.6979E-02  7.8450E-05  7.8450E-05  1.0632E-04
  6.7558E-02  8.0502E-05  8.0502E-05  1.0905E-04
  6.8142E-02  8.2609E-05  8.2609E-05  1.1184E-04
  6.8732E-02  8.4770E-05  8.4770E-05  1.1471E-04
  6.9326E-02  8.6988E-05  8.6988E-05  1.1765E-04
  6.9925E-02  8.9264E-05  8.9264E-05  1.2066E-04
  7.0530E-02  9.1600E-05  9.1600E-05  1.2375E-04
  7.1140E-02  9.3997E-05  9.3997E-05  1.2692E-04
  7.1755E-02  9.6456E-05  9.6456E-05  1.3017E-04
  7.2375E-02  9.8980E-05  9.8980E-05  1.3350E-04
  7.3001E-02  1.0157E-04  1.0157E-04  1.3692E-04
  7.3632E-02  1.0423E-04  1.0423E-04  1.4042E-04
  7.4269E-02  1.0695E-04  1.0695E-04  1.4401E-04
  7.4911E-02  1.0975E-04  1.0975E-04  1.4770E-04
  7.5558E-02  1.1263E-04  1.1263E-04  1.5147E-04
  7.6212E-02  1.1557E-04  1.1557E-04  1.5535E-04
  7.6871E-02  1.1860E-04  1.1860E-04  1.5932E-04
  7.7535E-02  1.2170E-04  1.2170E-04  1.6339E-04
  7.8206E-02  1.2488E-04  1.2488E-04  1.6757E-04
  7.8882E-02  1.2815E-04  1.2815E-04  1.7185E-04
  7.9564E-02  1.3150E-04  1.3150E-04  1.7624E-04
  8.0252E-02  1.3495E-04  1.3495E-04  1.8074E-04
  8.0945E-02  1.3848E-04  1.3848E-04  1.8536E-04
  8.1645E-02  1.4210E-04  1.4210E-04  1.9009E-04
  8.2351E-02  1.4582E-04  1.4582E-04  1.9495E-04
  8.3063E-02  1.4963E-04  1.4963E-04  1.9992E-04
  8.3781E-02  1.5355E-04  1.5355E-04  2.0502E-04
  8.4506E-02  1.5757E-04  1.5757E-04  2.1026E-04
  8.5236E-02  1.6169E-04  1.6169E-04  2.1562E-04
  8.5973E-02  1.6592E-04  1.6592E-04  2.2112E-04
  8.6717E-02  1.7026E-04  1.7026E-04  2.2676E-04
  8.7466E-02  1.7472E-04  1.7472E-04  2.3254E-04
  8.8223E-02  1.7929E-04  1.7929E-04  2.3847E-04
  8.8985E-02  1.8398E-04  1.8398E-04  2.4455E-04
  8.9755E-02  1.8880E-04  1.8880E-04  2.5078E-04
  9.0531E-02  1.9374E-04  1.9374E-04  2.5717E-04
  9.1313E-02  1.9880E-04  1.9880E-04  2.6372E-04
  9.2103E-02  2.0401E-04  2.0401E-04  2.7044E-04
  9.2899E-02  2.0935E-04  2.0935E-04  2.7732E-04
  9.3702E-02  2.1482E-04  2.1482E-04  2.8439E-04
  9.4512E-02  2.2044E-04  2.2044E-04  2.9162E-04
  9.5330E-02  2.2621E-04  2.2621E-04  2.9905E-04
  9.6154E-02  2.3213E-04  2.3213E-04  3.0665E-04
  9.6985E-02  2.3821E-04  2.3821E-04  3.1446E-04
  9.7824E-02  2.4444E-04  2.4444E-04  3.2245E-04
  9.8669E-02  2.5084E-04  2.5084E-04  3.3065E-04
  9.9523E-02  2.5740E-04  2.5740E-04  3.3906E-04
  1.0038E-01  2.6414E-04  2.6414E-04  3.4768E-04
  1.0125E-01  2.7105E-04  2.7105E-04  3.5651E-04
  1.0213E-01  2.7814E-04  2.7814E-04  3.6557E-04
  1.0301E-01  2.8542E-04  2.8542E-04  3.7486E-04
  1.0390E-01  2.9289E-04  2.9289E-04  3.8438E-04
  1.0480E-01  3.0055E-04  3.0055E-04  3.9414E-04
  1.0570E-01  3.0842E-04  3.0842E-04  4.0415E-04
  1.0662E-01  3.1649E-04  3.1649E-04  4.1441E-04
  1.0754E-01  3.2477E-04  3.2477E-04  4.2492E-04
  1.0847E-01  3.3327E-04  3.3327E-04  4.3570E-04
  1.0941E-01  3.4199E-04  3.4199E-04  4.4675E-04
  1.1035E-01  3.5094E-04  3.5094E-04  4.5808E-04
  1.1131E-01  3.6013E-04  3.6013E-04  4.6970E-04
  1.1227E-01  3.6955E-04  3.6955E-04  4.8161E-04
  1.1324E-01  3.7922E-04  3.7922E-04  4.9381E-04
  1.1422E-01  3.8914E-04  3.8914E-04  5.0632E-04
  1.1521E-01  3.9933E-04  3.9933E-04  5.1915E-04
  1.1620E-01  4.0978E-04  4.0978E-04  5.3230E-04
  1.1721E-01  4.2050E-04  4.2050E-04  5.4578E-04
  1.1822E-01  4.3151E-04  4.3151E-04  5.5960E-04
  1.1924E-01  4.4280E-04  4.4280E-04  5.7376E-04
  1.2027E-01  4.5439E-04  4.5439E-04  5.8828E-04
  1.2131E-01  4.6628E-04  4.6628E-04  6.0316E-04
  1.2236E-01  4.7848E-04  4.7848E-04  6.1842E-04
  1.2342E-01  4.9100E-04  4.9100E-04  6.3406E-04
  1.2449E-01  5.0385E-04  5.0385E-04  6.5009E-04
  1.2556E-01  5.1704E-04  5.1704E-04  6.6652E-04
  1.2665E-01  5.3057E-04  5.3057E-04  6.8337E-04
  1.2774E-01  5.4446E-04  5.4446E-04  7.0063E-04
  1.2885E-01  5.5871E-04  5.5871E-04  7.1833E-04
  1.2996E-01  5.7333E-04  5.7333E-04  7.3647E-04
  1.3109E-01  5.8834E-04  5.8834E-04  7.5507E-04
  1.3222E-01  6.0373E-04  6.0373E-04  7.7413E-04
  1.3336E-01  6.1953E-04  6.1953E-04  7.9366E-04
  1.3452E-01  6.3575E-04  6.3575E-04  8.1369E-04
  1.3568E-01  6.5239E-04  6.5239E-04  8.3421E-04
  1.3685E-01  6.6946E-04  6.6946E-04  8.5525E-04
  1.3804E-01  6.8698E-04  6.8698E-04  8.7682E-04
  1.3923E-01  7.0496E-04  7.0496E-04  8.9892E-04
  1.4043E-01  7.2342E-04  7.2342E-04  9.2157E-04
  1.4165E-01  7.4235E-04  7.4235E-04  9.4479E-04
  1.4287E-01  7.6178E-04  7.6178E-04  9.6859E-04
  1.4411E-01  7.8172E-04  7.8172E-04  9.9299E-04
  1.4535E-01  8.0218E-04  8.0218E-04  1.0180E-03
  1.4661E-01  8.2318E-04  8.2318E-04  1.0436E-03
  1.4788E-01  8.4472E-04  8.4472E-04  1.0699E-03
  1.4916E-01  8.6683E-04  8.6683E-04  1.0968E-03
  1.5044E-01  8.8952E-04  8.8952E-04  1.1244E-03
  1.5175E-01  9.1281E-04  9.1281E-04  1.1527E-03
  1.5306E-01  9.3670E-04  9.3670E-04  1.1816E-03
  1.5438E-01  9.6122E-04  9.6122E-04  1.2114E-03
  1.5572E-01  9.8638E-04  9.8638E-04  1.2418E-03
  1.5706E-01  1.0122E-03  1.0122E-03  1.2730E-03
  1.5842E-01  1.0387E-03  1.0387E-03  1.3050E-03
  1.5979E-01  1.0659E-03  1.0659E-03  1.3377E-03
  1.6117E-01  1.0938E-03  1.0938E-03  1.3713E-03
  1.6256E-01  1.1224E-03  1.1224E-03  1.4058E-03
  1.6397E-01  1.1518E-03  1.1518E-03  1.4410E-03
  1.6539E-01  1.1819E-03  1.1819E-03  1.4772E-03
  1.6682E-01  1.2129E-03  1.2129E-03  1.5142E-03
  1.6826E-01  1.2446E-03  1.2446E-03  1.5522E-03
  1.6971E-01  1.2772E-03  1.2772E-03  1.5911E-03
  1.7118E-01  1.3107E-03  1.3107E-03  1.6310E-03
  1.7266E-01  1.3450E-03  1.3450E-03  1.6719E-03
  1.7415E-01  1.3802E-03  1.3802E-03  1.7138E-03
  1.7566E-01  1.4163E-03  1.4163E-03  1.7567E-03
  1.7718E-01  1.4534E-03  1.4534E-03  1.8007E-03
  1.7871E-01  1.4914E-03  1.4914E-03  1.8458E-03
  1.8026E-01  1.5305E-03  1.5305E-03  1.8920E-03
  1.8181E-01  1.5706E-03  1.5706E-03  1.9393E-03
  1.8339E-01  1.6117E-03  1.6117E-03  1.9879E-03
  1.8497E-01  1.6539E-03  1.6539E-03  2.0376E-03
  1.8657E-01  1.6972E-03  1.6972E-03  2.0885E-03
  1.8818E-01  1.7416E-03  1.7416E-03  2.1408E-03
  1.8981E-01  1.7872E-03  1.7872E-03  2.1943E-03
  1.9145E-01  1.8340E-03  1.8340E-03  2.2491E-03
  1.9311E-01  1.8820E-03  1.8820E-03  2.3053E-03
  1.9478E-01  1.9313E-03  1.9313E-03  2.3629E-03
  1.9646E-01  1.9819E-03  1.9819E-03  2.4219E-03
  1.9816E-01  2.0338E-03  2.0338E-03  2.4824E-03
  1.9987E-01  2.0870E-03  2.0870E-03  2.5443E-03
  2.0160E-01  2.1417E-03  2.1417E-03  2.6078E-03
  2.0334E-01  2.1978E-03  2.1978E-03  2.6729E-03
  2.0510E-01  2.2553E-03  2.2553E-03  2.7396E-03
  2.0687E-01  2.3144E-03  2.3144E-03  2.8079E-03
  2.0866E-01  2.3750E-03  2.3750E-03  2.8779E-03
  2.1047E-01  2.4372E-03  2.4372E-03  2.9497E-03
  2.1229E-01  2.5010E-03  2.5010E-03  3.0232E-03
  2.1412E-01  2.5665E-03  2.5665E-03  3.0985E-03
  2.1597E-01  2.6337E-03  2.6337E-03  3.1757E-03
  2.1784E-01  2.7027E-03  2.7027E-03  3.2548E-03
  2.1972E-01  2.7734E-03  2.7734E-03  3.3359E-03
  2.2162E-01  2.8461E-03  2.8461E-03  3.4189E-03
  2.2354E-01  2.9206E-03  2.9206E-03  3.5041E-03
  2.2547E-01  2.9971E-03  2.9971E-03  3.5913E-03
  2.2742E-01  3.0756E-03  3.0756E-03  3.6806E-03
  2.2939E-01  3.1562E-03  3.1562E-03  3.7722E-03
  2.3137E-01  3.2388E-03  3.2388E-03  3.8660E-03
  2.3337E-01  3.3237E-03  3.3237E-03  3.9622E-03
  2.3539E-01  3.4107E-03  3.4107E-03  4.0607E-03
  2.3742E-01  3.5001E-03  3.5001E-03  4.1616E-03
  2.3948E-01  3.5918E-03  3.5918E-03  4.2651E-03
  2.4155E-01  3.6859E-03  3.6859E-03  4.3711E-03
  2.4364E-01  3.7824E-03  3.7824E-03  4.4797E-03
  2.4574E-01  3.8815E-03  3.8815E-03  4.5909E-03
  2.4787E-01  3.9832E-03  3.9832E-03  4.7050E-03
  2.5001E-01  4.0875E-03  4.0875E-03  4.8218E-03
  2.5217E-01  4.1946E-03  4.1946E-03  4.9415E-03
  2.5435E-01  4.3045E-03  4.3045E-03  5.0642E-03
  2.5655E-01  4.4173E-03  4.4173E-03  5.1899E-03
  2.5877E-01  4.5330E-03  4.5330E-03  5.3187E-03
  2.6101E-01  4.6518E-03  4.6518E-03  5.4507E-03
  2.6326E-01  4.7737E-03  4.7737E-03  5.5859E-03
  2.6554E-01  4.8988E-03  4.8988E-03  5.7245E-03
  2.6783E-01  5.0272E-03  5.0272E-03  5.8664E-03
  2.7015E-01  5.1589E-03  5.1589E-03  6.0119E-03
  2.7248E-01  5.2941E-03  5.2941E-03  6.1610E-03
  2.7484E-01  5.4328E-03  5.4328E-03  6.3137E-03
  2.7722E-01  5.5752E-03  5.5752E-03  6.4702E-03
  2.7961E-01  5.7213E-03  5.7213E-03  6.6306E-03
  2.8203E-01  5.8713E-03  5.8713E-03  6.7949E-03
  2.8447E-01  6.0251E-03  6.0251E-03  6.9633E-03
  2.8693E-01  6.1831E-03  6.1831E-03  7.1358E-03
  2.8941E-01  6.3451E-03  6.3451E-03  7.3126E-03
  2.9191E-01  6.5114E-03  6.5114E-03  7.4937E-03
  2.9444E-01  6.6821E-03  6.6821E-03  7.6794E-03
  2.9698E-01  6.8573E-03  6.8573E-03  7.8696E-03
  2.9955E-01  7.0371E-03  7.0371E-03  8.0644E-03
  3.0214E-01  7.2216E-03  7.2216E-03  8.2641E-03
  3.0475E-01  7.4109E-03  7.4109E-03  8.4688E-03
  3.0738E-01  7.6052E-03  7.6052E-03  8.6785E-03
  3.1004E-01  7.8046E-03  7.8046E-03  8.8933E-03
  3.1272E-01  8.0092E-03  8.0092E-03  9.1135E-03
  3.1543E-01  8.2192E-03  8.2192E-03  9.3391E-03
  3.1815E-01  8.4348E-03  8.4348E-03  9.5703E-03
  3.2090E-01  8.6560E-03  8.6560E-03  9.8072E-03
  3.2368E-01  8.8830E-03  8.8830E-03  1.0050E-02
  3.2648E-01  9.1159E-03  9.1159E-03  1.0299E-02
  3.2930E-01  9.3550E-03  9.3550E-03  1.0554E-02
  3.3215E-01  9.6004E-03  9.6004E-03  1.0815E-02
  3.3502E-01  9.8522E-03  9.8522E-03  1.1082E-02
  3.3791E-01  1.0111E-02  1.0111E-02  1.1357E-02
  3.4084E-01  1.0376E-02  1.0376E-02  1.1638E-02
  3.4378E-01  1.0648E-02  1.0648E-02  1.1926E-02
  3.4676E-01  1.0927E-02  1.0927E-02  1.2221E-02
  3.4975E-01  1.1214E-02  1.1214E-02  1.2524E-02
  3.5278E-01  1.1508E-02  1.1508E-02  1.2834E-02
  3.5583E-01  1.1810E-02  1.1810E-02  1.3151E-02
  3.5890E-01  1.2120E-02  1.2120E-02  1.3477E-02
  3.6201E-01  1.2438E-02  1.2438E-02  1.3811E-02
  3.6514E-01  1.2765E-02  1.2765E-02  1.4153E-02
  3.6829E-01  1.3100E-02  1.3100E-02  1.4503E-02
  3.7148E-01  1.3444E-02  1.3444E-02  1.4862E-02
  3.7469E-01  1.3797E-02  1.3797E-02  1.5230E-02
  3.7793E-01  1.4159E-02  1.4159E-02  1.5608E-02
  3.8120E-01  1.4531E-02  1.4531E-02  1.5994E-02
  3.8449E-01  1.4912E-02  1.4912E-02  1.6391E-02
  3.8782E-01  1.5304E-02  1.5304E-02  1.6797E-02
  3.9117E-01  1.5706E-02  1.5706E-02  1.7213E-02
  3.9455E-01  1.6118E-02  1.6118E-02  1.7640E-02
  3.9796E-01  1.6542E-02  1.6542E-02  1.8077E-02
  4.0140E-01  1.6976E-02  1.6976E-02  1.8525E-02
  4.0487E-01  1.7422E-02  1.7422E-02  1.8985E-02
  4.0837E-01  1.7880E-02  1.7880E-02  1.9456E-02
  4.1190E-01  1.8349E-02  1.8349E-02  1.9938E-02
  4.1546E-01  1.8832E-02  1.8832E-02  2.0433E-02
  4.1906E-01  1.9327E-02  1.9327E-02  2.0940E-02
  4.2268E-01  1.9834E-02  1.9834E-02  2.1460E-02
  4.2633E-01  2.0356E-02  2.0356E-02  2.1993E-02
  4.3002E-01  2.0891E-02  2.0891E-02  2.2540E-02
  4.3374E-01  2.1440E-02  2.1440E-02  2.3100E-02
  4.3749E-01  2.2004E-02  2.2004E-02  2.3674E-02
  4.4127E-01  2.2583E-02  2.2583E-02  2.4263E-02
  4.4508E-01  2.3177E-02  2.3177E-02  2.4867E-02
  4.4893E-01  2.3786E-02  2.3786E-02  2.5485E-02
  4.5281E-01  2.4412E-02  2.4412E-02  2.6120E-02
  4.5673E-01  2.5054E-02  2.5054E-02  2.6770E-02
  4.6068E-01  2.5713E-02  2.5713E-02  2.7437E-02
  4.6466E-01  2.6390E-02  2.6390E-02  2.8121E-02
  4.6868E-01  2.7085E-02  2.7085E-02  2.8822E-02
  4.7273E-01  2.7798E-02  2.7798E-02  2.9541E-02
  4.7682E-01  2.8530E-02  2.8530E-02  3.0278E-02
  4.8094E-01  2.9281E-02  2.9281E-02  3.1034E-02
  4.8510E-01  3.0052E-02  3.0052E-02  3.1809E-02
  4.8929E-01  3.0844E-02  3.0844E-02  3.2604E-02
  4.9352E-01  3.1657E-02  3.1657E-02  3.3419E-02
  4.9779E-01  3.2491E-02  3.2491E-02  3.4255E-02
  5.0209E-01  3.3347E-02  3.3347E-02  3.5113E-02
  5.0643E-01  3.4226E-02  3.4226E-02  3.5992E-02
  5.1081E-01  3.5129E-02  3.5129E-02  3.6894E-02
  5.1523E-01  3.6055E-02  3.6055E-02  3.7819E-02
  5.1968E-01  3.7006E-02  3.7006E-02  3.8768E-02
  5.2417E-01  3.7982E-02  3.7982E-02  3.9742E-02
  5.2871E-01  3.8985E-02  3.8985E-02  4.0740E-02
  5.3328E-01  4.0014E-02  4.0014E-02  4.1764E-02
  5.3789E-01  4.1070E-02  4.1070E-02  4.2815E-02
  5.4254E-01  4.2155E-02  4.2155E-02  4.3893E-02
  5.4723E-01  4.3268E-02  4.3268E-02  4.4999E-02
  5.5196E-01  4.4412E-02  4.4412E-02  4.6133E-02
  5.5673E-01  4.5585E-02  4.5585E-02  4.7298E-02
  5.6154E-01  4.6791E-02  4.6791E-02  4.8492E-02
  5.6640E-01  4.8028E-02  4.8028E-02  4.9718E-02
  5.7130E-01  4.9299E-02  4.9299E-02  5.0975E-02
  5.7624E-01  5.0603E-02  5.0603E-02  5.2266E-02
  5.8122E-01  5.1943E-02  5.1943E-02  5.3591E-02
  5.8624E-01  5.3318E-02  5.3318E-02  5.4950E-02
  5.9131E-01  5.4730E-02  5.4730E-02  5.6345E-02
  5.9642E-01  5.6181E-02  5.6181E-02  5.7777E-02
  6.0158E-01  5.7670E-02  5.7670E-02  5.9247E-02
  6.0678E-01  5.9199E-02  5.9199E-02  6.0755E-02
  6.1203E-01  6.0770E-02  6.0770E-02  6.2304E-02
  6.1732E-01  6.2383E-02  6.2383E-02  6.3894E-02
  6.2265E-01  6.4039E-02  6.4039E-02  6.5526E-02
  6.2804E-01  6.5740E-02  6.5740E-02  6.7201E-02
  6.3347E-01  6.7487E-02  6.7487E-02  6.8922E-02
  6.3894E-01  6.9282E-02  6.9282E-02  7.0689E-02
  6.4447E-01  7.1125E-02  7.1125E-02  7.2503E-02
  6.5004E-01  7.3018E-02  7.3018E-02  7.4365E-02
  6.5566E-01  7.4962E-02  7.4962E-02  7.6279E-02
  6.6133E-01  7.6960E-02  7.6960E-02  7.8243E-02
  6.6705E-01  7.9012E-02  7.9012E-02  8.0262E-02
  6.7281E-01  8.1119E-02  8.1119E-02  8.2334E-02
  6.7863E-01  8.3285E-02  8.3285E-02  8.4464E-02
  6.8450E-01  8.5509E-02  8.5509E-02  8.6651E-02
  6.9041E-01  8.7795E-02  8.7795E-02  8.8899E-02
  6.9638E-01  9.0143E-02  9.0143E-02  9.1207E-02
  7.0240E-01  9.2556E-02  9.2556E-02  9.3580E-02
  7.0848E-01  9.5035E-02  9.5035E-02  9.6018E-02
  7.1460E-01  9.7582E-02  9.7582E-02  9.8523E-02
  7.2078E-01  1.0020E-01  1.0020E-01  1.0110E-01
  7.2701E-01  1.0289E-01  1.0289E-01  1.0374E-01
  7.3330E-01  1.0566E-01  1.0566E-01  1.0646E-01
  7.3964E-01  1.0850E-01  1.0850E-01  1.0926E-01
  7.4603E-01  1.1142E-01  1.1142E-01  1.1213E-01
  7.5248E-01  1.1442E-01  1.1442E-01  1.1509E-01
  7.5899E-01  1.1751E-01  1.1751E-01  1.1813E-01
  7.6555E-01  1.2068E-01  1.2068E-01  1.2125E-01
  7.7217E-01  1.2394E-01  1.2394E-01  1.2446E-01
  7.7884E-01  1.2729E-01  1.2729E-01  1.2777E-01
  7.8558E-01  1.3074E-01  1.3074E-01  1.3117E-01
  7.9237E-01  1.3429E-01  1.3429E-01  1.3466E-01
  7.9922E-01  1.3793E-01  1.3793E-01  1.3826E-01
  8.0613E-01  1.4168E-01  1.4168E-01  1.4196E-01
  8.1310E-01  1.4554E-01  1.4554E-01  1.4576E-01
  8.2013E-01  1.4951E-01  1.4951E-01  1.4968E-01
  8.2722E-01  1.5359E-01  1.5359E-01  1.5371E-01
  8.3437E-01  1.5779E-01  1.5779E-01  1.5786E-01
  8.4158E-01  1.6211E-01  1.6211E-01  1.6213E-01
  8.4886E-01  1.6655E-01  1.6655E-01  1.6652E-01
  8.5620E-01  1.7112E-01  1.7112E-01  1.7105E-01
  8.6360E-01  1.7583E-01  1.7583E-01  1.7570E-01
  8.7107E-01  1.8067E-01  1.8067E-01  1.8050E-01
  8.7860E-01  1.8566E-01  1.8566E-01  1.8544E-01
  8.8619E-01  1.9079E-01  1.9079E-01  1.9053E-01
  8.9386E-01  1.9607E-01  1.9607E-01  1.9577E-01
  9.0158E-01  2.0152E-01  2.0152E-01  2.0116E-01
  9.0938E-01  2.0712E-01  2.0712E-01  2.0673E-01
  9.1724E-01  2.1289E-01  2.1289E-01  2.1246E-01
  9.2517E-01  2.1883E-01  2.1883E-01  2.1836E-01
  9.3317E-01  2.2495E-01  2.2495E-01  2.2444E-01
  9.4124E-01  2.3126E-01  2.3126E-01  2.3072E-01
  9.4937E-01  2.3776E-01  2.3776E-01  2.3718E-01
  9.5758E-01  2.4446E-01  2.4446E-01  2.4385E-01
  9.6586E-01  2.5136E-01  2.5136E-01  2.5072E-01
  9.7421E-01  2.5847E-01  2.5847E-01  2.5781E-01
  9.8263E-01  2.6581E-01  2.6581E-01  2.6512E-01
  9.9113E-01  2.7337E-01  2.7337E-01  2.7266E-01
  9.9970E-01  2.8117E-01  2.8117E-01  2.8044E-01
  1.0083E+00  2.8921E-01  2.8921E-01  2.8847E-01
  1.0171E+00  2.9751E-01  2.9751E-01  2.9675E-01
  1.0259E+00  3.0607E-01  3.0607E-01  3.0530E-01
  1.0347E+00  3.1490E-01  3.1490E-01  3.1412E-01
  1.0437E+00  3.2401E-01  3.2401E-01  3.2323E-01
  1.0527E+00  3.3342E-01  3.3342E-01  3.3263E-01
  1.0618E+00  3.4313E-01  3.4313E-01  3.4234E-01
  1.0710E+00  3.5316E-01  3.5316E-01  3.5237E-01
  1.0802E+00  3.6352E-01  3.6352E-01  3.6273E-01
  1.0896E+00  3.7421E-01  3.7421E-01  3.7343E-01
  1.0990E+00  3.8526E-01  3.8526E-01  3.8449E-01
  1.1085E+00  3.9667E-01  3.9667E-01  3.9592E-01
  1.1181E+00  4.0847E-01  4.0847E-01  4.0773E-01
  1.1277E+00  4.2066E-01  4.2066E-01  4.1994E-01
  1.1375E+00  4.3326E-01  4.3326E-01  4.3257E-01
  1.1473E+00  4.4629E-01  4.4629E-01  4.4562E-01
  1.1572E+00  4.5977E-01  4.5977E-01  4.5912E-01
  1.1672E+00  4.7371E-01  4.7371E-01  4.7309E-01
  1.1773E+00  4.8813E-01  4.8813E-01  4.8754E-01
  1.1875E+00  5.0305E-01  5.0305E-01  5.0249E-01
  1.1978E+00  5.1849E-01  5.1849E-01  5.1797E-01
  1.2081E+00  5.3448E-01  5.3448E-01  5.3398E-01
  1.2186E+00  5.5103E-01  5.5103E-01  5.5057E-01
  1.2291E+00  5.6816E-01  5.6816E-01  5.6774E-01
  1.2397E+00  5.8591E-01  5.8591E-01  5.8552E-01
  1.2505E+00  6.0430E-01  6.0430E-01  6.0394E-01
  1.2613E+00  6.2335E-01  6.2335E-01  6.2303E-01
  1.2722E+00  6.4310E-01  6.4310E-01  6.4281E-01
  1.2832E+00  6.6356E-01  6.6356E-01  6.6331E-01
  1.2943E+00  6.8478E-01  6.8478E-01  6.8456E-01
  1.3055E+00  7.0678E-01  7.0678E-01  7.0659E-01
  1.3167E+00  7.2960E-01  7.2960E-01  7.2944E-01
  1.3281E+00  7.5327E-01  7.5327E-01  7.5314E-01
  1.3396E+00  7.7784E-01  7.7784E-01  7.7773E-01
  1.3512E+00  8.0333E-01  8.0333E-01  8.0325E-01
  1.3629E+00  8.2979E-01  8.2979E-01  8.2973E-01
  1.3747E+00  8.5726E-01  8.5726E-01  8.5722E-01
  1.3865E+00  8.8578E-01  8.8578E-01  8.8577E-01
  1.3985E+00  9.1541E-01  9.1541E-01  9.1541E-01
  1.4106E+00  9.4619E-01  9.4619E-01  9.4620E-01
  1.4228E+00  9.7817E-01  9.7817E-01  9.7819E-01
  1.4351E+00  1.0114E+00  1.0114E+00  1.0114E+00
  1.4475E+00  1.0460E+00  1.0460E+00  1.0460E+00
  1.4600E+00  1.0819E+00  1.0819E+00  1.0819E+00
  1.4727E+00  1.1192E+00  1.1192E+00  1.1193E+00
  1.4854E+00  1.1581E+00  1.1581E+00  1.1581E+00
  1.4982E+00  1.1985E+00  1.1985E+00  1.1986E+00
  1.5112E+00  1.2406E+00  1.2406E+00  1.2406E+00
  1.5243E+00  1.2844E+00  1.2844E+00  1.2844E+00
  1.5374E+00  1.3300E+00  1.3300E+00  1.3300E+00
  1.5507E+00  1.3774E+00  1.3774E+00  1.3775E+00
  1.5641E+00  1.4269E+00  1.4269E+00  1.4269E+00
  1.5777E+00  1.4784E+00  1.4784E+00  1.4784E+00
  1.5913E+00  1.5321E+00  1.5321E+00  1.5321E+00
  1.6051E+00  1.5880E+00  1.5880E+00  1.5880E+00
  1.6189E+00  1.6463E+00  1.6463E+00  1.6463E+00
  1.6329E+00  1.7071E+00  1.7071E+00  1.7071E+00
  1.6470E+00  1.7706E+00  1.7706E+00  1.7706E+00
  1.6613E+00  1.8368E+00  1.8368E+00  1.8367E+00
  1.6756E+00  1.9058E+00  1.9058E+00  1.9058E+00
  1.6901E+00  1.9779E+00  1.9779E+00  1.9779E+00
  1.7047E+00  2.0532E+00  2.0532E+00  2.0532E+00
  1.7195E+00  2.1319E+00  2.1319E+00  2.1318E+00
  1.7344E+00  2.2140E+00  2.2140E+00  2.2140E+00
  1.7493E+00  2.2998E+00  2.2998E+00  2.2998E+00
