  0.0000000E+00  0.0000000E+00  0.0000000E+00
  2.8818375E-08  2.6386852E-07  4.7129512E-08
  5.7885899E-08  5.3001828E-07  9.4666475E-08
  8.7204727E-08  7.9846899E-07  1.4261441E-07
  1.1677703E-07  1.0692405E-06  1.9097687E-07
  1.4660500E-07  1.3423530E-06  2.3975744E-07
  1.7669085E-07  1.6178266E-06  2.8895974E-07
  2.0703681E-07  1.8956818E-06  3.3858741E-07
  2.3764513E-07  2.1759391E-06  3.8864412E-07
  2.6851806E-07  2.4586194E-06  4.3913359E-07
  2.9965791E-07  2.7437435E-06  4.9005956E-07
  3.3106699E-07  3.0313326E-06  5.4142580E-07
  3.6274760E-07  3.3214079E-06  5.9323611E-07
  3.9470212E-07  3.6139911E-06  6.4549435E-07
  4.2693289E-07  3.9091038E-06  6.9820437E-07
  4.5944232E-07  4.2067678E-06  7.5137009E-07
  4.9223281E-07  4.5070052E-06  8.0499544E-07
  5.2530679E-07  4.8098383E-06  8.5908440E-07
  5.5866671E-07  5.1152894E-06  9.1364097E-07
  5.9231505E-07  5.4233812E-06  9.6866921E-07
  6.2625429E-07  5.7341366E-06  1.0241732E-06
  6.6048695E-07  6.0475786E-06  1.0801570E-06
  6.9501558E-07  6.3637304E-06  1.1366248E-06
  7.2984272E-07  6.6826154E-06  1.1935808E-06
  7.6497096E-07  7.0042573E-06  1.2510292E-06
  8.0040290E-07  7.3286798E-06  1.3089743E-06
  8.3614116E-07  7.6559071E-06  1.3674203E-06
  8.7218841E-07  7.9859634E-06  1.4263716E-06
  9.0854730E-07  8.3188731E-06  1.4858325E-06
  9.4522053E-07  8.6546609E-06  1.5458075E-06
  9.8221082E-07  8.9933516E-06  1.6063010E-06
  1.0195209E-06  9.3349705E-06  1.6673175E-06
  1.0571536E-06  9.6795428E-06  1.7288615E-06
  1.0951116E-06  1.0027094E-05  1.7909376E-06
  1.1333978E-06  1.0377650E-05  1.8535503E-06
  1.1720149E-06  1.0731236E-05  1.9167043E-06
  1.2109660E-06  1.1087880E-05  1.9804043E-06
  1.2502538E-06  1.1447606E-05  2.0446550E-06
  1.2898812E-06  1.1810443E-05  2.1094612E-06
  1.3298513E-06  1.2176416E-05  2.1748277E-06
  1.3701669E-06  1.2545554E-05  2.2407592E-06
  1.4108311E-06  1.2917882E-05  2.3072608E-06
  1.4518468E-06  1.3293430E-05  2.3743372E-06
  1.4932171E-06  1.3672224E-05  2.4419936E-06
  1.5349451E-06  1.4054293E-05  2.5102349E-06
  1.5770339E-06  1.4439665E-05  2.5790661E-06
  1.6194865E-06  1.4828369E-05  2.6484924E-06
  1.6623062E-06  1.5220433E-05  2.7185189E-06
  1.7054961E-06  1.5615887E-05  2.7891509E-06
  1.7490593E-06  1.6014759E-05  2.8603934E-06
  1.7929992E-06  1.6417080E-05  2.9322518E-06
  1.8373190E-06  1.6822879E-05  3.0047315E-06
  1.8820219E-06  1.7232186E-05  3.0778378E-06
  1.9271114E-06  1.7645032E-05  3.1515761E-06
  1.9725906E-06  1.8061447E-05  3.2259519E-06
  2.0184630E-06  1.8481461E-05  3.3009707E-06
  2.0647321E-06  1.8905107E-05  3.3766381E-06
  2.1114011E-06  1.9332416E-05  3.4529596E-06
  2.1584736E-06  1.9763419E-05  3.5299409E-06
  2.2059531E-06  2.0198148E-05  3.6075877E-06
  2.2538431E-06  2.0636635E-05  3.6859059E-06
  2.3021471E-06  2.1078913E-05  3.7649010E-06
  2.3508687E-06  2.1525014E-05  3.8445792E-06
  2.4000115E-06  2.1974973E-05  3.9249461E-06
  2.4495792E-06  2.2428821E-05  4.0060079E-06
  2.4995755E-06  2.2886593E-05  4.0877704E-06
  2.5500040E-06  2.3348322E-05  4.1702398E-06
  2.6008684E-06  2.3814043E-05  4.2534222E-06
  2.6521726E-06  2.4283790E-05  4.3373237E-06
  2.7039204E-06  2.4757599E-05  4.4219505E-06
  2.7561156E-06  2.5235503E-05  4.5073090E-06
  2.8087620E-06  2.5717540E-05  4.5934054E-06
  2.8618635E-06  2.6203743E-05  4.6802461E-06
  2.9154242E-06  2.6694150E-05  4.7678376E-06
  2.9694479E-06  2.7188796E-05  4.8561863E-06
  3.0239387E-06  2.7687719E-05  4.9452988E-06
  3.0789005E-06  2.8190955E-05  5.0351817E-06
  3.1343376E-06  2.8698542E-05  5.1258417E-06
  3.1902539E-06  2.9210516E-05  5.2172854E-06
  3.2466537E-06  2.9726917E-05  5.3095197E-06
  3.3035410E-06  3.0247782E-05  5.4025513E-06
  3.3609202E-06  3.0773151E-05  5.4963872E-06
  3.4187955E-06  3.1303061E-05  5.5910344E-06
  3.4771711E-06  3.1837552E-05  5.6864998E-06
  3.5360514E-06  3.2376664E-05  5.7827905E-06
  3.5954407E-06  3.2920437E-05  5.8799137E-06
  3.6553435E-06  3.3468911E-05  5.9778765E-06
  3.7157642E-06  3.4022126E-05  6.0766862E-06
  3.7767073E-06  3.4580124E-05  6.1763501E-06
  3.8381772E-06  3.5142946E-05  6.2768756E-06
  3.9001786E-06  3.5710634E-05  6.3782702E-06
  3.9627160E-06  3.6283229E-05  6.4805414E-06
  4.0257941E-06  3.6860774E-05  6.5836967E-06
  4.0894175E-06  3.7443313E-05  6.6877438E-06
  4.1535910E-06  3.8030888E-05  6.7926904E-06
  4.2183193E-06  3.8623542E-05  6.8985443E-06
  4.2836072E-06  3.9221320E-05  7.0053133E-06
  4.3494596E-06  3.9824265E-05  7.1130053E-06
  4.4158813E-06  4.0432424E-05  7.2216283E-06
  4.4828772E-06  4.1045839E-05  7.3311904E-06
  4.5504523E-06  4.1664558E-05  7.4416997E-06
  4.6186117E-06  4.2288626E-05  7.5531644E-06
  4.6873603E-06  4.2918089E-05  7.6655926E-06
  4.7567033E-06  4.3552994E-05  7.7789928E-06
  4.8266459E-06  4.4193387E-05  7.8933734E-06
  4.8971931E-06  4.4839317E-05  8.0087428E-06
  4.9683502E-06  4.5490831E-05  8.1251096E-06
  5.0401225E-06  4.6147977E-05  8.2424823E-06
  5.1125153E-06  4.6810804E-05  8.3608698E-06
  5.1855340E-06  4.7479362E-05  8.4802807E-06
  5.2591840E-06  4.8153699E-05  8.6007240E-06
  5.3334707E-06  4.8833866E-05  8.7222085E-06
  5.4083996E-06  4.9519913E-05  8.8447432E-06
  5.4839764E-06  5.0211891E-05  8.9683373E-06
  5.5602066E-06  5.0909851E-05  9.0929998E-06
  5.6370958E-06  5.1613845E-05  9.2187401E-06
  5.7146497E-06  5.2323925E-05  9.3455673E-06
  5.7928742E-06  5.3040143E-05  9.4734910E-06
  5.8717749E-06  5.3762554E-05  9.6025207E-06
  5.9513578E-06  5.4491210E-05  9.7326657E-06
  6.0316287E-06  5.5226164E-05  9.8639359E-06
  6.1125936E-06  5.5967473E-05  9.9963409E-06
  6.1942585E-06  5.6715190E-05  1.0129891E-05
  6.2766294E-06  5.7469372E-05  1.0264595E-05
  6.3597124E-06  5.8230073E-05  1.0400464E-05
  6.4435138E-06  5.8997351E-05  1.0537507E-05
  6.5280396E-06  5.9771261E-05  1.0675735E-05
  6.6132963E-06  6.0551862E-05  1.0815158E-05
  6.6992900E-06  6.1339212E-05  1.0955786E-05
  6.7860272E-06  6.2133368E-05  1.1097630E-05
  6.8735142E-06  6.2934389E-05  1.1240701E-05
  6.9617576E-06  6.3742335E-05  1.1385008E-05
  7.0507640E-06  6.4557266E-05  1.1530562E-05
  7.1405398E-06  6.5379242E-05  1.1677375E-05
  7.2310918E-06  6.6208324E-05  1.1825458E-05
  7.3224267E-06  6.7044574E-05  1.1974820E-05
  7.4145512E-06  6.7888052E-05  1.2125474E-05
  7.5074722E-06  6.8738823E-05  1.2277430E-05
  7.6011965E-06  6.9596948E-05  1.2430699E-05
  7.6957311E-06  7.0462492E-05  1.2585294E-05
  7.7910830E-06  7.1335518E-05  1.2741225E-05
  7.8872593E-06  7.2216092E-05  1.2898504E-05
  7.9842671E-06  7.3104278E-05  1.3057143E-05
  8.0821135E-06  7.4000143E-05  1.3217153E-05
  8.1808059E-06  7.4903752E-05  1.3378546E-05
  8.2803515E-06  7.5815172E-05  1.3541335E-05
  8.3807578E-06  7.6734472E-05  1.3705531E-05
  8.4820321E-06  7.7661719E-05  1.3871147E-05
  8.5841820E-06  7.8596983E-05  1.4038194E-05
  8.6872150E-06  7.9540331E-05  1.4206685E-05
  8.7911388E-06  8.0491834E-05  1.4376633E-05
  8.8959611E-06  8.1451564E-05  1.4548050E-05
  9.0016896E-06  8.2419589E-05  1.4720949E-05
  9.1083322E-06  8.3395984E-05  1.4895343E-05
  9.2158968E-06  8.4380819E-05  1.5071244E-05
  9.3243913E-06  8.5374168E-05  1.5248666E-05
  9.4338238E-06  8.6376104E-05  1.5427621E-05
  9.5442024E-06  8.7386702E-05  1.5608124E-05
  9.6555353E-06  8.8406036E-05  1.5790187E-05
  9.7678308E-06  8.9434182E-05  1.5973824E-05
  9.8810970E-06  9.0471217E-05  1.6159049E-05
  9.9953426E-06  9.1517216E-05  1.6345875E-05
  1.0110576E-05  9.2572258E-05  1.6534315E-05
  1.0226805E-05  9.3636420E-05  1.6724385E-05
  1.0344040E-05  9.4709782E-05  1.6916098E-05
  1.0462288E-05  9.5792423E-05  1.7109469E-05
  1.0581558E-05  9.6884424E-05  1.7304511E-05
  1.0701859E-05  9.7985864E-05  1.7501239E-05
  1.0823201E-05  9.9096826E-05  1.7699667E-05
  1.0945591E-05  1.0021739E-04  1.7899811E-05
  1.1069040E-05  1.0134765E-04  1.8101686E-05
  1.1193556E-05  1.0248767E-04  1.8305305E-05
  1.1319148E-05  1.0363755E-04  1.8510685E-05
  1.1445826E-05  1.0479737E-04  1.8717840E-05
  1.1573600E-05  1.0596721E-04  1.8926786E-05
  1.1702478E-05  1.0714717E-04  1.9137538E-05
  1.1832470E-05  1.0833733E-04  1.9350112E-05
  1.1963586E-05  1.0953778E-04  1.9564524E-05
  1.2095836E-05  1.1074860E-04  1.9780790E-05
  1.2229229E-05  1.1196990E-04  1.9998924E-05
  1.2363775E-05  1.1320175E-04  2.0218945E-05
  1.2499485E-05  1.1444425E-04  2.0440868E-05
  1.2636368E-05  1.1569749E-04  2.0664709E-05
  1.2774434E-05  1.1696156E-04  2.0890485E-05
  1.2913694E-05  1.1823656E-04  2.1118213E-05
  1.3054158E-05  1.1952259E-04  2.1347909E-05
  1.3195836E-05  1.2081973E-04  2.1579591E-05
  1.3338739E-05  1.2212808E-04  2.1813276E-05
  1.3482878E-05  1.2344775E-04  2.2048981E-05
  1.3628262E-05  1.2477882E-04  2.2286724E-05
  1.3774904E-05  1.2612140E-04  2.2526521E-05
  1.3922813E-05  1.2747558E-04  2.2768392E-05
  1.4072002E-05  1.2884147E-04  2.3012354E-05
  1.4222480E-05  1.3021917E-04  2.3258425E-05
  1.4374259E-05  1.3160878E-04  2.3506622E-05
  1.4527350E-05  1.3301040E-04  2.3756966E-05
  1.4681765E-05  1.3442414E-04  2.4009473E-05
  1.4837514E-05  1.3585010E-04  2.4264164E-05
  1.4994611E-05  1.3728839E-04  2.4521056E-05
  1.5153065E-05  1.3873911E-04  2.4780168E-05
  1.5312890E-05  1.4020237E-04  2.5041521E-05
  1.5474096E-05  1.4167827E-04  2.5305133E-05
  1.5636696E-05  1.4316694E-04  2.5571023E-05
  1.5800701E-05  1.4466848E-04  2.5839213E-05
  1.5966125E-05  1.4618300E-04  2.6109720E-05
  1.6132978E-05  1.4771060E-04  2.6382566E-05
  1.6301275E-05  1.4925142E-04  2.6657771E-05
  1.6471026E-05  1.5080555E-04  2.6935354E-05
  1.6642245E-05  1.5237312E-04  2.7215337E-05
  1.6814944E-05  1.5395424E-04  2.7497741E-05
  1.6989136E-05  1.5554903E-04  2.7782586E-05
  1.7164834E-05  1.5715760E-04  2.8069893E-05
  1.7342051E-05  1.5878008E-04  2.8359683E-05
  1.7520801E-05  1.6041658E-04  2.8651979E-05
  1.7701095E-05  1.6206723E-04  2.8946801E-05
  1.7882949E-05  1.6373215E-04  2.9244172E-05
  1.8066374E-05  1.6541147E-04  2.9544114E-05
  1.8251386E-05  1.6710529E-04  2.9846648E-05
  1.8437997E-05  1.6881376E-04  3.0151798E-05
  1.8626221E-05  1.7053700E-04  3.0459585E-05
  1.8816073E-05  1.7227514E-04  3.0770033E-05
  1.9007566E-05  1.7402830E-04  3.1083165E-05
  1.9200714E-05  1.7579661E-04  3.1399004E-05
  1.9395533E-05  1.7758022E-04  3.1717572E-05
  1.9592035E-05  1.7937924E-04  3.2038895E-05
  1.9790237E-05  1.8119381E-04  3.2362995E-05
  1.9990152E-05  1.8302406E-04  3.2689897E-05
  2.0191795E-05  1.8487014E-04  3.3019625E-05
  2.0395182E-05  1.8673218E-04  3.3352202E-05
  2.0600327E-05  1.8861031E-04  3.3687655E-05
  2.0807246E-05  1.9050467E-04  3.4026008E-05
  2.1015954E-05  1.9241542E-04  3.4367285E-05
  2.1226466E-05  1.9434268E-04  3.4711513E-05
  2.1438798E-05  1.9628659E-04  3.5058715E-05
  2.1652966E-05  1.9824732E-04  3.5408920E-05
  2.1868985E-05  2.0022499E-04  3.5762151E-05
  2.2086872E-05  2.0221975E-04  3.6118436E-05
  2.2306643E-05  2.0423176E-04  3.6477801E-05
  2.2528313E-05  2.0626117E-04  3.6840272E-05
  2.2751901E-05  2.0830811E-04  3.7205877E-05
  2.2977421E-05  2.1037275E-04  3.7574641E-05
  2.3204891E-05  2.1245524E-04  3.7946594E-05
  2.3434327E-05  2.1455572E-04  3.8321761E-05
  2.3665748E-05  2.1667437E-04  3.8700172E-05
  2.3899168E-05  2.1881132E-04  3.9081854E-05
  2.4134607E-05  2.2096675E-04  3.9466834E-05
  2.4372082E-05  2.2314081E-04  3.9855143E-05
  2.4611609E-05  2.2533367E-04  4.0246808E-05
  2.4853208E-05  2.2754548E-04  4.0641859E-05
  2.5096895E-05  2.2977641E-04  4.1040325E-05
  2.5342689E-05  2.3202662E-04  4.1442235E-05
  2.5590608E-05  2.3429628E-04  4.1847619E-05
  2.5840670E-05  2.3658556E-04  4.2256508E-05
  2.6092894E-05  2.3889463E-04  4.2668930E-05
  2.6347299E-05  2.4122366E-04  4.3084918E-05
  2.6603903E-05  2.4357283E-04  4.3504501E-05
  2.6862726E-05  2.4594230E-04  4.3927712E-05
  2.7123786E-05  2.4833225E-04  4.4354580E-05
  2.7387104E-05  2.5074285E-04  4.4785139E-05
  2.7652698E-05  2.5317430E-04  4.5219419E-05
  2.7920588E-05  2.5562676E-04  4.5657453E-05
  2.8190794E-05  2.5810042E-04  4.6099273E-05
  2.8463336E-05  2.6059547E-04  4.6544912E-05
  2.8738235E-05  2.6311208E-04  4.6994404E-05
  2.9015510E-05  2.6565044E-04  4.7447780E-05
  2.9295182E-05  2.6821075E-04  4.7905076E-05
  2.9577272E-05  2.7079318E-04  4.8366324E-05
  2.9861801E-05  2.7339794E-04  4.8831560E-05
  3.0148790E-05  2.7602521E-04  4.9300816E-05
  3.0438260E-05  2.7867519E-04  4.9774129E-05
  3.0730233E-05  2.8134808E-04  5.0251533E-05
  3.1024730E-05  2.8404407E-04  5.0733064E-05
  3.1321773E-05  2.8676337E-04  5.1218757E-05
  3.1621384E-05  2.8950617E-04  5.1708648E-05
  3.1923586E-05  2.9227268E-04  5.2202773E-05
  3.2228400E-05  2.9506310E-04  5.2701170E-05
  3.2535849E-05  2.9787764E-04  5.3203874E-05
  3.2845957E-05  3.0071650E-04  5.3710924E-05
  3.3158745E-05  3.0357991E-04  5.4222356E-05
  3.3474238E-05  3.0646807E-04  5.4738209E-05
  3.3792458E-05  3.0938119E-04  5.5258521E-05
  3.4113430E-05  3.1231949E-04  5.5783331E-05
  3.4437176E-05  3.1528318E-04  5.6312676E-05
  3.4763722E-05  3.1827250E-04  5.6846597E-05
  3.5093090E-05  3.2128765E-04  5.7385133E-05
  3.5425306E-05  3.2432886E-04  5.7928324E-05
  3.5760395E-05  3.2739636E-04  5.8476209E-05
  3.6098380E-05  3.3049038E-04  5.9028831E-05
  3.6439287E-05  3.3361114E-04  5.9586229E-05
  3.6783142E-05  3.3675887E-04  6.0148444E-05
  3.7129969E-05  3.3993381E-04  6.0715520E-05
  3.7479795E-05  3.4313619E-04  6.1287496E-05
  3.7832646E-05  3.4636625E-04  6.1864417E-05
  3.8188547E-05  3.4962423E-04  6.2446324E-05
  3.8547525E-05  3.5291037E-04  6.3033261E-05
  3.8909606E-05  3.5622491E-04  6.3625271E-05
  3.9274818E-05  3.5956810E-04  6.4222397E-05
  3.9643187E-05  3.6294019E-04  6.4824685E-05
  4.0014741E-05  3.6634142E-04  6.5432179E-05
  4.0389508E-05  3.6977205E-04  6.6044923E-05
  4.0767514E-05  3.7323233E-04  6.6662963E-05
  4.1148789E-05  3.7672252E-04  6.7286346E-05
  4.1533359E-05  3.8024288E-04  6.7915116E-05
  4.1921255E-05  3.8379366E-04  6.8549321E-05
  4.2312504E-05  3.8737513E-04  6.9189007E-05
  4.2707136E-05  3.9098756E-04  6.9834223E-05
  4.3105179E-05  3.9463121E-04  7.0485014E-05
  4.3506664E-05  3.9830636E-04  7.1141431E-05
  4.3911620E-05  4.0201327E-04  7.1803522E-05
  4.4320076E-05  4.0575221E-04  7.2471334E-05
  4.4732065E-05  4.0952348E-04  7.3144919E-05
  4.5147615E-05  4.1332733E-04  7.3824325E-05
  4.5566757E-05  4.1716407E-04  7.4509604E-05
  4.5989524E-05  4.2103397E-04  7.5200805E-05
  4.6415945E-05  4.2493731E-04  7.5897981E-05
  4.6846053E-05  4.2887439E-04  7.6601182E-05
  4.7279879E-05  4.3284549E-04  7.7310461E-05
  4.7717457E-05  4.3685092E-04  7.8025870E-05
  4.8158817E-05  4.4089097E-04  7.8747462E-05
  4.8603993E-05  4.4496593E-04  7.9475290E-05
  4.9053018E-05  4.4907612E-04  8.0209410E-05
  4.9505924E-05  4.5322183E-04  8.0949874E-05
  4.9962747E-05  4.5740336E-04  8.1696737E-05
  5.0423519E-05  4.6162104E-04  8.2450056E-05
  5.0888274E-05  4.6587517E-04  8.3209885E-05
  5.1357048E-05  4.7016607E-04  8.3976282E-05
  5.1829874E-05  4.7449405E-04  8.4749302E-05
  5.2306789E-05  4.7885943E-04  8.5529003E-05
  5.2787826E-05  4.8326255E-04  8.6315442E-05
  5.3273022E-05  4.8770372E-04  8.7108679E-05
  5.3762413E-05  4.9218327E-04  8.7908771E-05
  5.4256035E-05  4.9670154E-04  8.8715778E-05
  5.4753925E-05  5.0125885E-04  8.9529759E-05
  5.5256119E-05  5.0585556E-04  9.0350775E-05
  5.5762655E-05  5.1049199E-04  9.1178887E-05
  5.6273570E-05  5.1516849E-04  9.2014156E-05
  5.6788902E-05  5.1988540E-04  9.2856644E-05
  5.7308689E-05  5.2464308E-04  9.3706412E-05
  5.7832971E-05  5.2944188E-04  9.4563525E-05
  5.8361785E-05  5.3428215E-04  9.5428045E-05
  5.8895171E-05  5.3916426E-04  9.6300037E-05
  5.9433168E-05  5.4408855E-04  9.7179564E-05
  5.9975817E-05  5.4905540E-04  9.8066693E-05
  6.0523157E-05  5.5406518E-04  9.8961488E-05
  6.1075229E-05  5.5911825E-04  9.9864016E-05
  6.1632074E-05  5.6421499E-04  1.0077434E-04
  6.2193733E-05  5.6935578E-04  1.0169254E-04
  6.2760248E-05  5.7454100E-04  1.0261867E-04
  6.3331661E-05  5.7977102E-04  1.0355280E-04
  6.3908014E-05  5.8504625E-04  1.0449501E-04
  6.4489350E-05  5.9036706E-04  1.0544536E-04
  6.5075712E-05  5.9573386E-04  1.0640392E-04
  6.5667143E-05  6.0114703E-04  1.0737077E-04
  6.6263687E-05  6.0660699E-04  1.0834597E-04
  6.6865389E-05  6.1211413E-04  1.0932960E-04
  6.7472293E-05  6.1766886E-04  1.1032173E-04
  6.8084444E-05  6.2327159E-04  1.1132243E-04
  6.8701887E-05  6.2892274E-04  1.1233178E-04
  6.9324669E-05  6.3462273E-04  1.1334986E-04
  6.9952835E-05  6.4037198E-04  1.1437673E-04
  7.0586431E-05  6.4617090E-04  1.1541248E-04
  7.1225505E-05  6.5201995E-04  1.1645717E-04
  7.1870105E-05  6.5791953E-04  1.1751090E-04
  7.2520277E-05  6.6387010E-04  1.1857373E-04
  7.3176070E-05  6.6987209E-04  1.1964574E-04
  7.3837533E-05  6.7592595E-04  1.2072702E-04
  7.4504715E-05  6.8203212E-04  1.2181764E-04
  7.5177665E-05  6.8819106E-04  1.2291769E-04
  7.5856433E-05  6.9440322E-04  1.2402724E-04
  7.6541069E-05  7.0066906E-04  1.2514638E-04
  7.7231624E-05  7.0698904E-04  1.2627519E-04
  7.7928149E-05  7.1336364E-04  1.2741376E-04
  7.8630696E-05  7.1979333E-04  1.2856216E-04
  7.9339317E-05  7.2627857E-04  1.2972049E-04
  8.0054065E-05  7.3281986E-04  1.3088883E-04
  8.0774991E-05  7.3941767E-04  1.3206726E-04
  8.1502151E-05  7.4607249E-04  1.3325588E-04
  8.2235597E-05  7.5278481E-04  1.3445477E-04
  8.2975385E-05  7.5955514E-04  1.3566402E-04
  8.3721568E-05  7.6638397E-04  1.3688371E-04
  8.4474202E-05  7.7327181E-04  1.3811395E-04
  8.5233343E-05  7.8021917E-04  1.3935481E-04
  8.5999047E-05  7.8722655E-04  1.4060640E-04
  8.6771371E-05  7.9429449E-04  1.4186880E-04
  8.7550373E-05  8.0142350E-04  1.4314212E-04
  8.8336109E-05  8.0861411E-04  1.4442643E-04
  8.9128638E-05  8.1586685E-04  1.4572184E-04
  8.9928019E-05  8.2318226E-04  1.4702844E-04
  9.0734312E-05  8.3056088E-04  1.4834634E-04
  9.1547575E-05  8.3800326E-04  1.4967562E-04
  9.2367869E-05  8.4550994E-04  1.5101639E-04
  9.3195255E-05  8.5308149E-04  1.5236874E-04
  9.4029794E-05  8.6071846E-04  1.5373278E-04
  9.4871548E-05  8.6842141E-04  1.5510860E-04
  9.5720579E-05  8.7619092E-04  1.5649631E-04
  9.6576951E-05  8.8402756E-04  1.5789601E-04
  9.7440727E-05  8.9193191E-04  1.5930781E-04
  9.8311970E-05  8.9990456E-04  1.6073180E-04
  9.9190746E-05  9.0794609E-04  1.6216810E-04
  1.0007712E-04  9.1605711E-04  1.6361680E-04
  1.0097116E-04  9.2423820E-04  1.6507803E-04
  1.0187292E-04  9.3248998E-04  1.6655188E-04
  1.0278248E-04  9.4081305E-04  1.6803846E-04
  1.0369991E-04  9.4920804E-04  1.6953789E-04
  1.0462527E-04  9.5767556E-04  1.7105027E-04
  1.0555862E-04  9.6621623E-04  1.7257572E-04
  1.0650005E-04  9.7483070E-04  1.7411435E-04
  1.0744962E-04  9.8351959E-04  1.7566627E-04
  1.0840739E-04  9.9228356E-04  1.7723160E-04
  1.0937345E-04  1.0011232E-03  1.7881045E-04
  1.1034786E-04  1.0100393E-03  1.8040295E-04
  1.1133069E-04  1.0190324E-03  1.8200920E-04
  1.1232202E-04  1.0281032E-03  1.8362933E-04
  1.1332192E-04  1.0372523E-03  1.8526346E-04
  1.1433046E-04  1.0464805E-03  1.8691170E-04
  1.1534772E-04  1.0557884E-03  1.8857419E-04
  1.1637378E-04  1.0651767E-03  1.9025104E-04
  1.1740871E-04  1.0746462E-03  1.9194237E-04
  1.1845259E-04  1.0841974E-03  1.9364832E-04
  1.1950549E-04  1.0938312E-03  1.9536900E-04
  1.2056750E-04  1.1035482E-03  1.9710455E-04
  1.2163868E-04  1.1133491E-03  1.9885509E-04
  1.2271913E-04  1.1232347E-03  2.0062076E-04
  1.2380892E-04  1.1332057E-03  2.0240168E-04
  1.2490813E-04  1.1432629E-03  2.0419799E-04
  1.2601684E-04  1.1534069E-03  2.0600981E-04
  1.2713514E-04  1.1636386E-03  2.0783728E-04
  1.2826311E-04  1.1739586E-03  2.0968054E-04
  1.2940082E-04  1.1843678E-03  2.1153973E-04
  1.3054838E-04  1.1948669E-03  2.1341498E-04
  1.3170585E-04  1.2054567E-03  2.1530642E-04
  1.3287334E-04  1.2161380E-03  2.1721421E-04
  1.3405091E-04  1.2269116E-03  2.1913847E-04
  1.3523867E-04  1.2377782E-03  2.2107936E-04
  1.3643670E-04  1.2487387E-03  2.2303701E-04
  1.3764508E-04  1.2597939E-03  2.2501157E-04
  1.3886391E-04  1.2709446E-03  2.2700319E-04
  1.4009328E-04  1.2821916E-03  2.2901202E-04
  1.4133328E-04  1.2935357E-03  2.3103819E-04
  1.4258399E-04  1.3049779E-03  2.3308187E-04
  1.4384552E-04  1.3165188E-03  2.3514321E-04
  1.4511796E-04  1.3281595E-03  2.3722234E-04
  1.4640140E-04  1.3399007E-03  2.3931944E-04
  1.4769593E-04  1.3517434E-03  2.4143465E-04
  1.4900166E-04  1.3636883E-03  2.4356813E-04
  1.5031867E-04  1.3757364E-03  2.4572004E-04
  1.5164707E-04  1.3878885E-03  2.4789053E-04
  1.5298696E-04  1.4001457E-03  2.5007978E-04
  1.5433842E-04  1.4125087E-03  2.5228793E-04
  1.5570158E-04  1.4249784E-03  2.5451516E-04
  1.5707652E-04  1.4375559E-03  2.5676162E-04
  1.5846334E-04  1.4502420E-03  2.5902748E-04
  1.5986216E-04  1.4630377E-03  2.6131292E-04
  1.6127307E-04  1.4759439E-03  2.6361809E-04
  1.6269617E-04  1.4889616E-03  2.6594318E-04
  1.6413158E-04  1.5020917E-03  2.6828835E-04
  1.6557940E-04  1.5153352E-03  2.7065377E-04
  1.6703974E-04  1.5286931E-03  2.7303962E-04
  1.6851270E-04  1.5421664E-03  2.7544607E-04
  1.6999840E-04  1.5557560E-03  2.7787331E-04
  1.7149694E-04  1.5694630E-03  2.8032151E-04
  1.7300844E-04  1.5832884E-03  2.8279086E-04
  1.7453300E-04  1.5972331E-03  2.8528153E-04
  1.7607075E-04  1.6112983E-03  2.8779372E-04
  1.7762179E-04  1.6254850E-03  2.9032759E-04
  1.7918624E-04  1.6397942E-03  2.9288335E-04
  1.8076421E-04  1.6542269E-03  2.9546119E-04
  1.8235583E-04  1.6687843E-03  2.9806128E-04
  1.8396121E-04  1.6834674E-03  3.0068383E-04
  1.8558047E-04  1.6982773E-03  3.0332902E-04
  1.8721372E-04  1.7132151E-03  3.0599706E-04
  1.8886110E-04  1.7282819E-03  3.0868814E-04
  1.9052272E-04  1.7434789E-03  3.1140246E-04
  1.9219870E-04  1.7588070E-03  3.1414022E-04
  1.9388918E-04  1.7742675E-03  3.1690161E-04
  1.9559427E-04  1.7898615E-03  3.1968686E-04
  1.9731410E-04  1.8055902E-03  3.2249615E-04
  1.9904880E-04  1.8214547E-03  3.2532970E-04
  2.0079850E-04  1.8374562E-03  3.2818773E-04
  2.0256332E-04  1.8535958E-03  3.3107042E-04
  2.0434340E-04  1.8698748E-03  3.3397802E-04
  2.0613887E-04  1.8862944E-03  3.3691071E-04
  2.0794987E-04  1.9028557E-03  3.3986873E-04
  2.0977652E-04  1.9195601E-03  3.4285229E-04
  2.1161896E-04  1.9364087E-03  3.4586161E-04
  2.1347734E-04  1.9534027E-03  3.4889692E-04
  2.1535178E-04  1.9705435E-03  3.5195843E-04
  2.1724242E-04  1.9878323E-03  3.5504638E-04
  2.1914941E-04  2.0052703E-03  3.5816099E-04
  2.2107289E-04  2.0228589E-03  3.6130248E-04
  2.2301300E-04  2.0405994E-03  3.6447111E-04
  2.2496988E-04  2.0584930E-03  3.6766708E-04
  2.2694367E-04  2.0765412E-03  3.7089066E-04
  2.2893454E-04  2.0947451E-03  3.7414206E-04
  2.3094261E-04  2.1131062E-03  3.7742153E-04
  2.3296805E-04  2.1316258E-03  3.8072932E-04
  2.3501099E-04  2.1503053E-03  3.8406566E-04
  2.3707160E-04  2.1691461E-03  3.8743081E-04
  2.3915003E-04  2.1881495E-03  3.9082500E-04
  2.4124642E-04  2.2073170E-03  3.9424850E-04
  2.4336094E-04  2.2266499E-03  3.9770155E-04
  2.4549374E-04  2.2461498E-03  4.0118442E-04
  2.4764497E-04  2.2658179E-03  4.0469734E-04
  2.4981481E-04  2.2856559E-03  4.0824060E-04
  2.5200340E-04  2.3056651E-03  4.1181444E-04
  2.5421092E-04  2.3258470E-03  4.1541913E-04
  2.5643752E-04  2.3462031E-03  4.1905493E-04
  2.5868338E-04  2.3667350E-03  4.2272212E-04
  2.6094864E-04  2.3874441E-03  4.2642096E-04
  2.6323350E-04  2.4083319E-03  4.3015174E-04
  2.6553810E-04  2.4294000E-03  4.3391471E-04
  2.6786264E-04  2.4506500E-03  4.3771016E-04
  2.7020726E-04  2.4720834E-03  4.4153838E-04
  2.7257216E-04  2.4937018E-03  4.4539964E-04
  2.7495751E-04  2.5155068E-03  4.4929422E-04
  2.7736347E-04  2.5374999E-03  4.5322242E-04
  2.7979024E-04  2.5596830E-03  4.5718452E-04
  2.8223799E-04  2.5820574E-03  4.6118082E-04
  2.8470690E-04  2.6046250E-03  4.6521160E-04
  2.8719716E-04  2.6273873E-03  4.6927718E-04
  2.8970894E-04  2.6503461E-03  4.7337784E-04
  2.9224244E-04  2.6735030E-03  4.7751390E-04
  2.9479784E-04  2.6968598E-03  4.8168564E-04
  2.9737534E-04  2.7204181E-03  4.8589339E-04
  2.9997512E-04  2.7441797E-03  4.9013746E-04
  3.0259738E-04  2.7681464E-03  4.9441814E-04
  3.0524231E-04  2.7923200E-03  4.9873577E-04
  3.0791010E-04  2.8167021E-03  5.0309066E-04
  3.1060096E-04  2.8412946E-03  5.0748312E-04
  3.1331508E-04  2.8660993E-03  5.1191349E-04
  3.1605267E-04  2.8911181E-03  5.1638209E-04
  3.1881393E-04  2.9163528E-03  5.2088924E-04
  3.2159906E-04  2.9418052E-03  5.2543529E-04
  3.2440826E-04  2.9674772E-03  5.3002057E-04
  3.2724176E-04  2.9933707E-03  5.3464541E-04
  3.3009975E-04  3.0194877E-03  5.3931015E-04
  3.3298245E-04  3.0458300E-03  5.4401514E-04
  3.3589007E-04  3.0723995E-03  5.4876072E-04
  3.3882283E-04  3.0991983E-03  5.5354725E-04
  3.4178094E-04  3.1262283E-03  5.5837508E-04
  3.4476463E-04  3.1534916E-03  5.6324456E-04
  3.4777412E-04  3.1809900E-03  5.6815604E-04
  3.5080962E-04  3.2087256E-03  5.7310990E-04
  3.5387137E-04  3.2367006E-03  5.7810650E-04
  3.5695959E-04  3.2649169E-03  5.8314621E-04
  3.6007451E-04  3.2933766E-03  5.8822939E-04
  3.6321635E-04  3.3220818E-03  5.9335642E-04
  3.6638536E-04  3.3510346E-03  5.9852767E-04
  3.6958177E-04  3.3802372E-03  6.0374354E-04
  3.7280581E-04  3.4096916E-03  6.0900440E-04
  3.7605773E-04  3.4394002E-03  6.1431064E-04
  3.7933776E-04  3.4693650E-03  6.1966264E-04
  3.8264615E-04  3.4995883E-03  6.2506082E-04
  3.8598314E-04  3.5300722E-03  6.3050555E-04
  3.8934898E-04  3.5608191E-03  6.3599725E-04
  3.9274392E-04  3.5918312E-03  6.4153631E-04
  3.9616821E-04  3.6231108E-03  6.4712314E-04
  3.9962210E-04  3.6546601E-03  6.5275816E-04
  4.0310586E-04  3.6864815E-03  6.5844178E-04
  4.0661973E-04  3.7185774E-03  6.6417442E-04
  4.1016399E-04  3.7509501E-03  6.6995650E-04
  4.1373888E-04  3.7836019E-03  6.7578844E-04
  4.1734469E-04  3.8165354E-03  6.8167067E-04
  4.2098166E-04  3.8497528E-03  6.8760363E-04
  4.2465009E-04  3.8832567E-03  6.9358775E-04
  4.2835022E-04  3.9170495E-03  6.9962348E-04
  4.3208235E-04  3.9511337E-03  7.0571125E-04
  4.3584674E-04  3.9855118E-03  7.1185151E-04
  4.3964367E-04  4.0201863E-03  7.1804472E-04
  4.4347344E-04  4.0551598E-03  7.2429133E-04
  4.4733631E-04  4.0904349E-03  7.3059180E-04
  4.5123258E-04  4.1260141E-03  7.3694659E-04
  4.5516254E-04  4.1619000E-03  7.4335617E-04
  4.5912647E-04  4.1980954E-03  7.4982101E-04
  4.6312467E-04  4.2346028E-03  7.5634159E-04
  4.6715744E-04  4.2714249E-03  7.6291838E-04
  4.7122507E-04  4.3085645E-03  7.6955188E-04
  4.7532787E-04  4.3460242E-03  7.7624255E-04
  4.7946614E-04  4.3838069E-03  7.8299091E-04
  4.8364019E-04  4.4219153E-03  7.8979744E-04
  4.8785033E-04  4.4603522E-03  7.9666264E-04
  4.9209686E-04  4.4991204E-03  8.0358702E-04
  4.9638011E-04  4.5382227E-03  8.1057108E-04
  5.0070039E-04  4.5776622E-03  8.1761534E-04
  5.0505802E-04  4.6174415E-03  8.2472032E-04
  5.0945332E-04  4.6575637E-03  8.3188654E-04
  5.1388663E-04  4.6980317E-03  8.3911452E-04
  5.1835826E-04  4.7388485E-03  8.4640480E-04
  5.2286855E-04  4.7800171E-03  8.5375790E-04
  5.2741784E-04  4.8215404E-03  8.6117438E-04
  5.3200645E-04  4.8634216E-03  8.6865477E-04
  5.3663474E-04  4.9056637E-03  8.7619962E-04
  5.4130304E-04  4.9482698E-03  8.8380949E-04
  5.4601170E-04  4.9912431E-03  8.9148493E-04
  5.5076107E-04  5.0345867E-03  8.9922651E-04
  5.5555150E-04  5.0783037E-03  9.0703480E-04
  5.6038334E-04  5.1223974E-03  9.1491037E-04
  5.6525696E-04  5.1668711E-03  9.2285379E-04
  5.7017272E-04  5.2117279E-03  9.3086566E-04
  5.7513097E-04  5.2569712E-03  9.3894655E-04
  5.8013209E-04  5.3026042E-03  9.4709706E-04
  5.8517645E-04  5.3486304E-03  9.5531779E-04
  5.9026442E-04  5.3950532E-03  9.6360933E-04
  5.9539638E-04  5.4418758E-03  9.7197231E-04
  6.0057270E-04  5.4891017E-03  9.8040733E-04
  6.0579378E-04  5.5367345E-03  9.8891500E-04
  6.1105999E-04  5.5847776E-03  9.9749596E-04
  6.1637174E-04  5.6332345E-03  1.0061508E-03
  6.2172941E-04  5.6821087E-03  1.0148803E-03
  6.2713339E-04  5.7314039E-03  1.0236849E-03
  6.3258410E-04  5.7811237E-03  1.0325653E-03
  6.3808193E-04  5.8312717E-03  1.0415222E-03
  6.4362730E-04  5.8818515E-03  1.0505563E-03
  6.4922060E-04  5.9328670E-03  1.0596681E-03
  6.5486227E-04  5.9843217E-03  1.0688584E-03
  6.6055271E-04  6.0362196E-03  1.0781279E-03
  6.6629234E-04  6.0885643E-03  1.0874772E-03
  6.7208160E-04  6.1413597E-03  1.0969069E-03
  6.7792091E-04  6.1946098E-03  1.1064179E-03
  6.8381070E-04  6.2483183E-03  1.1160108E-03
  6.8975141E-04  6.3024892E-03  1.1256862E-03
  6.9574348E-04  6.3571265E-03  1.1354450E-03
  7.0178736E-04  6.4122342E-03  1.1452877E-03
  7.0788349E-04  6.4678163E-03  1.1552152E-03
  7.1403232E-04  6.5238768E-03  1.1652282E-03
  7.2023432E-04  6.5804200E-03  1.1753273E-03
  7.2648993E-04  6.6374498E-03  1.1855134E-03
  7.3279963E-04  6.6949706E-03  1.1957872E-03
  7.3916387E-04  6.7529864E-03  1.2061494E-03
  7.4558314E-04  6.8115015E-03  1.2166007E-03
  7.5205791E-04  6.8705203E-03  1.2271421E-03
  7.5858865E-04  6.9300470E-03  1.2377741E-03
  7.6517586E-04  6.9900859E-03  1.2484976E-03
  7.7182001E-04  7.0506415E-03  1.2593134E-03
  7.7852161E-04  7.1117182E-03  1.2702223E-03
  7.8528115E-04  7.1733205E-03  1.2812251E-03
  7.9209913E-04  7.2354528E-03  1.2923225E-03
  7.9897605E-04  7.2981197E-03  1.3035154E-03
  8.0591242E-04  7.3613257E-03  1.3148046E-03
  8.1290877E-04  7.4250755E-03  1.3261910E-03
  8.1996560E-04  7.4893738E-03  1.3376753E-03
  8.2708344E-04  7.5542252E-03  1.3492583E-03
  8.3426282E-04  7.6196345E-03  1.3609411E-03
  8.4150427E-04  7.6856064E-03  1.3727243E-03
  8.4880832E-04  7.7521457E-03  1.3846089E-03
  8.5617552E-04  7.8192574E-03  1.3965956E-03
  8.6360641E-04  7.8869463E-03  1.4086855E-03
  8.7110155E-04  7.9552173E-03  1.4208794E-03
  8.7866149E-04  8.0240754E-03  1.4331781E-03
  8.8628679E-04  8.0935257E-03  1.4455826E-03
  8.9397801E-04  8.1635732E-03  1.4580937E-03
  9.0173573E-04  8.2342231E-03  1.4707125E-03
  9.0956051E-04  8.3054803E-03  1.4834397E-03
  9.1745295E-04  8.3773503E-03  1.4962764E-03
  9.2541362E-04  8.4498381E-03  1.5092234E-03
  9.3344311E-04  8.5229492E-03  1.5222817E-03
  9.4154202E-04  8.5966887E-03  1.5354523E-03
  9.4971095E-04  8.6710622E-03  1.5487361E-03
  9.5795051E-04  8.7460749E-03  1.5621341E-03
  9.6626130E-04  8.8217324E-03  1.5756473E-03
  9.7464394E-04  8.8980401E-03  1.5892766E-03
  9.8309906E-04  8.9750037E-03  1.6030230E-03
  9.9162727E-04  9.0526287E-03  1.6168875E-03
  1.0002292E-03  9.1309208E-03  1.6308713E-03
  1.0089055E-03  9.2098857E-03  1.6449751E-03
  1.0176569E-03  9.2895291E-03  1.6592002E-03
  1.0264838E-03  9.3698568E-03  1.6735475E-03
  1.0353871E-03  9.4508747E-03  1.6880181E-03
  1.0443674E-03  9.5325886E-03  1.7026129E-03
  1.0534253E-03  9.6150045E-03  1.7173332E-03
  1.0625615E-03  9.6981284E-03  1.7321799E-03
  1.0717767E-03  9.7819663E-03  1.7471542E-03
  1.0810716E-03  9.8665244E-03  1.7622570E-03
  1.0904469E-03  9.9518087E-03  1.7774896E-03
  1.0999031E-03  1.0037825E-02  1.7928530E-03
  1.1094412E-03  1.0124581E-02  1.8083484E-03
  1.1190617E-03  1.0212081E-02  1.8239768E-03
  1.1287654E-03  1.0300333E-02  1.8397394E-03
  1.1385529E-03  1.0389343E-02  1.8556373E-03
  1.1484251E-03  1.0479117E-02  1.8716718E-03
  1.1583827E-03  1.0569661E-02  1.8878439E-03
  1.1684263E-03  1.0660983E-02  1.9041549E-03
  1.1785568E-03  1.0753089E-02  1.9206058E-03
  1.1887748E-03  1.0845986E-02  1.9371980E-03
  1.1990812E-03  1.0939679E-02  1.9539326E-03
  1.2094767E-03  1.1034177E-02  1.9708108E-03
  1.2199621E-03  1.1129486E-02  1.9878339E-03
  1.2305381E-03  1.1225613E-02  2.0050031E-03
  1.2412055E-03  1.1322565E-02  2.0223196E-03
  1.2519652E-03  1.1420349E-02  2.0397847E-03
  1.2628179E-03  1.1518971E-02  2.0573996E-03
  1.2737644E-03  1.1618440E-02  2.0751656E-03
  1.2848056E-03  1.1718762E-02  2.0930841E-03
  1.2959422E-03  1.1819945E-02  2.1111563E-03
  1.3071751E-03  1.1921996E-02  2.1293835E-03
  1.3185051E-03  1.2024922E-02  2.1477670E-03
  1.3299331E-03  1.2128730E-02  2.1663082E-03
  1.3414599E-03  1.2233429E-02  2.1850084E-03
  1.3530863E-03  1.2339026E-02  2.2038689E-03
  1.3648132E-03  1.2445528E-02  2.2228912E-03
  1.3766416E-03  1.2552944E-02  2.2420766E-03
  1.3885722E-03  1.2661280E-02  2.2614265E-03
  1.4006059E-03  1.2770545E-02  2.2809422E-03
  1.4127437E-03  1.2880747E-02  2.3006253E-03
  1.4249864E-03  1.2991893E-02  2.3204770E-03
  1.4373349E-03  1.3103992E-02  2.3404989E-03
  1.4497903E-03  1.3217052E-02  2.3606924E-03
  1.4623533E-03  1.3331080E-02  2.3810589E-03
  1.4750249E-03  1.3446086E-02  2.4016000E-03
  1.4878060E-03  1.3562077E-02  2.4223171E-03
  1.5006977E-03  1.3679062E-02  2.4432116E-03
  1.5137008E-03  1.3797049E-02  2.4642852E-03
  1.5268164E-03  1.3916047E-02  2.4855393E-03
  1.5400453E-03  1.4036064E-02  2.5069754E-03
  1.5533886E-03  1.4157109E-02  2.5285952E-03
  1.5668472E-03  1.4279190E-02  2.5504001E-03
  1.5804223E-03  1.4402317E-02  2.5723917E-03
  1.5941146E-03  1.4526499E-02  2.5945716E-03
  1.6079254E-03  1.4651743E-02  2.6169414E-03
  1.6218555E-03  1.4778060E-02  2.6395028E-03
  1.6359061E-03  1.4905459E-02  2.6622573E-03
  1.6500782E-03  1.5033948E-02  2.6852065E-03
  1.6643728E-03  1.5163536E-02  2.7083522E-03
  1.6787910E-03  1.5294234E-02  2.7316960E-03
  1.6933338E-03  1.5426050E-02  2.7552395E-03
  1.7080023E-03  1.5558994E-02  2.7789845E-03
  1.7227977E-03  1.5693076E-02  2.8029327E-03
  1.7377210E-03  1.5828304E-02  2.8270857E-03
  1.7527733E-03  1.5964690E-02  2.8514454E-03
  1.7679558E-03  1.6102242E-02  2.8760134E-03
  1.7832695E-03  1.6240971E-02  2.9007916E-03
  1.7987156E-03  1.6380886E-02  2.9257816E-03
  1.8142952E-03  1.6521997E-02  2.9509854E-03
  1.8300095E-03  1.6664315E-02  2.9764047E-03
  1.8458597E-03  1.6807850E-02  3.0020413E-03
  1.8618469E-03  1.6952612E-02  3.0278970E-03
  1.8779724E-03  1.7098612E-02  3.0539738E-03
  1.8942372E-03  1.7245859E-02  3.0802734E-03
  1.9106427E-03  1.7394365E-02  3.1067979E-03
  1.9271900E-03  1.7544140E-02  3.1335489E-03
  1.9438804E-03  1.7695194E-02  3.1605286E-03
  1.9607150E-03  1.7847539E-02  3.1877388E-03
  1.9776952E-03  1.8001186E-02  3.2151814E-03
  1.9948222E-03  1.8156145E-02  3.2428584E-03
  2.0120973E-03  1.8312428E-02  3.2707718E-03
  2.0295217E-03  1.8470045E-02  3.2989236E-03
  2.0470968E-03  1.8629008E-02  3.3273158E-03
  2.0648238E-03  1.8789329E-02  3.3559504E-03
  2.0827041E-03  1.8951018E-02  3.3848295E-03
  2.1007390E-03  1.9114088E-02  3.4139551E-03
  2.1189298E-03  1.9278549E-02  3.4433293E-03
  2.1372778E-03  1.9444415E-02  3.4729542E-03
  2.1557845E-03  1.9611695E-02  3.5028319E-03
  2.1744512E-03  1.9780403E-02  3.5329645E-03
  2.1932792E-03  1.9950550E-02  3.5633543E-03
  2.2122701E-03  2.0122149E-02  3.5940032E-03
  2.2314251E-03  2.0295211E-02  3.6249136E-03
  2.2507457E-03  2.0469750E-02  3.6560876E-03
  2.2702334E-03  2.0645777E-02  3.6875274E-03
  2.2898896E-03  2.0823305E-02  3.7192354E-03
  2.3097156E-03  2.1002346E-02  3.7512136E-03
  2.3297131E-03  2.1182913E-02  3.7834644E-03
  2.3498835E-03  2.1365020E-02  3.8159902E-03
  2.3702283E-03  2.1548679E-02  3.8487931E-03
  2.3907489E-03  2.1733903E-02  3.8818755E-03
  2.4114470E-03  2.1920705E-02  3.9152399E-03
  2.4323240E-03  2.2109098E-02  3.9488884E-03
  2.4533815E-03  2.2299096E-02  3.9828236E-03
  2.4746211E-03  2.2490712E-02  4.0170478E-03
  2.4960443E-03  2.2683961E-02  4.0515634E-03
  2.5176527E-03  2.2878854E-02  4.0863730E-03
  2.5394479E-03  2.3075407E-02  4.1214788E-03
  2.5614315E-03  2.3273633E-02  4.1568836E-03
  2.5836052E-03  2.3473547E-02  4.1925896E-03
  2.6059706E-03  2.3675161E-02  4.2285995E-03
  2.6285294E-03  2.3878491E-02  4.2649159E-03
  2.6512832E-03  2.4083552E-02  4.3015412E-03
  2.6742337E-03  2.4290356E-02  4.3384780E-03
  2.6973827E-03  2.4498920E-02  4.3757290E-03
  2.7207318E-03  2.4709257E-02  4.4132968E-03
  2.7442827E-03  2.4921382E-02  4.4511841E-03
  2.7680372E-03  2.5135312E-02  4.4893934E-03
  2.7919972E-03  2.5351059E-02  4.5279275E-03
  2.8161642E-03  2.5568641E-02  4.5667891E-03
  2.8405402E-03  2.5788071E-02  4.6059810E-03
  2.8651270E-03  2.6009366E-02  4.6455059E-03
  2.8899263E-03  2.6232541E-02  4.6853665E-03
  2.9149400E-03  2.6457612E-02  4.7255657E-03
  2.9401700E-03  2.6684594E-02  4.7661064E-03
  2.9656180E-03  2.6913503E-02  4.8069912E-03
  2.9912862E-03  2.7144356E-02  4.8482232E-03
  3.0171762E-03  2.7377169E-02  4.8898052E-03
  3.0432900E-03  2.7611958E-02  4.9317400E-03
  3.0696296E-03  2.7848739E-02  4.9740308E-03
  3.0961970E-03  2.8087529E-02  5.0166803E-03
  3.1229940E-03  2.8328345E-02  5.0596917E-03
  3.1500227E-03  2.8571204E-02  5.1030679E-03
  3.1772851E-03  2.8816122E-02  5.1468119E-03
  3.2047832E-03  2.9063117E-02  5.1909268E-03
  3.2325190E-03  2.9312206E-02  5.2354157E-03
  3.2604946E-03  2.9563406E-02  5.2802816E-03
  3.2887120E-03  2.9816735E-02  5.3255278E-03
  3.3171735E-03  3.0072210E-02  5.3711573E-03
  3.3458810E-03  3.0329850E-02  5.4171734E-03
  3.3748366E-03  3.0589672E-02  5.4635793E-03
  3.4040426E-03  3.0851695E-02  5.5103781E-03
  3.4335011E-03  3.1115936E-02  5.5575732E-03
  3.4632143E-03  3.1382414E-02  5.6051678E-03
  3.4931844E-03  3.1651147E-02  5.6531652E-03
  3.5234136E-03  3.1922155E-02  5.7015688E-03
  3.5539041E-03  3.2195456E-02  5.7503819E-03
  3.5846583E-03  3.2471068E-02  5.7996079E-03
  3.6156783E-03  3.2749012E-02  5.8492502E-03
  3.6469665E-03  3.3029306E-02  5.8993123E-03
  3.6785252E-03  3.3311970E-02  5.9497976E-03
  3.7103568E-03  3.3597023E-02  6.0007096E-03
  3.7424635E-03  3.3884485E-02  6.0520519E-03
  3.7748479E-03  3.4174376E-02  6.1038280E-03
  3.8075122E-03  3.4466716E-02  6.1560414E-03
  3.8404589E-03  3.4761525E-02  6.2086958E-03
  3.8736905E-03  3.5058823E-02  6.2617948E-03
  3.9072093E-03  3.5358632E-02  6.3153421E-03
  3.9410180E-03  3.5660971E-02  6.3693413E-03
  3.9751189E-03  3.5965861E-02  6.4237962E-03
  4.0095147E-03  3.6273324E-02  6.4787105E-03
  4.0442078E-03  3.6583380E-02  6.5340880E-03
  4.0792008E-03  3.6896052E-02  6.5899325E-03
  4.1144964E-03  3.7211359E-02  6.6462478E-03
  4.1500972E-03  3.7529325E-02  6.7030379E-03
  4.1860057E-03  3.7849970E-02  6.7603065E-03
  4.2222247E-03  3.8173318E-02  6.8180577E-03
  4.2587568E-03  3.8499389E-02  6.8762953E-03
  4.2956048E-03  3.8828206E-02  6.9350234E-03
  4.3327713E-03  3.9159792E-02  6.9942460E-03
  4.3702592E-03  3.9494170E-02  7.0539670E-03
  4.4080711E-03  3.9831362E-02  7.1141907E-03
  4.4462100E-03  4.0171391E-02  7.1749211E-03
  4.4846785E-03  4.0514280E-02  7.2361623E-03
  4.5234797E-03  4.0860053E-02  7.2979186E-03
  4.5626163E-03  4.1208734E-02  7.3601941E-03
  4.6020913E-03  4.1560346E-02  7.4229930E-03
  4.6419075E-03  4.1914913E-02  7.4863197E-03
  4.6820680E-03  4.2272458E-02  7.5501784E-03
  4.7225757E-03  4.2633008E-02  7.6145735E-03
  4.7634336E-03  4.2996585E-02  7.6795093E-03
  4.8046448E-03  4.3363214E-02  7.7449902E-03
  4.8462122E-03  4.3732921E-02  7.8110207E-03
  4.8881390E-03  4.4105730E-02  7.8776052E-03
  4.9304283E-03  4.4481667E-02  7.9447483E-03
  4.9730832E-03  4.4860756E-02  8.0124544E-03
  5.0161069E-03  4.5243024E-02  8.0807282E-03
  5.0595025E-03  4.5628496E-02  8.1495742E-03
  5.1032733E-03  4.6017199E-02  8.2189970E-03
  5.1474225E-03  4.6409158E-02  8.2890015E-03
  5.1919535E-03  4.6804400E-02  8.3595921E-03
  5.2368694E-03  4.7202951E-02  8.4307738E-03
  5.2821736E-03  4.7604839E-02  8.5025513E-03
  5.3278695E-03  4.8010089E-02  8.5749293E-03
  5.3739605E-03  4.8418730E-02  8.6479128E-03
  5.4204500E-03  4.8830788E-02  8.7215066E-03
  5.4673414E-03  4.9246292E-02  8.7957156E-03
  5.5146381E-03  4.9665268E-02  8.8705449E-03
  5.5623438E-03  5.0087746E-02  8.9459993E-03
  5.6104620E-03  5.0513752E-02  9.0220840E-03
  5.6589961E-03  5.0943317E-02  9.0988040E-03
  5.7079498E-03  5.1376467E-02  9.1761644E-03
  5.7573268E-03  5.1813232E-02  9.2541704E-03
  5.8071307E-03  5.2253641E-02  9.3328270E-03
  5.8573651E-03  5.2697724E-02  9.4121397E-03
  5.9080339E-03  5.3145509E-02  9.4921135E-03
  5.9591407E-03  5.3597027E-02  9.5727539E-03
  6.0106893E-03  5.4052307E-02  9.6540661E-03
  6.0626836E-03  5.4511379E-02  9.7360555E-03
  6.1151274E-03  5.4974274E-02  9.8187275E-03
  6.1680247E-03  5.5441022E-02  9.9020877E-03
  6.2213792E-03  5.5911655E-02  9.9861414E-03
  6.2751950E-03  5.6386202E-02  1.0070894E-02
  6.3294761E-03  5.6864695E-02  1.0156352E-02
  6.3842265E-03  5.7347166E-02  1.0242519E-02
  6.4394502E-03  5.7833647E-02  1.0329403E-02
  6.4951514E-03  5.8324168E-02  1.0417008E-02
  6.5513341E-03  5.8818763E-02  1.0505341E-02
  6.6080026E-03  5.9317464E-02  1.0594407E-02
  6.6651610E-03  5.9820303E-02  1.0684212E-02
  6.7228135E-03  6.0327313E-02  1.0774762E-02
  6.7809645E-03  6.0838527E-02  1.0866062E-02
  6.8396183E-03  6.1353979E-02  1.0958119E-02
  6.8987791E-03  6.1873701E-02  1.1050938E-02
  6.9584514E-03  6.2397729E-02  1.1144527E-02
  7.0186396E-03  6.2926095E-02  1.1238890E-02
  7.0793481E-03  6.3458834E-02  1.1334034E-02
  7.1405815E-03  6.3995980E-02  1.1429964E-02
  7.2023443E-03  6.4537568E-02  1.1526688E-02
  7.2646411E-03  6.5083634E-02  1.1624212E-02
  7.3274765E-03  6.5634212E-02  1.1722541E-02
  7.3908551E-03  6.6189338E-02  1.1821682E-02
  7.4547816E-03  6.6749047E-02  1.1921642E-02
  7.5192609E-03  6.7313375E-02  1.2022426E-02
  7.5842975E-03  6.7882359E-02  1.2124041E-02
  7.6498965E-03  6.8456035E-02  1.2226495E-02
  7.7160626E-03  6.9034440E-02  1.2329793E-02
  7.7828007E-03  6.9617610E-02  1.2433941E-02
  7.8501158E-03  7.0205584E-02  1.2538947E-02
  7.9180129E-03  7.0798397E-02  1.2644818E-02
  7.9864970E-03  7.1396089E-02  1.2751559E-02
  8.0555732E-03  7.1998697E-02  1.2859178E-02
  8.1252466E-03  7.2606258E-02  1.2967682E-02
  8.1955223E-03  7.3218813E-02  1.3077077E-02
  8.2664056E-03  7.3836399E-02  1.3187370E-02
  8.3379018E-03  7.4459055E-02  1.3298568E-02
  8.4100160E-03  7.5086821E-02  1.3410679E-02
  8.4827537E-03  7.5719736E-02  1.3523709E-02
  8.5561203E-03  7.6357840E-02  1.3637666E-02
  8.6301212E-03  7.7001173E-02  1.3752556E-02
  8.7047618E-03  7.7649776E-02  1.3868387E-02
  8.7800478E-03  7.8303688E-02  1.3985166E-02
  8.8559846E-03  7.8962951E-02  1.4102900E-02
  8.9325779E-03  7.9627606E-02  1.4221597E-02
  9.0098335E-03  8.0297694E-02  1.4341263E-02
  9.0877569E-03  8.0973257E-02  1.4461908E-02
  9.1663540E-03  8.1654337E-02  1.4583537E-02
  9.2456307E-03  8.2340976E-02  1.4706158E-02
  9.3255927E-03  8.3033217E-02  1.4829780E-02
  9.4062461E-03  8.3731102E-02  1.4954409E-02
  9.4875967E-03  8.4434674E-02  1.5080053E-02
  9.5696506E-03  8.5143976E-02  1.5206720E-02
  9.6524140E-03  8.5859053E-02  1.5334419E-02
  9.7358929E-03  8.6579947E-02  1.5463155E-02
  9.8200935E-03  8.7306704E-02  1.5592938E-02
  9.9050220E-03  8.8039367E-02  1.5723776E-02
  9.9906849E-03  8.8777982E-02  1.5855676E-02
  1.0077088E-02  8.9522592E-02  1.5988646E-02
  1.0164239E-02  9.0273244E-02  1.6122695E-02
  1.0252143E-02  9.1029983E-02  1.6257830E-02
  1.0340806E-02  9.1792854E-02  1.6394059E-02
  1.0430237E-02  9.2561904E-02  1.6531392E-02
  1.0520440E-02  9.3337179E-02  1.6669836E-02
  1.0611424E-02  9.4118726E-02  1.6809399E-02
  1.0703194E-02  9.4906592E-02  1.6950091E-02
  1.0795757E-02  9.5700823E-02  1.7091918E-02
  1.0889121E-02  9.6501468E-02  1.7234890E-02
  1.0983292E-02  9.7308574E-02  1.7379015E-02
  1.1078277E-02  9.8122190E-02  1.7524303E-02
  1.1174083E-02  9.8942362E-02  1.7670760E-02
  1.1270717E-02  9.9769142E-02  1.7818397E-02
  1.1368187E-02  1.0060258E-01  1.7967221E-02
  1.1466500E-02  1.0144271E-01  1.8117242E-02
  1.1565663E-02  1.0228961E-01  1.8268469E-02
  1.1665682E-02  1.0314330E-01  1.8420909E-02
  1.1766567E-02  1.0400385E-01  1.8574573E-02
  1.1868324E-02  1.0487131E-01  1.8729469E-02
  1.1970960E-02  1.0574572E-01  1.8885606E-02
  1.2074484E-02  1.0662713E-01  1.9042993E-02
  1.2178903E-02  1.0751560E-01  1.9201640E-02
  1.2284225E-02  1.0841118E-01  1.9361555E-02
  1.2390457E-02  1.0931392E-01  1.9522748E-02
  1.2497608E-02  1.1022387E-01  1.9685228E-02
  1.2605685E-02  1.1114109E-01  1.9849004E-02
  1.2714696E-02  1.1206562E-01  2.0014086E-02
  1.2824650E-02  1.1299753E-01  2.0180483E-02
  1.2935555E-02  1.1393686E-01  2.0348204E-02
  1.3047418E-02  1.1488366E-01  2.0517260E-02
  1.3160248E-02  1.1583800E-01  2.0687660E-02
  1.3274054E-02  1.1679992E-01  2.0859413E-02
  1.3388844E-02  1.1776948E-01  2.1032529E-02
  1.3504626E-02  1.1874673E-01  2.1207017E-02
  1.3621410E-02  1.1973174E-01  2.1382888E-02
  1.3739203E-02  1.2072454E-01  2.1560152E-02
  1.3858014E-02  1.2172521E-01  2.1738818E-02
  1.3977852E-02  1.2273379E-01  2.1918895E-02
  1.4098727E-02  1.2375035E-01  2.2100395E-02
  1.4220646E-02  1.2477493E-01  2.2283328E-02
  1.4343620E-02  1.2580759E-01  2.2467702E-02
  1.4467657E-02  1.2684840E-01  2.2653529E-02
  1.4592766E-02  1.2789741E-01  2.2840818E-02
  1.4718957E-02  1.2895467E-01  2.3029580E-02
  1.4846238E-02  1.3002025E-01  2.3219825E-02
  1.4974620E-02  1.3109420E-01  2.3411563E-02
  1.5104113E-02  1.3217658E-01  2.3604805E-02
  1.5234724E-02  1.3326744E-01  2.3799561E-02
  1.5366465E-02  1.3436686E-01  2.3995842E-02
  1.5499345E-02  1.3547488E-01  2.4193657E-02
  1.5633373E-02  1.3659157E-01  2.4393019E-02
  1.5768561E-02  1.3771698E-01  2.4593936E-02
  1.5904917E-02  1.3885119E-01  2.4796420E-02
  1.6042452E-02  1.3999423E-01  2.5000482E-02
  1.6181176E-02  1.4114618E-01  2.5206132E-02
  1.6321099E-02  1.4230710E-01  2.5413381E-02
  1.6462232E-02  1.4347705E-01  2.5622240E-02
  1.6604585E-02  1.4465609E-01  2.5832720E-02
  1.6748169E-02  1.4584428E-01  2.6044832E-02
  1.6892995E-02  1.4704168E-01  2.6258586E-02
  1.7039072E-02  1.4824836E-01  2.6473993E-02
  1.7186413E-02  1.4946437E-01  2.6691065E-02
  1.7335027E-02  1.5068978E-01  2.6909813E-02
  1.7484926E-02  1.5192465E-01  2.7130248E-02
  1.7636121E-02  1.5316905E-01  2.7352381E-02
  1.7788623E-02  1.5442304E-01  2.7576223E-02
  1.7942443E-02  1.5568668E-01  2.7801786E-02
  1.8097594E-02  1.5696003E-01  2.8029080E-02
  1.8254086E-02  1.5824316E-01  2.8258117E-02
  1.8411930E-02  1.5953614E-01  2.8488909E-02
  1.8571140E-02  1.6083903E-01  2.8721467E-02
  1.8731726E-02  1.6215188E-01  2.8955802E-02
  1.8893700E-02  1.6347478E-01  2.9191926E-02
  1.9057074E-02  1.6480777E-01  2.9429850E-02
  1.9221861E-02  1.6615093E-01  2.9669585E-02
  1.9388073E-02  1.6750433E-01  2.9911145E-02
  1.9555722E-02  1.6886802E-01  3.0154539E-02
  1.9724820E-02  1.7024208E-01  3.0399780E-02
  1.9895380E-02  1.7162657E-01  3.0646879E-02
  2.0067414E-02  1.7302155E-01  3.0895848E-02
  2.0240936E-02  1.7442710E-01  3.1146699E-02
  2.0415958E-02  1.7584328E-01  3.1399443E-02
  2.0592493E-02  1.7727015E-01  3.1654093E-02
  2.0770555E-02  1.7870779E-01  3.1910660E-02
  2.0950156E-02  1.8015625E-01  3.2169156E-02
  2.1131309E-02  1.8161562E-01  3.2429593E-02
  2.1314029E-02  1.8308594E-01  3.2691982E-02
  2.1498329E-02  1.8456731E-01  3.2956337E-02
  2.1684222E-02  1.8605977E-01  3.3222668E-02
  2.1871722E-02  1.8756340E-01  3.3490987E-02
  2.2060843E-02  1.8907826E-01  3.3761307E-02
  2.2251599E-02  1.9060443E-01  3.4033640E-02
  2.2444004E-02  1.9214197E-01  3.4307998E-02
  2.2638073E-02  1.9369095E-01  3.4584392E-02
  2.2833819E-02  1.9525145E-01  3.4862835E-02
  2.3031258E-02  1.9682352E-01  3.5143339E-02
  2.3230404E-02  1.9840723E-01  3.5425916E-02
  2.3431272E-02  2.0000266E-01  3.5710578E-02
  2.3633876E-02  2.0160988E-01  3.5997337E-02
  2.3838232E-02  2.0322895E-01  3.6286206E-02
  2.4044354E-02  2.0485994E-01  3.6577195E-02
  2.4252259E-02  2.0650293E-01  3.6870319E-02
  2.4461961E-02  2.0815797E-01  3.7165588E-02
  2.4673476E-02  2.0982515E-01  3.7463015E-02
  2.4886819E-02  2.1150452E-01  3.7762612E-02
  2.5102008E-02  2.1319616E-01  3.8064392E-02
  2.5319056E-02  2.1490014E-01  3.8368365E-02
  2.5537981E-02  2.1661653E-01  3.8674546E-02
  2.5758799E-02  2.1834540E-01  3.8982945E-02
  2.5981526E-02  2.2008681E-01  3.9293574E-02
  2.6206178E-02  2.2184083E-01  3.9606447E-02
  2.6432773E-02  2.2360755E-01  3.9921575E-02
  2.6661327E-02  2.2538701E-01  4.0238970E-02
  2.6891856E-02  2.2717930E-01  4.0558644E-02
  2.7124379E-02  2.2898448E-01  4.0880610E-02
  2.7358912E-02  2.3080263E-01  4.1204879E-02
  2.7595472E-02  2.3263380E-01  4.1531464E-02
  2.7834078E-02  2.3447808E-01  4.1860376E-02
  2.8074747E-02  2.3633553E-01  4.2191628E-02
  2.8317496E-02  2.3820621E-01  4.2525231E-02
  2.8562344E-02  2.4009020E-01  4.2861199E-02
  2.8809309E-02  2.4198757E-01  4.3199541E-02
  2.9058409E-02  2.4389838E-01  4.3540271E-02
  2.9309663E-02  2.4582271E-01  4.3883401E-02
  2.9563089E-02  2.4776062E-01  4.4228941E-02
  2.9818706E-02  2.4971217E-01  4.4576905E-02
  3.0076533E-02  2.5167745E-01  4.4927303E-02
  3.0336588E-02  2.5365651E-01  4.5280148E-02
  3.0598893E-02  2.5564942E-01  4.5635451E-02
  3.0863465E-02  2.5765626E-01  4.5993223E-02
  3.1130324E-02  2.5967708E-01  4.6353477E-02
  3.1399490E-02  2.6171195E-01  4.6716224E-02
  3.1670984E-02  2.6376095E-01  4.7081475E-02
  3.1944824E-02  2.6582413E-01  4.7449242E-02
  3.2221033E-02  2.6790157E-01  4.7819536E-02
  3.2499629E-02  2.6999333E-01  4.8192369E-02
  3.2780634E-02  2.7209948E-01  4.8567751E-02
  3.3064068E-02  2.7422007E-01  4.8945694E-02
  3.3349952E-02  2.7635518E-01  4.9326209E-02
  3.3638309E-02  2.7850487E-01  4.9709307E-02
  3.3929158E-02  2.8066921E-01  5.0094998E-02
  3.4222522E-02  2.8284825E-01  5.0483295E-02
  3.4518422E-02  2.8504206E-01  5.0874207E-02
  3.4816880E-02  2.8725071E-01  5.1267745E-02
  3.5117919E-02  2.8947426E-01  5.1663919E-02
  3.5421560E-02  2.9171277E-01  5.2062741E-02
  3.5727826E-02  2.9396629E-01  5.2464221E-02
  3.6036740E-02  2.9623490E-01  5.2868369E-02
  3.6348325E-02  2.9851865E-01  5.3275195E-02
  3.6662604E-02  3.0081761E-01  5.3684709E-02
  3.6979600E-02  3.0313183E-01  5.4096921E-02
  3.7299336E-02  3.0546137E-01  5.4511841E-02
  3.7621837E-02  3.0780629E-01  5.4929479E-02
  3.7947126E-02  3.1016665E-01  5.5349844E-02
  3.8275227E-02  3.1254250E-01  5.5772947E-02
  3.8606165E-02  3.1493391E-01  5.6198795E-02
  3.8939964E-02  3.1734092E-01  5.6627399E-02
  3.9276648E-02  3.1976360E-01  5.7058767E-02
  3.9616244E-02  3.2220200E-01  5.7492909E-02
  3.9958775E-02  3.2465617E-01  5.7929833E-02
  4.0304268E-02  3.2712616E-01  5.8369549E-02
  4.0652748E-02  3.2961203E-01  5.8812063E-02
  4.1004241E-02  3.3211384E-01  5.9257385E-02
  4.1358772E-02  3.3463162E-01  5.9705523E-02
  4.1716369E-02  3.3716543E-01  6.0156484E-02
  4.2077057E-02  3.3971532E-01  6.0610278E-02
  4.2440864E-02  3.4228134E-01  6.1066910E-02
  4.2807816E-02  3.4486353E-01  6.1526389E-02
  4.3177940E-02  3.4746195E-01  6.1988722E-02
  4.3551264E-02  3.5007663E-01  6.2453916E-02
  4.3927816E-02  3.5270763E-01  6.2921977E-02
  4.4307623E-02  3.5535498E-01  6.3392913E-02
  4.4690714E-02  3.5801872E-01  6.3866730E-02
  4.5077117E-02  3.6069891E-01  6.4343434E-02
  4.5466861E-02  3.6339557E-01  6.4823031E-02
  4.5859974E-02  3.6610876E-01  6.5305527E-02
  4.6256486E-02  3.6883850E-01  6.5790927E-02
  4.6656425E-02  3.7158483E-01  6.6279237E-02
  4.7059823E-02  3.7434780E-01  6.6770461E-02
  4.7466708E-02  3.7712742E-01  6.7264605E-02
  4.7877111E-02  3.7992375E-01  6.7761673E-02
  4.8291062E-02  3.8273680E-01  6.8261669E-02
  4.8708592E-02  3.8556662E-01  6.8764598E-02
  4.9129731E-02  3.8841322E-01  6.9270463E-02
  4.9554512E-02  3.9127664E-01  6.9779267E-02
  4.9982965E-02  3.9415691E-01  7.0291014E-02
  5.0415122E-02  3.9705404E-01  7.0805706E-02
  5.0851015E-02  3.9996807E-01  7.1323347E-02
  5.1290677E-02  4.0289901E-01  7.1843938E-02
  5.1734140E-02  4.0584689E-01  7.2367481E-02
  5.2181437E-02  4.0881172E-01  7.2893979E-02
  5.2632601E-02  4.1179353E-01  7.3423431E-02
  5.3087666E-02  4.1479232E-01  7.3955840E-02
  5.3546665E-02  4.1780812E-01  7.4491206E-02
  5.4009632E-02  4.2084093E-01  7.5029530E-02
  5.4476602E-02  4.2389077E-01  7.5570810E-02
  5.4947609E-02  4.2695764E-01  7.6115047E-02
  5.5422688E-02  4.3004155E-01  7.6662240E-02
  5.5901874E-02  4.3314252E-01  7.7212388E-02
  5.6385203E-02  4.3626053E-01  7.7765489E-02
  5.6872711E-02  4.3939560E-01  7.8321541E-02
  5.7364433E-02  4.4254772E-01  7.8880542E-02
  5.7860407E-02  4.4571689E-01  7.9442489E-02
  5.8360669E-02  4.4890311E-01  8.0007379E-02
  5.8865256E-02  4.5210637E-01  8.0575208E-02
  5.9374205E-02  4.5532666E-01  8.1145973E-02
  5.9887554E-02  4.5856397E-01  8.1719668E-02
  6.0405341E-02  4.6181829E-01  8.2296289E-02
  6.0927605E-02  4.6508960E-01  8.2875830E-02
  6.1454385E-02  4.6837788E-01  8.3458286E-02
  6.1985718E-02  4.7168313E-01  8.4043651E-02
  6.2521645E-02  4.7500530E-01  8.4631916E-02
  6.3062206E-02  4.7834439E-01  8.5223076E-02
  6.3607439E-02  4.8170036E-01  8.5817122E-02
  6.4157387E-02  4.8507319E-01  8.6414045E-02
  6.4712090E-02  4.8846284E-01  8.7013838E-02
  6.5271588E-02  4.9186927E-01  8.7616490E-02
  6.5835923E-02  4.9529246E-01  8.8221992E-02
  6.6405137E-02  4.9873236E-01  8.8830333E-02
  6.6979272E-02  5.0218893E-01  8.9441503E-02
  6.7558371E-02  5.0566212E-01  9.0055489E-02
  6.8142476E-02  5.0915190E-01  9.0672279E-02
  6.8731632E-02  5.1265820E-01  9.1291861E-02
  6.9325881E-02  5.1618097E-01  9.1914221E-02
  6.9925268E-02  5.1972016E-01  9.2539345E-02
  7.0529836E-02  5.2327571E-01  9.3167219E-02
  7.1139631E-02  5.2684755E-01  9.3797827E-02
  7.1754699E-02  5.3043562E-01  9.4431154E-02
  7.2375084E-02  5.3403986E-01  9.5067183E-02
  7.3000832E-02  5.3766019E-01  9.5705896E-02
  7.3631991E-02  5.4129653E-01  9.6347277E-02
  7.4268606E-02  5.4494882E-01  9.6991306E-02
  7.4910725E-02  5.4861696E-01  9.7637963E-02
  7.5558395E-02  5.5230087E-01  9.8287231E-02
  7.6211665E-02  5.5600046E-01  9.8939086E-02
  7.6870583E-02  5.5971565E-01  9.9593509E-02
  7.7535197E-02  5.6344634E-01  1.0025048E-01
  7.8205558E-02  5.6719243E-01  1.0090997E-01
  7.8881714E-02  5.7095382E-01  1.0157195E-01
  7.9563715E-02  5.7473040E-01  1.0223642E-01
  8.0251613E-02  5.7852206E-01  1.0290333E-01
  8.0945458E-02  5.8232869E-01  1.0357266E-01
  8.1645302E-02  5.8615018E-01  1.0424439E-01
  8.2351196E-02  5.8998640E-01  1.0491849E-01
  8.3063193E-02  5.9383722E-01  1.0559493E-01
  8.3781346E-02  5.9770253E-01  1.0627368E-01
  8.4505708E-02  6.0158218E-01  1.0695471E-01
  8.5236332E-02  6.0547605E-01  1.0763799E-01
  8.5973272E-02  6.0938398E-01  1.0832349E-01
  8.6716584E-02  6.1330585E-01  1.0901117E-01
  8.7466322E-02  6.1724148E-01  1.0970100E-01
  8.8222542E-02  6.2119075E-01  1.1039295E-01
  8.8985300E-02  6.2515347E-01  1.1108698E-01
  8.9754652E-02  6.2912951E-01  1.1178306E-01
  9.0530656E-02  6.3311868E-01  1.1248114E-01
  9.1313369E-02  6.3712082E-01  1.1318119E-01
  9.2102848E-02  6.4113575E-01  1.1388317E-01
  9.2899154E-02  6.4516329E-01  1.1458704E-01
  9.3702343E-02  6.4920327E-01  1.1529275E-01
  9.4512477E-02  6.5325548E-01  1.1600028E-01
  9.5329614E-02  6.5731974E-01  1.1670956E-01
  9.6153817E-02  6.6139585E-01  1.1742056E-01
  9.6985144E-02  6.6548360E-01  1.1813323E-01
  9.7823659E-02  6.6958279E-01  1.1884753E-01
  9.8669424E-02  6.7369320E-01  1.1956340E-01
  9.9522501E-02  6.7781462E-01  1.2028080E-01
  1.0038295E-01  6.8194683E-01  1.2099968E-01
  1.0125084E-01  6.8608958E-01  1.2171999E-01
  1.0212624E-01  6.9024266E-01  1.2244167E-01
  1.0300920E-01  6.9440582E-01  1.2316468E-01
  1.0389980E-01  6.9857883E-01  1.2388895E-01
  1.0479809E-01  7.0276142E-01  1.2461443E-01
  1.0570415E-01  7.0695336E-01  1.2534107E-01
  1.0661805E-01  7.1115437E-01  1.2606881E-01
  1.0753985E-01  7.1536419E-01  1.2679758E-01
  1.0846961E-01  7.1958256E-01  1.2752733E-01
  1.0940742E-01  7.2380920E-01  1.2825799E-01
  1.1035333E-01  7.2804382E-01  1.2898951E-01
  1.1130742E-01  7.3228615E-01  1.2972181E-01
  1.1226976E-01  7.3653588E-01  1.3045484E-01
  1.1324041E-01  7.4079272E-01  1.3118852E-01
  1.1421946E-01  7.4505637E-01  1.3192279E-01
  1.1520698E-01  7.4932652E-01  1.3265758E-01
  1.1620303E-01  7.5360284E-01  1.3339281E-01
  1.1720770E-01  7.5788503E-01  1.3412842E-01
  1.1822104E-01  7.6217275E-01  1.3486433E-01
  1.1924315E-01  7.6646568E-01  1.3560046E-01
  1.2027410E-01  7.7076346E-01  1.3633674E-01
  1.2131396E-01  7.7506576E-01  1.3707310E-01
  1.2236281E-01  7.7937223E-01  1.3780945E-01
  1.2342073E-01  7.8368251E-01  1.3854571E-01
  1.2448779E-01  7.8799624E-01  1.3928180E-01
  1.2556408E-01  7.9231304E-01  1.4001763E-01
  1.2664968E-01  7.9663255E-01  1.4075313E-01
  1.2774466E-01  8.0095438E-01  1.4148820E-01
  1.2884911E-01  8.0527814E-01  1.4222276E-01
  1.2996310E-01  8.0960344E-01  1.4295672E-01
  1.3108673E-01  8.1392989E-01  1.4368999E-01
  1.3222007E-01  8.1825706E-01  1.4442246E-01
  1.3336321E-01  8.2258456E-01  1.4515406E-01
  1.3451623E-01  8.2691197E-01  1.4588469E-01
  1.3567922E-01  8.3123884E-01  1.4661424E-01
  1.3685227E-01  8.3556477E-01  1.4734262E-01
  1.3803545E-01  8.3988930E-01  1.4806973E-01
  1.3922887E-01  8.4421200E-01  1.4879546E-01
  1.4043260E-01  8.4853240E-01  1.4951972E-01
  1.4164674E-01  8.5285007E-01  1.5024239E-01
  1.4287138E-01  8.5716452E-01  1.5096338E-01
  1.4410660E-01  8.6147530E-01  1.5168257E-01
  1.4535251E-01  8.6578191E-01  1.5239985E-01
  1.4660918E-01  8.7008389E-01  1.5311512E-01
  1.4787673E-01  8.7438075E-01  1.5382825E-01
  1.4915522E-01  8.7867197E-01  1.5453913E-01
  1.5044478E-01  8.8295707E-01  1.5524765E-01
  1.5174548E-01  8.8723554E-01  1.5595369E-01
  1.5305742E-01  8.9150685E-01  1.5665713E-01
  1.5438071E-01  8.9577048E-01  1.5735784E-01
  1.5571544E-01  9.0002592E-01  1.5805570E-01
  1.5706171E-01  9.0427262E-01  1.5875059E-01
  1.5841962E-01  9.0851003E-01  1.5944239E-01
  1.5978927E-01  9.1273763E-01  1.6013095E-01
  1.6117075E-01  9.1695484E-01  1.6081615E-01
  1.6256419E-01  9.2116111E-01  1.6149786E-01
  1.6396967E-01  9.2535587E-01  1.6217595E-01
  1.6538730E-01  9.2953855E-01  1.6285027E-01
  1.6681718E-01  9.3370857E-01  1.6352069E-01
  1.6825943E-01  9.3786535E-01  1.6418708E-01
  1.6971415E-01  9.4200828E-01  1.6484929E-01
  1.7118145E-01  9.4613678E-01  1.6550717E-01
  1.7266143E-01  9.5025024E-01  1.6616059E-01
  1.7415420E-01  9.5434805E-01  1.6680940E-01
  1.7565988E-01  9.5842959E-01  1.6745344E-01
  1.7717858E-01  9.6249423E-01  1.6809257E-01
  1.7871041E-01  9.6654136E-01  1.6872664E-01
  1.8025548E-01  9.7057033E-01  1.6935549E-01
  1.8181391E-01  9.7458051E-01  1.6997897E-01
  1.8338581E-01  9.7857125E-01  1.7059692E-01
  1.8497131E-01  9.8254189E-01  1.7120918E-01
  1.8657051E-01  9.8649178E-01  1.7181559E-01
  1.8818353E-01  9.9042026E-01  1.7241599E-01
  1.8981051E-01  9.9432666E-01  1.7301021E-01
  1.9145154E-01  9.9821030E-01  1.7359809E-01
  1.9310677E-01  1.0020705E+00  1.7417945E-01
  1.9477630E-01  1.0059066E+00  1.7475414E-01
  1.9646027E-01  1.0097179E+00  1.7532197E-01
  1.9815880E-01  1.0135036E+00  1.7588277E-01
  1.9987202E-01  1.0172632E+00  1.7643637E-01
  2.0160004E-01  1.0209958E+00  1.7698260E-01
  2.0334301E-01  1.0247008E+00  1.7752126E-01
  2.0510104E-01  1.0283775E+00  1.7805219E-01
  2.0687427E-01  1.0320252E+00  1.7857520E-01
  2.0866283E-01  1.0356430E+00  1.7909010E-01
  2.1046686E-01  1.0392303E+00  1.7959671E-01
  2.1228648E-01  1.0427864E+00  1.8009485E-01
  2.1412184E-01  1.0463105E+00  1.8058431E-01
  2.1597306E-01  1.0498019E+00  1.8106492E-01
  2.1784029E-01  1.0532599E+00  1.8153648E-01
  2.1972366E-01  1.0566836E+00  1.8199879E-01
  2.2162331E-01  1.0600724E+00  1.8245166E-01
  2.2353938E-01  1.0634254E+00  1.8289489E-01
  2.2547202E-01  1.0667419E+00  1.8332828E-01
  2.2742137E-01  1.0700213E+00  1.8375163E-01
  2.2938758E-01  1.0732626E+00  1.8416474E-01
  2.3137078E-01  1.0764651E+00  1.8456740E-01
  2.3337113E-01  1.0796281E+00  1.8495940E-01
  2.3538877E-01  1.0827508E+00  1.8534055E-01
  2.3742385E-01  1.0858323E+00  1.8571062E-01
  2.3947653E-01  1.0888720E+00  1.8606942E-01
  2.4154696E-01  1.0918691E+00  1.8641672E-01
  2.4363529E-01  1.0948227E+00  1.8675232E-01
  2.4574167E-01  1.0977321E+00  1.8707599E-01
  2.4786626E-01  1.1005965E+00  1.8738753E-01
  2.5000922E-01  1.1034152E+00  1.8768671E-01
  2.5217071E-01  1.1061872E+00  1.8797332E-01
  2.5435088E-01  1.1089119E+00  1.8824713E-01
  2.5654990E-01  1.1115885E+00  1.8850792E-01
  2.5876794E-01  1.1142161E+00  1.8875546E-01
  2.6100515E-01  1.1167939E+00  1.8898955E-01
  2.6326170E-01  1.1193213E+00  1.8920993E-01
  2.6553776E-01  1.1217974E+00  1.8941640E-01
  2.6783350E-01  1.1242213E+00  1.8960872E-01
  2.7014908E-01  1.1265924E+00  1.8978666E-01
  2.7248469E-01  1.1289099E+00  1.8994999E-01
  2.7484049E-01  1.1311728E+00  1.9009847E-01
  2.7721665E-01  1.1333806E+00  1.9023188E-01
  2.7961336E-01  1.1355323E+00  1.9034998E-01
  2.8203079E-01  1.1376272E+00  1.9045254E-01
  2.8446912E-01  1.1396646E+00  1.9053931E-01
  2.8692853E-01  1.1416436E+00  1.9061007E-01
  2.8940921E-01  1.1435634E+00  1.9066457E-01
  2.9191133E-01  1.1454234E+00  1.9070257E-01
  2.9443508E-01  1.1472227E+00  1.9072384E-01
  2.9698065E-01  1.1489606E+00  1.9072813E-01
  2.9954823E-01  1.1506363E+00  1.9071521E-01
  3.0213800E-01  1.1522491E+00  1.9068482E-01
  3.0475017E-01  1.1537982E+00  1.9063673E-01
  3.0738492E-01  1.1552829E+00  1.9057069E-01
  3.1004245E-01  1.1567023E+00  1.9048647E-01
  3.1272295E-01  1.1580559E+00  1.9038381E-01
  3.1542663E-01  1.1593428E+00  1.9026246E-01
  3.1815369E-01  1.1605624E+00  1.9012220E-01
  3.2090432E-01  1.1617139E+00  1.8996276E-01
  3.2367873E-01  1.1627965E+00  1.8978390E-01
  3.2647713E-01  1.1638097E+00  1.8958539E-01
  3.2929972E-01  1.1647527E+00  1.8936696E-01
  3.3214671E-01  1.1656248E+00  1.8912837E-01
  3.3501832E-01  1.1664253E+00  1.8886938E-01
  3.3791475E-01  1.1671536E+00  1.8858974E-01
  3.4083623E-01  1.1678089E+00  1.8828919E-01
  3.4378296E-01  1.1683907E+00  1.8796751E-01
  3.4675517E-01  1.1688983E+00  1.8762443E-01
  3.4975307E-01  1.1693310E+00  1.8725971E-01
  3.5277690E-01  1.1696882E+00  1.8687311E-01
  3.5582686E-01  1.1699693E+00  1.8646437E-01
  3.5890320E-01  1.1701737E+00  1.8603326E-01
  3.6200613E-01  1.1703007E+00  1.8557953E-01
  3.6513588E-01  1.1703499E+00  1.8510293E-01
  3.6829270E-01  1.1703206E+00  1.8460321E-01
  3.7147681E-01  1.1702122E+00  1.8408014E-01
  3.7468844E-01  1.1700242E+00  1.8353348E-01
  3.7792785E-01  1.1697562E+00  1.8296297E-01
  3.8119526E-01  1.1694074E+00  1.8236838E-01
  3.8449091E-01  1.1689774E+00  1.8174947E-01
  3.8781506E-01  1.1684658E+00  1.8110600E-01
  3.9116795E-01  1.1678720E+00  1.8043772E-01
  3.9454983E-01  1.1671956E+00  1.7974441E-01
  3.9796094E-01  1.1664361E+00  1.7902583E-01
  4.0140155E-01  1.1655930E+00  1.7828174E-01
  4.0487190E-01  1.1646660E+00  1.7751191E-01
  4.0837225E-01  1.1636545E+00  1.7671610E-01
  4.1190287E-01  1.1625583E+00  1.7589409E-01
  4.1546401E-01  1.1613770E+00  1.7504565E-01
  4.1905594E-01  1.1601101E+00  1.7417055E-01
  4.2267892E-01  1.1587573E+00  1.7326857E-01
  4.2633322E-01  1.1573183E+00  1.7233948E-01
  4.3001912E-01  1.1557928E+00  1.7138306E-01
  4.3373688E-01  1.1541805E+00  1.7039909E-01
  4.3748679E-01  1.1524811E+00  1.6938735E-01
  4.4126912E-01  1.1506943E+00  1.6834764E-01
  4.4508414E-01  1.1488199E+00  1.6727973E-01
  4.4893215E-01  1.1468577E+00  1.6618342E-01
  4.5281343E-01  1.1448075E+00  1.6505850E-01
  4.5672826E-01  1.1426691E+00  1.6390476E-01
  4.6067694E-01  1.1404424E+00  1.6272200E-01
  4.6465976E-01  1.1381271E+00  1.6151003E-01
  4.6867701E-01  1.1357232E+00  1.6026864E-01
  4.7272899E-01  1.1332306E+00  1.5899764E-01
  4.7681600E-01  1.1306491E+00  1.5769684E-01
  4.8093835E-01  1.1279789E+00  1.5636605E-01
  4.8509634E-01  1.1252197E+00  1.5500510E-01
  4.8929027E-01  1.1223716E+00  1.5361379E-01
  4.9352047E-01  1.1194346E+00  1.5219195E-01
  4.9778723E-01  1.1164087E+00  1.5073940E-01
  5.0209089E-01  1.1132940E+00  1.4925599E-01
  5.0643175E-01  1.1100906E+00  1.4774153E-01
  5.1081014E-01  1.1067985E+00  1.4619587E-01
  5.1522639E-01  1.1034179E+00  1.4461886E-01
  5.1968081E-01  1.0999490E+00  1.4301032E-01
  5.2417375E-01  1.0963918E+00  1.4137013E-01
  5.2870553E-01  1.0927466E+00  1.3969812E-01
  5.3327649E-01  1.0890137E+00  1.3799416E-01
  5.3788696E-01  1.0851932E+00  1.3625811E-01
  5.4253730E-01  1.0812855E+00  1.3448985E-01
  5.4722784E-01  1.0772908E+00  1.3268923E-01
  5.5195894E-01  1.0732095E+00  1.3085615E-01
  5.5673093E-01  1.0690419E+00  1.2899048E-01
  5.6154419E-01  1.0647883E+00  1.2709212E-01
  5.6639905E-01  1.0604492E+00  1.2516094E-01
  5.7129589E-01  1.0560250E+00  1.2319686E-01
  5.7623506E-01  1.0515162E+00  1.2119978E-01
  5.8121694E-01  1.0469232E+00  1.1916960E-01
  5.8624189E-01  1.0422465E+00  1.1710625E-01
  5.9131028E-01  1.0374867E+00  1.1500964E-01
  5.9642249E-01  1.0326442E+00  1.1287970E-01
  6.0157889E-01  1.0277198E+00  1.1071636E-01
  6.0677988E-01  1.0227140E+00  1.0851957E-01
  6.1202583E-01  1.0176274E+00  1.0628926E-01
  6.1731714E-01  1.0124607E+00  1.0402540E-01
  6.2265419E-01  1.0072146E+00  1.0172793E-01
  6.2803738E-01  1.0018898E+00  9.9396830E-02
  6.3346712E-01  9.9648712E-01  9.7032065E-02
  6.3894379E-01  9.9100722E-01  9.4633615E-02
  6.4446782E-01  9.8545093E-01  9.2201467E-02
  6.5003960E-01  9.7981909E-01  8.9735613E-02
  6.5565956E-01  9.7411254E-01  8.7236053E-02
  6.6132810E-01  9.6833217E-01  8.4702796E-02
  6.6704565E-01  9.6247887E-01  8.2135855E-02
  6.7281263E-01  9.5655358E-01  7.9535255E-02
  6.7862947E-01  9.5055726E-01  7.6901025E-02
  6.8449660E-01  9.4449089E-01  7.4233204E-02
  6.9041445E-01  9.3835548E-01  7.1531837E-02
  6.9638346E-01  9.3215206E-01  6.8796978E-02
  7.0240408E-01  9.2588171E-01  6.6028691E-02
  7.0847676E-01  9.1954550E-01  6.3227045E-02
  7.1460193E-01  9.1314456E-01  6.0392120E-02
  7.2078006E-01  9.0668002E-01  5.7524002E-02
  7.2701160E-01  9.0015304E-01  5.4622788E-02
  7.3329702E-01  8.9356482E-01  5.1688582E-02
  7.3963677E-01  8.8691657E-01  4.8721498E-02
  7.4603134E-01  8.8020953E-01  4.5721657E-02
  7.5248119E-01  8.7344496E-01  4.2689191E-02
  7.5898681E-01  8.6662415E-01  3.9624240E-02
  7.6554867E-01  8.5974841E-01  3.6526953E-02
  7.7216726E-01  8.5281908E-01  3.3397489E-02
  7.7884307E-01  8.4583750E-01  3.0236016E-02
  7.8557659E-01  8.3880507E-01  2.7042712E-02
  7.9236833E-01  8.3172318E-01  2.3817761E-02
  7.9921879E-01  8.2459325E-01  2.0561362E-02
  8.0612848E-01  8.1741674E-01  1.7273721E-02
  8.1309790E-01  8.1019509E-01  1.3955051E-02
  8.2012758E-01  8.0292981E-01  1.0605580E-02
  8.2721803E-01  7.9562239E-01  7.2255426E-03
  8.3436978E-01  7.8827436E-01  3.8151835E-03
  8.4158336E-01  7.8088727E-01  3.7475787E-04
  8.4885931E-01  7.7346267E-01 -3.0954691E-03
  8.5619817E-01  7.6600215E-01 -6.5952223E-03
  8.6360047E-01  7.5850731E-01 -1.0124217E-02
  8.7106676E-01  7.5097975E-01 -1.3682157E-02
  8.7859761E-01  7.4342110E-01 -1.7268737E-02
  8.8619357E-01  7.3583302E-01 -2.0883642E-02
  8.9385519E-01  7.2821717E-01 -2.4526545E-02
  9.0158306E-01  7.2057521E-01 -2.8197111E-02
  9.0937773E-01  7.1290883E-01 -3.1894994E-02
  9.1723980E-01  7.0521974E-01 -3.5619836E-02
  9.2516984E-01  6.9750964E-01 -3.9371271E-02
  9.3316843E-01  6.8978027E-01 -4.3148921E-02
  9.4123618E-01  6.8203335E-01 -4.6952400E-02
  9.4937368E-01  6.7427063E-01 -5.0781310E-02
  9.5758153E-01  6.6649386E-01 -5.4635243E-02
  9.6586034E-01  6.5870481E-01 -5.8513780E-02
  9.7421073E-01  6.5090524E-01 -6.2416495E-02
  9.8263331E-01  6.4309692E-01 -6.6342948E-02
  9.9112870E-01  6.3528164E-01 -7.0292692E-02
  9.9969755E-01  6.2746119E-01 -7.4265268E-02
  1.0083405E+00  6.1963734E-01 -7.8260207E-02
  1.0170581E+00  6.1181191E-01 -8.2277032E-02
  1.0258511E+00  6.0398667E-01 -8.6315254E-02
  1.0347202E+00  5.9616343E-01 -9.0374375E-02
  1.0436659E+00  5.8834398E-01 -9.4453889E-02
  1.0526889E+00  5.8053013E-01 -9.8553277E-02
  1.0617900E+00  5.7272365E-01 -1.0267201E-01
  1.0709698E+00  5.6492635E-01 -1.0680956E-01
  1.0802289E+00  5.5714002E-01 -1.1096538E-01
  1.0895680E+00  5.4936643E-01 -1.1513890E-01
  1.0989879E+00  5.4160737E-01 -1.1932958E-01
  1.1084893E+00  5.3386461E-01 -1.2353682E-01
  1.1180728E+00  5.2613991E-01 -1.2776007E-01
  1.1277391E+00  5.1843504E-01 -1.3199871E-01
  1.1374890E+00  5.1075172E-01 -1.3625216E-01
  1.1473232E+00  5.0309171E-01 -1.4051980E-01
  1.1572424E+00  4.9545673E-01 -1.4480103E-01
  1.1672474E+00  4.8784848E-01 -1.4909521E-01
  1.1773389E+00  4.8026868E-01 -1.5340171E-01
  1.1875176E+00  4.7271899E-01 -1.5771989E-01
  1.1977844E+00  4.6520109E-01 -1.6204911E-01
  1.2081399E+00  4.5771664E-01 -1.6638870E-01
  1.2185849E+00  4.5026726E-01 -1.7073801E-01
  1.2291202E+00  4.4285457E-01 -1.7509636E-01
  1.2397466E+00  4.3548016E-01 -1.7946307E-01
  1.2504649E+00  4.2814562E-01 -1.8383746E-01
  1.2612758E+00  4.2085249E-01 -1.8821884E-01
  1.2721802E+00  4.1360230E-01 -1.9260649E-01
  1.2831789E+00  4.0639656E-01 -1.9699973E-01
  1.2942727E+00  3.9923676E-01 -2.0139783E-01
  1.3054623E+00  3.9212434E-01 -2.0580006E-01
  1.3167488E+00  3.8506073E-01 -2.1020572E-01
  1.3281327E+00  3.7804735E-01 -2.1461405E-01
  1.3396152E+00  3.7108555E-01 -2.1902433E-01
  1.3511969E+00  3.6417670E-01 -2.2343579E-01
  1.3628787E+00  3.5732209E-01 -2.2784770E-01
  1.3746615E+00  3.5052301E-01 -2.3225929E-01
  1.3865462E+00  3.4378071E-01 -2.3666979E-01
  1.3985336E+00  3.3709642E-01 -2.4107843E-01
  1.4106247E+00  3.3047131E-01 -2.4548443E-01
  1.4228203E+00  3.2390653E-01 -2.4988701E-01
  1.4351213E+00  3.1740321E-01 -2.5428538E-01
  1.4475287E+00  3.1096241E-01 -2.5867873E-01
  1.4600434E+00  3.0458519E-01 -2.6306626E-01
  1.4726662E+00  2.9827255E-01 -2.6744716E-01
  1.4853982E+00  2.9202546E-01 -2.7182061E-01
  1.4982402E+00  2.8584485E-01 -2.7618579E-01
  1.5111933E+00  2.7973161E-01 -2.8054186E-01
  1.5242584E+00  2.7368660E-01 -2.8488798E-01
  1.5374364E+00  2.6771063E-01 -2.8922331E-01
  1.5507284E+00  2.6180449E-01 -2.9354699E-01
  1.5641352E+00  2.5596889E-01 -2.9785817E-01
  1.5776580E+00  2.5020454E-01 -3.0215596E-01
  1.5912977E+00  2.4451210E-01 -3.0643950E-01
  1.6050553E+00  2.3889217E-01 -3.1070790E-01
  1.6189319E+00  2.3334534E-01 -3.1496027E-01
  1.6329284E+00  2.2787213E-01 -3.1919570E-01
  1.6470459E+00  2.2247303E-01 -3.2341329E-01
  1.6612855E+00  2.1714850E-01 -3.2761212E-01
  1.6756482E+00  2.1189894E-01 -3.3179125E-01
  1.6901351E+00  2.0672473E-01 -3.3594976E-01
  1.7047472E+00  2.0162620E-01 -3.4008670E-01
  1.7194856E+00  1.9660363E-01 -3.4420111E-01
  1.7343515E+00  1.9165727E-01 -3.4829204E-01
  1.7493459E+00  1.8678734E-01 -3.5235851E-01
  1.7644699E+00  1.8199399E-01 -3.5639954E-01
  1.7797247E+00  1.7727737E-01 -3.6041414E-01
  1.7951113E+00  1.7263756E-01 -3.6440132E-01
  1.8106310E+00  1.6807461E-01 -3.6836007E-01
  1.8262849E+00  1.6358855E-01 -3.7228937E-01
  1.8420741E+00  1.5917934E-01 -3.7618819E-01
  1.8579998E+00  1.5484693E-01 -3.8005551E-01
  1.8740632E+00  1.5059122E-01 -3.8389029E-01
  1.8902654E+00  1.4641208E-01 -3.8769147E-01
  1.9066078E+00  1.4230934E-01 -3.9145801E-01
  1.9230914E+00  1.3828281E-01 -3.9518883E-01
  1.9397176E+00  1.3433224E-01 -3.9888286E-01
  1.9564874E+00  1.3045736E-01 -4.0253904E-01
  1.9734023E+00  1.2665787E-01 -4.0615627E-01
  1.9904634E+00  1.2293344E-01 -4.0973347E-01
  2.0076720E+00  1.1928370E-01 -4.1326954E-01
  2.0250294E+00  1.1570825E-01 -4.1676339E-01
  2.0425368E+00  1.1220666E-01 -4.2021390E-01
  2.0601956E+00  1.0877848E-01 -4.2361997E-01
  2.0780071E+00  1.0542322E-01 -4.2698049E-01
  2.0959726E+00  1.0214037E-01 -4.3029435E-01
  2.1140934E+00  9.8929390E-02 -4.3356042E-01
  2.1323708E+00  9.5789707E-02 -4.3677760E-01
  2.1508063E+00  9.2720731E-02 -4.3994475E-01
  2.1694011E+00  8.9721844E-02 -4.4306078E-01
  2.1881568E+00  8.6792404E-02 -4.4612454E-01
  2.2070745E+00  8.3931747E-02 -4.4913493E-01
  2.2261558E+00  8.1139186E-02 -4.5209084E-01
  2.2454021E+00  7.8414011E-02 -4.5499114E-01
  2.2648148E+00  7.5755493E-02 -4.5783473E-01
  2.2843953E+00  7.3162882E-02 -4.6062051E-01
  2.3041451E+00  7.0635410E-02 -4.6334736E-01
  2.3240657E+00  6.8172290E-02 -4.6601420E-01
  2.3441584E+00  6.5772718E-02 -4.6861994E-01
  2.3644249E+00  6.3435873E-02 -4.7116350E-01
  2.3848666E+00  6.1160918E-02 -4.7364379E-01
  2.4054850E+00  5.8947003E-02 -4.7605977E-01
  2.4262817E+00  5.6793262E-02 -4.7841037E-01
  2.4472582E+00  5.4698818E-02 -4.8069454E-01
  2.4684160E+00  5.2662779E-02 -4.8291126E-01
  2.4897568E+00  5.0684245E-02 -4.8505951E-01
  2.5112820E+00  4.8762302E-02 -4.8713826E-01
  2.5329934E+00  4.6896030E-02 -4.8914655E-01
  2.5548924E+00  4.5084497E-02 -4.9108337E-01
  2.5769808E+00  4.3326765E-02 -4.9294777E-01
  2.5992601E+00  4.1621889E-02 -4.9473881E-01
  2.6217321E+00  3.9968916E-02 -4.9645554E-01
  2.6443984E+00  3.8366891E-02 -4.9809707E-01
  2.6672606E+00  3.6814850E-02 -4.9966250E-01
  2.6903204E+00  3.5311829E-02 -5.0115096E-01
  2.7135797E+00  3.3856860E-02 -5.0256159E-01
  2.7370400E+00  3.2448972E-02 -5.0389357E-01
  2.7607031E+00  3.1087193E-02 -5.0514609E-01
  2.7845708E+00  2.9770552E-02 -5.0631836E-01
  2.8086449E+00  2.8498077E-02 -5.0740963E-01
  2.8329271E+00  2.7268797E-02 -5.0841917E-01
  2.8574192E+00  2.6081744E-02 -5.0934626E-01
  2.8821231E+00  2.4935950E-02 -5.1019022E-01
  2.9070406E+00  2.3830452E-02 -5.1095041E-01
  2.9321735E+00  2.2764292E-02 -5.1162619E-01
  2.9575236E+00  2.1736515E-02 -5.1221697E-01
  2.9830930E+00  2.0746172E-02 -5.1272218E-01
  3.0088834E+00  1.9792319E-02 -5.1314129E-01
  3.0348967E+00  1.8874020E-02 -5.1347380E-01
  3.0611350E+00  1.7990345E-02 -5.1371923E-01
  3.0876001E+00  1.7140373E-02 -5.1387714E-01
  3.1142940E+00  1.6323191E-02 -5.1394714E-01
  3.1412187E+00  1.5537895E-02 -5.1392885E-01
  3.1683762E+00  1.4783589E-02 -5.1382193E-01
  3.1957685E+00  1.4059389E-02 -5.1362610E-01
  3.2233976E+00  1.3364421E-02 -5.1334108E-01
  3.2512655E+00  1.2697822E-02 -5.1296665E-01
  3.2793744E+00  1.2058739E-02 -5.1250262E-01
  3.3077263E+00  1.1446333E-02 -5.1194885E-01
  3.3363233E+00  1.0859777E-02 -5.1130522E-01
  3.3651676E+00  1.0298254E-02 -5.1057167E-01
  3.3942612E+00  9.7609621E-03 -5.0974816E-01
  3.4236063E+00  9.2471133E-03 -5.0883470E-01
  3.4532052E+00  8.7559320E-03 -5.0783135E-01
  3.4830600E+00  8.2866565E-03 -5.0673820E-01
  3.5131728E+00  7.8385396E-03 -5.0555538E-01
  3.5435460E+00  7.4108483E-03 -5.0428307E-01
  3.5741818E+00  7.0028643E-03 -5.0292149E-01
  3.6050825E+00  6.6138839E-03 -5.0147091E-01
  3.6362503E+00  6.2432185E-03 -4.9993162E-01
  3.6676876E+00  5.8901943E-03 -4.9830398E-01
  3.6993967E+00  5.5541530E-03 -4.9658839E-01
  3.7313799E+00  5.2344513E-03 -4.9478527E-01
  3.7636396E+00  4.9304615E-03 -4.9289512E-01
  3.7961782E+00  4.6415710E-03 -4.9091846E-01
  3.8289981E+00  4.3671830E-03 -4.8885587E-01
  3.8621018E+00  4.1067159E-03 -4.8670795E-01
  3.8954917E+00  3.8596036E-03 -4.8447538E-01
  3.9291703E+00  3.6252952E-03 -4.8215885E-01
  3.9631400E+00  3.4032556E-03 -4.7975912E-01
  3.9974034E+00  3.1929646E-03 -4.7727699E-01
  4.0319630E+00  2.9939174E-03 -4.7471329E-01
  4.0668214E+00  2.8056242E-03 -4.7206891E-01
  4.1019812E+00  2.6276102E-03 -4.6934479E-01
  4.1374450E+00  2.4594154E-03 -4.6654189E-01
  4.1732153E+00  2.3005947E-03 -4.6366123E-01
  4.2092949E+00  2.1507173E-03 -4.6070388E-01
  4.2456865E+00  2.0093669E-03 -4.5767094E-01
  4.2823926E+00  1.8761413E-03 -4.5456356E-01
  4.3194161E+00  1.7506523E-03 -4.5138293E-01
  4.3567597E+00  1.6325254E-03 -4.4813028E-01
  4.3944262E+00  1.5213997E-03 -4.4480689E-01
  4.4324183E+00  1.4169275E-03 -4.4141407E-01
  4.4707388E+00  1.3187742E-03 -4.3795319E-01
  4.5093907E+00  1.2266180E-03 -4.3442563E-01
  4.5483767E+00  1.1401496E-03 -4.3083283E-01
  4.5876998E+00  1.0590720E-03 -4.2717626E-01
  4.6273628E+00  9.8310016E-04 -4.2345745E-01
  4.6673688E+00  9.1196078E-04 -4.1967793E-01
  4.7077206E+00  8.4539198E-04 -4.1583929E-01
  4.7484213E+00  7.8314304E-04 -4.1194316E-01
  4.7894739E+00  7.2497407E-04 -4.0799117E-01
  4.8308814E+00  6.7065576E-04 -4.0398504E-01
  4.8726468E+00  6.1996906E-04 -3.9992646E-01
  4.9147734E+00  5.7270489E-04 -3.9581720E-01
  4.9572641E+00  5.2866383E-04 -3.9165904E-01
  5.0001223E+00  4.8765585E-04 -3.8745378E-01
  5.0433509E+00  4.4949999E-04 -3.8320326E-01
  5.0869533E+00  4.1402407E-04 -3.7890935E-01
  5.1309326E+00  3.8106440E-04 -3.7457394E-01
  5.1752922E+00  3.5046549E-04 -3.7019893E-01
  5.2200353E+00  3.2207973E-04 -3.6578627E-01
  5.2651652E+00  2.9576717E-04 -3.6133792E-01
  5.3106853E+00  2.7139515E-04 -3.5685583E-01
  5.3565989E+00  2.4883810E-04 -3.5234203E-01
  5.4029095E+00  2.2797719E-04 -3.4779850E-01
  5.4496204E+00  2.0870013E-04 -3.4322729E-01
  5.4967352E+00  1.9090085E-04 -3.3863042E-01
  5.5442573E+00  1.7447927E-04 -3.3400995E-01
  5.5921903E+00  1.5934104E-04 -3.2936795E-01
  5.6405377E+00  1.4539726E-04 -3.2470648E-01
  5.6893031E+00  1.3256427E-04 -3.2002762E-01
  5.7384900E+00  1.2076340E-04 -3.1533346E-01
  5.7881022E+00  1.0992075E-04 -3.1062607E-01
  5.8381434E+00  9.9966935E-05 -3.0590755E-01
  5.8886172E+00  9.0836880E-05 -3.0117999E-01
  5.9395273E+00  8.2469619E-05 -2.9644547E-01
  5.9908776E+00  7.4808076E-05 -2.9170607E-01
  6.0426718E+00  6.7798869E-05 -2.8696387E-01
  6.0949138E+00  6.1392114E-05 -2.8222094E-01
  6.1476075E+00  5.5541243E-05 -2.7747934E-01
  6.2007568E+00  5.0202821E-05 -2.7274112E-01
  6.2543655E+00  4.5336377E-05 -2.6800831E-01
  6.3084377E+00  4.0904233E-05 -2.6328295E-01
  6.3629774E+00  3.6871350E-05 -2.5856703E-01
  6.4179887E+00  3.3205170E-05 -2.5386254E-01
  6.4734755E+00  2.9875472E-05 -2.4917144E-01
  6.5294420E+00  2.6854232E-05 -2.4449570E-01
  6.5858924E+00  2.4115487E-05 -2.3983722E-01
  6.6428309E+00  2.1635211E-05 -2.3519791E-01
  6.7002616E+00  1.9391187E-05 -2.3057963E-01
  6.7581888E+00  1.7362898E-05 -2.2598423E-01
  6.8166169E+00  1.5531412E-05 -2.2141351E-01
  6.8755500E+00  1.3879278E-05 -2.1686926E-01
  6.9349927E+00  1.2390427E-05 -2.1235321E-01
  6.9949493E+00  1.1050080E-05 -2.0786709E-01
  7.0554243E+00  9.8446561E-06 -2.0341257E-01
  7.1164220E+00  8.7616884E-06 -1.9899127E-01
  7.1779472E+00  7.7897471E-06 -1.9460480E-01
  7.2400042E+00  6.9183629E-06 -1.9025470E-01
  7.3025978E+00  6.1379570E-06 -1.8594250E-01
  7.3657326E+00  5.4397749E-06 -1.8166966E-01
  7.4294131E+00  4.8158242E-06 -1.7743760E-01
  7.4936442E+00  4.2588166E-06 -1.7324770E-01
  7.5584306E+00  3.7621128E-06 -1.6910130E-01
  7.6237772E+00  3.3196722E-06 -1.6499967E-01
  7.6896887E+00  2.9260045E-06 -1.6094405E-01
  7.7561700E+00  2.5761256E-06 -1.5693563E-01
  7.8232261E+00  2.2655163E-06 -1.5297554E-01
  7.8908619E+00  1.9900832E-06 -1.4906485E-01
  7.9590825E+00  1.7461234E-06 -1.4520460E-01
  8.0278929E+00  1.5302910E-06 -1.4139577E-01
  8.0972981E+00  1.3395662E-06 -1.3763928E-01
  8.1673035E+00  1.1712270E-06 -1.3393600E-01
  8.2379140E+00  1.0228227E-06 -1.3028674E-01
  8.3091350E+00  8.9214931E-07 -1.2669228E-01
  8.3809718E+00  7.7722766E-07 -1.2315330E-01
  8.4534296E+00  6.7628221E-07 -1.1967047E-01
  8.5265139E+00  5.8772230E-07 -1.1624439E-01
  8.6002300E+00  5.1012464E-07 -1.1287559E-01
  8.6745834E+00  4.4221735E-07 -1.0956457E-01
  8.7495797E+00  3.8286525E-07 -1.0631176E-01
  8.8252243E+00  3.3105653E-07 -1.0311753E-01
  8.9015229E+00  2.8589048E-07 -9.9982219E-02
  8.9784812E+00  2.4656634E-07 -9.6906093E-02
  9.0561048E+00  2.1237319E-07 -9.3889373E-02
  9.1343995E+00  1.8268065E-07 -9.0932225E-02
  9.2133710E+00  1.5693055E-07 -8.8034765E-02
  9.2930254E+00  1.3462932E-07 -8.5197056E-02
  9.3733684E+00  1.1534108E-07 -8.2419113E-02
  9.4544060E+00  9.8681486E-08 -7.9700900E-02
  9.5361442E+00  8.4312034E-08 -7.7042333E-02
  9.6185891E+00  7.1935061E-08 -7.4443280E-02
  9.7017467E+00  6.1289167E-08 -7.1903564E-02
  9.7856233E+00  5.2145126E-08 -6.9422960E-02
  9.8702251E+00  4.4302215E-08 -6.7001201E-02
  9.9555583E+00  3.7584919E-08 -6.4637975E-02
  1.0041629E+01  3.1839995E-08 -6.2332930E-02
  1.0128444E+01  2.6933837E-08 -6.0085672E-02
  1.0216010E+01  2.2750134E-08 -5.7895769E-02
  1.0304333E+01  1.9187781E-08 -5.5762748E-02
  1.0393419E+01  1.6159026E-08 -5.3686103E-02
  1.0483275E+01  1.3587818E-08 -5.1665291E-02
  1.0573909E+01  1.1408350E-08 -4.9699736E-02
  1.0665325E+01  9.5637658E-09 -4.7788830E-02
  1.0757533E+01  8.0050185E-09 -4.5931932E-02
  1.0850537E+01  6.6898655E-09 -4.4128375E-02
  1.0944346E+01  5.5819806E-09 -4.2377462E-02
  1.1038965E+01  4.6501758E-09 -4.0678471E-02
  1.1134403E+01  3.8677171E-09 -3.9030655E-02
  1.1230665E+01  3.2117255E-09 -3.7433245E-02
  1.1327760E+01  2.6626531E-09 -3.5885448E-02
  1.1425695E+01  2.2038256E-09 -3.4386453E-02
  1.1524476E+01  1.8210434E-09 -3.2935432E-02
  1.1624111E+01  1.5022344E-09 -3.1531536E-02
  1.1724607E+01  1.2371528E-09 -3.0173904E-02
  1.1825972E+01  1.0171172E-09 -2.8861661E-02
  1.1928214E+01  8.3478455E-10 -2.7593919E-02
  1.2031339E+01  6.8395464E-10 -2.6369778E-02
  1.2135357E+01  5.5940112E-10 -2.5188331E-02
  1.2240273E+01  4.5672636E-10 -2.4048662E-02
  1.2346096E+01  3.7223661E-10 -2.2949847E-02
  1.2452835E+01  3.0283484E-10 -2.1890960E-02
  1.2560496E+01  2.4592901E-10 -2.0871068E-02
  1.2669088E+01  1.9935368E-10 -1.9889238E-02
  1.2778619E+01  1.6130305E-10 -1.8944534E-02
  1.2889096E+01  1.3027409E-10 -1.8036021E-02
  1.3000529E+01  1.0501802E-10 -1.7162766E-02
  1.3112926E+01  8.4499288E-11 -1.6323836E-02
  1.3226294E+01  6.7860776E-11 -1.5518303E-02
  1.3340642E+01  5.4394395E-11 -1.4745245E-02
  1.3455978E+01  4.3516303E-11 -1.4003742E-02
  1.3572312E+01  3.4746035E-11 -1.3292885E-02
  1.3689652E+01  2.7688968E-11 -1.2611768E-02
  1.3808006E+01  2.2021622E-11 -1.1959498E-02
  1.3927383E+01  1.7479362E-11 -1.1335188E-02
  1.4047793E+01  1.3846125E-11 -1.0737962E-02
  1.4169243E+01  1.0945860E-11 -1.0166956E-02
  1.4291743E+01  8.6354107E-12 -9.6213163E-03
  1.4415303E+01  6.7986088E-12 -9.1002016E-03
  1.4539931E+01  5.3413795E-12 -8.6027841E-03
  1.4665636E+01  4.1876990E-12 -8.1282493E-03
  1.4792428E+01  3.2762601E-12 -7.6757965E-03
  1.4920316E+01  2.5577281E-12 -7.2446396E-03
  1.5049310E+01  1.9924874E-12 -6.8340075E-03
  1.5179419E+01  1.5487953E-12 -6.4431445E-03
  1.5310653E+01  1.2012729E-12 -6.0713104E-03
  1.5443021E+01  9.2967348E-13 -5.7177811E-03
  1.5576534E+01  7.1788053E-13 -5.3818489E-03
  1.5711201E+01  5.5309359E-13 -5.0628224E-03
  1.5847032E+01  4.2516889E-13 -4.7600272E-03
  1.5984038E+01  3.2608615E-13 -4.4728055E-03
  1.6122228E+01  2.4951852E-13 -4.2005167E-03
  1.6261613E+01  1.9048652E-13 -3.9425372E-03
  1.6402203E+01  1.4508019E-13 -3.6982606E-03
  1.6544009E+01  1.1023658E-13 -3.4670974E-03
  1.6687040E+01  8.3561905E-14 -3.2484756E-03
  1.6831308E+01  6.3189810E-14 -3.0418400E-03
  1.6976824E+01  4.7668664E-14 -2.8466527E-03
  1.7123597E+01  3.5872127E-14 -2.6623925E-03
  1.7271639E+01  2.6928392E-14 -2.4885551E-03
  1.7420962E+01  2.0164325E-14 -2.3246528E-03
  1.7571575E+01  1.5061482E-14 -2.1702146E-03
  1.7723490E+01  1.1221558E-14 -2.0247855E-03
  1.7876719E+01  8.3393193E-15 -1.8879267E-03
  1.8031272E+01  6.1814534E-15 -1.7592153E-03
  1.8187162E+01  4.5700775E-15 -1.6382440E-03
  1.8344399E+01  3.3699219E-15 -1.5246209E-03
  1.8502996E+01  2.4783902E-15 -1.4179689E-03
  1.8662964E+01  1.8178718E-15 -1.3179260E-03
  1.8824315E+01  1.3298133E-15 -1.2241446E-03
  1.8987061E+01  9.7015678E-16 -1.1362909E-03
  1.9151213E+01  7.0584104E-16 -1.0540456E-03
  1.9316786E+01  5.1212438E-16 -9.7710223E-04
  1.9483789E+01  3.7054186E-16 -9.0516796E-04
  1.9652236E+01  2.6735114E-16 -8.3796258E-04
  1.9822140E+01  1.9235314E-16 -7.7521840E-04
  1.9993513E+01  1.3799979E-16 -7.1667986E-04
  2.0166367E+01  9.8720852E-17 -6.6210317E-04
  2.0340716E+01  7.0417389E-17 -6.1125596E-04
  2.0516571E+01  5.0081886E-17 -5.6391692E-04
  2.0693948E+01  3.5514053E-17 -5.1987543E-04
  2.0872858E+01  2.5108895E-17 -4.7893124E-04
  2.1053314E+01  1.7699118E-17 -4.4089407E-04
  2.1235331E+01  1.2438303E-17 -4.0558331E-04
  2.1418921E+01  8.7145460E-18 -3.7282762E-04
  2.1604099E+01  6.0868296E-18 -3.4246463E-04
  2.1790877E+01  4.2382712E-18 -3.1434054E-04
  2.1979271E+01  2.9418867E-18 -2.8830986E-04
  2.2169293E+01  2.0355933E-18 -2.6423501E-04
  2.2360958E+01  1.4040163E-18 -2.4198606E-04
  2.2554280E+01  9.6528920E-19 -2.2144034E-04
  2.2749273E+01  6.6150759E-19 -2.0248217E-04
  2.2945952E+01  4.5184782E-19 -1.8500256E-04
  2.3144332E+01  3.0762191E-19 -1.6889890E-04
  2.3344426E+01  2.0873618E-19 -1.5407466E-04
  2.3546251E+01  1.4116307E-19 -1.4043911E-04
  2.3749820E+01  9.5142552E-20 -1.2790705E-04
  2.3955150E+01  6.3906667E-20 -1.1639855E-04
  2.4162254E+01  4.2778190E-20 -1.0583868E-04
  2.4371149E+01  2.8535837E-20 -9.6157240E-05
  2.4581850E+01  1.8968708E-20 -8.7288564E-05
  2.4794373E+01  1.2564659E-20 -7.9171240E-05
  2.5008733E+01  8.2930876E-21 -7.1747906E-05
  2.5224947E+01  5.4540735E-21 -6.4965025E-05
  2.5443029E+01  3.5739744E-21 -5.8772676E-05
  2.5662997E+01  2.3334259E-21 -5.3124352E-05
  2.5884867E+01  1.5178714E-21 -4.7976766E-05
  2.6108655E+01  9.8369509E-22 -4.3289665E-05
  2.6334378E+01  6.3512124E-22 -3.9025653E-05
  2.6562052E+01  4.0851619E-22 -3.5150017E-05
  2.6791695E+01  2.6176057E-22 -3.1630569E-05
  2.7023323E+01  1.6708103E-22 -2.8437488E-05
  2.7256953E+01  1.0623401E-22 -2.5543174E-05
  2.7492603E+01  6.7282010E-23 -2.2922105E-05
  2.7730291E+01  4.2444219E-23 -2.0550703E-05
  2.7970034E+01  2.6669048E-23 -1.8407209E-05
  2.8211849E+01  1.6689790E-23 -1.6471563E-05
  2.8455755E+01  1.0402400E-23 -1.4725286E-05
  2.8701769E+01  6.4571411E-24 -1.3151375E-05
  2.8949911E+01  3.9916799E-24 -1.1734199E-05
  2.9200198E+01  2.4573347E-24 -1.0459406E-05
  2.9452649E+01  1.5064353E-24 -9.3138274E-06
  2.9707282E+01  9.1959884E-25 -8.2853954E-06
  2.9964117E+01  5.5897476E-25 -7.3630617E-06
  3.0223172E+01  3.3831074E-25 -6.5367223E-06
  3.0484467E+01  2.0386983E-25 -5.7971457E-06
  3.0748020E+01  1.2231717E-25 -5.1359068E-06
  3.1013853E+01  7.3063863E-26 -4.5453249E-06
  3.1281983E+01  4.3449222E-26 -4.0184049E-06
  3.1552432E+01  2.5722237E-26 -3.5487833E-06
  3.1825219E+01  1.5158839E-26 -3.1306774E-06
  3.2100365E+01  8.8927589E-27 -2.7588378E-06
  3.2377889E+01  5.1928199E-27 -2.4285050E-06
  3.2657812E+01  3.0182054E-27 -2.1353680E-06
  3.2940156E+01  1.7460456E-27 -1.8755266E-06
  3.3224940E+01  1.0053238E-27 -1.6454562E-06
  3.3512187E+01  5.7607906E-28 -1.4419753E-06
  3.3801917E+01  3.2852315E-28 -1.2622155E-06
  3.4094152E+01  1.8644016E-28 -1.1035934E-06
  3.4388913E+01  1.0528930E-28 -9.6378525E-07
  3.4686223E+01  5.9167314E-29 -8.4070319E-07
  3.4986103E+01  3.3083667E-29 -7.3247359E-07
  3.5288576E+01  1.8406059E-29 -6.3741704E-07
  3.5593664E+01  1.0188363E-29 -5.5403008E-07
  3.5901390E+01  5.6108061E-30 -4.8096832E-07
  3.6211776E+01  3.0740017E-30 -4.1703117E-07
  3.6524845E+01  1.6754113E-30 -3.6114774E-07
  3.6840621E+01  9.0835924E-31 -3.1236402E-07
  3.7159127E+01  4.8988355E-31 -2.6983118E-07
  3.7480387E+01  2.6278895E-31 -2.3279499E-07
  3.7804424E+01  1.4021039E-31 -2.0058604E-07
  3.8131263E+01  7.4403231E-32 -1.7261105E-07
  3.8460927E+01  3.9266423E-32 -1.4834484E-07
  3.8793441E+01  2.0608583E-32 -1.2732316E-07
  3.9128831E+01  1.0756011E-32 -1.0913614E-07
  3.9467119E+01  5.5822539E-33 -9.3422392E-08
  3.9808333E+01  2.8807256E-33 -7.9863735E-08
  4.0152496E+01  1.4781097E-33 -6.8180384E-08
  4.0499635E+01  7.5405369E-34 -5.8126661E-08
  4.0849775E+01  3.8244310E-34 -4.9487132E-08
  4.1202943E+01  1.9283164E-34 -4.2073145E-08
  4.1559163E+01  9.6652791E-35 -3.5719737E-08
  4.1918464E+01  4.8156255E-35 -3.0282857E-08
  4.2280870E+01  2.3849020E-35 -2.5636895E-08
  4.2646410E+01  1.1739377E-35 -2.1672482E-08
  4.3015110E+01  5.7431900E-36 -1.8294523E-08
  4.3386998E+01  2.7923614E-36 -1.5420460E-08
  4.3762101E+01  1.3492018E-36 -1.2978719E-08
  4.4140446E+01  6.4780657E-37 -1.0907346E-08
  4.4522063E+01  3.0906726E-37 -9.1527894E-09
  4.4906979E+01  1.4651285E-37 -7.6688342E-09
  4.5295223E+01  6.9006370E-38 -6.4156555E-09
  4.5686824E+01  3.2290055E-38 -5.3589880E-09
  4.6081810E+01  1.5010312E-38 -4.4693957E-09
  4.6480211E+01  6.9314959E-39 -3.7216305E-09
  4.6882056E+01  3.1794739E-39 -3.0940708E-09
  4.7287375E+01  1.4486021E-39 -2.5682295E-09
  4.7696199E+01  6.5551518E-40 -2.1283253E-09
  4.8108557E+01  2.9459831E-40 -1.7609083E-09
  4.8524480E+01  1.3148172E-40 -1.4545342E-09
  4.8943999E+01  5.8272235E-41 -1.1994811E-09
  4.9367145E+01  2.5644394E-41 -9.8750433E-10
  4.9793949E+01  1.1205487E-41 -8.1162317E-10
  5.0224444E+01  4.8612653E-42 -6.6593738E-10
  5.0658660E+01  2.0937305E-42 -5.4546829E-10
  5.1096630E+01  8.9519438E-43 -4.4602209E-10
  5.1538386E+01  3.7993654E-43 -3.6407217E-10
  5.1983962E+01  1.6005664E-43 -2.9665817E-10
  5.2433390E+01  6.6923197E-44 -2.4129943E-10
  5.2886704E+01  2.7770984E-44 -1.9592089E-10
  5.3343936E+01  1.1436375E-44 -1.5878995E-10
  5.3805122E+01  4.6734614E-45 -1.2846247E-10
  5.4270295E+01  1.8950144E-45 -1.0373701E-10
  5.4739490E+01  7.6239490E-46 -8.3615831E-11
  5.5212741E+01  3.0430627E-46 -6.7271896E-11
  5.5690083E+01  1.2049659E-46 -5.4020948E-11
  5.6171552E+01  4.7330462E-47 -4.3297922E-11
  5.6657184E+01  1.8440716E-47 -3.4637067E-11
  5.7147015E+01  7.1261416E-48 -2.7655223E-11
  5.7641080E+01  2.7311090E-48 -2.2037788E-11
  5.8139417E+01  1.0380052E-48 -1.7526947E-11
  5.8642062E+01  3.9120422E-49 -1.3911843E-11
  5.9149052E+01  1.4619025E-49 -1.1020358E-11
  5.9660426E+01  5.4164050E-50 -8.7122809E-12
  6.0176221E+01  1.9895203E-50 -6.8736219E-12
  6.0696476E+01  7.2443006E-51 -5.4118951E-12
  6.1221228E+01  2.6146970E-51 -4.2522164E-12
  6.1750517E+01  9.3538135E-52 -3.3340787E-12
  6.2284382E+01  3.3163761E-52 -2.6086933E-12
  6.2822862E+01  1.1652295E-52 -2.0368027E-12
  6.3365998E+01  4.0569190E-53 -1.5868859E-12
  6.3913829E+01  1.3995311E-53 -1.2336877E-12
  6.4466397E+01  4.7833694E-54 -9.5701650E-13
  6.5023742E+01  1.6196226E-54 -7.4076443E-13
  6.5585906E+01  5.4323199E-55 -5.7210937E-13
  6.6152930E+01  1.8047250E-55 -4.4086736E-13
  6.6724856E+01  5.9381769E-56 -3.3896774E-13
  6.7301726E+01  1.9349665E-56 -2.6002906E-13
  6.7883584E+01  6.2435757E-57 -1.9901690E-13
  6.8470473E+01  1.9947748E-57 -1.5196864E-13
  6.9062435E+01  6.3097980E-58 -1.1577246E-13
  6.9659515E+01  1.9758693E-58 -8.7990351E-14
  7.0261757E+01  6.1246567E-59 -6.6716693E-14
  7.0869206E+01  1.8790800E-59 -5.0465518E-14
  7.1481907E+01  5.7056807E-60 -3.8080860E-14
  7.2099905E+01  1.7144568E-60 -2.8665628E-14
  7.2723245E+01  5.0975359E-61 -2.1525327E-14
  7.3351975E+01  1.4995671E-61 -1.6123614E-14
  7.3986140E+01  4.3641546E-62 -1.2047310E-14
  7.4625789E+01  1.2563747E-62 -8.9789059E-15
  7.5270967E+01  3.5774929E-63 -6.6750261E-15
  7.5921723E+01  0.0000000E+00 -4.9495894E-15
  7.6578105E+01  0.0000000E+00 -3.6606854E-15
  7.7240162E+01  0.0000000E+00 -2.7003680E-15
  7.7907943E+01  0.0000000E+00 -1.9867400E-15
  7.8581497E+01  0.0000000E+00 -1.4578295E-15
  7.9260874E+01  0.0000000E+00 -1.0668666E-15
  7.9946125E+01  0.0000000E+00 -7.7864792E-16
  8.0637301E+01  0.0000000E+00 -5.6674750E-16
  8.1334451E+01  0.0000000E+00 -4.1138207E-16
  8.2037629E+01  0.0000000E+00 -2.9778173E-16
  8.2746887E+01  0.0000000E+00 -2.1494991E-16
  8.3462276E+01  0.0000000E+00 -1.5472216E-16
  8.4183850E+01  0.0000000E+00 -1.1105375E-16
  8.4911663E+01  0.0000000E+00 -7.9481987E-17
  8.5645768E+01  0.0000000E+00 -5.6721566E-17
  8.6386219E+01  0.0000000E+00 -4.0360900E-17
  8.7133072E+01  0.0000000E+00 -2.8634899E-17
  8.7886382E+01  0.0000000E+00 -2.0255437E-17
  8.8646205E+01  0.0000000E+00 -1.4285240E-17
  8.9412597E+01  0.0000000E+00 -1.0044359E-17
  9.0185615E+01  0.0000000E+00 -7.0409988E-18
  9.0965316E+01  0.0000000E+00 -4.9205345E-18
  9.1751758E+01  0.0000000E+00 -3.4280308E-18
  9.2544999E+01  0.0000000E+00 -2.3807836E-18
  9.3345098E+01  0.0000000E+00 -1.6482617E-18
  9.4152114E+01  0.0000000E+00 -1.1375006E-18
  9.4966107E+01  0.0000000E+00 -7.8249999E-19
  9.5787138E+01  0.0000000E+00 -5.3655264E-19
  9.6615267E+01  0.0000000E+00 -3.6671065E-19
  9.7450555E+01  0.0000000E+00 -2.4980770E-19
  9.8293065E+01  0.0000000E+00 -1.6960838E-19
  9.9142859E+01  0.0000000E+00 -1.1477212E-19
  1.0000000E+02  0.0000000E+00 -7.7403846E-20
