 # l=           0 basis function with energy    -4.95527149717963     
  0.0000E+00  0.0000E+00  0.0000E+00  0.0000E+00
  2.8818E-08  2.6805E-07  5.3550E-08  1.8182E-07
  5.7886E-08  5.3726E-07  1.0756E-07  3.6522E-07
  8.7205E-08  8.0881E-07  1.6204E-07  5.5019E-07
  1.1678E-07  1.0827E-06  2.1700E-07  7.3677E-07
  1.4661E-07  1.3590E-06  2.7242E-07  9.2496E-07
  1.7669E-07  1.6376E-06  3.2833E-07  1.1148E-06
  2.0704E-07  1.9187E-06  3.8472E-07  1.3062E-06
  2.3765E-07  2.2021E-06  4.4159E-07  1.4994E-06
  2.6852E-07  2.4881E-06  4.9896E-07  1.6941E-06
  2.9966E-07  2.7765E-06  5.5683E-07  1.8906E-06
  3.3107E-07  3.0674E-06  6.1519E-07  2.0888E-06
  3.6275E-07  3.3608E-06  6.7406E-07  2.2887E-06
  3.9470E-07  3.6567E-06  7.3344E-07  2.4903E-06
  4.2693E-07  3.9553E-06  7.9333E-07  2.6936E-06
  4.5944E-07  4.2563E-06  8.5374E-07  2.8987E-06
  4.9223E-07  4.5600E-06  9.1467E-07  3.1056E-06
  5.2531E-07  4.8664E-06  9.7613E-07  3.3143E-06
  5.5867E-07  5.1753E-06  1.0381E-06  3.5248E-06
  5.9232E-07  5.4870E-06  1.1006E-06  3.7370E-06
  6.2625E-07  5.8013E-06  1.1637E-06  3.9512E-06
  6.6049E-07  6.1183E-06  1.2273E-06  4.1672E-06
  6.9502E-07  6.4381E-06  1.2915E-06  4.3850E-06
  7.2984E-07  6.7607E-06  1.3562E-06  4.6047E-06
  7.6497E-07  7.0860E-06  1.4215E-06  4.8264E-06
  8.0040E-07  7.4142E-06  1.4873E-06  5.0499E-06
  8.3614E-07  7.7452E-06  1.5537E-06  5.2754E-06
  8.7219E-07  8.0791E-06  1.6207E-06  5.5028E-06
  9.0855E-07  8.4158E-06  1.6883E-06  5.7322E-06
  9.4522E-07  8.7554E-06  1.7564E-06  5.9636E-06
  9.8221E-07  9.0980E-06  1.8252E-06  6.1970E-06
  1.0195E-06  9.4436E-06  1.8945E-06  6.4324E-06
  1.0572E-06  9.7921E-06  1.9644E-06  6.6698E-06
  1.0951E-06  1.0144E-05  2.0349E-06  6.9093E-06
  1.1334E-06  1.0498E-05  2.1061E-06  7.1509E-06
  1.1720E-06  1.0856E-05  2.1778E-06  7.3945E-06
  1.2110E-06  1.1217E-05  2.2502E-06  7.6403E-06
  1.2503E-06  1.1581E-05  2.3232E-06  7.8881E-06
  1.2899E-06  1.1948E-05  2.3969E-06  8.1382E-06
  1.3299E-06  1.2318E-05  2.4711E-06  8.3903E-06
  1.3702E-06  1.2691E-05  2.5461E-06  8.6447E-06
  1.4108E-06  1.3068E-05  2.6216E-06  8.9013E-06
  1.4518E-06  1.3448E-05  2.6978E-06  9.1600E-06
  1.4932E-06  1.3831E-05  2.7747E-06  9.4210E-06
  1.5349E-06  1.4217E-05  2.8522E-06  9.6843E-06
  1.5770E-06  1.4607E-05  2.9305E-06  9.9499E-06
  1.6195E-06  1.5000E-05  3.0093E-06  1.0218E-05
  1.6623E-06  1.5397E-05  3.0889E-06  1.0488E-05
  1.7055E-06  1.5797E-05  3.1692E-06  1.0760E-05
  1.7491E-06  1.6200E-05  3.2501E-06  1.1035E-05
  1.7930E-06  1.6607E-05  3.3318E-06  1.1312E-05
  1.8373E-06  1.7018E-05  3.4141E-06  1.1592E-05
  1.8820E-06  1.7432E-05  3.4972E-06  1.1874E-05
  1.9271E-06  1.7849E-05  3.5810E-06  1.2159E-05
  1.9726E-06  1.8271E-05  3.6655E-06  1.2446E-05
  2.0185E-06  1.8695E-05  3.7507E-06  1.2735E-05
  2.0647E-06  1.9124E-05  3.8367E-06  1.3027E-05
  2.1114E-06  1.9556E-05  3.9234E-06  1.3321E-05
  2.1585E-06  1.9992E-05  4.0109E-06  1.3618E-05
  2.2060E-06  2.0432E-05  4.0991E-06  1.3918E-05
  2.2538E-06  2.0875E-05  4.1881E-06  1.4220E-05
  2.3021E-06  2.1323E-05  4.2779E-06  1.4525E-05
  2.3509E-06  2.1774E-05  4.3684E-06  1.4832E-05
  2.4000E-06  2.2229E-05  4.4597E-06  1.5142E-05
  2.4496E-06  2.2688E-05  4.5518E-06  1.5455E-05
  2.4996E-06  2.3151E-05  4.6447E-06  1.5770E-05
  2.5500E-06  2.3618E-05  4.7384E-06  1.6089E-05
  2.6009E-06  2.4089E-05  4.8330E-06  1.6409E-05
  2.6522E-06  2.4565E-05  4.9283E-06  1.6733E-05
  2.7039E-06  2.5044E-05  5.0244E-06  1.7060E-05
  2.7561E-06  2.5527E-05  5.1214E-06  1.7389E-05
  2.8088E-06  2.6015E-05  5.2193E-06  1.7721E-05
  2.8619E-06  2.6507E-05  5.3179E-06  1.8056E-05
  2.9154E-06  2.7003E-05  5.4175E-06  1.8394E-05
  2.9694E-06  2.7503E-05  5.5178E-06  1.8735E-05
  3.0239E-06  2.8008E-05  5.6191E-06  1.9079E-05
  3.0789E-06  2.8517E-05  5.7212E-06  1.9425E-05
  3.1343E-06  2.9030E-05  5.8242E-06  1.9775E-05
  3.1903E-06  2.9548E-05  5.9281E-06  2.0128E-05
  3.2467E-06  3.0070E-05  6.0330E-06  2.0484E-05
  3.3035E-06  3.0597E-05  6.1387E-06  2.0843E-05
  3.3609E-06  3.1129E-05  6.2453E-06  2.1205E-05
  3.4188E-06  3.1665E-05  6.3528E-06  2.1570E-05
  3.4772E-06  3.2205E-05  6.4613E-06  2.1938E-05
  3.5361E-06  3.2751E-05  6.5707E-06  2.2310E-05
  3.5954E-06  3.3301E-05  6.6811E-06  2.2684E-05
  3.6553E-06  3.3855E-05  6.7924E-06  2.3062E-05
  3.7158E-06  3.4415E-05  6.9047E-06  2.3444E-05
  3.7767E-06  3.4979E-05  7.0179E-06  2.3828E-05
  3.8382E-06  3.5549E-05  7.1321E-06  2.4216E-05
  3.9002E-06  3.6123E-05  7.2473E-06  2.4607E-05
  3.9627E-06  3.6702E-05  7.3635E-06  2.5002E-05
  4.0258E-06  3.7286E-05  7.4808E-06  2.5400E-05
  4.0894E-06  3.7876E-05  7.5990E-06  2.5801E-05
  4.1536E-06  3.8470E-05  7.7182E-06  2.6206E-05
  4.2183E-06  3.9069E-05  7.8385E-06  2.6614E-05
  4.2836E-06  3.9674E-05  7.9598E-06  2.7026E-05
  4.3495E-06  4.0284E-05  8.0822E-06  2.7442E-05
  4.4159E-06  4.0899E-05  8.2056E-06  2.7861E-05
  4.4829E-06  4.1520E-05  8.3301E-06  2.8283E-05
  4.5505E-06  4.2145E-05  8.4557E-06  2.8710E-05
  4.6186E-06  4.2777E-05  8.5823E-06  2.9140E-05
  4.6874E-06  4.3413E-05  8.7101E-06  2.9574E-05
  4.7567E-06  4.4056E-05  8.8389E-06  3.0011E-05
  4.8266E-06  4.4703E-05  8.9689E-06  3.0452E-05
  4.8972E-06  4.5357E-05  9.1000E-06  3.0897E-05
  4.9684E-06  4.6016E-05  9.2322E-06  3.1346E-05
  5.0401E-06  4.6680E-05  9.3656E-06  3.1799E-05
  5.1125E-06  4.7351E-05  9.5001E-06  3.2256E-05
  5.1855E-06  4.8027E-05  9.6358E-06  3.2717E-05
  5.2592E-06  4.8709E-05  9.7726E-06  3.3181E-05
  5.3335E-06  4.9397E-05  9.9107E-06  3.3650E-05
  5.4084E-06  5.0091E-05  1.0050E-05  3.4123E-05
  5.4840E-06  5.0791E-05  1.0190E-05  3.4600E-05
  5.5602E-06  5.1497E-05  1.0332E-05  3.5081E-05
  5.6371E-06  5.2209E-05  1.0475E-05  3.5566E-05
  5.7146E-06  5.2927E-05  1.0619E-05  3.6055E-05
  5.7929E-06  5.3652E-05  1.0764E-05  3.6549E-05
  5.8718E-06  5.4383E-05  1.0911E-05  3.7046E-05
  5.9514E-06  5.5120E-05  1.1059E-05  3.7548E-05
  6.0316E-06  5.5863E-05  1.1208E-05  3.8055E-05
  6.1126E-06  5.6613E-05  1.1358E-05  3.8566E-05
  6.1943E-06  5.7369E-05  1.1510E-05  3.9081E-05
  6.2766E-06  5.8132E-05  1.1663E-05  3.9601E-05
  6.3597E-06  5.8902E-05  1.1818E-05  4.0125E-05
  6.4435E-06  5.9678E-05  1.1973E-05  4.0654E-05
  6.5280E-06  6.0461E-05  1.2130E-05  4.1187E-05
  6.6133E-06  6.1250E-05  1.2289E-05  4.1725E-05
  6.6993E-06  6.2047E-05  1.2449E-05  4.2267E-05
  6.7860E-06  6.2850E-05  1.2610E-05  4.2815E-05
  6.8735E-06  6.3660E-05  1.2772E-05  4.3367E-05
  6.9618E-06  6.4477E-05  1.2936E-05  4.3923E-05
  7.0508E-06  6.5302E-05  1.3102E-05  4.4485E-05
  7.1405E-06  6.6133E-05  1.3269E-05  4.5051E-05
  7.2311E-06  6.6972E-05  1.3437E-05  4.5623E-05
  7.3224E-06  6.7818E-05  1.3607E-05  4.6199E-05
  7.4146E-06  6.8671E-05  1.3778E-05  4.6780E-05
  7.5075E-06  6.9531E-05  1.3950E-05  4.7366E-05
  7.6012E-06  7.0399E-05  1.4125E-05  4.7958E-05
  7.6957E-06  7.1275E-05  1.4300E-05  4.8554E-05
  7.7911E-06  7.2158E-05  1.4477E-05  4.9156E-05
  7.8873E-06  7.3049E-05  1.4656E-05  4.9762E-05
  7.9843E-06  7.3947E-05  1.4836E-05  5.0375E-05
  8.0821E-06  7.4853E-05  1.5018E-05  5.0992E-05
  8.1808E-06  7.5767E-05  1.5202E-05  5.1615E-05
  8.2804E-06  7.6689E-05  1.5387E-05  5.2243E-05
  8.3808E-06  7.7619E-05  1.5573E-05  5.2876E-05
  8.4820E-06  7.8557E-05  1.5761E-05  5.3515E-05
  8.5842E-06  7.9503E-05  1.5951E-05  5.4160E-05
  8.6872E-06  8.0457E-05  1.6143E-05  5.4810E-05
  8.7911E-06  8.1420E-05  1.6336E-05  5.5465E-05
  8.8960E-06  8.2390E-05  1.6531E-05  5.6127E-05
  9.0017E-06  8.3370E-05  1.6727E-05  5.6794E-05
  9.1083E-06  8.4357E-05  1.6925E-05  5.7467E-05
  9.2159E-06  8.5353E-05  1.7125E-05  5.8145E-05
  9.3244E-06  8.6358E-05  1.7327E-05  5.8830E-05
  9.4338E-06  8.7372E-05  1.7530E-05  5.9520E-05
  9.5442E-06  8.8394E-05  1.7735E-05  6.0217E-05
  9.6555E-06  8.9425E-05  1.7942E-05  6.0919E-05
  9.7678E-06  9.0465E-05  1.8151E-05  6.1627E-05
  9.8811E-06  9.1514E-05  1.8361E-05  6.2342E-05
  9.9953E-06  9.2572E-05  1.8573E-05  6.3063E-05
  1.0111E-05  9.3639E-05  1.8788E-05  6.3790E-05
  1.0227E-05  9.4716E-05  1.9004E-05  6.4523E-05
  1.0344E-05  9.5801E-05  1.9221E-05  6.5263E-05
  1.0462E-05  9.6896E-05  1.9441E-05  6.6009E-05
  1.0582E-05  9.8001E-05  1.9663E-05  6.6761E-05
  1.0702E-05  9.9115E-05  1.9886E-05  6.7520E-05
  1.0823E-05  1.0024E-04  2.0112E-05  6.8286E-05
  1.0946E-05  1.0137E-04  2.0339E-05  6.9058E-05
  1.1069E-05  1.0252E-04  2.0569E-05  6.9837E-05
  1.1194E-05  1.0367E-04  2.0800E-05  7.0623E-05
  1.1319E-05  1.0483E-04  2.1033E-05  7.1415E-05
  1.1446E-05  1.0601E-04  2.1269E-05  7.2214E-05
  1.1574E-05  1.0719E-04  2.1506E-05  7.3020E-05
  1.1702E-05  1.0838E-04  2.1746E-05  7.3834E-05
  1.1832E-05  1.0959E-04  2.1987E-05  7.4654E-05
  1.1964E-05  1.1080E-04  2.2231E-05  7.5481E-05
  1.2096E-05  1.1202E-04  2.2477E-05  7.6315E-05
  1.2229E-05  1.1326E-04  2.2724E-05  7.7157E-05
  1.2364E-05  1.1451E-04  2.2974E-05  7.8006E-05
  1.2499E-05  1.1576E-04  2.3227E-05  7.8862E-05
  1.2636E-05  1.1703E-04  2.3481E-05  7.9726E-05
  1.2774E-05  1.1831E-04  2.3738E-05  8.0597E-05
  1.2914E-05  1.1960E-04  2.3996E-05  8.1475E-05
  1.3054E-05  1.2090E-04  2.4257E-05  8.2362E-05
  1.3196E-05  1.2221E-04  2.4521E-05  8.3256E-05
  1.3339E-05  1.2354E-04  2.4786E-05  8.4157E-05
  1.3483E-05  1.2487E-04  2.5054E-05  8.5067E-05
  1.3628E-05  1.2622E-04  2.5324E-05  8.5984E-05
  1.3775E-05  1.2757E-04  2.5597E-05  8.6909E-05
  1.3923E-05  1.2894E-04  2.5871E-05  8.7842E-05
  1.4072E-05  1.3033E-04  2.6149E-05  8.8783E-05
  1.4222E-05  1.3172E-04  2.6428E-05  8.9733E-05
  1.4374E-05  1.3313E-04  2.6710E-05  9.0690E-05
  1.4527E-05  1.3454E-04  2.6995E-05  9.1656E-05
  1.4682E-05  1.3597E-04  2.7282E-05  9.2631E-05
  1.4838E-05  1.3742E-04  2.7571E-05  9.3613E-05
  1.4995E-05  1.3887E-04  2.7863E-05  9.4604E-05
  1.5153E-05  1.4034E-04  2.8158E-05  9.5604E-05
  1.5313E-05  1.4182E-04  2.8455E-05  9.6612E-05
  1.5474E-05  1.4331E-04  2.8754E-05  9.7630E-05
  1.5637E-05  1.4482E-04  2.9056E-05  9.8655E-05
  1.5801E-05  1.4634E-04  2.9361E-05  9.9690E-05
  1.5966E-05  1.4787E-04  2.9668E-05  1.0073E-04
  1.6133E-05  1.4941E-04  2.9978E-05  1.0179E-04
  1.6301E-05  1.5097E-04  3.0291E-05  1.0285E-04
  1.6471E-05  1.5254E-04  3.0607E-05  1.0392E-04
  1.6642E-05  1.5413E-04  3.0925E-05  1.0500E-04
  1.6815E-05  1.5573E-04  3.1246E-05  1.0609E-04
  1.6989E-05  1.5734E-04  3.1569E-05  1.0719E-04
  1.7165E-05  1.5897E-04  3.1896E-05  1.0830E-04
  1.7342E-05  1.6061E-04  3.2225E-05  1.0941E-04
  1.7521E-05  1.6226E-04  3.2557E-05  1.1054E-04
  1.7701E-05  1.6393E-04  3.2892E-05  1.1168E-04
  1.7883E-05  1.6562E-04  3.3230E-05  1.1283E-04
  1.8066E-05  1.6732E-04  3.3571E-05  1.1398E-04
  1.8251E-05  1.6903E-04  3.3915E-05  1.1515E-04
  1.8438E-05  1.7076E-04  3.4262E-05  1.1633E-04
  1.8626E-05  1.7250E-04  3.4611E-05  1.1752E-04
  1.8816E-05  1.7426E-04  3.4964E-05  1.1871E-04
  1.9008E-05  1.7603E-04  3.5320E-05  1.1992E-04
  1.9201E-05  1.7782E-04  3.5679E-05  1.2114E-04
  1.9396E-05  1.7963E-04  3.6041E-05  1.2237E-04
  1.9592E-05  1.8145E-04  3.6406E-05  1.2361E-04
  1.9790E-05  1.8328E-04  3.6774E-05  1.2486E-04
  1.9990E-05  1.8513E-04  3.7146E-05  1.2612E-04
  2.0192E-05  1.8700E-04  3.7521E-05  1.2739E-04
  2.0395E-05  1.8888E-04  3.7898E-05  1.2868E-04
  2.0600E-05  1.9078E-04  3.8280E-05  1.2997E-04
  2.0807E-05  1.9270E-04  3.8664E-05  1.3128E-04
  2.1016E-05  1.9463E-04  3.9052E-05  1.3259E-04
  2.1226E-05  1.9658E-04  3.9443E-05  1.3392E-04
  2.1439E-05  1.9855E-04  3.9838E-05  1.3526E-04
  2.1653E-05  2.0053E-04  4.0236E-05  1.3661E-04
  2.1869E-05  2.0253E-04  4.0637E-05  1.3798E-04
  2.2087E-05  2.0455E-04  4.1042E-05  1.3935E-04
  2.2307E-05  2.0658E-04  4.1450E-05  1.4074E-04
  2.2528E-05  2.0864E-04  4.1862E-05  1.4214E-04
  2.2752E-05  2.1071E-04  4.2278E-05  1.4355E-04
  2.2977E-05  2.1280E-04  4.2697E-05  1.4497E-04
  2.3205E-05  2.1490E-04  4.3119E-05  1.4640E-04
  2.3434E-05  2.1703E-04  4.3546E-05  1.4785E-04
  2.3666E-05  2.1917E-04  4.3976E-05  1.4931E-04
  2.3899E-05  2.2133E-04  4.4410E-05  1.5079E-04
  2.4135E-05  2.2351E-04  4.4847E-05  1.5227E-04
  2.4372E-05  2.2571E-04  4.5288E-05  1.5377E-04
  2.4612E-05  2.2793E-04  4.5733E-05  1.5528E-04
  2.4853E-05  2.3017E-04  4.6182E-05  1.5680E-04
  2.5097E-05  2.3242E-04  4.6635E-05  1.5834E-04
  2.5343E-05  2.3470E-04  4.7092E-05  1.5989E-04
  2.5591E-05  2.3699E-04  4.7553E-05  1.6146E-04
  2.5841E-05  2.3931E-04  4.8017E-05  1.6303E-04
  2.6093E-05  2.4165E-04  4.8486E-05  1.6463E-04
  2.6347E-05  2.4400E-04  4.8959E-05  1.6623E-04
  2.6604E-05  2.4638E-04  4.9436E-05  1.6785E-04
  2.6863E-05  2.4877E-04  4.9916E-05  1.6948E-04
  2.7124E-05  2.5119E-04  5.0402E-05  1.7113E-04
  2.7387E-05  2.5363E-04  5.0891E-05  1.7279E-04
  2.7653E-05  2.5609E-04  5.1384E-05  1.7447E-04
  2.7921E-05  2.5857E-04  5.1882E-05  1.7616E-04
  2.8191E-05  2.6107E-04  5.2384E-05  1.7786E-04
  2.8463E-05  2.6360E-04  5.2891E-05  1.7958E-04
  2.8738E-05  2.6614E-04  5.3402E-05  1.8132E-04
  2.9016E-05  2.6871E-04  5.3917E-05  1.8307E-04
  2.9295E-05  2.7130E-04  5.4436E-05  1.8483E-04
  2.9577E-05  2.7391E-04  5.4961E-05  1.8661E-04
  2.9862E-05  2.7655E-04  5.5489E-05  1.8840E-04
  3.0149E-05  2.7920E-04  5.6023E-05  1.9022E-04
  3.0438E-05  2.8188E-04  5.6561E-05  1.9204E-04
  3.0730E-05  2.8459E-04  5.7103E-05  1.9388E-04
  3.1025E-05  2.8732E-04  5.7650E-05  1.9574E-04
  3.1322E-05  2.9007E-04  5.8202E-05  1.9762E-04
  3.1621E-05  2.9284E-04  5.8759E-05  1.9951E-04
  3.1924E-05  2.9564E-04  5.9321E-05  2.0141E-04
  3.2228E-05  2.9846E-04  5.9887E-05  2.0334E-04
  3.2536E-05  3.0131E-04  6.0458E-05  2.0528E-04
  3.2846E-05  3.0418E-04  6.1035E-05  2.0723E-04
  3.3159E-05  3.0708E-04  6.1616E-05  2.0921E-04
  3.3474E-05  3.1000E-04  6.2202E-05  2.1120E-04
  3.3792E-05  3.1294E-04  6.2793E-05  2.1320E-04
  3.4113E-05  3.1592E-04  6.3390E-05  2.1523E-04
  3.4437E-05  3.1891E-04  6.3991E-05  2.1727E-04
  3.4764E-05  3.2194E-04  6.4598E-05  2.1933E-04
  3.5093E-05  3.2499E-04  6.5210E-05  2.2141E-04
  3.5425E-05  3.2806E-04  6.5828E-05  2.2351E-04
  3.5760E-05  3.3117E-04  6.6450E-05  2.2562E-04
  3.6098E-05  3.3430E-04  6.7078E-05  2.2775E-04
  3.6439E-05  3.3745E-04  6.7712E-05  2.2990E-04
  3.6783E-05  3.4064E-04  6.8351E-05  2.3207E-04
  3.7130E-05  3.4385E-04  6.8995E-05  2.3426E-04
  3.7480E-05  3.4709E-04  6.9645E-05  2.3647E-04
  3.7833E-05  3.5036E-04  7.0301E-05  2.3869E-04
  3.8189E-05  3.5365E-04  7.0962E-05  2.4094E-04
  3.8548E-05  3.5697E-04  7.1629E-05  2.4321E-04
  3.8910E-05  3.6033E-04  7.2302E-05  2.4549E-04
  3.9275E-05  3.6371E-04  7.2981E-05  2.4779E-04
  3.9643E-05  3.6712E-04  7.3665E-05  2.5012E-04
  4.0015E-05  3.7056E-04  7.4356E-05  2.5246E-04
  4.0390E-05  3.7403E-04  7.5052E-05  2.5483E-04
  4.0768E-05  3.7753E-04  7.5754E-05  2.5721E-04
  4.1149E-05  3.8106E-04  7.6463E-05  2.5962E-04
  4.1533E-05  3.8462E-04  7.7178E-05  2.6204E-04
  4.1921E-05  3.8821E-04  7.7898E-05  2.6449E-04
  4.2313E-05  3.9184E-04  7.8625E-05  2.6696E-04
  4.2707E-05  3.9549E-04  7.9359E-05  2.6945E-04
  4.3105E-05  3.9918E-04  8.0098E-05  2.7196E-04
  4.3507E-05  4.0289E-04  8.0844E-05  2.7449E-04
  4.3912E-05  4.0664E-04  8.1597E-05  2.7705E-04
  4.4320E-05  4.1042E-04  8.2356E-05  2.7963E-04
  4.4732E-05  4.1424E-04  8.3121E-05  2.8222E-04
  4.5148E-05  4.1809E-04  8.3894E-05  2.8485E-04
  4.5567E-05  4.2197E-04  8.4672E-05  2.8749E-04
  4.5990E-05  4.2588E-04  8.5458E-05  2.9016E-04
  4.6416E-05  4.2983E-04  8.6250E-05  2.9285E-04
  4.6846E-05  4.3381E-04  8.7050E-05  2.9556E-04
  4.7280E-05  4.3783E-04  8.7856E-05  2.9830E-04
  4.7717E-05  4.4188E-04  8.8669E-05  3.0106E-04
  4.8159E-05  4.4597E-04  8.9489E-05  3.0384E-04
  4.8604E-05  4.5009E-04  9.0316E-05  3.0665E-04
  4.9053E-05  4.5425E-04  9.1151E-05  3.0949E-04
  4.9506E-05  4.5844E-04  9.1992E-05  3.1234E-04
  4.9963E-05  4.6267E-04  9.2841E-05  3.1523E-04
  5.0424E-05  4.6694E-04  9.3697E-05  3.1813E-04
  5.0888E-05  4.7124E-04  9.4561E-05  3.2107E-04
  5.1357E-05  4.7558E-04  9.5432E-05  3.2402E-04
  5.1830E-05  4.7996E-04  9.6311E-05  3.2701E-04
  5.2307E-05  4.8437E-04  9.7197E-05  3.3002E-04
  5.2788E-05  4.8883E-04  9.8091E-05  3.3305E-04
  5.3273E-05  4.9332E-04  9.8992E-05  3.3611E-04
  5.3762E-05  4.9785E-04  9.9902E-05  3.3920E-04
  5.4256E-05  5.0242E-04  1.0082E-04  3.4231E-04
  5.4754E-05  5.0703E-04  1.0174E-04  3.4545E-04
  5.5256E-05  5.1168E-04  1.0268E-04  3.4862E-04
  5.5763E-05  5.1637E-04  1.0362E-04  3.5182E-04
  5.6274E-05  5.2110E-04  1.0457E-04  3.5504E-04
  5.6789E-05  5.2587E-04  1.0553E-04  3.5829E-04
  5.7309E-05  5.3068E-04  1.0649E-04  3.6157E-04
  5.7833E-05  5.3554E-04  1.0747E-04  3.6488E-04
  5.8362E-05  5.4043E-04  1.0845E-04  3.6822E-04
  5.8895E-05  5.4537E-04  1.0944E-04  3.7158E-04
  5.9433E-05  5.5035E-04  1.1044E-04  3.7498E-04
  5.9976E-05  5.5538E-04  1.1145E-04  3.7840E-04
  6.0523E-05  5.6045E-04  1.1246E-04  3.8185E-04
  6.1075E-05  5.6556E-04  1.1349E-04  3.8534E-04
  6.1632E-05  5.7071E-04  1.1453E-04  3.8885E-04
  6.2194E-05  5.7591E-04  1.1557E-04  3.9239E-04
  6.2760E-05  5.8116E-04  1.1662E-04  3.9597E-04
  6.3332E-05  5.8645E-04  1.1768E-04  3.9957E-04
  6.3908E-05  5.9178E-04  1.1875E-04  4.0321E-04
  6.4489E-05  5.9717E-04  1.1983E-04  4.0688E-04
  6.5076E-05  6.0259E-04  1.2092E-04  4.1058E-04
  6.5667E-05  6.0807E-04  1.2202E-04  4.1431E-04
  6.6264E-05  6.1359E-04  1.2313E-04  4.1807E-04
  6.6865E-05  6.1916E-04  1.2425E-04  4.2187E-04
  6.7472E-05  6.2478E-04  1.2538E-04  4.2570E-04
  6.8084E-05  6.3045E-04  1.2651E-04  4.2956E-04
  6.8702E-05  6.3616E-04  1.2766E-04  4.3346E-04
  6.9325E-05  6.4193E-04  1.2882E-04  4.3738E-04
  6.9953E-05  6.4775E-04  1.2999E-04  4.4135E-04
  7.0586E-05  6.5361E-04  1.3116E-04  4.4535E-04
  7.1226E-05  6.5953E-04  1.3235E-04  4.4938E-04
  7.1870E-05  6.6550E-04  1.3355E-04  4.5344E-04
  7.2520E-05  6.7151E-04  1.3476E-04  4.5755E-04
  7.3176E-05  6.7759E-04  1.3598E-04  4.6168E-04
  7.3838E-05  6.8371E-04  1.3721E-04  4.6586E-04
  7.4505E-05  6.8989E-04  1.3845E-04  4.7007E-04
  7.5178E-05  6.9612E-04  1.3970E-04  4.7431E-04
  7.5856E-05  7.0240E-04  1.4096E-04  4.7860E-04
  7.6541E-05  7.0874E-04  1.4223E-04  4.8291E-04
  7.7232E-05  7.1513E-04  1.4351E-04  4.8727E-04
  7.7928E-05  7.2158E-04  1.4481E-04  4.9167E-04
  7.8631E-05  7.2808E-04  1.4611E-04  4.9610E-04
  7.9339E-05  7.3464E-04  1.4743E-04  5.0057E-04
  8.0054E-05  7.4126E-04  1.4876E-04  5.0508E-04
  8.0775E-05  7.4793E-04  1.5010E-04  5.0963E-04
  8.1502E-05  7.5466E-04  1.5145E-04  5.1422E-04
  8.2236E-05  7.6145E-04  1.5281E-04  5.1884E-04
  8.2975E-05  7.6830E-04  1.5419E-04  5.2351E-04
  8.3722E-05  7.7521E-04  1.5557E-04  5.2822E-04
  8.4474E-05  7.8218E-04  1.5697E-04  5.3297E-04
  8.5233E-05  7.8920E-04  1.5838E-04  5.3776E-04
  8.5999E-05  7.9629E-04  1.5980E-04  5.4259E-04
  8.6771E-05  8.0344E-04  1.6124E-04  5.4746E-04
  8.7550E-05  8.1065E-04  1.6269E-04  5.5238E-04
  8.8336E-05  8.1792E-04  1.6415E-04  5.5733E-04
  8.9129E-05  8.2526E-04  1.6562E-04  5.6233E-04
  8.9928E-05  8.3266E-04  1.6710E-04  5.6738E-04
  9.0734E-05  8.4012E-04  1.6860E-04  5.7246E-04
  9.1548E-05  8.4765E-04  1.7011E-04  5.7759E-04
  9.2368E-05  8.5525E-04  1.7164E-04  5.8277E-04
  9.3195E-05  8.6290E-04  1.7318E-04  5.8799E-04
  9.4030E-05  8.7063E-04  1.7473E-04  5.9326E-04
  9.4872E-05  8.7842E-04  1.7629E-04  5.9857E-04
  9.5721E-05  8.8628E-04  1.7787E-04  6.0392E-04
  9.6577E-05  8.9421E-04  1.7946E-04  6.0933E-04
  9.7441E-05  9.0220E-04  1.8106E-04  6.1478E-04
  9.8312E-05  9.1027E-04  1.8268E-04  6.2027E-04
  9.9191E-05  9.1840E-04  1.8432E-04  6.2582E-04
  1.0008E-04  9.2660E-04  1.8596E-04  6.3141E-04
  1.0097E-04  9.3488E-04  1.8763E-04  6.3705E-04
  1.0187E-04  9.4323E-04  1.8930E-04  6.4274E-04
  1.0278E-04  9.5165E-04  1.9099E-04  6.4848E-04
  1.0370E-04  9.6014E-04  1.9270E-04  6.5427E-04
  1.0463E-04  9.6870E-04  1.9442E-04  6.6010E-04
  1.0556E-04  9.7734E-04  1.9615E-04  6.6599E-04
  1.0650E-04  9.8606E-04  1.9790E-04  6.7193E-04
  1.0745E-04  9.9484E-04  1.9966E-04  6.7792E-04
  1.0841E-04  1.0037E-03  2.0144E-04  6.8397E-04
  1.0937E-04  1.0127E-03  2.0324E-04  6.9006E-04
  1.1035E-04  1.0217E-03  2.0505E-04  6.9621E-04
  1.1133E-04  1.0308E-03  2.0688E-04  7.0241E-04
  1.1232E-04  1.0399E-03  2.0872E-04  7.0866E-04
  1.1332E-04  1.0492E-03  2.1058E-04  7.1497E-04
  1.1433E-04  1.0585E-03  2.1245E-04  7.2134E-04
  1.1535E-04  1.0679E-03  2.1434E-04  7.2775E-04
  1.1637E-04  1.0774E-03  2.1625E-04  7.3423E-04
  1.1741E-04  1.0870E-03  2.1817E-04  7.4076E-04
  1.1845E-04  1.0967E-03  2.2011E-04  7.4734E-04
  1.1951E-04  1.1064E-03  2.2207E-04  7.5399E-04
  1.2057E-04  1.1163E-03  2.2404E-04  7.6069E-04
  1.2164E-04  1.1262E-03  2.2603E-04  7.6745E-04
  1.2272E-04  1.1362E-03  2.2804E-04  7.7426E-04
  1.2381E-04  1.1463E-03  2.3006E-04  7.8114E-04
  1.2491E-04  1.1564E-03  2.3211E-04  7.8807E-04
  1.2602E-04  1.1667E-03  2.3417E-04  7.9507E-04
  1.2714E-04  1.1770E-03  2.3624E-04  8.0212E-04
  1.2826E-04  1.1875E-03  2.3834E-04  8.0924E-04
  1.2940E-04  1.1980E-03  2.4045E-04  8.1642E-04
  1.3055E-04  1.2086E-03  2.4259E-04  8.2366E-04
  1.3171E-04  1.2193E-03  2.4474E-04  8.3096E-04
  1.3287E-04  1.2301E-03  2.4691E-04  8.3833E-04
  1.3405E-04  1.2410E-03  2.4909E-04  8.4576E-04
  1.3524E-04  1.2520E-03  2.5130E-04  8.5325E-04
  1.3644E-04  1.2631E-03  2.5353E-04  8.6081E-04
  1.3765E-04  1.2743E-03  2.5577E-04  8.6843E-04
  1.3886E-04  1.2856E-03  2.5804E-04  8.7612E-04
  1.4009E-04  1.2970E-03  2.6032E-04  8.8388E-04
  1.4133E-04  1.3084E-03  2.6263E-04  8.9170E-04
  1.4258E-04  1.3200E-03  2.6495E-04  8.9959E-04
  1.4385E-04  1.3317E-03  2.6729E-04  9.0755E-04
  1.4512E-04  1.3435E-03  2.6966E-04  9.1558E-04
  1.4640E-04  1.3553E-03  2.7204E-04  9.2368E-04
  1.4770E-04  1.3673E-03  2.7445E-04  9.3185E-04
  1.4900E-04  1.3794E-03  2.7688E-04  9.4009E-04
  1.5032E-04  1.3916E-03  2.7932E-04  9.4839E-04
  1.5165E-04  1.4039E-03  2.8179E-04  9.5678E-04
  1.5299E-04  1.4163E-03  2.8428E-04  9.6523E-04
  1.5434E-04  1.4288E-03  2.8679E-04  9.7376E-04
  1.5570E-04  1.4414E-03  2.8933E-04  9.8236E-04
  1.5708E-04  1.4541E-03  2.9188E-04  9.9103E-04
  1.5846E-04  1.4669E-03  2.9446E-04  9.9978E-04
  1.5986E-04  1.4799E-03  2.9706E-04  1.0086E-03
  1.6127E-04  1.4929E-03  2.9968E-04  1.0175E-03
  1.6270E-04  1.5061E-03  3.0232E-04  1.0265E-03
  1.6413E-04  1.5194E-03  3.0499E-04  1.0355E-03
  1.6558E-04  1.5328E-03  3.0768E-04  1.0447E-03
  1.6704E-04  1.5463E-03  3.1039E-04  1.0539E-03
  1.6851E-04  1.5599E-03  3.1313E-04  1.0632E-03
  1.7000E-04  1.5737E-03  3.1589E-04  1.0726E-03
  1.7150E-04  1.5875E-03  3.1868E-04  1.0820E-03
  1.7301E-04  1.6015E-03  3.2149E-04  1.0915E-03
  1.7453E-04  1.6156E-03  3.2432E-04  1.1012E-03
  1.7607E-04  1.6299E-03  3.2718E-04  1.1109E-03
  1.7762E-04  1.6442E-03  3.3006E-04  1.1207E-03
  1.7919E-04  1.6587E-03  3.3296E-04  1.1305E-03
  1.8076E-04  1.6733E-03  3.3590E-04  1.1405E-03
  1.8236E-04  1.6880E-03  3.3885E-04  1.1505E-03
  1.8396E-04  1.7029E-03  3.4184E-04  1.1607E-03
  1.8558E-04  1.7178E-03  3.4485E-04  1.1709E-03
  1.8721E-04  1.7329E-03  3.4788E-04  1.1812E-03
  1.8886E-04  1.7482E-03  3.5094E-04  1.1916E-03
  1.9052E-04  1.7636E-03  3.5403E-04  1.2021E-03
  1.9220E-04  1.7791E-03  3.5714E-04  1.2126E-03
  1.9389E-04  1.7947E-03  3.6029E-04  1.2233E-03
  1.9559E-04  1.8105E-03  3.6345E-04  1.2340E-03
  1.9731E-04  1.8264E-03  3.6665E-04  1.2449E-03
  1.9905E-04  1.8424E-03  3.6987E-04  1.2558E-03
  2.0080E-04  1.8586E-03  3.7313E-04  1.2669E-03
  2.0256E-04  1.8749E-03  3.7640E-04  1.2780E-03
  2.0434E-04  1.8914E-03  3.7971E-04  1.2892E-03
  2.0614E-04  1.9080E-03  3.8305E-04  1.3006E-03
  2.0795E-04  1.9248E-03  3.8641E-04  1.3120E-03
  2.0978E-04  1.9417E-03  3.8981E-04  1.3235E-03
  2.1162E-04  1.9587E-03  3.9323E-04  1.3352E-03
  2.1348E-04  1.9759E-03  3.9668E-04  1.3469E-03
  2.1535E-04  1.9932E-03  4.0017E-04  1.3587E-03
  2.1724E-04  2.0107E-03  4.0368E-04  1.3706E-03
  2.1915E-04  2.0284E-03  4.0722E-04  1.3827E-03
  2.2107E-04  2.0461E-03  4.1080E-04  1.3948E-03
  2.2301E-04  2.0641E-03  4.1440E-04  1.4070E-03
  2.2497E-04  2.0822E-03  4.1804E-04  1.4194E-03
  2.2694E-04  2.1004E-03  4.2171E-04  1.4318E-03
  2.2893E-04  2.1189E-03  4.2541E-04  1.4444E-03
  2.3094E-04  2.1374E-03  4.2914E-04  1.4571E-03
  2.3297E-04  2.1562E-03  4.3290E-04  1.4698E-03
  2.3501E-04  2.1751E-03  4.3670E-04  1.4827E-03
  2.3707E-04  2.1941E-03  4.4053E-04  1.4957E-03
  2.3915E-04  2.2133E-03  4.4439E-04  1.5089E-03
  2.4125E-04  2.2327E-03  4.4829E-04  1.5221E-03
  2.4336E-04  2.2523E-03  4.5221E-04  1.5354E-03
  2.4549E-04  2.2720E-03  4.5618E-04  1.5489E-03
  2.4764E-04  2.2919E-03  4.6018E-04  1.5624E-03
  2.4981E-04  2.3120E-03  4.6421E-04  1.5761E-03
  2.5200E-04  2.3322E-03  4.6827E-04  1.5899E-03
  2.5421E-04  2.3526E-03  4.7238E-04  1.6039E-03
  2.5644E-04  2.3732E-03  4.7651E-04  1.6179E-03
  2.5868E-04  2.3940E-03  4.8069E-04  1.6321E-03
  2.6095E-04  2.4149E-03  4.8490E-04  1.6464E-03
  2.6323E-04  2.4361E-03  4.8914E-04  1.6608E-03
  2.6554E-04  2.4574E-03  4.9342E-04  1.6753E-03
  2.6786E-04  2.4789E-03  4.9774E-04  1.6900E-03
  2.7021E-04  2.5005E-03  5.0210E-04  1.7048E-03
  2.7257E-04  2.5224E-03  5.0650E-04  1.7197E-03
  2.7496E-04  2.5445E-03  5.1093E-04  1.7348E-03
  2.7736E-04  2.5667E-03  5.1540E-04  1.7499E-03
  2.7979E-04  2.5892E-03  5.1991E-04  1.7653E-03
  2.8224E-04  2.6118E-03  5.2446E-04  1.7807E-03
  2.8471E-04  2.6346E-03  5.2904E-04  1.7963E-03
  2.8720E-04  2.6576E-03  5.3367E-04  1.8120E-03
  2.8971E-04  2.6809E-03  5.3834E-04  1.8278E-03
  2.9224E-04  2.7043E-03  5.4305E-04  1.8438E-03
  2.9480E-04  2.7279E-03  5.4780E-04  1.8599E-03
  2.9738E-04  2.7517E-03  5.5258E-04  1.8762E-03
  2.9998E-04  2.7758E-03  5.5742E-04  1.8926E-03
  3.0260E-04  2.8000E-03  5.6229E-04  1.9092E-03
  3.0524E-04  2.8245E-03  5.6720E-04  1.9258E-03
  3.0791E-04  2.8491E-03  5.7216E-04  1.9427E-03
  3.1060E-04  2.8740E-03  5.7716E-04  1.9597E-03
  3.1332E-04  2.8991E-03  5.8220E-04  1.9768E-03
  3.1605E-04  2.9244E-03  5.8729E-04  1.9940E-03
  3.1881E-04  2.9499E-03  5.9242E-04  2.0115E-03
  3.2160E-04  2.9757E-03  5.9760E-04  2.0290E-03
  3.2441E-04  3.0016E-03  6.0282E-04  2.0468E-03
  3.2724E-04  3.0278E-03  6.0808E-04  2.0646E-03
  3.3010E-04  3.0543E-03  6.1339E-04  2.0827E-03
  3.3298E-04  3.0809E-03  6.1875E-04  2.1009E-03
  3.3589E-04  3.1078E-03  6.2415E-04  2.1192E-03
  3.3882E-04  3.1349E-03  6.2960E-04  2.1377E-03
  3.4178E-04  3.1622E-03  6.3510E-04  2.1564E-03
  3.4476E-04  3.1898E-03  6.4064E-04  2.1752E-03
  3.4777E-04  3.2176E-03  6.4624E-04  2.1942E-03
  3.5081E-04  3.2457E-03  6.5188E-04  2.2133E-03
  3.5387E-04  3.2740E-03  6.5757E-04  2.2327E-03
  3.5696E-04  3.3025E-03  6.6330E-04  2.2521E-03
  3.6007E-04  3.3313E-03  6.6909E-04  2.2718E-03
  3.6322E-04  3.3603E-03  6.7493E-04  2.2916E-03
  3.6639E-04  3.3896E-03  6.8082E-04  2.3116E-03
  3.6958E-04  3.4192E-03  6.8676E-04  2.3318E-03
  3.7281E-04  3.4489E-03  6.9275E-04  2.3521E-03
  3.7606E-04  3.4790E-03  6.9879E-04  2.3726E-03
  3.7934E-04  3.5093E-03  7.0489E-04  2.3933E-03
  3.8265E-04  3.5399E-03  7.1104E-04  2.4142E-03
  3.8598E-04  3.5707E-03  7.1724E-04  2.4353E-03
  3.8935E-04  3.6018E-03  7.2349E-04  2.4565E-03
  3.9274E-04  3.6332E-03  7.2980E-04  2.4779E-03
  3.9617E-04  3.6648E-03  7.3616E-04  2.4995E-03
  3.9962E-04  3.6967E-03  7.4258E-04  2.5213E-03
  4.0311E-04  3.7289E-03  7.4905E-04  2.5433E-03
  4.0662E-04  3.7614E-03  7.5558E-04  2.5655E-03
  4.1016E-04  3.7941E-03  7.6217E-04  2.5878E-03
  4.1374E-04  3.8272E-03  7.6881E-04  2.6104E-03
  4.1734E-04  3.8605E-03  7.7551E-04  2.6331E-03
  4.2098E-04  3.8941E-03  7.8227E-04  2.6561E-03
  4.2465E-04  3.9280E-03  7.8909E-04  2.6792E-03
  4.2835E-04  3.9621E-03  7.9596E-04  2.7026E-03
  4.3208E-04  3.9966E-03  8.0290E-04  2.7261E-03
  4.3585E-04  4.0314E-03  8.0989E-04  2.7499E-03
  4.3964E-04  4.0665E-03  8.1695E-04  2.7738E-03
  4.4347E-04  4.1018E-03  8.2406E-04  2.7980E-03
  4.4734E-04  4.1375E-03  8.3124E-04  2.8223E-03
  4.5123E-04  4.1735E-03  8.3848E-04  2.8469E-03
  4.5516E-04  4.2098E-03  8.4579E-04  2.8717E-03
  4.5913E-04  4.2464E-03  8.5315E-04  2.8967E-03
  4.6312E-04  4.2834E-03  8.6058E-04  2.9220E-03
  4.6716E-04  4.3206E-03  8.6807E-04  2.9474E-03
  4.7123E-04  4.3582E-03  8.7563E-04  2.9731E-03
  4.7533E-04  4.3961E-03  8.8326E-04  2.9989E-03
  4.7947E-04  4.4343E-03  8.9095E-04  3.0251E-03
  4.8364E-04  4.4728E-03  8.9870E-04  3.0514E-03
  4.8785E-04  4.5117E-03  9.0653E-04  3.0780E-03
  4.9210E-04  4.5509E-03  9.1442E-04  3.1047E-03
  4.9638E-04  4.5905E-03  9.2238E-04  3.1318E-03
  5.0070E-04  4.6304E-03  9.3040E-04  3.1590E-03
  5.0506E-04  4.6706E-03  9.3850E-04  3.1865E-03
  5.0945E-04  4.7112E-03  9.4667E-04  3.2143E-03
  5.1389E-04  4.7521E-03  9.5491E-04  3.2422E-03
  5.1836E-04  4.7934E-03  9.6322E-04  3.2704E-03
  5.2287E-04  4.8351E-03  9.7160E-04  3.2989E-03
  5.2742E-04  4.8771E-03  9.8005E-04  3.3276E-03
  5.3201E-04  4.9194E-03  9.8858E-04  3.3565E-03
  5.3663E-04  4.9621E-03  9.9718E-04  3.3857E-03
  5.4130E-04  5.0052E-03  1.0059E-03  3.4152E-03
  5.4601E-04  5.0487E-03  1.0146E-03  3.4449E-03
  5.5076E-04  5.0926E-03  1.0234E-03  3.4749E-03
  5.5555E-04  5.1368E-03  1.0323E-03  3.5051E-03
  5.6038E-04  5.1814E-03  1.0413E-03  3.5356E-03
  5.6526E-04  5.2264E-03  1.0504E-03  3.5663E-03
  5.7017E-04  5.2717E-03  1.0595E-03  3.5973E-03
  5.7513E-04  5.3175E-03  1.0687E-03  3.6286E-03
  5.8013E-04  5.3637E-03  1.0780E-03  3.6602E-03
  5.8518E-04  5.4102E-03  1.0874E-03  3.6920E-03
  5.9026E-04  5.4572E-03  1.0968E-03  3.7241E-03
  5.9540E-04  5.5045E-03  1.1064E-03  3.7565E-03
  6.0057E-04  5.5523E-03  1.1160E-03  3.7891E-03
  6.0579E-04  5.6005E-03  1.1257E-03  3.8221E-03
  6.1106E-04  5.6491E-03  1.1355E-03  3.8553E-03
  6.1637E-04  5.6981E-03  1.1453E-03  3.8888E-03
  6.2173E-04  5.7475E-03  1.1553E-03  3.9226E-03
  6.2713E-04  5.7974E-03  1.1653E-03  3.9567E-03
  6.3258E-04  5.8477E-03  1.1755E-03  3.9911E-03
  6.3808E-04  5.8984E-03  1.1857E-03  4.0258E-03
  6.4363E-04  5.9496E-03  1.1960E-03  4.0608E-03
  6.4922E-04  6.0012E-03  1.2064E-03  4.0961E-03
  6.5486E-04  6.0532E-03  1.2169E-03  4.1317E-03
  6.6055E-04  6.1057E-03  1.2274E-03  4.1676E-03
  6.6629E-04  6.1587E-03  1.2381E-03  4.2038E-03
  6.7208E-04  6.2121E-03  1.2489E-03  4.2403E-03
  6.7792E-04  6.2659E-03  1.2597E-03  4.2772E-03
  6.8381E-04  6.3203E-03  1.2707E-03  4.3143E-03
  6.8975E-04  6.3751E-03  1.2817E-03  4.3518E-03
  6.9574E-04  6.4303E-03  1.2928E-03  4.3896E-03
  7.0179E-04  6.4861E-03  1.3041E-03  4.4277E-03
  7.0788E-04  6.5423E-03  1.3154E-03  4.4662E-03
  7.1403E-04  6.5990E-03  1.3268E-03  4.5050E-03
  7.2023E-04  6.6562E-03  1.3383E-03  4.5441E-03
  7.2649E-04  6.7139E-03  1.3500E-03  4.5836E-03
  7.3280E-04  6.7721E-03  1.3617E-03  4.6234E-03
  7.3916E-04  6.8307E-03  1.3735E-03  4.6635E-03
  7.4558E-04  6.8899E-03  1.3854E-03  4.7040E-03
  7.5206E-04  6.9496E-03  1.3975E-03  4.7449E-03
  7.5859E-04  7.0098E-03  1.4096E-03  4.7861E-03
  7.6518E-04  7.0706E-03  1.4219E-03  4.8277E-03
  7.7182E-04  7.1318E-03  1.4342E-03  4.8696E-03
  7.7852E-04  7.1936E-03  1.4467E-03  4.9119E-03
  7.8528E-04  7.2559E-03  1.4592E-03  4.9545E-03
  7.9210E-04  7.3188E-03  1.4719E-03  4.9975E-03
  7.9898E-04  7.3821E-03  1.4847E-03  5.0409E-03
  8.0591E-04  7.4461E-03  1.4976E-03  5.0847E-03
  8.1291E-04  7.5106E-03  1.5106E-03  5.1288E-03
  8.1997E-04  7.5756E-03  1.5237E-03  5.1733E-03
  8.2708E-04  7.6412E-03  1.5369E-03  5.2183E-03
  8.3426E-04  7.7074E-03  1.5502E-03  5.2635E-03
  8.4150E-04  7.7741E-03  1.5637E-03  5.3092E-03
  8.4881E-04  7.8414E-03  1.5773E-03  5.3553E-03
  8.5618E-04  7.9093E-03  1.5909E-03  5.4018E-03
  8.6361E-04  7.9778E-03  1.6048E-03  5.4487E-03
  8.7110E-04  8.0468E-03  1.6187E-03  5.4960E-03
  8.7866E-04  8.1165E-03  1.6327E-03  5.5437E-03
  8.8629E-04  8.1867E-03  1.6469E-03  5.5918E-03
  8.9398E-04  8.2576E-03  1.6612E-03  5.6403E-03
  9.0174E-04  8.3290E-03  1.6756E-03  5.6892E-03
  9.0956E-04  8.4011E-03  1.6901E-03  5.7386E-03
  9.1745E-04  8.4738E-03  1.7048E-03  5.7884E-03
  9.2541E-04  8.5471E-03  1.7196E-03  5.8386E-03
  9.3344E-04  8.6211E-03  1.7345E-03  5.8893E-03
  9.4154E-04  8.6957E-03  1.7496E-03  5.9404E-03
  9.4971E-04  8.7709E-03  1.7648E-03  5.9919E-03
  9.5795E-04  8.8468E-03  1.7801E-03  6.0439E-03
  9.6626E-04  8.9233E-03  1.7955E-03  6.0964E-03
  9.7464E-04  9.0005E-03  1.8111E-03  6.1492E-03
  9.8310E-04  9.0783E-03  1.8268E-03  6.2026E-03
  9.9163E-04  9.1569E-03  1.8426E-03  6.2564E-03
  1.0002E-03  9.2360E-03  1.8586E-03  6.3107E-03
  1.0089E-03  9.3159E-03  1.8748E-03  6.3654E-03
  1.0177E-03  9.3965E-03  1.8910E-03  6.4206E-03
  1.0265E-03  9.4777E-03  1.9074E-03  6.4763E-03
  1.0354E-03  9.5597E-03  1.9240E-03  6.5325E-03
  1.0444E-03  9.6423E-03  1.9406E-03  6.5891E-03
  1.0534E-03  9.7257E-03  1.9575E-03  6.6463E-03
  1.0626E-03  9.8098E-03  1.9745E-03  6.7039E-03
  1.0718E-03  9.8946E-03  1.9916E-03  6.7621E-03
  1.0811E-03  9.9801E-03  2.0089E-03  6.8207E-03
  1.0904E-03  1.0066E-02  2.0263E-03  6.8799E-03
  1.0999E-03  1.0153E-02  2.0438E-03  6.9395E-03
  1.1094E-03  1.0241E-02  2.0616E-03  6.9997E-03
  1.1191E-03  1.0330E-02  2.0794E-03  7.0604E-03
  1.1288E-03  1.0419E-02  2.0975E-03  7.1216E-03
  1.1386E-03  1.0509E-02  2.1157E-03  7.1834E-03
  1.1484E-03  1.0600E-02  2.1340E-03  7.2457E-03
  1.1584E-03  1.0691E-02  2.1525E-03  7.3085E-03
  1.1684E-03  1.0784E-02  2.1712E-03  7.3719E-03
  1.1786E-03  1.0877E-02  2.1900E-03  7.4358E-03
  1.1888E-03  1.0971E-02  2.2090E-03  7.5002E-03
  1.1991E-03  1.1066E-02  2.2281E-03  7.5653E-03
  1.2095E-03  1.1161E-02  2.2475E-03  7.6308E-03
  1.2200E-03  1.1258E-02  2.2669E-03  7.6970E-03
  1.2305E-03  1.1355E-02  2.2866E-03  7.7637E-03
  1.2412E-03  1.1453E-02  2.3064E-03  7.8310E-03
  1.2520E-03  1.1552E-02  2.3264E-03  7.8989E-03
  1.2628E-03  1.1652E-02  2.3466E-03  7.9674E-03
  1.2738E-03  1.1752E-02  2.3669E-03  8.0364E-03
  1.2848E-03  1.1854E-02  2.3874E-03  8.1061E-03
  1.2959E-03  1.1956E-02  2.4081E-03  8.1764E-03
  1.3072E-03  1.2059E-02  2.4290E-03  8.2472E-03
  1.3185E-03  1.2163E-02  2.4500E-03  8.3187E-03
  1.3299E-03  1.2268E-02  2.4713E-03  8.3908E-03
  1.3415E-03  1.2374E-02  2.4927E-03  8.4635E-03
  1.3531E-03  1.2481E-02  2.5143E-03  8.5369E-03
  1.3648E-03  1.2589E-02  2.5361E-03  8.6109E-03
  1.3766E-03  1.2697E-02  2.5581E-03  8.6855E-03
  1.3886E-03  1.2807E-02  2.5802E-03  8.7608E-03
  1.4006E-03  1.2918E-02  2.6026E-03  8.8367E-03
  1.4127E-03  1.3029E-02  2.6252E-03  8.9133E-03
  1.4250E-03  1.3141E-02  2.6479E-03  8.9905E-03
  1.4373E-03  1.3255E-02  2.6709E-03  9.0684E-03
  1.4498E-03  1.3369E-02  2.6940E-03  9.1470E-03
  1.4624E-03  1.3485E-02  2.7173E-03  9.2263E-03
  1.4750E-03  1.3601E-02  2.7409E-03  9.3062E-03
  1.4878E-03  1.3718E-02  2.7646E-03  9.3869E-03
  1.5007E-03  1.3837E-02  2.7886E-03  9.4682E-03
  1.5137E-03  1.3956E-02  2.8128E-03  9.5502E-03
  1.5268E-03  1.4076E-02  2.8371E-03  9.6330E-03
  1.5400E-03  1.4198E-02  2.8617E-03  9.7165E-03
  1.5534E-03  1.4320E-02  2.8865E-03  9.8006E-03
  1.5668E-03  1.4444E-02  2.9115E-03  9.8856E-03
  1.5804E-03  1.4568E-02  2.9367E-03  9.9712E-03
  1.5941E-03  1.4694E-02  2.9622E-03  1.0058E-02
  1.6079E-03  1.4820E-02  2.9878E-03  1.0145E-02
  1.6219E-03  1.4948E-02  3.0137E-03  1.0233E-02
  1.6359E-03  1.5077E-02  3.0398E-03  1.0321E-02
  1.6501E-03  1.5207E-02  3.0662E-03  1.0411E-02
  1.6644E-03  1.5338E-02  3.0927E-03  1.0501E-02
  1.6788E-03  1.5470E-02  3.1195E-03  1.0592E-02
  1.6933E-03  1.5604E-02  3.1466E-03  1.0684E-02
  1.7080E-03  1.5738E-02  3.1738E-03  1.0776E-02
  1.7228E-03  1.5874E-02  3.2013E-03  1.0869E-02
  1.7377E-03  1.6011E-02  3.2290E-03  1.0964E-02
  1.7528E-03  1.6149E-02  3.2570E-03  1.1059E-02
  1.7680E-03  1.6288E-02  3.2852E-03  1.1154E-02
  1.7833E-03  1.6428E-02  3.3137E-03  1.1251E-02
  1.7987E-03  1.6569E-02  3.3424E-03  1.1348E-02
  1.8143E-03  1.6712E-02  3.3713E-03  1.1447E-02
  1.8300E-03  1.6856E-02  3.4005E-03  1.1546E-02
  1.8459E-03  1.7001E-02  3.4300E-03  1.1646E-02
  1.8618E-03  1.7148E-02  3.4597E-03  1.1747E-02
  1.8780E-03  1.7295E-02  3.4896E-03  1.1848E-02
  1.8942E-03  1.7444E-02  3.5199E-03  1.1951E-02
  1.9106E-03  1.7595E-02  3.5504E-03  1.2055E-02
  1.9272E-03  1.7746E-02  3.5811E-03  1.2159E-02
  1.9439E-03  1.7899E-02  3.6121E-03  1.2264E-02
  1.9607E-03  1.8053E-02  3.6434E-03  1.2371E-02
  1.9777E-03  1.8208E-02  3.6749E-03  1.2478E-02
  1.9948E-03  1.8365E-02  3.7068E-03  1.2586E-02
  2.0121E-03  1.8523E-02  3.7389E-03  1.2695E-02
  2.0295E-03  1.8683E-02  3.7713E-03  1.2805E-02
  2.0471E-03  1.8843E-02  3.8039E-03  1.2916E-02
  2.0648E-03  1.9006E-02  3.8369E-03  1.3027E-02
  2.0827E-03  1.9169E-02  3.8701E-03  1.3140E-02
  2.1007E-03  1.9334E-02  3.9036E-03  1.3254E-02
  2.1189E-03  1.9501E-02  3.9374E-03  1.3369E-02
  2.1373E-03  1.9668E-02  3.9715E-03  1.3484E-02
  2.1558E-03  1.9837E-02  4.0059E-03  1.3601E-02
  2.1745E-03  2.0008E-02  4.0406E-03  1.3719E-02
  2.1933E-03  2.0180E-02  4.0755E-03  1.3838E-02
  2.2123E-03  2.0354E-02  4.1108E-03  1.3958E-02
  2.2314E-03  2.0529E-02  4.1464E-03  1.4078E-02
  2.2507E-03  2.0705E-02  4.1823E-03  1.4200E-02
  2.2702E-03  2.0883E-02  4.2185E-03  1.4323E-02
  2.2899E-03  2.1063E-02  4.2551E-03  1.4447E-02
  2.3097E-03  2.1244E-02  4.2919E-03  1.4572E-02
  2.3297E-03  2.1427E-02  4.3291E-03  1.4699E-02
  2.3499E-03  2.1611E-02  4.3665E-03  1.4826E-02
  2.3702E-03  2.1797E-02  4.4043E-03  1.4954E-02
  2.3907E-03  2.1984E-02  4.4425E-03  1.5084E-02
  2.4114E-03  2.2173E-02  4.4809E-03  1.5214E-02
  2.4323E-03  2.2364E-02  4.5197E-03  1.5346E-02
  2.4534E-03  2.2556E-02  4.5589E-03  1.5479E-02
  2.4746E-03  2.2750E-02  4.5983E-03  1.5613E-02
  2.4960E-03  2.2945E-02  4.6381E-03  1.5748E-02
  2.5177E-03  2.3142E-02  4.6783E-03  1.5884E-02
  2.5394E-03  2.3341E-02  4.7188E-03  1.6022E-02
  2.5614E-03  2.3542E-02  4.7596E-03  1.6160E-02
  2.5836E-03  2.3744E-02  4.8008E-03  1.6300E-02
  2.6060E-03  2.3948E-02  4.8424E-03  1.6441E-02
  2.6285E-03  2.4153E-02  4.8843E-03  1.6584E-02
  2.6513E-03  2.4361E-02  4.9266E-03  1.6727E-02
  2.6742E-03  2.4570E-02  4.9692E-03  1.6872E-02
  2.6974E-03  2.4781E-02  5.0123E-03  1.7018E-02
  2.7207E-03  2.4994E-02  5.0556E-03  1.7166E-02
  2.7443E-03  2.5208E-02  5.0994E-03  1.7314E-02
  2.7680E-03  2.5425E-02  5.1435E-03  1.7464E-02
  2.7920E-03  2.5643E-02  5.1881E-03  1.7615E-02
  2.8162E-03  2.5863E-02  5.2330E-03  1.7768E-02
  2.8405E-03  2.6085E-02  5.2783E-03  1.7921E-02
  2.8651E-03  2.6309E-02  5.3239E-03  1.8077E-02
  2.8899E-03  2.6535E-02  5.3700E-03  1.8233E-02
  2.9149E-03  2.6762E-02  5.4165E-03  1.8391E-02
  2.9402E-03  2.6992E-02  5.4634E-03  1.8550E-02
  2.9656E-03  2.7223E-02  5.5107E-03  1.8711E-02
  2.9913E-03  2.7457E-02  5.5584E-03  1.8872E-02
  3.0172E-03  2.7692E-02  5.6065E-03  1.9036E-02
  3.0433E-03  2.7930E-02  5.6550E-03  1.9201E-02
  3.0696E-03  2.8169E-02  5.7039E-03  1.9367E-02
  3.0962E-03  2.8411E-02  5.7533E-03  1.9534E-02
  3.1230E-03  2.8655E-02  5.8031E-03  1.9703E-02
  3.1500E-03  2.8900E-02  5.8533E-03  1.9874E-02
  3.1773E-03  2.9148E-02  5.9040E-03  2.0046E-02
  3.2048E-03  2.9398E-02  5.9551E-03  2.0219E-02
  3.2325E-03  2.9650E-02  6.0066E-03  2.0394E-02
  3.2605E-03  2.9904E-02  6.0586E-03  2.0571E-02
  3.2887E-03  3.0160E-02  6.1110E-03  2.0749E-02
  3.3172E-03  3.0418E-02  6.1639E-03  2.0928E-02
  3.3459E-03  3.0679E-02  6.2173E-03  2.1110E-02
  3.3748E-03  3.0942E-02  6.2711E-03  2.1292E-02
  3.4040E-03  3.1207E-02  6.3253E-03  2.1476E-02
  3.4335E-03  3.1474E-02  6.3801E-03  2.1662E-02
  3.4632E-03  3.1744E-02  6.4353E-03  2.1850E-02
  3.4932E-03  3.2016E-02  6.4910E-03  2.2039E-02
  3.5234E-03  3.2290E-02  6.5471E-03  2.2230E-02
  3.5539E-03  3.2566E-02  6.6038E-03  2.2422E-02
  3.5847E-03  3.2845E-02  6.6609E-03  2.2616E-02
  3.6157E-03  3.3126E-02  6.7186E-03  2.2812E-02
  3.6470E-03  3.3410E-02  6.7767E-03  2.3009E-02
  3.6785E-03  3.3696E-02  6.8354E-03  2.3208E-02
  3.7104E-03  3.3984E-02  6.8945E-03  2.3409E-02
  3.7425E-03  3.4275E-02  6.9542E-03  2.3612E-02
  3.7748E-03  3.4568E-02  7.0143E-03  2.3816E-02
  3.8075E-03  3.4864E-02  7.0750E-03  2.4022E-02
  3.8405E-03  3.5162E-02  7.1362E-03  2.4230E-02
  3.8737E-03  3.5463E-02  7.1980E-03  2.4439E-02
  3.9072E-03  3.5766E-02  7.2603E-03  2.4651E-02
  3.9410E-03  3.6072E-02  7.3231E-03  2.4864E-02
  3.9751E-03  3.6380E-02  7.3865E-03  2.5079E-02
  4.0095E-03  3.6691E-02  7.4504E-03  2.5296E-02
  4.0442E-03  3.7005E-02  7.5148E-03  2.5515E-02
  4.0792E-03  3.7321E-02  7.5799E-03  2.5736E-02
  4.1145E-03  3.7640E-02  7.6454E-03  2.5959E-02
  4.1501E-03  3.7961E-02  7.7116E-03  2.6183E-02
  4.1860E-03  3.8286E-02  7.7783E-03  2.6410E-02
  4.2222E-03  3.8613E-02  7.8456E-03  2.6638E-02
  4.2588E-03  3.8943E-02  7.9135E-03  2.6869E-02
  4.2956E-03  3.9275E-02  7.9820E-03  2.7101E-02
  4.3328E-03  3.9611E-02  8.0510E-03  2.7336E-02
  4.3703E-03  3.9949E-02  8.1207E-03  2.7572E-02
  4.4081E-03  4.0290E-02  8.1909E-03  2.7811E-02
  4.4462E-03  4.0634E-02  8.2618E-03  2.8051E-02
  4.4847E-03  4.0981E-02  8.3333E-03  2.8294E-02
  4.5235E-03  4.1331E-02  8.4054E-03  2.8539E-02
  4.5626E-03  4.1683E-02  8.4781E-03  2.8786E-02
  4.6021E-03  4.2039E-02  8.5514E-03  2.9035E-02
  4.6419E-03  4.2398E-02  8.6254E-03  2.9286E-02
  4.6821E-03  4.2759E-02  8.7000E-03  2.9539E-02
  4.7226E-03  4.3124E-02  8.7753E-03  2.9795E-02
  4.7634E-03  4.3492E-02  8.8512E-03  3.0053E-02
  4.8046E-03  4.3863E-02  8.9278E-03  3.0313E-02
  4.8462E-03  4.4237E-02  9.0050E-03  3.0575E-02
  4.8881E-03  4.4614E-02  9.0829E-03  3.0839E-02
  4.9304E-03  4.4994E-02  9.1615E-03  3.1106E-02
  4.9731E-03  4.5377E-02  9.2408E-03  3.1375E-02
  5.0161E-03  4.5764E-02  9.3207E-03  3.1647E-02
  5.0595E-03  4.6154E-02  9.4013E-03  3.1920E-02
  5.1033E-03  4.6547E-02  9.4827E-03  3.2196E-02
  5.1474E-03  4.6944E-02  9.5647E-03  3.2475E-02
  5.1920E-03  4.7343E-02  9.6474E-03  3.2756E-02
  5.2369E-03  4.7747E-02  9.7309E-03  3.3039E-02
  5.2822E-03  4.8153E-02  9.8151E-03  3.3325E-02
  5.3279E-03  4.8563E-02  9.9000E-03  3.3613E-02
  5.3740E-03  4.8976E-02  9.9856E-03  3.3904E-02
  5.4204E-03  4.9393E-02  1.0072E-02  3.4197E-02
  5.4673E-03  4.9813E-02  1.0159E-02  3.4493E-02
  5.5146E-03  5.0237E-02  1.0247E-02  3.4791E-02
  5.5623E-03  5.0665E-02  1.0336E-02  3.5092E-02
  5.6105E-03  5.1096E-02  1.0425E-02  3.5396E-02
  5.6590E-03  5.1530E-02  1.0515E-02  3.5702E-02
  5.7079E-03  5.1968E-02  1.0606E-02  3.6011E-02
  5.7573E-03  5.2410E-02  1.0698E-02  3.6322E-02
  5.8071E-03  5.2855E-02  1.0790E-02  3.6637E-02
  5.8574E-03  5.3305E-02  1.0884E-02  3.6953E-02
  5.9080E-03  5.3758E-02  1.0978E-02  3.7273E-02
  5.9591E-03  5.4214E-02  1.1073E-02  3.7596E-02
  6.0107E-03  5.4675E-02  1.1169E-02  3.7921E-02
  6.0627E-03  5.5139E-02  1.1265E-02  3.8249E-02
  6.1151E-03  5.5607E-02  1.1363E-02  3.8580E-02
  6.1680E-03  5.6080E-02  1.1461E-02  3.8913E-02
  6.2214E-03  5.6556E-02  1.1560E-02  3.9250E-02
  6.2752E-03  5.7036E-02  1.1660E-02  3.9589E-02
  6.3295E-03  5.7520E-02  1.1761E-02  3.9932E-02
  6.3842E-03  5.8008E-02  1.1863E-02  4.0277E-02
  6.4395E-03  5.8500E-02  1.1965E-02  4.0625E-02
  6.4952E-03  5.8996E-02  1.2069E-02  4.0977E-02
  6.5513E-03  5.9496E-02  1.2173E-02  4.1331E-02
  6.6080E-03  6.0001E-02  1.2278E-02  4.1689E-02
  6.6652E-03  6.0509E-02  1.2385E-02  4.2049E-02
  6.7228E-03  6.1022E-02  1.2492E-02  4.2413E-02
  6.7810E-03  6.1539E-02  1.2600E-02  4.2780E-02
  6.8396E-03  6.2061E-02  1.2709E-02  4.3150E-02
  6.8988E-03  6.2586E-02  1.2819E-02  4.3523E-02
  6.9585E-03  6.3117E-02  1.2930E-02  4.3899E-02
  7.0186E-03  6.3651E-02  1.3041E-02  4.4279E-02
  7.0793E-03  6.4190E-02  1.3154E-02  4.4662E-02
  7.1406E-03  6.4733E-02  1.3268E-02  4.5048E-02
  7.2023E-03  6.5281E-02  1.3383E-02  4.5438E-02
  7.2646E-03  6.5833E-02  1.3498E-02  4.5831E-02
  7.3275E-03  6.6390E-02  1.3615E-02  4.6227E-02
  7.3909E-03  6.6952E-02  1.3733E-02  4.6627E-02
  7.4548E-03  6.7518E-02  1.3852E-02  4.7030E-02
  7.5193E-03  6.8089E-02  1.3971E-02  4.7437E-02
  7.5843E-03  6.8664E-02  1.4092E-02  4.7847E-02
  7.6499E-03  6.9245E-02  1.4214E-02  4.8261E-02
  7.7161E-03  6.9830E-02  1.4337E-02  4.8678E-02
  7.7828E-03  7.0420E-02  1.4461E-02  4.9099E-02
  7.8501E-03  7.1014E-02  1.4586E-02  4.9523E-02
  7.9180E-03  7.1614E-02  1.4712E-02  4.9952E-02
  7.9865E-03  7.2219E-02  1.4840E-02  5.0384E-02
  8.0556E-03  7.2828E-02  1.4968E-02  5.0819E-02
  8.1252E-03  7.3443E-02  1.5097E-02  5.1259E-02
  8.1955E-03  7.4062E-02  1.5228E-02  5.1702E-02
  8.2664E-03  7.4687E-02  1.5360E-02  5.2149E-02
  8.3379E-03  7.5317E-02  1.5492E-02  5.2600E-02
  8.4100E-03  7.5952E-02  1.5626E-02  5.3055E-02
  8.4828E-03  7.6592E-02  1.5761E-02  5.3514E-02
  8.5561E-03  7.7238E-02  1.5898E-02  5.3976E-02
  8.6301E-03  7.7888E-02  1.6035E-02  5.4443E-02
  8.7048E-03  7.8545E-02  1.6174E-02  5.4914E-02
  8.7800E-03  7.9206E-02  1.6314E-02  5.5389E-02
  8.8560E-03  7.9873E-02  1.6455E-02  5.5868E-02
  8.9326E-03  8.0545E-02  1.6597E-02  5.6351E-02
  9.0098E-03  8.1223E-02  1.6741E-02  5.6838E-02
  9.0878E-03  8.1906E-02  1.6885E-02  5.7329E-02
  9.1664E-03  8.2595E-02  1.7031E-02  5.7825E-02
  9.2456E-03  8.3290E-02  1.7179E-02  5.8325E-02
  9.3256E-03  8.3990E-02  1.7327E-02  5.8829E-02
  9.4062E-03  8.4696E-02  1.7477E-02  5.9338E-02
  9.4876E-03  8.5408E-02  1.7628E-02  5.9851E-02
  9.5697E-03  8.6125E-02  1.7781E-02  6.0369E-02
  9.6524E-03  8.6849E-02  1.7934E-02  6.0891E-02
  9.7359E-03  8.7578E-02  1.8089E-02  6.1417E-02
  9.8201E-03  8.8313E-02  1.8246E-02  6.1948E-02
  9.9050E-03  8.9054E-02  1.8404E-02  6.2484E-02
  9.9907E-03  8.9801E-02  1.8563E-02  6.3024E-02
  1.0077E-02  9.0555E-02  1.8723E-02  6.3569E-02
  1.0164E-02  9.1314E-02  1.8885E-02  6.4118E-02
  1.0252E-02  9.2079E-02  1.9048E-02  6.4673E-02
  1.0341E-02  9.2851E-02  1.9213E-02  6.5232E-02
  1.0430E-02  9.3629E-02  1.9379E-02  6.5796E-02
  1.0520E-02  9.4413E-02  1.9547E-02  6.6365E-02
  1.0611E-02  9.5204E-02  1.9716E-02  6.6938E-02
  1.0703E-02  9.6001E-02  1.9886E-02  6.7517E-02
  1.0796E-02  9.6804E-02  2.0058E-02  6.8101E-02
  1.0889E-02  9.7614E-02  2.0232E-02  6.8689E-02
  1.0983E-02  9.8430E-02  2.0406E-02  6.9283E-02
  1.1078E-02  9.9254E-02  2.0583E-02  6.9882E-02
  1.1174E-02  1.0008E-01  2.0761E-02  7.0486E-02
  1.1271E-02  1.0092E-01  2.0940E-02  7.1096E-02
  1.1368E-02  1.0176E-01  2.1121E-02  7.1710E-02
  1.1466E-02  1.0261E-01  2.1304E-02  7.2330E-02
  1.1566E-02  1.0347E-01  2.1488E-02  7.2955E-02
  1.1666E-02  1.0433E-01  2.1674E-02  7.3586E-02
  1.1767E-02  1.0520E-01  2.1861E-02  7.4222E-02
  1.1868E-02  1.0608E-01  2.2050E-02  7.4864E-02
  1.1971E-02  1.0697E-01  2.2241E-02  7.5511E-02
  1.2074E-02  1.0786E-01  2.2433E-02  7.6164E-02
  1.2179E-02  1.0876E-01  2.2627E-02  7.6822E-02
  1.2284E-02  1.0966E-01  2.2823E-02  7.7486E-02
  1.2390E-02  1.1057E-01  2.3020E-02  7.8156E-02
  1.2498E-02  1.1150E-01  2.3219E-02  7.8831E-02
  1.2606E-02  1.1242E-01  2.3420E-02  7.9513E-02
  1.2715E-02  1.1336E-01  2.3622E-02  8.0200E-02
  1.2825E-02  1.1430E-01  2.3827E-02  8.0893E-02
  1.2936E-02  1.1525E-01  2.4032E-02  8.1592E-02
  1.3047E-02  1.1621E-01  2.4240E-02  8.2298E-02
  1.3160E-02  1.1717E-01  2.4450E-02  8.3009E-02
  1.3274E-02  1.1815E-01  2.4661E-02  8.3726E-02
  1.3389E-02  1.1913E-01  2.4874E-02  8.4450E-02
  1.3505E-02  1.2012E-01  2.5089E-02  8.5180E-02
  1.3621E-02  1.2111E-01  2.5306E-02  8.5916E-02
  1.3739E-02  1.2212E-01  2.5525E-02  8.6659E-02
  1.3858E-02  1.2313E-01  2.5746E-02  8.7408E-02
  1.3978E-02  1.2415E-01  2.5968E-02  8.8163E-02
  1.4099E-02  1.2518E-01  2.6193E-02  8.8925E-02
  1.4221E-02  1.2621E-01  2.6419E-02  8.9693E-02
  1.4344E-02  1.2726E-01  2.6647E-02  9.0469E-02
  1.4468E-02  1.2831E-01  2.6878E-02  9.1250E-02
  1.4593E-02  1.2937E-01  2.7110E-02  9.2039E-02
  1.4719E-02  1.3044E-01  2.7344E-02  9.2834E-02
  1.4846E-02  1.3152E-01  2.7581E-02  9.3637E-02
  1.4975E-02  1.3261E-01  2.7819E-02  9.4446E-02
  1.5104E-02  1.3370E-01  2.8059E-02  9.5262E-02
  1.5235E-02  1.3481E-01  2.8302E-02  9.6085E-02
  1.5366E-02  1.3592E-01  2.8547E-02  9.6915E-02
  1.5499E-02  1.3704E-01  2.8793E-02  9.7753E-02
  1.5633E-02  1.3817E-01  2.9042E-02  9.8598E-02
  1.5769E-02  1.3931E-01  2.9293E-02  9.9449E-02
  1.5905E-02  1.4045E-01  2.9546E-02  1.0031E-01
  1.6042E-02  1.4161E-01  2.9802E-02  1.0118E-01
  1.6181E-02  1.4278E-01  3.0059E-02  1.0205E-01
  1.6321E-02  1.4395E-01  3.0319E-02  1.0293E-01
  1.6462E-02  1.4513E-01  3.0581E-02  1.0382E-01
  1.6605E-02  1.4633E-01  3.0845E-02  1.0472E-01
  1.6748E-02  1.4753E-01  3.1112E-02  1.0562E-01
  1.6893E-02  1.4874E-01  3.1381E-02  1.0654E-01
  1.7039E-02  1.4996E-01  3.1652E-02  1.0746E-01
  1.7186E-02  1.5119E-01  3.1925E-02  1.0838E-01
  1.7335E-02  1.5243E-01  3.2201E-02  1.0932E-01
  1.7485E-02  1.5368E-01  3.2480E-02  1.1026E-01
  1.7636E-02  1.5494E-01  3.2760E-02  1.1122E-01
  1.7789E-02  1.5621E-01  3.3043E-02  1.1218E-01
  1.7942E-02  1.5749E-01  3.3329E-02  1.1315E-01
  1.8098E-02  1.5877E-01  3.3617E-02  1.1412E-01
  1.8254E-02  1.6007E-01  3.3907E-02  1.1511E-01
  1.8412E-02  1.6138E-01  3.4200E-02  1.1610E-01
  1.8571E-02  1.6270E-01  3.4496E-02  1.1711E-01
  1.8732E-02  1.6403E-01  3.4794E-02  1.1812E-01
  1.8894E-02  1.6536E-01  3.5095E-02  1.1914E-01
  1.9057E-02  1.6671E-01  3.5398E-02  1.2017E-01
  1.9222E-02  1.6807E-01  3.5704E-02  1.2121E-01
  1.9388E-02  1.6944E-01  3.6012E-02  1.2225E-01
  1.9556E-02  1.7082E-01  3.6323E-02  1.2331E-01
  1.9725E-02  1.7221E-01  3.6637E-02  1.2437E-01
  1.9895E-02  1.7361E-01  3.6954E-02  1.2545E-01
  2.0067E-02  1.7502E-01  3.7273E-02  1.2653E-01
  2.0241E-02  1.7644E-01  3.7595E-02  1.2762E-01
  2.0416E-02  1.7788E-01  3.7920E-02  1.2873E-01
  2.0592E-02  1.7932E-01  3.8247E-02  1.2984E-01
  2.0771E-02  1.8078E-01  3.8578E-02  1.3096E-01
  2.0950E-02  1.8224E-01  3.8911E-02  1.3209E-01
  2.1131E-02  1.8372E-01  3.9247E-02  1.3323E-01
  2.1314E-02  1.8520E-01  3.9586E-02  1.3438E-01
  2.1498E-02  1.8670E-01  3.9928E-02  1.3554E-01
  2.1684E-02  1.8821E-01  4.0273E-02  1.3671E-01
  2.1872E-02  1.8973E-01  4.0621E-02  1.3789E-01
  2.2061E-02  1.9127E-01  4.0971E-02  1.3908E-01
  2.2252E-02  1.9281E-01  4.1325E-02  1.4028E-01
  2.2444E-02  1.9437E-01  4.1682E-02  1.4149E-01
  2.2638E-02  1.9593E-01  4.2042E-02  1.4272E-01
  2.2834E-02  1.9751E-01  4.2405E-02  1.4395E-01
  2.3031E-02  1.9910E-01  4.2772E-02  1.4519E-01
  2.3230E-02  2.0071E-01  4.3141E-02  1.4644E-01
  2.3431E-02  2.0232E-01  4.3514E-02  1.4771E-01
  2.3634E-02  2.0395E-01  4.3889E-02  1.4898E-01
  2.3838E-02  2.0558E-01  4.4268E-02  1.5027E-01
  2.4044E-02  2.0723E-01  4.4651E-02  1.5157E-01
  2.4252E-02  2.0890E-01  4.5036E-02  1.5288E-01
  2.4462E-02  2.1057E-01  4.5425E-02  1.5419E-01
  2.4673E-02  2.1226E-01  4.5817E-02  1.5553E-01
  2.4887E-02  2.1396E-01  4.6213E-02  1.5687E-01
  2.5102E-02  2.1567E-01  4.6612E-02  1.5822E-01
  2.5319E-02  2.1739E-01  4.7015E-02  1.5959E-01
  2.5538E-02  2.1913E-01  4.7421E-02  1.6096E-01
  2.5759E-02  2.2088E-01  4.7830E-02  1.6235E-01
  2.5982E-02  2.2264E-01  4.8243E-02  1.6375E-01
  2.6206E-02  2.2441E-01  4.8659E-02  1.6517E-01
  2.6433E-02  2.2620E-01  4.9080E-02  1.6659E-01
  2.6661E-02  2.2800E-01  4.9503E-02  1.6803E-01
  2.6892E-02  2.2982E-01  4.9931E-02  1.6948E-01
  2.7124E-02  2.3164E-01  5.0362E-02  1.7094E-01
  2.7359E-02  2.3348E-01  5.0796E-02  1.7242E-01
  2.7595E-02  2.3533E-01  5.1235E-02  1.7390E-01
  2.7834E-02  2.3720E-01  5.1677E-02  1.7540E-01
  2.8075E-02  2.3908E-01  5.2123E-02  1.7692E-01
  2.8317E-02  2.4097E-01  5.2573E-02  1.7844E-01
  2.8562E-02  2.4288E-01  5.3027E-02  1.7998E-01
  2.8809E-02  2.4480E-01  5.3484E-02  1.8153E-01
  2.9058E-02  2.4673E-01  5.3946E-02  1.8310E-01
  2.9310E-02  2.4868E-01  5.4412E-02  1.8468E-01
  2.9563E-02  2.5064E-01  5.4881E-02  1.8627E-01
  2.9819E-02  2.5261E-01  5.5355E-02  1.8788E-01
  3.0077E-02  2.5460E-01  5.5832E-02  1.8950E-01
  3.0337E-02  2.5661E-01  5.6314E-02  1.9113E-01
  3.0599E-02  2.5862E-01  5.6800E-02  1.9278E-01
  3.0863E-02  2.6065E-01  5.7290E-02  1.9444E-01
  3.1130E-02  2.6270E-01  5.7784E-02  1.9612E-01
  3.1399E-02  2.6476E-01  5.8283E-02  1.9781E-01
  3.1671E-02  2.6683E-01  5.8786E-02  1.9951E-01
  3.1945E-02  2.6892E-01  5.9293E-02  2.0123E-01
  3.2221E-02  2.7102E-01  5.9804E-02  2.0297E-01
  3.2500E-02  2.7314E-01  6.0320E-02  2.0472E-01
  3.2781E-02  2.7527E-01  6.0841E-02  2.0648E-01
  3.3064E-02  2.7741E-01  6.1365E-02  2.0826E-01
  3.3350E-02  2.7957E-01  6.1895E-02  2.1005E-01
  3.3638E-02  2.8175E-01  6.2429E-02  2.1186E-01
  3.3929E-02  2.8394E-01  6.2967E-02  2.1369E-01
  3.4223E-02  2.8614E-01  6.3510E-02  2.1553E-01
  3.4518E-02  2.8836E-01  6.4058E-02  2.1739E-01
  3.4817E-02  2.9060E-01  6.4610E-02  2.1926E-01
  3.5118E-02  2.9285E-01  6.5167E-02  2.2115E-01
  3.5422E-02  2.9512E-01  6.5729E-02  2.2305E-01
  3.5728E-02  2.9740E-01  6.6296E-02  2.2497E-01
  3.6037E-02  2.9969E-01  6.6867E-02  2.2691E-01
  3.6348E-02  3.0200E-01  6.7444E-02  2.2887E-01
  3.6663E-02  3.0433E-01  6.8025E-02  2.3084E-01
  3.6980E-02  3.0667E-01  6.8612E-02  2.3282E-01
  3.7299E-02  3.0903E-01  6.9203E-02  2.3483E-01
  3.7622E-02  3.1140E-01  6.9800E-02  2.3685E-01
  3.7947E-02  3.1379E-01  7.0401E-02  2.3889E-01
  3.8275E-02  3.1620E-01  7.1008E-02  2.4095E-01
  3.8606E-02  3.1862E-01  7.1620E-02  2.4302E-01
  3.8940E-02  3.2105E-01  7.2237E-02  2.4511E-01
  3.9277E-02  3.2350E-01  7.2859E-02  2.4722E-01
  3.9616E-02  3.2597E-01  7.3487E-02  2.4935E-01
  3.9959E-02  3.2846E-01  7.4120E-02  2.5149E-01
  4.0304E-02  3.3096E-01  7.4759E-02  2.5366E-01
  4.0653E-02  3.3347E-01  7.5403E-02  2.5584E-01
  4.1004E-02  3.3600E-01  7.6052E-02  2.5804E-01
  4.1359E-02  3.3855E-01  7.6708E-02  2.6026E-01
  4.1716E-02  3.4112E-01  7.7368E-02  2.6250E-01
  4.2077E-02  3.4370E-01  7.8035E-02  2.6475E-01
  4.2441E-02  3.4629E-01  7.8707E-02  2.6703E-01
  4.2808E-02  3.4891E-01  7.9384E-02  2.6933E-01
  4.3178E-02  3.5154E-01  8.0068E-02  2.7164E-01
  4.3551E-02  3.5418E-01  8.0757E-02  2.7398E-01
  4.3928E-02  3.5685E-01  8.1453E-02  2.7633E-01
  4.4308E-02  3.5953E-01  8.2154E-02  2.7871E-01
  4.4691E-02  3.6222E-01  8.2861E-02  2.8110E-01
  4.5077E-02  3.6494E-01  8.3574E-02  2.8352E-01
  4.5467E-02  3.6767E-01  8.4293E-02  2.8595E-01
  4.5860E-02  3.7041E-01  8.5019E-02  2.8841E-01
  4.6256E-02  3.7318E-01  8.5750E-02  2.9089E-01
  4.6656E-02  3.7596E-01  8.6488E-02  2.9338E-01
  4.7060E-02  3.7875E-01  8.7232E-02  2.9590E-01
  4.7467E-02  3.8157E-01  8.7983E-02  2.9845E-01
  4.7877E-02  3.8440E-01  8.8740E-02  3.0101E-01
  4.8291E-02  3.8724E-01  8.9503E-02  3.0359E-01
  4.8709E-02  3.9011E-01  9.0273E-02  3.0620E-01
  4.9130E-02  3.9299E-01  9.1049E-02  3.0883E-01
  4.9555E-02  3.9589E-01  9.1832E-02  3.1148E-01
  4.9983E-02  3.9881E-01  9.2622E-02  3.1415E-01
  5.0415E-02  4.0174E-01  9.3418E-02  3.1684E-01
  5.0851E-02  4.0469E-01  9.4221E-02  3.1956E-01
  5.1291E-02  4.0766E-01  9.5031E-02  3.2230E-01
  5.1734E-02  4.1064E-01  9.5848E-02  3.2507E-01
  5.2181E-02  4.1364E-01  9.6672E-02  3.2785E-01
  5.2633E-02  4.1666E-01  9.7502E-02  3.3066E-01
  5.3088E-02  4.1970E-01  9.8340E-02  3.3350E-01
  5.3547E-02  4.2275E-01  9.9185E-02  3.3636E-01
  5.4010E-02  4.2582E-01  1.0004E-01  3.3924E-01
  5.4477E-02  4.2891E-01  1.0090E-01  3.4214E-01
  5.4948E-02  4.3202E-01  1.0176E-01  3.4508E-01
  5.5423E-02  4.3514E-01  1.0264E-01  3.4803E-01
  5.5902E-02  4.3828E-01  1.0352E-01  3.5101E-01
  5.6385E-02  4.4143E-01  1.0441E-01  3.5402E-01
  5.6873E-02  4.4461E-01  1.0530E-01  3.5705E-01
  5.7364E-02  4.4780E-01  1.0621E-01  3.6010E-01
  5.7860E-02  4.5101E-01  1.0712E-01  3.6318E-01
  5.8361E-02  4.5424E-01  1.0804E-01  3.6629E-01
  5.8865E-02  4.5748E-01  1.0896E-01  3.6943E-01
  5.9374E-02  4.6074E-01  1.0990E-01  3.7259E-01
  5.9888E-02  4.6402E-01  1.1084E-01  3.7577E-01
  6.0405E-02  4.6732E-01  1.1179E-01  3.7898E-01
  6.0928E-02  4.7063E-01  1.1275E-01  3.8222E-01
  6.1454E-02  4.7396E-01  1.1372E-01  3.8549E-01
  6.1986E-02  4.7731E-01  1.1469E-01  3.8878E-01
  6.2522E-02  4.8067E-01  1.1568E-01  3.9211E-01
  6.3062E-02  4.8405E-01  1.1667E-01  3.9545E-01
  6.3607E-02  4.8745E-01  1.1767E-01  3.9883E-01
  6.4157E-02  4.9087E-01  1.1867E-01  4.0224E-01
  6.4712E-02  4.9430E-01  1.1969E-01  4.0567E-01
  6.5272E-02  4.9775E-01  1.2072E-01  4.0913E-01
  6.5836E-02  5.0122E-01  1.2175E-01  4.1262E-01
  6.6405E-02  5.0470E-01  1.2279E-01  4.1614E-01
  6.6979E-02  5.0820E-01  1.2384E-01  4.1969E-01
  6.7558E-02  5.1172E-01  1.2490E-01  4.2327E-01
  6.8142E-02  5.1526E-01  1.2597E-01  4.2688E-01
  6.8732E-02  5.1881E-01  1.2705E-01  4.3051E-01
  6.9326E-02  5.2238E-01  1.2814E-01  4.3418E-01
  6.9925E-02  5.2596E-01  1.2923E-01  4.3788E-01
  7.0530E-02  5.2957E-01  1.3034E-01  4.4161E-01
  7.1140E-02  5.3318E-01  1.3145E-01  4.4537E-01
  7.1755E-02  5.3682E-01  1.3258E-01  4.4916E-01
  7.2375E-02  5.4047E-01  1.3371E-01  4.5298E-01
  7.3001E-02  5.4414E-01  1.3485E-01  4.5683E-01
  7.3632E-02  5.4782E-01  1.3600E-01  4.6071E-01
  7.4269E-02  5.5152E-01  1.3716E-01  4.6463E-01
  7.4911E-02  5.5524E-01  1.3834E-01  4.6858E-01
  7.5558E-02  5.5897E-01  1.3952E-01  4.7256E-01
  7.6212E-02  5.6272E-01  1.4071E-01  4.7657E-01
  7.6871E-02  5.6649E-01  1.4191E-01  4.8062E-01
  7.7535E-02  5.7027E-01  1.4312E-01  4.8470E-01
  7.8206E-02  5.7406E-01  1.4434E-01  4.8881E-01
  7.8882E-02  5.7787E-01  1.4557E-01  4.9296E-01
  7.9564E-02  5.8170E-01  1.4681E-01  4.9714E-01
  8.0252E-02  5.8554E-01  1.4806E-01  5.0135E-01
  8.0945E-02  5.8940E-01  1.4932E-01  5.0560E-01
  8.1645E-02  5.9328E-01  1.5060E-01  5.0988E-01
  8.2351E-02  5.9716E-01  1.5188E-01  5.1420E-01
  8.3063E-02  6.0107E-01  1.5317E-01  5.1855E-01
  8.3781E-02  6.0498E-01  1.5448E-01  5.2294E-01
  8.4506E-02  6.0892E-01  1.5579E-01  5.2736E-01
  8.5236E-02  6.1286E-01  1.5712E-01  5.3182E-01
  8.5973E-02  6.1683E-01  1.5845E-01  5.3631E-01
  8.6717E-02  6.2080E-01  1.5980E-01  5.4084E-01
  8.7466E-02  6.2479E-01  1.6116E-01  5.4541E-01
  8.8223E-02  6.2879E-01  1.6253E-01  5.5001E-01
  8.8985E-02  6.3281E-01  1.6391E-01  5.5465E-01
  8.9755E-02  6.3684E-01  1.6530E-01  5.5933E-01
  9.0531E-02  6.4089E-01  1.6670E-01  5.6404E-01
  9.1313E-02  6.4494E-01  1.6812E-01  5.6880E-01
  9.2103E-02  6.4902E-01  1.6954E-01  5.7359E-01
  9.2899E-02  6.5310E-01  1.7098E-01  5.7842E-01
  9.3702E-02  6.5720E-01  1.7243E-01  5.8328E-01
  9.4512E-02  6.6130E-01  1.7389E-01  5.8819E-01
  9.5330E-02  6.6543E-01  1.7537E-01  5.9313E-01
  9.6154E-02  6.6956E-01  1.7685E-01  5.9812E-01
  9.6985E-02  6.7371E-01  1.7835E-01  6.0314E-01
  9.7824E-02  6.7786E-01  1.7986E-01  6.0820E-01
  9.8669E-02  6.8203E-01  1.8138E-01  6.1330E-01
  9.9523E-02  6.8621E-01  1.8291E-01  6.1844E-01
  1.0038E-01  6.9040E-01  1.8446E-01  6.2363E-01
  1.0125E-01  6.9460E-01  1.8602E-01  6.2885E-01
  1.0213E-01  6.9882E-01  1.8759E-01  6.3411E-01
  1.0301E-01  7.0304E-01  1.8917E-01  6.3942E-01
  1.0390E-01  7.0727E-01  1.9077E-01  6.4476E-01
  1.0480E-01  7.1152E-01  1.9238E-01  6.5015E-01
  1.0570E-01  7.1577E-01  1.9400E-01  6.5558E-01
  1.0662E-01  7.2003E-01  1.9564E-01  6.6105E-01
  1.0754E-01  7.2430E-01  1.9728E-01  6.6657E-01
  1.0847E-01  7.2858E-01  1.9895E-01  6.7212E-01
  1.0941E-01  7.3287E-01  2.0062E-01  6.7772E-01
  1.1035E-01  7.3717E-01  2.0231E-01  6.8336E-01
  1.1131E-01  7.4147E-01  2.0401E-01  6.8905E-01
  1.1227E-01  7.4578E-01  2.0572E-01  6.9478E-01
  1.1324E-01  7.5010E-01  2.0745E-01  7.0055E-01
  1.1422E-01  7.5443E-01  2.0919E-01  7.0636E-01
  1.1521E-01  7.5876E-01  2.1095E-01  7.1222E-01
  1.1620E-01  7.6310E-01  2.1272E-01  7.1813E-01
  1.1721E-01  7.6745E-01  2.1450E-01  7.2407E-01
  1.1822E-01  7.7180E-01  2.1630E-01  7.3007E-01
  1.1924E-01  7.7616E-01  2.1811E-01  7.3611E-01
  1.2027E-01  7.8052E-01  2.1994E-01  7.4219E-01
  1.2131E-01  7.8489E-01  2.2178E-01  7.4832E-01
  1.2236E-01  7.8926E-01  2.2363E-01  7.5449E-01
  1.2342E-01  7.9364E-01  2.2550E-01  7.6071E-01
  1.2449E-01  7.9802E-01  2.2738E-01  7.6698E-01
  1.2556E-01  8.0240E-01  2.2928E-01  7.7329E-01
  1.2665E-01  8.0679E-01  2.3119E-01  7.7965E-01
  1.2774E-01  8.1117E-01  2.3312E-01  7.8605E-01
  1.2885E-01  8.1556E-01  2.3506E-01  7.9250E-01
  1.2996E-01  8.1996E-01  2.3701E-01  7.9900E-01
  1.3109E-01  8.2435E-01  2.3899E-01  8.0555E-01
  1.3222E-01  8.2874E-01  2.4097E-01  8.1214E-01
  1.3336E-01  8.3314E-01  2.4297E-01  8.1878E-01
  1.3452E-01  8.3753E-01  2.4499E-01  8.2547E-01
  1.3568E-01  8.4193E-01  2.4702E-01  8.3220E-01
  1.3685E-01  8.4632E-01  2.4907E-01  8.3899E-01
  1.3804E-01  8.5072E-01  2.5113E-01  8.4582E-01
  1.3923E-01  8.5511E-01  2.5321E-01  8.5270E-01
  1.4043E-01  8.5950E-01  2.5530E-01  8.5963E-01
  1.4165E-01  8.6388E-01  2.5741E-01  8.6661E-01
  1.4287E-01  8.6827E-01  2.5954E-01  8.7363E-01
  1.4411E-01  8.7265E-01  2.6168E-01  8.8071E-01
  1.4535E-01  8.7702E-01  2.6384E-01  8.8783E-01
  1.4661E-01  8.8139E-01  2.6601E-01  8.9500E-01
  1.4788E-01  8.8576E-01  2.6820E-01  9.0222E-01
  1.4916E-01  8.9012E-01  2.7040E-01  9.0949E-01
  1.5044E-01  8.9447E-01  2.7262E-01  9.1681E-01
  1.5175E-01  8.9882E-01  2.7486E-01  9.2418E-01
  1.5306E-01  9.0316E-01  2.7711E-01  9.3160E-01
  1.5438E-01  9.0750E-01  2.7938E-01  9.3907E-01
  1.5572E-01  9.1182E-01  2.8167E-01  9.4659E-01
  1.5706E-01  9.1614E-01  2.8397E-01  9.5416E-01
  1.5842E-01  9.2045E-01  2.8629E-01  9.6177E-01
  1.5979E-01  9.2474E-01  2.8862E-01  9.6944E-01
  1.6117E-01  9.2903E-01  2.9098E-01  9.7716E-01
  1.6256E-01  9.3331E-01  2.9334E-01  9.8492E-01
  1.6397E-01  9.3757E-01  2.9573E-01  9.9274E-01
  1.6539E-01  9.4182E-01  2.9813E-01  1.0006E+00
  1.6682E-01  9.4606E-01  3.0055E-01  1.0085E+00
  1.6826E-01  9.5029E-01  3.0299E-01  1.0165E+00
  1.6971E-01  9.5450E-01  3.0544E-01  1.0245E+00
  1.7118E-01  9.5870E-01  3.0791E-01  1.0326E+00
  1.7266E-01  9.6288E-01  3.1039E-01  1.0407E+00
  1.7415E-01  9.6705E-01  3.1290E-01  1.0488E+00
  1.7566E-01  9.7120E-01  3.1542E-01  1.0571E+00
  1.7718E-01  9.7534E-01  3.1796E-01  1.0653E+00
  1.7871E-01  9.7945E-01  3.2051E-01  1.0736E+00
  1.8026E-01  9.8355E-01  3.2308E-01  1.0820E+00
  1.8181E-01  9.8763E-01  3.2567E-01  1.0904E+00
  1.8339E-01  9.9169E-01  3.2828E-01  1.0989E+00
  1.8497E-01  9.9573E-01  3.3090E-01  1.1074E+00
  1.8657E-01  9.9974E-01  3.3354E-01  1.1159E+00
  1.8818E-01  1.0037E+00  3.3620E-01  1.1245E+00
  1.8981E-01  1.0077E+00  3.3887E-01  1.1332E+00
  1.9145E-01  1.0117E+00  3.4156E-01  1.1419E+00
  1.9311E-01  1.0156E+00  3.4427E-01  1.1506E+00
  1.9478E-01  1.0195E+00  3.4700E-01  1.1594E+00
  1.9646E-01  1.0234E+00  3.4974E-01  1.1683E+00
  1.9816E-01  1.0272E+00  3.5250E-01  1.1772E+00
  1.9987E-01  1.0310E+00  3.5528E-01  1.1861E+00
  2.0160E-01  1.0348E+00  3.5808E-01  1.1951E+00
  2.0334E-01  1.0386E+00  3.6089E-01  1.2041E+00
  2.0510E-01  1.0424E+00  3.6372E-01  1.2132E+00
  2.0687E-01  1.0461E+00  3.6656E-01  1.2223E+00
  2.0866E-01  1.0497E+00  3.6943E-01  1.2315E+00
  2.1047E-01  1.0534E+00  3.7231E-01  1.2407E+00
  2.1229E-01  1.0570E+00  3.7520E-01  1.2499E+00
  2.1412E-01  1.0606E+00  3.7812E-01  1.2592E+00
  2.1597E-01  1.0642E+00  3.8105E-01  1.2686E+00
  2.1784E-01  1.0677E+00  3.8400E-01  1.2779E+00
  2.1972E-01  1.0712E+00  3.8696E-01  1.2874E+00
  2.2162E-01  1.0746E+00  3.8994E-01  1.2968E+00
  2.2354E-01  1.0780E+00  3.9294E-01  1.3063E+00
  2.2547E-01  1.0814E+00  3.9595E-01  1.3159E+00
  2.2742E-01  1.0847E+00  3.9898E-01  1.3254E+00
  2.2939E-01  1.0880E+00  4.0203E-01  1.3351E+00
  2.3137E-01  1.0913E+00  4.0509E-01  1.3447E+00
  2.3337E-01  1.0945E+00  4.0817E-01  1.3544E+00
  2.3539E-01  1.0977E+00  4.1127E-01  1.3641E+00
  2.3742E-01  1.1008E+00  4.1438E-01  1.3739E+00
  2.3948E-01  1.1039E+00  4.1750E-01  1.3837E+00
  2.4155E-01  1.1069E+00  4.2065E-01  1.3935E+00
  2.4364E-01  1.1099E+00  4.2380E-01  1.4034E+00
  2.4574E-01  1.1129E+00  4.2698E-01  1.4133E+00
  2.4787E-01  1.1158E+00  4.3016E-01  1.4232E+00
  2.5001E-01  1.1187E+00  4.3337E-01  1.4331E+00
  2.5217E-01  1.1215E+00  4.3659E-01  1.4431E+00
  2.5435E-01  1.1243E+00  4.3982E-01  1.4531E+00
  2.5655E-01  1.1270E+00  4.4306E-01  1.4632E+00
  2.5877E-01  1.1296E+00  4.4632E-01  1.4732E+00
  2.6101E-01  1.1323E+00  4.4960E-01  1.4833E+00
  2.6326E-01  1.1348E+00  4.5289E-01  1.4934E+00
  2.6554E-01  1.1373E+00  4.5619E-01  1.5035E+00
  2.6783E-01  1.1398E+00  4.5950E-01  1.5137E+00
  2.7015E-01  1.1422E+00  4.6283E-01  1.5239E+00
  2.7248E-01  1.1445E+00  4.6617E-01  1.5340E+00
  2.7484E-01  1.1468E+00  4.6953E-01  1.5442E+00
  2.7722E-01  1.1491E+00  4.7289E-01  1.5544E+00
  2.7961E-01  1.1513E+00  4.7627E-01  1.5647E+00
  2.8203E-01  1.1534E+00  4.7966E-01  1.5749E+00
  2.8447E-01  1.1554E+00  4.8306E-01  1.5851E+00
  2.8693E-01  1.1574E+00  4.8647E-01  1.5954E+00
  2.8941E-01  1.1594E+00  4.8989E-01  1.6056E+00
  2.9191E-01  1.1612E+00  4.9332E-01  1.6159E+00
  2.9444E-01  1.1631E+00  4.9677E-01  1.6262E+00
  2.9698E-01  1.1648E+00  5.0022E-01  1.6364E+00
  2.9955E-01  1.1665E+00  5.0368E-01  1.6467E+00
  3.0214E-01  1.1681E+00  5.0715E-01  1.6569E+00
  3.0475E-01  1.1697E+00  5.1062E-01  1.6672E+00
  3.0738E-01  1.1712E+00  5.1411E-01  1.6774E+00
  3.1004E-01  1.1726E+00  5.1760E-01  1.6876E+00
  3.1272E-01  1.1740E+00  5.2110E-01  1.6978E+00
  3.1543E-01  1.1752E+00  5.2461E-01  1.7080E+00
  3.1815E-01  1.1765E+00  5.2812E-01  1.7182E+00
  3.2090E-01  1.1776E+00  5.3164E-01  1.7284E+00
  3.2368E-01  1.1787E+00  5.3516E-01  1.7385E+00
  3.2648E-01  1.1797E+00  5.3869E-01  1.7486E+00
  3.2930E-01  1.1806E+00  5.4222E-01  1.7587E+00
  3.3215E-01  1.1815E+00  5.4575E-01  1.7687E+00
  3.3502E-01  1.1822E+00  5.4929E-01  1.7787E+00
  3.3791E-01  1.1830E+00  5.5283E-01  1.7887E+00
  3.4084E-01  1.1836E+00  5.5637E-01  1.7987E+00
  3.4378E-01  1.1841E+00  5.5991E-01  1.8085E+00
  3.4676E-01  1.1846E+00  5.6345E-01  1.8184E+00
  3.4975E-01  1.1850E+00  5.6699E-01  1.8282E+00
  3.5278E-01  1.1853E+00  5.7053E-01  1.8379E+00
  3.5583E-01  1.1856E+00  5.7407E-01  1.8476E+00
  3.5890E-01  1.1857E+00  5.7760E-01  1.8572E+00
  3.6201E-01  1.1858E+00  5.8113E-01  1.8668E+00
  3.6514E-01  1.1858E+00  5.8466E-01  1.8763E+00
  3.6829E-01  1.1858E+00  5.8818E-01  1.8857E+00
  3.7148E-01  1.1856E+00  5.9170E-01  1.8950E+00
  3.7469E-01  1.1854E+00  5.9521E-01  1.9043E+00
  3.7793E-01  1.1850E+00  5.9871E-01  1.9135E+00
  3.8120E-01  1.1846E+00  6.0220E-01  1.9226E+00
  3.8449E-01  1.1841E+00  6.0569E-01  1.9316E+00
  3.8782E-01  1.1835E+00  6.0916E-01  1.9405E+00
  3.9117E-01  1.1829E+00  6.1262E-01  1.9493E+00
  3.9455E-01  1.1821E+00  6.1607E-01  1.9580E+00
  3.9796E-01  1.1813E+00  6.1951E-01  1.9666E+00
  4.0140E-01  1.1804E+00  6.2293E-01  1.9751E+00
  4.0487E-01  1.1793E+00  6.2634E-01  1.9835E+00
  4.0837E-01  1.1782E+00  6.2973E-01  1.9917E+00
  4.1190E-01  1.1770E+00  6.3310E-01  1.9998E+00
  4.1546E-01  1.1758E+00  6.3646E-01  2.0078E+00
  4.1906E-01  1.1744E+00  6.3979E-01  2.0156E+00
  4.2268E-01  1.1729E+00  6.4311E-01  2.0233E+00
  4.2633E-01  1.1714E+00  6.4640E-01  2.0309E+00
  4.3002E-01  1.1698E+00  6.4967E-01  2.0383E+00
  4.3374E-01  1.1680E+00  6.5291E-01  2.0455E+00
  4.3749E-01  1.1662E+00  6.5613E-01  2.0526E+00
  4.4127E-01  1.1643E+00  6.5932E-01  2.0595E+00
  4.4508E-01  1.1623E+00  6.6249E-01  2.0662E+00
  4.4893E-01  1.1602E+00  6.6562E-01  2.0727E+00
  4.5281E-01  1.1580E+00  6.6872E-01  2.0791E+00
  4.5673E-01  1.1557E+00  6.7179E-01  2.0852E+00
  4.6068E-01  1.1534E+00  6.7483E-01  2.0911E+00
  4.6466E-01  1.1509E+00  6.7783E-01  2.0969E+00
  4.6868E-01  1.1483E+00  6.8079E-01  2.1024E+00
  4.7273E-01  1.1457E+00  6.8372E-01  2.1077E+00
  4.7682E-01  1.1430E+00  6.8660E-01  2.1127E+00
  4.8094E-01  1.1401E+00  6.8945E-01  2.1175E+00
  4.8510E-01  1.1372E+00  6.9225E-01  2.1221E+00
  4.8929E-01  1.1342E+00  6.9500E-01  2.1264E+00
  4.9352E-01  1.1311E+00  6.9771E-01  2.1305E+00
  4.9779E-01  1.1279E+00  7.0038E-01  2.1343E+00
  5.0209E-01  1.1246E+00  7.0299E-01  2.1378E+00
  5.0643E-01  1.1212E+00  7.0555E-01  2.1411E+00
  5.1081E-01  1.1177E+00  7.0806E-01  2.1440E+00
  5.1523E-01  1.1141E+00  7.1051E-01  2.1467E+00
  5.1968E-01  1.1104E+00  7.1291E-01  2.1490E+00
  5.2417E-01  1.1067E+00  7.1525E-01  2.1511E+00
  5.2871E-01  1.1028E+00  7.1753E-01  2.1528E+00
  5.3328E-01  1.0989E+00  7.1974E-01  2.1542E+00
  5.3789E-01  1.0948E+00  7.2190E-01  2.1552E+00
  5.4254E-01  1.0907E+00  7.2399E-01  2.1559E+00
  5.4723E-01  1.0865E+00  7.2601E-01  2.1562E+00
  5.5196E-01  1.0822E+00  7.2796E-01  2.1562E+00
  5.5673E-01  1.0778E+00  7.2984E-01  2.1558E+00
  5.6154E-01  1.0733E+00  7.3164E-01  2.1550E+00
  5.6640E-01  1.0687E+00  7.3337E-01  2.1539E+00
  5.7130E-01  1.0640E+00  7.3503E-01  2.1523E+00
  5.7624E-01  1.0593E+00  7.3660E-01  2.1503E+00
  5.8122E-01  1.0544E+00  7.3809E-01  2.1479E+00
  5.8624E-01  1.0495E+00  7.3950E-01  2.1450E+00
  5.9131E-01  1.0445E+00  7.4083E-01  2.1417E+00
  5.9642E-01  1.0394E+00  7.4207E-01  2.1380E+00
  6.0158E-01  1.0342E+00  7.4321E-01  2.1338E+00
  6.0678E-01  1.0289E+00  7.4427E-01  2.1292E+00
  6.1203E-01  1.0235E+00  7.4523E-01  2.1240E+00
  6.1732E-01  1.0181E+00  7.4610E-01  2.1184E+00
  6.2265E-01  1.0126E+00  7.4687E-01  2.1123E+00
  6.2804E-01  1.0070E+00  7.4754E-01  2.1057E+00
  6.3347E-01  1.0013E+00  7.4812E-01  2.0985E+00
  6.3894E-01  9.9549E-01  7.4858E-01  2.0909E+00
  6.4447E-01  9.8964E-01  7.4894E-01  2.0827E+00
  6.5004E-01  9.8371E-01  7.4920E-01  2.0739E+00
  6.5566E-01  9.7771E-01  7.4934E-01  2.0646E+00
  6.6133E-01  9.7162E-01  7.4938E-01  2.0547E+00
  6.6705E-01  9.6546E-01  7.4930E-01  2.0443E+00
  6.7281E-01  9.5923E-01  7.4910E-01  2.0333E+00
  6.7863E-01  9.5292E-01  7.4879E-01  2.0217E+00
  6.8450E-01  9.4654E-01  7.4836E-01  2.0094E+00
  6.9041E-01  9.4009E-01  7.4781E-01  1.9966E+00
  6.9638E-01  9.3357E-01  7.4713E-01  1.9832E+00
  7.0240E-01  9.2697E-01  7.4633E-01  1.9691E+00
  7.0848E-01  9.2031E-01  7.4541E-01  1.9544E+00
  7.1460E-01  9.1359E-01  7.4436E-01  1.9391E+00
  7.2078E-01  9.0680E-01  7.4318E-01  1.9231E+00
  7.2701E-01  8.9994E-01  7.4187E-01  1.9065E+00
  7.3330E-01  8.9302E-01  7.4042E-01  1.8892E+00
  7.3964E-01  8.8604E-01  7.3885E-01  1.8712E+00
  7.4603E-01  8.7900E-01  7.3714E-01  1.8525E+00
  7.5248E-01  8.7190E-01  7.3529E-01  1.8332E+00
  7.5899E-01  8.6474E-01  7.3330E-01  1.8132E+00
  7.6555E-01  8.5753E-01  7.3118E-01  1.7926E+00
  7.7217E-01  8.5026E-01  7.2892E-01  1.7712E+00
  7.7884E-01  8.4294E-01  7.2651E-01  1.7491E+00
  7.8558E-01  8.3557E-01  7.2397E-01  1.7264E+00
  7.9237E-01  8.2814E-01  7.2128E-01  1.7029E+00
  7.9922E-01  8.2067E-01  7.1845E-01  1.6788E+00
  8.0613E-01  8.1315E-01  7.1548E-01  1.6540E+00
  8.1310E-01  8.0559E-01  7.1236E-01  1.6285E+00
  8.2013E-01  7.9798E-01  7.0910E-01  1.6023E+00
  8.2722E-01  7.9033E-01  7.0570E-01  1.5754E+00
  8.3437E-01  7.8264E-01  7.0215E-01  1.5479E+00
  8.4158E-01  7.7491E-01  6.9846E-01  1.5197E+00
  8.4886E-01  7.6715E-01  6.9462E-01  1.4909E+00
  8.5620E-01  7.5934E-01  6.9064E-01  1.4614E+00
  8.6360E-01  7.5151E-01  6.8652E-01  1.4312E+00
  8.7107E-01  7.4364E-01  6.8226E-01  1.4005E+00
  8.7860E-01  7.3575E-01  6.7785E-01  1.3691E+00
  8.8619E-01  7.2782E-01  6.7330E-01  1.3372E+00
  8.9386E-01  7.1987E-01  6.6862E-01  1.3047E+00
  9.0158E-01  7.1189E-01  6.6379E-01  1.2716E+00
  9.0938E-01  7.0389E-01  6.5883E-01  1.2380E+00
  9.1724E-01  6.9588E-01  6.5374E-01  1.2039E+00
  9.2517E-01  6.8784E-01  6.4851E-01  1.1694E+00
  9.3317E-01  6.7978E-01  6.4315E-01  1.1344E+00
  9.4124E-01  6.7171E-01  6.3766E-01  1.0990E+00
  9.4937E-01  6.6362E-01  6.3205E-01  1.0632E+00
  9.5758E-01  6.5553E-01  6.2631E-01  1.0271E+00
  9.6586E-01  6.4742E-01  6.2045E-01  9.9066E-01
  9.7421E-01  6.3931E-01  6.1448E-01  9.5399E-01
  9.8263E-01  6.3119E-01  6.0839E-01  9.1711E-01
  9.9113E-01  6.2307E-01  6.0218E-01  8.8006E-01
  9.9970E-01  6.1494E-01  5.9587E-01  8.4291E-01
  1.0083E+00  6.0682E-01  5.8946E-01  8.0569E-01
  1.0171E+00  5.9869E-01  5.8294E-01  7.6847E-01
  1.0259E+00  5.9058E-01  5.7633E-01  7.3131E-01
  1.0347E+00  5.8246E-01  5.6962E-01  6.9426E-01
  1.0437E+00  5.7436E-01  5.6283E-01  6.5739E-01
  1.0527E+00  5.6626E-01  5.5596E-01  6.2077E-01
  1.0618E+00  5.5818E-01  5.4900E-01  5.8447E-01
  1.0710E+00  5.5011E-01  5.4197E-01  5.4855E-01
  1.0802E+00  5.4205E-01  5.3488E-01  5.1310E-01
  1.0896E+00  5.3401E-01  5.2772E-01  4.7818E-01
  1.0990E+00  5.2600E-01  5.2050E-01  4.4387E-01
  1.1085E+00  5.1800E-01  5.1323E-01  4.1025E-01
  1.1181E+00  5.1002E-01  5.0592E-01  3.7741E-01
  1.1277E+00  5.0208E-01  4.9856E-01  3.4542E-01
  1.1375E+00  4.9415E-01  4.9116E-01  3.1436E-01
  1.1473E+00  4.8626E-01  4.8374E-01  2.8431E-01
  1.1572E+00  4.7840E-01  4.7629E-01  2.5536E-01
  1.1672E+00  4.7057E-01  4.6882E-01  2.2758E-01
  1.1773E+00  4.6277E-01  4.6134E-01  2.0105E-01
  1.1875E+00  4.5501E-01  4.5385E-01  1.7585E-01
  1.1978E+00  4.4729E-01  4.4636E-01  1.5204E-01
  1.2081E+00  4.3960E-01  4.3887E-01  1.2969E-01
  1.2186E+00  4.3196E-01  4.3139E-01  1.0886E-01
  1.2291E+00  4.2436E-01  4.2393E-01  8.9612E-02
  1.2397E+00  4.1681E-01  4.1648E-01  7.1988E-02
  1.2505E+00  4.0930E-01  4.0906E-01  5.6026E-02
  1.2613E+00  4.0184E-01  4.0167E-01  4.1755E-02
  1.2722E+00  3.9443E-01  3.9431E-01  2.9191E-02
  1.2832E+00  3.8707E-01  3.8699E-01  1.8334E-02
  1.2943E+00  3.7976E-01  3.7971E-01  9.1714E-03
  1.3055E+00  3.7251E-01  3.7248E-01  1.6716E-03
  1.3167E+00  3.6531E-01  3.6529E-01 -4.2171E-03
  1.3281E+00  3.5817E-01  3.5816E-01 -8.5682E-03
  1.3396E+00  3.5109E-01  3.5108E-01 -1.1481E-02
  1.3512E+00  3.4407E-01  3.4407E-01 -1.3081E-02
  1.3629E+00  3.3711E-01  3.3711E-01 -1.3526E-02
  1.3747E+00  3.3021E-01  3.3021E-01 -1.3008E-02
  1.3865E+00  3.2337E-01  3.2337E-01 -1.1757E-02
  1.3985E+00  3.1661E-01  3.1661E-01 -1.0042E-02
  1.4106E+00  3.0990E-01  3.0990E-01 -8.1796E-03
  1.4228E+00  3.0327E-01  3.0327E-01 -6.5752E-03
  1.4351E+00  2.9670E-01  2.9670E-01 -5.1868E-03
  1.4475E+00  2.9021E-01  2.9021E-01 -4.0029E-03
  1.4600E+00  2.8378E-01  2.8378E-01 -3.0105E-03
  1.4727E+00  2.7743E-01  2.7743E-01 -2.1951E-03
  1.4854E+00  2.7115E-01  2.7115E-01 -1.5411E-03
  1.4982E+00  2.6494E-01  2.6494E-01 -1.0314E-03
  1.5112E+00  2.5881E-01  2.5881E-01 -6.4853E-04
  1.5243E+00  2.5276E-01  2.5276E-01 -3.7401E-04
  1.5374E+00  2.4678E-01  2.4678E-01 -1.8923E-04
  1.5507E+00  2.4088E-01  2.4088E-01 -7.5667E-05
  1.5641E+00  2.3505E-01  2.3505E-01 -1.5402E-05
  1.5777E+00  2.2931E-01  2.2931E-01  8.2679E-06
  1.5913E+00  2.2364E-01  2.2364E-01  1.0140E-05
  1.6051E+00  2.1805E-01  2.1805E-01  2.1908E-06
  1.6189E+00  2.1255E-01  2.1255E-01  2.1767E-06
  1.6329E+00  2.0712E-01  2.0712E-01  2.1623E-06
  1.6470E+00  2.0178E-01  2.0178E-01  2.1476E-06
  1.6613E+00  1.9652E-01  1.9652E-01  2.1327E-06
  1.6756E+00  1.9134E-01  1.9134E-01  2.1174E-06
  1.6901E+00  1.8624E-01  1.8624E-01  2.1019E-06
  1.7047E+00  1.8123E-01  1.8123E-01  2.0862E-06
  1.7195E+00  1.7629E-01  1.7629E-01  2.0701E-06
  1.7344E+00  1.7145E-01  1.7145E-01  2.0538E-06
  1.7493E+00  1.6668E-01  1.6668E-01  2.0373E-06
  1.7645E+00  1.6200E-01  1.6200E-01  2.0204E-06
  1.7797E+00  1.5740E-01  1.5740E-01  2.0033E-06
  1.7951E+00  1.5289E-01  1.5289E-01  1.9859E-06
  1.8106E+00  1.4845E-01  1.4845E-01  1.9682E-06
  1.8263E+00  1.4411E-01  1.4411E-01  1.9503E-06
  1.8421E+00  1.3984E-01  1.3984E-01  1.9320E-06
  1.8580E+00  1.3566E-01  1.3566E-01  1.9135E-06
  1.8741E+00  1.3156E-01  1.3156E-01  1.8948E-06
  1.8903E+00  1.2754E-01  1.2754E-01  1.8757E-06
  1.9066E+00  1.2361E-01  1.2361E-01  1.8564E-06
  1.9231E+00  1.1976E-01  1.1976E-01  1.8367E-06
  1.9397E+00  1.1598E-01  1.1598E-01  1.8168E-06
  1.9565E+00  1.1229E-01  1.1229E-01  1.7967E-06
  1.9734E+00  1.0868E-01  1.0868E-01  1.7762E-06
  1.9905E+00  1.0516E-01  1.0516E-01  1.7554E-06
  2.0077E+00  1.0171E-01  1.0171E-01  1.7344E-06
  2.0250E+00  9.8335E-02  9.8335E-02  1.7131E-06
  2.0425E+00  9.5042E-02  9.5042E-02  1.6914E-06
  2.0602E+00  9.1827E-02  9.1827E-02  1.6695E-06
  2.0780E+00  8.8690E-02  8.8690E-02  1.6473E-06
  2.0960E+00  8.5629E-02  8.5629E-02  1.6249E-06
  2.1141E+00  8.2643E-02  8.2643E-02  1.6021E-06
  2.1324E+00  7.9733E-02  7.9733E-02  1.5790E-06
  2.1508E+00  7.6896E-02  7.6896E-02  1.5557E-06
  2.1694E+00  7.4133E-02  7.4133E-02  1.5320E-06
  2.1882E+00  7.1443E-02  7.1443E-02  1.5081E-06
  2.2071E+00  6.8823E-02  6.8823E-02  1.4839E-06
  2.2262E+00  6.6275E-02  6.6275E-02  1.4594E-06
  2.2454E+00  6.3796E-02  6.3796E-02  1.4346E-06
  2.2648E+00  6.1386E-02  6.1386E-02  1.4095E-06
  2.2844E+00  5.9044E-02  5.9044E-02  1.3842E-06
  2.3041E+00  5.6769E-02  5.6769E-02  1.3585E-06
  2.3241E+00  5.4560E-02  5.4560E-02  1.3326E-06
  2.3442E+00  5.2416E-02  5.2416E-02  1.3064E-06
  2.3644E+00  5.0335E-02  5.0335E-02  1.2799E-06
  2.3849E+00  4.8317E-02  4.8317E-02  1.2532E-06
  2.4055E+00  4.6361E-02  4.6361E-02  1.2261E-06
  2.4263E+00  4.4465E-02  4.4465E-02  1.1989E-06
  2.4473E+00  4.2629E-02  4.2629E-02  1.1713E-06
  2.4684E+00  4.0852E-02  4.0852E-02  1.1435E-06
