 -5.0000E+00  1.1711E+00  1.1713E+00
 -4.9500E+00  1.1183E+00  1.1185E+00
 -4.9000E+00  1.0616E+00  1.0617E+00
 -4.8500E+00  1.0003E+00  1.0004E+00
 -4.8000E+00  9.3377E-01  9.3393E-01
 -4.7500E+00  8.6122E-01  8.6137E-01
 -4.7000E+00  7.8160E-01  7.8174E-01
 -4.6500E+00  6.9362E-01  6.9376E-01
 -4.6000E+00  5.9570E-01  5.9582E-01
 -4.5500E+00  4.8577E-01  4.8588E-01
 -4.5000E+00  3.6121E-01  3.6131E-01
 -4.4500E+00  2.1852E-01  2.1860E-01
 -4.4000E+00  5.2996E-02  5.3069E-02
 -4.3500E+00 -1.4182E-01 -1.4176E-01
 -4.3000E+00 -3.7512E-01 -3.7508E-01
 -4.2500E+00 -6.6038E-01 -6.6035E-01
 -4.2000E+00 -1.0182E+00 -1.0182E+00
 -4.1500E+00 -1.4818E+00 -1.4818E+00
 -4.1000E+00 -2.1082E+00 -2.1082E+00
 -4.0500E+00 -3.0045E+00 -3.0045E+00
 -4.0000E+00 -4.3985E+00 -4.3983E+00
 -3.9500E+00 -6.8739E+00 -6.8733E+00
 -3.9000E+00 -1.2514E+01 -1.2511E+01
 -3.8500E+00 -3.8364E+01 -3.8333E+01
 -3.8000E+00  5.2447E+01  5.2512E+01
 -3.7500E+00  1.7374E+01  1.7382E+01
 -3.7000E+00  1.1005E+01  1.1009E+01
 -3.6500E+00  8.3291E+00  8.3312E+00
 -3.6000E+00  6.8522E+00  6.8538E+00
 -3.5500E+00  5.9136E+00  5.9148E+00
 -3.5000E+00  5.2626E+00  5.2636E+00
 -3.4500E+00  4.7833E+00  4.7841E+00
 -3.4000E+00  4.4146E+00  4.4154E+00
 -3.3500E+00  4.1214E+00  4.1221E+00
 -3.3000E+00  3.8820E+00  3.8826E+00
 -3.2500E+00  3.6822E+00  3.6828E+00
 -3.2000E+00  3.5125E+00  3.5130E+00
 -3.1500E+00  3.3662E+00  3.3667E+00
 -3.1000E+00  3.2384E+00  3.2388E+00
 -3.0500E+00  3.1254E+00  3.1259E+00
 -3.0000E+00  3.0247E+00  3.0251E+00
 -2.9500E+00  2.9339E+00  2.9343E+00
 -2.9000E+00  2.8516E+00  2.8520E+00
 -2.8500E+00  2.7765E+00  2.7768E+00
 -2.8000E+00  2.7073E+00  2.7076E+00
 -2.7500E+00  2.6434E+00  2.6437E+00
 -2.7000E+00  2.5839E+00  2.5842E+00
 -2.6500E+00  2.5284E+00  2.5287E+00
 -2.6000E+00  2.4763E+00  2.4765E+00
 -2.5500E+00  2.4271E+00  2.4274E+00
 -2.5000E+00  2.3807E+00  2.3809E+00
 -2.4500E+00  2.3366E+00  2.3368E+00
 -2.4000E+00  2.2946E+00  2.2949E+00
 -2.3500E+00  2.2545E+00  2.2547E+00
 -2.3000E+00  2.2161E+00  2.2163E+00
 -2.2500E+00  2.1792E+00  2.1794E+00
 -2.2000E+00  2.1437E+00  2.1439E+00
 -2.1500E+00  2.1094E+00  2.1096E+00
 -2.1000E+00  2.0762E+00  2.0764E+00
 -2.0500E+00  2.0441E+00  2.0443E+00
 -2.0000E+00  2.0129E+00  2.0131E+00
 -1.9500E+00  1.9826E+00  1.9827E+00
 -1.9000E+00  1.9530E+00  1.9532E+00
 -1.8500E+00  1.9242E+00  1.9243E+00
 -1.8000E+00  1.8960E+00  1.8961E+00
 -1.7500E+00  1.8684E+00  1.8685E+00
 -1.7000E+00  1.8413E+00  1.8414E+00
 -1.6500E+00  1.8148E+00  1.8149E+00
 -1.6000E+00  1.7887E+00  1.7888E+00
 -1.5500E+00  1.7630E+00  1.7631E+00
 -1.5000E+00  1.7378E+00  1.7379E+00
 -1.4500E+00  1.7129E+00  1.7130E+00
 -1.4000E+00  1.6883E+00  1.6884E+00
 -1.3500E+00  1.6641E+00  1.6641E+00
 -1.3000E+00  1.6401E+00  1.6402E+00
 -1.2500E+00  1.6164E+00  1.6164E+00
 -1.2000E+00  1.5929E+00  1.5929E+00
 -1.1500E+00  1.5696E+00  1.5697E+00
 -1.1000E+00  1.5466E+00  1.5466E+00
 -1.0500E+00  1.5237E+00  1.5237E+00
 -1.0000E+00  1.5010E+00  1.5010E+00
 -9.5000E-01  1.4784E+00  1.4785E+00
 -9.0000E-01  1.4560E+00  1.4560E+00
 -8.5000E-01  1.4337E+00  1.4337E+00
 -8.0000E-01  1.4115E+00  1.4115E+00
 -7.5000E-01  1.3894E+00  1.3894E+00
 -7.0000E-01  1.3674E+00  1.3674E+00
 -6.5000E-01  1.3455E+00  1.3455E+00
 -6.0000E-01  1.3236E+00  1.3237E+00
 -5.5000E-01  1.3018E+00  1.3018E+00
 -5.0000E-01  1.2801E+00  1.2801E+00
 -4.5000E-01  1.2584E+00  1.2584E+00
 -4.0000E-01  1.2367E+00  1.2367E+00
 -3.5000E-01  1.2150E+00  1.2150E+00
 -3.0000E-01  1.1934E+00  1.1934E+00
 -2.5000E-01  1.1718E+00  1.1718E+00
 -2.0000E-01  1.1501E+00  1.1501E+00
 -1.5000E-01  1.1285E+00  1.1285E+00
 -1.0000E-01  1.1068E+00  1.1068E+00
 -5.0000E-02  1.0852E+00  1.0852E+00
  0.0000E+00  1.0635E+00  1.0635E+00
  5.0000E-02  1.0417E+00  1.0417E+00
  1.0000E-01  1.0200E+00  1.0200E+00
  1.5000E-01  9.9815E-01  9.9816E-01
  2.0000E-01  9.7629E-01  9.7631E-01
  2.5000E-01  9.5437E-01  9.5439E-01
  3.0000E-01  9.3239E-01  9.3242E-01
  3.5000E-01  9.1035E-01  9.1038E-01
  4.0000E-01  8.8823E-01  8.8827E-01
  4.5000E-01  8.6604E-01  8.6609E-01
  5.0000E-01  8.4377E-01  8.4382E-01
  5.5000E-01  8.2141E-01  8.2147E-01
  6.0000E-01  7.9895E-01  7.9903E-01
  6.5000E-01  7.7640E-01  7.7649E-01
  7.0000E-01  7.5375E-01  7.5385E-01
  7.5000E-01  7.3100E-01  7.3110E-01
  8.0000E-01  7.0812E-01  7.0825E-01
  8.5000E-01  6.8514E-01  6.8527E-01
  9.0000E-01  6.6203E-01  6.6218E-01
  9.5000E-01  6.3879E-01  6.3896E-01
  1.0000E+00  6.1543E-01  6.1561E-01
  1.0500E+00  5.9192E-01  5.9213E-01
  1.1000E+00  5.6828E-01  5.6850E-01
  1.1500E+00  5.4449E-01  5.4473E-01
  1.2000E+00  5.2055E-01  5.2081E-01
  1.2500E+00  4.9645E-01  4.9674E-01
  1.3000E+00  4.7218E-01  4.7250E-01
  1.3500E+00  4.4775E-01  4.4810E-01
  1.4000E+00  4.2315E-01  4.2353E-01
  1.4500E+00  3.9837E-01  3.9878E-01
  1.5000E+00  3.7341E-01  3.7385E-01
  1.5500E+00  3.4826E-01  3.4874E-01
  1.6000E+00  3.2292E-01  3.2343E-01
  1.6500E+00  2.9737E-01  2.9793E-01
  1.7000E+00  2.7162E-01  2.7222E-01
  1.7500E+00  2.4566E-01  2.4630E-01
  1.8000E+00  2.1948E-01  2.2017E-01
  1.8500E+00  1.9308E-01  1.9382E-01
  1.9000E+00  1.6645E-01  1.6724E-01
  1.9500E+00  1.3958E-01  1.4042E-01
  2.0000E+00  1.1247E-01  1.1337E-01
  2.0500E+00  8.5113E-02  8.6073E-02
  2.1000E+00  5.7499E-02  5.8522E-02
  2.1500E+00  2.9622E-02  3.0712E-02
  2.2000E+00  1.4748E-03  2.6351E-03
  2.2500E+00 -2.6949E-02 -2.5715E-02
  2.3000E+00 -5.5657E-02 -5.4345E-02
  2.3500E+00 -8.4657E-02 -8.3263E-02
  2.4000E+00 -1.1396E-01 -1.1248E-01
  2.4500E+00 -1.4357E-01 -1.4199E-01
  2.5000E+00 -1.7349E-01 -1.7182E-01
  2.5500E+00 -2.0374E-01 -2.0197E-01
  2.6000E+00 -2.3432E-01 -2.3245E-01
  2.6500E+00 -2.6524E-01 -2.6326E-01
  2.7000E+00 -2.9652E-01 -2.9442E-01
  2.7500E+00 -3.2816E-01 -3.2594E-01
  2.8000E+00 -3.6017E-01 -3.5782E-01
  2.8500E+00 -3.9255E-01 -3.9008E-01
  2.9000E+00 -4.2534E-01 -4.2272E-01
  2.9500E+00 -4.5852E-01 -4.5575E-01
  3.0000E+00 -4.9211E-01 -4.8920E-01
  3.0500E+00 -5.2614E-01 -5.2306E-01
  3.1000E+00 -5.6059E-01 -5.5734E-01
  3.1500E+00 -5.9550E-01 -5.9207E-01
  3.2000E+00 -6.3087E-01 -6.2726E-01
  3.2500E+00 -6.6671E-01 -6.6290E-01
  3.3000E+00 -7.0305E-01 -6.9903E-01
  3.3500E+00 -7.3988E-01 -7.3565E-01
  3.4000E+00 -7.7724E-01 -7.7278E-01
  3.4500E+00 -8.1512E-01 -8.1042E-01
  3.5000E+00 -8.5355E-01 -8.4861E-01
  3.5500E+00 -8.9255E-01 -8.8734E-01
  3.6000E+00 -9.3213E-01 -9.2665E-01
  3.6500E+00 -9.7231E-01 -9.6654E-01
  3.7000E+00 -1.0131E+00 -1.0070E+00
  3.7500E+00 -1.0545E+00 -1.0481E+00
  3.8000E+00 -1.0966E+00 -1.0899E+00
  3.8500E+00 -1.1394E+00 -1.1323E+00
  3.9000E+00 -1.1828E+00 -1.1754E+00
  3.9500E+00 -1.2270E+00 -1.2192E+00
  4.0000E+00 -1.2719E+00 -1.2637E+00
  4.0500E+00 -1.3176E+00 -1.3090E+00
  4.1000E+00 -1.3641E+00 -1.3550E+00
  4.1500E+00 -1.4114E+00 -1.4018E+00
  4.2000E+00 -1.4595E+00 -1.4495E+00
  4.2500E+00 -1.5086E+00 -1.4980E+00
  4.3000E+00 -1.5585E+00 -1.5474E+00
  4.3500E+00 -1.6093E+00 -1.5976E+00
  4.4000E+00 -1.6612E+00 -1.6489E+00
  4.4500E+00 -1.7140E+00 -1.7011E+00
  4.5000E+00 -1.7679E+00 -1.7543E+00
  4.5500E+00 -1.8228E+00 -1.8085E+00
  4.6000E+00 -1.8788E+00 -1.8638E+00
  4.6500E+00 -1.9361E+00 -1.9202E+00
  4.7000E+00 -1.9945E+00 -1.9778E+00
  4.7500E+00 -2.0541E+00 -2.0366E+00
  4.8000E+00 -2.1151E+00 -2.0966E+00
  4.8500E+00 -2.1773E+00 -2.1580E+00
  4.9000E+00 -2.2410E+00 -2.2206E+00
  4.9500E+00 -2.3062E+00 -2.2847E+00
