 # l=           1 basis function with energy    -2.12069177311348     
  0.0000E+00  0.0000E+00  0.0000E+00  0.0000E+00
  8.4554E-09  2.8467E-15  1.4040E-16  4.0203E-16
  1.6990E-08  1.1493E-14  5.6684E-16  1.6231E-15
  2.5603E-08  2.6100E-14  1.2873E-15  3.6861E-15
  3.4297E-08  4.6834E-14  2.3099E-15  6.6143E-15
  4.3071E-08  7.3864E-14  3.6430E-15  1.0432E-14
  5.1927E-08  1.0736E-13  5.2952E-15  1.5163E-14
  6.0865E-08  1.4750E-13  7.2751E-15  2.0832E-14
  6.9887E-08  1.9447E-13  9.5915E-15  2.7465E-14
  7.8992E-08  2.4845E-13  1.2254E-14  3.5088E-14
  8.8183E-08  3.0962E-13  1.5271E-14  4.3727E-14
  9.7458E-08  3.7818E-13  1.8652E-14  5.3410E-14
  1.0682E-07  4.5433E-13  2.2408E-14  6.4164E-14
  1.1627E-07  5.3826E-13  2.6548E-14  7.6017E-14
  1.2581E-07  6.3018E-13  3.1081E-14  8.8999E-14
  1.3543E-07  7.3030E-13  3.6019E-14  1.0314E-13
  1.4515E-07  8.3883E-13  4.1372E-14  1.1847E-13
  1.5495E-07  9.5600E-13  4.7151E-14  1.3501E-13
  1.6485E-07  1.0820E-12  5.3366E-14  1.5281E-13
  1.7484E-07  1.2171E-12  6.0029E-14  1.7189E-13
  1.8492E-07  1.3615E-12  6.7152E-14  1.9229E-13
  1.9509E-07  1.5155E-12  7.4745E-14  2.1403E-13
  2.0536E-07  1.6792E-12  8.2822E-14  2.3716E-13
  2.1573E-07  1.8530E-12  9.1394E-14  2.6170E-13
  2.2619E-07  2.0371E-12  1.0047E-13  2.8770E-13
  2.3675E-07  2.2318E-12  1.1007E-13  3.1519E-13
  2.4741E-07  2.4372E-12  1.2021E-13  3.4420E-13
  2.5817E-07  2.6537E-12  1.3089E-13  3.7478E-13
  2.6902E-07  2.8816E-12  1.4212E-13  4.0697E-13
  2.7998E-07  3.1211E-12  1.5394E-13  4.4079E-13
  2.9104E-07  3.3726E-12  1.6634E-13  4.7631E-13
  3.0220E-07  3.6363E-12  1.7934E-13  5.1354E-13
  3.1347E-07  3.9124E-12  1.9297E-13  5.5255E-13
  3.2484E-07  4.2014E-12  2.0722E-13  5.9336E-13
  3.3632E-07  4.5036E-12  2.2212E-13  6.3603E-13
  3.4790E-07  4.8191E-12  2.3768E-13  6.8060E-13
  3.5959E-07  5.1485E-12  2.5393E-13  7.2711E-13
  3.7139E-07  5.4919E-12  2.7087E-13  7.7561E-13
  3.8330E-07  5.8498E-12  2.8852E-13  8.2615E-13
  3.9532E-07  6.2224E-12  3.0690E-13  8.7878E-13
  4.0745E-07  6.6102E-12  3.2602E-13  9.3355E-13
  4.1970E-07  7.0135E-12  3.4591E-13  9.9051E-13
  4.3206E-07  7.4326E-12  3.6659E-13  1.0497E-12
  4.4453E-07  7.8680E-12  3.8806E-13  1.1112E-12
  4.5712E-07  8.3200E-12  4.1035E-13  1.1750E-12
  4.6983E-07  8.7890E-12  4.3348E-13  1.2413E-12
  4.8265E-07  9.2754E-12  4.5747E-13  1.3099E-12
  4.9560E-07  9.7796E-12  4.8234E-13  1.3812E-12
  5.0866E-07  1.0302E-11  5.0811E-13  1.4549E-12
  5.2185E-07  1.0843E-11  5.3479E-13  1.5313E-12
  5.3516E-07  1.1403E-11  5.6242E-13  1.6105E-12
  5.4859E-07  1.1983E-11  5.9101E-13  1.6923E-12
  5.6215E-07  1.2582E-11  6.2058E-13  1.7770E-12
  5.7583E-07  1.3202E-11  6.5116E-13  1.8646E-12
  5.8964E-07  1.3843E-11  6.8277E-13  1.9551E-12
  6.0358E-07  1.4506E-11  7.1544E-13  2.0486E-12
  6.1765E-07  1.5190E-11  7.4918E-13  2.1452E-12
  6.3185E-07  1.5896E-11  7.8402E-13  2.2450E-12
  6.4619E-07  1.6626E-11  8.1999E-13  2.3480E-12
  6.6065E-07  1.7378E-11  8.5712E-13  2.4543E-12
  6.7525E-07  1.8155E-11  8.9542E-13  2.5640E-12
  6.8999E-07  1.8956E-11  9.3493E-13  2.6771E-12
  7.0486E-07  1.9782E-11  9.7567E-13  2.7938E-12
  7.1987E-07  2.0633E-11  1.0177E-12  2.9140E-12
  7.3502E-07  2.1511E-11  1.0610E-12  3.0380E-12
  7.5031E-07  2.2416E-11  1.1056E-12  3.1657E-12
  7.6575E-07  2.3347E-11  1.1515E-12  3.2973E-12
  7.8133E-07  2.4307E-11  1.1988E-12  3.4328E-12
  7.9705E-07  2.5295E-11  1.2476E-12  3.5724E-12
  8.1292E-07  2.6312E-11  1.2977E-12  3.7160E-12
  8.2893E-07  2.7359E-11  1.3494E-12  3.8639E-12
  8.4510E-07  2.8437E-11  1.4025E-12  4.0161E-12
  8.6142E-07  2.9545E-11  1.4572E-12  4.1726E-12
  8.7788E-07  3.0686E-11  1.5135E-12  4.3337E-12
  8.9450E-07  3.1858E-11  1.5713E-12  4.4993E-12
  9.1128E-07  3.3065E-11  1.6308E-12  4.6697E-12
  9.2821E-07  3.4305E-11  1.6920E-12  4.8448E-12
  9.4530E-07  3.5579E-11  1.7548E-12  5.0248E-12
  9.6255E-07  3.6890E-11  1.8194E-12  5.2099E-12
  9.7995E-07  3.8236E-11  1.8858E-12  5.4000E-12
  9.9752E-07  3.9619E-11  1.9541E-12  5.5954E-12
  1.0153E-06  4.1041E-11  2.0242E-12  5.7961E-12
  1.0332E-06  4.2500E-11  2.0962E-12  6.0023E-12
  1.0512E-06  4.4000E-11  2.1701E-12  6.2140E-12
  1.0695E-06  4.5539E-11  2.2460E-12  6.4314E-12
  1.0879E-06  4.7120E-11  2.3240E-12  6.6547E-12
  1.1064E-06  4.8743E-11  2.4040E-12  6.8839E-12
  1.1252E-06  5.0408E-11  2.4862E-12  7.1191E-12
  1.1441E-06  5.2118E-11  2.5705E-12  7.3605E-12
  1.1632E-06  5.3872E-11  2.6570E-12  7.6083E-12
  1.1825E-06  5.5672E-11  2.7458E-12  7.8625E-12
  1.2019E-06  5.7519E-11  2.8369E-12  8.1234E-12
  1.2216E-06  5.9414E-11  2.9304E-12  8.3909E-12
  1.2414E-06  6.1357E-11  3.0262E-12  8.6654E-12
  1.2614E-06  6.3350E-11  3.1245E-12  8.9469E-12
  1.2816E-06  6.5394E-11  3.2253E-12  9.2356E-12
  1.3019E-06  6.7490E-11  3.3287E-12  9.5316E-12
  1.3225E-06  6.9639E-11  3.4347E-12  9.8350E-12
  1.3433E-06  7.1842E-11  3.5433E-12  1.0146E-11
  1.3642E-06  7.4100E-11  3.6547E-12  1.0465E-11
  1.3854E-06  7.6415E-11  3.7689E-12  1.0792E-11
  1.4067E-06  7.8787E-11  3.8859E-12  1.1127E-11
  1.4282E-06  8.1219E-11  4.0058E-12  1.1470E-11
  1.4500E-06  8.3710E-11  4.1287E-12  1.1822E-11
  1.4719E-06  8.6263E-11  4.2546E-12  1.2183E-11
  1.4941E-06  8.8878E-11  4.3836E-12  1.2552E-11
  1.5164E-06  9.1557E-11  4.5157E-12  1.2931E-11
  1.5390E-06  9.4302E-11  4.6511E-12  1.3318E-11
  1.5617E-06  9.7113E-11  4.7897E-12  1.3715E-11
  1.5847E-06  9.9992E-11  4.9317E-12  1.4122E-11
  1.6079E-06  1.0294E-10  5.0772E-12  1.4538E-11
  1.6313E-06  1.0596E-10  5.2261E-12  1.4965E-11
  1.6550E-06  1.0905E-10  5.3786E-12  1.5401E-11
  1.6788E-06  1.1222E-10  5.5347E-12  1.5848E-11
  1.7029E-06  1.1546E-10  5.6945E-12  1.6306E-11
  1.7272E-06  1.1878E-10  5.8582E-12  1.6775E-11
  1.7517E-06  1.2217E-10  6.0257E-12  1.7254E-11
  1.7764E-06  1.2565E-10  6.1972E-12  1.7745E-11
  1.8014E-06  1.2921E-10  6.3727E-12  1.8248E-11
  1.8266E-06  1.3285E-10  6.5523E-12  1.8762E-11
  1.8521E-06  1.3657E-10  6.7361E-12  1.9288E-11
  1.8777E-06  1.4039E-10  6.9242E-12  1.9827E-11
  1.9037E-06  1.4429E-10  7.1167E-12  2.0378E-11
  1.9298E-06  1.4828E-10  7.3136E-12  2.0942E-11
  1.9562E-06  1.5237E-10  7.5151E-12  2.1519E-11
  1.9829E-06  1.5655E-10  7.7213E-12  2.2109E-11
  2.0098E-06  1.6083E-10  7.9322E-12  2.2713E-11
  2.0369E-06  1.6520E-10  8.1479E-12  2.3331E-11
  2.0643E-06  1.6967E-10  8.3686E-12  2.3963E-11
  2.0920E-06  1.7425E-10  8.5943E-12  2.4609E-11
  2.1199E-06  1.7893E-10  8.8252E-12  2.5271E-11
  2.1481E-06  1.8372E-10  9.0614E-12  2.5947E-11
  2.1765E-06  1.8862E-10  9.3028E-12  2.6638E-11
  2.2052E-06  1.9362E-10  9.5498E-12  2.7345E-11
  2.2342E-06  1.9874E-10  9.8023E-12  2.8068E-11
  2.2634E-06  2.0398E-10  1.0061E-11  2.8808E-11
  2.2929E-06  2.0933E-10  1.0325E-11  2.9564E-11
  2.3227E-06  2.1480E-10  1.0594E-11  3.0337E-11
  2.3528E-06  2.2040E-10  1.0870E-11  3.1127E-11
  2.3831E-06  2.2612E-10  1.1153E-11  3.1935E-11
  2.4137E-06  2.3197E-10  1.1441E-11  3.2761E-11
  2.4446E-06  2.3795E-10  1.1736E-11  3.3605E-11
  2.4758E-06  2.4406E-10  1.2037E-11  3.4468E-11
  2.5073E-06  2.5030E-10  1.2345E-11  3.5350E-11
  2.5391E-06  2.5669E-10  1.2660E-11  3.6252E-11
  2.5711E-06  2.6321E-10  1.2982E-11  3.7174E-11
  2.6035E-06  2.6988E-10  1.3311E-11  3.8116E-11
  2.6362E-06  2.7670E-10  1.3647E-11  3.9078E-11
  2.6692E-06  2.8366E-10  1.3991E-11  4.0062E-11
  2.7024E-06  2.9078E-10  1.4342E-11  4.1067E-11
  2.7360E-06  2.9806E-10  1.4701E-11  4.2095E-11
  2.7699E-06  3.0549E-10  1.5067E-11  4.3144E-11
  2.8042E-06  3.1308E-10  1.5442E-11  4.4217E-11
  2.8387E-06  3.2084E-10  1.5825E-11  4.5313E-11
  2.8735E-06  3.2877E-10  1.6216E-11  4.6432E-11
  2.9087E-06  3.3687E-10  1.6615E-11  4.7576E-11
  2.9442E-06  3.4515E-10  1.7023E-11  4.8745E-11
  2.9801E-06  3.5360E-10  1.7440E-11  4.9939E-11
  3.0162E-06  3.6224E-10  1.7866E-11  5.1159E-11
  3.0528E-06  3.7106E-10  1.8301E-11  5.2405E-11
  3.0896E-06  3.8007E-10  1.8746E-11  5.3677E-11
  3.1268E-06  3.8927E-10  1.9200E-11  5.4977E-11
  3.1643E-06  3.9868E-10  1.9664E-11  5.6305E-11
  3.2022E-06  4.0828E-10  2.0137E-11  5.7662E-11
  3.2405E-06  4.1809E-10  2.0621E-11  5.9047E-11
  3.2791E-06  4.2811E-10  2.1115E-11  6.0462E-11
  3.3180E-06  4.3834E-10  2.1620E-11  6.1907E-11
  3.3573E-06  4.4879E-10  2.2135E-11  6.3383E-11
  3.3970E-06  4.5946E-10  2.2662E-11  6.4890E-11
  3.4371E-06  4.7036E-10  2.3199E-11  6.6429E-11
  3.4775E-06  4.8149E-10  2.3748E-11  6.8001E-11
  3.5183E-06  4.9285E-10  2.4308E-11  6.9606E-11
  3.5595E-06  5.0446E-10  2.4881E-11  7.1245E-11
  3.6010E-06  5.1631E-10  2.5465E-11  7.2918E-11
  3.6430E-06  5.2840E-10  2.6062E-11  7.4627E-11
  3.6853E-06  5.4076E-10  2.6671E-11  7.6372E-11
  3.7280E-06  5.5337E-10  2.7293E-11  7.8153E-11
  3.7712E-06  5.6625E-10  2.7929E-11  7.9972E-11
  3.8147E-06  5.7940E-10  2.8577E-11  8.1829E-11
  3.8586E-06  5.9282E-10  2.9239E-11  8.3725E-11
  3.9030E-06  6.0652E-10  2.9915E-11  8.5660E-11
  3.9477E-06  6.2051E-10  3.0605E-11  8.7636E-11
  3.9929E-06  6.3480E-10  3.1309E-11  8.9653E-11
  4.0385E-06  6.4938E-10  3.2029E-11  9.1712E-11
  4.0845E-06  6.6426E-10  3.2763E-11  9.3814E-11
  4.1310E-06  6.7945E-10  3.3512E-11  9.5960E-11
  4.1779E-06  6.9496E-10  3.4277E-11  9.8150E-11
  4.2252E-06  7.1079E-10  3.5058E-11  1.0039E-10
  4.2729E-06  7.2695E-10  3.5855E-11  1.0267E-10
  4.3211E-06  7.4344E-10  3.6668E-11  1.0500E-10
  4.3698E-06  7.6027E-10  3.7498E-11  1.0737E-10
  4.4189E-06  7.7745E-10  3.8346E-11  1.0980E-10
  4.4684E-06  7.9499E-10  3.9211E-11  1.1228E-10
  4.5184E-06  8.1288E-10  4.0093E-11  1.1480E-10
  4.5689E-06  8.3115E-10  4.0994E-11  1.1738E-10
  4.6199E-06  8.4979E-10  4.1914E-11  1.2002E-10
  4.6713E-06  8.6881E-10  4.2852E-11  1.2270E-10
  4.7232E-06  8.8823E-10  4.3809E-11  1.2545E-10
  4.7756E-06  9.0804E-10  4.4787E-11  1.2824E-10
  4.8285E-06  9.2826E-10  4.5784E-11  1.3110E-10
  4.8818E-06  9.4889E-10  4.6801E-11  1.3401E-10
  4.9357E-06  9.6994E-10  4.7840E-11  1.3699E-10
  4.9900E-06  9.9142E-10  4.8899E-11  1.4002E-10
  5.0449E-06  1.0133E-09  4.9981E-11  1.4312E-10
  5.1003E-06  1.0357E-09  5.1084E-11  1.4628E-10
  5.1562E-06  1.0585E-09  5.2210E-11  1.4950E-10
  5.2126E-06  1.0818E-09  5.3358E-11  1.5279E-10
  5.2695E-06  1.1056E-09  5.4530E-11  1.5614E-10
  5.3270E-06  1.1298E-09  5.5726E-11  1.5957E-10
  5.3850E-06  1.1546E-09  5.6946E-11  1.6306E-10
  5.4435E-06  1.1798E-09  5.8191E-11  1.6663E-10
  5.5026E-06  1.2056E-09  5.9461E-11  1.7026E-10
  5.5623E-06  1.2318E-09  6.0757E-11  1.7397E-10
  5.6224E-06  1.2586E-09  6.2079E-11  1.7776E-10
  5.6832E-06  1.2860E-09  6.3428E-11  1.8162E-10
  5.7445E-06  1.3139E-09  6.4804E-11  1.8556E-10
  5.8064E-06  1.3423E-09  6.6208E-11  1.8958E-10
  5.8689E-06  1.3714E-09  6.7640E-11  1.9368E-10
  5.9319E-06  1.4010E-09  6.9101E-11  1.9787E-10
  5.9955E-06  1.4312E-09  7.0591E-11  2.0213E-10
  6.0597E-06  1.4620E-09  7.2112E-11  2.0649E-10
  6.1246E-06  1.4935E-09  7.3662E-11  2.1093E-10
  6.1900E-06  1.5256E-09  7.5245E-11  2.1546E-10
  6.2560E-06  1.5583E-09  7.6858E-11  2.2008E-10
  6.3227E-06  1.5916E-09  7.8505E-11  2.2479E-10
  6.3899E-06  1.6257E-09  8.0184E-11  2.2960E-10
  6.4578E-06  1.6604E-09  8.1897E-11  2.3451E-10
  6.5263E-06  1.6958E-09  8.3644E-11  2.3951E-10
  6.5955E-06  1.7320E-09  8.5426E-11  2.4461E-10
  6.6653E-06  1.7688E-09  8.7243E-11  2.4982E-10
  6.7357E-06  1.8064E-09  8.9097E-11  2.5513E-10
  6.8068E-06  1.8448E-09  9.0988E-11  2.6054E-10
  6.8786E-06  1.8839E-09  9.2917E-11  2.6606E-10
  6.9510E-06  1.9237E-09  9.4884E-11  2.7170E-10
  7.0241E-06  1.9644E-09  9.6891E-11  2.7744E-10
  7.0979E-06  2.0059E-09  9.8937E-11  2.8330E-10
  7.1724E-06  2.0482E-09  1.0102E-10  2.8928E-10
  7.2476E-06  2.0914E-09  1.0315E-10  2.9537E-10
  7.3234E-06  2.1354E-09  1.0532E-10  3.0159E-10
  7.4000E-06  2.1803E-09  1.0754E-10  3.0793E-10
  7.4773E-06  2.2260E-09  1.0980E-10  3.1439E-10
  7.5553E-06  2.2727E-09  1.1210E-10  3.2099E-10
  7.6340E-06  2.3203E-09  1.1445E-10  3.2771E-10
  7.7135E-06  2.3689E-09  1.1684E-10  3.3457E-10
  7.7937E-06  2.4184E-09  1.1928E-10  3.4156E-10
  7.8746E-06  2.4689E-09  1.2177E-10  3.4869E-10
  7.9563E-06  2.5204E-09  1.2431E-10  3.5597E-10
  8.0388E-06  2.5729E-09  1.2690E-10  3.6338E-10
  8.1220E-06  2.6265E-09  1.2955E-10  3.7095E-10
  8.2060E-06  2.6811E-09  1.3224E-10  3.7866E-10
  8.2908E-06  2.7367E-09  1.3498E-10  3.8652E-10
  8.3763E-06  2.7935E-09  1.3779E-10  3.9454E-10
  8.4627E-06  2.8514E-09  1.4064E-10  4.0272E-10
  8.5499E-06  2.9105E-09  1.4355E-10  4.1106E-10
  8.6378E-06  2.9707E-09  1.4652E-10  4.1956E-10
  8.7266E-06  3.0321E-09  1.4955E-10  4.2823E-10
  8.8163E-06  3.0947E-09  1.5264E-10  4.3707E-10
  8.9067E-06  3.1585E-09  1.5579E-10  4.4609E-10
  8.9980E-06  3.2236E-09  1.5900E-10  4.5528E-10
  9.0902E-06  3.2899E-09  1.6227E-10  4.6465E-10
  9.1832E-06  3.3576E-09  1.6561E-10  4.7421E-10
  9.2770E-06  3.4266E-09  1.6901E-10  4.8395E-10
  9.3718E-06  3.4969E-09  1.7248E-10  4.9389E-10
  9.4674E-06  3.5686E-09  1.7602E-10  5.0402E-10
  9.5639E-06  3.6418E-09  1.7962E-10  5.1435E-10
  9.6613E-06  3.7163E-09  1.8330E-10  5.2488E-10
  9.7596E-06  3.7923E-09  1.8705E-10  5.3561E-10
  9.8589E-06  3.8698E-09  1.9088E-10  5.4656E-10
  9.9590E-06  3.9489E-09  1.9477E-10  5.5772E-10
  1.0060E-05  4.0294E-09  1.9875E-10  5.6910E-10
  1.0162E-05  4.1116E-09  2.0280E-10  5.8070E-10
  1.0265E-05  4.1953E-09  2.0693E-10  5.9253E-10
  1.0369E-05  4.2807E-09  2.1114E-10  6.0459E-10
  1.0474E-05  4.3677E-09  2.1543E-10  6.1688E-10
  1.0580E-05  4.4565E-09  2.1981E-10  6.2942E-10
  1.0687E-05  4.5470E-09  2.2427E-10  6.4220E-10
  1.0795E-05  4.6392E-09  2.2882E-10  6.5522E-10
  1.0903E-05  4.7332E-09  2.3346E-10  6.6851E-10
  1.1013E-05  4.8291E-09  2.3819E-10  6.8205E-10
  1.1124E-05  4.9268E-09  2.4301E-10  6.9585E-10
  1.1236E-05  5.0265E-09  2.4793E-10  7.0992E-10
  1.1349E-05  5.1280E-09  2.5294E-10  7.2427E-10
  1.1463E-05  5.2316E-09  2.5804E-10  7.3889E-10
  1.1578E-05  5.3371E-09  2.6325E-10  7.5380E-10
  1.1694E-05  5.4448E-09  2.6856E-10  7.6900E-10
  1.1811E-05  5.5545E-09  2.7397E-10  7.8450E-10
  1.1930E-05  5.6663E-09  2.7949E-10  8.0029E-10
  1.2049E-05  5.7803E-09  2.8511E-10  8.1639E-10
  1.2170E-05  5.8965E-09  2.9084E-10  8.3281E-10
  1.2291E-05  6.0150E-09  2.9668E-10  8.4954E-10
  1.2414E-05  6.1357E-09  3.0264E-10  8.6660E-10
  1.2538E-05  6.2588E-09  3.0871E-10  8.8398E-10
  1.2663E-05  6.3843E-09  3.1490E-10  9.0171E-10
  1.2789E-05  6.5122E-09  3.2121E-10  9.1978E-10
  1.2917E-05  6.6426E-09  3.2764E-10  9.3819E-10
  1.3045E-05  6.7755E-09  3.3420E-10  9.5697E-10
  1.3175E-05  6.9110E-09  3.4088E-10  9.7610E-10
  1.3306E-05  7.0491E-09  3.4770E-10  9.9561E-10
  1.3438E-05  7.1899E-09  3.5464E-10  1.0155E-09
  1.3572E-05  7.3334E-09  3.6172E-10  1.0358E-09
  1.3706E-05  7.4797E-09  3.6893E-10  1.0564E-09
  1.3842E-05  7.6288E-09  3.7629E-10  1.0775E-09
  1.3980E-05  7.7808E-09  3.8378E-10  1.0989E-09
  1.4118E-05  7.9357E-09  3.9143E-10  1.1208E-09
  1.4258E-05  8.0936E-09  3.9921E-10  1.1431E-09
  1.4399E-05  8.2545E-09  4.0715E-10  1.1659E-09
  1.4541E-05  8.4185E-09  4.1524E-10  1.1890E-09
  1.4685E-05  8.5858E-09  4.2349E-10  1.2126E-09
  1.4830E-05  8.7562E-09  4.3190E-10  1.2367E-09
  1.4976E-05  8.9299E-09  4.4047E-10  1.2613E-09
  1.5124E-05  9.1070E-09  4.4920E-10  1.2863E-09
  1.5273E-05  9.2874E-09  4.5810E-10  1.3118E-09
  1.5424E-05  9.4714E-09  4.6718E-10  1.3377E-09
  1.5576E-05  9.6588E-09  4.7642E-10  1.3642E-09
  1.5729E-05  9.8499E-09  4.8585E-10  1.3912E-09
  1.5884E-05  1.0045E-08  4.9546E-10  1.4187E-09
  1.6040E-05  1.0243E-08  5.0525E-10  1.4468E-09
  1.6198E-05  1.0446E-08  5.1523E-10  1.4753E-09
  1.6357E-05  1.0652E-08  5.2540E-10  1.5045E-09
  1.6517E-05  1.0862E-08  5.3577E-10  1.5341E-09
  1.6679E-05  1.1076E-08  5.4634E-10  1.5644E-09
  1.6843E-05  1.1294E-08  5.5711E-10  1.5952E-09
  1.7008E-05  1.1517E-08  5.6808E-10  1.6267E-09
  1.7175E-05  1.1744E-08  5.7927E-10  1.6587E-09
  1.7343E-05  1.1975E-08  5.9067E-10  1.6913E-09
  1.7513E-05  1.2210E-08  6.0229E-10  1.7246E-09
  1.7684E-05  1.2451E-08  6.1413E-10  1.7585E-09
  1.7857E-05  1.2695E-08  6.2620E-10  1.7931E-09
  1.8032E-05  1.2945E-08  6.3850E-10  1.8283E-09
  1.8208E-05  1.3199E-08  6.5104E-10  1.8642E-09
  1.8386E-05  1.3458E-08  6.6382E-10  1.9008E-09
  1.8565E-05  1.3722E-08  6.7684E-10  1.9381E-09
  1.8746E-05  1.3991E-08  6.9011E-10  1.9761E-09
  1.8929E-05  1.4265E-08  7.0364E-10  2.0148E-09
  1.9113E-05  1.4544E-08  7.1742E-10  2.0543E-09
  1.9300E-05  1.4829E-08  7.3147E-10  2.0945E-09
  1.9488E-05  1.5119E-08  7.4579E-10  2.1355E-09
  1.9677E-05  1.5415E-08  7.6038E-10  2.1773E-09
  1.9869E-05  1.5717E-08  7.7525E-10  2.2199E-09
  2.0062E-05  1.6024E-08  7.9040E-10  2.2633E-09
  2.0257E-05  1.6337E-08  8.0585E-10  2.3075E-09
  2.0454E-05  1.6656E-08  8.2159E-10  2.3526E-09
  2.0653E-05  1.6981E-08  8.3763E-10  2.3985E-09
  2.0853E-05  1.7313E-08  8.5397E-10  2.4453E-09
  2.1056E-05  1.7650E-08  8.7063E-10  2.4930E-09
  2.1260E-05  1.7994E-08  8.8761E-10  2.5416E-09
  2.1466E-05  1.8345E-08  9.0491E-10  2.5912E-09
  2.1674E-05  1.8703E-08  9.2254E-10  2.6416E-09
  2.1884E-05  1.9067E-08  9.4051E-10  2.6931E-09
  2.2096E-05  1.9438E-08  9.5882E-10  2.7455E-09
  2.2310E-05  1.9816E-08  9.7748E-10  2.7990E-09
  2.2526E-05  2.0202E-08  9.9649E-10  2.8534E-09
  2.2744E-05  2.0595E-08  1.0159E-09  2.9089E-09
  2.2964E-05  2.0995E-08  1.0356E-09  2.9654E-09
  2.3186E-05  2.1403E-08  1.0557E-09  3.0231E-09
  2.3410E-05  2.1819E-08  1.0763E-09  3.0818E-09
  2.3637E-05  2.2242E-08  1.0971E-09  3.1416E-09
  2.3865E-05  2.2674E-08  1.1184E-09  3.2026E-09
  2.4095E-05  2.3114E-08  1.1401E-09  3.2647E-09
  2.4328E-05  2.3562E-08  1.1623E-09  3.3281E-09
  2.4563E-05  2.4019E-08  1.1848E-09  3.3926E-09
  2.4800E-05  2.4484E-08  1.2078E-09  3.4584E-09
  2.5039E-05  2.4959E-08  1.2312E-09  3.5254E-09
  2.5280E-05  2.5442E-08  1.2550E-09  3.5937E-09
  2.5524E-05  2.5935E-08  1.2793E-09  3.6633E-09
  2.5769E-05  2.6437E-08  1.3041E-09  3.7342E-09
  2.6018E-05  2.6948E-08  1.3293E-09  3.8064E-09
  2.6268E-05  2.7470E-08  1.3550E-09  3.8801E-09
  2.6521E-05  2.8001E-08  1.3812E-09  3.9551E-09
  2.6776E-05  2.8542E-08  1.4079E-09  4.0316E-09
  2.7033E-05  2.9094E-08  1.4351E-09  4.1095E-09
  2.7293E-05  2.9656E-08  1.4629E-09  4.1889E-09
  2.7556E-05  3.0229E-08  1.4911E-09  4.2698E-09
  2.7820E-05  3.0812E-08  1.5199E-09  4.3522E-09
  2.8088E-05  3.1407E-08  1.5493E-09  4.4362E-09
  2.8357E-05  3.2013E-08  1.5792E-09  4.5218E-09
  2.8629E-05  3.2630E-08  1.6096E-09  4.6090E-09
  2.8904E-05  3.3260E-08  1.6407E-09  4.6979E-09
  2.9181E-05  3.3901E-08  1.6723E-09  4.7885E-09
  2.9461E-05  3.4554E-08  1.7045E-09  4.8808E-09
  2.9744E-05  3.5220E-08  1.7374E-09  4.9748E-09
  3.0029E-05  3.5898E-08  1.7708E-09  5.0707E-09
  3.0317E-05  3.6589E-08  1.8049E-09  5.1683E-09
  3.0607E-05  3.7294E-08  1.8397E-09  5.2678E-09
  3.0900E-05  3.8011E-08  1.8751E-09  5.3692E-09
  3.1196E-05  3.8743E-08  1.9112E-09  5.4725E-09
  3.1495E-05  3.9488E-08  1.9479E-09  5.5778E-09
  3.1796E-05  4.0247E-08  1.9854E-09  5.6850E-09
  3.2100E-05  4.1021E-08  2.0235E-09  5.7943E-09
  3.2407E-05  4.1809E-08  2.0624E-09  5.9057E-09
  3.2717E-05  4.2613E-08  2.1021E-09  6.0192E-09
  3.3030E-05  4.3431E-08  2.1425E-09  6.1348E-09
  3.3346E-05  4.4265E-08  2.1836E-09  6.2526E-09
  3.3664E-05  4.5115E-08  2.2255E-09  6.3727E-09
  3.3986E-05  4.5981E-08  2.2682E-09  6.4950E-09
  3.4310E-05  4.6863E-08  2.3118E-09  6.6196E-09
  3.4638E-05  4.7762E-08  2.3561E-09  6.7466E-09
  3.4969E-05  4.8678E-08  2.4013E-09  6.8761E-09
  3.5302E-05  4.9612E-08  2.4474E-09  7.0079E-09
  3.5639E-05  5.0563E-08  2.4943E-09  7.1423E-09
  3.5979E-05  5.1532E-08  2.5421E-09  7.2792E-09
  3.6322E-05  5.2519E-08  2.5908E-09  7.4187E-09
  3.6668E-05  5.3525E-08  2.6405E-09  7.5608E-09
  3.7018E-05  5.4550E-08  2.6910E-09  7.7056E-09
  3.7371E-05  5.5595E-08  2.7426E-09  7.8532E-09
  3.7727E-05  5.6659E-08  2.7951E-09  8.0035E-09
  3.8086E-05  5.7744E-08  2.8486E-09  8.1567E-09
  3.8449E-05  5.8848E-08  2.9031E-09  8.3128E-09
  3.8815E-05  5.9974E-08  2.9586E-09  8.4718E-09
  3.9184E-05  6.1121E-08  3.0152E-09  8.6339E-09
  3.9557E-05  6.2290E-08  3.0729E-09  8.7990E-09
  3.9934E-05  6.3481E-08  3.1316E-09  8.9673E-09
  4.0313E-05  6.4694E-08  3.1915E-09  9.1387E-09
  4.0697E-05  6.5931E-08  3.2525E-09  9.3133E-09
  4.1084E-05  6.7190E-08  3.3146E-09  9.4913E-09
  4.1474E-05  6.8474E-08  3.3780E-09  9.6726E-09
  4.1869E-05  6.9781E-08  3.4425E-09  9.8574E-09
  4.2266E-05  7.1114E-08  3.5082E-09  1.0046E-08
  4.2668E-05  7.2471E-08  3.5752E-09  1.0237E-08
  4.3073E-05  7.3855E-08  3.6434E-09  1.0433E-08
  4.3482E-05  7.5264E-08  3.7130E-09  1.0632E-08
  4.3895E-05  7.6700E-08  3.7838E-09  1.0835E-08
  4.4312E-05  7.8163E-08  3.8560E-09  1.1041E-08
  4.4733E-05  7.9654E-08  3.9296E-09  1.1252E-08
  4.5157E-05  8.1172E-08  4.0045E-09  1.1467E-08
  4.5586E-05  8.2720E-08  4.0808E-09  1.1685E-08
  4.6018E-05  8.4296E-08  4.1586E-09  1.1908E-08
  4.6455E-05  8.5903E-08  4.2379E-09  1.2135E-08
  4.6895E-05  8.7540E-08  4.3187E-09  1.2366E-08
  4.7340E-05  8.9207E-08  4.4009E-09  1.2602E-08
  4.7788E-05  9.0906E-08  4.4848E-09  1.2842E-08
  4.8241E-05  9.2638E-08  4.5702E-09  1.3086E-08
  4.8698E-05  9.4401E-08  4.6572E-09  1.3336E-08
  4.9160E-05  9.6198E-08  4.7459E-09  1.3590E-08
  4.9626E-05  9.8029E-08  4.8362E-09  1.3848E-08
  5.0096E-05  9.9895E-08  4.9283E-09  1.4112E-08
  5.0570E-05  1.0180E-07  5.0221E-09  1.4380E-08
  5.1049E-05  1.0373E-07  5.1176E-09  1.4654E-08
  5.1532E-05  1.0570E-07  5.2150E-09  1.4933E-08
  5.2020E-05  1.0772E-07  5.3141E-09  1.5217E-08
  5.2512E-05  1.0976E-07  5.4152E-09  1.5506E-08
  5.3009E-05  1.1185E-07  5.5182E-09  1.5801E-08
  5.3510E-05  1.1398E-07  5.6231E-09  1.6101E-08
  5.4017E-05  1.1614E-07  5.7299E-09  1.6407E-08
  5.4527E-05  1.1835E-07  5.8388E-09  1.6719E-08
  5.5043E-05  1.2060E-07  5.9498E-09  1.7037E-08
  5.5564E-05  1.2289E-07  6.0628E-09  1.7361E-08
  5.6089E-05  1.2522E-07  6.1780E-09  1.7690E-08
  5.6619E-05  1.2760E-07  6.2953E-09  1.8026E-08
  5.7154E-05  1.3002E-07  6.4149E-09  1.8369E-08
  5.7694E-05  1.3249E-07  6.5367E-09  1.8717E-08
  5.8239E-05  1.3501E-07  6.6608E-09  1.9073E-08
  5.8789E-05  1.3757E-07  6.7872E-09  1.9435E-08
  5.9344E-05  1.4018E-07  6.9160E-09  1.9804E-08
  5.9905E-05  1.4284E-07  7.0473E-09  2.0179E-08
  6.0471E-05  1.4555E-07  7.1810E-09  2.0562E-08
  6.1041E-05  1.4831E-07  7.3172E-09  2.0952E-08
  6.1618E-05  1.5112E-07  7.4560E-09  2.1350E-08
  6.2199E-05  1.5399E-07  7.5974E-09  2.1755E-08
  6.2786E-05  1.5691E-07  7.7415E-09  2.2167E-08
  6.3379E-05  1.5988E-07  7.8882E-09  2.2588E-08
  6.3977E-05  1.6291E-07  8.0378E-09  2.3016E-08
  6.4580E-05  1.6600E-07  8.1901E-09  2.3452E-08
  6.5189E-05  1.6914E-07  8.3454E-09  2.3897E-08
  6.5804E-05  1.7235E-07  8.5035E-09  2.4349E-08
  6.6424E-05  1.7561E-07  8.6646E-09  2.4811E-08
  6.7051E-05  1.7894E-07  8.8288E-09  2.5281E-08
  6.7683E-05  1.8233E-07  8.9960E-09  2.5760E-08
  6.8321E-05  1.8578E-07  9.1664E-09  2.6248E-08
  6.8965E-05  1.8930E-07  9.3400E-09  2.6745E-08
  6.9615E-05  1.9288E-07  9.5169E-09  2.7251E-08
  7.0270E-05  1.9654E-07  9.6971E-09  2.7767E-08
  7.0933E-05  2.0026E-07  9.8807E-09  2.8293E-08
  7.1601E-05  2.0405E-07  1.0068E-08  2.8828E-08
  7.2275E-05  2.0791E-07  1.0258E-08  2.9374E-08
  7.2956E-05  2.1184E-07  1.0452E-08  2.9930E-08
  7.3643E-05  2.1585E-07  1.0650E-08  3.0496E-08
  7.4336E-05  2.1993E-07  1.0852E-08  3.1073E-08
  7.5036E-05  2.2409E-07  1.1057E-08  3.1661E-08
  7.5742E-05  2.2833E-07  1.1266E-08  3.2260E-08
  7.6455E-05  2.3265E-07  1.1479E-08  3.2870E-08
  7.7175E-05  2.3705E-07  1.1696E-08  3.3492E-08
  7.7901E-05  2.4153E-07  1.1917E-08  3.4125E-08
  7.8634E-05  2.4609E-07  1.2143E-08  3.4770E-08
  7.9374E-05  2.5074E-07  1.2372E-08  3.5428E-08
  8.0121E-05  2.5548E-07  1.2606E-08  3.6097E-08
  8.0874E-05  2.6031E-07  1.2845E-08  3.6780E-08
  8.1635E-05  2.6523E-07  1.3087E-08  3.7475E-08
  8.2403E-05  2.7024E-07  1.3335E-08  3.8183E-08
  8.3178E-05  2.7535E-07  1.3587E-08  3.8904E-08
  8.3960E-05  2.8055E-07  1.3843E-08  3.9639E-08
  8.4749E-05  2.8585E-07  1.4105E-08  4.0388E-08
  8.5546E-05  2.9124E-07  1.4371E-08  4.1151E-08
  8.6350E-05  2.9674E-07  1.4643E-08  4.1928E-08
  8.7162E-05  3.0235E-07  1.4919E-08  4.2720E-08
  8.7981E-05  3.0805E-07  1.5201E-08  4.3527E-08
  8.8807E-05  3.1387E-07  1.5488E-08  4.4349E-08
  8.9642E-05  3.1979E-07  1.5780E-08  4.5186E-08
  9.0484E-05  3.2583E-07  1.6078E-08  4.6039E-08
  9.1334E-05  3.3198E-07  1.6382E-08  4.6908E-08
  9.2192E-05  3.3824E-07  1.6691E-08  4.7794E-08
  9.3058E-05  3.4463E-07  1.7006E-08  4.8696E-08
  9.3932E-05  3.5113E-07  1.7327E-08  4.9615E-08
  9.4814E-05  3.5775E-07  1.7654E-08  5.0551E-08
  9.5705E-05  3.6450E-07  1.7987E-08  5.1505E-08
  9.6603E-05  3.7138E-07  1.8326E-08  5.2477E-08
  9.7510E-05  3.7838E-07  1.8672E-08  5.3467E-08
  9.8425E-05  3.8552E-07  1.9024E-08  5.4475E-08
  9.9349E-05  3.9279E-07  1.9383E-08  5.5503E-08
  1.0028E-04  4.0019E-07  1.9749E-08  5.6550E-08
  1.0122E-04  4.0774E-07  2.0121E-08  5.7616E-08
  1.0217E-04  4.1542E-07  2.0501E-08  5.8702E-08
  1.0313E-04  4.2325E-07  2.0887E-08  5.9809E-08
  1.0410E-04  4.3123E-07  2.1281E-08  6.0937E-08
  1.0508E-04  4.3936E-07  2.1682E-08  6.2086E-08
  1.0606E-04  4.4764E-07  2.2091E-08  6.3256E-08
  1.0706E-04  4.5607E-07  2.2507E-08  6.4449E-08
  1.0806E-04  4.6467E-07  2.2932E-08  6.5663E-08
  1.0907E-04  4.7342E-07  2.3364E-08  6.6901E-08
  1.1010E-04  4.8234E-07  2.3804E-08  6.8161E-08
  1.1113E-04  4.9143E-07  2.4253E-08  6.9446E-08
  1.1217E-04  5.0068E-07  2.4710E-08  7.0754E-08
  1.1322E-04  5.1012E-07  2.5175E-08  7.2087E-08
  1.1429E-04  5.1972E-07  2.5649E-08  7.3446E-08
  1.1536E-04  5.2951E-07  2.6133E-08  7.4829E-08
  1.1644E-04  5.3948E-07  2.6625E-08  7.6239E-08
  1.1753E-04  5.4964E-07  2.7126E-08  7.7675E-08
  1.1863E-04  5.5999E-07  2.7637E-08  7.9137E-08
  1.1974E-04  5.7053E-07  2.8158E-08  8.0628E-08
  1.2087E-04  5.8127E-07  2.8688E-08  8.2146E-08
  1.2200E-04  5.9221E-07  2.9228E-08  8.3693E-08
  1.2314E-04  6.0336E-07  2.9778E-08  8.5269E-08
  1.2429E-04  6.1471E-07  3.0339E-08  8.6874E-08
  1.2546E-04  6.2628E-07  3.0910E-08  8.8510E-08
  1.2663E-04  6.3807E-07  3.1492E-08  9.0176E-08
  1.2782E-04  6.5007E-07  3.2085E-08  9.1873E-08
  1.2902E-04  6.6230E-07  3.2689E-08  9.3602E-08
  1.3023E-04  6.7476E-07  3.3304E-08  9.5364E-08
  1.3145E-04  6.8746E-07  3.3931E-08  9.7159E-08
  1.3268E-04  7.0039E-07  3.4569E-08  9.8987E-08
  1.3392E-04  7.1357E-07  3.5220E-08  1.0085E-07
  1.3517E-04  7.2699E-07  3.5882E-08  1.0275E-07
  1.3644E-04  7.4066E-07  3.6558E-08  1.0468E-07
  1.3772E-04  7.5459E-07  3.7245E-08  1.0665E-07
  1.3901E-04  7.6878E-07  3.7946E-08  1.0866E-07
  1.4031E-04  7.8324E-07  3.8660E-08  1.1070E-07
  1.4162E-04  7.9796E-07  3.9387E-08  1.1278E-07
  1.4295E-04  8.1296E-07  4.0128E-08  1.1490E-07
  1.4428E-04  8.2825E-07  4.0883E-08  1.1706E-07
  1.4564E-04  8.4382E-07  4.1651E-08  1.1927E-07
  1.4700E-04  8.5968E-07  4.2435E-08  1.2151E-07
  1.4837E-04  8.7584E-07  4.3233E-08  1.2379E-07
  1.4976E-04  8.9230E-07  4.4046E-08  1.2612E-07
  1.5116E-04  9.0907E-07  4.4874E-08  1.2849E-07
  1.5258E-04  9.2616E-07  4.5717E-08  1.3091E-07
  1.5401E-04  9.4356E-07  4.6577E-08  1.3337E-07
  1.5545E-04  9.6129E-07  4.7453E-08  1.3588E-07
  1.5690E-04  9.7936E-07  4.8345E-08  1.3843E-07
  1.5837E-04  9.9776E-07  4.9253E-08  1.4103E-07
  1.5985E-04  1.0165E-06  5.0179E-08  1.4369E-07
  1.6135E-04  1.0356E-06  5.1122E-08  1.4639E-07
  1.6285E-04  1.0551E-06  5.2083E-08  1.4914E-07
  1.6438E-04  1.0749E-06  5.3062E-08  1.5194E-07
  1.6592E-04  1.0951E-06  5.4059E-08  1.5479E-07
  1.6747E-04  1.1156E-06  5.5075E-08  1.5770E-07
  1.6903E-04  1.1366E-06  5.6110E-08  1.6067E-07
  1.7061E-04  1.1579E-06  5.7164E-08  1.6369E-07
  1.7221E-04  1.1797E-06  5.8238E-08  1.6676E-07
  1.7382E-04  1.2018E-06  5.9332E-08  1.6989E-07
  1.7544E-04  1.2244E-06  6.0447E-08  1.7309E-07
  1.7708E-04  1.2474E-06  6.1582E-08  1.7634E-07
  1.7874E-04  1.2708E-06  6.2739E-08  1.7965E-07
  1.8041E-04  1.2947E-06  6.3918E-08  1.8302E-07
  1.8210E-04  1.3190E-06  6.5118E-08  1.8646E-07
  1.8380E-04  1.3437E-06  6.6341E-08  1.8996E-07
  1.8552E-04  1.3690E-06  6.7587E-08  1.9353E-07
  1.8725E-04  1.3947E-06  6.8857E-08  1.9717E-07
  1.8900E-04  1.4208E-06  7.0150E-08  2.0087E-07
  1.9077E-04  1.4475E-06  7.1467E-08  2.0464E-07
  1.9255E-04  1.4747E-06  7.2809E-08  2.0848E-07
  1.9435E-04  1.5023E-06  7.4176E-08  2.1240E-07
  1.9617E-04  1.5305E-06  7.5569E-08  2.1639E-07
  1.9800E-04  1.5593E-06  7.6988E-08  2.2045E-07
  1.9985E-04  1.5885E-06  7.8433E-08  2.2459E-07
  2.0172E-04  1.6183E-06  7.9906E-08  2.2881E-07
  2.0360E-04  1.6487E-06  8.1406E-08  2.3310E-07
  2.0550E-04  1.6796E-06  8.2934E-08  2.3748E-07
  2.0742E-04  1.7111E-06  8.4491E-08  2.4193E-07
  2.0936E-04  1.7432E-06  8.6077E-08  2.4648E-07
  2.1132E-04  1.7759E-06  8.7692E-08  2.5110E-07
  2.1329E-04  1.8092E-06  8.9338E-08  2.5582E-07
  2.1528E-04  1.8432E-06  9.1015E-08  2.6062E-07
  2.1729E-04  1.8777E-06  9.2723E-08  2.6551E-07
  2.1932E-04  1.9130E-06  9.4463E-08  2.7049E-07
  2.2137E-04  1.9488E-06  9.6236E-08  2.7557E-07
  2.2344E-04  1.9854E-06  9.8042E-08  2.8074E-07
  2.2553E-04  2.0226E-06  9.9882E-08  2.8601E-07
  2.2763E-04  2.0606E-06  1.0176E-07  2.9137E-07
  2.2976E-04  2.0992E-06  1.0367E-07  2.9684E-07
  2.3190E-04  2.1386E-06  1.0561E-07  3.0241E-07
  2.3407E-04  2.1787E-06  1.0759E-07  3.0808E-07
  2.3625E-04  2.2195E-06  1.0961E-07  3.1386E-07
  2.3846E-04  2.2611E-06  1.1167E-07  3.1975E-07
  2.4069E-04  2.3035E-06  1.1376E-07  3.2575E-07
  2.4293E-04  2.3467E-06  1.1590E-07  3.3186E-07
  2.4520E-04  2.3907E-06  1.1807E-07  3.3809E-07
  2.4749E-04  2.4355E-06  1.2028E-07  3.4443E-07
  2.4980E-04  2.4811E-06  1.2254E-07  3.5089E-07
  2.5213E-04  2.5276E-06  1.2484E-07  3.5747E-07
  2.5449E-04  2.5750E-06  1.2718E-07  3.6417E-07
  2.5686E-04  2.6233E-06  1.2957E-07  3.7100E-07
  2.5926E-04  2.6724E-06  1.3200E-07  3.7796E-07
  2.6168E-04  2.7225E-06  1.3447E-07  3.8505E-07
  2.6412E-04  2.7736E-06  1.3699E-07  3.9227E-07
  2.6659E-04  2.8255E-06  1.3956E-07  3.9963E-07
  2.6907E-04  2.8785E-06  1.4218E-07  4.0712E-07
  2.7158E-04  2.9324E-06  1.4485E-07  4.1476E-07
  2.7412E-04  2.9874E-06  1.4756E-07  4.2253E-07
  2.7668E-04  3.0433E-06  1.5033E-07  4.3046E-07
  2.7926E-04  3.1003E-06  1.5315E-07  4.3853E-07
  2.8186E-04  3.1584E-06  1.5602E-07  4.4675E-07
  2.8449E-04  3.2176E-06  1.5894E-07  4.5513E-07
  2.8715E-04  3.2779E-06  1.6192E-07  4.6366E-07
  2.8983E-04  3.3393E-06  1.6496E-07  4.7235E-07
  2.9253E-04  3.4018E-06  1.6805E-07  4.8121E-07
  2.9526E-04  3.4656E-06  1.7120E-07  4.9023E-07
  2.9802E-04  3.5305E-06  1.7441E-07  4.9942E-07
  3.0080E-04  3.5966E-06  1.7768E-07  5.0878E-07
  3.0360E-04  3.6640E-06  1.8101E-07  5.1832E-07
  3.0644E-04  3.7326E-06  1.8441E-07  5.2803E-07
  3.0929E-04  3.8025E-06  1.8786E-07  5.3793E-07
  3.1218E-04  3.8737E-06  1.9138E-07  5.4801E-07
  3.1509E-04  3.9462E-06  1.9497E-07  5.5829E-07
  3.1803E-04  4.0201E-06  1.9862E-07  5.6875E-07
  3.2100E-04  4.0954E-06  2.0235E-07  5.7941E-07
  3.2399E-04  4.1721E-06  2.0614E-07  5.9027E-07
  3.2701E-04  4.2502E-06  2.1000E-07  6.0133E-07
  3.3006E-04  4.3298E-06  2.1394E-07  6.1260E-07
  3.3314E-04  4.4109E-06  2.1795E-07  6.2408E-07
  3.3625E-04  4.4934E-06  2.2203E-07  6.3578E-07
  3.3938E-04  4.5776E-06  2.2619E-07  6.4769E-07
  3.4255E-04  4.6633E-06  2.3043E-07  6.5983E-07
  3.4574E-04  4.7506E-06  2.3475E-07  6.7219E-07
  3.4897E-04  4.8395E-06  2.3915E-07  6.8479E-07
  3.5222E-04  4.9301E-06  2.4363E-07  6.9762E-07
  3.5551E-04  5.0224E-06  2.4819E-07  7.1069E-07
  3.5882E-04  5.1164E-06  2.5284E-07  7.2400E-07
  3.6217E-04  5.2121E-06  2.5758E-07  7.3757E-07
  3.6554E-04  5.3097E-06  2.6241E-07  7.5139E-07
  3.6895E-04  5.4091E-06  2.6732E-07  7.6546E-07
  3.7239E-04  5.5103E-06  2.7233E-07  7.7981E-07
  3.7586E-04  5.6134E-06  2.7743E-07  7.9441E-07
  3.7937E-04  5.7185E-06  2.8263E-07  8.0930E-07
  3.8291E-04  5.8255E-06  2.8793E-07  8.2446E-07
  3.8648E-04  5.9345E-06  2.9332E-07  8.3990E-07
  3.9008E-04  6.0456E-06  2.9881E-07  8.5564E-07
  3.9372E-04  6.1587E-06  3.0441E-07  8.7166E-07
  3.9739E-04  6.2739E-06  3.1011E-07  8.8799E-07
  4.0109E-04  6.3913E-06  3.1592E-07  9.0463E-07
  4.0483E-04  6.5109E-06  3.2184E-07  9.2157E-07
  4.0860E-04  6.6327E-06  3.2787E-07  9.3883E-07
  4.1241E-04  6.7568E-06  3.3401E-07  9.5642E-07
  4.1626E-04  6.8832E-06  3.4026E-07  9.7433E-07
  4.2014E-04  7.0120E-06  3.4664E-07  9.9258E-07
  4.2405E-04  7.1432E-06  3.5313E-07  1.0112E-06
  4.2801E-04  7.2768E-06  3.5974E-07  1.0301E-06
  4.3199E-04  7.4129E-06  3.6648E-07  1.0494E-06
  4.3602E-04  7.5516E-06  3.7334E-07  1.0691E-06
  4.4008E-04  7.6928E-06  3.8034E-07  1.0891E-06
  4.4419E-04  7.8367E-06  3.8746E-07  1.1095E-06
  4.4833E-04  7.9833E-06  3.9471E-07  1.1302E-06
  4.5250E-04  8.1326E-06  4.0211E-07  1.1514E-06
  4.5672E-04  8.2847E-06  4.0964E-07  1.1730E-06
  4.6098E-04  8.4396E-06  4.1731E-07  1.1949E-06
  4.6527E-04  8.5975E-06  4.2512E-07  1.2173E-06
  4.6961E-04  8.7582E-06  4.3308E-07  1.2401E-06
  4.7399E-04  8.9220E-06  4.4119E-07  1.2633E-06
  4.7840E-04  9.0889E-06  4.4945E-07  1.2870E-06
  4.8286E-04  9.2588E-06  4.5787E-07  1.3111E-06
  4.8736E-04  9.4319E-06  4.6644E-07  1.3356E-06
  4.9190E-04  9.6083E-06  4.7517E-07  1.3606E-06
  4.9649E-04  9.7879E-06  4.8407E-07  1.3861E-06
  5.0111E-04  9.9710E-06  4.9313E-07  1.4121E-06
  5.0578E-04  1.0157E-05  5.0237E-07  1.4385E-06
  5.1049E-04  1.0347E-05  5.1177E-07  1.4654E-06
  5.1525E-04  1.0541E-05  5.2135E-07  1.4929E-06
  5.2005E-04  1.0738E-05  5.3111E-07  1.5208E-06
  5.2490E-04  1.0939E-05  5.4106E-07  1.5493E-06
  5.2979E-04  1.1143E-05  5.5119E-07  1.5783E-06
  5.3472E-04  1.1351E-05  5.6151E-07  1.6078E-06
  5.3971E-04  1.1563E-05  5.7202E-07  1.6379E-06
  5.4473E-04  1.1780E-05  5.8273E-07  1.6686E-06
  5.4981E-04  1.2000E-05  5.9363E-07  1.6998E-06
  5.5493E-04  1.2224E-05  6.0475E-07  1.7317E-06
  5.6010E-04  1.2453E-05  6.1607E-07  1.7641E-06
  5.6532E-04  1.2685E-05  6.2760E-07  1.7971E-06
  5.7059E-04  1.2922E-05  6.3935E-07  1.8307E-06
  5.7590E-04  1.3164E-05  6.5131E-07  1.8650E-06
  5.8127E-04  1.3410E-05  6.6351E-07  1.8999E-06
  5.8668E-04  1.3660E-05  6.7593E-07  1.9355E-06
  5.9215E-04  1.3916E-05  6.8858E-07  1.9717E-06
  5.9766E-04  1.4176E-05  7.0146E-07  2.0086E-06
  6.0323E-04  1.4441E-05  7.1459E-07  2.0462E-06
  6.0885E-04  1.4710E-05  7.2797E-07  2.0845E-06
  6.1452E-04  1.4985E-05  7.4159E-07  2.1235E-06
  6.2024E-04  1.5265E-05  7.5547E-07  2.1633E-06
  6.2602E-04  1.5551E-05  7.6961E-07  2.2037E-06
  6.3185E-04  1.5841E-05  7.8402E-07  2.2450E-06
  6.3774E-04  1.6137E-05  7.9869E-07  2.2870E-06
  6.4368E-04  1.6439E-05  8.1364E-07  2.3298E-06
  6.4967E-04  1.6746E-05  8.2887E-07  2.3734E-06
  6.5572E-04  1.7058E-05  8.4438E-07  2.4178E-06
  6.6183E-04  1.7377E-05  8.6018E-07  2.4631E-06
  6.6799E-04  1.7702E-05  8.7628E-07  2.5092E-06
  6.7422E-04  1.8032E-05  8.9268E-07  2.5561E-06
  6.8050E-04  1.8369E-05  9.0938E-07  2.6040E-06
  6.8683E-04  1.8712E-05  9.2640E-07  2.6527E-06
  6.9323E-04  1.9062E-05  9.4374E-07  2.7023E-06
  6.9969E-04  1.9418E-05  9.6140E-07  2.7529E-06
  7.0620E-04  1.9780E-05  9.7939E-07  2.8044E-06
  7.1278E-04  2.0150E-05  9.9771E-07  2.8569E-06
  7.1942E-04  2.0526E-05  1.0164E-06  2.9104E-06
  7.2612E-04  2.0909E-05  1.0354E-06  2.9648E-06
  7.3288E-04  2.1300E-05  1.0548E-06  3.0203E-06
  7.3970E-04  2.1698E-05  1.0745E-06  3.0768E-06
  7.4659E-04  2.2103E-05  1.0946E-06  3.1344E-06
  7.5355E-04  2.2516E-05  1.1151E-06  3.1930E-06
  7.6056E-04  2.2936E-05  1.1360E-06  3.2528E-06
  7.6764E-04  2.3364E-05  1.1572E-06  3.3136E-06
  7.7479E-04  2.3800E-05  1.1789E-06  3.3756E-06
  7.8201E-04  2.4245E-05  1.2009E-06  3.4388E-06
  7.8929E-04  2.4697E-05  1.2234E-06  3.5031E-06
  7.9664E-04  2.5158E-05  1.2463E-06  3.5687E-06
  8.0406E-04  2.5628E-05  1.2696E-06  3.6354E-06
  8.1154E-04  2.6107E-05  1.2934E-06  3.7035E-06
  8.1910E-04  2.6594E-05  1.3176E-06  3.7728E-06
  8.2673E-04  2.7090E-05  1.3422E-06  3.8433E-06
  8.3443E-04  2.7596E-05  1.3673E-06  3.9152E-06
  8.4220E-04  2.8111E-05  1.3929E-06  3.9885E-06
  8.5004E-04  2.8636E-05  1.4190E-06  4.0631E-06
  8.5795E-04  2.9170E-05  1.4455E-06  4.1391E-06
  8.6594E-04  2.9715E-05  1.4726E-06  4.2166E-06
  8.7400E-04  3.0269E-05  1.5001E-06  4.2954E-06
  8.8214E-04  3.0834E-05  1.5282E-06  4.3758E-06
  8.9035E-04  3.1410E-05  1.5568E-06  4.4577E-06
  8.9864E-04  3.1996E-05  1.5859E-06  4.5411E-06
  9.0701E-04  3.2593E-05  1.6155E-06  4.6260E-06
  9.1545E-04  3.3201E-05  1.6458E-06  4.7126E-06
  9.2398E-04  3.3820E-05  1.6766E-06  4.8007E-06
  9.3258E-04  3.4451E-05  1.7079E-06  4.8905E-06
  9.4126E-04  3.5094E-05  1.7399E-06  4.9820E-06
  9.5002E-04  3.5749E-05  1.7724E-06  5.0752E-06
  9.5887E-04  3.6416E-05  1.8056E-06  5.1701E-06
  9.6780E-04  3.7095E-05  1.8393E-06  5.2669E-06
  9.7681E-04  3.7787E-05  1.8738E-06  5.3654E-06
  9.8590E-04  3.8492E-05  1.9088E-06  5.4657E-06
  9.9508E-04  3.9210E-05  1.9445E-06  5.5680E-06
  1.0043E-03  3.9942E-05  1.9809E-06  5.6721E-06
  1.0137E-03  4.0687E-05  2.0179E-06  5.7782E-06
  1.0231E-03  4.1446E-05  2.0557E-06  5.8863E-06
  1.0327E-03  4.2219E-05  2.0941E-06  5.9964E-06
  1.0423E-03  4.3006E-05  2.1333E-06  6.1086E-06
  1.0520E-03  4.3808E-05  2.1732E-06  6.2228E-06
  1.0618E-03  4.4625E-05  2.2139E-06  6.3392E-06
  1.0716E-03  4.5458E-05  2.2553E-06  6.4578E-06
  1.0816E-03  4.6305E-05  2.2974E-06  6.5786E-06
  1.0917E-03  4.7169E-05  2.3404E-06  6.7016E-06
  1.1019E-03  4.8048E-05  2.3842E-06  6.8270E-06
  1.1121E-03  4.8944E-05  2.4288E-06  6.9547E-06
  1.1225E-03  4.9857E-05  2.4742E-06  7.0848E-06
  1.1329E-03  5.0787E-05  2.5205E-06  7.2173E-06
  1.1435E-03  5.1733E-05  2.5676E-06  7.3523E-06
  1.1541E-03  5.2698E-05  2.6157E-06  7.4898E-06
  1.1648E-03  5.3680E-05  2.6646E-06  7.6299E-06
  1.1757E-03  5.4681E-05  2.7144E-06  7.7726E-06
  1.1866E-03  5.5700E-05  2.7652E-06  7.9179E-06
  1.1977E-03  5.6739E-05  2.8169E-06  8.0660E-06
  1.2088E-03  5.7796E-05  2.8696E-06  8.2169E-06
  1.2201E-03  5.8874E-05  2.9233E-06  8.3706E-06
  1.2314E-03  5.9971E-05  2.9779E-06  8.5271E-06
  1.2429E-03  6.1089E-05  3.0336E-06  8.6866E-06
  1.2545E-03  6.2227E-05  3.0904E-06  8.8490E-06
  1.2661E-03  6.3387E-05  3.1481E-06  9.0145E-06
  1.2779E-03  6.4568E-05  3.2070E-06  9.1831E-06
  1.2898E-03  6.5772E-05  3.2670E-06  9.3549E-06
  1.3018E-03  6.6997E-05  3.3281E-06  9.5298E-06
  1.3139E-03  6.8246E-05  3.3903E-06  9.7080E-06
  1.3262E-03  6.9517E-05  3.4537E-06  9.8896E-06
  1.3385E-03  7.0813E-05  3.5183E-06  1.0075E-05
  1.3510E-03  7.2132E-05  3.5841E-06  1.0263E-05
  1.3635E-03  7.3476E-05  3.6512E-06  1.0455E-05
  1.3762E-03  7.4845E-05  3.7194E-06  1.0650E-05
  1.3890E-03  7.6239E-05  3.7890E-06  1.0850E-05
  1.4020E-03  7.7659E-05  3.8599E-06  1.1052E-05
  1.4150E-03  7.9106E-05  3.9320E-06  1.1259E-05
  1.4282E-03  8.0579E-05  4.0056E-06  1.1470E-05
  1.4415E-03  8.2080E-05  4.0805E-06  1.1684E-05
  1.4549E-03  8.3609E-05  4.1568E-06  1.1903E-05
  1.4684E-03  8.5166E-05  4.2345E-06  1.2125E-05
  1.4821E-03  8.6752E-05  4.3137E-06  1.2352E-05
  1.4959E-03  8.8368E-05  4.3944E-06  1.2583E-05
  1.5098E-03  9.0013E-05  4.4765E-06  1.2818E-05
  1.5239E-03  9.1689E-05  4.5602E-06  1.3058E-05
  1.5380E-03  9.3397E-05  4.6455E-06  1.3302E-05
  1.5524E-03  9.5136E-05  4.7324E-06  1.3551E-05
  1.5668E-03  9.6907E-05  4.8209E-06  1.3804E-05
  1.5814E-03  9.8711E-05  4.9110E-06  1.4062E-05
  1.5961E-03  1.0055E-04  5.0029E-06  1.4325E-05
  1.6110E-03  1.0242E-04  5.0964E-06  1.4593E-05
  1.6260E-03  1.0433E-04  5.1917E-06  1.4866E-05
  1.6411E-03  1.0627E-04  5.2888E-06  1.5144E-05
  1.6564E-03  1.0825E-04  5.3877E-06  1.5427E-05
  1.6718E-03  1.1026E-04  5.4884E-06  1.5716E-05
  1.6873E-03  1.1231E-04  5.5910E-06  1.6010E-05
  1.7030E-03  1.1440E-04  5.6956E-06  1.6309E-05
  1.7189E-03  1.1653E-04  5.8021E-06  1.6614E-05
  1.7349E-03  1.1870E-04  5.9106E-06  1.6925E-05
  1.7510E-03  1.2091E-04  6.0211E-06  1.7241E-05
  1.7673E-03  1.2316E-04  6.1337E-06  1.7563E-05
  1.7838E-03  1.2545E-04  6.2484E-06  1.7892E-05
  1.8004E-03  1.2779E-04  6.3652E-06  1.8226E-05
  1.8171E-03  1.3016E-04  6.4842E-06  1.8567E-05
  1.8340E-03  1.3259E-04  6.6055E-06  1.8914E-05
  1.8511E-03  1.3505E-04  6.7290E-06  1.9268E-05
  1.8683E-03  1.3756E-04  6.8548E-06  1.9628E-05
  1.8857E-03  1.4012E-04  6.9829E-06  1.9995E-05
  1.9032E-03  1.4273E-04  7.1135E-06  2.0369E-05
  1.9210E-03  1.4538E-04  7.2465E-06  2.0750E-05
  1.9388E-03  1.4809E-04  7.3820E-06  2.1138E-05
  1.9569E-03  1.5084E-04  7.5200E-06  2.1533E-05
  1.9751E-03  1.5365E-04  7.6606E-06  2.1936E-05
  1.9935E-03  1.5650E-04  7.8039E-06  2.2346E-05
  2.0120E-03  1.5941E-04  7.9498E-06  2.2764E-05
  2.0307E-03  1.6238E-04  8.0984E-06  2.3189E-05
  2.0496E-03  1.6540E-04  8.2498E-06  2.3623E-05
  2.0687E-03  1.6847E-04  8.4041E-06  2.4064E-05
  2.0880E-03  1.7160E-04  8.5612E-06  2.4514E-05
  2.1074E-03  1.7479E-04  8.7213E-06  2.4973E-05
  2.1270E-03  1.7804E-04  8.8843E-06  2.5440E-05
  2.1468E-03  1.8135E-04  9.0504E-06  2.5915E-05
  2.1668E-03  1.8472E-04  9.2196E-06  2.6400E-05
  2.1869E-03  1.8815E-04  9.3920E-06  2.6893E-05
  2.2073E-03  1.9165E-04  9.5676E-06  2.7396E-05
  2.2278E-03  1.9521E-04  9.7465E-06  2.7908E-05
  2.2485E-03  1.9884E-04  9.9287E-06  2.8430E-05
  2.2695E-03  2.0253E-04  1.0114E-05  2.8962E-05
  2.2906E-03  2.0629E-04  1.0303E-05  2.9503E-05
  2.3119E-03  2.1013E-04  1.0496E-05  3.0055E-05
  2.3334E-03  2.1403E-04  1.0692E-05  3.0617E-05
  2.3551E-03  2.1800E-04  1.0892E-05  3.1189E-05
  2.3770E-03  2.2205E-04  1.1096E-05  3.1772E-05
  2.3991E-03  2.2618E-04  1.1303E-05  3.2366E-05
  2.4215E-03  2.3038E-04  1.1515E-05  3.2971E-05
  2.4440E-03  2.3466E-04  1.1730E-05  3.3588E-05
  2.4667E-03  2.3901E-04  1.1949E-05  3.4216E-05
  2.4897E-03  2.4345E-04  1.2173E-05  3.4855E-05
  2.5128E-03  2.4797E-04  1.2400E-05  3.5507E-05
  2.5362E-03  2.5257E-04  1.2632E-05  3.6171E-05
  2.5598E-03  2.5726E-04  1.2868E-05  3.6847E-05
  2.5836E-03  2.6204E-04  1.3109E-05  3.7536E-05
  2.6077E-03  2.6690E-04  1.3354E-05  3.8237E-05
  2.6319E-03  2.7186E-04  1.3603E-05  3.8952E-05
  2.6564E-03  2.7690E-04  1.3858E-05  3.9680E-05
  2.6811E-03  2.8204E-04  1.4117E-05  4.0422E-05
  2.7061E-03  2.8727E-04  1.4381E-05  4.1178E-05
  2.7313E-03  2.9260E-04  1.4649E-05  4.1948E-05
  2.7567E-03  2.9803E-04  1.4923E-05  4.2732E-05
  2.7823E-03  3.0356E-04  1.5202E-05  4.3531E-05
  2.8082E-03  3.0919E-04  1.5487E-05  4.4345E-05
  2.8343E-03  3.1493E-04  1.5776E-05  4.5174E-05
  2.8607E-03  3.2077E-04  1.6071E-05  4.6018E-05
  2.8873E-03  3.2672E-04  1.6371E-05  4.6878E-05
  2.9142E-03  3.3277E-04  1.6677E-05  4.7755E-05
  2.9413E-03  3.3894E-04  1.6989E-05  4.8647E-05
  2.9687E-03  3.4523E-04  1.7307E-05  4.9557E-05
  2.9963E-03  3.5163E-04  1.7630E-05  5.0483E-05
  3.0242E-03  3.5815E-04  1.7960E-05  5.1427E-05
  3.0523E-03  3.6479E-04  1.8296E-05  5.2388E-05
  3.0807E-03  3.7155E-04  1.8638E-05  5.3368E-05
  3.1094E-03  3.7843E-04  1.8986E-05  5.4365E-05
  3.1383E-03  3.8545E-04  1.9341E-05  5.5382E-05
  3.1675E-03  3.9259E-04  1.9703E-05  5.6417E-05
  3.1970E-03  3.9987E-04  2.0071E-05  5.7471E-05
  3.2267E-03  4.0727E-04  2.0446E-05  5.8546E-05
  3.2567E-03  4.1482E-04  2.0828E-05  5.9640E-05
  3.2870E-03  4.2250E-04  2.1218E-05  6.0755E-05
  3.3176E-03  4.3033E-04  2.1614E-05  6.1891E-05
  3.3485E-03  4.3830E-04  2.2018E-05  6.3048E-05
  3.3796E-03  4.4642E-04  2.2430E-05  6.4226E-05
  3.4111E-03  4.5468E-04  2.2849E-05  6.5427E-05
  3.4428E-03  4.6310E-04  2.3276E-05  6.6650E-05
  3.4748E-03  4.7168E-04  2.3711E-05  6.7896E-05
  3.5072E-03  4.8041E-04  2.4155E-05  6.9165E-05
  3.5398E-03  4.8930E-04  2.4606E-05  7.0458E-05
  3.5727E-03  4.9836E-04  2.5066E-05  7.1775E-05
  3.6060E-03  5.0758E-04  2.5535E-05  7.3117E-05
  3.6395E-03  5.1697E-04  2.6012E-05  7.4483E-05
  3.6734E-03  5.2654E-04  2.6498E-05  7.5876E-05
  3.7075E-03  5.3628E-04  2.6994E-05  7.7294E-05
  3.7420E-03  5.4620E-04  2.7498E-05  7.8739E-05
  3.7768E-03  5.5631E-04  2.8012E-05  8.0211E-05
  3.8120E-03  5.6660E-04  2.8536E-05  8.1710E-05
  3.8474E-03  5.7708E-04  2.9069E-05  8.3237E-05
  3.8832E-03  5.8775E-04  2.9613E-05  8.4793E-05
  3.9194E-03  5.9862E-04  3.0166E-05  8.6378E-05
  3.9558E-03  6.0969E-04  3.0730E-05  8.7993E-05
  3.9926E-03  6.2096E-04  3.1305E-05  8.9638E-05
  4.0298E-03  6.3244E-04  3.1890E-05  9.1313E-05
  4.0673E-03  6.4413E-04  3.2486E-05  9.3020E-05
  4.1051E-03  6.5603E-04  3.3093E-05  9.4759E-05
  4.1433E-03  6.6815E-04  3.3712E-05  9.6530E-05
  4.1818E-03  6.8050E-04  3.4342E-05  9.8334E-05
  4.2207E-03  6.9307E-04  3.4984E-05  1.0017E-04
  4.2600E-03  7.0587E-04  3.5638E-05  1.0204E-04
  4.2996E-03  7.1891E-04  3.6304E-05  1.0395E-04
  4.3396E-03  7.3219E-04  3.6982E-05  1.0590E-04
  4.3800E-03  7.4571E-04  3.7674E-05  1.0787E-04
  4.4208E-03  7.5948E-04  3.8378E-05  1.0989E-04
  4.4619E-03  7.7350E-04  3.9095E-05  1.1194E-04
  4.5034E-03  7.8778E-04  3.9826E-05  1.1404E-04
  4.5453E-03  8.0232E-04  4.0570E-05  1.1617E-04
  4.5876E-03  8.1713E-04  4.1329E-05  1.1834E-04
  4.6302E-03  8.3221E-04  4.2101E-05  1.2055E-04
  4.6733E-03  8.4757E-04  4.2888E-05  1.2281E-04
  4.7168E-03  8.6321E-04  4.3690E-05  1.2510E-04
  4.7607E-03  8.7913E-04  4.4506E-05  1.2744E-04
  4.8050E-03  8.9534E-04  4.5338E-05  1.2982E-04
  4.8497E-03  9.1186E-04  4.6186E-05  1.3225E-04
  4.8948E-03  9.2867E-04  4.7049E-05  1.3472E-04
  4.9403E-03  9.4579E-04  4.7928E-05  1.3724E-04
  4.9863E-03  9.6323E-04  4.8824E-05  1.3980E-04
  5.0327E-03  9.8099E-04  4.9737E-05  1.4242E-04
  5.0795E-03  9.9907E-04  5.0667E-05  1.4508E-04
  5.1267E-03  1.0175E-03  5.1614E-05  1.4779E-04
  5.1744E-03  1.0362E-03  5.2578E-05  1.5055E-04
  5.2226E-03  1.0553E-03  5.3561E-05  1.5337E-04
  5.2711E-03  1.0748E-03  5.4562E-05  1.5623E-04
  5.3202E-03  1.0946E-03  5.5582E-05  1.5915E-04
  5.3697E-03  1.1147E-03  5.6621E-05  1.6213E-04
  5.4196E-03  1.1352E-03  5.7679E-05  1.6516E-04
  5.4700E-03  1.1561E-03  5.8757E-05  1.6824E-04
  5.5209E-03  1.1774E-03  5.9856E-05  1.7139E-04
  5.5723E-03  1.1991E-03  6.0974E-05  1.7459E-04
  5.6241E-03  1.2212E-03  6.2114E-05  1.7785E-04
  5.6764E-03  1.2436E-03  6.3275E-05  1.8118E-04
  5.7292E-03  1.2665E-03  6.4458E-05  1.8457E-04
  5.7825E-03  1.2898E-03  6.5662E-05  1.8801E-04
  5.8363E-03  1.3135E-03  6.6890E-05  1.9153E-04
  5.8906E-03  1.3377E-03  6.8140E-05  1.9511E-04
  5.9454E-03  1.3623E-03  6.9413E-05  1.9876E-04
  6.0007E-03  1.3873E-03  7.0711E-05  2.0247E-04
  6.0565E-03  1.4128E-03  7.2032E-05  2.0625E-04
  6.1129E-03  1.4388E-03  7.3379E-05  2.1011E-04
  6.1697E-03  1.4652E-03  7.4750E-05  2.1404E-04
  6.2271E-03  1.4921E-03  7.6147E-05  2.1804E-04
  6.2851E-03  1.5195E-03  7.7571E-05  2.2211E-04
  6.3435E-03  1.5474E-03  7.9020E-05  2.2626E-04
  6.4025E-03  1.5759E-03  8.0497E-05  2.3049E-04
  6.4621E-03  1.6048E-03  8.2002E-05  2.3480E-04
  6.5222E-03  1.6342E-03  8.3535E-05  2.3919E-04
  6.5829E-03  1.6642E-03  8.5096E-05  2.4366E-04
  6.6441E-03  1.6948E-03  8.6686E-05  2.4821E-04
  6.7059E-03  1.7259E-03  8.8306E-05  2.5285E-04
  6.7683E-03  1.7575E-03  8.9957E-05  2.5758E-04
  6.8313E-03  1.7898E-03  9.1638E-05  2.6239E-04
  6.8948E-03  1.8226E-03  9.3351E-05  2.6729E-04
  6.9589E-03  1.8560E-03  9.5096E-05  2.7229E-04
  7.0237E-03  1.8900E-03  9.6873E-05  2.7738E-04
  7.0890E-03  1.9247E-03  9.8684E-05  2.8256E-04
  7.1550E-03  1.9599E-03  1.0053E-04  2.8784E-04
  7.2215E-03  1.9958E-03  1.0241E-04  2.9322E-04
  7.2887E-03  2.0324E-03  1.0432E-04  2.9870E-04
  7.3565E-03  2.0696E-03  1.0627E-04  3.0429E-04
  7.4249E-03  2.1075E-03  1.0826E-04  3.0997E-04
  7.4940E-03  2.1461E-03  1.1028E-04  3.1576E-04
  7.5637E-03  2.1854E-03  1.1234E-04  3.2167E-04
  7.6341E-03  2.2254E-03  1.1444E-04  3.2768E-04
  7.7051E-03  2.2661E-03  1.1658E-04  3.3380E-04
  7.7767E-03  2.3075E-03  1.1876E-04  3.4004E-04
  7.8491E-03  2.3497E-03  1.2098E-04  3.4639E-04
  7.9221E-03  2.3927E-03  1.2324E-04  3.5287E-04
  7.9958E-03  2.4364E-03  1.2554E-04  3.5946E-04
  8.0702E-03  2.4810E-03  1.2789E-04  3.6618E-04
  8.1452E-03  2.5263E-03  1.3028E-04  3.7302E-04
  8.2210E-03  2.5725E-03  1.3271E-04  3.7999E-04
  8.2975E-03  2.6194E-03  1.3519E-04  3.8710E-04
  8.3747E-03  2.6673E-03  1.3772E-04  3.9433E-04
  8.4526E-03  2.7160E-03  1.4029E-04  4.0170E-04
  8.5312E-03  2.7655E-03  1.4292E-04  4.0921E-04
  8.6105E-03  2.8160E-03  1.4559E-04  4.1685E-04
  8.6906E-03  2.8674E-03  1.4831E-04  4.2464E-04
  8.7715E-03  2.9197E-03  1.5108E-04  4.3258E-04
  8.8531E-03  2.9729E-03  1.5390E-04  4.4066E-04
  8.9354E-03  3.0272E-03  1.5678E-04  4.4890E-04
  9.0185E-03  3.0823E-03  1.5971E-04  4.5729E-04
  9.1024E-03  3.1385E-03  1.6269E-04  4.6583E-04
  9.1871E-03  3.1957E-03  1.6574E-04  4.7454E-04
  9.2725E-03  3.2539E-03  1.6883E-04  4.8341E-04
  9.3588E-03  3.3132E-03  1.7199E-04  4.9244E-04
  9.4459E-03  3.3735E-03  1.7520E-04  5.0164E-04
  9.5337E-03  3.4349E-03  1.7848E-04  5.1102E-04
  9.6224E-03  3.4974E-03  1.8181E-04  5.2056E-04
  9.7119E-03  3.5610E-03  1.8521E-04  5.3029E-04
  9.8022E-03  3.6258E-03  1.8867E-04  5.4020E-04
  9.8934E-03  3.6917E-03  1.9220E-04  5.5030E-04
  9.9854E-03  3.7588E-03  1.9579E-04  5.6058E-04
  1.0078E-02  3.8272E-03  1.9945E-04  5.7106E-04
  1.0172E-02  3.8967E-03  2.0317E-04  5.8173E-04
  1.0267E-02  3.9675E-03  2.0697E-04  5.9260E-04
  1.0362E-02  4.0395E-03  2.1084E-04  6.0367E-04
  1.0459E-02  4.1129E-03  2.1478E-04  6.1495E-04
  1.0556E-02  4.1875E-03  2.1879E-04  6.2644E-04
  1.0654E-02  4.2635E-03  2.2288E-04  6.3815E-04
  1.0753E-02  4.3408E-03  2.2705E-04  6.5007E-04
  1.0853E-02  4.4196E-03  2.3129E-04  6.6222E-04
  1.0954E-02  4.4997E-03  2.3561E-04  6.7459E-04
  1.1056E-02  4.5813E-03  2.4002E-04  6.8720E-04
  1.1159E-02  4.6643E-03  2.4450E-04  7.0004E-04
  1.1263E-02  4.7488E-03  2.4907E-04  7.1312E-04
  1.1367E-02  4.8348E-03  2.5373E-04  7.2644E-04
  1.1473E-02  4.9223E-03  2.5847E-04  7.4002E-04
  1.1580E-02  5.0114E-03  2.6330E-04  7.5385E-04
  1.1688E-02  5.1020E-03  2.6822E-04  7.6793E-04
  1.1796E-02  5.1943E-03  2.7323E-04  7.8228E-04
  1.1906E-02  5.2882E-03  2.7834E-04  7.9690E-04
  1.2017E-02  5.3838E-03  2.8354E-04  8.1179E-04
  1.2129E-02  5.4811E-03  2.8883E-04  8.2695E-04
  1.2241E-02  5.5801E-03  2.9423E-04  8.4241E-04
  1.2355E-02  5.6809E-03  2.9973E-04  8.5815E-04
  1.2470E-02  5.7835E-03  3.0533E-04  8.7418E-04
  1.2586E-02  5.8879E-03  3.1104E-04  8.9051E-04
  1.2703E-02  5.9941E-03  3.1685E-04  9.0715E-04
  1.2821E-02  6.1022E-03  3.2277E-04  9.2410E-04
  1.2941E-02  6.2122E-03  3.2880E-04  9.4137E-04
  1.3061E-02  6.3242E-03  3.3495E-04  9.5896E-04
  1.3183E-02  6.4381E-03  3.4121E-04  9.7687E-04
  1.3305E-02  6.5541E-03  3.4758E-04  9.9512E-04
  1.3429E-02  6.6721E-03  3.5408E-04  1.0137E-03
  1.3554E-02  6.7922E-03  3.6069E-04  1.0327E-03
  1.3680E-02  6.9144E-03  3.6743E-04  1.0519E-03
  1.3807E-02  7.0388E-03  3.7430E-04  1.0716E-03
  1.3936E-02  7.1653E-03  3.8129E-04  1.0916E-03
  1.4065E-02  7.2941E-03  3.8842E-04  1.1120E-03
  1.4196E-02  7.4251E-03  3.9568E-04  1.1328E-03
  1.4328E-02  7.5585E-03  4.0307E-04  1.1540E-03
  1.4461E-02  7.6942E-03  4.1060E-04  1.1755E-03
  1.4596E-02  7.8323E-03  4.1827E-04  1.1975E-03
  1.4732E-02  7.9728E-03  4.2609E-04  1.2198E-03
  1.4869E-02  8.1158E-03  4.3405E-04  1.2426E-03
  1.5007E-02  8.2612E-03  4.4216E-04  1.2658E-03
  1.5147E-02  8.4093E-03  4.5042E-04  1.2895E-03
  1.5287E-02  8.5599E-03  4.5884E-04  1.3136E-03
  1.5430E-02  8.7132E-03  4.6741E-04  1.3381E-03
  1.5573E-02  8.8691E-03  4.7615E-04  1.3631E-03
  1.5718E-02  9.0278E-03  4.8504E-04  1.3886E-03
  1.5864E-02  9.1892E-03  4.9411E-04  1.4145E-03
  1.6012E-02  9.3535E-03  5.0334E-04  1.4410E-03
  1.6161E-02  9.5206E-03  5.1274E-04  1.4679E-03
  1.6311E-02  9.6906E-03  5.2232E-04  1.4953E-03
  1.6463E-02  9.8636E-03  5.3208E-04  1.5232E-03
  1.6616E-02  1.0040E-02  5.4202E-04  1.5517E-03
  1.6770E-02  1.0219E-02  5.5215E-04  1.5807E-03
  1.6926E-02  1.0401E-02  5.6247E-04  1.6102E-03
  1.7084E-02  1.0586E-02  5.7298E-04  1.6403E-03
  1.7243E-02  1.0775E-02  5.8368E-04  1.6709E-03
  1.7403E-02  1.0967E-02  5.9459E-04  1.7021E-03
  1.7565E-02  1.1162E-02  6.0570E-04  1.7339E-03
  1.7728E-02  1.1360E-02  6.1701E-04  1.7663E-03
  1.7893E-02  1.1563E-02  6.2854E-04  1.7993E-03
  1.8060E-02  1.1768E-02  6.4028E-04  1.8329E-03
  1.8228E-02  1.1977E-02  6.5225E-04  1.8671E-03
  1.8397E-02  1.2190E-02  6.6443E-04  1.9020E-03
  1.8568E-02  1.2406E-02  6.7685E-04  1.9375E-03
  1.8741E-02  1.2626E-02  6.8949E-04  1.9737E-03
  1.8915E-02  1.2850E-02  7.0237E-04  2.0106E-03
  1.9091E-02  1.3078E-02  7.1550E-04  2.0481E-03
  1.9269E-02  1.3309E-02  7.2886E-04  2.0864E-03
  1.9448E-02  1.3545E-02  7.4248E-04  2.1253E-03
  1.9629E-02  1.3785E-02  7.5635E-04  2.1650E-03
  1.9812E-02  1.4028E-02  7.7048E-04  2.2055E-03
  1.9996E-02  1.4276E-02  7.8487E-04  2.2466E-03
  2.0182E-02  1.4529E-02  7.9954E-04  2.2886E-03
  2.0370E-02  1.4785E-02  8.1447E-04  2.3313E-03
  2.0559E-02  1.5046E-02  8.2969E-04  2.3749E-03
  2.0750E-02  1.5312E-02  8.4519E-04  2.4192E-03
  2.0943E-02  1.5582E-02  8.6098E-04  2.4644E-03
  2.1138E-02  1.5856E-02  8.7706E-04  2.5104E-03
  2.1335E-02  1.6135E-02  8.9345E-04  2.5573E-03
  2.1533E-02  1.6419E-02  9.1014E-04  2.6051E-03
  2.1733E-02  1.6708E-02  9.2714E-04  2.6537E-03
  2.1936E-02  1.7002E-02  9.4446E-04  2.7032E-03
  2.2140E-02  1.7301E-02  9.6210E-04  2.7537E-03
  2.2345E-02  1.7604E-02  9.8007E-04  2.8051E-03
  2.2553E-02  1.7913E-02  9.9838E-04  2.8575E-03
  2.2763E-02  1.8228E-02  1.0170E-03  2.9109E-03
  2.2975E-02  1.8547E-02  1.0360E-03  2.9652E-03
  2.3189E-02  1.8872E-02  1.0554E-03  3.0206E-03
  2.3404E-02  1.9202E-02  1.0751E-03  3.0770E-03
  2.3622E-02  1.9538E-02  1.0952E-03  3.1344E-03
  2.3842E-02  1.9880E-02  1.1156E-03  3.1929E-03
  2.4063E-02  2.0228E-02  1.1365E-03  3.2525E-03
  2.4287E-02  2.0581E-02  1.1577E-03  3.3133E-03
  2.4513E-02  2.0940E-02  1.1793E-03  3.3751E-03
  2.4741E-02  2.1305E-02  1.2013E-03  3.4381E-03
  2.4971E-02  2.1677E-02  1.2238E-03  3.5023E-03
  2.5204E-02  2.2054E-02  1.2466E-03  3.5677E-03
  2.5438E-02  2.2438E-02  1.2699E-03  3.6343E-03
  2.5675E-02  2.2829E-02  1.2936E-03  3.7021E-03
  2.5913E-02  2.3225E-02  1.3178E-03  3.7712E-03
  2.6154E-02  2.3629E-02  1.3424E-03  3.8416E-03
  2.6398E-02  2.4039E-02  1.3675E-03  3.9133E-03
  2.6643E-02  2.4456E-02  1.3930E-03  3.9863E-03
  2.6891E-02  2.4880E-02  1.4190E-03  4.0607E-03
  2.7141E-02  2.5311E-02  1.4455E-03  4.1365E-03
  2.7394E-02  2.5749E-02  1.4725E-03  4.2137E-03
  2.7648E-02  2.6195E-02  1.5000E-03  4.2924E-03
  2.7906E-02  2.6648E-02  1.5280E-03  4.3725E-03
  2.8165E-02  2.7108E-02  1.5566E-03  4.4541E-03
  2.8427E-02  2.7576E-02  1.5856E-03  4.5372E-03
  2.8691E-02  2.8052E-02  1.6153E-03  4.6218E-03
  2.8958E-02  2.8535E-02  1.6454E-03  4.7081E-03
  2.9228E-02  2.9027E-02  1.6761E-03  4.7959E-03
  2.9500E-02  2.9526E-02  1.7074E-03  4.8854E-03
  2.9774E-02  3.0034E-02  1.7393E-03  4.9766E-03
  3.0051E-02  3.0550E-02  1.7718E-03  5.0694E-03
  3.0330E-02  3.1075E-02  1.8049E-03  5.1640E-03
  3.0612E-02  3.1608E-02  1.8386E-03  5.2603E-03
  3.0897E-02  3.2150E-02  1.8729E-03  5.3585E-03
  3.1185E-02  3.2700E-02  1.9079E-03  5.4584E-03
  3.1475E-02  3.3260E-02  1.9435E-03  5.5602E-03
  3.1767E-02  3.3829E-02  1.9798E-03  5.6640E-03
  3.2063E-02  3.4407E-02  2.0167E-03  5.7696E-03
  3.2361E-02  3.4994E-02  2.0544E-03  5.8772E-03
  3.2662E-02  3.5591E-02  2.0928E-03  5.9868E-03
  3.2966E-02  3.6198E-02  2.1318E-03  6.0985E-03
  3.3273E-02  3.6814E-02  2.1716E-03  6.2122E-03
  3.3582E-02  3.7440E-02  2.2122E-03  6.3281E-03
  3.3894E-02  3.8077E-02  2.2535E-03  6.4461E-03
  3.4210E-02  3.8723E-02  2.2955E-03  6.5663E-03
  3.4528E-02  3.9380E-02  2.3384E-03  6.6887E-03
  3.4849E-02  4.0048E-02  2.3820E-03  6.8135E-03
  3.5173E-02  4.0726E-02  2.4265E-03  6.9405E-03
  3.5500E-02  4.1415E-02  2.4718E-03  7.0699E-03
  3.5830E-02  4.2115E-02  2.5179E-03  7.2017E-03
  3.6164E-02  4.2827E-02  2.5649E-03  7.3360E-03
  3.6500E-02  4.3549E-02  2.6128E-03  7.4727E-03
  3.6840E-02  4.4283E-02  2.6615E-03  7.6120E-03
  3.7182E-02  4.5029E-02  2.7112E-03  7.7539E-03
  3.7528E-02  4.5787E-02  2.7618E-03  7.8985E-03
  3.7877E-02  4.6556E-02  2.8133E-03  8.0457E-03
  3.8229E-02  4.7338E-02  2.8658E-03  8.1956E-03
  3.8585E-02  4.8132E-02  2.9193E-03  8.3484E-03
  3.8944E-02  4.8938E-02  2.9738E-03  8.5039E-03
  3.9306E-02  4.9757E-02  3.0293E-03  8.6624E-03
  3.9672E-02  5.0590E-02  3.0858E-03  8.8238E-03
  4.0041E-02  5.1435E-02  3.1434E-03  8.9882E-03
  4.0413E-02  5.2293E-02  3.2020E-03  9.1557E-03
  4.0789E-02  5.3164E-02  3.2618E-03  9.3263E-03
  4.1168E-02  5.4050E-02  3.3226E-03  9.5000E-03
  4.1551E-02  5.4949E-02  3.3846E-03  9.6770E-03
  4.1938E-02  5.5862E-02  3.4478E-03  9.8572E-03
  4.2328E-02  5.6789E-02  3.5121E-03  1.0041E-02
  4.2722E-02  5.7730E-02  3.5776E-03  1.0228E-02
  4.3119E-02  5.8686E-02  3.6443E-03  1.0418E-02
  4.3520E-02  5.9657E-02  3.7123E-03  1.0612E-02
  4.3925E-02  6.0642E-02  3.7816E-03  1.0810E-02
  4.4333E-02  6.1643E-02  3.8521E-03  1.1011E-02
  4.4746E-02  6.2659E-02  3.9239E-03  1.1216E-02
  4.5162E-02  6.3690E-02  3.9971E-03  1.1425E-02
  4.5582E-02  6.4738E-02  4.0717E-03  1.1638E-02
  4.6006E-02  6.5801E-02  4.1476E-03  1.1854E-02
  4.6434E-02  6.6880E-02  4.2250E-03  1.2075E-02
  4.6866E-02  6.7976E-02  4.3037E-03  1.2300E-02
  4.7302E-02  6.9088E-02  4.3840E-03  1.2529E-02
  4.7742E-02  7.0217E-02  4.4657E-03  1.2762E-02
  4.8186E-02  7.1363E-02  4.5490E-03  1.2999E-02
  4.8634E-02  7.2526E-02  4.6338E-03  1.3241E-02
  4.9086E-02  7.3707E-02  4.7202E-03  1.3487E-02
  4.9543E-02  7.4905E-02  4.8082E-03  1.3738E-02
  5.0004E-02  7.6122E-02  4.8978E-03  1.3994E-02
  5.0469E-02  7.7356E-02  4.9891E-03  1.4254E-02
  5.0938E-02  7.8609E-02  5.0821E-03  1.4519E-02
  5.1412E-02  7.9880E-02  5.1769E-03  1.4789E-02
  5.1890E-02  8.1170E-02  5.2733E-03  1.5064E-02
  5.2373E-02  8.2479E-02  5.3716E-03  1.5344E-02
  5.2860E-02  8.3807E-02  5.4717E-03  1.5630E-02
  5.3351E-02  8.5155E-02  5.5737E-03  1.5920E-02
  5.3848E-02  8.6522E-02  5.6776E-03  1.6216E-02
  5.4348E-02  8.7910E-02  5.7833E-03  1.6517E-02
  5.4854E-02  8.9317E-02  5.8911E-03  1.6824E-02
  5.5364E-02  9.0745E-02  6.0009E-03  1.7137E-02
  5.5879E-02  9.2194E-02  6.1127E-03  1.7455E-02
  5.6399E-02  9.3664E-02  6.2265E-03  1.7780E-02
  5.6923E-02  9.5155E-02  6.3425E-03  1.8110E-02
  5.7453E-02  9.6667E-02  6.4607E-03  1.8446E-02
  5.7987E-02  9.8201E-02  6.5810E-03  1.8789E-02
  5.8527E-02  9.9757E-02  6.7036E-03  1.9138E-02
  5.9071E-02  1.0134E-01  6.8284E-03  1.9493E-02
  5.9620E-02  1.0294E-01  6.9556E-03  1.9855E-02
  6.0175E-02  1.0456E-01  7.0851E-03  2.0224E-02
  6.0735E-02  1.0621E-01  7.2170E-03  2.0599E-02
  6.1300E-02  1.0787E-01  7.3514E-03  2.0981E-02
  6.1870E-02  1.0957E-01  7.4882E-03  2.1371E-02
  6.2445E-02  1.1128E-01  7.6276E-03  2.1767E-02
  6.3026E-02  1.1302E-01  7.7696E-03  2.2171E-02
  6.3612E-02  1.1479E-01  7.9142E-03  2.2582E-02
  6.4204E-02  1.1658E-01  8.0615E-03  2.3001E-02
  6.4801E-02  1.1839E-01  8.2115E-03  2.3427E-02
  6.5404E-02  1.2023E-01  8.3643E-03  2.3862E-02
  6.6012E-02  1.2210E-01  8.5200E-03  2.4304E-02
  6.6626E-02  1.2399E-01  8.6785E-03  2.4754E-02
  6.7246E-02  1.2590E-01  8.8399E-03  2.5213E-02
  6.7871E-02  1.2784E-01  9.0044E-03  2.5680E-02
  6.8502E-02  1.2981E-01  9.1719E-03  2.6156E-02
  6.9140E-02  1.3181E-01  9.3424E-03  2.6640E-02
  6.9783E-02  1.3383E-01  9.5162E-03  2.7134E-02
  7.0432E-02  1.3588E-01  9.6931E-03  2.7636E-02
  7.1087E-02  1.3795E-01  9.8734E-03  2.8148E-02
  7.1748E-02  1.4005E-01  1.0057E-02  2.8669E-02
  7.2415E-02  1.4219E-01  1.0244E-02  2.9199E-02
  7.3089E-02  1.4435E-01  1.0434E-02  2.9740E-02
  7.3769E-02  1.4653E-01  1.0628E-02  3.0290E-02
  7.4455E-02  1.4875E-01  1.0826E-02  3.0850E-02
  7.5147E-02  1.5100E-01  1.1027E-02  3.1421E-02
  7.5846E-02  1.5327E-01  1.1232E-02  3.2002E-02
  7.6552E-02  1.5558E-01  1.1440E-02  3.2593E-02
  7.7264E-02  1.5791E-01  1.1653E-02  3.3196E-02
  7.7982E-02  1.6028E-01  1.1869E-02  3.3809E-02
  7.8708E-02  1.6267E-01  1.2090E-02  3.4434E-02
  7.9440E-02  1.6510E-01  1.2314E-02  3.5070E-02
  8.0179E-02  1.6755E-01  1.2543E-02  3.5717E-02
  8.0924E-02  1.7004E-01  1.2776E-02  3.6377E-02
  8.1677E-02  1.7256E-01  1.3013E-02  3.7048E-02
  8.2437E-02  1.7511E-01  1.3255E-02  3.7732E-02
  8.3204E-02  1.7769E-01  1.3501E-02  3.8428E-02
  8.3977E-02  1.8031E-01  1.3751E-02  3.9137E-02
  8.4759E-02  1.8295E-01  1.4006E-02  3.9858E-02
  8.5547E-02  1.8563E-01  1.4266E-02  4.0593E-02
  8.6343E-02  1.8835E-01  1.4531E-02  4.1342E-02
  8.7146E-02  1.9109E-01  1.4800E-02  4.2103E-02
  8.7956E-02  1.9387E-01  1.5075E-02  4.2879E-02
  8.8774E-02  1.9668E-01  1.5354E-02  4.3669E-02
  8.9600E-02  1.9953E-01  1.5639E-02  4.4473E-02
  9.0433E-02  2.0241E-01  1.5929E-02  4.5291E-02
  9.1274E-02  2.0532E-01  1.6224E-02  4.6125E-02
  9.2123E-02  2.0827E-01  1.6524E-02  4.6973E-02
  9.2980E-02  2.1125E-01  1.6831E-02  4.7837E-02
  9.3845E-02  2.1427E-01  1.7142E-02  4.8717E-02
  9.4718E-02  2.1733E-01  1.7460E-02  4.9612E-02
  9.5599E-02  2.2042E-01  1.7783E-02  5.0524E-02
  9.6488E-02  2.2354E-01  1.8112E-02  5.1452E-02
  9.7386E-02  2.2670E-01  1.8448E-02  5.2397E-02
  9.8291E-02  2.2990E-01  1.8789E-02  5.3359E-02
  9.9206E-02  2.3313E-01  1.9137E-02  5.4338E-02
  1.0013E-01  2.3640E-01  1.9491E-02  5.5335E-02
  1.0106E-01  2.3970E-01  1.9851E-02  5.6350E-02
  1.0200E-01  2.4305E-01  2.0218E-02  5.7383E-02
  1.0295E-01  2.4643E-01  2.0592E-02  5.8435E-02
  1.0391E-01  2.4984E-01  2.0973E-02  5.9506E-02
  1.0487E-01  2.5330E-01  2.1360E-02  6.0595E-02
  1.0585E-01  2.5679E-01  2.1755E-02  6.1705E-02
  1.0683E-01  2.6032E-01  2.2157E-02  6.2834E-02
  1.0783E-01  2.6388E-01  2.2566E-02  6.3983E-02
  1.0883E-01  2.6749E-01  2.2983E-02  6.5154E-02
  1.0984E-01  2.7113E-01  2.3407E-02  6.6345E-02
  1.1086E-01  2.7481E-01  2.3839E-02  6.7557E-02
  1.1189E-01  2.7853E-01  2.4279E-02  6.8791E-02
  1.1293E-01  2.8228E-01  2.4727E-02  7.0047E-02
  1.1398E-01  2.8608E-01  2.5183E-02  7.1325E-02
  1.1504E-01  2.8991E-01  2.5647E-02  7.2626E-02
  1.1611E-01  2.9379E-01  2.6120E-02  7.3950E-02
  1.1719E-01  2.9770E-01  2.6602E-02  7.5298E-02
  1.1829E-01  3.0165E-01  2.7092E-02  7.6670E-02
  1.1939E-01  3.0564E-01  2.7591E-02  7.8066E-02
  1.2050E-01  3.0966E-01  2.8099E-02  7.9487E-02
  1.2162E-01  3.1373E-01  2.8616E-02  8.0933E-02
  1.2275E-01  3.1784E-01  2.9143E-02  8.2405E-02
  1.2389E-01  3.2198E-01  2.9679E-02  8.3902E-02
  1.2504E-01  3.2616E-01  3.0225E-02  8.5426E-02
  1.2620E-01  3.3039E-01  3.0781E-02  8.6978E-02
  1.2738E-01  3.3465E-01  3.1347E-02  8.8556E-02
  1.2856E-01  3.3895E-01  3.1923E-02  9.0162E-02
  1.2976E-01  3.4329E-01  3.2509E-02  9.1797E-02
  1.3097E-01  3.4767E-01  3.3106E-02  9.3460E-02
  1.3218E-01  3.5209E-01  3.3714E-02  9.5152E-02
  1.3341E-01  3.5654E-01  3.4333E-02  9.6874E-02
  1.3465E-01  3.6104E-01  3.4963E-02  9.8626E-02
  1.3591E-01  3.6557E-01  3.5604E-02  1.0041E-01
  1.3717E-01  3.7014E-01  3.6257E-02  1.0222E-01
  1.3845E-01  3.7476E-01  3.6921E-02  1.0407E-01
  1.3973E-01  3.7941E-01  3.7598E-02  1.0595E-01
  1.4103E-01  3.8409E-01  3.8286E-02  1.0786E-01
  1.4235E-01  3.8882E-01  3.8987E-02  1.0980E-01
  1.4367E-01  3.9358E-01  3.9701E-02  1.1178E-01
  1.4501E-01  3.9838E-01  4.0427E-02  1.1379E-01
  1.4635E-01  4.0322E-01  4.1166E-02  1.1584E-01
  1.4772E-01  4.0810E-01  4.1919E-02  1.1792E-01
  1.4909E-01  4.1301E-01  4.2684E-02  1.2004E-01
  1.5048E-01  4.1796E-01  4.3464E-02  1.2219E-01
  1.5188E-01  4.2295E-01  4.4257E-02  1.2438E-01
  1.5329E-01  4.2797E-01  4.5065E-02  1.2661E-01
  1.5471E-01  4.3303E-01  4.5887E-02  1.2888E-01
  1.5615E-01  4.3813E-01  4.6723E-02  1.3119E-01
  1.5761E-01  4.4326E-01  4.7574E-02  1.3354E-01
  1.5907E-01  4.4842E-01  4.8441E-02  1.3592E-01
  1.6055E-01  4.5362E-01  4.9323E-02  1.3835E-01
  1.6204E-01  4.5886E-01  5.0220E-02  1.4082E-01
  1.6355E-01  4.6413E-01  5.1133E-02  1.4333E-01
  1.6507E-01  4.6943E-01  5.2063E-02  1.4588E-01
  1.6661E-01  4.7476E-01  5.3008E-02  1.4848E-01
  1.6816E-01  4.8013E-01  5.3971E-02  1.5112E-01
  1.6972E-01  4.8553E-01  5.4950E-02  1.5380E-01
  1.7130E-01  4.9097E-01  5.5947E-02  1.5654E-01
  1.7289E-01  4.9643E-01  5.6961E-02  1.5931E-01
  1.7450E-01  5.0192E-01  5.7992E-02  1.6214E-01
  1.7612E-01  5.0745E-01  5.9042E-02  1.6501E-01
  1.7776E-01  5.1300E-01  6.0110E-02  1.6793E-01
  1.7942E-01  5.1859E-01  6.1197E-02  1.7090E-01
  1.8109E-01  5.2420E-01  6.2303E-02  1.7391E-01
  1.8277E-01  5.2984E-01  6.3428E-02  1.7698E-01
  1.8447E-01  5.3551E-01  6.4573E-02  1.8010E-01
  1.8619E-01  5.4120E-01  6.5738E-02  1.8327E-01
  1.8792E-01  5.4692E-01  6.6922E-02  1.8650E-01
  1.8966E-01  5.5267E-01  6.8128E-02  1.8977E-01
  1.9143E-01  5.5844E-01  6.9354E-02  1.9311E-01
  1.9321E-01  5.6423E-01  7.0601E-02  1.9649E-01
  1.9501E-01  5.7005E-01  7.1870E-02  1.9993E-01
  1.9682E-01  5.7589E-01  7.3160E-02  2.0343E-01
  1.9865E-01  5.8175E-01  7.4473E-02  2.0699E-01
  2.0050E-01  5.8763E-01  7.5808E-02  2.1060E-01
  2.0236E-01  5.9354E-01  7.7167E-02  2.1428E-01
  2.0425E-01  5.9946E-01  7.8548E-02  2.1801E-01
  2.0615E-01  6.0540E-01  7.9953E-02  2.2180E-01
  2.0806E-01  6.1135E-01  8.1382E-02  2.2566E-01
  2.1000E-01  6.1733E-01  8.2835E-02  2.2958E-01
  2.1195E-01  6.2332E-01  8.4313E-02  2.3356E-01
  2.1392E-01  6.2932E-01  8.5815E-02  2.3761E-01
  2.1591E-01  6.3533E-01  8.7344E-02  2.4172E-01
  2.1792E-01  6.4136E-01  8.8898E-02  2.4589E-01
  2.1995E-01  6.4740E-01  9.0478E-02  2.5014E-01
  2.2199E-01  6.5345E-01  9.2085E-02  2.5445E-01
  2.2406E-01  6.5951E-01  9.3718E-02  2.5883E-01
  2.2614E-01  6.6558E-01  9.5379E-02  2.6328E-01
  2.2824E-01  6.7166E-01  9.7068E-02  2.6780E-01
  2.3037E-01  6.7774E-01  9.8784E-02  2.7239E-01
  2.3251E-01  6.8382E-01  1.0053E-01  2.7706E-01
  2.3467E-01  6.8991E-01  1.0230E-01  2.8180E-01
  2.3686E-01  6.9601E-01  1.0411E-01  2.8661E-01
  2.3906E-01  7.0210E-01  1.0594E-01  2.9150E-01
  2.4128E-01  7.0819E-01  1.0780E-01  2.9647E-01
  2.4353E-01  7.1428E-01  1.0970E-01  3.0151E-01
  2.4579E-01  7.2037E-01  1.1162E-01  3.0663E-01
  2.4808E-01  7.2646E-01  1.1358E-01  3.1183E-01
  2.5038E-01  7.3254E-01  1.1557E-01  3.1711E-01
  2.5271E-01  7.3861E-01  1.1759E-01  3.2248E-01
  2.5506E-01  7.4467E-01  1.1964E-01  3.2792E-01
  2.5744E-01  7.5073E-01  1.2173E-01  3.3346E-01
  2.5983E-01  7.5677E-01  1.2384E-01  3.3907E-01
  2.6225E-01  7.6281E-01  1.2600E-01  3.4477E-01
  2.6469E-01  7.6882E-01  1.2819E-01  3.5056E-01
  2.6715E-01  7.7483E-01  1.3041E-01  3.5644E-01
  2.6963E-01  7.8081E-01  1.3267E-01  3.6241E-01
  2.7214E-01  7.8678E-01  1.3496E-01  3.6846E-01
  2.7467E-01  7.9273E-01  1.3729E-01  3.7461E-01
  2.7723E-01  7.9866E-01  1.3965E-01  3.8086E-01
  2.7981E-01  8.0456E-01  1.4206E-01  3.8719E-01
  2.8241E-01  8.1044E-01  1.4450E-01  3.9363E-01
  2.8503E-01  8.1629E-01  1.4698E-01  4.0016E-01
  2.8769E-01  8.2212E-01  1.4949E-01  4.0678E-01
  2.9036E-01  8.2792E-01  1.5205E-01  4.1351E-01
  2.9306E-01  8.3368E-01  1.5464E-01  4.2034E-01
  2.9579E-01  8.3942E-01  1.5727E-01  4.2727E-01
  2.9854E-01  8.4511E-01  1.5995E-01  4.3430E-01
  3.0132E-01  8.5078E-01  1.6266E-01  4.4144E-01
  3.0412E-01  8.5640E-01  1.6542E-01  4.4868E-01
  3.0695E-01  8.6199E-01  1.6821E-01  4.5603E-01
  3.0980E-01  8.6753E-01  1.7105E-01  4.6349E-01
  3.1268E-01  8.7303E-01  1.7393E-01  4.7106E-01
  3.1559E-01  8.7849E-01  1.7685E-01  4.7874E-01
  3.1853E-01  8.8390E-01  1.7981E-01  4.8654E-01
  3.2149E-01  8.8926E-01  1.8282E-01  4.9445E-01
  3.2448E-01  8.9458E-01  1.8587E-01  5.0247E-01
  3.2750E-01  8.9984E-01  1.8897E-01  5.1062E-01
  3.3054E-01  9.0505E-01  1.9211E-01  5.1888E-01
  3.3362E-01  9.1020E-01  1.9529E-01  5.2726E-01
  3.3672E-01  9.1530E-01  1.9852E-01  5.3577E-01
  3.3985E-01  9.2033E-01  2.0180E-01  5.4440E-01
  3.4301E-01  9.2531E-01  2.0512E-01  5.5316E-01
  3.4620E-01  9.3022E-01  2.0848E-01  5.6205E-01
  3.4942E-01  9.3507E-01  2.1189E-01  5.7106E-01
  3.5267E-01  9.3986E-01  2.1535E-01  5.8021E-01
  3.5595E-01  9.4457E-01  2.1886E-01  5.8949E-01
  3.5927E-01  9.4922E-01  2.2241E-01  5.9891E-01
  3.6261E-01  9.5380E-01  2.2601E-01  6.0847E-01
  3.6598E-01  9.5830E-01  2.2966E-01  6.1816E-01
  3.6938E-01  9.6273E-01  2.3335E-01  6.2800E-01
  3.7282E-01  9.6708E-01  2.3710E-01  6.3798E-01
  3.7629E-01  9.7135E-01  2.4089E-01  6.4811E-01
  3.7979E-01  9.7554E-01  2.4473E-01  6.5838E-01
  3.8332E-01  9.7965E-01  2.4862E-01  6.6881E-01
  3.8688E-01  9.8368E-01  2.5255E-01  6.7939E-01
  3.9048E-01  9.8762E-01  2.5654E-01  6.9013E-01
  3.9411E-01  9.9148E-01  2.6057E-01  7.0102E-01
  3.9778E-01  9.9524E-01  2.6466E-01  7.1208E-01
  4.0148E-01  9.9892E-01  2.6879E-01  7.2329E-01
  4.0521E-01  1.0025E+00  2.7297E-01  7.3468E-01
  4.0898E-01  1.0060E+00  2.7720E-01  7.4623E-01
  4.1279E-01  1.0094E+00  2.8148E-01  7.5796E-01
  4.1663E-01  1.0127E+00  2.8580E-01  7.6986E-01
  4.2050E-01  1.0159E+00  2.9018E-01  7.8194E-01
  4.2441E-01  1.0190E+00  2.9460E-01  7.9420E-01
  4.2836E-01  1.0220E+00  2.9908E-01  8.0664E-01
  4.3234E-01  1.0249E+00  3.0360E-01  8.1927E-01
  4.3637E-01  1.0277E+00  3.0816E-01  8.3210E-01
  4.4042E-01  1.0304E+00  3.1278E-01  8.4511E-01
  4.4452E-01  1.0329E+00  3.1744E-01  8.5832E-01
  4.4865E-01  1.0354E+00  3.2215E-01  8.7174E-01
  4.5283E-01  1.0378E+00  3.2691E-01  8.8536E-01
  4.5704E-01  1.0400E+00  3.3171E-01  8.9918E-01
  4.6129E-01  1.0421E+00  3.3655E-01  9.1322E-01
  4.6558E-01  1.0442E+00  3.4144E-01  9.2748E-01
  4.6991E-01  1.0461E+00  3.4638E-01  9.4195E-01
  4.7428E-01  1.0479E+00  3.5136E-01  9.5665E-01
  4.7869E-01  1.0495E+00  3.5638E-01  9.7157E-01
  4.8315E-01  1.0511E+00  3.6144E-01  9.8673E-01
  4.8764E-01  1.0525E+00  3.6654E-01  1.0021E+00
  4.9217E-01  1.0538E+00  3.7169E-01  1.0177E+00
  4.9675E-01  1.0550E+00  3.7687E-01  1.0336E+00
  5.0137E-01  1.0561E+00  3.8209E-01  1.0497E+00
  5.0604E-01  1.0571E+00  3.8735E-01  1.0661E+00
  5.1074E-01  1.0579E+00  3.9265E-01  1.0827E+00
  5.1549E-01  1.0586E+00  3.9798E-01  1.0996E+00
  5.2029E-01  1.0592E+00  4.0334E-01  1.1168E+00
  5.2513E-01  1.0596E+00  4.0873E-01  1.1342E+00
  5.3001E-01  1.0599E+00  4.1416E-01  1.1519E+00
  5.3494E-01  1.0601E+00  4.1961E-01  1.1699E+00
  5.3992E-01  1.0602E+00  4.2510E-01  1.1881E+00
  5.4494E-01  1.0601E+00  4.3060E-01  1.2067E+00
  5.5001E-01  1.0599E+00  4.3614E-01  1.2255E+00
  5.5512E-01  1.0596E+00  4.4169E-01  1.2446E+00
  5.6029E-01  1.0591E+00  4.4727E-01  1.2640E+00
  5.6550E-01  1.0586E+00  4.5286E-01  1.2837E+00
  5.7076E-01  1.0578E+00  4.5847E-01  1.3036E+00
  5.7606E-01  1.0570E+00  4.6410E-01  1.3239E+00
  5.8142E-01  1.0560E+00  4.6973E-01  1.3445E+00
  5.8683E-01  1.0549E+00  4.7538E-01  1.3654E+00
  5.9229E-01  1.0537E+00  4.8103E-01  1.3866E+00
  5.9780E-01  1.0523E+00  4.8669E-01  1.4081E+00
  6.0336E-01  1.0508E+00  4.9235E-01  1.4299E+00
  6.0897E-01  1.0492E+00  4.9800E-01  1.4520E+00
  6.1463E-01  1.0474E+00  5.0366E-01  1.4744E+00
  6.2035E-01  1.0455E+00  5.0931E-01  1.4971E+00
  6.2612E-01  1.0435E+00  5.1494E-01  1.5201E+00
  6.3194E-01  1.0413E+00  5.2057E-01  1.5434E+00
  6.3782E-01  1.0390E+00  5.2618E-01  1.5669E+00
  6.4375E-01  1.0366E+00  5.3177E-01  1.5908E+00
  6.4974E-01  1.0341E+00  5.3733E-01  1.6149E+00
  6.5578E-01  1.0314E+00  5.4287E-01  1.6392E+00
  6.6188E-01  1.0286E+00  5.4838E-01  1.6639E+00
  6.6804E-01  1.0257E+00  5.5386E-01  1.6887E+00
  6.7425E-01  1.0226E+00  5.5929E-01  1.7138E+00
  6.8053E-01  1.0194E+00  5.6469E-01  1.7392E+00
  6.8685E-01  1.0161E+00  5.7004E-01  1.7647E+00
  6.9324E-01  1.0127E+00  5.7534E-01  1.7904E+00
  6.9969E-01  1.0091E+00  5.8058E-01  1.8162E+00
  7.0620E-01  1.0054E+00  5.8576E-01  1.8422E+00
  7.1277E-01  1.0016E+00  5.9088E-01  1.8683E+00
  7.1940E-01  9.9771E-01  5.9594E-01  1.8946E+00
  7.2609E-01  9.9367E-01  6.0092E-01  1.9208E+00
  7.3284E-01  9.8951E-01  6.0582E-01  1.9471E+00
  7.3966E-01  9.8523E-01  6.1064E-01  1.9734E+00
  7.4654E-01  9.8084E-01  6.1537E-01  1.9997E+00
  7.5348E-01  9.7632E-01  6.2001E-01  2.0259E+00
  7.6049E-01  9.7170E-01  6.2455E-01  2.0520E+00
  7.6756E-01  9.6696E-01  6.2898E-01  2.0780E+00
  7.7470E-01  9.6211E-01  6.3331E-01  2.1037E+00
  7.8191E-01  9.5716E-01  6.3752E-01  2.1292E+00
  7.8918E-01  9.5209E-01  6.4162E-01  2.1543E+00
  7.9652E-01  9.4691E-01  6.4559E-01  2.1791E+00
  8.0393E-01  9.4163E-01  6.4943E-01  2.2035E+00
  8.1140E-01  9.3625E-01  6.5313E-01  2.2274E+00
  8.1895E-01  9.3076E-01  6.5670E-01  2.2508E+00
  8.2657E-01  9.2518E-01  6.6011E-01  2.2735E+00
  8.3426E-01  9.1949E-01  6.6338E-01  2.2956E+00
  8.4202E-01  9.1371E-01  6.6648E-01  2.3169E+00
  8.4985E-01  9.0783E-01  6.6942E-01  2.3373E+00
  8.5775E-01  9.0185E-01  6.7219E-01  2.3568E+00
  8.6573E-01  8.9579E-01  6.7479E-01  2.3753E+00
  8.7378E-01  8.8963E-01  6.7720E-01  2.3926E+00
  8.8191E-01  8.8339E-01  6.7943E-01  2.4088E+00
  8.9011E-01  8.7706E-01  6.8147E-01  2.4237E+00
  8.9839E-01  8.7064E-01  6.8332E-01  2.4372E+00
  9.0675E-01  8.6414E-01  6.8496E-01  2.4492E+00
  9.1518E-01  8.5757E-01  6.8639E-01  2.4596E+00
  9.2369E-01  8.5091E-01  6.8761E-01  2.4684E+00
  9.3228E-01  8.4417E-01  6.8862E-01  2.4753E+00
  9.4095E-01  8.3736E-01  6.8940E-01  2.4803E+00
  9.4971E-01  8.3048E-01  6.8996E-01  2.4833E+00
  9.5854E-01  8.2353E-01  6.9029E-01  2.4842E+00
  9.6745E-01  8.1651E-01  6.9038E-01  2.4829E+00
  9.7645E-01  8.0942E-01  6.9024E-01  2.4792E+00
  9.8554E-01  8.0227E-01  6.8985E-01  2.4732E+00
  9.9470E-01  7.9505E-01  6.8923E-01  2.4645E+00
  1.0040E+00  7.8778E-01  6.8835E-01  2.4532E+00
  1.0133E+00  7.8045E-01  6.8722E-01  2.4392E+00
  1.0227E+00  7.7306E-01  6.8585E-01  2.4224E+00
  1.0322E+00  7.6562E-01  6.8422E-01  2.4027E+00
  1.0418E+00  7.5813E-01  6.8233E-01  2.3799E+00
  1.0515E+00  7.5059E-01  6.8019E-01  2.3541E+00
  1.0613E+00  7.4300E-01  6.7779E-01  2.3252E+00
  1.0712E+00  7.3537E-01  6.7513E-01  2.2931E+00
  1.0811E+00  7.2770E-01  6.7221E-01  2.2578E+00
  1.0912E+00  7.1998E-01  6.6904E-01  2.2192E+00
  1.1013E+00  7.1223E-01  6.6562E-01  2.1773E+00
  1.1116E+00  7.0445E-01  6.6194E-01  2.1321E+00
  1.1219E+00  6.9663E-01  6.5801E-01  2.0836E+00
  1.1324E+00  6.8878E-01  6.5383E-01  2.0319E+00
  1.1429E+00  6.8090E-01  6.4941E-01  1.9769E+00
  1.1535E+00  6.7299E-01  6.4475E-01  1.9188E+00
  1.1642E+00  6.6507E-01  6.3985E-01  1.8576E+00
  1.1751E+00  6.5712E-01  6.3473E-01  1.7934E+00
  1.1860E+00  6.4915E-01  6.2937E-01  1.7263E+00
  1.1970E+00  6.4116E-01  6.2381E-01  1.6566E+00
  1.2082E+00  6.3316E-01  6.1803E-01  1.5842E+00
  1.2194E+00  6.2515E-01  6.1204E-01  1.5096E+00
  1.2307E+00  6.1713E-01  6.0587E-01  1.4328E+00
  1.2422E+00  6.0910E-01  5.9950E-01  1.3541E+00
  1.2537E+00  6.0107E-01  5.9296E-01  1.2739E+00
  1.2654E+00  5.9303E-01  5.8626E-01  1.1923E+00
  1.2772E+00  5.8499E-01  5.7940E-01  1.1098E+00
  1.2891E+00  5.7696E-01  5.7239E-01  1.0268E+00
  1.3010E+00  5.6892E-01  5.6525E-01  9.4350E-01
  1.3131E+00  5.6089E-01  5.5799E-01  8.6050E-01
  1.3254E+00  5.5288E-01  5.5062E-01  7.7820E-01
  1.3377E+00  5.4487E-01  5.4315E-01  6.9711E-01
  1.3501E+00  5.3687E-01  5.3560E-01  6.1773E-01
  1.3627E+00  5.2889E-01  5.2797E-01  5.4062E-01
  1.3754E+00  5.2093E-01  5.2029E-01  4.6636E-01
  1.3882E+00  5.1298E-01  5.1255E-01  3.9555E-01
  1.4011E+00  5.0506E-01  5.0479E-01  3.2882E-01
  1.4141E+00  4.9716E-01  4.9700E-01  2.6682E-01
  1.4273E+00  4.8928E-01  4.8920E-01  2.1023E-01
  1.4405E+00  4.8143E-01  4.8139E-01  1.5973E-01
  1.4539E+00  4.7361E-01  4.7360E-01  1.1605E-01
  1.4674E+00  4.6583E-01  4.6582E-01  7.9901E-02
  1.4811E+00  4.5807E-01  4.5807E-01  5.2015E-02
  1.4949E+00  4.5035E-01  4.5035E-01  3.3130E-02
  1.5088E+00  4.4267E-01  4.4267E-01  2.7031E-02
  1.5228E+00  4.3503E-01  4.3503E-01  2.4148E-02
  1.5370E+00  4.2743E-01  4.2743E-01  2.0332E-02
  1.5513E+00  4.1987E-01  4.1987E-01  1.6688E-02
  1.5657E+00  4.1236E-01  4.1236E-01  1.3256E-02
  1.5803E+00  4.0490E-01  4.0490E-01  1.0121E-02
  1.5950E+00  3.9748E-01  3.9748E-01  7.3552E-03
  1.6098E+00  3.9011E-01  3.9011E-01  5.0147E-03
  1.6248E+00  3.8280E-01  3.8280E-01  3.1361E-03
  1.6399E+00  3.7553E-01  3.7553E-01  1.7323E-03
  1.6551E+00  3.6833E-01  3.6833E-01  7.8715E-04
  1.6705E+00  3.6118E-01  3.6118E-01  2.5084E-04
  1.6861E+00  3.5408E-01  3.5408E-01  3.3678E-05
  1.7017E+00  3.4705E-01  3.4705E-01  0.0000E+00
  1.7176E+00  3.4008E-01  3.4008E-01  0.0000E+00
  1.7335E+00  3.3317E-01  3.3317E-01  0.0000E+00
  1.7497E+00  3.2633E-01  3.2633E-01  0.0000E+00
  1.7659E+00  3.1955E-01  3.1955E-01  0.0000E+00
  1.7824E+00  3.1284E-01  3.1284E-01  0.0000E+00
  1.7989E+00  3.0619E-01  3.0619E-01  0.0000E+00
  1.8157E+00  2.9962E-01  2.9962E-01  0.0000E+00
  1.8326E+00  2.9311E-01  2.9311E-01  0.0000E+00
  1.8496E+00  2.8668E-01  2.8668E-01  0.0000E+00
  1.8668E+00  2.8031E-01  2.8031E-01  0.0000E+00
  1.8842E+00  2.7403E-01  2.7403E-01  0.0000E+00
  1.9017E+00  2.6781E-01  2.6781E-01  0.0000E+00
  1.9194E+00  2.6167E-01  2.6167E-01  0.0000E+00
  1.9372E+00  2.5561E-01  2.5561E-01  0.0000E+00
  1.9553E+00  2.4962E-01  2.4962E-01  0.0000E+00
  1.9734E+00  2.4372E-01  2.4372E-01  0.0000E+00
  1.9918E+00  2.3789E-01  2.3789E-01  0.0000E+00
  2.0103E+00  2.3214E-01  2.3214E-01  0.0000E+00
  2.0290E+00  2.2647E-01  2.2647E-01  0.0000E+00
  2.0479E+00  2.2088E-01  2.2088E-01  0.0000E+00
  2.0669E+00  2.1537E-01  2.1537E-01  0.0000E+00
  2.0862E+00  2.0994E-01  2.0994E-01  0.0000E+00
  2.1056E+00  2.0459E-01  2.0459E-01  0.0000E+00
  2.1252E+00  1.9933E-01  1.9933E-01  0.0000E+00
  2.1449E+00  1.9415E-01  1.9415E-01  0.0000E+00
  2.1649E+00  1.8905E-01  1.8905E-01  0.0000E+00
  2.1850E+00  1.8403E-01  1.8403E-01  0.0000E+00
  2.2053E+00  1.7910E-01  1.7910E-01  0.0000E+00
  2.2258E+00  1.7425E-01  1.7425E-01  0.0000E+00
  2.2465E+00  1.6948E-01  1.6948E-01  0.0000E+00
  2.2674E+00  1.6480E-01  1.6480E-01  0.0000E+00
  2.2885E+00  1.6020E-01  1.6020E-01  0.0000E+00
  2.3098E+00  1.5568E-01  1.5568E-01  0.0000E+00
  2.3313E+00  1.5125E-01  1.5125E-01  0.0000E+00
  2.3530E+00  1.4690E-01  1.4690E-01  0.0000E+00
  2.3749E+00  1.4263E-01  1.4263E-01  0.0000E+00
  2.3970E+00  1.3845E-01  1.3845E-01  0.0000E+00
  2.4192E+00  1.3434E-01  1.3434E-01  0.0000E+00
  2.4417E+00  1.3032E-01  1.3032E-01  0.0000E+00
  2.4645E+00  1.2638E-01  1.2638E-01  0.0000E+00
  2.4874E+00  1.2253E-01  1.2253E-01  0.0000E+00
  2.5105E+00  1.1875E-01  1.1875E-01  0.0000E+00
  2.5339E+00  1.1505E-01  1.1505E-01  0.0000E+00
  2.5574E+00  1.1144E-01  1.1144E-01  0.0000E+00
  2.5812E+00  1.0790E-01  1.0790E-01  0.0000E+00
  2.6052E+00  1.0444E-01  1.0444E-01  0.0000E+00
  2.6295E+00  1.0106E-01  1.0106E-01  0.0000E+00
  2.6539E+00  9.7754E-02  9.7754E-02  0.0000E+00
  2.6786E+00  9.4526E-02  9.4526E-02  0.0000E+00
  2.7035E+00  9.1375E-02  9.1375E-02  0.0000E+00
