 # l=           1 basis function with energy     4.60000000000000     
  0.0000E+00  0.0000E+00  0.0000E+00  0.0000E+00
  8.4554E-09 -2.9619E-15 -6.1381E-16 -4.0186E-15
  1.6990E-08 -1.1958E-14 -2.4781E-15 -1.6224E-14
  2.5603E-08 -2.7157E-14 -5.6279E-15 -3.6846E-14
  3.4297E-08 -4.8730E-14 -1.0099E-14 -6.6116E-14
  4.3071E-08 -7.6854E-14 -1.5927E-14 -1.0427E-13
  5.1927E-08 -1.1171E-13 -2.3150E-14 -1.5156E-13
  6.0865E-08 -1.5347E-13 -3.1806E-14 -2.0823E-13
  6.9887E-08 -2.0234E-13 -4.1933E-14 -2.7453E-13
  7.8992E-08 -2.5850E-13 -5.3572E-14 -3.5073E-13
  8.8183E-08 -3.2215E-13 -6.6762E-14 -4.3709E-13
  9.7458E-08 -3.9349E-13 -8.1545E-14 -5.3388E-13
  1.0682E-07 -4.7272E-13 -9.7965E-14 -6.4137E-13
  1.1627E-07 -5.6005E-13 -1.1606E-13 -7.5986E-13
  1.2581E-07 -6.5569E-13 -1.3588E-13 -8.8962E-13
  1.3543E-07 -7.5986E-13 -1.5747E-13 -1.0310E-12
  1.4515E-07 -8.7279E-13 -1.8087E-13 -1.1842E-12
  1.5495E-07 -9.9469E-13 -2.0614E-13 -1.3496E-12
  1.6485E-07 -1.1258E-12 -2.3331E-13 -1.5275E-12
  1.7484E-07 -1.2664E-12 -2.6244E-13 -1.7182E-12
  1.8492E-07 -1.4166E-12 -2.9358E-13 -1.9221E-12
  1.9509E-07 -1.5768E-12 -3.2678E-13 -2.1394E-12
  2.0536E-07 -1.7472E-12 -3.6209E-13 -2.3706E-12
  2.1573E-07 -1.9280E-12 -3.9956E-13 -2.6159E-12
  2.2619E-07 -2.1196E-12 -4.3926E-13 -2.8758E-12
  2.3675E-07 -2.3221E-12 -4.8122E-13 -3.1506E-12
  2.4741E-07 -2.5359E-12 -5.2552E-13 -3.4406E-12
  2.5817E-07 -2.7611E-12 -5.7221E-13 -3.7463E-12
  2.6902E-07 -2.9983E-12 -6.2135E-13 -4.0680E-12
  2.7998E-07 -3.2475E-12 -6.7300E-13 -4.4061E-12
  2.9104E-07 -3.5091E-12 -7.2722E-13 -4.7611E-12
  3.0220E-07 -3.7834E-12 -7.8407E-13 -5.1333E-12
  3.1347E-07 -4.0708E-12 -8.4362E-13 -5.5232E-12
  3.2484E-07 -4.3715E-12 -9.0594E-13 -5.9312E-12
  3.3632E-07 -4.6858E-12 -9.7108E-13 -6.3577E-12
  3.4790E-07 -5.0142E-12 -1.0391E-12 -6.8031E-12
  3.5959E-07 -5.3568E-12 -1.1101E-12 -7.2681E-12
  3.7139E-07 -5.7142E-12 -1.1842E-12 -7.7529E-12
  3.8330E-07 -6.0865E-12 -1.2614E-12 -8.2581E-12
  3.9532E-07 -6.4743E-12 -1.3417E-12 -8.7842E-12
  4.0745E-07 -6.8778E-12 -1.4253E-12 -9.3316E-12
  4.1970E-07 -7.2974E-12 -1.5123E-12 -9.9010E-12
  4.3206E-07 -7.7335E-12 -1.6027E-12 -1.0493E-11
  4.4453E-07 -8.1865E-12 -1.6965E-12 -1.1107E-11
  4.5712E-07 -8.6568E-12 -1.7940E-12 -1.1745E-11
  4.6983E-07 -9.1447E-12 -1.8951E-12 -1.2407E-11
  4.8265E-07 -9.6508E-12 -2.0000E-12 -1.3094E-11
  4.9560E-07 -1.0175E-11 -2.1087E-12 -1.3806E-11
  5.0866E-07 -1.0719E-11 -2.2214E-12 -1.4543E-11
  5.2185E-07 -1.1282E-11 -2.3380E-12 -1.5307E-11
  5.3516E-07 -1.1865E-11 -2.4588E-12 -1.6098E-11
  5.4859E-07 -1.2468E-11 -2.5838E-12 -1.6916E-11
  5.6215E-07 -1.3092E-11 -2.7131E-12 -1.7763E-11
  5.7583E-07 -1.3737E-11 -2.8468E-12 -1.8638E-11
  5.8964E-07 -1.4404E-11 -2.9850E-12 -1.9543E-11
  6.0358E-07 -1.5093E-11 -3.1278E-12 -2.0478E-11
  6.1765E-07 -1.5805E-11 -3.2753E-12 -2.1443E-11
  6.3185E-07 -1.6540E-11 -3.4276E-12 -2.2441E-11
  6.4619E-07 -1.7298E-11 -3.5849E-12 -2.3470E-11
  6.6065E-07 -1.8082E-11 -3.7472E-12 -2.4533E-11
  6.7525E-07 -1.8890E-11 -3.9147E-12 -2.5629E-11
  6.8999E-07 -1.9723E-11 -4.0874E-12 -2.6760E-11
  7.0486E-07 -2.0583E-11 -4.2655E-12 -2.7926E-11
  7.1987E-07 -2.1469E-11 -4.4491E-12 -2.9128E-11
  7.3502E-07 -2.2382E-11 -4.6384E-12 -3.0367E-11
  7.5031E-07 -2.3323E-11 -4.8334E-12 -3.1644E-11
  7.6575E-07 -2.4292E-11 -5.0343E-12 -3.2959E-11
  7.8133E-07 -2.5291E-11 -5.2412E-12 -3.4314E-11
  7.9705E-07 -2.6319E-11 -5.4542E-12 -3.5709E-11
  8.1292E-07 -2.7377E-11 -5.6736E-12 -3.7145E-11
  8.2893E-07 -2.8466E-11 -5.8993E-12 -3.8623E-11
  8.4510E-07 -2.9588E-11 -6.1317E-12 -4.0144E-11
  8.6142E-07 -3.0741E-11 -6.3707E-12 -4.1709E-11
  8.7788E-07 -3.1928E-11 -6.6166E-12 -4.3319E-11
  8.9450E-07 -3.3148E-11 -6.8695E-12 -4.4975E-11
  9.1128E-07 -3.4403E-11 -7.1296E-12 -4.6677E-11
  9.2821E-07 -3.5693E-11 -7.3970E-12 -4.8428E-11
  9.4530E-07 -3.7020E-11 -7.6719E-12 -5.0228E-11
  9.6255E-07 -3.8383E-11 -7.9544E-12 -5.2077E-11
  9.7995E-07 -3.9784E-11 -8.2447E-12 -5.3978E-11
  9.9752E-07 -4.1223E-11 -8.5430E-12 -5.5931E-11
  1.0153E-06 -4.2702E-11 -8.8494E-12 -5.7937E-11
  1.0332E-06 -4.4221E-11 -9.1642E-12 -5.9998E-11
  1.0512E-06 -4.5780E-11 -9.4875E-12 -6.2114E-11
  1.0695E-06 -4.7382E-11 -9.8194E-12 -6.4288E-11
  1.0879E-06 -4.9027E-11 -1.0160E-11 -6.6519E-11
  1.1064E-06 -5.0715E-11 -1.0510E-11 -6.8810E-11
  1.1252E-06 -5.2448E-11 -1.0869E-11 -7.1161E-11
  1.1441E-06 -5.4227E-11 -1.1238E-11 -7.3575E-11
  1.1632E-06 -5.6053E-11 -1.1616E-11 -7.6052E-11
  1.1825E-06 -5.7926E-11 -1.2004E-11 -7.8593E-11
  1.2019E-06 -5.9847E-11 -1.2403E-11 -8.1200E-11
  1.2216E-06 -6.1818E-11 -1.2811E-11 -8.3875E-11
  1.2414E-06 -6.3840E-11 -1.3230E-11 -8.6618E-11
  1.2614E-06 -6.5914E-11 -1.3660E-11 -8.9432E-11
  1.2816E-06 -6.8041E-11 -1.4101E-11 -9.2317E-11
  1.3019E-06 -7.0222E-11 -1.4553E-11 -9.5276E-11
  1.3225E-06 -7.2458E-11 -1.5016E-11 -9.8310E-11
  1.3433E-06 -7.4750E-11 -1.5491E-11 -1.0142E-10
  1.3642E-06 -7.7100E-11 -1.5978E-11 -1.0461E-10
  1.3854E-06 -7.9508E-11 -1.6477E-11 -1.0788E-10
  1.4067E-06 -8.1976E-11 -1.6989E-11 -1.1122E-10
  1.4282E-06 -8.4506E-11 -1.7513E-11 -1.1466E-10
  1.4500E-06 -8.7098E-11 -1.8050E-11 -1.1817E-10
  1.4719E-06 -8.9754E-11 -1.8601E-11 -1.2178E-10
  1.4941E-06 -9.2475E-11 -1.9164E-11 -1.2547E-10
  1.5164E-06 -9.5263E-11 -1.9742E-11 -1.2925E-10
  1.5390E-06 -9.8118E-11 -2.0334E-11 -1.3313E-10
  1.5617E-06 -1.0104E-10 -2.0940E-11 -1.3709E-10
  1.5847E-06 -1.0404E-10 -2.1561E-11 -1.4116E-10
  1.6079E-06 -1.0711E-10 -2.2197E-11 -1.4532E-10
  1.6313E-06 -1.1025E-10 -2.2848E-11 -1.4958E-10
  1.6550E-06 -1.1346E-10 -2.3514E-11 -1.5395E-10
  1.6788E-06 -1.1676E-10 -2.4197E-11 -1.5842E-10
  1.7029E-06 -1.2013E-10 -2.4896E-11 -1.6299E-10
  1.7272E-06 -1.2358E-10 -2.5611E-11 -1.6768E-10
  1.7517E-06 -1.2712E-10 -2.6344E-11 -1.7247E-10
  1.7764E-06 -1.3073E-10 -2.7093E-11 -1.7738E-10
  1.8014E-06 -1.3444E-10 -2.7860E-11 -1.8240E-10
  1.8266E-06 -1.3823E-10 -2.8646E-11 -1.8754E-10
  1.8521E-06 -1.4210E-10 -2.9449E-11 -1.9280E-10
  1.8777E-06 -1.4607E-10 -3.0272E-11 -1.9819E-10
  1.9037E-06 -1.5013E-10 -3.1113E-11 -2.0370E-10
  1.9298E-06 -1.5429E-10 -3.1974E-11 -2.0933E-10
  1.9562E-06 -1.5854E-10 -3.2855E-11 -2.1510E-10
  1.9829E-06 -1.6289E-10 -3.3756E-11 -2.2100E-10
  2.0098E-06 -1.6734E-10 -3.4679E-11 -2.2704E-10
  2.0369E-06 -1.7189E-10 -3.5622E-11 -2.3321E-10
  2.0643E-06 -1.7654E-10 -3.6587E-11 -2.3953E-10
  2.0920E-06 -1.8130E-10 -3.7573E-11 -2.4599E-10
  2.1199E-06 -1.8617E-10 -3.8583E-11 -2.5260E-10
  2.1481E-06 -1.9116E-10 -3.9615E-11 -2.5936E-10
  2.1765E-06 -1.9625E-10 -4.0671E-11 -2.6627E-10
  2.2052E-06 -2.0146E-10 -4.1750E-11 -2.7334E-10
  2.2342E-06 -2.0679E-10 -4.2854E-11 -2.8057E-10
  2.2634E-06 -2.1223E-10 -4.3983E-11 -2.8796E-10
  2.2929E-06 -2.1780E-10 -4.5138E-11 -2.9552E-10
  2.3227E-06 -2.2350E-10 -4.6318E-11 -3.0324E-10
  2.3528E-06 -2.2932E-10 -4.7524E-11 -3.1114E-10
  2.3831E-06 -2.3527E-10 -4.8758E-11 -3.1922E-10
  2.4137E-06 -2.4136E-10 -5.0019E-11 -3.2747E-10
  2.4446E-06 -2.4758E-10 -5.1308E-11 -3.3591E-10
  2.4758E-06 -2.5394E-10 -5.2626E-11 -3.4454E-10
  2.5073E-06 -2.6044E-10 -5.3973E-11 -3.5336E-10
  2.5391E-06 -2.6708E-10 -5.5349E-11 -3.6237E-10
  2.5711E-06 -2.7387E-10 -5.6756E-11 -3.7158E-10
  2.6035E-06 -2.8081E-10 -5.8195E-11 -3.8100E-10
  2.6362E-06 -2.8790E-10 -5.9664E-11 -3.9062E-10
  2.6692E-06 -2.9515E-10 -6.1166E-11 -4.0045E-10
  2.7024E-06 -3.0255E-10 -6.2701E-11 -4.1050E-10
  2.7360E-06 -3.1012E-10 -6.4269E-11 -4.2077E-10
  2.7699E-06 -3.1785E-10 -6.5872E-11 -4.3126E-10
  2.8042E-06 -3.2575E-10 -6.7510E-11 -4.4198E-10
  2.8387E-06 -3.3383E-10 -6.9183E-11 -4.5294E-10
  2.8735E-06 -3.4208E-10 -7.0892E-11 -4.6413E-10
  2.9087E-06 -3.5050E-10 -7.2639E-11 -4.7557E-10
  2.9442E-06 -3.5911E-10 -7.4423E-11 -4.8725E-10
  2.9801E-06 -3.6791E-10 -7.6246E-11 -4.9918E-10
  3.0162E-06 -3.7690E-10 -7.8108E-11 -5.1137E-10
  3.0528E-06 -3.8608E-10 -8.0011E-11 -5.2383E-10
  3.0896E-06 -3.9545E-10 -8.1954E-11 -5.3655E-10
  3.1268E-06 -4.0503E-10 -8.3939E-11 -5.4955E-10
  3.1643E-06 -4.1481E-10 -8.5966E-11 -5.6282E-10
  3.2022E-06 -4.2481E-10 -8.8037E-11 -5.7638E-10
  3.2405E-06 -4.3501E-10 -9.0152E-11 -5.9023E-10
  3.2791E-06 -4.4544E-10 -9.2313E-11 -6.0437E-10
  3.3180E-06 -4.5608E-10 -9.4519E-11 -6.1881E-10
  3.3573E-06 -4.6695E-10 -9.6772E-11 -6.3357E-10
  3.3970E-06 -4.7806E-10 -9.9073E-11 -6.4863E-10
  3.4371E-06 -4.8940E-10 -1.0142E-10 -6.6402E-10
  3.4775E-06 -5.0098E-10 -1.0382E-10 -6.7973E-10
  3.5183E-06 -5.1280E-10 -1.0627E-10 -6.9577E-10
  3.5595E-06 -5.2487E-10 -1.0878E-10 -7.1215E-10
  3.6010E-06 -5.3720E-10 -1.1133E-10 -7.2888E-10
  3.6430E-06 -5.4979E-10 -1.1394E-10 -7.4596E-10
  3.6853E-06 -5.6265E-10 -1.1660E-10 -7.6340E-10
  3.7280E-06 -5.7577E-10 -1.1932E-10 -7.8121E-10
  3.7712E-06 -5.8917E-10 -1.2210E-10 -7.9939E-10
  3.8147E-06 -6.0285E-10 -1.2494E-10 -8.1795E-10
  3.8586E-06 -6.1681E-10 -1.2783E-10 -8.3690E-10
  3.9030E-06 -6.3107E-10 -1.3078E-10 -8.5625E-10
  3.9477E-06 -6.4563E-10 -1.3380E-10 -8.7600E-10
  3.9929E-06 -6.6049E-10 -1.3688E-10 -8.9616E-10
  4.0385E-06 -6.7566E-10 -1.4002E-10 -9.1674E-10
  4.0845E-06 -6.9114E-10 -1.4323E-10 -9.3775E-10
  4.1310E-06 -7.0695E-10 -1.4651E-10 -9.5920E-10
  4.1779E-06 -7.2309E-10 -1.4985E-10 -9.8109E-10
  4.2252E-06 -7.3956E-10 -1.5327E-10 -1.0034E-09
  4.2729E-06 -7.5637E-10 -1.5675E-10 -1.0263E-09
  4.3211E-06 -7.7353E-10 -1.6031E-10 -1.0495E-09
  4.3698E-06 -7.9104E-10 -1.6394E-10 -1.0733E-09
  4.4189E-06 -8.0892E-10 -1.6764E-10 -1.0976E-09
  4.4684E-06 -8.2716E-10 -1.7142E-10 -1.1223E-09
  4.5184E-06 -8.4578E-10 -1.7528E-10 -1.1476E-09
  4.5689E-06 -8.6479E-10 -1.7922E-10 -1.1734E-09
  4.6199E-06 -8.8418E-10 -1.8324E-10 -1.1997E-09
  4.6713E-06 -9.0398E-10 -1.8734E-10 -1.2265E-09
  4.7232E-06 -9.2418E-10 -1.9153E-10 -1.2539E-09
  4.7756E-06 -9.4479E-10 -1.9580E-10 -1.2819E-09
  4.8285E-06 -9.6583E-10 -2.0016E-10 -1.3104E-09
  4.8818E-06 -9.8729E-10 -2.0461E-10 -1.3396E-09
  4.9357E-06 -1.0092E-09 -2.0915E-10 -1.3693E-09
  4.9900E-06 -1.0316E-09 -2.1378E-10 -1.3996E-09
  5.0449E-06 -1.0544E-09 -2.1851E-10 -1.4306E-09
  5.1003E-06 -1.0776E-09 -2.2333E-10 -1.4622E-09
  5.1562E-06 -1.1014E-09 -2.2825E-10 -1.4944E-09
  5.2126E-06 -1.1256E-09 -2.3328E-10 -1.5273E-09
  5.2695E-06 -1.1503E-09 -2.3840E-10 -1.5608E-09
  5.3270E-06 -1.1756E-09 -2.4363E-10 -1.5950E-09
  5.3850E-06 -1.2013E-09 -2.4896E-10 -1.6300E-09
  5.4435E-06 -1.2276E-09 -2.5441E-10 -1.6656E-09
  5.5026E-06 -1.2544E-09 -2.5996E-10 -1.7019E-09
  5.5623E-06 -1.2817E-09 -2.6562E-10 -1.7390E-09
  5.6224E-06 -1.3096E-09 -2.7140E-10 -1.7769E-09
  5.6832E-06 -1.3380E-09 -2.7730E-10 -1.8155E-09
  5.7445E-06 -1.3671E-09 -2.8332E-10 -1.8549E-09
  5.8064E-06 -1.3967E-09 -2.8945E-10 -1.8950E-09
  5.8689E-06 -1.4269E-09 -2.9571E-10 -1.9360E-09
  5.9319E-06 -1.4577E-09 -3.0210E-10 -1.9778E-09
  5.9955E-06 -1.4891E-09 -3.0862E-10 -2.0205E-09
  6.0597E-06 -1.5212E-09 -3.1526E-10 -2.0640E-09
  6.1246E-06 -1.5539E-09 -3.2204E-10 -2.1084E-09
  6.1900E-06 -1.5873E-09 -3.2896E-10 -2.1537E-09
  6.2560E-06 -1.6213E-09 -3.3601E-10 -2.1999E-09
  6.3227E-06 -1.6561E-09 -3.4321E-10 -2.2470E-09
  6.3899E-06 -1.6915E-09 -3.5055E-10 -2.2951E-09
  6.4578E-06 -1.7276E-09 -3.5804E-10 -2.3441E-09
  6.5263E-06 -1.7645E-09 -3.6568E-10 -2.3941E-09
  6.5955E-06 -1.8021E-09 -3.7347E-10 -2.4451E-09
  6.6653E-06 -1.8404E-09 -3.8142E-10 -2.4971E-09
  6.7357E-06 -1.8795E-09 -3.8952E-10 -2.5502E-09
  6.8068E-06 -1.9194E-09 -3.9779E-10 -2.6043E-09
  6.8786E-06 -1.9601E-09 -4.0622E-10 -2.6595E-09
  6.9510E-06 -2.0016E-09 -4.1482E-10 -2.7158E-09
  7.0241E-06 -2.0439E-09 -4.2359E-10 -2.7733E-09
  7.0979E-06 -2.0871E-09 -4.3254E-10 -2.8318E-09
  7.1724E-06 -2.1311E-09 -4.4166E-10 -2.8916E-09
  7.2476E-06 -2.1760E-09 -4.5097E-10 -2.9525E-09
  7.3234E-06 -2.2218E-09 -4.6046E-10 -3.0146E-09
  7.4000E-06 -2.2685E-09 -4.7014E-10 -3.0780E-09
  7.4773E-06 -2.3161E-09 -4.8001E-10 -3.1426E-09
  7.5553E-06 -2.3647E-09 -4.9008E-10 -3.2085E-09
  7.6340E-06 -2.4143E-09 -5.0034E-10 -3.2757E-09
  7.7135E-06 -2.4648E-09 -5.1081E-10 -3.3443E-09
  7.7937E-06 -2.5163E-09 -5.2149E-10 -3.4142E-09
  7.8746E-06 -2.5688E-09 -5.3238E-10 -3.4855E-09
  7.9563E-06 -2.6224E-09 -5.4348E-10 -3.5582E-09
  8.0388E-06 -2.6770E-09 -5.5481E-10 -3.6323E-09
  8.1220E-06 -2.7328E-09 -5.6635E-10 -3.7079E-09
  8.2060E-06 -2.7896E-09 -5.7813E-10 -3.7850E-09
  8.2908E-06 -2.8475E-09 -5.9014E-10 -3.8636E-09
  8.3763E-06 -2.9066E-09 -6.0238E-10 -3.9438E-09
  8.4627E-06 -2.9668E-09 -6.1487E-10 -4.0255E-09
  8.5499E-06 -3.0283E-09 -6.2760E-10 -4.1089E-09
  8.6378E-06 -3.0909E-09 -6.4058E-10 -4.1939E-09
  8.7266E-06 -3.1548E-09 -6.5382E-10 -4.2805E-09
  8.8163E-06 -3.2199E-09 -6.6732E-10 -4.3689E-09
  8.9067E-06 -3.2863E-09 -6.8108E-10 -4.4590E-09
  8.9980E-06 -3.3540E-09 -6.9512E-10 -4.5509E-09
  9.0902E-06 -3.4231E-09 -7.0943E-10 -4.6446E-09
  9.1832E-06 -3.4935E-09 -7.2402E-10 -4.7401E-09
  9.2770E-06 -3.5653E-09 -7.3889E-10 -4.8375E-09
  9.3718E-06 -3.6384E-09 -7.5406E-10 -4.9368E-09
  9.4674E-06 -3.7131E-09 -7.6953E-10 -5.0381E-09
  9.5639E-06 -3.7892E-09 -7.8530E-10 -5.1413E-09
  9.6613E-06 -3.8667E-09 -8.0138E-10 -5.2466E-09
  9.7596E-06 -3.9458E-09 -8.1777E-10 -5.3539E-09
  9.8589E-06 -4.0265E-09 -8.3448E-10 -5.4633E-09
  9.9590E-06 -4.1087E-09 -8.5152E-10 -5.5749E-09
  1.0060E-05 -4.1925E-09 -8.6890E-10 -5.6886E-09
  1.0162E-05 -4.2780E-09 -8.8661E-10 -5.8046E-09
  1.0265E-05 -4.3651E-09 -9.0467E-10 -5.9228E-09
  1.0369E-05 -4.4540E-09 -9.2308E-10 -6.0434E-09
  1.0474E-05 -4.5445E-09 -9.4185E-10 -6.1663E-09
  1.0580E-05 -4.6369E-09 -9.6099E-10 -6.2916E-09
  1.0687E-05 -4.7310E-09 -9.8050E-10 -6.4193E-09
  1.0795E-05 -4.8270E-09 -1.0004E-09 -6.5495E-09
  1.0903E-05 -4.9248E-09 -1.0207E-09 -6.6823E-09
  1.1013E-05 -5.0246E-09 -1.0413E-09 -6.8176E-09
  1.1124E-05 -5.1263E-09 -1.0624E-09 -6.9556E-09
  1.1236E-05 -5.2299E-09 -1.0839E-09 -7.0963E-09
  1.1349E-05 -5.3356E-09 -1.1058E-09 -7.2397E-09
  1.1463E-05 -5.4433E-09 -1.1281E-09 -7.3859E-09
  1.1578E-05 -5.5532E-09 -1.1509E-09 -7.5349E-09
  1.1694E-05 -5.6651E-09 -1.1741E-09 -7.6868E-09
  1.1811E-05 -5.7793E-09 -1.1978E-09 -7.8417E-09
  1.1930E-05 -5.8956E-09 -1.2219E-09 -7.9996E-09
  1.2049E-05 -6.0142E-09 -1.2465E-09 -8.1605E-09
  1.2170E-05 -6.1352E-09 -1.2715E-09 -8.3246E-09
  1.2291E-05 -6.2584E-09 -1.2971E-09 -8.4919E-09
  1.2414E-05 -6.3841E-09 -1.3231E-09 -8.6624E-09
  1.2538E-05 -6.5122E-09 -1.3497E-09 -8.8362E-09
  1.2663E-05 -6.6427E-09 -1.3767E-09 -9.0133E-09
  1.2789E-05 -6.7758E-09 -1.4043E-09 -9.1939E-09
  1.2917E-05 -6.9115E-09 -1.4324E-09 -9.3780E-09
  1.3045E-05 -7.0498E-09 -1.4611E-09 -9.5657E-09
  1.3175E-05 -7.1908E-09 -1.4903E-09 -9.7570E-09
  1.3306E-05 -7.3345E-09 -1.5201E-09 -9.9520E-09
  1.3438E-05 -7.4809E-09 -1.5504E-09 -1.0151E-08
  1.3572E-05 -7.6302E-09 -1.5814E-09 -1.0353E-08
  1.3706E-05 -7.7824E-09 -1.6129E-09 -1.0560E-08
  1.3842E-05 -7.9376E-09 -1.6451E-09 -1.0770E-08
  1.3980E-05 -8.0957E-09 -1.6779E-09 -1.0985E-08
  1.4118E-05 -8.2569E-09 -1.7113E-09 -1.1204E-08
  1.4258E-05 -8.4211E-09 -1.7453E-09 -1.1427E-08
  1.4399E-05 -8.5886E-09 -1.7800E-09 -1.1654E-08
  1.4541E-05 -8.7593E-09 -1.8154E-09 -1.1885E-08
  1.4685E-05 -8.9333E-09 -1.8515E-09 -1.2121E-08
  1.4830E-05 -9.1106E-09 -1.8882E-09 -1.2362E-08
  1.4976E-05 -9.2913E-09 -1.9257E-09 -1.2607E-08
  1.5124E-05 -9.4756E-09 -1.9639E-09 -1.2857E-08
  1.5273E-05 -9.6633E-09 -2.0028E-09 -1.3112E-08
  1.5424E-05 -9.8547E-09 -2.0424E-09 -1.3372E-08
  1.5576E-05 -1.0050E-08 -2.0829E-09 -1.3637E-08
  1.5729E-05 -1.0249E-08 -2.1241E-09 -1.3906E-08
  1.5884E-05 -1.0451E-08 -2.1661E-09 -1.4181E-08
  1.6040E-05 -1.0658E-08 -2.2089E-09 -1.4462E-08
  1.6198E-05 -1.0868E-08 -2.2525E-09 -1.4747E-08
  1.6357E-05 -1.1083E-08 -2.2970E-09 -1.5038E-08
  1.6517E-05 -1.1302E-08 -2.3423E-09 -1.5335E-08
  1.6679E-05 -1.1524E-08 -2.3885E-09 -1.5638E-08
  1.6843E-05 -1.1752E-08 -2.4356E-09 -1.5946E-08
  1.7008E-05 -1.1983E-08 -2.4836E-09 -1.6260E-08
  1.7175E-05 -1.2219E-08 -2.5325E-09 -1.6580E-08
  1.7343E-05 -1.2460E-08 -2.5823E-09 -1.6906E-08
  1.7513E-05 -1.2705E-08 -2.6331E-09 -1.7239E-08
  1.7684E-05 -1.2954E-08 -2.6849E-09 -1.7578E-08
  1.7857E-05 -1.3209E-08 -2.7377E-09 -1.7924E-08
  1.8032E-05 -1.3469E-08 -2.7915E-09 -1.8276E-08
  1.8208E-05 -1.3733E-08 -2.8463E-09 -1.8634E-08
  1.8386E-05 -1.4002E-08 -2.9021E-09 -1.9000E-08
  1.8565E-05 -1.4277E-08 -2.9591E-09 -1.9373E-08
  1.8746E-05 -1.4557E-08 -3.0171E-09 -1.9753E-08
  1.8929E-05 -1.4842E-08 -3.0762E-09 -2.0140E-08
  1.9113E-05 -1.5133E-08 -3.1365E-09 -2.0534E-08
  1.9300E-05 -1.5429E-08 -3.1979E-09 -2.0937E-08
  1.9488E-05 -1.5731E-08 -3.2605E-09 -2.1346E-08
  1.9677E-05 -1.6039E-08 -3.3243E-09 -2.1764E-08
  1.9869E-05 -1.6353E-08 -3.3893E-09 -2.2190E-08
  2.0062E-05 -1.6672E-08 -3.4555E-09 -2.2623E-08
  2.0257E-05 -1.6998E-08 -3.5231E-09 -2.3065E-08
  2.0454E-05 -1.7330E-08 -3.5919E-09 -2.3516E-08
  2.0653E-05 -1.7669E-08 -3.6620E-09 -2.3975E-08
  2.0853E-05 -1.8013E-08 -3.7335E-09 -2.4443E-08
  2.1056E-05 -1.8365E-08 -3.8063E-09 -2.4920E-08
  2.1260E-05 -1.8723E-08 -3.8805E-09 -2.5406E-08
  2.1466E-05 -1.9088E-08 -3.9561E-09 -2.5901E-08
  2.1674E-05 -1.9460E-08 -4.0332E-09 -2.6405E-08
  2.1884E-05 -1.9839E-08 -4.1118E-09 -2.6920E-08
  2.2096E-05 -2.0225E-08 -4.1918E-09 -2.7444E-08
  2.2310E-05 -2.0618E-08 -4.2734E-09 -2.7978E-08
  2.2526E-05 -2.1019E-08 -4.3565E-09 -2.8522E-08
  2.2744E-05 -2.1428E-08 -4.4413E-09 -2.9077E-08
  2.2964E-05 -2.1845E-08 -4.5276E-09 -2.9642E-08
  2.3186E-05 -2.2269E-08 -4.6156E-09 -3.0218E-08
  2.3410E-05 -2.2702E-08 -4.7052E-09 -3.0805E-08
  2.3637E-05 -2.3142E-08 -4.7966E-09 -3.1403E-08
  2.3865E-05 -2.3592E-08 -4.8897E-09 -3.2013E-08
  2.4095E-05 -2.4049E-08 -4.9846E-09 -3.2634E-08
  2.4328E-05 -2.4516E-08 -5.0813E-09 -3.3267E-08
  2.4563E-05 -2.4991E-08 -5.1798E-09 -3.3912E-08
  2.4800E-05 -2.5475E-08 -5.2802E-09 -3.4569E-08
  2.5039E-05 -2.5969E-08 -5.3825E-09 -3.5239E-08
  2.5280E-05 -2.6472E-08 -5.4868E-09 -3.5922E-08
  2.5524E-05 -2.6985E-08 -5.5930E-09 -3.6617E-08
  2.5769E-05 -2.7507E-08 -5.7013E-09 -3.7326E-08
  2.6018E-05 -2.8039E-08 -5.8116E-09 -3.8048E-08
  2.6268E-05 -2.8582E-08 -5.9240E-09 -3.8784E-08
  2.6521E-05 -2.9134E-08 -6.0386E-09 -3.9535E-08
  2.6776E-05 -2.9697E-08 -6.1553E-09 -4.0299E-08
  2.7033E-05 -3.0271E-08 -6.2743E-09 -4.1078E-08
  2.7293E-05 -3.0856E-08 -6.3955E-09 -4.1871E-08
  2.7556E-05 -3.1452E-08 -6.5190E-09 -4.2680E-08
  2.7820E-05 -3.2059E-08 -6.6449E-09 -4.3504E-08
  2.8088E-05 -3.2678E-08 -6.7732E-09 -4.4344E-08
  2.8357E-05 -3.3309E-08 -6.9038E-09 -4.5199E-08
  2.8629E-05 -3.3951E-08 -7.0370E-09 -4.6071E-08
  2.8904E-05 -3.4606E-08 -7.1727E-09 -4.6960E-08
  2.9181E-05 -3.5273E-08 -7.3110E-09 -4.7865E-08
  2.9461E-05 -3.5953E-08 -7.4519E-09 -4.8788E-08
  2.9744E-05 -3.6645E-08 -7.5955E-09 -4.9728E-08
  3.0029E-05 -3.7351E-08 -7.7418E-09 -5.0686E-08
  3.0317E-05 -3.8070E-08 -7.8909E-09 -5.1662E-08
  3.0607E-05 -3.8803E-08 -8.0428E-09 -5.2656E-08
  3.0900E-05 -3.9550E-08 -8.1976E-09 -5.3670E-08
  3.1196E-05 -4.0311E-08 -8.3553E-09 -5.4702E-08
  3.1495E-05 -4.1086E-08 -8.5161E-09 -5.5754E-08
  3.1796E-05 -4.1876E-08 -8.6798E-09 -5.6827E-08
  3.2100E-05 -4.2681E-08 -8.8467E-09 -5.7919E-08
  3.2407E-05 -4.3501E-08 -9.0167E-09 -5.9032E-08
  3.2717E-05 -4.4337E-08 -9.1900E-09 -6.0167E-08
  3.3030E-05 -4.5189E-08 -9.3665E-09 -6.1323E-08
  3.3346E-05 -4.6057E-08 -9.5464E-09 -6.2500E-08
  3.3664E-05 -4.6941E-08 -9.7297E-09 -6.3700E-08
  3.3986E-05 -4.7842E-08 -9.9165E-09 -6.4923E-08
  3.4310E-05 -4.8760E-08 -1.0107E-08 -6.6169E-08
  3.4638E-05 -4.9695E-08 -1.0301E-08 -6.7438E-08
  3.4969E-05 -5.0648E-08 -1.0498E-08 -6.8732E-08
  3.5302E-05 -5.1620E-08 -1.0700E-08 -7.0050E-08
  3.5639E-05 -5.2609E-08 -1.0905E-08 -7.1393E-08
  3.5979E-05 -5.3617E-08 -1.1114E-08 -7.2762E-08
  3.6322E-05 -5.4645E-08 -1.1327E-08 -7.4156E-08
  3.6668E-05 -5.5692E-08 -1.1544E-08 -7.5577E-08
  3.7018E-05 -5.6758E-08 -1.1765E-08 -7.7024E-08
  3.7371E-05 -5.7845E-08 -1.1990E-08 -7.8499E-08
  3.7727E-05 -5.8952E-08 -1.2220E-08 -8.0002E-08
  3.8086E-05 -6.0081E-08 -1.2454E-08 -8.1533E-08
  3.8449E-05 -6.1230E-08 -1.2692E-08 -8.3094E-08
  3.8815E-05 -6.2402E-08 -1.2935E-08 -8.4683E-08
  3.9184E-05 -6.3595E-08 -1.3182E-08 -8.6303E-08
  3.9557E-05 -6.4811E-08 -1.3434E-08 -8.7954E-08
  3.9934E-05 -6.6050E-08 -1.3691E-08 -8.9635E-08
  4.0313E-05 -6.7313E-08 -1.3953E-08 -9.1349E-08
  4.0697E-05 -6.8599E-08 -1.4219E-08 -9.3095E-08
  4.1084E-05 -6.9910E-08 -1.4491E-08 -9.4874E-08
  4.1474E-05 -7.1245E-08 -1.4768E-08 -9.6686E-08
  4.1869E-05 -7.2606E-08 -1.5050E-08 -9.8533E-08
  4.2266E-05 -7.3992E-08 -1.5337E-08 -1.0041E-07
  4.2668E-05 -7.5405E-08 -1.5630E-08 -1.0233E-07
  4.3073E-05 -7.6844E-08 -1.5929E-08 -1.0428E-07
  4.3482E-05 -7.8310E-08 -1.6233E-08 -1.0628E-07
  4.3895E-05 -7.9804E-08 -1.6542E-08 -1.0830E-07
  4.4312E-05 -8.1326E-08 -1.6858E-08 -1.1037E-07
  4.4733E-05 -8.2878E-08 -1.7180E-08 -1.1247E-07
  4.5157E-05 -8.4458E-08 -1.7507E-08 -1.1462E-07
  4.5586E-05 -8.6068E-08 -1.7841E-08 -1.1680E-07
  4.6018E-05 -8.7708E-08 -1.8181E-08 -1.1903E-07
  4.6455E-05 -8.9380E-08 -1.8528E-08 -1.2130E-07
  4.6895E-05 -9.1083E-08 -1.8881E-08 -1.2361E-07
  4.7340E-05 -9.2818E-08 -1.9240E-08 -1.2597E-07
  4.7788E-05 -9.4586E-08 -1.9607E-08 -1.2837E-07
  4.8241E-05 -9.6387E-08 -1.9980E-08 -1.3081E-07
  4.8698E-05 -9.8222E-08 -2.0361E-08 -1.3330E-07
  4.9160E-05 -1.0009E-07 -2.0748E-08 -1.3584E-07
  4.9626E-05 -1.0200E-07 -2.1143E-08 -1.3843E-07
  5.0096E-05 -1.0394E-07 -2.1546E-08 -1.4106E-07
  5.0570E-05 -1.0592E-07 -2.1956E-08 -1.4374E-07
  5.1049E-05 -1.0793E-07 -2.2374E-08 -1.4648E-07
  5.1532E-05 -1.0998E-07 -2.2799E-08 -1.4927E-07
  5.2020E-05 -1.1207E-07 -2.3233E-08 -1.5210E-07
  5.2512E-05 -1.1421E-07 -2.3675E-08 -1.5500E-07
  5.3009E-05 -1.1638E-07 -2.4125E-08 -1.5794E-07
  5.3510E-05 -1.1859E-07 -2.4583E-08 -1.6095E-07
  5.4017E-05 -1.2084E-07 -2.5051E-08 -1.6401E-07
  5.4527E-05 -1.2314E-07 -2.5527E-08 -1.6712E-07
  5.5043E-05 -1.2548E-07 -2.6012E-08 -1.7030E-07
  5.5564E-05 -1.2786E-07 -2.6506E-08 -1.7353E-07
  5.6089E-05 -1.3029E-07 -2.7009E-08 -1.7683E-07
  5.6619E-05 -1.3276E-07 -2.7522E-08 -1.8019E-07
  5.7154E-05 -1.3529E-07 -2.8045E-08 -1.8361E-07
  5.7694E-05 -1.3785E-07 -2.8578E-08 -1.8710E-07
  5.8239E-05 -1.4047E-07 -2.9120E-08 -1.9065E-07
  5.8789E-05 -1.4314E-07 -2.9673E-08 -1.9427E-07
  5.9344E-05 -1.4585E-07 -3.0236E-08 -1.9795E-07
  5.9905E-05 -1.4862E-07 -3.0810E-08 -2.0171E-07
  6.0471E-05 -1.5144E-07 -3.1394E-08 -2.0554E-07
  6.1041E-05 -1.5431E-07 -3.1990E-08 -2.0944E-07
  6.1618E-05 -1.5724E-07 -3.2597E-08 -2.1341E-07
  6.2199E-05 -1.6022E-07 -3.3215E-08 -2.1746E-07
  6.2786E-05 -1.6326E-07 -3.3845E-08 -2.2158E-07
  6.3379E-05 -1.6635E-07 -3.4486E-08 -2.2578E-07
  6.3977E-05 -1.6951E-07 -3.5140E-08 -2.3006E-07
  6.4580E-05 -1.7272E-07 -3.5806E-08 -2.3442E-07
  6.5189E-05 -1.7599E-07 -3.6485E-08 -2.3887E-07
  6.5804E-05 -1.7933E-07 -3.7176E-08 -2.4339E-07
  6.6424E-05 -1.8272E-07 -3.7881E-08 -2.4800E-07
  6.7051E-05 -1.8618E-07 -3.8598E-08 -2.5270E-07
  6.7683E-05 -1.8971E-07 -3.9330E-08 -2.5749E-07
  6.8321E-05 -1.9330E-07 -4.0074E-08 -2.6237E-07
  6.8965E-05 -1.9696E-07 -4.0833E-08 -2.6734E-07
  6.9615E-05 -2.0069E-07 -4.1607E-08 -2.7240E-07
  7.0270E-05 -2.0449E-07 -4.2394E-08 -2.7756E-07
  7.0933E-05 -2.0836E-07 -4.3197E-08 -2.8281E-07
  7.1601E-05 -2.1230E-07 -4.4015E-08 -2.8816E-07
  7.2275E-05 -2.1632E-07 -4.4848E-08 -2.9362E-07
  7.2956E-05 -2.2041E-07 -4.5696E-08 -2.9917E-07
  7.3643E-05 -2.2458E-07 -4.6561E-08 -3.0484E-07
  7.4336E-05 -2.2883E-07 -4.7442E-08 -3.1060E-07
  7.5036E-05 -2.3316E-07 -4.8340E-08 -3.1648E-07
  7.5742E-05 -2.3757E-07 -4.9254E-08 -3.2247E-07
  7.6455E-05 -2.4206E-07 -5.0186E-08 -3.2856E-07
  7.7175E-05 -2.4664E-07 -5.1135E-08 -3.3478E-07
  7.7901E-05 -2.5130E-07 -5.2102E-08 -3.4111E-07
  7.8634E-05 -2.5605E-07 -5.3087E-08 -3.4756E-07
  7.9374E-05 -2.6089E-07 -5.4090E-08 -3.5413E-07
  8.0121E-05 -2.6582E-07 -5.5113E-08 -3.6082E-07
  8.0874E-05 -2.7085E-07 -5.6155E-08 -3.6764E-07
  8.1635E-05 -2.7596E-07 -5.7216E-08 -3.7459E-07
  8.2403E-05 -2.8118E-07 -5.8297E-08 -3.8167E-07
  8.3178E-05 -2.8649E-07 -5.9399E-08 -3.8888E-07
  8.3960E-05 -2.9190E-07 -6.0521E-08 -3.9623E-07
  8.4749E-05 -2.9742E-07 -6.1664E-08 -4.0372E-07
  8.5546E-05 -3.0303E-07 -6.2829E-08 -4.1134E-07
  8.6350E-05 -3.0875E-07 -6.4016E-08 -4.1911E-07
  8.7162E-05 -3.1458E-07 -6.5225E-08 -4.2703E-07
  8.7981E-05 -3.2052E-07 -6.6457E-08 -4.3509E-07
  8.8807E-05 -3.2657E-07 -6.7711E-08 -4.4331E-07
  8.9642E-05 -3.3274E-07 -6.8990E-08 -4.5168E-07
  9.0484E-05 -3.3902E-07 -7.0292E-08 -4.6020E-07
  9.1334E-05 -3.4542E-07 -7.1619E-08 -4.6889E-07
  9.2192E-05 -3.5194E-07 -7.2971E-08 -4.7774E-07
  9.3058E-05 -3.5858E-07 -7.4348E-08 -4.8676E-07
  9.3932E-05 -3.6534E-07 -7.5751E-08 -4.9594E-07
  9.4814E-05 -3.7223E-07 -7.7181E-08 -5.0530E-07
  9.5705E-05 -3.7925E-07 -7.8637E-08 -5.1484E-07
  9.6603E-05 -3.8641E-07 -8.0121E-08 -5.2455E-07
  9.7510E-05 -3.9370E-07 -8.1632E-08 -5.3445E-07
  9.8425E-05 -4.0112E-07 -8.3172E-08 -5.4453E-07
  9.9349E-05 -4.0868E-07 -8.4741E-08 -5.5480E-07
  1.0028E-04 -4.1639E-07 -8.6339E-08 -5.6526E-07
  1.0122E-04 -4.2424E-07 -8.7967E-08 -5.7592E-07
  1.0217E-04 -4.3224E-07 -8.9626E-08 -5.8678E-07
  1.0313E-04 -4.4039E-07 -9.1316E-08 -5.9785E-07
  1.0410E-04 -4.4869E-07 -9.3038E-08 -6.0912E-07
  1.0508E-04 -4.5714E-07 -9.4792E-08 -6.2060E-07
  1.0606E-04 -4.6576E-07 -9.6579E-08 -6.3230E-07
  1.0706E-04 -4.7453E-07 -9.8399E-08 -6.4422E-07
  1.0806E-04 -4.8348E-07 -1.0025E-07 -6.5636E-07
  1.0907E-04 -4.9258E-07 -1.0214E-07 -6.6873E-07
  1.1010E-04 -5.0186E-07 -1.0407E-07 -6.8133E-07
  1.1113E-04 -5.1132E-07 -1.0603E-07 -6.9417E-07
  1.1217E-04 -5.2095E-07 -1.0803E-07 -7.0725E-07
  1.1322E-04 -5.3076E-07 -1.1006E-07 -7.2058E-07
  1.1429E-04 -5.4076E-07 -1.1214E-07 -7.3415E-07
  1.1536E-04 -5.5094E-07 -1.1425E-07 -7.4798E-07
  1.1644E-04 -5.6132E-07 -1.1640E-07 -7.6207E-07
  1.1753E-04 -5.7189E-07 -1.1859E-07 -7.7642E-07
  1.1863E-04 -5.8265E-07 -1.2083E-07 -7.9105E-07
  1.1974E-04 -5.9362E-07 -1.2310E-07 -8.0594E-07
  1.2087E-04 -6.0480E-07 -1.2542E-07 -8.2112E-07
  1.2200E-04 -6.1618E-07 -1.2778E-07 -8.3658E-07
  1.2314E-04 -6.2778E-07 -1.3019E-07 -8.5233E-07
  1.2429E-04 -6.3959E-07 -1.3264E-07 -8.6838E-07
  1.2546E-04 -6.5163E-07 -1.3514E-07 -8.8473E-07
  1.2663E-04 -6.6389E-07 -1.3768E-07 -9.0138E-07
  1.2782E-04 -6.7638E-07 -1.4027E-07 -9.1835E-07
  1.2902E-04 -6.8911E-07 -1.4291E-07 -9.3564E-07
  1.3023E-04 -7.0208E-07 -1.4560E-07 -9.5324E-07
  1.3145E-04 -7.1528E-07 -1.4834E-07 -9.7118E-07
  1.3268E-04 -7.2874E-07 -1.5113E-07 -9.8946E-07
  1.3392E-04 -7.4245E-07 -1.5398E-07 -1.0081E-06
  1.3517E-04 -7.5641E-07 -1.5687E-07 -1.0270E-06
  1.3644E-04 -7.7064E-07 -1.5982E-07 -1.0464E-06
  1.3772E-04 -7.8513E-07 -1.6283E-07 -1.0661E-06
  1.3901E-04 -7.9990E-07 -1.6589E-07 -1.0861E-06
  1.4031E-04 -8.1494E-07 -1.6902E-07 -1.1065E-06
  1.4162E-04 -8.3026E-07 -1.7219E-07 -1.1274E-06
  1.4295E-04 -8.4587E-07 -1.7543E-07 -1.1486E-06
  1.4428E-04 -8.6177E-07 -1.7873E-07 -1.1702E-06
  1.4564E-04 -8.7797E-07 -1.8209E-07 -1.1922E-06
  1.4700E-04 -8.9448E-07 -1.8552E-07 -1.2146E-06
  1.4837E-04 -9.1129E-07 -1.8901E-07 -1.2374E-06
  1.4976E-04 -9.2842E-07 -1.9256E-07 -1.2607E-06
  1.5116E-04 -9.4587E-07 -1.9618E-07 -1.2844E-06
  1.5258E-04 -9.6364E-07 -1.9987E-07 -1.3086E-06
  1.5401E-04 -9.8175E-07 -2.0363E-07 -1.3332E-06
  1.5545E-04 -1.0002E-06 -2.0746E-07 -1.3582E-06
  1.5690E-04 -1.0190E-06 -2.1136E-07 -1.3837E-06
  1.5837E-04 -1.0381E-06 -2.1533E-07 -1.4098E-06
  1.5985E-04 -1.0576E-06 -2.1938E-07 -1.4363E-06
  1.6135E-04 -1.0775E-06 -2.2350E-07 -1.4632E-06
  1.6285E-04 -1.0978E-06 -2.2770E-07 -1.4908E-06
  1.6438E-04 -1.1184E-06 -2.3198E-07 -1.5188E-06
  1.6592E-04 -1.1394E-06 -2.3634E-07 -1.5473E-06
  1.6747E-04 -1.1608E-06 -2.4078E-07 -1.5764E-06
  1.6903E-04 -1.1826E-06 -2.4530E-07 -1.6060E-06
  1.7061E-04 -1.2048E-06 -2.4991E-07 -1.6362E-06
  1.7221E-04 -1.2274E-06 -2.5461E-07 -1.6669E-06
  1.7382E-04 -1.2505E-06 -2.5939E-07 -1.6982E-06
  1.7544E-04 -1.2740E-06 -2.6427E-07 -1.7301E-06
  1.7708E-04 -1.2979E-06 -2.6923E-07 -1.7626E-06
  1.7874E-04 -1.3222E-06 -2.7429E-07 -1.7958E-06
  1.8041E-04 -1.3471E-06 -2.7944E-07 -1.8295E-06
  1.8210E-04 -1.3724E-06 -2.8469E-07 -1.8639E-06
  1.8380E-04 -1.3981E-06 -2.9004E-07 -1.8989E-06
  1.8552E-04 -1.4244E-06 -2.9548E-07 -1.9345E-06
  1.8725E-04 -1.4511E-06 -3.0103E-07 -1.9709E-06
  1.8900E-04 -1.4783E-06 -3.0669E-07 -2.0079E-06
  1.9077E-04 -1.5061E-06 -3.1244E-07 -2.0456E-06
  1.9255E-04 -1.5344E-06 -3.1831E-07 -2.0840E-06
  1.9435E-04 -1.5631E-06 -3.2429E-07 -2.1231E-06
  1.9617E-04 -1.5925E-06 -3.3038E-07 -2.1630E-06
  1.9800E-04 -1.6224E-06 -3.3658E-07 -2.2036E-06
  1.9985E-04 -1.6528E-06 -3.4290E-07 -2.2450E-06
  2.0172E-04 -1.6838E-06 -3.4934E-07 -2.2871E-06
  2.0360E-04 -1.7154E-06 -3.5590E-07 -2.3300E-06
  2.0550E-04 -1.7476E-06 -3.6258E-07 -2.3738E-06
  2.0742E-04 -1.7804E-06 -3.6938E-07 -2.4183E-06
  2.0936E-04 -1.8138E-06 -3.7632E-07 -2.4637E-06
  2.1132E-04 -1.8478E-06 -3.8338E-07 -2.5100E-06
  2.1329E-04 -1.8825E-06 -3.9058E-07 -2.5571E-06
  2.1528E-04 -1.9178E-06 -3.9791E-07 -2.6051E-06
  2.1729E-04 -1.9537E-06 -4.0537E-07 -2.6540E-06
  2.1932E-04 -1.9904E-06 -4.1298E-07 -2.7038E-06
  2.2137E-04 -2.0277E-06 -4.2073E-07 -2.7545E-06
  2.2344E-04 -2.0657E-06 -4.2863E-07 -2.8062E-06
  2.2553E-04 -2.1045E-06 -4.3667E-07 -2.8589E-06
  2.2763E-04 -2.1440E-06 -4.4486E-07 -2.9125E-06
  2.2976E-04 -2.1842E-06 -4.5321E-07 -2.9672E-06
  2.3190E-04 -2.2251E-06 -4.6171E-07 -3.0228E-06
  2.3407E-04 -2.2668E-06 -4.7038E-07 -3.0796E-06
  2.3625E-04 -2.3093E-06 -4.7920E-07 -3.1373E-06
  2.3846E-04 -2.3526E-06 -4.8819E-07 -3.1962E-06
  2.4069E-04 -2.3967E-06 -4.9735E-07 -3.2561E-06
  2.4293E-04 -2.4417E-06 -5.0668E-07 -3.3172E-06
  2.4520E-04 -2.4874E-06 -5.1619E-07 -3.3795E-06
  2.4749E-04 -2.5341E-06 -5.2587E-07 -3.4428E-06
  2.4980E-04 -2.5816E-06 -5.3573E-07 -3.5074E-06
  2.5213E-04 -2.6300E-06 -5.4578E-07 -3.5732E-06
  2.5449E-04 -2.6792E-06 -5.5602E-07 -3.6402E-06
  2.5686E-04 -2.7295E-06 -5.6645E-07 -3.7085E-06
  2.5926E-04 -2.7806E-06 -5.7707E-07 -3.7781E-06
  2.6168E-04 -2.8327E-06 -5.8789E-07 -3.8489E-06
  2.6412E-04 -2.8858E-06 -5.9892E-07 -3.9211E-06
  2.6659E-04 -2.9399E-06 -6.1015E-07 -3.9946E-06
  2.6907E-04 -2.9950E-06 -6.2159E-07 -4.0695E-06
  2.7158E-04 -3.0511E-06 -6.3325E-07 -4.1459E-06
  2.7412E-04 -3.1083E-06 -6.4512E-07 -4.2236E-06
  2.7668E-04 -3.1665E-06 -6.5722E-07 -4.3028E-06
  2.7926E-04 -3.2258E-06 -6.6954E-07 -4.3835E-06
  2.8186E-04 -3.2863E-06 -6.8209E-07 -4.4657E-06
  2.8449E-04 -3.3478E-06 -6.9488E-07 -4.5494E-06
  2.8715E-04 -3.4106E-06 -7.0791E-07 -4.6347E-06
  2.8983E-04 -3.4744E-06 -7.2118E-07 -4.7216E-06
  2.9253E-04 -3.5395E-06 -7.3470E-07 -4.8101E-06
  2.9526E-04 -3.6058E-06 -7.4848E-07 -4.9003E-06
  2.9802E-04 -3.6734E-06 -7.6251E-07 -4.9921E-06
  3.0080E-04 -3.7422E-06 -7.7680E-07 -5.0857E-06
  3.0360E-04 -3.8123E-06 -7.9136E-07 -5.1810E-06
  3.0644E-04 -3.8837E-06 -8.0620E-07 -5.2781E-06
  3.0929E-04 -3.9564E-06 -8.2131E-07 -5.3771E-06
  3.1218E-04 -4.0305E-06 -8.3670E-07 -5.4779E-06
  3.1509E-04 -4.1060E-06 -8.5238E-07 -5.5805E-06
  3.1803E-04 -4.1828E-06 -8.6836E-07 -5.6851E-06
  3.2100E-04 -4.2612E-06 -8.8463E-07 -5.7917E-06
  3.2399E-04 -4.3410E-06 -9.0121E-07 -5.9002E-06
  3.2701E-04 -4.4222E-06 -9.1810E-07 -6.0108E-06
  3.3006E-04 -4.5050E-06 -9.3531E-07 -6.1235E-06
  3.3314E-04 -4.5894E-06 -9.5284E-07 -6.2382E-06
  3.3625E-04 -4.6753E-06 -9.7069E-07 -6.3551E-06
  3.3938E-04 -4.7628E-06 -9.8888E-07 -6.4742E-06
  3.4255E-04 -4.8520E-06 -1.0074E-06 -6.5955E-06
  3.4574E-04 -4.9428E-06 -1.0263E-06 -6.7191E-06
  3.4897E-04 -5.0354E-06 -1.0455E-06 -6.8450E-06
  3.5222E-04 -5.1296E-06 -1.0651E-06 -6.9733E-06
  3.5551E-04 -5.2257E-06 -1.0851E-06 -7.1039E-06
  3.5882E-04 -5.3235E-06 -1.1054E-06 -7.2370E-06
  3.6217E-04 -5.4231E-06 -1.1261E-06 -7.3726E-06
  3.6554E-04 -5.5246E-06 -1.1472E-06 -7.5108E-06
  3.6895E-04 -5.6280E-06 -1.1687E-06 -7.6515E-06
  3.7239E-04 -5.7333E-06 -1.1906E-06 -7.7948E-06
  3.7586E-04 -5.8406E-06 -1.2129E-06 -7.9409E-06
  3.7937E-04 -5.9499E-06 -1.2356E-06 -8.0896E-06
  3.8291E-04 -6.0613E-06 -1.2588E-06 -8.2412E-06
  3.8648E-04 -6.1747E-06 -1.2824E-06 -8.3955E-06
  3.9008E-04 -6.2903E-06 -1.3064E-06 -8.5528E-06
  3.9372E-04 -6.4080E-06 -1.3308E-06 -8.7130E-06
  3.9739E-04 -6.5279E-06 -1.3558E-06 -8.8762E-06
  4.0109E-04 -6.6500E-06 -1.3812E-06 -9.0425E-06
  4.0483E-04 -6.7744E-06 -1.4070E-06 -9.2119E-06
  4.0860E-04 -6.9012E-06 -1.4334E-06 -9.3844E-06
  4.1241E-04 -7.0303E-06 -1.4602E-06 -9.5602E-06
  4.1626E-04 -7.1618E-06 -1.4876E-06 -9.7393E-06
  4.2014E-04 -7.2958E-06 -1.5155E-06 -9.9217E-06
  4.2405E-04 -7.4323E-06 -1.5438E-06 -1.0107E-05
  4.2801E-04 -7.5713E-06 -1.5728E-06 -1.0297E-05
  4.3199E-04 -7.7129E-06 -1.6022E-06 -1.0490E-05
  4.3602E-04 -7.8572E-06 -1.6322E-06 -1.0686E-05
  4.4008E-04 -8.0042E-06 -1.6628E-06 -1.0886E-05
  4.4419E-04 -8.1539E-06 -1.6939E-06 -1.1090E-05
  4.4833E-04 -8.3064E-06 -1.7256E-06 -1.1298E-05
  4.5250E-04 -8.4617E-06 -1.7580E-06 -1.1509E-05
  4.5672E-04 -8.6200E-06 -1.7909E-06 -1.1725E-05
  4.6098E-04 -8.7812E-06 -1.8244E-06 -1.1944E-05
  4.6527E-04 -8.9454E-06 -1.8586E-06 -1.2168E-05
  4.6961E-04 -9.1127E-06 -1.8934E-06 -1.2396E-05
  4.7399E-04 -9.2831E-06 -1.9288E-06 -1.2628E-05
  4.7840E-04 -9.4567E-06 -1.9649E-06 -1.2864E-05
  4.8286E-04 -9.6336E-06 -2.0017E-06 -1.3105E-05
  4.8736E-04 -9.8137E-06 -2.0392E-06 -1.3351E-05
  4.9190E-04 -9.9972E-06 -2.0774E-06 -1.3601E-05
  4.9649E-04 -1.0184E-05 -2.1163E-06 -1.3855E-05
  5.0111E-04 -1.0375E-05 -2.1559E-06 -1.4115E-05
  5.0578E-04 -1.0568E-05 -2.1963E-06 -1.4379E-05
  5.1049E-04 -1.0766E-05 -2.2374E-06 -1.4648E-05
  5.1525E-04 -1.0967E-05 -2.2793E-06 -1.4922E-05
  5.2005E-04 -1.1172E-05 -2.3220E-06 -1.5202E-05
  5.2490E-04 -1.1381E-05 -2.3654E-06 -1.5486E-05
  5.2979E-04 -1.1594E-05 -2.4097E-06 -1.5776E-05
  5.3472E-04 -1.1811E-05 -2.4548E-06 -1.6072E-05
  5.3971E-04 -1.2031E-05 -2.5008E-06 -1.6373E-05
  5.4473E-04 -1.2256E-05 -2.5476E-06 -1.6679E-05
  5.4981E-04 -1.2485E-05 -2.5953E-06 -1.6991E-05
  5.5493E-04 -1.2719E-05 -2.6439E-06 -1.7309E-05
  5.6010E-04 -1.2957E-05 -2.6934E-06 -1.7633E-05
  5.6532E-04 -1.3199E-05 -2.7438E-06 -1.7963E-05
  5.7059E-04 -1.3445E-05 -2.7951E-06 -1.8300E-05
  5.7590E-04 -1.3697E-05 -2.8475E-06 -1.8642E-05
  5.8127E-04 -1.3953E-05 -2.9008E-06 -1.8991E-05
  5.8668E-04 -1.4213E-05 -2.9551E-06 -1.9347E-05
  5.9215E-04 -1.4479E-05 -3.0104E-06 -1.9709E-05
  5.9766E-04 -1.4750E-05 -3.0667E-06 -2.0078E-05
  6.0323E-04 -1.5025E-05 -3.1241E-06 -2.0454E-05
  6.0885E-04 -1.5306E-05 -3.1826E-06 -2.0836E-05
  6.1452E-04 -1.5592E-05 -3.2422E-06 -2.1226E-05
  6.2024E-04 -1.5883E-05 -3.3028E-06 -2.1624E-05
  6.2602E-04 -1.6180E-05 -3.3647E-06 -2.2028E-05
  6.3185E-04 -1.6482E-05 -3.4276E-06 -2.2441E-05
  6.3774E-04 -1.6790E-05 -3.4918E-06 -2.2861E-05
  6.4368E-04 -1.7104E-05 -3.5571E-06 -2.3288E-05
  6.4967E-04 -1.7423E-05 -3.6237E-06 -2.3724E-05
  6.5572E-04 -1.7749E-05 -3.6915E-06 -2.4168E-05
  6.6183E-04 -1.8080E-05 -3.7606E-06 -2.4621E-05
  6.6799E-04 -1.8418E-05 -3.8310E-06 -2.5081E-05
  6.7422E-04 -1.8762E-05 -3.9027E-06 -2.5551E-05
  6.8050E-04 -1.9113E-05 -3.9757E-06 -2.6029E-05
  6.8683E-04 -1.9470E-05 -4.0501E-06 -2.6516E-05
  6.9323E-04 -1.9833E-05 -4.1259E-06 -2.7012E-05
  6.9969E-04 -2.0204E-05 -4.2031E-06 -2.7518E-05
  7.0620E-04 -2.0581E-05 -4.2817E-06 -2.8033E-05
  7.1278E-04 -2.0965E-05 -4.3619E-06 -2.8557E-05
  7.1942E-04 -2.1357E-05 -4.4435E-06 -2.9091E-05
  7.2612E-04 -2.1756E-05 -4.5266E-06 -2.9636E-05
  7.3288E-04 -2.2162E-05 -4.6113E-06 -3.0190E-05
  7.3970E-04 -2.2576E-05 -4.6976E-06 -3.0755E-05
  7.4659E-04 -2.2997E-05 -4.7855E-06 -3.1331E-05
  7.5355E-04 -2.3427E-05 -4.8751E-06 -3.1917E-05
  7.6056E-04 -2.3864E-05 -4.9663E-06 -3.2514E-05
  7.6764E-04 -2.4310E-05 -5.0592E-06 -3.3123E-05
  7.7479E-04 -2.4764E-05 -5.1539E-06 -3.3742E-05
  7.8201E-04 -2.5226E-05 -5.2503E-06 -3.4374E-05
  7.8929E-04 -2.5697E-05 -5.3485E-06 -3.5017E-05
  7.9664E-04 -2.6177E-05 -5.4486E-06 -3.5672E-05
  8.0406E-04 -2.6665E-05 -5.5506E-06 -3.6339E-05
  8.1154E-04 -2.7163E-05 -5.6544E-06 -3.7019E-05
  8.1910E-04 -2.7670E-05 -5.7602E-06 -3.7712E-05
  8.2673E-04 -2.8187E-05 -5.8680E-06 -3.8417E-05
  8.3443E-04 -2.8713E-05 -5.9777E-06 -3.9136E-05
  8.4220E-04 -2.9249E-05 -6.0896E-06 -3.9868E-05
  8.5004E-04 -2.9795E-05 -6.2035E-06 -4.0614E-05
  8.5795E-04 -3.0351E-05 -6.3196E-06 -4.1374E-05
  8.6594E-04 -3.0917E-05 -6.4378E-06 -4.2148E-05
  8.7400E-04 -3.1494E-05 -6.5582E-06 -4.2937E-05
  8.8214E-04 -3.2082E-05 -6.6809E-06 -4.3740E-05
  8.9035E-04 -3.2681E-05 -6.8059E-06 -4.4558E-05
  8.9864E-04 -3.3291E-05 -6.9332E-06 -4.5392E-05
  9.0701E-04 -3.3912E-05 -7.0629E-06 -4.6241E-05
  9.1545E-04 -3.4545E-05 -7.1951E-06 -4.7106E-05
  9.2398E-04 -3.5189E-05 -7.3297E-06 -4.7987E-05
  9.3258E-04 -3.5846E-05 -7.4668E-06 -4.8885E-05
  9.4126E-04 -3.6515E-05 -7.6065E-06 -4.9799E-05
  9.5002E-04 -3.7196E-05 -7.7488E-06 -5.0731E-05
  9.5887E-04 -3.7890E-05 -7.8937E-06 -5.1680E-05
  9.6780E-04 -3.8597E-05 -8.0414E-06 -5.2647E-05
  9.7681E-04 -3.9317E-05 -8.1918E-06 -5.3631E-05
  9.8590E-04 -4.0050E-05 -8.3450E-06 -5.4635E-05
  9.9508E-04 -4.0797E-05 -8.5011E-06 -5.5657E-05
  1.0043E-03 -4.1558E-05 -8.6601E-06 -5.6698E-05
  1.0137E-03 -4.2334E-05 -8.8221E-06 -5.7758E-05
  1.0231E-03 -4.3123E-05 -8.9872E-06 -5.8839E-05
  1.0327E-03 -4.3928E-05 -9.1553E-06 -5.9939E-05
  1.0423E-03 -4.4747E-05 -9.3265E-06 -6.1060E-05
  1.0520E-03 -4.5581E-05 -9.5010E-06 -6.2203E-05
  1.0618E-03 -4.6432E-05 -9.6787E-06 -6.3366E-05
  1.0716E-03 -4.7297E-05 -9.8597E-06 -6.4551E-05
  1.0816E-03 -4.8180E-05 -1.0044E-05 -6.5759E-05
  1.0917E-03 -4.9078E-05 -1.0232E-05 -6.6989E-05
  1.1019E-03 -4.9993E-05 -1.0423E-05 -6.8242E-05
  1.1121E-03 -5.0925E-05 -1.0618E-05 -6.9518E-05
  1.1225E-03 -5.1875E-05 -1.0817E-05 -7.0818E-05
  1.1329E-03 -5.2842E-05 -1.1019E-05 -7.2143E-05
  1.1435E-03 -5.3827E-05 -1.1225E-05 -7.3492E-05
  1.1541E-03 -5.4831E-05 -1.1435E-05 -7.4867E-05
  1.1648E-03 -5.5853E-05 -1.1649E-05 -7.6267E-05
  1.1757E-03 -5.6894E-05 -1.1867E-05 -7.7693E-05
  1.1866E-03 -5.7955E-05 -1.2089E-05 -7.9146E-05
  1.1977E-03 -5.9035E-05 -1.2315E-05 -8.0627E-05
  1.2088E-03 -6.0136E-05 -1.2545E-05 -8.2135E-05
  1.2201E-03 -6.1257E-05 -1.2780E-05 -8.3671E-05
  1.2314E-03 -6.2398E-05 -1.3019E-05 -8.5236E-05
  1.2429E-03 -6.3561E-05 -1.3263E-05 -8.6830E-05
  1.2545E-03 -6.4746E-05 -1.3511E-05 -8.8454E-05
  1.2661E-03 -6.5953E-05 -1.3763E-05 -9.0108E-05
  1.2779E-03 -6.7182E-05 -1.4021E-05 -9.1793E-05
  1.2898E-03 -6.8434E-05 -1.4283E-05 -9.3510E-05
  1.3018E-03 -6.9709E-05 -1.4550E-05 -9.5259E-05
  1.3139E-03 -7.1008E-05 -1.4822E-05 -9.7040E-05
  1.3262E-03 -7.2331E-05 -1.5099E-05 -9.8855E-05
  1.3385E-03 -7.3679E-05 -1.5382E-05 -1.0070E-04
  1.3510E-03 -7.5051E-05 -1.5669E-05 -1.0259E-04
  1.3635E-03 -7.6450E-05 -1.5962E-05 -1.0451E-04
  1.3762E-03 -7.7874E-05 -1.6261E-05 -1.0646E-04
  1.3890E-03 -7.9325E-05 -1.6565E-05 -1.0845E-04
  1.4020E-03 -8.0802E-05 -1.6875E-05 -1.1048E-04
  1.4150E-03 -8.2307E-05 -1.7190E-05 -1.1254E-04
  1.4282E-03 -8.3841E-05 -1.7512E-05 -1.1465E-04
  1.4415E-03 -8.5402E-05 -1.7839E-05 -1.1679E-04
  1.4549E-03 -8.6993E-05 -1.8173E-05 -1.1898E-04
  1.4684E-03 -8.8613E-05 -1.8513E-05 -1.2120E-04
  1.4821E-03 -9.0263E-05 -1.8859E-05 -1.2347E-04
  1.4959E-03 -9.1944E-05 -1.9212E-05 -1.2578E-04
  1.5098E-03 -9.3656E-05 -1.9571E-05 -1.2813E-04
  1.5239E-03 -9.5400E-05 -1.9937E-05 -1.3053E-04
  1.5380E-03 -9.7177E-05 -2.0310E-05 -1.3297E-04
  1.5524E-03 -9.8986E-05 -2.0689E-05 -1.3545E-04
  1.5668E-03 -1.0083E-04 -2.1076E-05 -1.3799E-04
  1.5814E-03 -1.0271E-04 -2.1470E-05 -1.4057E-04
  1.5961E-03 -1.0462E-04 -2.1872E-05 -1.4319E-04
  1.6110E-03 -1.0657E-04 -2.2281E-05 -1.4587E-04
  1.6260E-03 -1.0855E-04 -2.2697E-05 -1.4860E-04
  1.6411E-03 -1.1057E-04 -2.3122E-05 -1.5138E-04
  1.6564E-03 -1.1263E-04 -2.3554E-05 -1.5421E-04
  1.6718E-03 -1.1472E-04 -2.3995E-05 -1.5709E-04
  1.6873E-03 -1.1686E-04 -2.4443E-05 -1.6003E-04
  1.7030E-03 -1.1903E-04 -2.4900E-05 -1.6302E-04
  1.7189E-03 -1.2125E-04 -2.5366E-05 -1.6607E-04
  1.7349E-03 -1.2351E-04 -2.5840E-05 -1.6918E-04
  1.7510E-03 -1.2580E-04 -2.6323E-05 -1.7234E-04
  1.7673E-03 -1.2815E-04 -2.6816E-05 -1.7556E-04
  1.7838E-03 -1.3053E-04 -2.7317E-05 -1.7884E-04
  1.8004E-03 -1.3296E-04 -2.7828E-05 -1.8219E-04
  1.8171E-03 -1.3543E-04 -2.8348E-05 -1.8559E-04
  1.8340E-03 -1.3795E-04 -2.8878E-05 -1.8906E-04
  1.8511E-03 -1.4052E-04 -2.9418E-05 -1.9260E-04
  1.8683E-03 -1.4313E-04 -2.9968E-05 -1.9620E-04
  1.8857E-03 -1.4579E-04 -3.0528E-05 -1.9987E-04
  1.9032E-03 -1.4851E-04 -3.1099E-05 -2.0361E-04
  1.9210E-03 -1.5127E-04 -3.1681E-05 -2.0741E-04
  1.9388E-03 -1.5408E-04 -3.2273E-05 -2.1129E-04
  1.9569E-03 -1.5695E-04 -3.2876E-05 -2.1524E-04
  1.9751E-03 -1.5986E-04 -3.3491E-05 -2.1927E-04
  1.9935E-03 -1.6284E-04 -3.4117E-05 -2.2337E-04
  2.0120E-03 -1.6586E-04 -3.4755E-05 -2.2754E-04
  2.0307E-03 -1.6895E-04 -3.5405E-05 -2.3180E-04
  2.0496E-03 -1.7209E-04 -3.6067E-05 -2.3613E-04
  2.0687E-03 -1.7529E-04 -3.6741E-05 -2.4054E-04
  2.0880E-03 -1.7855E-04 -3.7428E-05 -2.4504E-04
  2.1074E-03 -1.8187E-04 -3.8128E-05 -2.4962E-04
  2.1270E-03 -1.8525E-04 -3.8841E-05 -2.5429E-04
  2.1468E-03 -1.8869E-04 -3.9567E-05 -2.5904E-04
  2.1668E-03 -1.9220E-04 -4.0307E-05 -2.6389E-04
  2.1869E-03 -1.9577E-04 -4.1060E-05 -2.6882E-04
  2.2073E-03 -1.9940E-04 -4.1828E-05 -2.7385E-04
  2.2278E-03 -2.0311E-04 -4.2610E-05 -2.7897E-04
  2.2485E-03 -2.0688E-04 -4.3407E-05 -2.8418E-04
  2.2695E-03 -2.1073E-04 -4.4218E-05 -2.8950E-04
  2.2906E-03 -2.1464E-04 -4.5045E-05 -2.9491E-04
  2.3119E-03 -2.1863E-04 -4.5887E-05 -3.0042E-04
  2.3334E-03 -2.2269E-04 -4.6745E-05 -3.0604E-04
  2.3551E-03 -2.2683E-04 -4.7619E-05 -3.1176E-04
  2.3770E-03 -2.3104E-04 -4.8509E-05 -3.1759E-04
  2.3991E-03 -2.3533E-04 -4.9416E-05 -3.2353E-04
  2.4215E-03 -2.3970E-04 -5.0340E-05 -3.2957E-04
  2.4440E-03 -2.4415E-04 -5.1281E-05 -3.3574E-04
  2.4667E-03 -2.4869E-04 -5.2240E-05 -3.4201E-04
  2.4897E-03 -2.5330E-04 -5.3216E-05 -3.4841E-04
  2.5128E-03 -2.5801E-04 -5.4211E-05 -3.5492E-04
  2.5362E-03 -2.6280E-04 -5.5225E-05 -3.6155E-04
  2.5598E-03 -2.6767E-04 -5.6257E-05 -3.6831E-04
  2.5836E-03 -2.7264E-04 -5.7309E-05 -3.7520E-04
  2.6077E-03 -2.7770E-04 -5.8380E-05 -3.8221E-04
  2.6319E-03 -2.8286E-04 -5.9472E-05 -3.8936E-04
  2.6564E-03 -2.8811E-04 -6.0584E-05 -3.9664E-04
  2.6811E-03 -2.9345E-04 -6.1716E-05 -4.0405E-04
  2.7061E-03 -2.9890E-04 -6.2870E-05 -4.1161E-04
  2.7313E-03 -3.0444E-04 -6.4045E-05 -4.1930E-04
  2.7567E-03 -3.1009E-04 -6.5242E-05 -4.2714E-04
  2.7823E-03 -3.1584E-04 -6.6462E-05 -4.3512E-04
  2.8082E-03 -3.2170E-04 -6.7705E-05 -4.4326E-04
  2.8343E-03 -3.2767E-04 -6.8970E-05 -4.5155E-04
  2.8607E-03 -3.3375E-04 -7.0260E-05 -4.5999E-04
  2.8873E-03 -3.3994E-04 -7.1573E-05 -4.6859E-04
  2.9142E-03 -3.4624E-04 -7.2911E-05 -4.7735E-04
  2.9413E-03 -3.5266E-04 -7.4274E-05 -4.8627E-04
  2.9687E-03 -3.5920E-04 -7.5663E-05 -4.9536E-04
  2.9963E-03 -3.6586E-04 -7.7077E-05 -5.0462E-04
  3.0242E-03 -3.7264E-04 -7.8518E-05 -5.1405E-04
  3.0523E-03 -3.7955E-04 -7.9986E-05 -5.2366E-04
  3.0807E-03 -3.8658E-04 -8.1481E-05 -5.3345E-04
  3.1094E-03 -3.9375E-04 -8.3004E-05 -5.4342E-04
  3.1383E-03 -4.0105E-04 -8.4556E-05 -5.5358E-04
  3.1675E-03 -4.0848E-04 -8.6136E-05 -5.6393E-04
  3.1970E-03 -4.1605E-04 -8.7747E-05 -5.7447E-04
  3.2267E-03 -4.2376E-04 -8.9387E-05 -5.8521E-04
  3.2567E-03 -4.3161E-04 -9.1058E-05 -5.9615E-04
  3.2870E-03 -4.3960E-04 -9.2760E-05 -6.0729E-04
  3.3176E-03 -4.4774E-04 -9.4494E-05 -6.1865E-04
  3.3485E-03 -4.5604E-04 -9.6260E-05 -6.3021E-04
  3.3796E-03 -4.6448E-04 -9.8060E-05 -6.4199E-04
  3.4111E-03 -4.7308E-04 -9.9893E-05 -6.5399E-04
  3.4428E-03 -4.8184E-04 -1.0176E-04 -6.6622E-04
  3.4748E-03 -4.9076E-04 -1.0366E-04 -6.7867E-04
  3.5072E-03 -4.9985E-04 -1.0560E-04 -6.9136E-04
  3.5398E-03 -5.0910E-04 -1.0757E-04 -7.0428E-04
  3.5727E-03 -5.1852E-04 -1.0958E-04 -7.1744E-04
  3.6060E-03 -5.2812E-04 -1.1163E-04 -7.3085E-04
  3.6395E-03 -5.3789E-04 -1.1372E-04 -7.4452E-04
  3.6734E-03 -5.4785E-04 -1.1585E-04 -7.5843E-04
  3.7075E-03 -5.5798E-04 -1.1801E-04 -7.7261E-04
  3.7420E-03 -5.6831E-04 -1.2022E-04 -7.8705E-04
  3.7768E-03 -5.7882E-04 -1.2246E-04 -8.0176E-04
  3.8120E-03 -5.8953E-04 -1.2475E-04 -8.1675E-04
  3.8474E-03 -6.0043E-04 -1.2709E-04 -8.3202E-04
  3.8832E-03 -6.1153E-04 -1.2946E-04 -8.4757E-04
  3.9194E-03 -6.2284E-04 -1.3188E-04 -8.6341E-04
  3.9558E-03 -6.3436E-04 -1.3435E-04 -8.7955E-04
  3.9926E-03 -6.4608E-04 -1.3686E-04 -8.9599E-04
  4.0298E-03 -6.5803E-04 -1.3942E-04 -9.1274E-04
  4.0673E-03 -6.7019E-04 -1.4202E-04 -9.2980E-04
  4.1051E-03 -6.8258E-04 -1.4468E-04 -9.4718E-04
  4.1433E-03 -6.9519E-04 -1.4738E-04 -9.6489E-04
  4.1818E-03 -7.0803E-04 -1.5014E-04 -9.8292E-04
  4.2207E-03 -7.2111E-04 -1.5294E-04 -1.0013E-03
  4.2600E-03 -7.3444E-04 -1.5580E-04 -1.0200E-03
  4.2996E-03 -7.4800E-04 -1.5871E-04 -1.0391E-03
  4.3396E-03 -7.6182E-04 -1.6168E-04 -1.0585E-03
  4.3800E-03 -7.7588E-04 -1.6470E-04 -1.0783E-03
  4.4208E-03 -7.9021E-04 -1.6778E-04 -1.0984E-03
  4.4619E-03 -8.0480E-04 -1.7092E-04 -1.1190E-03
  4.5034E-03 -8.1966E-04 -1.7411E-04 -1.1399E-03
  4.5453E-03 -8.3479E-04 -1.7736E-04 -1.1612E-03
  4.5876E-03 -8.5019E-04 -1.8068E-04 -1.1829E-03
  4.6302E-03 -8.6588E-04 -1.8406E-04 -1.2050E-03
  4.6733E-03 -8.8186E-04 -1.8750E-04 -1.2275E-03
  4.7168E-03 -8.9813E-04 -1.9100E-04 -1.2505E-03
  4.7607E-03 -9.1470E-04 -1.9457E-04 -1.2738E-03
  4.8050E-03 -9.3157E-04 -1.9821E-04 -1.2976E-03
  4.8497E-03 -9.4875E-04 -2.0191E-04 -1.3219E-03
  4.8948E-03 -9.6624E-04 -2.0569E-04 -1.3466E-03
  4.9403E-03 -9.8406E-04 -2.0953E-04 -1.3718E-03
  4.9863E-03 -1.0022E-03 -2.1345E-04 -1.3974E-03
  5.0327E-03 -1.0207E-03 -2.1744E-04 -1.4235E-03
  5.0795E-03 -1.0395E-03 -2.2150E-04 -1.4501E-03
  5.1267E-03 -1.0586E-03 -2.2564E-04 -1.4772E-03
  5.1744E-03 -1.0781E-03 -2.2986E-04 -1.5049E-03
  5.2226E-03 -1.0980E-03 -2.3416E-04 -1.5330E-03
  5.2711E-03 -1.1182E-03 -2.3853E-04 -1.5616E-03
  5.3202E-03 -1.1388E-03 -2.4299E-04 -1.5908E-03
  5.3697E-03 -1.1598E-03 -2.4753E-04 -1.6206E-03
  5.4196E-03 -1.1812E-03 -2.5216E-04 -1.6508E-03
  5.4700E-03 -1.2029E-03 -2.5687E-04 -1.6817E-03
  5.5209E-03 -1.2250E-03 -2.6167E-04 -1.7131E-03
  5.5723E-03 -1.2476E-03 -2.6656E-04 -1.7452E-03
  5.6241E-03 -1.2706E-03 -2.7155E-04 -1.7778E-03
  5.6764E-03 -1.2939E-03 -2.7662E-04 -1.8110E-03
  5.7292E-03 -1.3177E-03 -2.8179E-04 -1.8448E-03
  5.7825E-03 -1.3420E-03 -2.8706E-04 -1.8793E-03
  5.8363E-03 -1.3667E-03 -2.9242E-04 -1.9144E-03
  5.8906E-03 -1.3918E-03 -2.9789E-04 -1.9502E-03
  5.9454E-03 -1.4174E-03 -3.0346E-04 -1.9867E-03
  6.0007E-03 -1.4434E-03 -3.0913E-04 -2.0238E-03
  6.0565E-03 -1.4700E-03 -3.1490E-04 -2.0616E-03
  6.1129E-03 -1.4970E-03 -3.2079E-04 -2.1002E-03
  6.1697E-03 -1.5245E-03 -3.2679E-04 -2.1394E-03
  6.2271E-03 -1.5525E-03 -3.3289E-04 -2.1794E-03
  6.2851E-03 -1.5810E-03 -3.3911E-04 -2.2201E-03
  6.3435E-03 -1.6100E-03 -3.4545E-04 -2.2616E-03
  6.4025E-03 -1.6396E-03 -3.5191E-04 -2.3039E-03
  6.4621E-03 -1.6697E-03 -3.5849E-04 -2.3469E-03
  6.5222E-03 -1.7003E-03 -3.6519E-04 -2.3908E-03
  6.5829E-03 -1.7316E-03 -3.7201E-04 -2.4355E-03
  6.6441E-03 -1.7633E-03 -3.7896E-04 -2.4810E-03
  6.7059E-03 -1.7957E-03 -3.8605E-04 -2.5274E-03
  6.7683E-03 -1.8286E-03 -3.9326E-04 -2.5746E-03
  6.8313E-03 -1.8622E-03 -4.0061E-04 -2.6227E-03
  6.8948E-03 -1.8963E-03 -4.0810E-04 -2.6717E-03
  6.9589E-03 -1.9311E-03 -4.1573E-04 -2.7217E-03
  7.0237E-03 -1.9665E-03 -4.2349E-04 -2.7725E-03
  7.0890E-03 -2.0025E-03 -4.3141E-04 -2.8243E-03
  7.1550E-03 -2.0392E-03 -4.3947E-04 -2.8771E-03
  7.2215E-03 -2.0765E-03 -4.4769E-04 -2.9309E-03
  7.2887E-03 -2.1146E-03 -4.5605E-04 -2.9857E-03
  7.3565E-03 -2.1533E-03 -4.6458E-04 -3.0415E-03
  7.4249E-03 -2.1927E-03 -4.7326E-04 -3.0983E-03
  7.4940E-03 -2.2329E-03 -4.8210E-04 -3.1562E-03
  7.5637E-03 -2.2737E-03 -4.9111E-04 -3.2152E-03
  7.6341E-03 -2.3153E-03 -5.0029E-04 -3.2753E-03
  7.7051E-03 -2.3577E-03 -5.0964E-04 -3.3365E-03
  7.7767E-03 -2.4008E-03 -5.1916E-04 -3.3988E-03
  7.8491E-03 -2.4447E-03 -5.2887E-04 -3.4623E-03
  7.9221E-03 -2.4894E-03 -5.3875E-04 -3.5270E-03
  7.9958E-03 -2.5349E-03 -5.4882E-04 -3.5930E-03
  8.0702E-03 -2.5813E-03 -5.5907E-04 -3.6601E-03
  8.1452E-03 -2.6284E-03 -5.6952E-04 -3.7285E-03
  8.2210E-03 -2.6764E-03 -5.8017E-04 -3.7982E-03
  8.2975E-03 -2.7253E-03 -5.9101E-04 -3.8691E-03
  8.3747E-03 -2.7751E-03 -6.0205E-04 -3.9415E-03
  8.4526E-03 -2.8258E-03 -6.1330E-04 -4.0151E-03
  8.5312E-03 -2.8773E-03 -6.2476E-04 -4.0901E-03
  8.6105E-03 -2.9298E-03 -6.3644E-04 -4.1666E-03
  8.6906E-03 -2.9833E-03 -6.4833E-04 -4.2444E-03
  8.7715E-03 -3.0377E-03 -6.6045E-04 -4.3237E-03
  8.8531E-03 -3.0931E-03 -6.7279E-04 -4.4045E-03
  8.9354E-03 -3.1495E-03 -6.8536E-04 -4.4868E-03
  9.0185E-03 -3.2069E-03 -6.9817E-04 -4.5707E-03
  9.1024E-03 -3.2654E-03 -7.1122E-04 -4.6561E-03
  9.1871E-03 -3.3248E-03 -7.2451E-04 -4.7431E-03
  9.2725E-03 -3.3854E-03 -7.3805E-04 -4.8317E-03
  9.3588E-03 -3.4471E-03 -7.5184E-04 -4.9220E-03
  9.4459E-03 -3.5098E-03 -7.6589E-04 -5.0140E-03
  9.5337E-03 -3.5737E-03 -7.8020E-04 -5.1077E-03
  9.6224E-03 -3.6387E-03 -7.9478E-04 -5.2031E-03
  9.7119E-03 -3.7049E-03 -8.0963E-04 -5.3003E-03
  9.8022E-03 -3.7723E-03 -8.2476E-04 -5.3994E-03
  9.8934E-03 -3.8409E-03 -8.4017E-04 -5.5003E-03
  9.9854E-03 -3.9107E-03 -8.5587E-04 -5.6030E-03
  1.0078E-02 -3.9818E-03 -8.7187E-04 -5.7077E-03
  1.0172E-02 -4.0541E-03 -8.8816E-04 -5.8144E-03
  1.0267E-02 -4.1278E-03 -9.0475E-04 -5.9230E-03
  1.0362E-02 -4.2027E-03 -9.2166E-04 -6.0337E-03
  1.0459E-02 -4.2790E-03 -9.3888E-04 -6.1464E-03
  1.0556E-02 -4.3567E-03 -9.5643E-04 -6.2613E-03
  1.0654E-02 -4.4357E-03 -9.7430E-04 -6.3783E-03
  1.0753E-02 -4.5162E-03 -9.9250E-04 -6.4974E-03
  1.0853E-02 -4.5981E-03 -1.0110E-03 -6.6188E-03
  1.0954E-02 -4.6814E-03 -1.0299E-03 -6.7425E-03
  1.1056E-02 -4.7663E-03 -1.0492E-03 -6.8685E-03
  1.1159E-02 -4.8526E-03 -1.0688E-03 -6.9968E-03
  1.1263E-02 -4.9405E-03 -1.0888E-03 -7.1275E-03
  1.1367E-02 -5.0300E-03 -1.1091E-03 -7.2607E-03
  1.1473E-02 -5.1210E-03 -1.1298E-03 -7.3964E-03
  1.1580E-02 -5.2137E-03 -1.1509E-03 -7.5345E-03
  1.1688E-02 -5.3080E-03 -1.1724E-03 -7.6753E-03
  1.1796E-02 -5.4040E-03 -1.1944E-03 -7.8187E-03
  1.1906E-02 -5.5018E-03 -1.2167E-03 -7.9648E-03
  1.2017E-02 -5.6012E-03 -1.2394E-03 -8.1136E-03
  1.2129E-02 -5.7024E-03 -1.2626E-03 -8.2652E-03
  1.2241E-02 -5.8054E-03 -1.2861E-03 -8.4196E-03
  1.2355E-02 -5.9102E-03 -1.3102E-03 -8.5769E-03
  1.2470E-02 -6.0169E-03 -1.3347E-03 -8.7371E-03
  1.2586E-02 -6.1255E-03 -1.3596E-03 -8.9003E-03
  1.2703E-02 -6.2360E-03 -1.3850E-03 -9.0666E-03
  1.2821E-02 -6.3485E-03 -1.4109E-03 -9.2360E-03
  1.2941E-02 -6.4629E-03 -1.4372E-03 -9.4085E-03
  1.3061E-02 -6.5794E-03 -1.4641E-03 -9.5843E-03
  1.3183E-02 -6.6979E-03 -1.4914E-03 -9.7633E-03
  1.3305E-02 -6.8185E-03 -1.5193E-03 -9.9457E-03
  1.3429E-02 -6.9413E-03 -1.5477E-03 -1.0132E-02
  1.3554E-02 -7.0662E-03 -1.5766E-03 -1.0321E-02
  1.3680E-02 -7.1933E-03 -1.6061E-03 -1.0514E-02
  1.3807E-02 -7.3227E-03 -1.6361E-03 -1.0710E-02
  1.3936E-02 -7.4543E-03 -1.6666E-03 -1.0910E-02
  1.4065E-02 -7.5883E-03 -1.6978E-03 -1.1114E-02
  1.4196E-02 -7.7246E-03 -1.7295E-03 -1.1321E-02
  1.4328E-02 -7.8633E-03 -1.7618E-03 -1.1533E-02
  1.4461E-02 -8.0045E-03 -1.7947E-03 -1.1748E-02
  1.4596E-02 -8.1481E-03 -1.8282E-03 -1.1968E-02
  1.4732E-02 -8.2943E-03 -1.8624E-03 -1.2191E-02
  1.4869E-02 -8.4430E-03 -1.8972E-03 -1.2419E-02
  1.5007E-02 -8.5943E-03 -1.9326E-03 -1.2651E-02
  1.5147E-02 -8.7483E-03 -1.9687E-03 -1.2887E-02
  1.5287E-02 -8.9049E-03 -2.0055E-03 -1.3128E-02
  1.5430E-02 -9.0643E-03 -2.0430E-03 -1.3373E-02
  1.5573E-02 -9.2265E-03 -2.0811E-03 -1.3623E-02
  1.5718E-02 -9.3916E-03 -2.1200E-03 -1.3877E-02
  1.5864E-02 -9.5595E-03 -2.1596E-03 -1.4137E-02
  1.6012E-02 -9.7303E-03 -2.1999E-03 -1.4401E-02
  1.6161E-02 -9.9042E-03 -2.2410E-03 -1.4670E-02
  1.6311E-02 -1.0081E-02 -2.2829E-03 -1.4944E-02
  1.6463E-02 -1.0261E-02 -2.3255E-03 -1.5223E-02
  1.6616E-02 -1.0444E-02 -2.3690E-03 -1.5507E-02
  1.6770E-02 -1.0630E-02 -2.4132E-03 -1.5797E-02
  1.6926E-02 -1.0820E-02 -2.4583E-03 -1.6092E-02
  1.7084E-02 -1.1013E-02 -2.5042E-03 -1.6392E-02
  1.7243E-02 -1.1209E-02 -2.5510E-03 -1.6698E-02
  1.7403E-02 -1.1408E-02 -2.5986E-03 -1.7010E-02
  1.7565E-02 -1.1611E-02 -2.6472E-03 -1.7328E-02
  1.7728E-02 -1.1818E-02 -2.6966E-03 -1.7651E-02
  1.7893E-02 -1.2028E-02 -2.7470E-03 -1.7981E-02
  1.8060E-02 -1.2242E-02 -2.7983E-03 -1.8317E-02
  1.8228E-02 -1.2459E-02 -2.8506E-03 -1.8659E-02
  1.8397E-02 -1.2680E-02 -2.9038E-03 -1.9007E-02
  1.8568E-02 -1.2905E-02 -2.9580E-03 -1.9362E-02
  1.8741E-02 -1.3134E-02 -3.0133E-03 -1.9723E-02
  1.8915E-02 -1.3367E-02 -3.0695E-03 -2.0092E-02
  1.9091E-02 -1.3604E-02 -3.1269E-03 -2.0467E-02
  1.9269E-02 -1.3845E-02 -3.1853E-03 -2.0849E-02
  1.9448E-02 -1.4090E-02 -3.2447E-03 -2.1238E-02
  1.9629E-02 -1.4339E-02 -3.3053E-03 -2.1635E-02
  1.9812E-02 -1.4592E-02 -3.3671E-03 -2.2039E-02
  1.9996E-02 -1.4850E-02 -3.4299E-03 -2.2450E-02
  2.0182E-02 -1.5113E-02 -3.4940E-03 -2.2869E-02
  2.0370E-02 -1.5379E-02 -3.5592E-03 -2.3296E-02
  2.0559E-02 -1.5651E-02 -3.6257E-03 -2.3731E-02
  2.0750E-02 -1.5927E-02 -3.6934E-03 -2.4174E-02
  2.0943E-02 -1.6207E-02 -3.7624E-03 -2.4625E-02
  2.1138E-02 -1.6493E-02 -3.8326E-03 -2.5085E-02
  2.1335E-02 -1.6783E-02 -3.9042E-03 -2.5553E-02
  2.1533E-02 -1.7078E-02 -3.9771E-03 -2.6030E-02
  2.1733E-02 -1.7379E-02 -4.0513E-03 -2.6516E-02
  2.1936E-02 -1.7684E-02 -4.1270E-03 -2.7011E-02
  2.2140E-02 -1.7995E-02 -4.2040E-03 -2.7515E-02
  2.2345E-02 -1.8311E-02 -4.2825E-03 -2.8029E-02
  2.2553E-02 -1.8632E-02 -4.3625E-03 -2.8552E-02
  2.2763E-02 -1.8959E-02 -4.4439E-03 -2.9085E-02
  2.2975E-02 -1.9291E-02 -4.5269E-03 -2.9628E-02
  2.3189E-02 -1.9629E-02 -4.6114E-03 -3.0181E-02
  2.3404E-02 -1.9972E-02 -4.6975E-03 -3.0744E-02
  2.3622E-02 -2.0321E-02 -4.7852E-03 -3.1317E-02
  2.3842E-02 -2.0677E-02 -4.8745E-03 -3.1902E-02
  2.4063E-02 -2.1038E-02 -4.9655E-03 -3.2497E-02
  2.4287E-02 -2.1405E-02 -5.0582E-03 -3.3104E-02
  2.4513E-02 -2.1778E-02 -5.1526E-03 -3.3721E-02
  2.4741E-02 -2.2158E-02 -5.2488E-03 -3.4350E-02
  2.4971E-02 -2.2544E-02 -5.3467E-03 -3.4991E-02
  2.5204E-02 -2.2937E-02 -5.4465E-03 -3.5644E-02
  2.5438E-02 -2.3336E-02 -5.5482E-03 -3.6309E-02
  2.5675E-02 -2.3742E-02 -5.6517E-03 -3.6987E-02
  2.5913E-02 -2.4154E-02 -5.7572E-03 -3.7677E-02
  2.6154E-02 -2.4574E-02 -5.8647E-03 -3.8379E-02
  2.6398E-02 -2.5000E-02 -5.9741E-03 -3.9095E-02
  2.6643E-02 -2.5434E-02 -6.0856E-03 -3.9825E-02
  2.6891E-02 -2.5874E-02 -6.1992E-03 -4.0568E-02
  2.7141E-02 -2.6322E-02 -6.3149E-03 -4.1324E-02
  2.7394E-02 -2.6778E-02 -6.4327E-03 -4.2095E-02
  2.7648E-02 -2.7241E-02 -6.5527E-03 -4.2880E-02
  2.7906E-02 -2.7711E-02 -6.6750E-03 -4.3680E-02
  2.8165E-02 -2.8190E-02 -6.7995E-03 -4.4494E-02
  2.8427E-02 -2.8676E-02 -6.9264E-03 -4.5324E-02
  2.8691E-02 -2.9170E-02 -7.0556E-03 -4.6169E-02
  2.8958E-02 -2.9673E-02 -7.1873E-03 -4.7030E-02
  2.9228E-02 -3.0184E-02 -7.3214E-03 -4.7907E-02
  2.9500E-02 -3.0703E-02 -7.4580E-03 -4.8800E-02
  2.9774E-02 -3.1230E-02 -7.5971E-03 -4.9710E-02
  3.0051E-02 -3.1767E-02 -7.7388E-03 -5.0637E-02
  3.0330E-02 -3.2312E-02 -7.8832E-03 -5.1581E-02
  3.0612E-02 -3.2866E-02 -8.0302E-03 -5.2543E-02
  3.0897E-02 -3.3429E-02 -8.1800E-03 -5.3522E-02
  3.1185E-02 -3.4001E-02 -8.3326E-03 -5.4520E-02
  3.1475E-02 -3.4582E-02 -8.4880E-03 -5.5536E-02
  3.1767E-02 -3.5173E-02 -8.6463E-03 -5.6571E-02
  3.2063E-02 -3.5774E-02 -8.8075E-03 -5.7626E-02
  3.2361E-02 -3.6384E-02 -8.9718E-03 -5.8700E-02
  3.2662E-02 -3.7004E-02 -9.1391E-03 -5.9793E-02
  3.2966E-02 -3.7634E-02 -9.3095E-03 -6.0908E-02
  3.3273E-02 -3.8274E-02 -9.4831E-03 -6.2043E-02
  3.3582E-02 -3.8925E-02 -9.6599E-03 -6.3199E-02
  3.3894E-02 -3.9586E-02 -9.8400E-03 -6.4376E-02
  3.4210E-02 -4.0258E-02 -1.0023E-02 -6.5576E-02
  3.4528E-02 -4.0940E-02 -1.0210E-02 -6.6797E-02
  3.4849E-02 -4.1633E-02 -1.0401E-02 -6.8041E-02
  3.5173E-02 -4.2338E-02 -1.0595E-02 -6.9309E-02
  3.5500E-02 -4.3053E-02 -1.0792E-02 -7.0600E-02
  3.5830E-02 -4.3780E-02 -1.0993E-02 -7.1915E-02
  3.6164E-02 -4.4519E-02 -1.1198E-02 -7.3254E-02
  3.6500E-02 -4.5269E-02 -1.1407E-02 -7.4618E-02
  3.6840E-02 -4.6032E-02 -1.1619E-02 -7.6008E-02
  3.7182E-02 -4.6806E-02 -1.1836E-02 -7.7423E-02
  3.7528E-02 -4.7593E-02 -1.2057E-02 -7.8864E-02
  3.7877E-02 -4.8392E-02 -1.2281E-02 -8.0333E-02
  3.8229E-02 -4.9203E-02 -1.2510E-02 -8.1828E-02
  3.8585E-02 -5.0027E-02 -1.2743E-02 -8.3351E-02
  3.8944E-02 -5.0865E-02 -1.2981E-02 -8.4903E-02
  3.9306E-02 -5.1715E-02 -1.3222E-02 -8.6483E-02
  3.9672E-02 -5.2579E-02 -1.3469E-02 -8.8092E-02
  4.0041E-02 -5.3456E-02 -1.3720E-02 -8.9732E-02
  4.0413E-02 -5.4347E-02 -1.3975E-02 -9.1401E-02
  4.0789E-02 -5.5251E-02 -1.4235E-02 -9.3102E-02
  4.1168E-02 -5.6170E-02 -1.4501E-02 -9.4834E-02
  4.1551E-02 -5.7103E-02 -1.4771E-02 -9.6598E-02
  4.1938E-02 -5.8050E-02 -1.5046E-02 -9.8395E-02
  4.2328E-02 -5.9012E-02 -1.5326E-02 -1.0023E-01
  4.2722E-02 -5.9989E-02 -1.5611E-02 -1.0209E-01
  4.3119E-02 -6.0981E-02 -1.5902E-02 -1.0399E-01
  4.3520E-02 -6.1988E-02 -1.6198E-02 -1.0592E-01
  4.3925E-02 -6.3010E-02 -1.6499E-02 -1.0789E-01
  4.4333E-02 -6.4049E-02 -1.6806E-02 -1.0990E-01
  4.4746E-02 -6.5102E-02 -1.7119E-02 -1.1194E-01
  4.5162E-02 -6.6172E-02 -1.7438E-02 -1.1402E-01
  4.5582E-02 -6.7259E-02 -1.7762E-02 -1.1614E-01
  4.6006E-02 -6.8361E-02 -1.8093E-02 -1.1830E-01
  4.6434E-02 -6.9481E-02 -1.8430E-02 -1.2050E-01
  4.6866E-02 -7.0617E-02 -1.8772E-02 -1.2273E-01
  4.7302E-02 -7.1770E-02 -1.9122E-02 -1.2501E-01
  4.7742E-02 -7.2941E-02 -1.9477E-02 -1.2734E-01
  4.8186E-02 -7.4129E-02 -1.9840E-02 -1.2970E-01
  4.8634E-02 -7.5335E-02 -2.0209E-02 -1.3211E-01
  4.9086E-02 -7.6559E-02 -2.0584E-02 -1.3456E-01
  4.9543E-02 -7.7801E-02 -2.0967E-02 -1.3706E-01
  5.0004E-02 -7.9061E-02 -2.1357E-02 -1.3961E-01
  5.0469E-02 -8.0340E-02 -2.1754E-02 -1.4220E-01
  5.0938E-02 -8.1639E-02 -2.2158E-02 -1.4484E-01
  5.1412E-02 -8.2956E-02 -2.2570E-02 -1.4752E-01
  5.1890E-02 -8.4292E-02 -2.2990E-02 -1.5026E-01
  5.2373E-02 -8.5649E-02 -2.3417E-02 -1.5305E-01
  5.2860E-02 -8.7025E-02 -2.3852E-02 -1.5589E-01
  5.3351E-02 -8.8421E-02 -2.4295E-02 -1.5878E-01
  5.3848E-02 -8.9837E-02 -2.4747E-02 -1.6172E-01
  5.4348E-02 -9.1274E-02 -2.5206E-02 -1.6472E-01
  5.4854E-02 -9.2732E-02 -2.5675E-02 -1.6778E-01
  5.5364E-02 -9.4210E-02 -2.6151E-02 -1.7089E-01
  5.5879E-02 -9.5710E-02 -2.6637E-02 -1.7405E-01
  5.6399E-02 -9.7232E-02 -2.7132E-02 -1.7728E-01
  5.6923E-02 -9.8775E-02 -2.7635E-02 -1.8056E-01
  5.7453E-02 -1.0034E-01 -2.8148E-02 -1.8391E-01
  5.7987E-02 -1.0193E-01 -2.8671E-02 -1.8731E-01
  5.8527E-02 -1.0354E-01 -2.9203E-02 -1.9078E-01
  5.9071E-02 -1.0517E-01 -2.9745E-02 -1.9431E-01
  5.9620E-02 -1.0683E-01 -3.0296E-02 -1.9791E-01
  6.0175E-02 -1.0851E-01 -3.0858E-02 -2.0157E-01
  6.0735E-02 -1.1021E-01 -3.1431E-02 -2.0530E-01
  6.1300E-02 -1.1194E-01 -3.2014E-02 -2.0910E-01
  6.1870E-02 -1.1369E-01 -3.2607E-02 -2.1297E-01
  6.2445E-02 -1.1546E-01 -3.3212E-02 -2.1691E-01
  6.3026E-02 -1.1726E-01 -3.3827E-02 -2.2092E-01
  6.3612E-02 -1.1908E-01 -3.4454E-02 -2.2500E-01
  6.4204E-02 -1.2093E-01 -3.5093E-02 -2.2916E-01
  6.4801E-02 -1.2281E-01 -3.5743E-02 -2.3340E-01
  6.5404E-02 -1.2471E-01 -3.6405E-02 -2.3771E-01
  6.6012E-02 -1.2663E-01 -3.7079E-02 -2.4210E-01
  6.6626E-02 -1.2859E-01 -3.7766E-02 -2.4657E-01
  6.7246E-02 -1.3057E-01 -3.8465E-02 -2.5112E-01
  6.7871E-02 -1.3257E-01 -3.9177E-02 -2.5576E-01
  6.8502E-02 -1.3460E-01 -3.9903E-02 -2.6048E-01
  6.9140E-02 -1.3666E-01 -4.0641E-02 -2.6529E-01
  6.9783E-02 -1.3875E-01 -4.1393E-02 -2.7018E-01
  7.0432E-02 -1.4086E-01 -4.2159E-02 -2.7516E-01
  7.1087E-02 -1.4300E-01 -4.2938E-02 -2.8023E-01
  7.1748E-02 -1.4517E-01 -4.3732E-02 -2.8540E-01
  7.2415E-02 -1.4737E-01 -4.4541E-02 -2.9066E-01
  7.3089E-02 -1.4960E-01 -4.5364E-02 -2.9601E-01
  7.3769E-02 -1.5186E-01 -4.6202E-02 -3.0147E-01
  7.4455E-02 -1.5414E-01 -4.7056E-02 -3.0702E-01
  7.5147E-02 -1.5646E-01 -4.7925E-02 -3.1267E-01
  7.5846E-02 -1.5880E-01 -4.8810E-02 -3.1842E-01
  7.6552E-02 -1.6118E-01 -4.9712E-02 -3.2428E-01
  7.7264E-02 -1.6358E-01 -5.0629E-02 -3.3024E-01
  7.7982E-02 -1.6602E-01 -5.1564E-02 -3.3632E-01
  7.8708E-02 -1.6848E-01 -5.2515E-02 -3.4250E-01
  7.9440E-02 -1.7098E-01 -5.3484E-02 -3.4879E-01
  8.0179E-02 -1.7351E-01 -5.4470E-02 -3.5520E-01
  8.0924E-02 -1.7607E-01 -5.5475E-02 -3.6172E-01
  8.1677E-02 -1.7866E-01 -5.6497E-02 -3.6836E-01
  8.2437E-02 -1.8128E-01 -5.7538E-02 -3.7512E-01
  8.3204E-02 -1.8393E-01 -5.8598E-02 -3.8200E-01
  8.3977E-02 -1.8662E-01 -5.9678E-02 -3.8901E-01
  8.4759E-02 -1.8934E-01 -6.0776E-02 -3.9614E-01
  8.5547E-02 -1.9209E-01 -6.1895E-02 -4.0340E-01
  8.6343E-02 -1.9488E-01 -6.3034E-02 -4.1078E-01
  8.7146E-02 -1.9770E-01 -6.4194E-02 -4.1831E-01
  8.7956E-02 -2.0055E-01 -6.5375E-02 -4.2596E-01
  8.8774E-02 -2.0344E-01 -6.6576E-02 -4.3376E-01
  8.9600E-02 -2.0636E-01 -6.7800E-02 -4.4169E-01
  9.0433E-02 -2.0931E-01 -6.9046E-02 -4.4976E-01
  9.1274E-02 -2.1230E-01 -7.0314E-02 -4.5798E-01
  9.2123E-02 -2.1532E-01 -7.1606E-02 -4.6635E-01
  9.2980E-02 -2.1838E-01 -7.2920E-02 -4.7486E-01
  9.3845E-02 -2.2147E-01 -7.4258E-02 -4.8353E-01
  9.4718E-02 -2.2460E-01 -7.5620E-02 -4.9235E-01
  9.5599E-02 -2.2776E-01 -7.7007E-02 -5.0133E-01
  9.6488E-02 -2.3096E-01 -7.8419E-02 -5.1047E-01
  9.7386E-02 -2.3419E-01 -7.9856E-02 -5.1977E-01
  9.8291E-02 -2.3746E-01 -8.1318E-02 -5.2923E-01
  9.9206E-02 -2.4076E-01 -8.2807E-02 -5.3886E-01
  1.0013E-01 -2.4410E-01 -8.4323E-02 -5.4867E-01
  1.0106E-01 -2.4748E-01 -8.5866E-02 -5.5864E-01
  1.0200E-01 -2.5089E-01 -8.7436E-02 -5.6879E-01
  1.0295E-01 -2.5434E-01 -8.9035E-02 -5.7912E-01
  1.0391E-01 -2.5782E-01 -9.0662E-02 -5.8964E-01
  1.0487E-01 -2.6134E-01 -9.2318E-02 -6.0033E-01
  1.0585E-01 -2.6490E-01 -9.4003E-02 -6.1122E-01
  1.0683E-01 -2.6849E-01 -9.5719E-02 -6.2230E-01
  1.0783E-01 -2.7213E-01 -9.7465E-02 -6.3357E-01
  1.0883E-01 -2.7579E-01 -9.9242E-02 -6.4503E-01
  1.0984E-01 -2.7950E-01 -1.0105E-01 -6.5670E-01
  1.1086E-01 -2.8324E-01 -1.0289E-01 -6.6858E-01
  1.1189E-01 -2.8702E-01 -1.0476E-01 -6.8066E-01
  1.1293E-01 -2.9083E-01 -1.0667E-01 -6.9295E-01
  1.1398E-01 -2.9468E-01 -1.0861E-01 -7.0545E-01
  1.1504E-01 -2.9857E-01 -1.1059E-01 -7.1817E-01
  1.1611E-01 -3.0250E-01 -1.1260E-01 -7.3111E-01
  1.1719E-01 -3.0646E-01 -1.1464E-01 -7.4428E-01
  1.1829E-01 -3.1046E-01 -1.1672E-01 -7.5767E-01
  1.1939E-01 -3.1450E-01 -1.1884E-01 -7.7130E-01
  1.2050E-01 -3.1857E-01 -1.2099E-01 -7.8516E-01
  1.2162E-01 -3.2268E-01 -1.2319E-01 -7.9925E-01
  1.2275E-01 -3.2683E-01 -1.2542E-01 -8.1360E-01
  1.2389E-01 -3.3102E-01 -1.2769E-01 -8.2818E-01
  1.2504E-01 -3.3524E-01 -1.3000E-01 -8.4302E-01
  1.2620E-01 -3.3949E-01 -1.3234E-01 -8.5811E-01
  1.2738E-01 -3.4379E-01 -1.3474E-01 -8.7346E-01
  1.2856E-01 -3.4811E-01 -1.3717E-01 -8.8907E-01
  1.2976E-01 -3.5248E-01 -1.3964E-01 -9.0494E-01
  1.3097E-01 -3.5688E-01 -1.4216E-01 -9.2109E-01
  1.3218E-01 -3.6131E-01 -1.4472E-01 -9.3750E-01
  1.3341E-01 -3.6579E-01 -1.4733E-01 -9.5420E-01
  1.3465E-01 -3.7029E-01 -1.4998E-01 -9.7118E-01
  1.3591E-01 -3.7483E-01 -1.5267E-01 -9.8844E-01
  1.3717E-01 -3.7941E-01 -1.5542E-01 -1.0060E+00
  1.3845E-01 -3.8402E-01 -1.5820E-01 -1.0238E+00
  1.3973E-01 -3.8866E-01 -1.6104E-01 -1.0420E+00
  1.4103E-01 -3.9334E-01 -1.6393E-01 -1.0604E+00
  1.4235E-01 -3.9805E-01 -1.6686E-01 -1.0792E+00
  1.4367E-01 -4.0280E-01 -1.6985E-01 -1.0983E+00
  1.4501E-01 -4.0757E-01 -1.7289E-01 -1.1177E+00
  1.4635E-01 -4.1238E-01 -1.7597E-01 -1.1374E+00
  1.4772E-01 -4.1722E-01 -1.7911E-01 -1.1574E+00
  1.4909E-01 -4.2209E-01 -1.8231E-01 -1.1778E+00
  1.5048E-01 -4.2699E-01 -1.8556E-01 -1.1984E+00
  1.5188E-01 -4.3193E-01 -1.8886E-01 -1.2195E+00
  1.5329E-01 -4.3689E-01 -1.9222E-01 -1.2409E+00
  1.5471E-01 -4.4188E-01 -1.9563E-01 -1.2626E+00
  1.5615E-01 -4.4690E-01 -1.9910E-01 -1.2847E+00
  1.5761E-01 -4.5195E-01 -2.0263E-01 -1.3071E+00
  1.5907E-01 -4.5703E-01 -2.0622E-01 -1.3299E+00
  1.6055E-01 -4.6213E-01 -2.0987E-01 -1.3531E+00
  1.6204E-01 -4.6726E-01 -2.1358E-01 -1.3766E+00
  1.6355E-01 -4.7242E-01 -2.1735E-01 -1.4005E+00
  1.6507E-01 -4.7760E-01 -2.2118E-01 -1.4248E+00
  1.6661E-01 -4.8280E-01 -2.2508E-01 -1.4495E+00
  1.6816E-01 -4.8803E-01 -2.2904E-01 -1.4746E+00
  1.6972E-01 -4.9328E-01 -2.3306E-01 -1.5001E+00
  1.7130E-01 -4.9856E-01 -2.3715E-01 -1.5259E+00
  1.7289E-01 -5.0385E-01 -2.4131E-01 -1.5522E+00
  1.7450E-01 -5.0917E-01 -2.4554E-01 -1.5789E+00
  1.7612E-01 -5.1450E-01 -2.4983E-01 -1.6060E+00
  1.7776E-01 -5.1985E-01 -2.5419E-01 -1.6335E+00
  1.7942E-01 -5.2522E-01 -2.5863E-01 -1.6615E+00
  1.8109E-01 -5.3061E-01 -2.6313E-01 -1.6899E+00
  1.8277E-01 -5.3601E-01 -2.6771E-01 -1.7187E+00
  1.8447E-01 -5.4143E-01 -2.7236E-01 -1.7479E+00
  1.8619E-01 -5.4685E-01 -2.7708E-01 -1.7776E+00
  1.8792E-01 -5.5230E-01 -2.8188E-01 -1.8078E+00
  1.8966E-01 -5.5775E-01 -2.8675E-01 -1.8384E+00
  1.9143E-01 -5.6321E-01 -2.9170E-01 -1.8695E+00
  1.9321E-01 -5.6868E-01 -2.9673E-01 -1.9010E+00
  1.9501E-01 -5.7416E-01 -3.0184E-01 -1.9330E+00
  1.9682E-01 -5.7965E-01 -3.0703E-01 -1.9654E+00
  1.9865E-01 -5.8514E-01 -3.1229E-01 -1.9984E+00
  2.0050E-01 -5.9064E-01 -3.1764E-01 -2.0318E+00
  2.0236E-01 -5.9613E-01 -3.2307E-01 -2.0657E+00
  2.0425E-01 -6.0163E-01 -3.2858E-01 -2.1001E+00
  2.0615E-01 -6.0713E-01 -3.3418E-01 -2.1350E+00
  2.0806E-01 -6.1263E-01 -3.3986E-01 -2.1704E+00
  2.1000E-01 -6.1812E-01 -3.4563E-01 -2.2063E+00
  2.1195E-01 -6.2361E-01 -3.5148E-01 -2.2427E+00
  2.1392E-01 -6.2909E-01 -3.5742E-01 -2.2796E+00
  2.1591E-01 -6.3456E-01 -3.6345E-01 -2.3171E+00
  2.1792E-01 -6.4002E-01 -3.6957E-01 -2.3550E+00
  2.1995E-01 -6.4548E-01 -3.7578E-01 -2.3935E+00
  2.2199E-01 -6.5092E-01 -3.8208E-01 -2.4325E+00
  2.2406E-01 -6.5634E-01 -3.8847E-01 -2.4720E+00
  2.2614E-01 -6.6175E-01 -3.9495E-01 -2.5121E+00
  2.2824E-01 -6.6714E-01 -4.0153E-01 -2.5527E+00
  2.3037E-01 -6.7251E-01 -4.0820E-01 -2.5939E+00
  2.3251E-01 -6.7785E-01 -4.1497E-01 -2.6355E+00
  2.3467E-01 -6.8318E-01 -4.2183E-01 -2.6778E+00
  2.3686E-01 -6.8847E-01 -4.2878E-01 -2.7205E+00
  2.3906E-01 -6.9374E-01 -4.3584E-01 -2.7639E+00
  2.4128E-01 -6.9898E-01 -4.4299E-01 -2.8077E+00
  2.4353E-01 -7.0419E-01 -4.5023E-01 -2.8522E+00
  2.4579E-01 -7.0936E-01 -4.5758E-01 -2.8971E+00
  2.4808E-01 -7.1450E-01 -4.6502E-01 -2.9427E+00
  2.5038E-01 -7.1960E-01 -4.7257E-01 -2.9888E+00
  2.5271E-01 -7.2465E-01 -4.8021E-01 -3.0354E+00
  2.5506E-01 -7.2967E-01 -4.8796E-01 -3.0826E+00
  2.5744E-01 -7.3464E-01 -4.9581E-01 -3.1304E+00
  2.5983E-01 -7.3956E-01 -5.0375E-01 -3.1787E+00
  2.6225E-01 -7.4443E-01 -5.1180E-01 -3.2276E+00
  2.6469E-01 -7.4925E-01 -5.1995E-01 -3.2771E+00
  2.6715E-01 -7.5401E-01 -5.2821E-01 -3.3271E+00
  2.6963E-01 -7.5872E-01 -5.3656E-01 -3.3776E+00
  2.7214E-01 -7.6336E-01 -5.4502E-01 -3.4287E+00
  2.7467E-01 -7.6794E-01 -5.5358E-01 -3.4804E+00
  2.7723E-01 -7.7246E-01 -5.6224E-01 -3.5326E+00
  2.7981E-01 -7.7691E-01 -5.7101E-01 -3.5854E+00
  2.8241E-01 -7.8129E-01 -5.7988E-01 -3.6387E+00
  2.8503E-01 -7.8560E-01 -5.8885E-01 -3.6926E+00
  2.8769E-01 -7.8983E-01 -5.9792E-01 -3.7470E+00
  2.9036E-01 -7.9398E-01 -6.0709E-01 -3.8019E+00
  2.9306E-01 -7.9805E-01 -6.1637E-01 -3.8573E+00
  2.9579E-01 -8.0204E-01 -6.2574E-01 -3.9133E+00
  2.9854E-01 -8.0594E-01 -6.3522E-01 -3.9698E+00
  3.0132E-01 -8.0975E-01 -6.4480E-01 -4.0268E+00
  3.0412E-01 -8.1346E-01 -6.5447E-01 -4.0843E+00
  3.0695E-01 -8.1708E-01 -6.6424E-01 -4.1423E+00
  3.0980E-01 -8.2060E-01 -6.7411E-01 -4.2008E+00
  3.1268E-01 -8.2402E-01 -6.8408E-01 -4.2598E+00
  3.1559E-01 -8.2733E-01 -6.9414E-01 -4.3193E+00
  3.1853E-01 -8.3054E-01 -7.0430E-01 -4.3792E+00
  3.2149E-01 -8.3363E-01 -7.1454E-01 -4.4395E+00
  3.2448E-01 -8.3661E-01 -7.2488E-01 -4.5003E+00
  3.2750E-01 -8.3947E-01 -7.3531E-01 -4.5616E+00
  3.3054E-01 -8.4221E-01 -7.4583E-01 -4.6232E+00
  3.3362E-01 -8.4483E-01 -7.5643E-01 -4.6852E+00
  3.3672E-01 -8.4732E-01 -7.6712E-01 -4.7477E+00
  3.3985E-01 -8.4967E-01 -7.7788E-01 -4.8105E+00
  3.4301E-01 -8.5190E-01 -7.8873E-01 -4.8736E+00
  3.4620E-01 -8.5398E-01 -7.9966E-01 -4.9371E+00
  3.4942E-01 -8.5593E-01 -8.1066E-01 -5.0009E+00
  3.5267E-01 -8.5773E-01 -8.2173E-01 -5.0650E+00
  3.5595E-01 -8.5939E-01 -8.3287E-01 -5.1295E+00
  3.5927E-01 -8.6089E-01 -8.4408E-01 -5.1941E+00
  3.6261E-01 -8.6224E-01 -8.5535E-01 -5.2590E+00
  3.6598E-01 -8.6343E-01 -8.6668E-01 -5.3242E+00
  3.6938E-01 -8.6446E-01 -8.7806E-01 -5.3895E+00
  3.7282E-01 -8.6533E-01 -8.8950E-01 -5.4550E+00
  3.7629E-01 -8.6603E-01 -9.0099E-01 -5.5206E+00
  3.7979E-01 -8.6655E-01 -9.1252E-01 -5.5864E+00
  3.8332E-01 -8.6691E-01 -9.2409E-01 -5.6523E+00
  3.8688E-01 -8.6708E-01 -9.3570E-01 -5.7182E+00
  3.9048E-01 -8.6707E-01 -9.4733E-01 -5.7841E+00
  3.9411E-01 -8.6688E-01 -9.5899E-01 -5.8501E+00
  3.9778E-01 -8.6650E-01 -9.7067E-01 -5.9160E+00
  4.0148E-01 -8.6593E-01 -9.8237E-01 -5.9819E+00
  4.0521E-01 -8.6516E-01 -9.9408E-01 -6.0477E+00
  4.0898E-01 -8.6419E-01 -1.0058E+00 -6.1133E+00
  4.1279E-01 -8.6302E-01 -1.0175E+00 -6.1788E+00
  4.1663E-01 -8.6164E-01 -1.0292E+00 -6.2440E+00
  4.2050E-01 -8.6006E-01 -1.0409E+00 -6.3090E+00
  4.2441E-01 -8.5826E-01 -1.0525E+00 -6.3737E+00
  4.2836E-01 -8.5625E-01 -1.0641E+00 -6.4381E+00
  4.3234E-01 -8.5402E-01 -1.0757E+00 -6.5021E+00
  4.3637E-01 -8.5156E-01 -1.0873E+00 -6.5656E+00
  4.4042E-01 -8.4888E-01 -1.0987E+00 -6.6287E+00
  4.4452E-01 -8.4597E-01 -1.1102E+00 -6.6912E+00
  4.4865E-01 -8.4283E-01 -1.1215E+00 -6.7531E+00
  4.5283E-01 -8.3945E-01 -1.1328E+00 -6.8144E+00
  4.5704E-01 -8.3583E-01 -1.1440E+00 -6.8751E+00
  4.6129E-01 -8.3197E-01 -1.1550E+00 -6.9349E+00
  4.6558E-01 -8.2787E-01 -1.1660E+00 -6.9940E+00
  4.6991E-01 -8.2352E-01 -1.1768E+00 -7.0521E+00
  4.7428E-01 -8.1892E-01 -1.1876E+00 -7.1094E+00
  4.7869E-01 -8.1406E-01 -1.1981E+00 -7.1656E+00
  4.8315E-01 -8.0894E-01 -1.2085E+00 -7.2208E+00
  4.8764E-01 -8.0357E-01 -1.2188E+00 -7.2748E+00
  4.9217E-01 -7.9793E-01 -1.2289E+00 -7.3276E+00
  4.9675E-01 -7.9203E-01 -1.2388E+00 -7.3791E+00
  5.0137E-01 -7.8586E-01 -1.2484E+00 -7.4292E+00
  5.0604E-01 -7.7942E-01 -1.2579E+00 -7.4779E+00
  5.1074E-01 -7.7270E-01 -1.2672E+00 -7.5251E+00
  5.1549E-01 -7.6571E-01 -1.2762E+00 -7.5706E+00
  5.2029E-01 -7.5844E-01 -1.2849E+00 -7.6145E+00
  5.2513E-01 -7.5089E-01 -1.2934E+00 -7.6565E+00
  5.3001E-01 -7.4306E-01 -1.3015E+00 -7.6967E+00
  5.3494E-01 -7.3494E-01 -1.3094E+00 -7.7349E+00
  5.3992E-01 -7.2654E-01 -1.3170E+00 -7.7710E+00
  5.4494E-01 -7.1784E-01 -1.3242E+00 -7.8049E+00
  5.5001E-01 -7.0885E-01 -1.3311E+00 -7.8366E+00
  5.5512E-01 -6.9957E-01 -1.3376E+00 -7.8658E+00
  5.6029E-01 -6.9000E-01 -1.3438E+00 -7.8926E+00
  5.6550E-01 -6.8013E-01 -1.3495E+00 -7.9167E+00
  5.7076E-01 -6.6996E-01 -1.3548E+00 -7.9381E+00
  5.7606E-01 -6.5949E-01 -1.3597E+00 -7.9567E+00
  5.8142E-01 -6.4872E-01 -1.3642E+00 -7.9723E+00
  5.8683E-01 -6.3765E-01 -1.3681E+00 -7.9848E+00
  5.9229E-01 -6.2627E-01 -1.3716E+00 -7.9941E+00
  5.9780E-01 -6.1459E-01 -1.3746E+00 -8.0000E+00
  6.0336E-01 -6.0261E-01 -1.3771E+00 -8.0024E+00
  6.0897E-01 -5.9032E-01 -1.3790E+00 -8.0012E+00
  6.1463E-01 -5.7772E-01 -1.3803E+00 -7.9963E+00
  6.2035E-01 -5.6482E-01 -1.3811E+00 -7.9874E+00
  6.2612E-01 -5.5161E-01 -1.3813E+00 -7.9744E+00
  6.3194E-01 -5.3809E-01 -1.3808E+00 -7.9573E+00
  6.3782E-01 -5.2427E-01 -1.3798E+00 -7.9357E+00
  6.4375E-01 -5.1014E-01 -1.3780E+00 -7.9097E+00
  6.4974E-01 -4.9570E-01 -1.3756E+00 -7.8790E+00
  6.5578E-01 -4.8096E-01 -1.3725E+00 -7.8434E+00
  6.6188E-01 -4.6591E-01 -1.3687E+00 -7.8028E+00
  6.6804E-01 -4.5056E-01 -1.3641E+00 -7.7571E+00
  6.7425E-01 -4.3490E-01 -1.3588E+00 -7.7060E+00
  6.8053E-01 -4.1895E-01 -1.3527E+00 -7.6495E+00
  6.8685E-01 -4.0269E-01 -1.3459E+00 -7.5872E+00
  6.9324E-01 -3.8614E-01 -1.3382E+00 -7.5191E+00
  6.9969E-01 -3.6929E-01 -1.3297E+00 -7.4450E+00
  7.0620E-01 -3.5214E-01 -1.3203E+00 -7.3647E+00
  7.1277E-01 -3.3471E-01 -1.3101E+00 -7.2781E+00
  7.1940E-01 -3.1698E-01 -1.2991E+00 -7.1849E+00
  7.2609E-01 -2.9897E-01 -1.2871E+00 -7.0850E+00
  7.3284E-01 -2.8067E-01 -1.2742E+00 -6.9783E+00
  7.3966E-01 -2.6210E-01 -1.2604E+00 -6.8645E+00
  7.4654E-01 -2.4325E-01 -1.2457E+00 -6.7435E+00
  7.5348E-01 -2.2412E-01 -1.2301E+00 -6.6153E+00
  7.6049E-01 -2.0473E-01 -1.2134E+00 -6.4795E+00
  7.6756E-01 -1.8508E-01 -1.1958E+00 -6.3361E+00
  7.7470E-01 -1.6517E-01 -1.1773E+00 -6.1849E+00
  7.8191E-01 -1.4500E-01 -1.1577E+00 -6.0259E+00
  7.8918E-01 -1.2458E-01 -1.1372E+00 -5.8588E+00
  7.9652E-01 -1.0392E-01 -1.1156E+00 -5.6836E+00
  8.0393E-01 -8.3030E-02 -1.0931E+00 -5.5002E+00
  8.1140E-01 -6.1905E-02 -1.0695E+00 -5.3086E+00
  8.1895E-01 -4.0556E-02 -1.0450E+00 -5.1085E+00
  8.2657E-01 -1.8991E-02 -1.0194E+00 -4.9001E+00
  8.3426E-01  2.7827E-03 -9.9282E-01 -4.6833E+00
  8.4202E-01  2.4758E-02 -9.6524E-01 -4.4580E+00
  8.4985E-01  4.6926E-02 -9.3666E-01 -4.2243E+00
  8.5775E-01  6.9279E-02 -9.0709E-01 -3.9823E+00
  8.6573E-01  9.1807E-02 -8.7653E-01 -3.7319E+00
  8.7378E-01  1.1450E-01 -8.4500E-01 -3.4734E+00
  8.8191E-01  1.3735E-01 -8.1251E-01 -3.2067E+00
  8.9011E-01  1.6035E-01 -7.7908E-01 -2.9321E+00
  8.9839E-01  1.8348E-01 -7.4473E-01 -2.6498E+00
  9.0675E-01  2.0674E-01 -7.0947E-01 -2.3599E+00
  9.1518E-01  2.3011E-01 -6.7332E-01 -2.0628E+00
  9.2369E-01  2.5358E-01 -6.3632E-01 -1.7588E+00
  9.3228E-01  2.7714E-01 -5.9849E-01 -1.4481E+00
  9.4095E-01  3.0078E-01 -5.5985E-01 -1.1313E+00
  9.4971E-01  3.2448E-01 -5.2045E-01 -8.0873E-01
  9.5854E-01  3.4823E-01 -4.8032E-01 -4.8087E-01
  9.6745E-01  3.7201E-01 -4.3949E-01 -1.4829E-01
  9.7645E-01  3.9581E-01 -3.9801E-01  1.8843E-01
  9.8554E-01  4.1961E-01 -3.5592E-01  5.2865E-01
  9.9470E-01  4.4340E-01 -3.1326E-01  8.7166E-01
  1.0040E+00  4.6716E-01 -2.7009E-01  1.2167E+00
  1.0133E+00  4.9088E-01 -2.2645E-01  1.5630E+00
  1.0227E+00  5.1454E-01 -1.8240E-01  1.9097E+00
  1.0322E+00  5.3811E-01 -1.3800E-01  2.2559E+00
  1.0418E+00  5.6158E-01 -9.3298E-02  2.6006E+00
  1.0515E+00  5.8494E-01 -4.8367E-02  2.9427E+00
  1.0613E+00  6.0815E-01 -3.2657E-03  3.2813E+00
  1.0712E+00  6.3121E-01  4.1939E-02  3.6151E+00
  1.0811E+00  6.5409E-01  8.7178E-02  3.9431E+00
  1.0912E+00  6.7676E-01  1.3238E-01  4.2639E+00
  1.1013E+00  6.9921E-01  1.7748E-01  4.5764E+00
  1.1116E+00  7.2142E-01  2.2239E-01  4.8793E+00
  1.1219E+00  7.4336E-01  2.6705E-01  5.1713E+00
  1.1324E+00  7.6500E-01  3.1138E-01  5.4510E+00
  1.1429E+00  7.8633E-01  3.5529E-01  5.7171E+00
  1.1535E+00  8.0732E-01  3.9871E-01  5.9682E+00
  1.1642E+00  8.2794E-01  4.4156E-01  6.2030E+00
  1.1751E+00  8.4816E-01  4.8377E-01  6.4202E+00
  1.1860E+00  8.6797E-01  5.2524E-01  6.6183E+00
  1.1970E+00  8.8733E-01  5.6590E-01  6.7962E+00
  1.2082E+00  9.0622E-01  6.0568E-01  6.9526E+00
  1.2194E+00  9.2461E-01  6.4449E-01  7.0863E+00
  1.2307E+00  9.4247E-01  6.8226E-01  7.1961E+00
  1.2422E+00  9.5978E-01  7.1890E-01  7.2811E+00
  1.2537E+00  9.7649E-01  7.5436E-01  7.3403E+00
  1.2654E+00  9.9259E-01  7.8855E-01  7.3729E+00
  1.2772E+00  1.0080E+00  8.2141E-01  7.3782E+00
  1.2891E+00  1.0228E+00  8.5286E-01  7.3557E+00
  1.3010E+00  1.0369E+00  8.8286E-01  7.3049E+00
  1.3131E+00  1.0502E+00  9.1133E-01  7.2257E+00
  1.3254E+00  1.0628E+00  9.3822E-01  7.1181E+00
  1.3377E+00  1.0745E+00  9.6349E-01  6.9822E+00
  1.3501E+00  1.0855E+00  9.8708E-01  6.8184E+00
  1.3627E+00  1.0955E+00  1.0090E+00  6.6274E+00
  1.3754E+00  1.1047E+00  1.0291E+00  6.4101E+00
  1.3882E+00  1.1130E+00  1.0474E+00  6.1675E+00
  1.4011E+00  1.1203E+00  1.0639E+00  5.9013E+00
  1.4141E+00  1.1266E+00  1.0786E+00  5.6129E+00
  1.4273E+00  1.1318E+00  1.0915E+00  5.3044E+00
  1.4405E+00  1.1361E+00  1.1025E+00  4.9780E+00
  1.4539E+00  1.1392E+00  1.1116E+00  4.6363E+00
  1.4674E+00  1.1412E+00  1.1189E+00  4.2820E+00
  1.4811E+00  1.1421E+00  1.1243E+00  3.9182E+00
  1.4949E+00  1.1418E+00  1.1279E+00  3.5482E+00
  1.5088E+00  1.1403E+00  1.1297E+00  3.1756E+00
  1.5228E+00  1.1376E+00  1.1297E+00  2.8042E+00
  1.5370E+00  1.1336E+00  1.1279E+00  2.4380E+00
  1.5513E+00  1.1284E+00  1.1244E+00  2.0810E+00
  1.5657E+00  1.1218E+00  1.1191E+00  1.7377E+00
  1.5803E+00  1.1139E+00  1.1122E+00  1.4125E+00
  1.5950E+00  1.1046E+00  1.1036E+00  1.1097E+00
  1.6098E+00  1.0940E+00  1.0934E+00  8.3378E-01
  1.6248E+00  1.0819E+00  1.0817E+00  5.8925E-01
  1.6399E+00  1.0684E+00  1.0683E+00  3.8038E-01
  1.6551E+00  1.0535E+00  1.0535E+00  2.1130E-01
  1.6705E+00  1.0372E+00  1.0372E+00  8.5933E-02
  1.6861E+00  1.0193E+00  1.0193E+00  7.8723E-03
  1.7017E+00  1.0000E+00  1.0000E+00  0.0000E+00
  1.7176E+00  9.7919E-01  9.7919E-01  0.0000E+00
  1.7335E+00  9.5688E-01  9.5688E-01  0.0000E+00
  1.7497E+00  9.3307E-01  9.3307E-01  0.0000E+00
  1.7659E+00  9.0776E-01  9.0776E-01  0.0000E+00
  1.7824E+00  8.8094E-01  8.8094E-01  0.0000E+00
  1.7989E+00  8.5262E-01  8.5262E-01  0.0000E+00
  1.8157E+00  8.2280E-01  8.2280E-01  0.0000E+00
  1.8326E+00  7.9149E-01  7.9149E-01  0.0000E+00
  1.8496E+00  7.5872E-01  7.5872E-01  0.0000E+00
  1.8668E+00  7.2448E-01  7.2448E-01  0.0000E+00
  1.8842E+00  6.8881E-01  6.8881E-01  0.0000E+00
  1.9017E+00  6.5173E-01  6.5173E-01  0.0000E+00
  1.9194E+00  6.1326E-01  6.1326E-01  0.0000E+00
  1.9372E+00  5.7344E-01  5.7344E-01  0.0000E+00
  1.9553E+00  5.3230E-01  5.3230E-01  0.0000E+00
  1.9734E+00  4.8989E-01  4.8989E-01  0.0000E+00
  1.9918E+00  4.4625E-01  4.4625E-01  0.0000E+00
  2.0103E+00  4.0143E-01  4.0143E-01  0.0000E+00
  2.0290E+00  3.5548E-01  3.5548E-01  0.0000E+00
  2.0479E+00  3.0847E-01  3.0847E-01  0.0000E+00
  2.0669E+00  2.6045E-01  2.6045E-01  0.0000E+00
  2.0862E+00  2.1151E-01  2.1151E-01  0.0000E+00
  2.1056E+00  1.6171E-01  1.6171E-01  0.0000E+00
  2.1252E+00  1.1114E-01  1.1114E-01  0.0000E+00
  2.1449E+00  5.9887E-02  5.9887E-02  0.0000E+00
  2.1649E+00  8.0338E-03  8.0338E-03  0.0000E+00
  2.1850E+00 -4.4317E-02 -4.4317E-02  0.0000E+00
  2.2053E+00 -9.7064E-02 -9.7064E-02  0.0000E+00
  2.2258E+00 -1.5010E-01 -1.5010E-01  0.0000E+00
  2.2465E+00 -2.0330E-01 -2.0330E-01  0.0000E+00
  2.2674E+00 -2.5657E-01 -2.5657E-01  0.0000E+00
  2.2885E+00 -3.0976E-01 -3.0976E-01  0.0000E+00
  2.3098E+00 -3.6275E-01 -3.6275E-01  0.0000E+00
  2.3313E+00 -4.1540E-01 -4.1540E-01  0.0000E+00
  2.3530E+00 -4.6758E-01 -4.6758E-01  0.0000E+00
  2.3749E+00 -5.1914E-01 -5.1914E-01  0.0000E+00
  2.3970E+00 -5.6992E-01 -5.6992E-01  0.0000E+00
  2.4192E+00 -6.1979E-01 -6.1979E-01  0.0000E+00
  2.4417E+00 -6.6857E-01 -6.6857E-01  0.0000E+00
  2.4645E+00 -7.1611E-01 -7.1611E-01  0.0000E+00
  2.4874E+00 -7.6224E-01 -7.6224E-01  0.0000E+00
  2.5105E+00 -8.0680E-01 -8.0680E-01  0.0000E+00
  2.5339E+00 -8.4961E-01 -8.4961E-01  0.0000E+00
  2.5574E+00 -8.9051E-01 -8.9051E-01  0.0000E+00
  2.5812E+00 -9.2932E-01 -9.2932E-01  0.0000E+00
  2.6052E+00 -9.6587E-01 -9.6587E-01  0.0000E+00
  2.6295E+00 -9.9999E-01 -9.9999E-01  0.0000E+00
  2.6539E+00 -1.0315E+00 -1.0315E+00  0.0000E+00
  2.6786E+00 -1.0602E+00 -1.0602E+00  0.0000E+00
  2.7035E+00 -1.0860E+00 -1.0860E+00  0.0000E+00
