 # l=           0 basis function with energy    -4.12619280976537     
  0.0000E+00  0.0000E+00  0.0000E+00  0.0000E+00
  8.4554E-09  1.4544E-07 -1.6179E-08  1.2503E-09
  1.6990E-08  2.9223E-07 -3.2508E-08  2.5122E-09
  2.5603E-08  4.4038E-07 -4.8990E-08  3.7859E-09
  3.4297E-08  5.8991E-07 -6.5624E-08  5.0714E-09
  4.3071E-08  7.4084E-07 -8.2414E-08  6.3689E-09
  5.1927E-08  8.9317E-07 -9.9359E-08  7.6784E-09
  6.0865E-08  1.0469E-06 -1.1646E-07  9.0001E-09
  6.9887E-08  1.2021E-06 -1.3372E-07  1.0334E-08
  7.8992E-08  1.3587E-06 -1.5115E-07  1.1681E-08
  8.8183E-08  1.5168E-06 -1.6873E-07  1.3040E-08
  9.7458E-08  1.6763E-06 -1.8648E-07  1.4411E-08
  1.0682E-07  1.8373E-06 -2.0439E-07  1.5795E-08
  1.1627E-07  1.9999E-06 -2.2247E-07  1.7193E-08
  1.2581E-07  2.1639E-06 -2.4072E-07  1.8603E-08
  1.3543E-07  2.3295E-06 -2.5914E-07  2.0026E-08
  1.4515E-07  2.4966E-06 -2.7773E-07  2.1463E-08
  1.5495E-07  2.6652E-06 -2.9649E-07  2.2913E-08
  1.6485E-07  2.8355E-06 -3.1543E-07  2.4376E-08
  1.7484E-07  3.0073E-06 -3.3454E-07  2.5853E-08
  1.8492E-07  3.1807E-06 -3.5383E-07  2.7344E-08
  1.9509E-07  3.3557E-06 -3.7330E-07  2.8849E-08
  2.0536E-07  3.5323E-06 -3.9295E-07  3.0367E-08
  2.1573E-07  3.7106E-06 -4.1279E-07  3.1900E-08
  2.2619E-07  3.8906E-06 -4.3280E-07  3.3447E-08
  2.3675E-07  4.0722E-06 -4.5301E-07  3.5008E-08
  2.4741E-07  4.2555E-06 -4.7340E-07  3.6584E-08
  2.5817E-07  4.4405E-06 -4.9398E-07  3.8175E-08
  2.6902E-07  4.6273E-06 -5.1476E-07  3.9780E-08
  2.7998E-07  4.8157E-06 -5.3572E-07  4.1400E-08
  2.9104E-07  5.0060E-06 -5.5689E-07  4.3036E-08
  3.0220E-07  5.1980E-06 -5.7824E-07  4.4686E-08
  3.1347E-07  5.3917E-06 -5.9980E-07  4.6352E-08
  3.2484E-07  5.5873E-06 -6.2156E-07  4.8034E-08
  3.3632E-07  5.7847E-06 -6.4352E-07  4.9731E-08
  3.4790E-07  5.9840E-06 -6.6568E-07  5.1444E-08
  3.5959E-07  6.1851E-06 -6.8805E-07  5.3172E-08
  3.7139E-07  6.3880E-06 -7.1063E-07  5.4917E-08
  3.8330E-07  6.5929E-06 -7.3342E-07  5.6678E-08
  3.9532E-07  6.7996E-06 -7.5642E-07  5.8456E-08
  4.0745E-07  7.0083E-06 -7.7964E-07  6.0250E-08
  4.1970E-07  7.2189E-06 -8.0307E-07  6.2061E-08
  4.3206E-07  7.4315E-06 -8.2672E-07  6.3888E-08
  4.4453E-07  7.6461E-06 -8.5058E-07  6.5733E-08
  4.5712E-07  7.8626E-06 -8.7467E-07  6.7594E-08
  4.6983E-07  8.0812E-06 -8.9899E-07  6.9473E-08
  4.8265E-07  8.3018E-06 -9.2353E-07  7.1370E-08
  4.9560E-07  8.5244E-06 -9.4830E-07  7.3284E-08
  5.0866E-07  8.7492E-06 -9.7330E-07  7.5216E-08
  5.2185E-07  8.9760E-06 -9.9853E-07  7.7166E-08
  5.3516E-07  9.2049E-06 -1.0240E-06  7.9134E-08
  5.4859E-07  9.4359E-06 -1.0497E-06  8.1120E-08
  5.6215E-07  9.6691E-06 -1.0756E-06  8.3125E-08
  5.7583E-07  9.9045E-06 -1.1018E-06  8.5148E-08
  5.8964E-07  1.0142E-05 -1.1282E-06  8.7190E-08
  6.0358E-07  1.0382E-05 -1.1549E-06  8.9252E-08
  6.1765E-07  1.0624E-05 -1.1818E-06  9.1332E-08
  6.3185E-07  1.0868E-05 -1.2090E-06  9.3432E-08
  6.4619E-07  1.1115E-05 -1.2364E-06  9.5551E-08
  6.6065E-07  1.1363E-05 -1.2641E-06  9.7690E-08
  6.7525E-07  1.1615E-05 -1.2921E-06  9.9849E-08
  6.8999E-07  1.1868E-05 -1.3203E-06  1.0203E-07
  7.0486E-07  1.2124E-05 -1.3487E-06  1.0423E-07
  7.1987E-07  1.2382E-05 -1.3774E-06  1.0645E-07
  7.3502E-07  1.2643E-05 -1.4064E-06  1.0869E-07
  7.5031E-07  1.2906E-05 -1.4357E-06  1.1095E-07
  7.6575E-07  1.3171E-05 -1.4652E-06  1.1323E-07
  7.8133E-07  1.3439E-05 -1.4950E-06  1.1553E-07
  7.9705E-07  1.3709E-05 -1.5251E-06  1.1786E-07
  8.1292E-07  1.3982E-05 -1.5555E-06  1.2021E-07
  8.2893E-07  1.4258E-05 -1.5861E-06  1.2257E-07
  8.4510E-07  1.4536E-05 -1.6170E-06  1.2496E-07
  8.6142E-07  1.4817E-05 -1.6483E-06  1.2738E-07
  8.7788E-07  1.5100E-05 -1.6798E-06  1.2981E-07
  8.9450E-07  1.5386E-05 -1.7116E-06  1.3227E-07
  9.1128E-07  1.5674E-05 -1.7437E-06  1.3475E-07
  9.2821E-07  1.5965E-05 -1.7761E-06  1.3725E-07
  9.4530E-07  1.6259E-05 -1.8088E-06  1.3978E-07
  9.6255E-07  1.6556E-05 -1.8418E-06  1.4233E-07
  9.7995E-07  1.6855E-05 -1.8751E-06  1.4491E-07
  9.9752E-07  1.7158E-05 -1.9087E-06  1.4750E-07
  1.0153E-06  1.7463E-05 -1.9426E-06  1.5013E-07
  1.0332E-06  1.7770E-05 -1.9769E-06  1.5277E-07
  1.0512E-06  1.8081E-05 -2.0114E-06  1.5544E-07
  1.0695E-06  1.8395E-05 -2.0463E-06  1.5814E-07
  1.0879E-06  1.8711E-05 -2.0815E-06  1.6086E-07
  1.1064E-06  1.9031E-05 -2.1171E-06  1.6361E-07
  1.1252E-06  1.9353E-05 -2.1530E-06  1.6638E-07
  1.1441E-06  1.9679E-05 -2.1892E-06  1.6918E-07
  1.1632E-06  2.0007E-05 -2.2257E-06  1.7200E-07
  1.1825E-06  2.0339E-05 -2.2626E-06  1.7485E-07
  1.2019E-06  2.0673E-05 -2.2998E-06  1.7773E-07
  1.2216E-06  2.1011E-05 -2.3374E-06  1.8063E-07
  1.2414E-06  2.1352E-05 -2.3753E-06  1.8356E-07
  1.2614E-06  2.1696E-05 -2.4136E-06  1.8652E-07
  1.2816E-06  2.2043E-05 -2.4522E-06  1.8950E-07
  1.3019E-06  2.2394E-05 -2.4912E-06  1.9252E-07
  1.3225E-06  2.2747E-05 -2.5305E-06  1.9556E-07
  1.3433E-06  2.3104E-05 -2.5702E-06  1.9863E-07
  1.3642E-06  2.3465E-05 -2.6103E-06  2.0172E-07
  1.3854E-06  2.3828E-05 -2.6508E-06  2.0485E-07
  1.4067E-06  2.4195E-05 -2.6916E-06  2.0801E-07
  1.4282E-06  2.4566E-05 -2.7328E-06  2.1119E-07
  1.4500E-06  2.4940E-05 -2.7744E-06  2.1441E-07
  1.4719E-06  2.5317E-05 -2.8164E-06  2.1765E-07
  1.4941E-06  2.5698E-05 -2.8588E-06  2.2093E-07
  1.5164E-06  2.6082E-05 -2.9016E-06  2.2423E-07
  1.5390E-06  2.6470E-05 -2.9447E-06  2.2757E-07
  1.5617E-06  2.6862E-05 -2.9883E-06  2.3093E-07
  1.5847E-06  2.7257E-05 -3.0323E-06  2.3433E-07
  1.6079E-06  2.7656E-05 -3.0766E-06  2.3776E-07
  1.6313E-06  2.8059E-05 -3.1214E-06  2.4122E-07
  1.6550E-06  2.8465E-05 -3.1667E-06  2.4472E-07
  1.6788E-06  2.8876E-05 -3.2123E-06  2.4824E-07
  1.7029E-06  2.9289E-05 -3.2583E-06  2.5180E-07
  1.7272E-06  2.9707E-05 -3.3048E-06  2.5540E-07
  1.7517E-06  3.0129E-05 -3.3517E-06  2.5902E-07
  1.7764E-06  3.0555E-05 -3.3991E-06  2.6268E-07
  1.8014E-06  3.0984E-05 -3.4469E-06  2.6637E-07
  1.8266E-06  3.1418E-05 -3.4951E-06  2.7010E-07
  1.8521E-06  3.1856E-05 -3.5438E-06  2.7386E-07
  1.8777E-06  3.2297E-05 -3.5930E-06  2.7766E-07
  1.9037E-06  3.2743E-05 -3.6426E-06  2.8149E-07
  1.9298E-06  3.3193E-05 -3.6926E-06  2.8536E-07
  1.9562E-06  3.3647E-05 -3.7431E-06  2.8927E-07
  1.9829E-06  3.4106E-05 -3.7941E-06  2.9321E-07
  2.0098E-06  3.4568E-05 -3.8456E-06  2.9719E-07
  2.0369E-06  3.5035E-05 -3.8975E-06  3.0120E-07
  2.0643E-06  3.5507E-05 -3.9500E-06  3.0525E-07
  2.0920E-06  3.5982E-05 -4.0029E-06  3.0934E-07
  2.1199E-06  3.6462E-05 -4.0563E-06  3.1347E-07
  2.1481E-06  3.6947E-05 -4.1102E-06  3.1763E-07
  2.1765E-06  3.7436E-05 -4.1646E-06  3.2184E-07
  2.2052E-06  3.7929E-05 -4.2195E-06  3.2608E-07
  2.2342E-06  3.8428E-05 -4.2750E-06  3.3037E-07
  2.2634E-06  3.8931E-05 -4.3309E-06  3.3469E-07
  2.2929E-06  3.9438E-05 -4.3874E-06  3.3905E-07
  2.3227E-06  3.9950E-05 -4.4443E-06  3.4346E-07
  2.3528E-06  4.0467E-05 -4.5019E-06  3.4790E-07
  2.3831E-06  4.0989E-05 -4.5599E-06  3.5239E-07
  2.4137E-06  4.1516E-05 -4.6185E-06  3.5691E-07
  2.4446E-06  4.2047E-05 -4.6776E-06  3.6148E-07
  2.4758E-06  4.2584E-05 -4.7373E-06  3.6610E-07
  2.5073E-06  4.3125E-05 -4.7976E-06  3.7075E-07
  2.5391E-06  4.3672E-05 -4.8584E-06  3.7545E-07
  2.5711E-06  4.4223E-05 -4.9197E-06  3.8019E-07
  2.6035E-06  4.4780E-05 -4.9817E-06  3.8498E-07
  2.6362E-06  4.5342E-05 -5.0442E-06  3.8981E-07
  2.6692E-06  4.5909E-05 -5.1073E-06  3.9469E-07
  2.7024E-06  4.6482E-05 -5.1710E-06  3.9961E-07
  2.7360E-06  4.7059E-05 -5.2352E-06  4.0458E-07
  2.7699E-06  4.7642E-05 -5.3001E-06  4.0959E-07
  2.8042E-06  4.8231E-05 -5.3656E-06  4.1465E-07
  2.8387E-06  4.8825E-05 -5.4317E-06  4.1976E-07
  2.8735E-06  4.9425E-05 -5.4984E-06  4.2491E-07
  2.9087E-06  5.0030E-05 -5.5657E-06  4.3011E-07
  2.9442E-06  5.0640E-05 -5.6336E-06  4.3536E-07
  2.9801E-06  5.1257E-05 -5.7022E-06  4.4066E-07
  3.0162E-06  5.1879E-05 -5.7714E-06  4.4601E-07
  3.0528E-06  5.2507E-05 -5.8413E-06  4.5141E-07
  3.0896E-06  5.3141E-05 -5.9118E-06  4.5686E-07
  3.1268E-06  5.3780E-05 -5.9829E-06  4.6236E-07
  3.1643E-06  5.4426E-05 -6.0548E-06  4.6791E-07
  3.2022E-06  5.5078E-05 -6.1273E-06  4.7351E-07
  3.2405E-06  5.5735E-05 -6.2004E-06  4.7917E-07
  3.2791E-06  5.6399E-05 -6.2743E-06  4.8487E-07
  3.3180E-06  5.7069E-05 -6.3488E-06  4.9063E-07
  3.3573E-06  5.7745E-05 -6.4241E-06  4.9645E-07
  3.3970E-06  5.8428E-05 -6.5000E-06  5.0231E-07
  3.4371E-06  5.9117E-05 -6.5766E-06  5.0824E-07
  3.4775E-06  5.9812E-05 -6.6540E-06  5.1421E-07
  3.5183E-06  6.0514E-05 -6.7320E-06  5.2025E-07
  3.5595E-06  6.1222E-05 -6.8108E-06  5.2634E-07
  3.6010E-06  6.1937E-05 -6.8904E-06  5.3248E-07
  3.6430E-06  6.2658E-05 -6.9706E-06  5.3869E-07
  3.6853E-06  6.3386E-05 -7.0516E-06  5.4495E-07
  3.7280E-06  6.4121E-05 -7.1334E-06  5.5126E-07
  3.7712E-06  6.4863E-05 -7.2159E-06  5.5764E-07
  3.8147E-06  6.5612E-05 -7.2992E-06  5.6408E-07
  3.8586E-06  6.6367E-05 -7.3833E-06  5.7058E-07
  3.9030E-06  6.7130E-05 -7.4681E-06  5.7713E-07
  3.9477E-06  6.7900E-05 -7.5538E-06  5.8375E-07
  3.9929E-06  6.8677E-05 -7.6402E-06  5.9043E-07
  4.0385E-06  6.9461E-05 -7.7275E-06  5.9717E-07
  4.0845E-06  7.0252E-05 -7.8155E-06  6.0398E-07
  4.1310E-06  7.1051E-05 -7.9044E-06  6.1085E-07
  4.1779E-06  7.1857E-05 -7.9941E-06  6.1778E-07
  4.2252E-06  7.2671E-05 -8.0846E-06  6.2477E-07
  4.2729E-06  7.3492E-05 -8.1760E-06  6.3183E-07
  4.3211E-06  7.4321E-05 -8.2682E-06  6.3896E-07
  4.3698E-06  7.5158E-05 -8.3613E-06  6.4616E-07
  4.4189E-06  7.6002E-05 -8.4552E-06  6.5342E-07
  4.4684E-06  7.6855E-05 -8.5501E-06  6.6074E-07
  4.5184E-06  7.7715E-05 -8.6458E-06  6.6814E-07
  4.5689E-06  7.8583E-05 -8.7423E-06  6.7560E-07
  4.6199E-06  7.9459E-05 -8.8398E-06  6.8314E-07
  4.6713E-06  8.0344E-05 -8.9382E-06  6.9074E-07
  4.7232E-06  8.1237E-05 -9.0376E-06  6.9842E-07
  4.7756E-06  8.2138E-05 -9.1378E-06  7.0616E-07
  4.8285E-06  8.3047E-05 -9.2390E-06  7.1398E-07
  4.8818E-06  8.3965E-05 -9.3411E-06  7.2187E-07
  4.9357E-06  8.4891E-05 -9.4441E-06  7.2984E-07
  4.9900E-06  8.5826E-05 -9.5481E-06  7.3788E-07
  5.0449E-06  8.6770E-05 -9.6531E-06  7.4599E-07
  5.1003E-06  8.7722E-05 -9.7591E-06  7.5418E-07
  5.1562E-06  8.8683E-05 -9.8660E-06  7.6244E-07
  5.2126E-06  8.9654E-05 -9.9740E-06  7.7078E-07
  5.2695E-06  9.0633E-05 -1.0083E-05  7.7920E-07
  5.3270E-06  9.1621E-05 -1.0193E-05  7.8770E-07
  5.3850E-06  9.2619E-05 -1.0304E-05  7.9628E-07
  5.4435E-06  9.3625E-05 -1.0416E-05  8.0493E-07
  5.5026E-06  9.4642E-05 -1.0529E-05  8.1367E-07
  5.5623E-06  9.5667E-05 -1.0643E-05  8.2249E-07
  5.6224E-06  9.6702E-05 -1.0758E-05  8.3139E-07
  5.6832E-06  9.7747E-05 -1.0874E-05  8.4037E-07
  5.7445E-06  9.8802E-05 -1.0992E-05  8.4944E-07
  5.8064E-06  9.9866E-05 -1.1110E-05  8.5859E-07
  5.8689E-06  1.0094E-04 -1.1230E-05  8.6783E-07
  5.9319E-06  1.0202E-04 -1.1350E-05  8.7715E-07
  5.9955E-06  1.0312E-04 -1.1472E-05  8.8656E-07
  6.0597E-06  1.0422E-04 -1.1595E-05  8.9605E-07
  6.1246E-06  1.0534E-04 -1.1719E-05  9.0564E-07
  6.1900E-06  1.0646E-04 -1.1844E-05  9.1531E-07
  6.2560E-06  1.0760E-04 -1.1971E-05  9.2507E-07
  6.3227E-06  1.0874E-04 -1.2098E-05  9.3493E-07
  6.3899E-06  1.0990E-04 -1.2227E-05  9.4487E-07
  6.4578E-06  1.1107E-04 -1.2357E-05  9.5491E-07
  6.5263E-06  1.1225E-04 -1.2488E-05  9.6505E-07
  6.5955E-06  1.1344E-04 -1.2620E-05  9.7527E-07
  6.6653E-06  1.1464E-04 -1.2754E-05  9.8559E-07
  6.7357E-06  1.1585E-04 -1.2888E-05  9.9601E-07
  6.8068E-06  1.1707E-04 -1.3024E-05  1.0065E-06
  6.8786E-06  1.1831E-04 -1.3162E-05  1.0171E-06
  6.9510E-06  1.1955E-04 -1.3300E-05  1.0278E-06
  7.0241E-06  1.2081E-04 -1.3440E-05  1.0387E-06
  7.0979E-06  1.2208E-04 -1.3581E-05  1.0496E-06
  7.1724E-06  1.2336E-04 -1.3724E-05  1.0606E-06
  7.2476E-06  1.2465E-04 -1.3868E-05  1.0717E-06
  7.3234E-06  1.2596E-04 -1.4013E-05  1.0829E-06
  7.4000E-06  1.2727E-04 -1.4159E-05  1.0942E-06
  7.4773E-06  1.2860E-04 -1.4307E-05  1.1057E-06
  7.5553E-06  1.2994E-04 -1.4457E-05  1.1172E-06
  7.6340E-06  1.3130E-04 -1.4607E-05  1.1288E-06
  7.7135E-06  1.3266E-04 -1.4759E-05  1.1406E-06
  7.7937E-06  1.3404E-04 -1.4913E-05  1.1524E-06
  7.8746E-06  1.3543E-04 -1.5068E-05  1.1644E-06
  7.9563E-06  1.3684E-04 -1.5224E-05  1.1765E-06
  8.0388E-06  1.3826E-04 -1.5382E-05  1.1887E-06
  8.1220E-06  1.3969E-04 -1.5541E-05  1.2010E-06
  8.2060E-06  1.4113E-04 -1.5702E-05  1.2134E-06
  8.2908E-06  1.4259E-04 -1.5864E-05  1.2260E-06
  8.3763E-06  1.4406E-04 -1.6028E-05  1.2386E-06
  8.4627E-06  1.4555E-04 -1.6193E-05  1.2514E-06
  8.5499E-06  1.4705E-04 -1.6360E-05  1.2643E-06
  8.6378E-06  1.4856E-04 -1.6528E-05  1.2773E-06
  8.7266E-06  1.5009E-04 -1.6698E-05  1.2904E-06
  8.8163E-06  1.5163E-04 -1.6869E-05  1.3037E-06
  8.9067E-06  1.5318E-04 -1.7042E-05  1.3170E-06
  8.9980E-06  1.5475E-04 -1.7217E-05  1.3305E-06
  9.0902E-06  1.5634E-04 -1.7393E-05  1.3442E-06
  9.1832E-06  1.5794E-04 -1.7571E-05  1.3579E-06
  9.2770E-06  1.5955E-04 -1.7751E-05  1.3718E-06
  9.3718E-06  1.6118E-04 -1.7932E-05  1.3858E-06
  9.4674E-06  1.6283E-04 -1.8115E-05  1.3999E-06
  9.5639E-06  1.6449E-04 -1.8300E-05  1.4142E-06
  9.6613E-06  1.6616E-04 -1.8486E-05  1.4286E-06
  9.7596E-06  1.6785E-04 -1.8674E-05  1.4432E-06
  9.8589E-06  1.6956E-04 -1.8864E-05  1.4578E-06
  9.9590E-06  1.7128E-04 -1.9056E-05  1.4726E-06
  1.0060E-05  1.7302E-04 -1.9249E-05  1.4876E-06
  1.0162E-05  1.7477E-04 -1.9445E-05  1.5027E-06
  1.0265E-05  1.7654E-04 -1.9642E-05  1.5179E-06
  1.0369E-05  1.7833E-04 -1.9841E-05  1.5333E-06
  1.0474E-05  1.8013E-04 -2.0041E-05  1.5488E-06
  1.0580E-05  1.8196E-04 -2.0244E-05  1.5644E-06
  1.0687E-05  1.8379E-04 -2.0448E-05  1.5802E-06
  1.0795E-05  1.8565E-04 -2.0655E-05  1.5962E-06
  1.0903E-05  1.8752E-04 -2.0863E-05  1.6123E-06
  1.1013E-05  1.8941E-04 -2.1073E-05  1.6285E-06
  1.1124E-05  1.9132E-04 -2.1285E-05  1.6449E-06
  1.1236E-05  1.9324E-04 -2.1500E-05  1.6615E-06
  1.1349E-05  1.9518E-04 -2.1716E-05  1.6782E-06
  1.1463E-05  1.9714E-04 -2.1934E-05  1.6950E-06
  1.1578E-05  1.9912E-04 -2.2154E-05  1.7120E-06
  1.1694E-05  2.0112E-04 -2.2376E-05  1.7292E-06
  1.1811E-05  2.0314E-04 -2.2601E-05  1.7466E-06
  1.1930E-05  2.0517E-04 -2.2827E-05  1.7641E-06
  1.2049E-05  2.0722E-04 -2.3055E-05  1.7817E-06
  1.2170E-05  2.0930E-04 -2.3286E-05  1.7995E-06
  1.2291E-05  2.1139E-04 -2.3519E-05  1.8175E-06
  1.2414E-05  2.1350E-04 -2.3754E-05  1.8357E-06
  1.2538E-05  2.1563E-04 -2.3991E-05  1.8540E-06
  1.2663E-05  2.1778E-04 -2.4230E-05  1.8725E-06
  1.2789E-05  2.1995E-04 -2.4472E-05  1.8912E-06
  1.2917E-05  2.2214E-04 -2.4715E-05  1.9100E-06
  1.3045E-05  2.2435E-04 -2.4962E-05  1.9290E-06
  1.3175E-05  2.2659E-04 -2.5210E-05  1.9482E-06
  1.3306E-05  2.2884E-04 -2.5461E-05  1.9676E-06
  1.3438E-05  2.3111E-04 -2.5714E-05  1.9871E-06
  1.3572E-05  2.3341E-04 -2.5969E-05  2.0069E-06
  1.3706E-05  2.3572E-04 -2.6227E-05  2.0268E-06
  1.3842E-05  2.3806E-04 -2.6487E-05  2.0469E-06
  1.3980E-05  2.4042E-04 -2.6749E-05  2.0672E-06
  1.4118E-05  2.4280E-04 -2.7014E-05  2.0876E-06
  1.4258E-05  2.4520E-04 -2.7282E-05  2.1083E-06
  1.4399E-05  2.4763E-04 -2.7552E-05  2.1292E-06
  1.4541E-05  2.5008E-04 -2.7824E-05  2.1502E-06
  1.4685E-05  2.5255E-04 -2.8099E-05  2.1715E-06
  1.4830E-05  2.5504E-04 -2.8376E-05  2.1929E-06
  1.4976E-05  2.5756E-04 -2.8657E-05  2.2146E-06
  1.5124E-05  2.6010E-04 -2.8939E-05  2.2364E-06
  1.5273E-05  2.6266E-04 -2.9225E-05  2.2585E-06
  1.5424E-05  2.6525E-04 -2.9513E-05  2.2807E-06
  1.5576E-05  2.6786E-04 -2.9803E-05  2.3032E-06
  1.5729E-05  2.7050E-04 -3.0097E-05  2.3259E-06
  1.5884E-05  2.7316E-04 -3.0393E-05  2.3487E-06
  1.6040E-05  2.7585E-04 -3.0692E-05  2.3718E-06
  1.6198E-05  2.7856E-04 -3.0993E-05  2.3951E-06
  1.6357E-05  2.8129E-04 -3.1298E-05  2.4187E-06
  1.6517E-05  2.8405E-04 -3.1605E-05  2.4424E-06
  1.6679E-05  2.8684E-04 -3.1915E-05  2.4664E-06
  1.6843E-05  2.8965E-04 -3.2228E-05  2.4906E-06
  1.7008E-05  2.9249E-04 -3.2544E-05  2.5150E-06
  1.7175E-05  2.9536E-04 -3.2863E-05  2.5396E-06
  1.7343E-05  2.9825E-04 -3.3185E-05  2.5645E-06
  1.7513E-05  3.0117E-04 -3.3510E-05  2.5896E-06
  1.7684E-05  3.0411E-04 -3.3838E-05  2.6149E-06
  1.7857E-05  3.0709E-04 -3.4168E-05  2.6405E-06
  1.8032E-05  3.1009E-04 -3.4502E-05  2.6663E-06
  1.8208E-05  3.1312E-04 -3.4839E-05  2.6924E-06
  1.8386E-05  3.1618E-04 -3.5180E-05  2.7187E-06
  1.8565E-05  3.1926E-04 -3.5523E-05  2.7452E-06
  1.8746E-05  3.2237E-04 -3.5870E-05  2.7720E-06
  1.8929E-05  3.2552E-04 -3.6219E-05  2.7990E-06
  1.9113E-05  3.2869E-04 -3.6573E-05  2.8263E-06
  1.9300E-05  3.3189E-04 -3.6929E-05  2.8538E-06
  1.9488E-05  3.3512E-04 -3.7289E-05  2.8816E-06
  1.9677E-05  3.3839E-04 -3.7652E-05  2.9097E-06
  1.9869E-05  3.4168E-04 -3.8018E-05  2.9380E-06
  2.0062E-05  3.4500E-04 -3.8388E-05  2.9666E-06
  2.0257E-05  3.4835E-04 -3.8761E-05  2.9954E-06
  2.0454E-05  3.5174E-04 -3.9138E-05  3.0245E-06
  2.0653E-05  3.5515E-04 -3.9518E-05  3.0539E-06
  2.0853E-05  3.5860E-04 -3.9902E-05  3.0836E-06
  2.1056E-05  3.6208E-04 -4.0289E-05  3.1135E-06
  2.1260E-05  3.6559E-04 -4.0680E-05  3.1437E-06
  2.1466E-05  3.6914E-04 -4.1074E-05  3.1742E-06
  2.1674E-05  3.7272E-04 -4.1472E-05  3.2050E-06
  2.1884E-05  3.7633E-04 -4.1874E-05  3.2360E-06
  2.2096E-05  3.7997E-04 -4.2280E-05  3.2674E-06
  2.2310E-05  3.8365E-04 -4.2689E-05  3.2990E-06
  2.2526E-05  3.8736E-04 -4.3103E-05  3.3310E-06
  2.2744E-05  3.9111E-04 -4.3520E-05  3.3632E-06
  2.2964E-05  3.9489E-04 -4.3941E-05  3.3957E-06
  2.3186E-05  3.9871E-04 -4.4366E-05  3.4285E-06
  2.3410E-05  4.0256E-04 -4.4794E-05  3.4617E-06
  2.3637E-05  4.0645E-04 -4.5227E-05  3.4951E-06
  2.3865E-05  4.1038E-04 -4.5664E-05  3.5289E-06
  2.4095E-05  4.1434E-04 -4.6105E-05  3.5630E-06
  2.4328E-05  4.1834E-04 -4.6550E-05  3.5974E-06
  2.4563E-05  4.2237E-04 -4.6999E-05  3.6321E-06
  2.4800E-05  4.2645E-04 -4.7452E-05  3.6671E-06
  2.5039E-05  4.3056E-04 -4.7910E-05  3.7025E-06
  2.5280E-05  4.3470E-04 -4.8372E-05  3.7381E-06
  2.5524E-05  4.3889E-04 -4.8838E-05  3.7742E-06
  2.5769E-05  4.4312E-04 -4.9308E-05  3.8105E-06
  2.6018E-05  4.4738E-04 -4.9783E-05  3.8472E-06
  2.6268E-05  4.5169E-04 -5.0262E-05  3.8842E-06
  2.6521E-05  4.5603E-04 -5.0746E-05  3.9216E-06
  2.6776E-05  4.6042E-04 -5.1234E-05  3.9593E-06
  2.7033E-05  4.6485E-04 -5.1727E-05  3.9974E-06
  2.7293E-05  4.6931E-04 -5.2224E-05  4.0358E-06
  2.7556E-05  4.7382E-04 -5.2726E-05  4.0746E-06
  2.7820E-05  4.7837E-04 -5.3233E-05  4.1138E-06
  2.8088E-05  4.8297E-04 -5.3744E-05  4.1533E-06
  2.8357E-05  4.8760E-04 -5.4260E-05  4.1932E-06
  2.8629E-05  4.9228E-04 -5.4781E-05  4.2334E-06
  2.8904E-05  4.9701E-04 -5.5306E-05  4.2741E-06
  2.9181E-05  5.0177E-04 -5.5837E-05  4.3151E-06
  2.9461E-05  5.0658E-04 -5.6373E-05  4.3564E-06
  2.9744E-05  5.1144E-04 -5.6913E-05  4.3982E-06
  3.0029E-05  5.1634E-04 -5.7459E-05  4.4404E-06
  3.0317E-05  5.2129E-04 -5.8009E-05  4.4829E-06
  3.0607E-05  5.2628E-04 -5.8565E-05  4.5259E-06
  3.0900E-05  5.3132E-04 -5.9126E-05  4.5692E-06
  3.1196E-05  5.3640E-04 -5.9692E-05  4.6130E-06
  3.1495E-05  5.4153E-04 -6.0263E-05  4.6571E-06
  3.1796E-05  5.4671E-04 -6.0840E-05  4.7017E-06
  3.2100E-05  5.5194E-04 -6.1422E-05  4.7467E-06
  3.2407E-05  5.5722E-04 -6.2010E-05  4.7921E-06
  3.2717E-05  5.6255E-04 -6.2602E-05  4.8379E-06
  3.3030E-05  5.6792E-04 -6.3201E-05  4.8841E-06
  3.3346E-05  5.7335E-04 -6.3805E-05  4.9308E-06
  3.3664E-05  5.7882E-04 -6.4415E-05  4.9779E-06
  3.3986E-05  5.8435E-04 -6.5030E-05  5.0255E-06
  3.4310E-05  5.8993E-04 -6.5651E-05  5.0735E-06
  3.4638E-05  5.9556E-04 -6.6278E-05  5.1219E-06
  3.4969E-05  6.0124E-04 -6.6910E-05  5.1708E-06
  3.5302E-05  6.0698E-04 -6.7549E-05  5.2201E-06
  3.5639E-05  6.1277E-04 -6.8193E-05  5.2699E-06
  3.5979E-05  6.1861E-04 -6.8844E-05  5.3202E-06
  3.6322E-05  6.2450E-04 -6.9500E-05  5.3709E-06
  3.6668E-05  6.3046E-04 -7.0163E-05  5.4221E-06
  3.7018E-05  6.3646E-04 -7.0832E-05  5.4738E-06
  3.7371E-05  6.4253E-04 -7.1506E-05  5.5260E-06
  3.7727E-05  6.4864E-04 -7.2188E-05  5.5786E-06
  3.8086E-05  6.5482E-04 -7.2875E-05  5.6318E-06
  3.8449E-05  6.6105E-04 -7.3569E-05  5.6854E-06
  3.8815E-05  6.6734E-04 -7.4270E-05  5.7395E-06
  3.9184E-05  6.7369E-04 -7.4977E-05  5.7942E-06
  3.9557E-05  6.8010E-04 -7.5690E-05  5.8493E-06
  3.9934E-05  6.8657E-04 -7.6410E-05  5.9050E-06
  4.0313E-05  6.9310E-04 -7.7137E-05  5.9611E-06
  4.0697E-05  6.9969E-04 -7.7871E-05  6.0178E-06
  4.1084E-05  7.0634E-04 -7.8611E-05  6.0750E-06
  4.1474E-05  7.1305E-04 -7.9359E-05  6.1328E-06
  4.1869E-05  7.1982E-04 -8.0113E-05  6.1911E-06
  4.2266E-05  7.2666E-04 -8.0874E-05  6.2499E-06
  4.2668E-05  7.3356E-04 -8.1643E-05  6.3093E-06
  4.3073E-05  7.4053E-04 -8.2418E-05  6.3692E-06
  4.3482E-05  7.4756E-04 -8.3201E-05  6.4297E-06
  4.3895E-05  7.5465E-04 -8.3991E-05  6.4908E-06
  4.4312E-05  7.6181E-04 -8.4788E-05  6.5524E-06
  4.4733E-05  7.6904E-04 -8.5593E-05  6.6146E-06
  4.5157E-05  7.7633E-04 -8.6406E-05  6.6774E-06
  4.5586E-05  7.8370E-04 -8.7225E-05  6.7407E-06
  4.6018E-05  7.9113E-04 -8.8053E-05  6.8047E-06
  4.6455E-05  7.9863E-04 -8.8888E-05  6.8692E-06
  4.6895E-05  8.0620E-04 -8.9731E-05  6.9344E-06
  4.7340E-05  8.1384E-04 -9.0582E-05  7.0001E-06
  4.7788E-05  8.2155E-04 -9.1440E-05  7.0665E-06
  4.8241E-05  8.2933E-04 -9.2307E-05  7.1334E-06
  4.8698E-05  8.3719E-04 -9.3182E-05  7.2010E-06
  4.9160E-05  8.4511E-04 -9.4065E-05  7.2693E-06
  4.9626E-05  8.5311E-04 -9.4956E-05  7.3381E-06
  5.0096E-05  8.6119E-04 -9.5855E-05  7.4076E-06
  5.0570E-05  8.6934E-04 -9.6763E-05  7.4778E-06
  5.1049E-05  8.7757E-04 -9.7679E-05  7.5486E-06
  5.1532E-05  8.8587E-04 -9.8604E-05  7.6200E-06
  5.2020E-05  8.9425E-04 -9.9537E-05  7.6922E-06
  5.2512E-05  9.0271E-04 -1.0048E-04  7.7649E-06
  5.3009E-05  9.1124E-04 -1.0143E-04  7.8384E-06
  5.3510E-05  9.1986E-04 -1.0239E-04  7.9126E-06
  5.4017E-05  9.2856E-04 -1.0336E-04  7.9874E-06
  5.4527E-05  9.3733E-04 -1.0434E-04  8.0630E-06
  5.5043E-05  9.4619E-04 -1.0532E-04  8.1392E-06
  5.5564E-05  9.5513E-04 -1.0632E-04  8.2162E-06
  5.6089E-05  9.6415E-04 -1.0732E-04  8.2938E-06
  5.6619E-05  9.7326E-04 -1.0834E-04  8.3722E-06
  5.7154E-05  9.8245E-04 -1.0936E-04  8.4513E-06
  5.7694E-05  9.9173E-04 -1.1039E-04  8.5312E-06
  5.8239E-05  1.0011E-03 -1.1144E-04  8.6118E-06
  5.8789E-05  1.0105E-03 -1.1249E-04  8.6931E-06
  5.9344E-05  1.0201E-03 -1.1355E-04  8.7752E-06
  5.9905E-05  1.0297E-03 -1.1462E-04  8.8581E-06
  6.0471E-05  1.0394E-03 -1.1571E-04  8.9418E-06
  6.1041E-05  1.0492E-03 -1.1680E-04  9.0262E-06
  6.1618E-05  1.0591E-03 -1.1790E-04  9.1114E-06
  6.2199E-05  1.0691E-03 -1.1901E-04  9.1974E-06
  6.2786E-05  1.0792E-03 -1.2014E-04  9.2842E-06
  6.3379E-05  1.0894E-03 -1.2127E-04  9.3718E-06
  6.3977E-05  1.0996E-03 -1.2242E-04  9.4602E-06
  6.4580E-05  1.1100E-03 -1.2357E-04  9.5494E-06
  6.5189E-05  1.1205E-03 -1.2474E-04  9.6395E-06
  6.5804E-05  1.1310E-03 -1.2591E-04  9.7304E-06
  6.6424E-05  1.1417E-03 -1.2710E-04  9.8222E-06
  6.7051E-05  1.1524E-03 -1.2830E-04  9.9148E-06
  6.7683E-05  1.1633E-03 -1.2951E-04  1.0008E-05
  6.8321E-05  1.1743E-03 -1.3073E-04  1.0103E-05
  6.8965E-05  1.1853E-03 -1.3196E-04  1.0198E-05
  6.9615E-05  1.1965E-03 -1.3320E-04  1.0294E-05
  7.0270E-05  1.2077E-03 -1.3446E-04  1.0391E-05
  7.0933E-05  1.2191E-03 -1.3573E-04  1.0489E-05
  7.1601E-05  1.2306E-03 -1.3700E-04  1.0588E-05
  7.2275E-05  1.2422E-03 -1.3829E-04  1.0687E-05
  7.2956E-05  1.2539E-03 -1.3960E-04  1.0788E-05
  7.3643E-05  1.2657E-03 -1.4091E-04  1.0890E-05
  7.4336E-05  1.2776E-03 -1.4224E-04  1.0992E-05
  7.5036E-05  1.2896E-03 -1.4358E-04  1.1096E-05
  7.5742E-05  1.3017E-03 -1.4493E-04  1.1200E-05
  7.6455E-05  1.3140E-03 -1.4629E-04  1.1305E-05
  7.7175E-05  1.3263E-03 -1.4767E-04  1.1412E-05
  7.7901E-05  1.3388E-03 -1.4906E-04  1.1519E-05
  7.8634E-05  1.3514E-03 -1.5046E-04  1.1628E-05
  7.9374E-05  1.3641E-03 -1.5188E-04  1.1737E-05
  8.0121E-05  1.3769E-03 -1.5331E-04  1.1847E-05
  8.0874E-05  1.3898E-03 -1.5475E-04  1.1959E-05
  8.1635E-05  1.4029E-03 -1.5620E-04  1.2071E-05
  8.2403E-05  1.4161E-03 -1.5767E-04  1.2185E-05
  8.3178E-05  1.4294E-03 -1.5916E-04  1.2299E-05
  8.3960E-05  1.4428E-03 -1.6065E-04  1.2415E-05
  8.4749E-05  1.4564E-03 -1.6216E-04  1.2532E-05
  8.5546E-05  1.4700E-03 -1.6369E-04  1.2650E-05
  8.6350E-05  1.4838E-03 -1.6523E-04  1.2769E-05
  8.7162E-05  1.4978E-03 -1.6678E-04  1.2889E-05
  8.7981E-05  1.5118E-03 -1.6835E-04  1.3010E-05
  8.8807E-05  1.5260E-03 -1.6993E-04  1.3132E-05
  8.9642E-05  1.5404E-03 -1.7152E-04  1.3255E-05
  9.0484E-05  1.5548E-03 -1.7314E-04  1.3380E-05
  9.1334E-05  1.5694E-03 -1.7476E-04  1.3506E-05
  9.2192E-05  1.5841E-03 -1.7640E-04  1.3632E-05
  9.3058E-05  1.5990E-03 -1.7806E-04  1.3760E-05
  9.3932E-05  1.6140E-03 -1.7973E-04  1.3890E-05
  9.4814E-05  1.6291E-03 -1.8142E-04  1.4020E-05
  9.5705E-05  1.6444E-03 -1.8312E-04  1.4152E-05
  9.6603E-05  1.6598E-03 -1.8484E-04  1.4285E-05
  9.7510E-05  1.6754E-03 -1.8658E-04  1.4419E-05
  9.8425E-05  1.6911E-03 -1.8833E-04  1.4554E-05
  9.9349E-05  1.7070E-03 -1.9010E-04  1.4691E-05
  1.0028E-04  1.7230E-03 -1.9188E-04  1.4829E-05
  1.0122E-04  1.7391E-03 -1.9368E-04  1.4968E-05
  1.0217E-04  1.7554E-03 -1.9550E-04  1.5108E-05
  1.0313E-04  1.7719E-03 -1.9734E-04  1.5250E-05
  1.0410E-04  1.7885E-03 -1.9919E-04  1.5393E-05
  1.0508E-04  1.8053E-03 -2.0106E-04  1.5538E-05
  1.0606E-04  1.8222E-03 -2.0294E-04  1.5683E-05
  1.0706E-04  1.8393E-03 -2.0485E-04  1.5830E-05
  1.0806E-04  1.8565E-03 -2.0677E-04  1.5979E-05
  1.0907E-04  1.8739E-03 -2.0871E-04  1.6129E-05
  1.1010E-04  1.8914E-03 -2.1067E-04  1.6280E-05
  1.1113E-04  1.9091E-03 -2.1264E-04  1.6433E-05
  1.1217E-04  1.9270E-03 -2.1463E-04  1.6587E-05
  1.1322E-04  1.9451E-03 -2.1665E-04  1.6742E-05
  1.1429E-04  1.9633E-03 -2.1868E-04  1.6899E-05
  1.1536E-04  1.9817E-03 -2.2073E-04  1.7058E-05
  1.1644E-04  2.0002E-03 -2.2280E-04  1.7218E-05
  1.1753E-04  2.0189E-03 -2.2489E-04  1.7379E-05
  1.1863E-04  2.0378E-03 -2.2699E-04  1.7542E-05
  1.1974E-04  2.0569E-03 -2.2912E-04  1.7706E-05
  1.2087E-04  2.0762E-03 -2.3127E-04  1.7872E-05
  1.2200E-04  2.0956E-03 -2.3344E-04  1.8040E-05
  1.2314E-04  2.1152E-03 -2.3562E-04  1.8209E-05
  1.2429E-04  2.1350E-03 -2.3783E-04  1.8379E-05
  1.2546E-04  2.1550E-03 -2.4006E-04  1.8552E-05
  1.2663E-04  2.1751E-03 -2.4231E-04  1.8725E-05
  1.2782E-04  2.1955E-03 -2.4458E-04  1.8901E-05
  1.2902E-04  2.2160E-03 -2.4687E-04  1.9078E-05
  1.3023E-04  2.2367E-03 -2.4918E-04  1.9257E-05
  1.3145E-04  2.2577E-03 -2.5152E-04  1.9437E-05
  1.3268E-04  2.2788E-03 -2.5387E-04  1.9619E-05
  1.3392E-04  2.3001E-03 -2.5625E-04  1.9803E-05
  1.3517E-04  2.3216E-03 -2.5865E-04  1.9988E-05
  1.3644E-04  2.3433E-03 -2.6107E-04  2.0175E-05
  1.3772E-04  2.3652E-03 -2.6351E-04  2.0364E-05
  1.3901E-04  2.3873E-03 -2.6598E-04  2.0555E-05
  1.4031E-04  2.4096E-03 -2.6847E-04  2.0747E-05
  1.4162E-04  2.4322E-03 -2.7098E-04  2.0941E-05
  1.4295E-04  2.4549E-03 -2.7352E-04  2.1138E-05
  1.4428E-04  2.4778E-03 -2.7608E-04  2.1335E-05
  1.4564E-04  2.5010E-03 -2.7866E-04  2.1535E-05
  1.4700E-04  2.5243E-03 -2.8127E-04  2.1737E-05
  1.4837E-04  2.5479E-03 -2.8391E-04  2.1940E-05
  1.4976E-04  2.5717E-03 -2.8656E-04  2.2145E-05
  1.5116E-04  2.5958E-03 -2.8924E-04  2.2353E-05
  1.5258E-04  2.6200E-03 -2.9195E-04  2.2562E-05
  1.5401E-04  2.6445E-03 -2.9468E-04  2.2773E-05
  1.5545E-04  2.6692E-03 -2.9744E-04  2.2986E-05
  1.5690E-04  2.6941E-03 -3.0022E-04  2.3201E-05
  1.5837E-04  2.7193E-03 -3.0303E-04  2.3418E-05
  1.5985E-04  2.7447E-03 -3.0586E-04  2.3637E-05
  1.6135E-04  2.7703E-03 -3.0873E-04  2.3858E-05
  1.6285E-04  2.7962E-03 -3.1161E-04  2.4081E-05
  1.6438E-04  2.8223E-03 -3.1453E-04  2.4307E-05
  1.6592E-04  2.8486E-03 -3.1747E-04  2.4534E-05
  1.6747E-04  2.8752E-03 -3.2044E-04  2.4763E-05
  1.6903E-04  2.9020E-03 -3.2343E-04  2.4995E-05
  1.7061E-04  2.9291E-03 -3.2646E-04  2.5229E-05
  1.7221E-04  2.9565E-03 -3.2951E-04  2.5464E-05
  1.7382E-04  2.9840E-03 -3.3259E-04  2.5703E-05
  1.7544E-04  3.0119E-03 -3.3570E-04  2.5943E-05
  1.7708E-04  3.0400E-03 -3.3884E-04  2.6185E-05
  1.7874E-04  3.0684E-03 -3.4201E-04  2.6430E-05
  1.8041E-04  3.0970E-03 -3.4521E-04  2.6677E-05
  1.8210E-04  3.1259E-03 -3.4843E-04  2.6927E-05
  1.8380E-04  3.1550E-03 -3.5169E-04  2.7178E-05
  1.8552E-04  3.1845E-03 -3.5498E-04  2.7432E-05
  1.8725E-04  3.2142E-03 -3.5829E-04  2.7689E-05
  1.8900E-04  3.2441E-03 -3.6164E-04  2.7948E-05
  1.9077E-04  3.2744E-03 -3.6502E-04  2.8209E-05
  1.9255E-04  3.3049E-03 -3.6843E-04  2.8472E-05
  1.9435E-04  3.3358E-03 -3.7188E-04  2.8738E-05
  1.9617E-04  3.3669E-03 -3.7535E-04  2.9007E-05
  1.9800E-04  3.3983E-03 -3.7886E-04  2.9278E-05
  1.9985E-04  3.4299E-03 -3.8240E-04  2.9552E-05
  2.0172E-04  3.4619E-03 -3.8597E-04  2.9828E-05
  2.0360E-04  3.4942E-03 -3.8958E-04  3.0106E-05
  2.0550E-04  3.5268E-03 -3.9322E-04  3.0388E-05
  2.0742E-04  3.5596E-03 -3.9689E-04  3.0672E-05
  2.0936E-04  3.5928E-03 -4.0060E-04  3.0958E-05
  2.1132E-04  3.6263E-03 -4.0434E-04  3.1247E-05
  2.1329E-04  3.6601E-03 -4.0812E-04  3.1539E-05
  2.1528E-04  3.6942E-03 -4.1193E-04  3.1834E-05
  2.1729E-04  3.7286E-03 -4.1578E-04  3.2131E-05
  2.1932E-04  3.7633E-03 -4.1966E-04  3.2431E-05
  2.2137E-04  3.7984E-03 -4.2358E-04  3.2734E-05
  2.2344E-04  3.8338E-03 -4.2754E-04  3.3040E-05
  2.2553E-04  3.8695E-03 -4.3153E-04  3.3348E-05
  2.2763E-04  3.9056E-03 -4.3556E-04  3.3660E-05
  2.2976E-04  3.9419E-03 -4.3963E-04  3.3974E-05
  2.3190E-04  3.9786E-03 -4.4373E-04  3.4291E-05
  2.3407E-04  4.0157E-03 -4.4788E-04  3.4612E-05
  2.3625E-04  4.0531E-03 -4.5206E-04  3.4935E-05
  2.3846E-04  4.0908E-03 -4.5628E-04  3.5261E-05
  2.4069E-04  4.1289E-03 -4.6054E-04  3.5590E-05
  2.4293E-04  4.1674E-03 -4.6484E-04  3.5922E-05
  2.4520E-04  4.2062E-03 -4.6918E-04  3.6258E-05
  2.4749E-04  4.2453E-03 -4.7356E-04  3.6596E-05
  2.4980E-04  4.2849E-03 -4.7798E-04  3.6938E-05
  2.5213E-04  4.3248E-03 -4.8244E-04  3.7283E-05
  2.5449E-04  4.3650E-03 -4.8694E-04  3.7631E-05
  2.5686E-04  4.4056E-03 -4.9149E-04  3.7982E-05
  2.5926E-04  4.4466E-03 -4.9608E-04  3.8336E-05
  2.6168E-04  4.4880E-03 -5.0071E-04  3.8694E-05
  2.6412E-04  4.5298E-03 -5.0538E-04  3.9055E-05
  2.6659E-04  4.5719E-03 -5.1010E-04  3.9420E-05
  2.6907E-04  4.6145E-03 -5.1486E-04  3.9788E-05
  2.7158E-04  4.6574E-03 -5.1966E-04  4.0159E-05
  2.7412E-04  4.7008E-03 -5.2451E-04  4.0534E-05
  2.7668E-04  4.7445E-03 -5.2941E-04  4.0912E-05
  2.7926E-04  4.7886E-03 -5.3435E-04  4.1294E-05
  2.8186E-04  4.8332E-03 -5.3933E-04  4.1679E-05
  2.8449E-04  4.8781E-03 -5.4436E-04  4.2068E-05
  2.8715E-04  4.9235E-03 -5.4944E-04  4.2461E-05
  2.8983E-04  4.9693E-03 -5.5457E-04  4.2857E-05
  2.9253E-04  5.0155E-03 -5.5974E-04  4.3257E-05
  2.9526E-04  5.0622E-03 -5.6497E-04  4.3660E-05
  2.9802E-04  5.1092E-03 -5.7024E-04  4.4068E-05
  3.0080E-04  5.1567E-03 -5.7556E-04  4.4479E-05
  3.0360E-04  5.2047E-03 -5.8093E-04  4.4894E-05
  3.0644E-04  5.2531E-03 -5.8635E-04  4.5313E-05
  3.0929E-04  5.3019E-03 -5.9182E-04  4.5735E-05
  3.1218E-04  5.3512E-03 -5.9734E-04  4.6162E-05
  3.1509E-04  5.4009E-03 -6.0291E-04  4.6593E-05
  3.1803E-04  5.4511E-03 -6.0853E-04  4.7027E-05
  3.2100E-04  5.5018E-03 -6.1421E-04  4.7466E-05
  3.2399E-04  5.5529E-03 -6.1994E-04  4.7909E-05
  3.2701E-04  5.6045E-03 -6.2572E-04  4.8355E-05
  3.3006E-04  5.6566E-03 -6.3156E-04  4.8806E-05
  3.3314E-04  5.7092E-03 -6.3745E-04  4.9262E-05
  3.3625E-04  5.7622E-03 -6.4339E-04  4.9721E-05
  3.3938E-04  5.8158E-03 -6.4939E-04  5.0185E-05
  3.4255E-04  5.8698E-03 -6.5545E-04  5.0653E-05
  3.4574E-04  5.9243E-03 -6.6156E-04  5.1125E-05
  3.4897E-04  5.9794E-03 -6.6773E-04  5.1602E-05
  3.5222E-04  6.0349E-03 -6.7396E-04  5.2083E-05
  3.5551E-04  6.0910E-03 -6.8024E-04  5.2569E-05
  3.5882E-04  6.1475E-03 -6.8658E-04  5.3059E-05
  3.6217E-04  6.2046E-03 -6.9299E-04  5.3554E-05
  3.6554E-04  6.2623E-03 -6.9945E-04  5.4053E-05
  3.6895E-04  6.3204E-03 -7.0597E-04  5.4557E-05
  3.7239E-04  6.3791E-03 -7.1255E-04  5.5066E-05
  3.7586E-04  6.4383E-03 -7.1919E-04  5.5579E-05
  3.7937E-04  6.4981E-03 -7.2590E-04  5.6097E-05
  3.8291E-04  6.5584E-03 -7.3267E-04  5.6620E-05
  3.8648E-04  6.6193E-03 -7.3950E-04  5.7148E-05
  3.9008E-04  6.6808E-03 -7.4639E-04  5.7681E-05
  3.9372E-04  6.7428E-03 -7.5335E-04  5.8219E-05
  3.9739E-04  6.8054E-03 -7.6037E-04  5.8762E-05
  4.0109E-04  6.8685E-03 -7.6746E-04  5.9309E-05
  4.0483E-04  6.9323E-03 -7.7462E-04  5.9862E-05
  4.0860E-04  6.9966E-03 -7.8184E-04  6.0420E-05
  4.1241E-04  7.0615E-03 -7.8913E-04  6.0983E-05
  4.1626E-04  7.1271E-03 -7.9648E-04  6.1552E-05
  4.2014E-04  7.1932E-03 -8.0391E-04  6.2126E-05
  4.2405E-04  7.2599E-03 -8.1140E-04  6.2705E-05
  4.2801E-04  7.3273E-03 -8.1896E-04  6.3289E-05
  4.3199E-04  7.3952E-03 -8.2660E-04  6.3879E-05
  4.3602E-04  7.4638E-03 -8.3430E-04  6.4475E-05
  4.4008E-04  7.5331E-03 -8.4208E-04  6.5075E-05
  4.4419E-04  7.6029E-03 -8.4992E-04  6.5682E-05
  4.4833E-04  7.6734E-03 -8.5785E-04  6.6294E-05
  4.5250E-04  7.7446E-03 -8.6584E-04  6.6912E-05
  4.5672E-04  7.8164E-03 -8.7391E-04  6.7536E-05
  4.6098E-04  7.8889E-03 -8.8205E-04  6.8165E-05
  4.6527E-04  7.9620E-03 -8.9027E-04  6.8800E-05
  4.6961E-04  8.0358E-03 -8.9857E-04  6.9441E-05
  4.7399E-04  8.1103E-03 -9.0695E-04  7.0089E-05
  4.7840E-04  8.1855E-03 -9.1540E-04  7.0742E-05
  4.8286E-04  8.2614E-03 -9.2393E-04  7.1401E-05
  4.8736E-04  8.3380E-03 -9.3254E-04  7.2066E-05
  4.9190E-04  8.4152E-03 -9.4123E-04  7.2738E-05
  4.9649E-04  8.4932E-03 -9.5000E-04  7.3416E-05
  5.0111E-04  8.5719E-03 -9.5885E-04  7.4100E-05
  5.0578E-04  8.6514E-03 -9.6778E-04  7.4790E-05
  5.1049E-04  8.7315E-03 -9.7680E-04  7.5487E-05
  5.1525E-04  8.8124E-03 -9.8590E-04  7.6190E-05
  5.2005E-04  8.8940E-03 -9.9509E-04  7.6900E-05
  5.2490E-04  8.9764E-03 -1.0044E-03  7.7617E-05
  5.2979E-04  9.0596E-03 -1.0137E-03  7.8340E-05
  5.3472E-04  9.1435E-03 -1.0232E-03  7.9070E-05
  5.3971E-04  9.2282E-03 -1.0327E-03  7.9807E-05
  5.4473E-04  9.3136E-03 -1.0423E-03  8.0550E-05
  5.4981E-04  9.3999E-03 -1.0520E-03  8.1301E-05
  5.5493E-04  9.4869E-03 -1.0618E-03  8.2058E-05
  5.6010E-04  9.5748E-03 -1.0717E-03  8.2823E-05
  5.6532E-04  9.6634E-03 -1.0817E-03  8.3594E-05
  5.7059E-04  9.7529E-03 -1.0918E-03  8.4373E-05
  5.7590E-04  9.8431E-03 -1.1020E-03  8.5159E-05
  5.8127E-04  9.9342E-03 -1.1122E-03  8.5952E-05
  5.8668E-04  1.0026E-02 -1.1226E-03  8.6753E-05
  5.9215E-04  1.0119E-02 -1.1330E-03  8.7561E-05
  5.9766E-04  1.0213E-02 -1.1436E-03  8.8377E-05
  6.0323E-04  1.0307E-02 -1.1542E-03  8.9200E-05
  6.0885E-04  1.0402E-02 -1.1650E-03  9.0031E-05
  6.1452E-04  1.0499E-02 -1.1758E-03  9.0870E-05
  6.2024E-04  1.0596E-02 -1.1868E-03  9.1716E-05
  6.2602E-04  1.0694E-02 -1.1979E-03  9.2570E-05
  6.3185E-04  1.0793E-02 -1.2090E-03  9.3433E-05
  6.3774E-04  1.0893E-02 -1.2203E-03  9.4303E-05
  6.4368E-04  1.0993E-02 -1.2316E-03  9.5181E-05
  6.4967E-04  1.1095E-02 -1.2431E-03  9.6068E-05
  6.5572E-04  1.1198E-02 -1.2547E-03  9.6963E-05
  6.6183E-04  1.1301E-02 -1.2664E-03  9.7866E-05
  6.6799E-04  1.1406E-02 -1.2782E-03  9.8777E-05
  6.7422E-04  1.1511E-02 -1.2901E-03  9.9697E-05
  6.8050E-04  1.1617E-02 -1.3021E-03  1.0063E-04
  6.8683E-04  1.1725E-02 -1.3142E-03  1.0156E-04
  6.9323E-04  1.1833E-02 -1.3265E-03  1.0251E-04
  6.9969E-04  1.1943E-02 -1.3388E-03  1.0346E-04
  7.0620E-04  1.2053E-02 -1.3513E-03  1.0443E-04
  7.1278E-04  1.2164E-02 -1.3639E-03  1.0540E-04
  7.1942E-04  1.2277E-02 -1.3766E-03  1.0638E-04
  7.2612E-04  1.2390E-02 -1.3894E-03  1.0737E-04
  7.3288E-04  1.2505E-02 -1.4023E-03  1.0837E-04
  7.3970E-04  1.2620E-02 -1.4154E-03  1.0938E-04
  7.4659E-04  1.2737E-02 -1.4286E-03  1.1040E-04
  7.5355E-04  1.2854E-02 -1.4419E-03  1.1143E-04
  7.6056E-04  1.2973E-02 -1.4553E-03  1.1247E-04
  7.6764E-04  1.3093E-02 -1.4688E-03  1.1351E-04
  7.7479E-04  1.3214E-02 -1.4825E-03  1.1457E-04
  7.8201E-04  1.3336E-02 -1.4963E-03  1.1564E-04
  7.8929E-04  1.3459E-02 -1.5103E-03  1.1671E-04
  7.9664E-04  1.3583E-02 -1.5243E-03  1.1780E-04
  8.0406E-04  1.3708E-02 -1.5385E-03  1.1890E-04
  8.1154E-04  1.3835E-02 -1.5528E-03  1.2000E-04
  8.1910E-04  1.3962E-02 -1.5673E-03  1.2112E-04
  8.2673E-04  1.4091E-02 -1.5819E-03  1.2225E-04
  8.3443E-04  1.4221E-02 -1.5966E-03  1.2339E-04
  8.4220E-04  1.4352E-02 -1.6115E-03  1.2454E-04
  8.5004E-04  1.4485E-02 -1.6265E-03  1.2570E-04
  8.5795E-04  1.4618E-02 -1.6416E-03  1.2687E-04
  8.6594E-04  1.4753E-02 -1.6569E-03  1.2805E-04
  8.7400E-04  1.4889E-02 -1.6724E-03  1.2924E-04
  8.8214E-04  1.5027E-02 -1.6879E-03  1.3044E-04
  8.9035E-04  1.5165E-02 -1.7036E-03  1.3166E-04
  8.9864E-04  1.5305E-02 -1.7195E-03  1.3288E-04
  9.0701E-04  1.5446E-02 -1.7355E-03  1.3412E-04
  9.1545E-04  1.5588E-02 -1.7517E-03  1.3537E-04
  9.2398E-04  1.5732E-02 -1.7680E-03  1.3663E-04
  9.3258E-04  1.5877E-02 -1.7844E-03  1.3790E-04
  9.4126E-04  1.6023E-02 -1.8010E-03  1.3919E-04
  9.5002E-04  1.6171E-02 -1.8178E-03  1.4048E-04
  9.5887E-04  1.6320E-02 -1.8347E-03  1.4179E-04
  9.6780E-04  1.6470E-02 -1.8518E-03  1.4311E-04
  9.7681E-04  1.6622E-02 -1.8691E-03  1.4444E-04
  9.8590E-04  1.6775E-02 -1.8865E-03  1.4579E-04
  9.9508E-04  1.6929E-02 -1.9040E-03  1.4715E-04
  1.0043E-03  1.7085E-02 -1.9217E-03  1.4852E-04
  1.0137E-03  1.7242E-02 -1.9396E-03  1.4990E-04
  1.0231E-03  1.7401E-02 -1.9577E-03  1.5129E-04
  1.0327E-03  1.7561E-02 -1.9759E-03  1.5270E-04
  1.0423E-03  1.7723E-02 -1.9943E-03  1.5412E-04
  1.0520E-03  1.7886E-02 -2.0129E-03  1.5556E-04
  1.0618E-03  1.8050E-02 -2.0316E-03  1.5701E-04
  1.0716E-03  1.8216E-02 -2.0505E-03  1.5847E-04
  1.0816E-03  1.8384E-02 -2.0696E-03  1.5994E-04
  1.0917E-03  1.8553E-02 -2.0889E-03  1.6143E-04
  1.1019E-03  1.8724E-02 -2.1083E-03  1.6294E-04
  1.1121E-03  1.8896E-02 -2.1280E-03  1.6445E-04
  1.1225E-03  1.9070E-02 -2.1478E-03  1.6598E-04
  1.1329E-03  1.9245E-02 -2.1678E-03  1.6753E-04
  1.1435E-03  1.9422E-02 -2.1879E-03  1.6909E-04
  1.1541E-03  1.9600E-02 -2.2083E-03  1.7066E-04
  1.1648E-03  1.9780E-02 -2.2289E-03  1.7225E-04
  1.1757E-03  1.9962E-02 -2.2496E-03  1.7385E-04
  1.1866E-03  2.0145E-02 -2.2705E-03  1.7547E-04
  1.1977E-03  2.0331E-02 -2.2917E-03  1.7711E-04
  1.2088E-03  2.0517E-02 -2.3130E-03  1.7875E-04
  1.2201E-03  2.0706E-02 -2.3345E-03  1.8042E-04
  1.2314E-03  2.0896E-02 -2.3563E-03  1.8210E-04
  1.2429E-03  2.1088E-02 -2.3782E-03  1.8379E-04
  1.2545E-03  2.1281E-02 -2.4003E-03  1.8550E-04
  1.2661E-03  2.1476E-02 -2.4227E-03  1.8723E-04
  1.2779E-03  2.1674E-02 -2.4452E-03  1.8897E-04
  1.2898E-03  2.1872E-02 -2.4680E-03  1.9073E-04
  1.3018E-03  2.2073E-02 -2.4910E-03  1.9251E-04
  1.3139E-03  2.2276E-02 -2.5141E-03  1.9430E-04
  1.3262E-03  2.2480E-02 -2.5375E-03  1.9611E-04
  1.3385E-03  2.2686E-02 -2.5612E-03  1.9793E-04
  1.3510E-03  2.2894E-02 -2.5850E-03  1.9978E-04
  1.3635E-03  2.3104E-02 -2.6091E-03  2.0164E-04
  1.3762E-03  2.3316E-02 -2.6333E-03  2.0351E-04
  1.3890E-03  2.3529E-02 -2.6578E-03  2.0541E-04
  1.4020E-03  2.3745E-02 -2.6826E-03  2.0732E-04
  1.4150E-03  2.3962E-02 -2.7075E-03  2.0925E-04
  1.4282E-03  2.4182E-02 -2.7327E-03  2.1120E-04
  1.4415E-03  2.4403E-02 -2.7582E-03  2.1316E-04
  1.4549E-03  2.4627E-02 -2.7838E-03  2.1515E-04
  1.4684E-03  2.4852E-02 -2.8098E-03  2.1715E-04
  1.4821E-03  2.5080E-02 -2.8359E-03  2.1917E-04
  1.4959E-03  2.5309E-02 -2.8623E-03  2.2121E-04
  1.5098E-03  2.5541E-02 -2.8889E-03  2.2327E-04
  1.5239E-03  2.5775E-02 -2.9158E-03  2.2535E-04
  1.5380E-03  2.6011E-02 -2.9430E-03  2.2744E-04
  1.5524E-03  2.6248E-02 -2.9703E-03  2.2956E-04
  1.5668E-03  2.6489E-02 -2.9980E-03  2.3170E-04
  1.5814E-03  2.6731E-02 -3.0259E-03  2.3385E-04
  1.5961E-03  2.6975E-02 -3.0541E-03  2.3603E-04
  1.6110E-03  2.7222E-02 -3.0825E-03  2.3823E-04
  1.6260E-03  2.7470E-02 -3.1112E-03  2.4044E-04
  1.6411E-03  2.7722E-02 -3.1401E-03  2.4268E-04
  1.6564E-03  2.7975E-02 -3.1693E-03  2.4494E-04
  1.6718E-03  2.8230E-02 -3.1988E-03  2.4722E-04
  1.6873E-03  2.8488E-02 -3.2286E-03  2.4952E-04
  1.7030E-03  2.8748E-02 -3.2586E-03  2.5184E-04
  1.7189E-03  2.9011E-02 -3.2890E-03  2.5419E-04
  1.7349E-03  2.9276E-02 -3.3196E-03  2.5655E-04
  1.7510E-03  2.9543E-02 -3.3505E-03  2.5894E-04
  1.7673E-03  2.9812E-02 -3.3816E-03  2.6135E-04
  1.7838E-03  3.0084E-02 -3.4131E-03  2.6378E-04
  1.8004E-03  3.0359E-02 -3.4449E-03  2.6624E-04
  1.8171E-03  3.0635E-02 -3.4769E-03  2.6872E-04
  1.8340E-03  3.0915E-02 -3.5093E-03  2.7122E-04
  1.8511E-03  3.1197E-02 -3.5419E-03  2.7374E-04
  1.8683E-03  3.1481E-02 -3.5749E-03  2.7629E-04
  1.8857E-03  3.1768E-02 -3.6082E-03  2.7886E-04
  1.9032E-03  3.2057E-02 -3.6417E-03  2.8146E-04
  1.9210E-03  3.2349E-02 -3.6756E-03  2.8408E-04
  1.9388E-03  3.2644E-02 -3.7098E-03  2.8672E-04
  1.9569E-03  3.2941E-02 -3.7444E-03  2.8939E-04
  1.9751E-03  3.3241E-02 -3.7792E-03  2.9208E-04
  1.9935E-03  3.3543E-02 -3.8144E-03  2.9480E-04
  2.0120E-03  3.3848E-02 -3.8499E-03  2.9755E-04
  2.0307E-03  3.4156E-02 -3.8857E-03  3.0031E-04
  2.0496E-03  3.4467E-02 -3.9218E-03  3.0311E-04
  2.0687E-03  3.4780E-02 -3.9583E-03  3.0593E-04
  2.0880E-03  3.5096E-02 -3.9952E-03  3.0878E-04
  2.1074E-03  3.5415E-02 -4.0323E-03  3.1165E-04
  2.1270E-03  3.5737E-02 -4.0699E-03  3.1455E-04
  2.1468E-03  3.6062E-02 -4.1077E-03  3.1748E-04
  2.1668E-03  3.6389E-02 -4.1459E-03  3.2043E-04
  2.1869E-03  3.6720E-02 -4.1845E-03  3.2342E-04
  2.2073E-03  3.7053E-02 -4.2235E-03  3.2643E-04
  2.2278E-03  3.7389E-02 -4.2628E-03  3.2947E-04
  2.2485E-03  3.7729E-02 -4.3024E-03  3.3253E-04
  2.2695E-03  3.8071E-02 -4.3425E-03  3.3563E-04
  2.2906E-03  3.8416E-02 -4.3829E-03  3.3875E-04
  2.3119E-03  3.8765E-02 -4.4236E-03  3.4190E-04
  2.3334E-03  3.9116E-02 -4.4648E-03  3.4509E-04
  2.3551E-03  3.9470E-02 -4.5063E-03  3.4830E-04
  2.3770E-03  3.9828E-02 -4.5483E-03  3.5154E-04
  2.3991E-03  4.0189E-02 -4.5906E-03  3.5481E-04
  2.4215E-03  4.0553E-02 -4.6333E-03  3.5811E-04
  2.4440E-03  4.0920E-02 -4.6764E-03  3.6145E-04
  2.4667E-03  4.1290E-02 -4.7199E-03  3.6481E-04
  2.4897E-03  4.1664E-02 -4.7638E-03  3.6821E-04
  2.5128E-03  4.2041E-02 -4.8082E-03  3.7163E-04
  2.5362E-03  4.2421E-02 -4.8529E-03  3.7509E-04
  2.5598E-03  4.2804E-02 -4.8981E-03  3.7858E-04
  2.5836E-03  4.3191E-02 -4.9436E-03  3.8211E-04
  2.6077E-03  4.3582E-02 -4.9896E-03  3.8566E-04
  2.6319E-03  4.3975E-02 -5.0360E-03  3.8925E-04
  2.6564E-03  4.4372E-02 -5.0829E-03  3.9287E-04
  2.6811E-03  4.4773E-02 -5.1302E-03  3.9653E-04
  2.7061E-03  4.5177E-02 -5.1779E-03  4.0022E-04
  2.7313E-03  4.5585E-02 -5.2261E-03  4.0395E-04
  2.7567E-03  4.5996E-02 -5.2747E-03  4.0771E-04
  2.7823E-03  4.6411E-02 -5.3238E-03  4.1150E-04
  2.8082E-03  4.6829E-02 -5.3733E-03  4.1533E-04
  2.8343E-03  4.7251E-02 -5.4233E-03  4.1920E-04
  2.8607E-03  4.7677E-02 -5.4738E-03  4.2310E-04
  2.8873E-03  4.8106E-02 -5.5247E-03  4.2704E-04
  2.9142E-03  4.8540E-02 -5.5761E-03  4.3101E-04
  2.9413E-03  4.8976E-02 -5.6280E-03  4.3502E-04
  2.9687E-03  4.9417E-02 -5.6803E-03  4.3907E-04
  2.9963E-03  4.9862E-02 -5.7332E-03  4.4316E-04
  3.0242E-03  5.0310E-02 -5.7865E-03  4.4729E-04
  3.0523E-03  5.0762E-02 -5.8404E-03  4.5145E-04
  3.0807E-03  5.1218E-02 -5.8947E-03  4.5565E-04
  3.1094E-03  5.1679E-02 -5.9495E-03  4.5989E-04
  3.1383E-03  5.2143E-02 -6.0049E-03  4.6417E-04
  3.1675E-03  5.2611E-02 -6.0608E-03  4.6849E-04
  3.1970E-03  5.3083E-02 -6.1172E-03  4.7285E-04
  3.2267E-03  5.3559E-02 -6.1741E-03  4.7726E-04
  3.2567E-03  5.4040E-02 -6.2315E-03  4.8170E-04
  3.2870E-03  5.4524E-02 -6.2895E-03  4.8618E-04
  3.3176E-03  5.5013E-02 -6.3480E-03  4.9071E-04
  3.3485E-03  5.5505E-02 -6.4071E-03  4.9528E-04
  3.3796E-03  5.6003E-02 -6.4667E-03  4.9989E-04
  3.4111E-03  5.6504E-02 -6.5268E-03  5.0454E-04
  3.4428E-03  5.7010E-02 -6.5875E-03  5.0924E-04
  3.4748E-03  5.7520E-02 -6.6488E-03  5.1398E-04
  3.5072E-03  5.8034E-02 -6.7107E-03  5.1876E-04
  3.5398E-03  5.8553E-02 -6.7731E-03  5.2359E-04
  3.5727E-03  5.9076E-02 -6.8361E-03  5.2847E-04
  3.6060E-03  5.9603E-02 -6.8997E-03  5.3338E-04
  3.6395E-03  6.0136E-02 -6.9639E-03  5.3835E-04
  3.6734E-03  6.0672E-02 -7.0287E-03  5.4336E-04
  3.7075E-03  6.1214E-02 -7.0941E-03  5.4842E-04
  3.7420E-03  6.1759E-02 -7.1601E-03  5.5353E-04
  3.7768E-03  6.2310E-02 -7.2267E-03  5.5868E-04
  3.8120E-03  6.2865E-02 -7.2939E-03  5.6388E-04
  3.8474E-03  6.3425E-02 -7.3618E-03  5.6913E-04
  3.8832E-03  6.3990E-02 -7.4303E-03  5.7443E-04
  3.9194E-03  6.4559E-02 -7.4994E-03  5.7978E-04
  3.9558E-03  6.5133E-02 -7.5692E-03  5.8518E-04
  3.9926E-03  6.5713E-02 -7.6396E-03  5.9062E-04
  4.0298E-03  6.6297E-02 -7.7106E-03  5.9612E-04
  4.0673E-03  6.6886E-02 -7.7824E-03  6.0167E-04
  4.1051E-03  6.7479E-02 -7.8548E-03  6.0728E-04
  4.1433E-03  6.8078E-02 -7.9278E-03  6.1293E-04
  4.1818E-03  6.8682E-02 -8.0016E-03  6.1864E-04
  4.2207E-03  6.9291E-02 -8.0760E-03  6.2440E-04
  4.2600E-03  6.9906E-02 -8.1512E-03  6.3021E-04
  4.2996E-03  7.0525E-02 -8.2270E-03  6.3608E-04
  4.3396E-03  7.1149E-02 -8.3035E-03  6.4200E-04
  4.3800E-03  7.1779E-02 -8.3808E-03  6.4798E-04
  4.4208E-03  7.2414E-02 -8.4587E-03  6.5401E-04
  4.4619E-03  7.3054E-02 -8.5374E-03  6.6010E-04
  4.5034E-03  7.3700E-02 -8.6168E-03  6.6625E-04
  4.5453E-03  7.4351E-02 -8.6970E-03  6.7246E-04
  4.5876E-03  7.5008E-02 -8.7779E-03  6.7872E-04
  4.6302E-03  7.5669E-02 -8.8595E-03  6.8504E-04
  4.6733E-03  7.6337E-02 -8.9420E-03  6.9142E-04
  4.7168E-03  7.7010E-02 -9.0251E-03  6.9786E-04
  4.7607E-03  7.7688E-02 -9.1091E-03  7.0436E-04
  4.8050E-03  7.8373E-02 -9.1938E-03  7.1092E-04
  4.8497E-03  7.9062E-02 -9.2794E-03  7.1754E-04
  4.8948E-03  7.9758E-02 -9.3657E-03  7.2422E-04
  4.9403E-03  8.0459E-02 -9.4528E-03  7.3097E-04
  4.9863E-03  8.1166E-02 -9.5407E-03  7.3777E-04
  5.0327E-03  8.1879E-02 -9.6295E-03  7.4465E-04
  5.0795E-03  8.2598E-02 -9.7191E-03  7.5158E-04
  5.1267E-03  8.3322E-02 -9.8095E-03  7.5858E-04
  5.1744E-03  8.4053E-02 -9.9007E-03  7.6565E-04
  5.2226E-03  8.4789E-02 -9.9928E-03  7.7278E-04
  5.2711E-03  8.5532E-02 -1.0086E-02  7.7998E-04
  5.3202E-03  8.6281E-02 -1.0180E-02  7.8725E-04
  5.3697E-03  8.7035E-02 -1.0274E-02  7.9458E-04
  5.4196E-03  8.7796E-02 -1.0370E-02  8.0198E-04
  5.4700E-03  8.8563E-02 -1.0466E-02  8.0945E-04
  5.5209E-03  8.9337E-02 -1.0564E-02  8.1700E-04
  5.5723E-03  9.0116E-02 -1.0662E-02  8.2461E-04
  5.6241E-03  9.0902E-02 -1.0761E-02  8.3229E-04
  5.6764E-03  9.1694E-02 -1.0861E-02  8.4005E-04
  5.7292E-03  9.2493E-02 -1.0962E-02  8.4787E-04
  5.7825E-03  9.3298E-02 -1.1064E-02  8.5577E-04
  5.8363E-03  9.4109E-02 -1.1167E-02  8.6375E-04
  5.8906E-03  9.4928E-02 -1.1271E-02  8.7180E-04
  5.9454E-03  9.5752E-02 -1.1376E-02  8.7992E-04
  6.0007E-03  9.6583E-02 -1.1482E-02  8.8812E-04
  6.0565E-03  9.7421E-02 -1.1588E-02  8.9640E-04
  6.1129E-03  9.8266E-02 -1.1696E-02  9.0475E-04
  6.1697E-03  9.9117E-02 -1.1805E-02  9.1318E-04
  6.2271E-03  9.9975E-02 -1.1915E-02  9.2169E-04
  6.2851E-03  1.0084E-01 -1.2026E-02  9.3028E-04
  6.3435E-03  1.0171E-01 -1.2138E-02  9.3896E-04
  6.4025E-03  1.0259E-01 -1.2250E-02  9.4771E-04
  6.4621E-03  1.0348E-01 -1.2364E-02  9.5654E-04
  6.5222E-03  1.0437E-01 -1.2479E-02  9.6546E-04
  6.5829E-03  1.0527E-01 -1.2595E-02  9.7446E-04
  6.6441E-03  1.0618E-01 -1.2713E-02  9.8354E-04
  6.7059E-03  1.0709E-01 -1.2831E-02  9.9271E-04
  6.7683E-03  1.0801E-01 -1.2950E-02  1.0020E-03
  6.8313E-03  1.0894E-01 -1.3071E-02  1.0113E-03
  6.8948E-03  1.0987E-01 -1.3192E-02  1.0207E-03
  6.9589E-03  1.1082E-01 -1.3315E-02  1.0303E-03
  7.0237E-03  1.1177E-01 -1.3439E-02  1.0399E-03
  7.0890E-03  1.1272E-01 -1.3564E-02  1.0496E-03
  7.1550E-03  1.1369E-01 -1.3690E-02  1.0594E-03
  7.2215E-03  1.1466E-01 -1.3817E-02  1.0692E-03
  7.2887E-03  1.1564E-01 -1.3946E-02  1.0792E-03
  7.3565E-03  1.1663E-01 -1.4076E-02  1.0893E-03
  7.4249E-03  1.1762E-01 -1.4206E-02  1.0994E-03
  7.4940E-03  1.1863E-01 -1.4339E-02  1.1097E-03
  7.5637E-03  1.1964E-01 -1.4472E-02  1.1200E-03
  7.6341E-03  1.2065E-01 -1.4607E-02  1.1305E-03
  7.7051E-03  1.2168E-01 -1.4742E-02  1.1410E-03
  7.7767E-03  1.2271E-01 -1.4880E-02  1.1517E-03
  7.8491E-03  1.2376E-01 -1.5018E-02  1.1624E-03
  7.9221E-03  1.2480E-01 -1.5158E-02  1.1733E-03
  7.9958E-03  1.2586E-01 -1.5299E-02  1.1842E-03
  8.0702E-03  1.2693E-01 -1.5441E-02  1.1953E-03
  8.1452E-03  1.2800E-01 -1.5585E-02  1.2064E-03
  8.2210E-03  1.2908E-01 -1.5729E-02  1.2177E-03
  8.2975E-03  1.3017E-01 -1.5876E-02  1.2290E-03
  8.3747E-03  1.3127E-01 -1.6023E-02  1.2405E-03
  8.4526E-03  1.3237E-01 -1.6172E-02  1.2521E-03
  8.5312E-03  1.3349E-01 -1.6323E-02  1.2638E-03
  8.6105E-03  1.3461E-01 -1.6475E-02  1.2756E-03
  8.6906E-03  1.3574E-01 -1.6628E-02  1.2875E-03
  8.7715E-03  1.3688E-01 -1.6783E-02  1.2995E-03
  8.8531E-03  1.3803E-01 -1.6939E-02  1.3117E-03
  8.9354E-03  1.3918E-01 -1.7096E-02  1.3239E-03
  9.0185E-03  1.4035E-01 -1.7255E-02  1.3363E-03
  9.1024E-03  1.4152E-01 -1.7416E-02  1.3487E-03
  9.1871E-03  1.4270E-01 -1.7578E-02  1.3613E-03
  9.2725E-03  1.4389E-01 -1.7741E-02  1.3741E-03
  9.3588E-03  1.4509E-01 -1.7906E-02  1.3869E-03
  9.4459E-03  1.4629E-01 -1.8073E-02  1.3999E-03
  9.5337E-03  1.4751E-01 -1.8241E-02  1.4129E-03
  9.6224E-03  1.4873E-01 -1.8410E-02  1.4261E-03
  9.7119E-03  1.4997E-01 -1.8582E-02  1.4395E-03
  9.8022E-03  1.5121E-01 -1.8754E-02  1.4529E-03
  9.8934E-03  1.5246E-01 -1.8929E-02  1.4665E-03
  9.9854E-03  1.5372E-01 -1.9105E-02  1.4802E-03
  1.0078E-02  1.5498E-01 -1.9283E-02  1.4941E-03
  1.0172E-02  1.5626E-01 -1.9462E-02  1.5080E-03
  1.0267E-02  1.5755E-01 -1.9643E-02  1.5221E-03
  1.0362E-02  1.5884E-01 -1.9826E-02  1.5364E-03
  1.0459E-02  1.6015E-01 -2.0010E-02  1.5507E-03
  1.0556E-02  1.6146E-01 -2.0196E-02  1.5652E-03
  1.0654E-02  1.6278E-01 -2.0384E-02  1.5799E-03
  1.0753E-02  1.6411E-01 -2.0574E-02  1.5946E-03
  1.0853E-02  1.6545E-01 -2.0765E-02  1.6096E-03
  1.0954E-02  1.6680E-01 -2.0958E-02  1.6246E-03
  1.1056E-02  1.6816E-01 -2.1153E-02  1.6398E-03
  1.1159E-02  1.6953E-01 -2.1350E-02  1.6552E-03
  1.1263E-02  1.7091E-01 -2.1548E-02  1.6707E-03
  1.1367E-02  1.7229E-01 -2.1749E-02  1.6863E-03
  1.1473E-02  1.7369E-01 -2.1951E-02  1.7021E-03
  1.1580E-02  1.7509E-01 -2.2155E-02  1.7180E-03
  1.1688E-02  1.7651E-01 -2.2361E-02  1.7341E-03
  1.1796E-02  1.7793E-01 -2.2569E-02  1.7504E-03
  1.1906E-02  1.7936E-01 -2.2779E-02  1.7668E-03
  1.2017E-02  1.8081E-01 -2.2991E-02  1.7833E-03
  1.2129E-02  1.8226E-01 -2.3204E-02  1.8000E-03
  1.2241E-02  1.8372E-01 -2.3420E-02  1.8169E-03
  1.2355E-02  1.8519E-01 -2.3638E-02  1.8339E-03
  1.2470E-02  1.8667E-01 -2.3858E-02  1.8511E-03
  1.2586E-02  1.8816E-01 -2.4080E-02  1.8685E-03
  1.2703E-02  1.8966E-01 -2.4304E-02  1.8860E-03
  1.2821E-02  1.9117E-01 -2.4530E-02  1.9037E-03
  1.2941E-02  1.9269E-01 -2.4758E-02  1.9215E-03
  1.3061E-02  1.9422E-01 -2.4988E-02  1.9395E-03
  1.3183E-02  1.9575E-01 -2.5220E-02  1.9577E-03
  1.3305E-02  1.9730E-01 -2.5455E-02  1.9761E-03
  1.3429E-02  1.9886E-01 -2.5691E-02  1.9946E-03
  1.3554E-02  2.0042E-01 -2.5930E-02  2.0134E-03
  1.3680E-02  2.0200E-01 -2.6171E-02  2.0323E-03
  1.3807E-02  2.0359E-01 -2.6415E-02  2.0513E-03
  1.3936E-02  2.0518E-01 -2.6660E-02  2.0706E-03
  1.4065E-02  2.0679E-01 -2.6908E-02  2.0901E-03
  1.4196E-02  2.0840E-01 -2.7159E-02  2.1097E-03
  1.4328E-02  2.1002E-01 -2.7411E-02  2.1295E-03
  1.4461E-02  2.1166E-01 -2.7666E-02  2.1495E-03
  1.4596E-02  2.1330E-01 -2.7923E-02  2.1697E-03
  1.4732E-02  2.1495E-01 -2.8183E-02  2.1901E-03
  1.4869E-02  2.1662E-01 -2.8445E-02  2.2107E-03
  1.5007E-02  2.1829E-01 -2.8709E-02  2.2315E-03
  1.5147E-02  2.1997E-01 -2.8976E-02  2.2525E-03
  1.5287E-02  2.2166E-01 -2.9246E-02  2.2737E-03
  1.5430E-02  2.2336E-01 -2.9518E-02  2.2951E-03
  1.5573E-02  2.2507E-01 -2.9792E-02  2.3167E-03
  1.5718E-02  2.2679E-01 -3.0069E-02  2.3385E-03
  1.5864E-02  2.2852E-01 -3.0349E-02  2.3605E-03
  1.6012E-02  2.3026E-01 -3.0631E-02  2.3828E-03
  1.6161E-02  2.3201E-01 -3.0916E-02  2.4052E-03
  1.6311E-02  2.3377E-01 -3.1203E-02  2.4279E-03
  1.6463E-02  2.3553E-01 -3.1493E-02  2.4507E-03
  1.6616E-02  2.3731E-01 -3.1786E-02  2.4739E-03
  1.6770E-02  2.3910E-01 -3.2081E-02  2.4972E-03
  1.6926E-02  2.4089E-01 -3.2380E-02  2.5207E-03
  1.7084E-02  2.4270E-01 -3.2681E-02  2.5445E-03
  1.7243E-02  2.4451E-01 -3.2985E-02  2.5685E-03
  1.7403E-02  2.4633E-01 -3.3291E-02  2.5928E-03
  1.7565E-02  2.4817E-01 -3.3601E-02  2.6173E-03
  1.7728E-02  2.5001E-01 -3.3913E-02  2.6420E-03
  1.7893E-02  2.5186E-01 -3.4228E-02  2.6669E-03
  1.8060E-02  2.5372E-01 -3.4547E-02  2.6921E-03
  1.8228E-02  2.5559E-01 -3.4868E-02  2.7176E-03
  1.8397E-02  2.5746E-01 -3.5192E-02  2.7433E-03
  1.8568E-02  2.5935E-01 -3.5519E-02  2.7692E-03
  1.8741E-02  2.6125E-01 -3.5849E-02  2.7954E-03
  1.8915E-02  2.6315E-01 -3.6182E-02  2.8219E-03
  1.9091E-02  2.6506E-01 -3.6519E-02  2.8486E-03
  1.9269E-02  2.6699E-01 -3.6858E-02  2.8756E-03
  1.9448E-02  2.6892E-01 -3.7201E-02  2.9028E-03
  1.9629E-02  2.7086E-01 -3.7547E-02  2.9303E-03
  1.9812E-02  2.7280E-01 -3.7896E-02  2.9581E-03
  1.9996E-02  2.7476E-01 -3.8248E-02  2.9862E-03
  2.0182E-02  2.7672E-01 -3.8603E-02  3.0145E-03
  2.0370E-02  2.7870E-01 -3.8962E-02  3.0431E-03
  2.0559E-02  2.8068E-01 -3.9324E-02  3.0720E-03
  2.0750E-02  2.8266E-01 -3.9690E-02  3.1012E-03
  2.0943E-02  2.8466E-01 -4.0059E-02  3.1306E-03
  2.1138E-02  2.8667E-01 -4.0431E-02  3.1604E-03
  2.1335E-02  2.8868E-01 -4.0807E-02  3.1904E-03
  2.1533E-02  2.9070E-01 -4.1186E-02  3.2208E-03
  2.1733E-02  2.9273E-01 -4.1569E-02  3.2514E-03
  2.1936E-02  2.9476E-01 -4.1955E-02  3.2824E-03
  2.2140E-02  2.9680E-01 -4.2345E-02  3.3136E-03
  2.2345E-02  2.9885E-01 -4.2739E-02  3.3452E-03
  2.2553E-02  3.0091E-01 -4.3136E-02  3.3771E-03
  2.2763E-02  3.0297E-01 -4.3537E-02  3.4093E-03
  2.2975E-02  3.0504E-01 -4.3941E-02  3.4418E-03
  2.3189E-02  3.0712E-01 -4.4350E-02  3.4747E-03
  2.3404E-02  3.0921E-01 -4.4762E-02  3.5079E-03
  2.3622E-02  3.1130E-01 -4.5178E-02  3.5414E-03
  2.3842E-02  3.1339E-01 -4.5597E-02  3.5752E-03
  2.4063E-02  3.1550E-01 -4.6021E-02  3.6094E-03
  2.4287E-02  3.1761E-01 -4.6449E-02  3.6439E-03
  2.4513E-02  3.1972E-01 -4.6880E-02  3.6788E-03
  2.4741E-02  3.2184E-01 -4.7316E-02  3.7141E-03
  2.4971E-02  3.2397E-01 -4.7756E-02  3.7496E-03
  2.5204E-02  3.2610E-01 -4.8199E-02  3.7856E-03
  2.5438E-02  3.2824E-01 -4.8647E-02  3.8219E-03
  2.5675E-02  3.3038E-01 -4.9099E-02  3.8586E-03
  2.5913E-02  3.3253E-01 -4.9555E-02  3.8957E-03
  2.6154E-02  3.3468E-01 -5.0016E-02  3.9331E-03
  2.6398E-02  3.3684E-01 -5.0480E-02  3.9709E-03
  2.6643E-02  3.3900E-01 -5.0949E-02  4.0091E-03
  2.6891E-02  3.4117E-01 -5.1423E-02  4.0477E-03
  2.7141E-02  3.4334E-01 -5.1900E-02  4.0867E-03
  2.7394E-02  3.4551E-01 -5.2382E-02  4.1261E-03
  2.7648E-02  3.4769E-01 -5.2869E-02  4.1659E-03
  2.7906E-02  3.4987E-01 -5.3360E-02  4.2061E-03
  2.8165E-02  3.5205E-01 -5.3856E-02  4.2467E-03
  2.8427E-02  3.5424E-01 -5.4356E-02  4.2877E-03
  2.8691E-02  3.5643E-01 -5.4861E-02  4.3292E-03
  2.8958E-02  3.5862E-01 -5.5370E-02  4.3711E-03
  2.9228E-02  3.6081E-01 -5.5885E-02  4.4134E-03
  2.9500E-02  3.6301E-01 -5.6404E-02  4.4562E-03
  2.9774E-02  3.6520E-01 -5.6928E-02  4.4994E-03
  3.0051E-02  3.6740E-01 -5.7456E-02  4.5430E-03
  3.0330E-02  3.6960E-01 -5.7990E-02  4.5872E-03
  3.0612E-02  3.7180E-01 -5.8528E-02  4.6317E-03
  3.0897E-02  3.7400E-01 -5.9072E-02  4.6768E-03
  3.1185E-02  3.7620E-01 -5.9620E-02  4.7223E-03
  3.1475E-02  3.7841E-01 -6.0174E-02  4.7683E-03
  3.1767E-02  3.8061E-01 -6.0733E-02  4.8148E-03
  3.2063E-02  3.8281E-01 -6.1297E-02  4.8618E-03
  3.2361E-02  3.8501E-01 -6.1866E-02  4.9093E-03
  3.2662E-02  3.8721E-01 -6.2440E-02  4.9573E-03
  3.2966E-02  3.8940E-01 -6.3020E-02  5.0058E-03
  3.3273E-02  3.9160E-01 -6.3605E-02  5.0548E-03
  3.3582E-02  3.9379E-01 -6.4195E-02  5.1043E-03
  3.3894E-02  3.9598E-01 -6.4791E-02  5.1544E-03
  3.4210E-02  3.9817E-01 -6.5393E-02  5.2050E-03
  3.4528E-02  4.0036E-01 -6.6000E-02  5.2561E-03
  3.4849E-02  4.0254E-01 -6.6612E-02  5.3079E-03
  3.5173E-02  4.0472E-01 -6.7231E-02  5.3601E-03
  3.5500E-02  4.0689E-01 -6.7855E-02  5.4129E-03
  3.5830E-02  4.0906E-01 -6.8484E-02  5.4664E-03
  3.6164E-02  4.1122E-01 -6.9120E-02  5.5203E-03
  3.6500E-02  4.1338E-01 -6.9762E-02  5.5749E-03
  3.6840E-02  4.1553E-01 -7.0409E-02  5.6301E-03
  3.7182E-02  4.1768E-01 -7.1062E-02  5.6859E-03
  3.7528E-02  4.1982E-01 -7.1722E-02  5.7423E-03
  3.7877E-02  4.2195E-01 -7.2387E-02  5.7993E-03
  3.8229E-02  4.2408E-01 -7.3059E-02  5.8569E-03
  3.8585E-02  4.2620E-01 -7.3737E-02  5.9152E-03
  3.8944E-02  4.2831E-01 -7.4421E-02  5.9741E-03
  3.9306E-02  4.3041E-01 -7.5111E-02  6.0337E-03
  3.9672E-02  4.3250E-01 -7.5808E-02  6.0940E-03
  4.0041E-02  4.3458E-01 -7.6511E-02  6.1549E-03
  4.0413E-02  4.3665E-01 -7.7221E-02  6.2165E-03
  4.0789E-02  4.3871E-01 -7.7937E-02  6.2789E-03
  4.1168E-02  4.4076E-01 -7.8660E-02  6.3419E-03
  4.1551E-02  4.4280E-01 -7.9389E-02  6.4056E-03
  4.1938E-02  4.4482E-01 -8.0125E-02  6.4700E-03
  4.2328E-02  4.4684E-01 -8.0868E-02  6.5352E-03
  4.2722E-02  4.4884E-01 -8.1618E-02  6.6012E-03
  4.3119E-02  4.5082E-01 -8.2375E-02  6.6679E-03
  4.3520E-02  4.5279E-01 -8.3139E-02  6.7353E-03
  4.3925E-02  4.5475E-01 -8.3909E-02  6.8035E-03
  4.4333E-02  4.5669E-01 -8.4687E-02  6.8726E-03
  4.4746E-02  4.5862E-01 -8.5472E-02  6.9424E-03
  4.5162E-02  4.6053E-01 -8.6265E-02  7.0130E-03
  4.5582E-02  4.6242E-01 -8.7064E-02  7.0845E-03
  4.6006E-02  4.6429E-01 -8.7871E-02  7.1568E-03
  4.6434E-02  4.6615E-01 -8.8685E-02  7.2299E-03
  4.6866E-02  4.6799E-01 -8.9507E-02  7.3039E-03
  4.7302E-02  4.6980E-01 -9.0336E-02  7.3788E-03
  4.7742E-02  4.7160E-01 -9.1173E-02  7.4546E-03
  4.8186E-02  4.7338E-01 -9.2018E-02  7.5313E-03
  4.8634E-02  4.7514E-01 -9.2871E-02  7.6088E-03
  4.9086E-02  4.7687E-01 -9.3731E-02  7.6874E-03
  4.9543E-02  4.7858E-01 -9.4599E-02  7.7668E-03
  5.0004E-02  4.8027E-01 -9.5475E-02  7.8472E-03
  5.0469E-02  4.8193E-01 -9.6359E-02  7.9286E-03
  5.0938E-02  4.8357E-01 -9.7252E-02  8.0110E-03
  5.1412E-02  4.8519E-01 -9.8152E-02  8.0944E-03
  5.1890E-02  4.8678E-01 -9.9061E-02  8.1788E-03
  5.2373E-02  4.8834E-01 -9.9978E-02  8.2642E-03
  5.2860E-02  4.8987E-01 -1.0090E-01  8.3507E-03
  5.3351E-02  4.9138E-01 -1.0184E-01  8.4383E-03
  5.3848E-02  4.9285E-01 -1.0278E-01  8.5269E-03
  5.4348E-02  4.9430E-01 -1.0373E-01  8.6167E-03
  5.4854E-02  4.9572E-01 -1.0469E-01  8.7075E-03
  5.5364E-02  4.9710E-01 -1.0566E-01  8.7995E-03
  5.5879E-02  4.9846E-01 -1.0664E-01  8.8927E-03
  5.6399E-02  4.9978E-01 -1.0762E-01  8.9870E-03
  5.6923E-02  5.0107E-01 -1.0862E-01  9.0826E-03
  5.7453E-02  5.0232E-01 -1.0962E-01  9.1793E-03
  5.7987E-02  5.0354E-01 -1.1064E-01  9.2773E-03
  5.8527E-02  5.0472E-01 -1.1166E-01  9.3766E-03
  5.9071E-02  5.0587E-01 -1.1269E-01  9.4771E-03
  5.9620E-02  5.0698E-01 -1.1374E-01  9.5789E-03
  6.0175E-02  5.0805E-01 -1.1479E-01  9.6820E-03
  6.0735E-02  5.0908E-01 -1.1585E-01  9.7865E-03
  6.1300E-02  5.1007E-01 -1.1692E-01  9.8923E-03
  6.1870E-02  5.1102E-01 -1.1800E-01  9.9996E-03
  6.2445E-02  5.1193E-01 -1.1909E-01  1.0108E-02
  6.3026E-02  5.1280E-01 -1.2019E-01  1.0218E-02
  6.3612E-02  5.1362E-01 -1.2130E-01  1.0330E-02
  6.4204E-02  5.1440E-01 -1.2242E-01  1.0443E-02
  6.4801E-02  5.1513E-01 -1.2355E-01  1.0557E-02
  6.5404E-02  5.1582E-01 -1.2469E-01  1.0673E-02
  6.6012E-02  5.1646E-01 -1.2584E-01  1.0791E-02
  6.6626E-02  5.1705E-01 -1.2700E-01  1.0910E-02
  6.7246E-02  5.1760E-01 -1.2818E-01  1.1031E-02
  6.7871E-02  5.1809E-01 -1.2936E-01  1.1154E-02
  6.8502E-02  5.1853E-01 -1.3055E-01  1.1278E-02
  6.9140E-02  5.1892E-01 -1.3176E-01  1.1404E-02
  6.9783E-02  5.1926E-01 -1.3297E-01  1.1531E-02
  7.0432E-02  5.1955E-01 -1.3420E-01  1.1660E-02
  7.1087E-02  5.1978E-01 -1.3544E-01  1.1792E-02
  7.1748E-02  5.1996E-01 -1.3668E-01  1.1925E-02
  7.2415E-02  5.2008E-01 -1.3794E-01  1.2059E-02
  7.3089E-02  5.2014E-01 -1.3922E-01  1.2196E-02
  7.3769E-02  5.2014E-01 -1.4050E-01  1.2335E-02
  7.4455E-02  5.2009E-01 -1.4179E-01  1.2475E-02
  7.5147E-02  5.1997E-01 -1.4310E-01  1.2618E-02
  7.5846E-02  5.1979E-01 -1.4442E-01  1.2763E-02
  7.6552E-02  5.1955E-01 -1.4575E-01  1.2909E-02
  7.7264E-02  5.1925E-01 -1.4709E-01  1.3058E-02
  7.7982E-02  5.1888E-01 -1.4844E-01  1.3209E-02
  7.8708E-02  5.1845E-01 -1.4981E-01  1.3362E-02
  7.9440E-02  5.1795E-01 -1.5119E-01  1.3518E-02
  8.0179E-02  5.1738E-01 -1.5258E-01  1.3676E-02
  8.0924E-02  5.1675E-01 -1.5398E-01  1.3836E-02
  8.1677E-02  5.1605E-01 -1.5540E-01  1.3998E-02
  8.2437E-02  5.1527E-01 -1.5683E-01  1.4163E-02
  8.3204E-02  5.1443E-01 -1.5827E-01  1.4330E-02
  8.3977E-02  5.1351E-01 -1.5972E-01  1.4500E-02
  8.4759E-02  5.1252E-01 -1.6119E-01  1.4672E-02
  8.5547E-02  5.1145E-01 -1.6267E-01  1.4847E-02
  8.6343E-02  5.1031E-01 -1.6416E-01  1.5024E-02
  8.7146E-02  5.0909E-01 -1.6567E-01  1.5204E-02
  8.7956E-02  5.0780E-01 -1.6719E-01  1.5387E-02
  8.8774E-02  5.0642E-01 -1.6873E-01  1.5572E-02
  8.9600E-02  5.0497E-01 -1.7027E-01  1.5761E-02
  9.0433E-02  5.0343E-01 -1.7184E-01  1.5952E-02
  9.1274E-02  5.0182E-01 -1.7341E-01  1.6146E-02
  9.2123E-02  5.0012E-01 -1.7500E-01  1.6344E-02
  9.2980E-02  4.9834E-01 -1.7661E-01  1.6544E-02
  9.3845E-02  4.9647E-01 -1.7822E-01  1.6747E-02
  9.4718E-02  4.9452E-01 -1.7986E-01  1.6954E-02
  9.5599E-02  4.9248E-01 -1.8150E-01  1.7164E-02
  9.6488E-02  4.9035E-01 -1.8316E-01  1.7377E-02
  9.7386E-02  4.8814E-01 -1.8484E-01  1.7593E-02
  9.8291E-02  4.8583E-01 -1.8653E-01  1.7813E-02
  9.9206E-02  4.8344E-01 -1.8824E-01  1.8037E-02
  1.0013E-01  4.8095E-01 -1.8996E-01  1.8263E-02
  1.0106E-01  4.7837E-01 -1.9169E-01  1.8494E-02
  1.0200E-01  4.7569E-01 -1.9345E-01  1.8728E-02
  1.0295E-01  4.7293E-01 -1.9521E-01  1.8966E-02
  1.0391E-01  4.7006E-01 -1.9700E-01  1.9208E-02
  1.0487E-01  4.6710E-01 -1.9879E-01  1.9453E-02
  1.0585E-01  4.6405E-01 -2.0061E-01  1.9703E-02
  1.0683E-01  4.6089E-01 -2.0244E-01  1.9957E-02
  1.0783E-01  4.5764E-01 -2.0428E-01  2.0214E-02
  1.0883E-01  4.5428E-01 -2.0614E-01  2.0476E-02
  1.0984E-01  4.5082E-01 -2.0802E-01  2.0743E-02
  1.1086E-01  4.4727E-01 -2.0992E-01  2.1013E-02
  1.1189E-01  4.4361E-01 -2.1183E-01  2.1288E-02
  1.1293E-01  4.3984E-01 -2.1376E-01  2.1568E-02
  1.1398E-01  4.3598E-01 -2.1570E-01  2.1852E-02
  1.1504E-01  4.3200E-01 -2.1766E-01  2.2141E-02
  1.1611E-01  4.2792E-01 -2.1964E-01  2.2434E-02
  1.1719E-01  4.2374E-01 -2.2163E-01  2.2733E-02
  1.1829E-01  4.1945E-01 -2.2365E-01  2.3036E-02
  1.1939E-01  4.1504E-01 -2.2568E-01  2.3345E-02
  1.2050E-01  4.1053E-01 -2.2772E-01  2.3658E-02
  1.2162E-01  4.0591E-01 -2.2979E-01  2.3977E-02
  1.2275E-01  4.0118E-01 -2.3187E-01  2.4301E-02
  1.2389E-01  3.9634E-01 -2.3397E-01  2.4631E-02
  1.2504E-01  3.9139E-01 -2.3609E-01  2.4966E-02
  1.2620E-01  3.8633E-01 -2.3823E-01  2.5306E-02
  1.2738E-01  3.8115E-01 -2.4038E-01  2.5653E-02
  1.2856E-01  3.7586E-01 -2.4255E-01  2.6005E-02
  1.2976E-01  3.7045E-01 -2.4475E-01  2.6363E-02
  1.3097E-01  3.6493E-01 -2.4696E-01  2.6727E-02
  1.3218E-01  3.5930E-01 -2.4918E-01  2.7098E-02
  1.3341E-01  3.5355E-01 -2.5143E-01  2.7474E-02
  1.3465E-01  3.4768E-01 -2.5370E-01  2.7857E-02
  1.3591E-01  3.4170E-01 -2.5598E-01  2.8246E-02
  1.3717E-01  3.3560E-01 -2.5829E-01  2.8642E-02
  1.3845E-01  3.2938E-01 -2.6061E-01  2.9045E-02
  1.3973E-01  3.2305E-01 -2.6296E-01  2.9454E-02
  1.4103E-01  3.1660E-01 -2.6532E-01  2.9870E-02
  1.4235E-01  3.1003E-01 -2.6770E-01  3.0294E-02
  1.4367E-01  3.0334E-01 -2.7010E-01  3.0724E-02
  1.4501E-01  2.9653E-01 -2.7253E-01  3.1162E-02
  1.4635E-01  2.8961E-01 -2.7497E-01  3.1607E-02
  1.4772E-01  2.8256E-01 -2.7743E-01  3.2059E-02
  1.4909E-01  2.7540E-01 -2.7992E-01  3.2519E-02
  1.5048E-01  2.6812E-01 -2.8242E-01  3.2987E-02
  1.5188E-01  2.6072E-01 -2.8494E-01  3.3462E-02
  1.5329E-01  2.5320E-01 -2.8749E-01  3.3946E-02
  1.5471E-01  2.4556E-01 -2.9005E-01  3.4438E-02
  1.5615E-01  2.3781E-01 -2.9264E-01  3.4937E-02
  1.5761E-01  2.2993E-01 -2.9524E-01  3.5445E-02
  1.5907E-01  2.2194E-01 -2.9787E-01  3.5962E-02
  1.6055E-01  2.1382E-01 -3.0052E-01  3.6487E-02
  1.6204E-01  2.0559E-01 -3.0319E-01  3.7020E-02
  1.6355E-01  1.9725E-01 -3.0588E-01  3.7563E-02
  1.6507E-01  1.8878E-01 -3.0860E-01  3.8114E-02
  1.6661E-01  1.8020E-01 -3.1133E-01  3.8674E-02
  1.6816E-01  1.7150E-01 -3.1409E-01  3.9244E-02
  1.6972E-01  1.6269E-01 -3.1687E-01  3.9822E-02
  1.7130E-01  1.5376E-01 -3.1967E-01  4.0410E-02
  1.7289E-01  1.4472E-01 -3.2249E-01  4.1007E-02
  1.7450E-01  1.3556E-01 -3.2533E-01  4.1614E-02
  1.7612E-01  1.2629E-01 -3.2820E-01  4.2230E-02
  1.7776E-01  1.1690E-01 -3.3109E-01  4.2857E-02
  1.7942E-01  1.0741E-01 -3.3400E-01  4.3492E-02
  1.8109E-01  9.7802E-02 -3.3693E-01  4.4138E-02
  1.8277E-01  8.8085E-02 -3.3989E-01  4.4794E-02
  1.8447E-01  7.8258E-02 -3.4286E-01  4.5460E-02
  1.8619E-01  6.8324E-02 -3.4587E-01  4.6136E-02
  1.8792E-01  5.8282E-02 -3.4889E-01  4.6822E-02
  1.8966E-01  4.8134E-02 -3.5193E-01  4.7518E-02
  1.9143E-01  3.7882E-02 -3.5500E-01  4.8225E-02
  1.9321E-01  2.7526E-02 -3.5810E-01  4.8942E-02
  1.9501E-01  1.7067E-02 -3.6121E-01  4.9669E-02
  1.9682E-01  6.5072E-03 -3.6435E-01  5.0407E-02
  1.9865E-01 -4.1521E-03 -3.6751E-01  5.1155E-02
  2.0050E-01 -1.4910E-02 -3.7069E-01  5.1914E-02
  2.0236E-01 -2.5764E-02 -3.7390E-01  5.2684E-02
  2.0425E-01 -3.6713E-02 -3.7713E-01  5.3463E-02
  2.0615E-01 -4.7756E-02 -3.8039E-01  5.4254E-02
  2.0806E-01 -5.8891E-02 -3.8366E-01  5.5055E-02
  2.1000E-01 -7.0116E-02 -3.8696E-01  5.5866E-02
  2.1195E-01 -8.1429E-02 -3.9029E-01  5.6687E-02
  2.1392E-01 -9.2829E-02 -3.9363E-01  5.7519E-02
  2.1591E-01 -1.0431E-01 -3.9700E-01  5.8362E-02
  2.1792E-01 -1.1588E-01 -4.0040E-01  5.9214E-02
  2.1995E-01 -1.2753E-01 -4.0382E-01  6.0076E-02
  2.2199E-01 -1.3925E-01 -4.0726E-01  6.0948E-02
  2.2406E-01 -1.5105E-01 -4.1072E-01  6.1830E-02
  2.2614E-01 -1.6293E-01 -4.1421E-01  6.2722E-02
  2.2824E-01 -1.7488E-01 -4.1772E-01  6.3623E-02
  2.3037E-01 -1.8689E-01 -4.2125E-01  6.4533E-02
  2.3251E-01 -1.9898E-01 -4.2481E-01  6.5452E-02
  2.3467E-01 -2.1113E-01 -4.2839E-01  6.6380E-02
  2.3686E-01 -2.2334E-01 -4.3199E-01  6.7317E-02
  2.3906E-01 -2.3561E-01 -4.3562E-01  6.8261E-02
  2.4128E-01 -2.4794E-01 -4.3927E-01  6.9213E-02
  2.4353E-01 -2.6032E-01 -4.4294E-01  7.0173E-02
  2.4579E-01 -2.7275E-01 -4.4663E-01  7.1139E-02
  2.4808E-01 -2.8523E-01 -4.5035E-01  7.2113E-02
  2.5038E-01 -2.9776E-01 -4.5409E-01  7.3092E-02
  2.5271E-01 -3.1033E-01 -4.5785E-01  7.4077E-02
  2.5506E-01 -3.2293E-01 -4.6164E-01  7.5067E-02
  2.5744E-01 -3.3558E-01 -4.6545E-01  7.6061E-02
  2.5983E-01 -3.4826E-01 -4.6928E-01  7.7060E-02
  2.6225E-01 -3.6097E-01 -4.7313E-01  7.8061E-02
  2.6469E-01 -3.7371E-01 -4.7700E-01  7.9065E-02
  2.6715E-01 -3.8647E-01 -4.8090E-01  8.0071E-02
  2.6963E-01 -3.9925E-01 -4.8482E-01  8.1078E-02
  2.7214E-01 -4.1205E-01 -4.8876E-01  8.2084E-02
  2.7467E-01 -4.2486E-01 -4.9271E-01  8.3090E-02
  2.7723E-01 -4.3769E-01 -4.9670E-01  8.4094E-02
  2.7981E-01 -4.5052E-01 -5.0070E-01  8.5095E-02
  2.8241E-01 -4.6335E-01 -5.0472E-01  8.6092E-02
  2.8503E-01 -4.7619E-01 -5.0876E-01  8.7084E-02
  2.8769E-01 -4.8902E-01 -5.1282E-01  8.8070E-02
  2.9036E-01 -5.0184E-01 -5.1691E-01  8.9048E-02
  2.9306E-01 -5.1465E-01 -5.2101E-01  9.0017E-02
  2.9579E-01 -5.2745E-01 -5.2513E-01  9.0975E-02
  2.9854E-01 -5.4022E-01 -5.2927E-01  9.1921E-02
  3.0132E-01 -5.5298E-01 -5.3342E-01  9.2854E-02
  3.0412E-01 -5.6570E-01 -5.3760E-01  9.3771E-02
  3.0695E-01 -5.7840E-01 -5.4179E-01  9.4671E-02
  3.0980E-01 -5.9106E-01 -5.4601E-01  9.5553E-02
  3.1268E-01 -6.0369E-01 -5.5023E-01  9.6413E-02
  3.1559E-01 -6.1627E-01 -5.5448E-01  9.7250E-02
  3.1853E-01 -6.2880E-01 -5.5874E-01  9.8062E-02
  3.2149E-01 -6.4129E-01 -5.6302E-01  9.8846E-02
  3.2448E-01 -6.5372E-01 -5.6731E-01  9.9600E-02
  3.2750E-01 -6.6609E-01 -5.7161E-01  1.0032E-01
  3.3054E-01 -6.7840E-01 -5.7593E-01  1.0101E-01
  3.3362E-01 -6.9064E-01 -5.8027E-01  1.0166E-01
  3.3672E-01 -7.0281E-01 -5.8462E-01  1.0227E-01
  3.3985E-01 -7.1490E-01 -5.8898E-01  1.0283E-01
  3.4301E-01 -7.2691E-01 -5.9335E-01  1.0335E-01
  3.4620E-01 -7.3884E-01 -5.9773E-01  1.0382E-01
  3.4942E-01 -7.5068E-01 -6.0213E-01  1.0423E-01
  3.5267E-01 -7.6243E-01 -6.0653E-01  1.0459E-01
  3.5595E-01 -7.7408E-01 -6.1095E-01  1.0488E-01
  3.5927E-01 -7.8563E-01 -6.1537E-01  1.0512E-01
  3.6261E-01 -7.9708E-01 -6.1980E-01  1.0528E-01
  3.6598E-01 -8.0842E-01 -6.2424E-01  1.0537E-01
  3.6938E-01 -8.1964E-01 -6.2868E-01  1.0538E-01
  3.7282E-01 -8.3074E-01 -6.3313E-01  1.0532E-01
  3.7629E-01 -8.4173E-01 -6.3759E-01  1.0516E-01
  3.7979E-01 -8.5259E-01 -6.4205E-01  1.0491E-01
  3.8332E-01 -8.6331E-01 -6.4651E-01  1.0457E-01
  3.8688E-01 -8.7391E-01 -6.5097E-01  1.0413E-01
  3.9048E-01 -8.8436E-01 -6.5544E-01  1.0358E-01
  3.9411E-01 -8.9467E-01 -6.5990E-01  1.0291E-01
  3.9778E-01 -9.0484E-01 -6.6437E-01  1.0213E-01
  4.0148E-01 -9.1485E-01 -6.6883E-01  1.0123E-01
  4.0521E-01 -9.2471E-01 -6.7329E-01  1.0019E-01
  4.0898E-01 -9.3441E-01 -6.7775E-01  9.9020E-02
  4.1279E-01 -9.4395E-01 -6.8220E-01  9.7704E-02
  4.1663E-01 -9.5333E-01 -6.8665E-01  9.6238E-02
  4.2050E-01 -9.6253E-01 -6.9109E-01  9.4615E-02
  4.2441E-01 -9.7156E-01 -6.9552E-01  9.2827E-02
  4.2836E-01 -9.8041E-01 -6.9994E-01  9.0868E-02
  4.3234E-01 -9.8909E-01 -7.0435E-01  8.8730E-02
  4.3637E-01 -9.9757E-01 -7.0874E-01  8.6405E-02
  4.4042E-01 -1.0059E+00 -7.1313E-01  8.3884E-02
  4.4452E-01 -1.0140E+00 -7.1749E-01  8.1161E-02
  4.4865E-01 -1.0219E+00 -7.2185E-01  7.8226E-02
  4.5283E-01 -1.0296E+00 -7.2618E-01  7.5071E-02
  4.5704E-01 -1.0371E+00 -7.3049E-01  7.1687E-02
  4.6129E-01 -1.0444E+00 -7.3479E-01  6.8065E-02
  4.6558E-01 -1.0515E+00 -7.3906E-01  6.4197E-02
  4.6991E-01 -1.0584E+00 -7.4330E-01  6.0072E-02
  4.7428E-01 -1.0651E+00 -7.4752E-01  5.5681E-02
  4.7869E-01 -1.0716E+00 -7.5171E-01  5.1016E-02
  4.8315E-01 -1.0778E+00 -7.5588E-01  4.6066E-02
  4.8764E-01 -1.0838E+00 -7.6001E-01  4.0820E-02
  4.9217E-01 -1.0896E+00 -7.6411E-01  3.5270E-02
  4.9675E-01 -1.0952E+00 -7.6817E-01  2.9406E-02
  5.0137E-01 -1.1005E+00 -7.7220E-01  2.3216E-02
  5.0604E-01 -1.1057E+00 -7.7618E-01  1.6692E-02
  5.1074E-01 -1.1105E+00 -7.8013E-01  9.8216E-03
  5.1549E-01 -1.1152E+00 -7.8403E-01  2.5959E-03
  5.2029E-01 -1.1196E+00 -7.8789E-01 -4.9957E-03
  5.2513E-01 -1.1238E+00 -7.9171E-01 -1.2964E-02
  5.3001E-01 -1.1277E+00 -7.9547E-01 -2.1318E-02
  5.3494E-01 -1.1314E+00 -7.9918E-01 -3.0069E-02
  5.3992E-01 -1.1348E+00 -8.0284E-01 -3.9227E-02
  5.4494E-01 -1.1380E+00 -8.0644E-01 -4.8801E-02
  5.5001E-01 -1.1410E+00 -8.0999E-01 -5.8802E-02
  5.5512E-01 -1.1437E+00 -8.1347E-01 -6.9238E-02
  5.6029E-01 -1.1461E+00 -8.1690E-01 -8.0120E-02
  5.6550E-01 -1.1483E+00 -8.2025E-01 -9.1456E-02
  5.7076E-01 -1.1503E+00 -8.2354E-01 -1.0326E-01
  5.7606E-01 -1.1520E+00 -8.2676E-01 -1.1553E-01
  5.8142E-01 -1.1534E+00 -8.2990E-01 -1.2828E-01
  5.8683E-01 -1.1547E+00 -8.3297E-01 -1.4151E-01
  5.9229E-01 -1.1556E+00 -8.3596E-01 -1.5524E-01
  5.9780E-01 -1.1563E+00 -8.3887E-01 -1.6947E-01
  6.0336E-01 -1.1568E+00 -8.4170E-01 -1.8421E-01
  6.0897E-01 -1.1570E+00 -8.4444E-01 -1.9945E-01
  6.1463E-01 -1.1569E+00 -8.4709E-01 -2.1521E-01
  6.2035E-01 -1.1566E+00 -8.4965E-01 -2.3149E-01
  6.2612E-01 -1.1561E+00 -8.5211E-01 -2.4829E-01
  6.3194E-01 -1.1552E+00 -8.5448E-01 -2.6562E-01
  6.3782E-01 -1.1542E+00 -8.5674E-01 -2.8346E-01
  6.4375E-01 -1.1529E+00 -8.5891E-01 -3.0183E-01
  6.4974E-01 -1.1514E+00 -8.6096E-01 -3.2072E-01
  6.5578E-01 -1.1496E+00 -8.6291E-01 -3.4012E-01
  6.6188E-01 -1.1475E+00 -8.6474E-01 -3.6004E-01
  6.6804E-01 -1.1452E+00 -8.6646E-01 -3.8046E-01
  6.7425E-01 -1.1427E+00 -8.6805E-01 -4.0139E-01
  6.8053E-01 -1.1400E+00 -8.6953E-01 -4.2281E-01
  6.8685E-01 -1.1370E+00 -8.7088E-01 -4.4470E-01
  6.9324E-01 -1.1337E+00 -8.7211E-01 -4.6707E-01
  6.9969E-01 -1.1303E+00 -8.7320E-01 -4.8989E-01
  7.0620E-01 -1.1266E+00 -8.7416E-01 -5.1314E-01
  7.1277E-01 -1.1226E+00 -8.7498E-01 -5.3681E-01
  7.1940E-01 -1.1185E+00 -8.7566E-01 -5.6089E-01
  7.2609E-01 -1.1141E+00 -8.7619E-01 -5.8534E-01
  7.3284E-01 -1.1095E+00 -8.7658E-01 -6.1014E-01
  7.3966E-01 -1.1047E+00 -8.7683E-01 -6.3527E-01
  7.4654E-01 -1.0996E+00 -8.7691E-01 -6.6069E-01
  7.5348E-01 -1.0944E+00 -8.7685E-01 -6.8637E-01
  7.6049E-01 -1.0889E+00 -8.7662E-01 -7.1228E-01
  7.6756E-01 -1.0833E+00 -8.7623E-01 -7.3839E-01
  7.7470E-01 -1.0774E+00 -8.7568E-01 -7.6464E-01
  7.8191E-01 -1.0713E+00 -8.7496E-01 -7.9101E-01
  7.8918E-01 -1.0650E+00 -8.7407E-01 -8.1743E-01
  7.9652E-01 -1.0586E+00 -8.7300E-01 -8.4388E-01
  8.0393E-01 -1.0519E+00 -8.7176E-01 -8.7028E-01
  8.1140E-01 -1.0450E+00 -8.7034E-01 -8.9660E-01
  8.1895E-01 -1.0380E+00 -8.6874E-01 -9.2278E-01
  8.2657E-01 -1.0308E+00 -8.6696E-01 -9.4875E-01
  8.3426E-01 -1.0234E+00 -8.6499E-01 -9.7445E-01
  8.4202E-01 -1.0159E+00 -8.6284E-01 -9.9983E-01
  8.4985E-01 -1.0081E+00 -8.6049E-01 -1.0248E+00
  8.5775E-01 -1.0003E+00 -8.5795E-01 -1.0493E+00
  8.6573E-01 -9.9220E-01 -8.5521E-01 -1.0733E+00
  8.7378E-01 -9.8400E-01 -8.5228E-01 -1.0966E+00
  8.8191E-01 -9.7565E-01 -8.4915E-01 -1.1193E+00
  8.9011E-01 -9.6715E-01 -8.4582E-01 -1.1412E+00
  8.9839E-01 -9.5851E-01 -8.4229E-01 -1.1623E+00
  9.0675E-01 -9.4973E-01 -8.3856E-01 -1.1824E+00
  9.1518E-01 -9.4082E-01 -8.3463E-01 -1.2015E+00
  9.2369E-01 -9.3179E-01 -8.3048E-01 -1.2195E+00
  9.3228E-01 -9.2262E-01 -8.2614E-01 -1.2363E+00
  9.4095E-01 -9.1334E-01 -8.2159E-01 -1.2519E+00
  9.4971E-01 -9.0395E-01 -8.1683E-01 -1.2661E+00
  9.5854E-01 -8.9444E-01 -8.1187E-01 -1.2788E+00
  9.6745E-01 -8.8483E-01 -8.0670E-01 -1.2901E+00
  9.7645E-01 -8.7513E-01 -8.0133E-01 -1.2997E+00
  9.8554E-01 -8.6532E-01 -7.9575E-01 -1.3076E+00
  9.9470E-01 -8.5543E-01 -7.8997E-01 -1.3138E+00
  1.0040E+00 -8.4545E-01 -7.8398E-01 -1.3181E+00
  1.0133E+00 -8.3539E-01 -7.7780E-01 -1.3205E+00
  1.0227E+00 -8.2525E-01 -7.7141E-01 -1.3209E+00
  1.0322E+00 -8.1504E-01 -7.6483E-01 -1.3192E+00
  1.0418E+00 -8.0477E-01 -7.5805E-01 -1.3154E+00
  1.0515E+00 -7.9443E-01 -7.5107E-01 -1.3094E+00
  1.0613E+00 -7.8404E-01 -7.4391E-01 -1.3012E+00
  1.0712E+00 -7.7360E-01 -7.3656E-01 -1.2907E+00
  1.0811E+00 -7.6311E-01 -7.2903E-01 -1.2779E+00
  1.0912E+00 -7.5258E-01 -7.2132E-01 -1.2628E+00
  1.1013E+00 -7.4201E-01 -7.1344E-01 -1.2453E+00
  1.1116E+00 -7.3141E-01 -7.0538E-01 -1.2254E+00
  1.1219E+00 -7.2079E-01 -6.9716E-01 -1.2032E+00
  1.1324E+00 -7.1014E-01 -6.8878E-01 -1.1786E+00
  1.1429E+00 -6.9947E-01 -6.8024E-01 -1.1517E+00
  1.1535E+00 -6.8879E-01 -6.7156E-01 -1.1225E+00
  1.1642E+00 -6.7809E-01 -6.6274E-01 -1.0911E+00
  1.1751E+00 -6.6740E-01 -6.5378E-01 -1.0574E+00
  1.1860E+00 -6.5671E-01 -6.4469E-01 -1.0217E+00
  1.1970E+00 -6.4602E-01 -6.3548E-01 -9.8400E-01
  1.2082E+00 -6.3534E-01 -6.2616E-01 -9.4439E-01
  1.2194E+00 -6.2467E-01 -6.1673E-01 -9.0302E-01
  1.2307E+00 -6.1402E-01 -6.0721E-01 -8.6002E-01
  1.2422E+00 -6.0340E-01 -5.9760E-01 -8.1557E-01
  1.2537E+00 -5.9280E-01 -5.8791E-01 -7.6985E-01
  1.2654E+00 -5.8223E-01 -5.7815E-01 -7.2304E-01
  1.2772E+00 -5.7170E-01 -5.6833E-01 -6.7537E-01
  1.2891E+00 -5.6120E-01 -5.5846E-01 -6.2708E-01
  1.3010E+00 -5.5075E-01 -5.4855E-01 -5.7841E-01
  1.3131E+00 -5.4035E-01 -5.3861E-01 -5.2965E-01
  1.3254E+00 -5.3000E-01 -5.2865E-01 -4.8107E-01
  1.3377E+00 -5.1970E-01 -5.1867E-01 -4.3299E-01
  1.3501E+00 -5.0946E-01 -5.0870E-01 -3.8574E-01
  1.3627E+00 -4.9928E-01 -4.9873E-01 -3.3966E-01
  1.3754E+00 -4.8917E-01 -4.8879E-01 -2.9511E-01
  1.3882E+00 -4.7913E-01 -4.7887E-01 -2.5246E-01
  1.4011E+00 -4.6916E-01 -4.6900E-01 -2.1210E-01
  1.4141E+00 -4.5926E-01 -4.5917E-01 -1.7444E-01
  1.4273E+00 -4.4945E-01 -4.4939E-01 -1.3990E-01
  1.4405E+00 -4.3971E-01 -4.3969E-01 -1.0890E-01
  1.4539E+00 -4.3006E-01 -4.3005E-01 -8.1868E-02
  1.4674E+00 -4.2050E-01 -4.2050E-01 -5.9257E-02
  1.4811E+00 -4.1103E-01 -4.1103E-01 -4.1509E-02
  1.4949E+00 -4.0165E-01 -4.0165E-01 -2.9076E-02
  1.5088E+00 -3.9237E-01 -3.9237E-01 -2.4211E-02
  1.5228E+00 -3.8318E-01 -3.8318E-01 -2.1255E-02
  1.5370E+00 -3.7410E-01 -3.7410E-01 -1.7795E-02
  1.5513E+00 -3.6512E-01 -3.6512E-01 -1.4512E-02
  1.5657E+00 -3.5625E-01 -3.5625E-01 -1.1452E-02
  1.5803E+00 -3.4748E-01 -3.4748E-01 -8.6859E-03
  1.5950E+00 -3.3883E-01 -3.3883E-01 -6.2699E-03
  1.6098E+00 -3.3028E-01 -3.3028E-01 -4.2456E-03
  1.6248E+00 -3.2185E-01 -3.2185E-01 -2.6368E-03
  1.6399E+00 -3.1353E-01 -3.1353E-01 -1.4463E-03
  1.6551E+00 -3.0533E-01 -3.0533E-01 -6.5253E-04
  1.6705E+00 -2.9725E-01 -2.9725E-01 -2.0645E-04
  1.6861E+00 -2.8929E-01 -2.8929E-01 -2.7517E-05
  1.7017E+00 -2.8144E-01 -2.8144E-01  0.0000E+00
  1.7176E+00 -2.7372E-01 -2.7372E-01  0.0000E+00
  1.7335E+00 -2.6613E-01 -2.6613E-01  0.0000E+00
  1.7497E+00 -2.5866E-01 -2.5866E-01  0.0000E+00
  1.7659E+00 -2.5131E-01 -2.5131E-01  0.0000E+00
  1.7824E+00 -2.4409E-01 -2.4409E-01  0.0000E+00
  1.7989E+00 -2.3699E-01 -2.3699E-01  0.0000E+00
  1.8157E+00 -2.3002E-01 -2.3002E-01  0.0000E+00
  1.8326E+00 -2.2318E-01 -2.2318E-01  0.0000E+00
  1.8496E+00 -2.1647E-01 -2.1647E-01  0.0000E+00
  1.8668E+00 -2.0988E-01 -2.0988E-01  0.0000E+00
  1.8842E+00 -2.0342E-01 -2.0342E-01  0.0000E+00
  1.9017E+00 -1.9709E-01 -1.9709E-01  0.0000E+00
  1.9194E+00 -1.9089E-01 -1.9089E-01  0.0000E+00
  1.9372E+00 -1.8482E-01 -1.8482E-01  0.0000E+00
  1.9553E+00 -1.7887E-01 -1.7887E-01  0.0000E+00
  1.9734E+00 -1.7306E-01 -1.7306E-01  0.0000E+00
  1.9918E+00 -1.6737E-01 -1.6737E-01  0.0000E+00
  2.0103E+00 -1.6180E-01 -1.6180E-01  0.0000E+00
  2.0290E+00 -1.5637E-01 -1.5637E-01  0.0000E+00
  2.0479E+00 -1.5105E-01 -1.5105E-01  0.0000E+00
  2.0669E+00 -1.4587E-01 -1.4587E-01  0.0000E+00
  2.0862E+00 -1.4080E-01 -1.4080E-01  0.0000E+00
  2.1056E+00 -1.3586E-01 -1.3586E-01  0.0000E+00
  2.1252E+00 -1.3105E-01 -1.3105E-01  0.0000E+00
  2.1449E+00 -1.2635E-01 -1.2635E-01  0.0000E+00
  2.1649E+00 -1.2177E-01 -1.2177E-01  0.0000E+00
  2.1850E+00 -1.1732E-01 -1.1732E-01  0.0000E+00
  2.2053E+00 -1.1298E-01 -1.1298E-01  0.0000E+00
  2.2258E+00 -1.0875E-01 -1.0875E-01  0.0000E+00
  2.2465E+00 -1.0465E-01 -1.0465E-01  0.0000E+00
  2.2674E+00 -1.0065E-01 -1.0065E-01  0.0000E+00
  2.2885E+00 -9.6772E-02 -9.6772E-02  0.0000E+00
  2.3098E+00 -9.3001E-02 -9.3001E-02  0.0000E+00
  2.3313E+00 -8.9340E-02 -8.9340E-02  0.0000E+00
  2.3530E+00 -8.5786E-02 -8.5786E-02  0.0000E+00
  2.3749E+00 -8.2339E-02 -8.2339E-02  0.0000E+00
  2.3970E+00 -7.8996E-02 -7.8996E-02  0.0000E+00
  2.4192E+00 -7.5756E-02 -7.5756E-02  0.0000E+00
  2.4417E+00 -7.2618E-02 -7.2618E-02  0.0000E+00
  2.4645E+00 -6.9578E-02 -6.9578E-02  0.0000E+00
  2.4874E+00 -6.6636E-02 -6.6636E-02  0.0000E+00
  2.5105E+00 -6.3790E-02 -6.3790E-02  0.0000E+00
  2.5339E+00 -6.1038E-02 -6.1038E-02  0.0000E+00
  2.5574E+00 -5.8379E-02 -5.8379E-02  0.0000E+00
  2.5812E+00 -5.5809E-02 -5.5809E-02  0.0000E+00
  2.6052E+00 -5.3328E-02 -5.3328E-02  0.0000E+00
  2.6295E+00 -5.0933E-02 -5.0933E-02  0.0000E+00
  2.6539E+00 -4.8623E-02 -4.8623E-02  0.0000E+00
  2.6786E+00 -4.6396E-02 -4.6396E-02  0.0000E+00
  2.7035E+00 -4.4249E-02 -4.4249E-02  0.0000E+00
