 # l=           1 energy= -4.999999999999982E-002
  0.0000E+00  0.0000E+00  0.0000E+00  0.0000E+00
  8.4554E-09 -3.7978E-16 -3.3265E-15 -3.0228E-15
  1.6990E-08 -1.5333E-15 -1.3430E-14 -1.2204E-14
  2.5603E-08 -3.4821E-15 -3.0500E-14 -2.7715E-14
  3.4297E-08 -6.2483E-15 -5.4729E-14 -4.9732E-14
  4.3071E-08 -9.8545E-15 -8.6315E-14 -7.8435E-14
  5.1927E-08 -1.4324E-14 -1.2546E-13 -1.1401E-13
  6.0865E-08 -1.9679E-14 -1.7237E-13 -1.5663E-13
  6.9887E-08 -2.5945E-14 -2.2725E-13 -2.0651E-13
  7.8992E-08 -3.3146E-14 -2.9033E-13 -2.6382E-13
  8.8183E-08 -4.1308E-14 -3.6181E-13 -3.2878E-13
  9.7458E-08 -5.0455E-14 -4.4193E-13 -4.0158E-13
  1.0682E-07 -6.0613E-14 -5.3091E-13 -4.8244E-13
  1.1627E-07 -7.1811E-14 -6.2899E-13 -5.7157E-13
  1.2581E-07 -8.4075E-14 -7.3641E-13 -6.6918E-13
  1.3543E-07 -9.7432E-14 -8.5341E-13 -7.7549E-13
  1.4515E-07 -1.1191E-13 -9.8023E-13 -8.9074E-13
  1.5495E-07 -1.2754E-13 -1.1171E-12 -1.0152E-12
  1.6485E-07 -1.4436E-13 -1.2644E-12 -1.1490E-12
  1.7484E-07 -1.6238E-13 -1.4223E-12 -1.2924E-12
  1.8492E-07 -1.8165E-13 -1.5910E-12 -1.4458E-12
  1.9509E-07 -2.0219E-13 -1.7709E-12 -1.6093E-12
  2.0536E-07 -2.2403E-13 -1.9623E-12 -1.7832E-12
  2.1573E-07 -2.4722E-13 -2.1654E-12 -1.9677E-12
  2.2619E-07 -2.7178E-13 -2.3805E-12 -2.1632E-12
  2.3675E-07 -2.9775E-13 -2.6080E-12 -2.3699E-12
  2.4741E-07 -3.2516E-13 -2.8480E-12 -2.5880E-12
  2.5817E-07 -3.5404E-13 -3.1011E-12 -2.8179E-12
  2.6902E-07 -3.8445E-13 -3.3674E-12 -3.0599E-12
  2.7998E-07 -4.1640E-13 -3.6473E-12 -3.3143E-12
  2.9104E-07 -4.4995E-13 -3.9411E-12 -3.5813E-12
  3.0220E-07 -4.8513E-13 -4.2492E-12 -3.8613E-12
  3.1347E-07 -5.2197E-13 -4.5719E-12 -4.1545E-12
  3.2484E-07 -5.6053E-13 -4.9096E-12 -4.4614E-12
  3.3632E-07 -6.0084E-13 -5.2627E-12 -4.7822E-12
  3.4790E-07 -6.4294E-13 -5.6315E-12 -5.1173E-12
  3.5959E-07 -6.8688E-13 -6.0163E-12 -5.4670E-12
  3.7139E-07 -7.3270E-13 -6.4176E-12 -5.8317E-12
  3.8330E-07 -7.8044E-13 -6.8358E-12 -6.2118E-12
  3.9532E-07 -8.3016E-13 -7.2713E-12 -6.6075E-12
  4.0745E-07 -8.8190E-13 -7.7245E-12 -7.0193E-12
  4.1970E-07 -9.3570E-13 -8.1957E-12 -7.4475E-12
  4.3206E-07 -9.9162E-13 -8.6855E-12 -7.8926E-12
  4.4453E-07 -1.0497E-12 -9.1943E-12 -8.3549E-12
  4.5712E-07 -1.1100E-12 -9.7225E-12 -8.8348E-12
  4.6983E-07 -1.1726E-12 -1.0271E-11 -9.3329E-12
  4.8265E-07 -1.2375E-12 -1.0839E-11 -9.8493E-12
  4.9560E-07 -1.3047E-12 -1.1428E-11 -1.0385E-11
  5.0866E-07 -1.3744E-12 -1.2039E-11 -1.0939E-11
  5.2185E-07 -1.4466E-12 -1.2671E-11 -1.1514E-11
  5.3516E-07 -1.5213E-12 -1.3325E-11 -1.2109E-11
  5.4859E-07 -1.5987E-12 -1.4003E-11 -1.2724E-11
  5.6215E-07 -1.6787E-12 -1.4703E-11 -1.3361E-11
  5.7583E-07 -1.7614E-12 -1.5428E-11 -1.4019E-11
  5.8964E-07 -1.8469E-12 -1.6177E-11 -1.4700E-11
  6.0358E-07 -1.9353E-12 -1.6951E-11 -1.5403E-11
  6.1765E-07 -2.0265E-12 -1.7750E-11 -1.6130E-11
  6.3185E-07 -2.1208E-12 -1.8576E-11 -1.6880E-11
  6.4619E-07 -2.2181E-12 -1.9428E-11 -1.7654E-11
  6.6065E-07 -2.3185E-12 -2.0308E-11 -1.8454E-11
  6.7525E-07 -2.4221E-12 -2.1215E-11 -1.9278E-11
  6.8999E-07 -2.5290E-12 -2.2151E-11 -2.0129E-11
  7.0486E-07 -2.6392E-12 -2.3116E-11 -2.1006E-11
  7.1987E-07 -2.7528E-12 -2.4112E-11 -2.1910E-11
  7.3502E-07 -2.8699E-12 -2.5137E-11 -2.2842E-11
  7.5031E-07 -2.9905E-12 -2.6194E-11 -2.3803E-11
  7.6575E-07 -3.1148E-12 -2.7283E-11 -2.4792E-11
  7.8133E-07 -3.2429E-12 -2.8404E-11 -2.5811E-11
  7.9705E-07 -3.3747E-12 -2.9559E-11 -2.6860E-11
  8.1292E-07 -3.5104E-12 -3.0747E-11 -2.7940E-11
  8.2893E-07 -3.6501E-12 -3.1971E-11 -2.9052E-11
  8.4510E-07 -3.7938E-12 -3.3230E-11 -3.0196E-11
  8.6142E-07 -3.9417E-12 -3.4525E-11 -3.1373E-11
  8.7788E-07 -4.0939E-12 -3.5858E-11 -3.2584E-11
  8.9450E-07 -4.2504E-12 -3.7229E-11 -3.3830E-11
  9.1128E-07 -4.4113E-12 -3.8638E-11 -3.5111E-11
  9.2821E-07 -4.5767E-12 -4.0087E-11 -3.6427E-11
  9.4530E-07 -4.7468E-12 -4.1577E-11 -3.7781E-11
  9.6255E-07 -4.9216E-12 -4.3108E-11 -3.9172E-11
  9.7995E-07 -5.1012E-12 -4.4681E-11 -4.0602E-11
  9.9752E-07 -5.2858E-12 -4.6298E-11 -4.2071E-11
  1.0153E-06 -5.4754E-12 -4.7959E-11 -4.3580E-11
  1.0332E-06 -5.6702E-12 -4.9664E-11 -4.5130E-11
  1.0512E-06 -5.8702E-12 -5.1416E-11 -4.6722E-11
  1.0695E-06 -6.0756E-12 -5.3215E-11 -4.8357E-11
  1.0879E-06 -6.2865E-12 -5.5063E-11 -5.0036E-11
  1.1064E-06 -6.5030E-12 -5.6959E-11 -5.1759E-11
  1.1252E-06 -6.7252E-12 -5.8905E-11 -5.3527E-11
  1.1441E-06 -6.9533E-12 -6.0903E-11 -5.5343E-11
  1.1632E-06 -7.1873E-12 -6.2953E-11 -5.7206E-11
  1.1825E-06 -7.4275E-12 -6.5057E-11 -5.9117E-11
  1.2019E-06 -7.6739E-12 -6.7215E-11 -6.1078E-11
  1.2216E-06 -7.9267E-12 -6.9429E-11 -6.3090E-11
  1.2414E-06 -8.1859E-12 -7.1700E-11 -6.5154E-11
  1.2614E-06 -8.4518E-12 -7.4029E-11 -6.7270E-11
  1.2816E-06 -8.7245E-12 -7.6417E-11 -6.9441E-11
  1.3019E-06 -9.0042E-12 -7.8867E-11 -7.1666E-11
  1.3225E-06 -9.2909E-12 -8.1378E-11 -7.3948E-11
  1.3433E-06 -9.5848E-12 -8.3952E-11 -7.6288E-11
  1.3642E-06 -9.8861E-12 -8.6591E-11 -7.8686E-11
  1.3854E-06 -1.0195E-11 -8.9296E-11 -8.1144E-11
  1.4067E-06 -1.0511E-11 -9.2068E-11 -8.3663E-11
  1.4282E-06 -1.0836E-11 -9.4909E-11 -8.6244E-11
  1.4500E-06 -1.1168E-11 -9.7821E-11 -8.8890E-11
  1.4719E-06 -1.1509E-11 -1.0080E-10 -9.1601E-11
  1.4941E-06 -1.1858E-11 -1.0386E-10 -9.4378E-11
  1.5164E-06 -1.2215E-11 -1.0699E-10 -9.7223E-11
  1.5390E-06 -1.2581E-11 -1.1020E-10 -1.0014E-10
  1.5617E-06 -1.2956E-11 -1.1348E-10 -1.0312E-10
  1.5847E-06 -1.3340E-11 -1.1685E-10 -1.0618E-10
  1.6079E-06 -1.3734E-11 -1.2029E-10 -1.0931E-10
  1.6313E-06 -1.4137E-11 -1.2382E-10 -1.1252E-10
  1.6550E-06 -1.4549E-11 -1.2743E-10 -1.1580E-10
  1.6788E-06 -1.4971E-11 -1.3113E-10 -1.1916E-10
  1.7029E-06 -1.5404E-11 -1.3492E-10 -1.2260E-10
  1.7272E-06 -1.5846E-11 -1.3880E-10 -1.2613E-10
  1.7517E-06 -1.6300E-11 -1.4277E-10 -1.2973E-10
  1.7764E-06 -1.6763E-11 -1.4683E-10 -1.3342E-10
  1.8014E-06 -1.7238E-11 -1.5099E-10 -1.3720E-10
  1.8266E-06 -1.7724E-11 -1.5524E-10 -1.4107E-10
  1.8521E-06 -1.8221E-11 -1.5960E-10 -1.4503E-10
  1.8777E-06 -1.8730E-11 -1.6405E-10 -1.4908E-10
  1.9037E-06 -1.9251E-11 -1.6861E-10 -1.5322E-10
  1.9298E-06 -1.9783E-11 -1.7328E-10 -1.5746E-10
  1.9562E-06 -2.0328E-11 -1.7805E-10 -1.6180E-10
  1.9829E-06 -2.0886E-11 -1.8294E-10 -1.6624E-10
  2.0098E-06 -2.1457E-11 -1.8794E-10 -1.7078E-10
  2.0369E-06 -2.2040E-11 -1.9305E-10 -1.7542E-10
  2.0643E-06 -2.2637E-11 -1.9828E-10 -1.8017E-10
  2.0920E-06 -2.3248E-11 -2.0362E-10 -1.8503E-10
  2.1199E-06 -2.3872E-11 -2.0909E-10 -1.9000E-10
  2.1481E-06 -2.4511E-11 -2.1469E-10 -1.9509E-10
  2.1765E-06 -2.5164E-11 -2.2041E-10 -2.0029E-10
  2.2052E-06 -2.5832E-11 -2.2626E-10 -2.0560E-10
  2.2342E-06 -2.6515E-11 -2.3224E-10 -2.1104E-10
  2.2634E-06 -2.7214E-11 -2.3836E-10 -2.1660E-10
  2.2929E-06 -2.7928E-11 -2.4462E-10 -2.2228E-10
  2.3227E-06 -2.8658E-11 -2.5101E-10 -2.2810E-10
  2.3528E-06 -2.9405E-11 -2.5755E-10 -2.3404E-10
  2.3831E-06 -3.0168E-11 -2.6424E-10 -2.4011E-10
  2.4137E-06 -3.0948E-11 -2.7107E-10 -2.4632E-10
  2.4446E-06 -3.1746E-11 -2.7806E-10 -2.5267E-10
  2.4758E-06 -3.2561E-11 -2.8520E-10 -2.5916E-10
  2.5073E-06 -3.3394E-11 -2.9250E-10 -2.6579E-10
  2.5391E-06 -3.4246E-11 -2.9996E-10 -2.7257E-10
  2.5711E-06 -3.5117E-11 -3.0758E-10 -2.7950E-10
  2.6035E-06 -3.6007E-11 -3.1538E-10 -2.8658E-10
  2.6362E-06 -3.6916E-11 -3.2334E-10 -2.9382E-10
  2.6692E-06 -3.7845E-11 -3.3148E-10 -3.0122E-10
  2.7024E-06 -3.8795E-11 -3.3980E-10 -3.0878E-10
  2.7360E-06 -3.9765E-11 -3.4830E-10 -3.1650E-10
  2.7699E-06 -4.0757E-11 -3.5698E-10 -3.2439E-10
  2.8042E-06 -4.1770E-11 -3.6586E-10 -3.3246E-10
  2.8387E-06 -4.2805E-11 -3.7492E-10 -3.4070E-10
  2.8735E-06 -4.3863E-11 -3.8419E-10 -3.4911E-10
  2.9087E-06 -4.4944E-11 -3.9365E-10 -3.5772E-10
  2.9442E-06 -4.6048E-11 -4.0332E-10 -3.6650E-10
  2.9801E-06 -4.7176E-11 -4.1320E-10 -3.7548E-10
  3.0162E-06 -4.8328E-11 -4.2330E-10 -3.8465E-10
  3.0528E-06 -4.9505E-11 -4.3360E-10 -3.9402E-10
  3.0896E-06 -5.0707E-11 -4.4414E-10 -4.0359E-10
  3.1268E-06 -5.1935E-11 -4.5489E-10 -4.1336E-10
  3.1643E-06 -5.3190E-11 -4.6588E-10 -4.2335E-10
  3.2022E-06 -5.4471E-11 -4.7710E-10 -4.3355E-10
  3.2405E-06 -5.5780E-11 -4.8857E-10 -4.4396E-10
  3.2791E-06 -5.7117E-11 -5.0027E-10 -4.5460E-10
  3.3180E-06 -5.8482E-11 -5.1223E-10 -4.6546E-10
  3.3573E-06 -5.9876E-11 -5.2444E-10 -4.7656E-10
  3.3970E-06 -6.1300E-11 -5.3691E-10 -4.8789E-10
  3.4371E-06 -6.2754E-11 -5.4965E-10 -4.9946E-10
  3.4775E-06 -6.4238E-11 -5.6265E-10 -5.1128E-10
  3.5183E-06 -6.5754E-11 -5.7593E-10 -5.2335E-10
  3.5595E-06 -6.7303E-11 -5.8949E-10 -5.3567E-10
  3.6010E-06 -6.8884E-11 -6.0334E-10 -5.4825E-10
  3.6430E-06 -7.0498E-11 -6.1748E-10 -5.6110E-10
  3.6853E-06 -7.2146E-11 -6.3191E-10 -5.7422E-10
  3.7280E-06 -7.3829E-11 -6.4665E-10 -5.8761E-10
  3.7712E-06 -7.5547E-11 -6.6170E-10 -6.0129E-10
  3.8147E-06 -7.7301E-11 -6.7706E-10 -6.1525E-10
  3.8586E-06 -7.9092E-11 -6.9275E-10 -6.2950E-10
  3.9030E-06 -8.0920E-11 -7.0876E-10 -6.4406E-10
  3.9477E-06 -8.2787E-11 -7.2511E-10 -6.5891E-10
  3.9929E-06 -8.4692E-11 -7.4180E-10 -6.7408E-10
  4.0385E-06 -8.6637E-11 -7.5884E-10 -6.8956E-10
  4.0845E-06 -8.8623E-11 -7.7623E-10 -7.0536E-10
  4.1310E-06 -9.0650E-11 -7.9398E-10 -7.2150E-10
  4.1779E-06 -9.2719E-11 -8.1210E-10 -7.3796E-10
  4.2252E-06 -9.4831E-11 -8.3060E-10 -7.5477E-10
  4.2729E-06 -9.6987E-11 -8.4948E-10 -7.7193E-10
  4.3211E-06 -9.9187E-11 -8.6876E-10 -7.8944E-10
  4.3698E-06 -1.0143E-10 -8.8843E-10 -8.0732E-10
  4.4189E-06 -1.0373E-10 -9.0850E-10 -8.2556E-10
  4.4684E-06 -1.0606E-10 -9.2899E-10 -8.4418E-10
  4.5184E-06 -1.0845E-10 -9.4991E-10 -8.6318E-10
  4.5689E-06 -1.1089E-10 -9.7125E-10 -8.8258E-10
  4.6199E-06 -1.1338E-10 -9.9303E-10 -9.0237E-10
  4.6713E-06 -1.1591E-10 -1.0153E-09 -9.2257E-10
  4.7232E-06 -1.1850E-10 -1.0379E-09 -9.4319E-10
  4.7756E-06 -1.2115E-10 -1.0611E-09 -9.6423E-10
  4.8285E-06 -1.2385E-10 -1.0847E-09 -9.8570E-10
  4.8818E-06 -1.2660E-10 -1.1088E-09 -1.0076E-09
  4.9357E-06 -1.2941E-10 -1.1334E-09 -1.0300E-09
  4.9900E-06 -1.3227E-10 -1.1585E-09 -1.0528E-09
  5.0449E-06 -1.3520E-10 -1.1842E-09 -1.0761E-09
  5.1003E-06 -1.3818E-10 -1.2103E-09 -1.0998E-09
  5.1562E-06 -1.4123E-10 -1.2370E-09 -1.1240E-09
  5.2126E-06 -1.4433E-10 -1.2642E-09 -1.1488E-09
  5.2695E-06 -1.4751E-10 -1.2920E-09 -1.1740E-09
  5.3270E-06 -1.5074E-10 -1.3203E-09 -1.1997E-09
  5.3850E-06 -1.5404E-10 -1.3492E-09 -1.2260E-09
  5.4435E-06 -1.5741E-10 -1.3787E-09 -1.2528E-09
  5.5026E-06 -1.6084E-10 -1.4088E-09 -1.2802E-09
  5.5623E-06 -1.6435E-10 -1.4395E-09 -1.3081E-09
  5.6224E-06 -1.6792E-10 -1.4708E-09 -1.3365E-09
  5.6832E-06 -1.7157E-10 -1.5028E-09 -1.3656E-09
  5.7445E-06 -1.7530E-10 -1.5354E-09 -1.3952E-09
  5.8064E-06 -1.7909E-10 -1.5686E-09 -1.4254E-09
  5.8689E-06 -1.8297E-10 -1.6025E-09 -1.4562E-09
  5.9319E-06 -1.8692E-10 -1.6372E-09 -1.4877E-09
  5.9955E-06 -1.9095E-10 -1.6725E-09 -1.5198E-09
  6.0597E-06 -1.9506E-10 -1.7085E-09 -1.5525E-09
  6.1246E-06 -1.9926E-10 -1.7452E-09 -1.5859E-09
  6.1900E-06 -2.0354E-10 -1.7827E-09 -1.6200E-09
  6.2560E-06 -2.0790E-10 -1.8209E-09 -1.6547E-09
  6.3227E-06 -2.1236E-10 -1.8599E-09 -1.6901E-09
  6.3899E-06 -2.1690E-10 -1.8997E-09 -1.7263E-09
  6.4578E-06 -2.2153E-10 -1.9403E-09 -1.7632E-09
  6.5263E-06 -2.2626E-10 -1.9817E-09 -1.8008E-09
  6.5955E-06 -2.3108E-10 -2.0239E-09 -1.8391E-09
  6.6653E-06 -2.3599E-10 -2.0670E-09 -1.8783E-09
  6.7357E-06 -2.4101E-10 -2.1109E-09 -1.9182E-09
  6.8068E-06 -2.4612E-10 -2.1557E-09 -1.9589E-09
  6.8786E-06 -2.5134E-10 -2.2014E-09 -2.0004E-09
  6.9510E-06 -2.5666E-10 -2.2480E-09 -2.0428E-09
  7.0241E-06 -2.6209E-10 -2.2955E-09 -2.0860E-09
  7.0979E-06 -2.6763E-10 -2.3440E-09 -2.1300E-09
  7.1724E-06 -2.7327E-10 -2.3935E-09 -2.1750E-09
  7.2476E-06 -2.7903E-10 -2.4439E-09 -2.2208E-09
  7.3234E-06 -2.8490E-10 -2.4953E-09 -2.2675E-09
  7.4000E-06 -2.9089E-10 -2.5478E-09 -2.3152E-09
  7.4773E-06 -2.9700E-10 -2.6013E-09 -2.3638E-09
  7.5553E-06 -3.0323E-10 -2.6558E-09 -2.4134E-09
  7.6340E-06 -3.0958E-10 -2.7115E-09 -2.4639E-09
  7.7135E-06 -3.1606E-10 -2.7682E-09 -2.5155E-09
  7.7937E-06 -3.2266E-10 -2.8261E-09 -2.5681E-09
  7.8746E-06 -3.2940E-10 -2.8851E-09 -2.6217E-09
  7.9563E-06 -3.3627E-10 -2.9452E-09 -2.6764E-09
  8.0388E-06 -3.4328E-10 -3.0066E-09 -2.7321E-09
  8.1220E-06 -3.5042E-10 -3.0692E-09 -2.7890E-09
  8.2060E-06 -3.5771E-10 -3.1330E-09 -2.8470E-09
  8.2908E-06 -3.6513E-10 -3.1981E-09 -2.9061E-09
  8.3763E-06 -3.7271E-10 -3.2644E-09 -2.9664E-09
  8.4627E-06 -3.8044E-10 -3.3321E-09 -3.0279E-09
  8.5499E-06 -3.8831E-10 -3.4011E-09 -3.0906E-09
  8.6378E-06 -3.9635E-10 -3.4714E-09 -3.1545E-09
  8.7266E-06 -4.0454E-10 -3.5432E-09 -3.2197E-09
  8.8163E-06 -4.1289E-10 -3.6163E-09 -3.2861E-09
  8.9067E-06 -4.2140E-10 -3.6909E-09 -3.3539E-09
  8.9980E-06 -4.3009E-10 -3.7669E-09 -3.4230E-09
  9.0902E-06 -4.3894E-10 -3.8445E-09 -3.4935E-09
  9.1832E-06 -4.4797E-10 -3.9235E-09 -3.5653E-09
  9.2770E-06 -4.5717E-10 -4.0042E-09 -3.6386E-09
  9.3718E-06 -4.6656E-10 -4.0864E-09 -3.7133E-09
  9.4674E-06 -4.7613E-10 -4.1702E-09 -3.7895E-09
  9.5639E-06 -4.8589E-10 -4.2556E-09 -3.8671E-09
  9.6613E-06 -4.9583E-10 -4.3428E-09 -3.9463E-09
  9.7596E-06 -5.0598E-10 -4.4316E-09 -4.0270E-09
  9.8589E-06 -5.1632E-10 -4.5222E-09 -4.1093E-09
  9.9590E-06 -5.2686E-10 -4.6145E-09 -4.1932E-09
  1.0060E-05 -5.3761E-10 -4.7087E-09 -4.2788E-09
  1.0162E-05 -5.4857E-10 -4.8046E-09 -4.3660E-09
  1.0265E-05 -5.5974E-10 -4.9025E-09 -4.4549E-09
  1.0369E-05 -5.7114E-10 -5.0023E-09 -4.5456E-09
  1.0474E-05 -5.8275E-10 -5.1040E-09 -4.6380E-09
  1.0580E-05 -5.9459E-10 -5.2077E-09 -4.7323E-09
  1.0687E-05 -6.0666E-10 -5.3134E-09 -4.8283E-09
  1.0795E-05 -6.1897E-10 -5.4212E-09 -4.9263E-09
  1.0903E-05 -6.3152E-10 -5.5311E-09 -5.0261E-09
  1.1013E-05 -6.4431E-10 -5.6431E-09 -5.1279E-09
  1.1124E-05 -6.5735E-10 -5.7573E-09 -5.2317E-09
  1.1236E-05 -6.7064E-10 -5.8738E-09 -5.3375E-09
  1.1349E-05 -6.8419E-10 -5.9924E-09 -5.4454E-09
  1.1463E-05 -6.9801E-10 -6.1134E-09 -5.5553E-09
  1.1578E-05 -7.1209E-10 -6.2368E-09 -5.6674E-09
  1.1694E-05 -7.2645E-10 -6.3626E-09 -5.7817E-09
  1.1811E-05 -7.4109E-10 -6.4907E-09 -5.8982E-09
  1.1930E-05 -7.5601E-10 -6.6214E-09 -6.0169E-09
  1.2049E-05 -7.7122E-10 -6.7546E-09 -6.1380E-09
  1.2170E-05 -7.8673E-10 -6.8904E-09 -6.2614E-09
  1.2291E-05 -8.0253E-10 -7.0289E-09 -6.3872E-09
  1.2414E-05 -8.1865E-10 -7.1700E-09 -6.5154E-09
  1.2538E-05 -8.3507E-10 -7.3138E-09 -6.6461E-09
  1.2663E-05 -8.5181E-10 -7.4605E-09 -6.7794E-09
  1.2789E-05 -8.6888E-10 -7.6100E-09 -6.9152E-09
  1.2917E-05 -8.8628E-10 -7.7623E-09 -7.0537E-09
  1.3045E-05 -9.0401E-10 -7.9177E-09 -7.1948E-09
  1.3175E-05 -9.2209E-10 -8.0760E-09 -7.3387E-09
  1.3306E-05 -9.4052E-10 -8.2374E-09 -7.4853E-09
  1.3438E-05 -9.5930E-10 -8.4019E-09 -7.6348E-09
  1.3572E-05 -9.7845E-10 -8.5696E-09 -7.7872E-09
  1.3706E-05 -9.9797E-10 -8.7405E-09 -7.9425E-09
  1.3842E-05 -1.0179E-09 -8.9147E-09 -8.1008E-09
  1.3980E-05 -1.0381E-09 -9.0923E-09 -8.2622E-09
  1.4118E-05 -1.0588E-09 -9.2733E-09 -8.4267E-09
  1.4258E-05 -1.0799E-09 -9.4578E-09 -8.5944E-09
  1.4399E-05 -1.1013E-09 -9.6459E-09 -8.7653E-09
  1.4541E-05 -1.1232E-09 -9.8376E-09 -8.9395E-09
  1.4685E-05 -1.1455E-09 -1.0033E-08 -9.1170E-09
  1.4830E-05 -1.1683E-09 -1.0232E-08 -9.2980E-09
  1.4976E-05 -1.1915E-09 -1.0435E-08 -9.4825E-09
  1.5124E-05 -1.2151E-09 -1.0642E-08 -9.6705E-09
  1.5273E-05 -1.2392E-09 -1.0853E-08 -9.8621E-09
  1.5424E-05 -1.2637E-09 -1.1068E-08 -1.0057E-08
  1.5576E-05 -1.2887E-09 -1.1287E-08 -1.0257E-08
  1.5729E-05 -1.3142E-09 -1.1510E-08 -1.0459E-08
  1.5884E-05 -1.3402E-09 -1.1738E-08 -1.0666E-08
  1.6040E-05 -1.3667E-09 -1.1970E-08 -1.0877E-08
  1.6198E-05 -1.3937E-09 -1.2206E-08 -1.1092E-08
  1.6357E-05 -1.4212E-09 -1.2447E-08 -1.1311E-08
  1.6517E-05 -1.4493E-09 -1.2693E-08 -1.1534E-08
  1.6679E-05 -1.4778E-09 -1.2943E-08 -1.1762E-08
  1.6843E-05 -1.5070E-09 -1.3198E-08 -1.1993E-08
  1.7008E-05 -1.5367E-09 -1.3458E-08 -1.2230E-08
  1.7175E-05 -1.5669E-09 -1.3723E-08 -1.2470E-08
  1.7343E-05 -1.5978E-09 -1.3993E-08 -1.2716E-08
  1.7513E-05 -1.6292E-09 -1.4269E-08 -1.2966E-08
  1.7684E-05 -1.6612E-09 -1.4549E-08 -1.3221E-08
  1.7857E-05 -1.6939E-09 -1.4835E-08 -1.3481E-08
  1.8032E-05 -1.7272E-09 -1.5127E-08 -1.3746E-08
  1.8208E-05 -1.7611E-09 -1.5424E-08 -1.4015E-08
  1.8386E-05 -1.7956E-09 -1.5726E-08 -1.4291E-08
  1.8565E-05 -1.8309E-09 -1.6035E-08 -1.4571E-08
  1.8746E-05 -1.8668E-09 -1.6349E-08 -1.4857E-08
  1.8929E-05 -1.9033E-09 -1.6670E-08 -1.5148E-08
  1.9113E-05 -1.9406E-09 -1.6996E-08 -1.5444E-08
  1.9300E-05 -1.9786E-09 -1.7329E-08 -1.5747E-08
  1.9488E-05 -2.0174E-09 -1.7668E-08 -1.6055E-08
  1.9677E-05 -2.0568E-09 -1.8014E-08 -1.6369E-08
  1.9869E-05 -2.0971E-09 -1.8366E-08 -1.6689E-08
  2.0062E-05 -2.1380E-09 -1.8725E-08 -1.7015E-08
  2.0257E-05 -2.1798E-09 -1.9091E-08 -1.7348E-08
  2.0454E-05 -2.2224E-09 -1.9464E-08 -1.7687E-08
  2.0653E-05 -2.2658E-09 -1.9844E-08 -1.8032E-08
  2.0853E-05 -2.3100E-09 -2.0231E-08 -1.8384E-08
  2.1056E-05 -2.3551E-09 -2.0625E-08 -1.8742E-08
  2.1260E-05 -2.4010E-09 -2.1028E-08 -1.9108E-08
  2.1466E-05 -2.4478E-09 -2.1437E-08 -1.9480E-08
  2.1674E-05 -2.4955E-09 -2.1855E-08 -1.9860E-08
  2.1884E-05 -2.5441E-09 -2.2281E-08 -2.0247E-08
  2.2096E-05 -2.5936E-09 -2.2715E-08 -2.0641E-08
  2.2310E-05 -2.6441E-09 -2.3157E-08 -2.1042E-08
  2.2526E-05 -2.6955E-09 -2.3607E-08 -2.1452E-08
  2.2744E-05 -2.7479E-09 -2.4066E-08 -2.1869E-08
  2.2964E-05 -2.8014E-09 -2.4534E-08 -2.2294E-08
  2.3186E-05 -2.8558E-09 -2.5011E-08 -2.2727E-08
  2.3410E-05 -2.9113E-09 -2.5496E-08 -2.3169E-08
  2.3637E-05 -2.9678E-09 -2.5991E-08 -2.3618E-08
  2.3865E-05 -3.0254E-09 -2.6496E-08 -2.4077E-08
  2.4095E-05 -3.0841E-09 -2.7010E-08 -2.4544E-08
  2.4328E-05 -3.1439E-09 -2.7534E-08 -2.5020E-08
  2.4563E-05 -3.2049E-09 -2.8068E-08 -2.5505E-08
  2.4800E-05 -3.2670E-09 -2.8612E-08 -2.6000E-08
  2.5039E-05 -3.3303E-09 -2.9166E-08 -2.6503E-08
  2.5280E-05 -3.3948E-09 -2.9731E-08 -2.7017E-08
  2.5524E-05 -3.4606E-09 -3.0307E-08 -2.7540E-08
  2.5769E-05 -3.5275E-09 -3.0893E-08 -2.8073E-08
  2.6018E-05 -3.5958E-09 -3.1491E-08 -2.8616E-08
  2.6268E-05 -3.6654E-09 -3.2100E-08 -2.9170E-08
  2.6521E-05 -3.7362E-09 -3.2721E-08 -2.9734E-08
  2.6776E-05 -3.8085E-09 -3.3353E-08 -3.0308E-08
  2.7033E-05 -3.8821E-09 -3.3998E-08 -3.0894E-08
  2.7293E-05 -3.9571E-09 -3.4655E-08 -3.1491E-08
  2.7556E-05 -4.0335E-09 -3.5324E-08 -3.2099E-08
  2.7820E-05 -4.1114E-09 -3.6006E-08 -3.2719E-08
  2.8088E-05 -4.1907E-09 -3.6701E-08 -3.3350E-08
  2.8357E-05 -4.2716E-09 -3.7409E-08 -3.3994E-08
  2.8629E-05 -4.3540E-09 -3.8131E-08 -3.4649E-08
  2.8904E-05 -4.4380E-09 -3.8866E-08 -3.5318E-08
  2.9181E-05 -4.5235E-09 -3.9615E-08 -3.5998E-08
  2.9461E-05 -4.6107E-09 -4.0379E-08 -3.6692E-08
  2.9744E-05 -4.6996E-09 -4.1156E-08 -3.7399E-08
  3.0029E-05 -4.7901E-09 -4.1949E-08 -3.8119E-08
  3.0317E-05 -4.8823E-09 -4.2757E-08 -3.8853E-08
  3.0607E-05 -4.9763E-09 -4.3580E-08 -3.9601E-08
  3.0900E-05 -5.0721E-09 -4.4419E-08 -4.0363E-08
  3.1196E-05 -5.1697E-09 -4.5273E-08 -4.1140E-08
  3.1495E-05 -5.2691E-09 -4.6144E-08 -4.1931E-08
  3.1796E-05 -5.3705E-09 -4.7031E-08 -4.2738E-08
  3.2100E-05 -5.4737E-09 -4.7935E-08 -4.3559E-08
  3.2407E-05 -5.5789E-09 -4.8857E-08 -4.4396E-08
  3.2717E-05 -5.6861E-09 -4.9795E-08 -4.5249E-08
  3.3030E-05 -5.7953E-09 -5.0752E-08 -4.6119E-08
  3.3346E-05 -5.9066E-09 -5.1726E-08 -4.7004E-08
  3.3664E-05 -6.0201E-09 -5.2720E-08 -4.7907E-08
  3.3986E-05 -6.1356E-09 -5.3731E-08 -4.8826E-08
  3.4310E-05 -6.2534E-09 -5.4762E-08 -4.9763E-08
  3.4638E-05 -6.3733E-09 -5.5813E-08 -5.0718E-08
  3.4969E-05 -6.4956E-09 -5.6884E-08 -5.1690E-08
  3.5302E-05 -6.6201E-09 -5.7974E-08 -5.2682E-08
  3.5639E-05 -6.7471E-09 -5.9086E-08 -5.3691E-08
  3.5979E-05 -6.8764E-09 -6.0218E-08 -5.4721E-08
  3.6322E-05 -7.0082E-09 -6.1372E-08 -5.5769E-08
  3.6668E-05 -7.1424E-09 -6.2548E-08 -5.6837E-08
  3.7018E-05 -7.2792E-09 -6.3745E-08 -5.7926E-08
  3.7371E-05 -7.4186E-09 -6.4966E-08 -5.9035E-08
  3.7727E-05 -7.5607E-09 -6.6210E-08 -6.0165E-08
  3.8086E-05 -7.7054E-09 -6.7477E-08 -6.1317E-08
  3.8449E-05 -7.8528E-09 -6.8768E-08 -6.2490E-08
  3.8815E-05 -8.0031E-09 -7.0084E-08 -6.3685E-08
  3.9184E-05 -8.1562E-09 -7.1424E-08 -6.4903E-08
  3.9557E-05 -8.3121E-09 -7.2790E-08 -6.6145E-08
  3.9934E-05 -8.4711E-09 -7.4181E-08 -6.7409E-08
  4.0313E-05 -8.6330E-09 -7.5599E-08 -6.8698E-08
  4.0697E-05 -8.7980E-09 -7.7044E-08 -7.0010E-08
  4.1084E-05 -8.9661E-09 -7.8516E-08 -7.1348E-08
  4.1474E-05 -9.1374E-09 -8.0016E-08 -7.2711E-08
  4.1869E-05 -9.3119E-09 -8.1544E-08 -7.4099E-08
  4.2266E-05 -9.4897E-09 -8.3101E-08 -7.5514E-08
  4.2668E-05 -9.6709E-09 -8.4687E-08 -7.6956E-08
  4.3073E-05 -9.8555E-09 -8.6304E-08 -7.8425E-08
  4.3482E-05 -1.0044E-08 -8.7950E-08 -7.9921E-08
  4.3895E-05 -1.0235E-08 -8.9628E-08 -8.1446E-08
  4.4312E-05 -1.0431E-08 -9.1338E-08 -8.3000E-08
  4.4733E-05 -1.0629E-08 -9.3080E-08 -8.4582E-08
  4.5157E-05 -1.0832E-08 -9.4855E-08 -8.6195E-08
  4.5586E-05 -1.1039E-08 -9.6663E-08 -8.7838E-08
  4.6018E-05 -1.1249E-08 -9.8506E-08 -8.9513E-08
  4.6455E-05 -1.1464E-08 -1.0038E-07 -9.1219E-08
  4.6895E-05 -1.1682E-08 -1.0230E-07 -9.2957E-08
  4.7340E-05 -1.1905E-08 -1.0424E-07 -9.4727E-08
  4.7788E-05 -1.2131E-08 -1.0623E-07 -9.6532E-08
  4.8241E-05 -1.2362E-08 -1.0825E-07 -9.8370E-08
  4.8698E-05 -1.2598E-08 -1.1031E-07 -1.0024E-07
  4.9160E-05 -1.2838E-08 -1.1241E-07 -1.0215E-07
  4.9626E-05 -1.3082E-08 -1.1455E-07 -1.0410E-07
  5.0096E-05 -1.3331E-08 -1.1673E-07 -1.0608E-07
  5.0570E-05 -1.3585E-08 -1.1895E-07 -1.0809E-07
  5.1049E-05 -1.3843E-08 -1.2122E-07 -1.1015E-07
  5.1532E-05 -1.4106E-08 -1.2352E-07 -1.1225E-07
  5.2020E-05 -1.4375E-08 -1.2587E-07 -1.1438E-07
  5.2512E-05 -1.4648E-08 -1.2826E-07 -1.1656E-07
  5.3009E-05 -1.4927E-08 -1.3070E-07 -1.1877E-07
  5.3510E-05 -1.5210E-08 -1.3319E-07 -1.2103E-07
  5.4017E-05 -1.5500E-08 -1.3572E-07 -1.2333E-07
  5.4527E-05 -1.5794E-08 -1.3830E-07 -1.2567E-07
  5.5043E-05 -1.6094E-08 -1.4093E-07 -1.2806E-07
  5.5564E-05 -1.6400E-08 -1.4360E-07 -1.3049E-07
  5.6089E-05 -1.6711E-08 -1.4633E-07 -1.3297E-07
  5.6619E-05 -1.7029E-08 -1.4911E-07 -1.3550E-07
  5.7154E-05 -1.7352E-08 -1.5194E-07 -1.3807E-07
  5.7694E-05 -1.7682E-08 -1.5482E-07 -1.4069E-07
  5.8239E-05 -1.8017E-08 -1.5776E-07 -1.4336E-07
  5.8789E-05 -1.8359E-08 -1.6076E-07 -1.4608E-07
  5.9344E-05 -1.8708E-08 -1.6381E-07 -1.4885E-07
  5.9905E-05 -1.9063E-08 -1.6692E-07 -1.5168E-07
  6.0471E-05 -1.9425E-08 -1.7008E-07 -1.5455E-07
  6.1041E-05 -1.9793E-08 -1.7331E-07 -1.5749E-07
  6.1618E-05 -2.0168E-08 -1.7659E-07 -1.6047E-07
  6.2199E-05 -2.0551E-08 -1.7994E-07 -1.6352E-07
  6.2786E-05 -2.0941E-08 -1.8335E-07 -1.6662E-07
  6.3379E-05 -2.1338E-08 -1.8683E-07 -1.6977E-07
  6.3977E-05 -2.1742E-08 -1.9037E-07 -1.7299E-07
  6.4580E-05 -2.2154E-08 -1.9398E-07 -1.7627E-07
  6.5189E-05 -2.2574E-08 -1.9766E-07 -1.7961E-07
  6.5804E-05 -2.3002E-08 -2.0140E-07 -1.8301E-07
  6.6424E-05 -2.3438E-08 -2.0522E-07 -1.8648E-07
  6.7051E-05 -2.3882E-08 -2.0910E-07 -1.9001E-07
  6.7683E-05 -2.4334E-08 -2.1306E-07 -1.9361E-07
  6.8321E-05 -2.4795E-08 -2.1710E-07 -1.9728E-07
  6.8965E-05 -2.5265E-08 -2.2121E-07 -2.0101E-07
  6.9615E-05 -2.5743E-08 -2.2540E-07 -2.0482E-07
  7.0270E-05 -2.6231E-08 -2.2966E-07 -2.0870E-07
  7.0933E-05 -2.6727E-08 -2.3401E-07 -2.1265E-07
  7.1601E-05 -2.7233E-08 -2.3844E-07 -2.1667E-07
  7.2275E-05 -2.7749E-08 -2.4295E-07 -2.2077E-07
  7.2956E-05 -2.8274E-08 -2.4755E-07 -2.2495E-07
  7.3643E-05 -2.8809E-08 -2.5223E-07 -2.2920E-07
  7.4336E-05 -2.9354E-08 -2.5700E-07 -2.3354E-07
  7.5036E-05 -2.9909E-08 -2.6186E-07 -2.3796E-07
  7.5742E-05 -3.0475E-08 -2.6682E-07 -2.4246E-07
  7.6455E-05 -3.1051E-08 -2.7186E-07 -2.4704E-07
  7.7175E-05 -3.1639E-08 -2.7700E-07 -2.5171E-07
  7.7901E-05 -3.2237E-08 -2.8224E-07 -2.5647E-07
  7.8634E-05 -3.2846E-08 -2.8757E-07 -2.6132E-07
  7.9374E-05 -3.3467E-08 -2.9301E-07 -2.6626E-07
  8.0121E-05 -3.4100E-08 -2.9855E-07 -2.7129E-07
  8.0874E-05 -3.4744E-08 -3.0419E-07 -2.7642E-07
  8.1635E-05 -3.5401E-08 -3.0994E-07 -2.8164E-07
  8.2403E-05 -3.6070E-08 -3.1579E-07 -2.8696E-07
  8.3178E-05 -3.6752E-08 -3.2176E-07 -2.9238E-07
  8.3960E-05 -3.7446E-08 -3.2783E-07 -2.9791E-07
  8.4749E-05 -3.8153E-08 -3.3403E-07 -3.0353E-07
  8.5546E-05 -3.8874E-08 -3.4034E-07 -3.0927E-07
  8.6350E-05 -3.9608E-08 -3.4676E-07 -3.1511E-07
  8.7162E-05 -4.0356E-08 -3.5331E-07 -3.2106E-07
  8.7981E-05 -4.1119E-08 -3.5998E-07 -3.2712E-07
  8.8807E-05 -4.1895E-08 -3.6678E-07 -3.3329E-07
  8.9642E-05 -4.2686E-08 -3.7370E-07 -3.3958E-07
  9.0484E-05 -4.3492E-08 -3.8075E-07 -3.4599E-07
  9.1334E-05 -4.4313E-08 -3.8794E-07 -3.5252E-07
  9.2192E-05 -4.5149E-08 -3.9526E-07 -3.5918E-07
  9.3058E-05 -4.6001E-08 -4.0272E-07 -3.6595E-07
  9.3932E-05 -4.6870E-08 -4.1031E-07 -3.7286E-07
  9.4814E-05 -4.7754E-08 -4.1805E-07 -3.7989E-07
  9.5705E-05 -4.8655E-08 -4.2594E-07 -3.8706E-07
  9.6603E-05 -4.9573E-08 -4.3397E-07 -3.9436E-07
  9.7510E-05 -5.0508E-08 -4.4216E-07 -4.0180E-07
  9.8425E-05 -5.1461E-08 -4.5050E-07 -4.0937E-07
  9.9349E-05 -5.2432E-08 -4.5899E-07 -4.1709E-07
  1.0028E-04 -5.3421E-08 -4.6765E-07 -4.2496E-07
  1.0122E-04 -5.4428E-08 -4.7646E-07 -4.3297E-07
  1.0217E-04 -5.5454E-08 -4.8545E-07 -4.4113E-07
  1.0313E-04 -5.6500E-08 -4.9460E-07 -4.4945E-07
  1.0410E-04 -5.7565E-08 -5.0392E-07 -4.5792E-07
  1.0508E-04 -5.8650E-08 -5.1342E-07 -4.6655E-07
  1.0606E-04 -5.9756E-08 -5.2309E-07 -4.7534E-07
  1.0706E-04 -6.0882E-08 -5.3295E-07 -4.8430E-07
  1.0806E-04 -6.2030E-08 -5.4299E-07 -4.9342E-07
  1.0907E-04 -6.3199E-08 -5.5322E-07 -5.0272E-07
  1.1010E-04 -6.4390E-08 -5.6364E-07 -5.1219E-07
  1.1113E-04 -6.5603E-08 -5.7426E-07 -5.2184E-07
  1.1217E-04 -6.6839E-08 -5.8508E-07 -5.3167E-07
  1.1322E-04 -6.8099E-08 -5.9610E-07 -5.4168E-07
  1.1429E-04 -6.9382E-08 -6.0732E-07 -5.5188E-07
  1.1536E-04 -7.0689E-08 -6.1876E-07 -5.6228E-07
  1.1644E-04 -7.2020E-08 -6.3041E-07 -5.7286E-07
  1.1753E-04 -7.3377E-08 -6.4228E-07 -5.8365E-07
  1.1863E-04 -7.4759E-08 -6.5437E-07 -5.9464E-07
  1.1974E-04 -7.6166E-08 -6.6669E-07 -6.0583E-07
  1.2087E-04 -7.7601E-08 -6.7924E-07 -6.1724E-07
  1.2200E-04 -7.9062E-08 -6.9203E-07 -6.2886E-07
  1.2314E-04 -8.0551E-08 -7.0505E-07 -6.4069E-07
  1.2429E-04 -8.2067E-08 -7.1832E-07 -6.5275E-07
  1.2546E-04 -8.3612E-08 -7.3184E-07 -6.6504E-07
  1.2663E-04 -8.5186E-08 -7.4561E-07 -6.7755E-07
  1.2782E-04 -8.6790E-08 -7.5964E-07 -6.9030E-07
  1.2902E-04 -8.8423E-08 -7.7394E-07 -7.0329E-07
  1.3023E-04 -9.0087E-08 -7.8850E-07 -7.1652E-07
  1.3145E-04 -9.1783E-08 -8.0333E-07 -7.3000E-07
  1.3268E-04 -9.3510E-08 -8.1844E-07 -7.4373E-07
  1.3392E-04 -9.5269E-08 -8.3384E-07 -7.5772E-07
  1.3517E-04 -9.7062E-08 -8.4952E-07 -7.7197E-07
  1.3644E-04 -9.8888E-08 -8.6550E-07 -7.8649E-07
  1.3772E-04 -1.0075E-07 -8.8178E-07 -8.0128E-07
  1.3901E-04 -1.0264E-07 -8.9836E-07 -8.1635E-07
  1.4031E-04 -1.0457E-07 -9.1525E-07 -8.3170E-07
  1.4162E-04 -1.0654E-07 -9.3246E-07 -8.4734E-07
  1.4295E-04 -1.0855E-07 -9.4999E-07 -8.6327E-07
  1.4428E-04 -1.1059E-07 -9.6785E-07 -8.7950E-07
  1.4564E-04 -1.1267E-07 -9.8605E-07 -8.9603E-07
  1.4700E-04 -1.1479E-07 -1.0046E-06 -9.1288E-07
  1.4837E-04 -1.1694E-07 -1.0235E-06 -9.3004E-07
  1.4976E-04 -1.1914E-07 -1.0427E-06 -9.4752E-07
  1.5116E-04 -1.2138E-07 -1.0623E-06 -9.6533E-07
  1.5258E-04 -1.2367E-07 -1.0823E-06 -9.8347E-07
  1.5401E-04 -1.2599E-07 -1.1026E-06 -1.0020E-06
  1.5545E-04 -1.2836E-07 -1.1233E-06 -1.0208E-06
  1.5690E-04 -1.3077E-07 -1.1444E-06 -1.0400E-06
  1.5837E-04 -1.3323E-07 -1.1659E-06 -1.0595E-06
  1.5985E-04 -1.3573E-07 -1.1878E-06 -1.0794E-06
  1.6135E-04 -1.3829E-07 -1.2101E-06 -1.0997E-06
  1.6285E-04 -1.4088E-07 -1.2329E-06 -1.1203E-06
  1.6438E-04 -1.4353E-07 -1.2560E-06 -1.1414E-06
  1.6592E-04 -1.4623E-07 -1.2796E-06 -1.1628E-06
  1.6747E-04 -1.4898E-07 -1.3037E-06 -1.1847E-06
  1.6903E-04 -1.5178E-07 -1.3282E-06 -1.2069E-06
  1.7061E-04 -1.5463E-07 -1.3531E-06 -1.2296E-06
  1.7221E-04 -1.5753E-07 -1.3785E-06 -1.2527E-06
  1.7382E-04 -1.6049E-07 -1.4044E-06 -1.2762E-06
  1.7544E-04 -1.6351E-07 -1.4308E-06 -1.3002E-06
  1.7708E-04 -1.6658E-07 -1.4576E-06 -1.3246E-06
  1.7874E-04 -1.6971E-07 -1.4850E-06 -1.3494E-06
  1.8041E-04 -1.7290E-07 -1.5129E-06 -1.3748E-06
  1.8210E-04 -1.7615E-07 -1.5413E-06 -1.4006E-06
  1.8380E-04 -1.7945E-07 -1.5702E-06 -1.4269E-06
  1.8552E-04 -1.8282E-07 -1.5997E-06 -1.4537E-06
  1.8725E-04 -1.8626E-07 -1.6297E-06 -1.4810E-06
  1.8900E-04 -1.8976E-07 -1.6603E-06 -1.5088E-06
  1.9077E-04 -1.9332E-07 -1.6915E-06 -1.5371E-06
  1.9255E-04 -1.9695E-07 -1.7232E-06 -1.5659E-06
  1.9435E-04 -2.0065E-07 -1.7556E-06 -1.5953E-06
  1.9617E-04 -2.0441E-07 -1.7885E-06 -1.6252E-06
  1.9800E-04 -2.0825E-07 -1.8221E-06 -1.6557E-06
  1.9985E-04 -2.1216E-07 -1.8562E-06 -1.6868E-06
  2.0172E-04 -2.1615E-07 -1.8911E-06 -1.7185E-06
  2.0360E-04 -2.2020E-07 -1.9266E-06 -1.7507E-06
  2.0550E-04 -2.2434E-07 -1.9627E-06 -1.7835E-06
  2.0742E-04 -2.2855E-07 -1.9995E-06 -1.8170E-06
  2.0936E-04 -2.3284E-07 -2.0370E-06 -1.8511E-06
  2.1132E-04 -2.3721E-07 -2.0752E-06 -1.8858E-06
  2.1329E-04 -2.4166E-07 -2.1142E-06 -1.9212E-06
  2.1528E-04 -2.4620E-07 -2.1538E-06 -1.9572E-06
  2.1729E-04 -2.5082E-07 -2.1942E-06 -1.9939E-06
  2.1932E-04 -2.5552E-07 -2.2354E-06 -2.0313E-06
  2.2137E-04 -2.6032E-07 -2.2773E-06 -2.0694E-06
  2.2344E-04 -2.6520E-07 -2.3200E-06 -2.1082E-06
  2.2553E-04 -2.7018E-07 -2.3635E-06 -2.1478E-06
  2.2763E-04 -2.7525E-07 -2.4078E-06 -2.1881E-06
  2.2976E-04 -2.8041E-07 -2.4530E-06 -2.2291E-06
  2.3190E-04 -2.8568E-07 -2.4990E-06 -2.2709E-06
  2.3407E-04 -2.9104E-07 -2.5458E-06 -2.3135E-06
  2.3625E-04 -2.9650E-07 -2.5936E-06 -2.3568E-06
  2.3846E-04 -3.0206E-07 -2.6422E-06 -2.4010E-06
  2.4069E-04 -3.0773E-07 -2.6917E-06 -2.4460E-06
  2.4293E-04 -3.1350E-07 -2.7422E-06 -2.4919E-06
  2.4520E-04 -3.1938E-07 -2.7936E-06 -2.5386E-06
  2.4749E-04 -3.2537E-07 -2.8460E-06 -2.5862E-06
  2.4980E-04 -3.3147E-07 -2.8993E-06 -2.6347E-06
  2.5213E-04 -3.3769E-07 -2.9537E-06 -2.6841E-06
  2.5449E-04 -3.4402E-07 -3.0090E-06 -2.7344E-06
  2.5686E-04 -3.5048E-07 -3.0654E-06 -2.7856E-06
  2.5926E-04 -3.5705E-07 -3.1229E-06 -2.8378E-06
  2.6168E-04 -3.6375E-07 -3.1814E-06 -2.8910E-06
  2.6412E-04 -3.7057E-07 -3.2410E-06 -2.9452E-06
  2.6659E-04 -3.7752E-07 -3.3017E-06 -3.0004E-06
  2.6907E-04 -3.8460E-07 -3.3636E-06 -3.0566E-06
  2.7158E-04 -3.9181E-07 -3.4266E-06 -3.1139E-06
  2.7412E-04 -3.9915E-07 -3.4908E-06 -3.1722E-06
  2.7668E-04 -4.0664E-07 -3.5562E-06 -3.2316E-06
  2.7926E-04 -4.1426E-07 -3.6229E-06 -3.2922E-06
  2.8186E-04 -4.2203E-07 -3.6907E-06 -3.3539E-06
  2.8449E-04 -4.2994E-07 -3.7599E-06 -3.4167E-06
  2.8715E-04 -4.3800E-07 -3.8303E-06 -3.4807E-06
  2.8983E-04 -4.4622E-07 -3.9021E-06 -3.5459E-06
  2.9253E-04 -4.5458E-07 -3.9752E-06 -3.6123E-06
  2.9526E-04 -4.6310E-07 -4.0496E-06 -3.6800E-06
  2.9802E-04 -4.7178E-07 -4.1255E-06 -3.7489E-06
  3.0080E-04 -4.8063E-07 -4.2027E-06 -3.8192E-06
  3.0360E-04 -4.8964E-07 -4.2815E-06 -3.8907E-06
  3.0644E-04 -4.9882E-07 -4.3616E-06 -3.9635E-06
  3.0929E-04 -5.0817E-07 -4.4433E-06 -4.0378E-06
  3.1218E-04 -5.1769E-07 -4.5265E-06 -4.1134E-06
  3.1509E-04 -5.2739E-07 -4.6113E-06 -4.1904E-06
  3.1803E-04 -5.3728E-07 -4.6977E-06 -4.2689E-06
  3.2100E-04 -5.4735E-07 -4.7856E-06 -4.3488E-06
  3.2399E-04 -5.5761E-07 -4.8752E-06 -4.4303E-06
  3.2701E-04 -5.6806E-07 -4.9665E-06 -4.5132E-06
  3.3006E-04 -5.7870E-07 -5.0595E-06 -4.5977E-06
  3.3314E-04 -5.8955E-07 -5.1542E-06 -4.6838E-06
  3.3625E-04 -6.0060E-07 -5.2507E-06 -4.7715E-06
  3.3938E-04 -6.1185E-07 -5.3490E-06 -4.8608E-06
  3.4255E-04 -6.2332E-07 -5.4492E-06 -4.9518E-06
  3.4574E-04 -6.3500E-07 -5.5512E-06 -5.0445E-06
  3.4897E-04 -6.4689E-07 -5.6551E-06 -5.1390E-06
  3.5222E-04 -6.5902E-07 -5.7610E-06 -5.2352E-06
  3.5551E-04 -6.7136E-07 -5.8688E-06 -5.3332E-06
  3.5882E-04 -6.8394E-07 -5.9786E-06 -5.4330E-06
  3.6217E-04 -6.9676E-07 -6.0905E-06 -5.5347E-06
  3.6554E-04 -7.0981E-07 -6.2045E-06 -5.6383E-06
  3.6895E-04 -7.2311E-07 -6.3207E-06 -5.7438E-06
  3.7239E-04 -7.3666E-07 -6.4389E-06 -5.8513E-06
  3.7586E-04 -7.5046E-07 -6.5594E-06 -5.9608E-06
  3.7937E-04 -7.6452E-07 -6.6822E-06 -6.0723E-06
  3.8291E-04 -7.7884E-07 -6.8072E-06 -6.1860E-06
  3.8648E-04 -7.9343E-07 -6.9346E-06 -6.3017E-06
  3.9008E-04 -8.0829E-07 -7.0644E-06 -6.4197E-06
  3.9372E-04 -8.2343E-07 -7.1966E-06 -6.5398E-06
  3.9739E-04 -8.3886E-07 -7.3312E-06 -6.6621E-06
  4.0109E-04 -8.5457E-07 -7.4684E-06 -6.7868E-06
  4.0483E-04 -8.7058E-07 -7.6081E-06 -6.9138E-06
  4.0860E-04 -8.8688E-07 -7.7505E-06 -7.0431E-06
  4.1241E-04 -9.0350E-07 -7.8955E-06 -7.1749E-06
  4.1626E-04 -9.2042E-07 -8.0432E-06 -7.3091E-06
  4.2014E-04 -9.3766E-07 -8.1937E-06 -7.4459E-06
  4.2405E-04 -9.5522E-07 -8.3469E-06 -7.5852E-06
  4.2801E-04 -9.7311E-07 -8.5031E-06 -7.7271E-06
  4.3199E-04 -9.9133E-07 -8.6621E-06 -7.8716E-06
  4.3602E-04 -1.0099E-06 -8.8241E-06 -8.0188E-06
  4.4008E-04 -1.0288E-06 -8.9892E-06 -8.1688E-06
  4.4419E-04 -1.0481E-06 -9.1573E-06 -8.3216E-06
  4.4833E-04 -1.0677E-06 -9.3286E-06 -8.4773E-06
  4.5250E-04 -1.0877E-06 -9.5031E-06 -8.6358E-06
  4.5672E-04 -1.1081E-06 -9.6808E-06 -8.7973E-06
  4.6098E-04 -1.1288E-06 -9.8619E-06 -8.9619E-06
  4.6527E-04 -1.1500E-06 -1.0046E-05 -9.1295E-06
  4.6961E-04 -1.1715E-06 -1.0234E-05 -9.3002E-06
  4.7399E-04 -1.1934E-06 -1.0426E-05 -9.4741E-06
  4.7840E-04 -1.2158E-06 -1.0620E-05 -9.6513E-06
  4.8286E-04 -1.2385E-06 -1.0819E-05 -9.8317E-06
  4.8736E-04 -1.2617E-06 -1.1021E-05 -1.0016E-05
  4.9190E-04 -1.2853E-06 -1.1227E-05 -1.0203E-05
  4.9649E-04 -1.3094E-06 -1.1437E-05 -1.0394E-05
  5.0111E-04 -1.3339E-06 -1.1651E-05 -1.0588E-05
  5.0578E-04 -1.3589E-06 -1.1869E-05 -1.0786E-05
  5.1049E-04 -1.3843E-06 -1.2091E-05 -1.0988E-05
  5.1525E-04 -1.4103E-06 -1.2317E-05 -1.1193E-05
  5.2005E-04 -1.4367E-06 -1.2547E-05 -1.1402E-05
  5.2490E-04 -1.4636E-06 -1.2782E-05 -1.1615E-05
  5.2979E-04 -1.4910E-06 -1.3021E-05 -1.1833E-05
  5.3472E-04 -1.5189E-06 -1.3264E-05 -1.2054E-05
  5.3971E-04 -1.5473E-06 -1.3512E-05 -1.2279E-05
  5.4473E-04 -1.5763E-06 -1.3765E-05 -1.2509E-05
  5.4981E-04 -1.6058E-06 -1.4022E-05 -1.2742E-05
  5.5493E-04 -1.6358E-06 -1.4284E-05 -1.2980E-05
  5.6010E-04 -1.6665E-06 -1.4551E-05 -1.3223E-05
  5.6532E-04 -1.6977E-06 -1.4823E-05 -1.3470E-05
  5.7059E-04 -1.7294E-06 -1.5100E-05 -1.3722E-05
  5.7590E-04 -1.7618E-06 -1.5382E-05 -1.3978E-05
  5.8127E-04 -1.7948E-06 -1.5670E-05 -1.4240E-05
  5.8668E-04 -1.8284E-06 -1.5962E-05 -1.4506E-05
  5.9215E-04 -1.8626E-06 -1.6261E-05 -1.4777E-05
  5.9766E-04 -1.8975E-06 -1.6564E-05 -1.5053E-05
  6.0323E-04 -1.9330E-06 -1.6874E-05 -1.5334E-05
  6.0885E-04 -1.9692E-06 -1.7189E-05 -1.5621E-05
  6.1452E-04 -2.0060E-06 -1.7510E-05 -1.5913E-05
  6.2024E-04 -2.0436E-06 -1.7838E-05 -1.6210E-05
  6.2602E-04 -2.0818E-06 -1.8171E-05 -1.6513E-05
  6.3185E-04 -2.1208E-06 -1.8510E-05 -1.6821E-05
  6.3774E-04 -2.1605E-06 -1.8856E-05 -1.7136E-05
  6.4368E-04 -2.2009E-06 -1.9208E-05 -1.7456E-05
  6.4967E-04 -2.2421E-06 -1.9567E-05 -1.7782E-05
  6.5572E-04 -2.2840E-06 -1.9933E-05 -1.8114E-05
  6.6183E-04 -2.3268E-06 -2.0305E-05 -1.8452E-05
  6.6799E-04 -2.3703E-06 -2.0684E-05 -1.8797E-05
  6.7422E-04 -2.4147E-06 -2.1071E-05 -1.9148E-05
  6.8050E-04 -2.4599E-06 -2.1464E-05 -1.9506E-05
  6.8683E-04 -2.5059E-06 -2.1865E-05 -1.9870E-05
  6.9323E-04 -2.5528E-06 -2.2274E-05 -2.0241E-05
  6.9969E-04 -2.6006E-06 -2.2690E-05 -2.0619E-05
  7.0620E-04 -2.6492E-06 -2.3113E-05 -2.1004E-05
  7.1278E-04 -2.6988E-06 -2.3545E-05 -2.1397E-05
  7.1942E-04 -2.7493E-06 -2.3985E-05 -2.1796E-05
  7.2612E-04 -2.8008E-06 -2.4433E-05 -2.2203E-05
  7.3288E-04 -2.8532E-06 -2.4889E-05 -2.2618E-05
  7.3970E-04 -2.9066E-06 -2.5353E-05 -2.3040E-05
  7.4659E-04 -2.9609E-06 -2.5827E-05 -2.3471E-05
  7.5355E-04 -3.0163E-06 -2.6309E-05 -2.3909E-05
  7.6056E-04 -3.0728E-06 -2.6800E-05 -2.4355E-05
  7.6764E-04 -3.1303E-06 -2.7301E-05 -2.4810E-05
  7.7479E-04 -3.1889E-06 -2.7810E-05 -2.5273E-05
  7.8201E-04 -3.2485E-06 -2.8330E-05 -2.5745E-05
  7.8929E-04 -3.3093E-06 -2.8859E-05 -2.6226E-05
  7.9664E-04 -3.3712E-06 -2.9397E-05 -2.6715E-05
  8.0406E-04 -3.4343E-06 -2.9946E-05 -2.7214E-05
  8.1154E-04 -3.4985E-06 -3.0505E-05 -2.7722E-05
  8.1910E-04 -3.5640E-06 -3.1074E-05 -2.8240E-05
  8.2673E-04 -3.6307E-06 -3.1655E-05 -2.8767E-05
  8.3443E-04 -3.6986E-06 -3.2245E-05 -2.9304E-05
  8.4220E-04 -3.7678E-06 -3.2847E-05 -2.9851E-05
  8.5004E-04 -3.8383E-06 -3.3460E-05 -3.0408E-05
  8.5795E-04 -3.9101E-06 -3.4085E-05 -3.0975E-05
  8.6594E-04 -3.9833E-06 -3.4721E-05 -3.1553E-05
  8.7400E-04 -4.0578E-06 -3.5369E-05 -3.2142E-05
  8.8214E-04 -4.1337E-06 -3.6029E-05 -3.2742E-05
  8.9035E-04 -4.2110E-06 -3.6701E-05 -3.3353E-05
  8.9864E-04 -4.2898E-06 -3.7386E-05 -3.3976E-05
  9.0701E-04 -4.3700E-06 -3.8084E-05 -3.4610E-05
  9.1545E-04 -4.4518E-06 -3.8794E-05 -3.5255E-05
  9.2398E-04 -4.5351E-06 -3.9518E-05 -3.5913E-05
  9.3258E-04 -4.6199E-06 -4.0256E-05 -3.6583E-05
  9.4126E-04 -4.7063E-06 -4.1007E-05 -3.7266E-05
  9.5002E-04 -4.7944E-06 -4.1772E-05 -3.7961E-05
  9.5887E-04 -4.8841E-06 -4.2551E-05 -3.8669E-05
  9.6780E-04 -4.9754E-06 -4.3345E-05 -3.9391E-05
  9.7681E-04 -5.0685E-06 -4.4153E-05 -4.0126E-05
  9.8590E-04 -5.1633E-06 -4.4977E-05 -4.0874E-05
  9.9508E-04 -5.2599E-06 -4.5816E-05 -4.1637E-05
  1.0043E-03 -5.3583E-06 -4.6671E-05 -4.2413E-05
  1.0137E-03 -5.4585E-06 -4.7541E-05 -4.3205E-05
  1.0231E-03 -5.5606E-06 -4.8428E-05 -4.4010E-05
  1.0327E-03 -5.6646E-06 -4.9331E-05 -4.4831E-05
  1.0423E-03 -5.7706E-06 -5.0251E-05 -4.5667E-05
  1.0520E-03 -5.8785E-06 -5.1188E-05 -4.6519E-05
  1.0618E-03 -5.9885E-06 -5.2143E-05 -4.7387E-05
  1.0716E-03 -6.1005E-06 -5.3115E-05 -4.8271E-05
  1.0816E-03 -6.2146E-06 -5.4106E-05 -4.9171E-05
  1.0917E-03 -6.3308E-06 -5.5115E-05 -5.0088E-05
  1.1019E-03 -6.4492E-06 -5.6142E-05 -5.1022E-05
  1.1121E-03 -6.5699E-06 -5.7189E-05 -5.1973E-05
  1.1225E-03 -6.6928E-06 -5.8255E-05 -5.2942E-05
  1.1329E-03 -6.8179E-06 -5.9342E-05 -5.3929E-05
  1.1435E-03 -6.9455E-06 -6.0448E-05 -5.4935E-05
  1.1541E-03 -7.0754E-06 -6.1575E-05 -5.5959E-05
  1.1648E-03 -7.2077E-06 -6.2723E-05 -5.7002E-05
  1.1757E-03 -7.3425E-06 -6.3892E-05 -5.8065E-05
  1.1866E-03 -7.4798E-06 -6.5083E-05 -5.9147E-05
  1.1977E-03 -7.6197E-06 -6.6296E-05 -6.0250E-05
  1.2088E-03 -7.7622E-06 -6.7532E-05 -6.1373E-05
  1.2201E-03 -7.9074E-06 -6.8790E-05 -6.2517E-05
  1.2314E-03 -8.0553E-06 -7.0073E-05 -6.3682E-05
  1.2429E-03 -8.2059E-06 -7.1379E-05 -6.4869E-05
  1.2545E-03 -8.3594E-06 -7.2709E-05 -6.6078E-05
  1.2661E-03 -8.5157E-06 -7.4064E-05 -6.7309E-05
  1.2779E-03 -8.6750E-06 -7.5444E-05 -6.8564E-05
  1.2898E-03 -8.8372E-06 -7.6850E-05 -6.9842E-05
  1.3018E-03 -9.0025E-06 -7.8282E-05 -7.1143E-05
  1.3139E-03 -9.1709E-06 -7.9740E-05 -7.2469E-05
  1.3262E-03 -9.3424E-06 -8.1226E-05 -7.3819E-05
  1.3385E-03 -9.5171E-06 -8.2739E-05 -7.5194E-05
  1.3510E-03 -9.6951E-06 -8.4281E-05 -7.6595E-05
  1.3635E-03 -9.8764E-06 -8.5851E-05 -7.8022E-05
  1.3762E-03 -1.0061E-05 -8.7450E-05 -7.9476E-05
  1.3890E-03 -1.0249E-05 -8.9079E-05 -8.0957E-05
  1.4020E-03 -1.0441E-05 -9.0739E-05 -8.2465E-05
  1.4150E-03 -1.0636E-05 -9.2429E-05 -8.4001E-05
  1.4282E-03 -1.0835E-05 -9.4150E-05 -8.5565E-05
  1.4415E-03 -1.1038E-05 -9.5904E-05 -8.7159E-05
  1.4549E-03 -1.1244E-05 -9.7690E-05 -8.8782E-05
  1.4684E-03 -1.1454E-05 -9.9509E-05 -9.0436E-05
  1.4821E-03 -1.1669E-05 -1.0136E-04 -9.2120E-05
  1.4959E-03 -1.1887E-05 -1.0325E-04 -9.3836E-05
  1.5098E-03 -1.2109E-05 -1.0517E-04 -9.5583E-05
  1.5239E-03 -1.2335E-05 -1.0713E-04 -9.7363E-05
  1.5380E-03 -1.2566E-05 -1.0913E-04 -9.9176E-05
  1.5524E-03 -1.2801E-05 -1.1116E-04 -1.0102E-04
  1.5668E-03 -1.3040E-05 -1.1323E-04 -1.0290E-04
  1.5814E-03 -1.3284E-05 -1.1533E-04 -1.0482E-04
  1.5961E-03 -1.3533E-05 -1.1748E-04 -1.0677E-04
  1.6110E-03 -1.3786E-05 -1.1967E-04 -1.0876E-04
  1.6260E-03 -1.4044E-05 -1.2190E-04 -1.1078E-04
  1.6411E-03 -1.4306E-05 -1.2416E-04 -1.1285E-04
  1.6564E-03 -1.4574E-05 -1.2648E-04 -1.1495E-04
  1.6718E-03 -1.4846E-05 -1.2883E-04 -1.1708E-04
  1.6873E-03 -1.5124E-05 -1.3123E-04 -1.1926E-04
  1.7030E-03 -1.5407E-05 -1.3367E-04 -1.2148E-04
  1.7189E-03 -1.5695E-05 -1.3616E-04 -1.2374E-04
  1.7349E-03 -1.5988E-05 -1.3869E-04 -1.2605E-04
  1.7510E-03 -1.6287E-05 -1.4127E-04 -1.2839E-04
  1.7673E-03 -1.6592E-05 -1.4390E-04 -1.3078E-04
  1.7838E-03 -1.6902E-05 -1.4658E-04 -1.3322E-04
  1.8004E-03 -1.7218E-05 -1.4930E-04 -1.3569E-04
  1.8171E-03 -1.7540E-05 -1.5208E-04 -1.3822E-04
  1.8340E-03 -1.7868E-05 -1.5491E-04 -1.4079E-04
  1.8511E-03 -1.8202E-05 -1.5779E-04 -1.4341E-04
  1.8683E-03 -1.8542E-05 -1.6073E-04 -1.4608E-04
  1.8857E-03 -1.8889E-05 -1.6372E-04 -1.4879E-04
  1.9032E-03 -1.9242E-05 -1.6676E-04 -1.5156E-04
  1.9210E-03 -1.9602E-05 -1.6986E-04 -1.5438E-04
  1.9388E-03 -1.9968E-05 -1.7302E-04 -1.5725E-04
  1.9569E-03 -2.0342E-05 -1.7624E-04 -1.6017E-04
  1.9751E-03 -2.0722E-05 -1.7951E-04 -1.6315E-04
  1.9935E-03 -2.1109E-05 -1.8285E-04 -1.6619E-04
  2.0120E-03 -2.1504E-05 -1.8625E-04 -1.6928E-04
  2.0307E-03 -2.1906E-05 -1.8971E-04 -1.7242E-04
  2.0496E-03 -2.2316E-05 -1.9324E-04 -1.7563E-04
  2.0687E-03 -2.2733E-05 -1.9683E-04 -1.7889E-04
  2.0880E-03 -2.3158E-05 -2.0049E-04 -1.8222E-04
  2.1074E-03 -2.3591E-05 -2.0422E-04 -1.8561E-04
  2.1270E-03 -2.4032E-05 -2.0801E-04 -1.8906E-04
  2.1468E-03 -2.4481E-05 -2.1188E-04 -1.9257E-04
  2.1668E-03 -2.4939E-05 -2.1582E-04 -1.9615E-04
  2.1869E-03 -2.5405E-05 -2.1983E-04 -1.9979E-04
  2.2073E-03 -2.5880E-05 -2.2391E-04 -2.0351E-04
  2.2278E-03 -2.6364E-05 -2.2807E-04 -2.0729E-04
  2.2485E-03 -2.6857E-05 -2.3231E-04 -2.1114E-04
  2.2695E-03 -2.7359E-05 -2.3662E-04 -2.1506E-04
  2.2906E-03 -2.7871E-05 -2.4102E-04 -2.1906E-04
  2.3119E-03 -2.8392E-05 -2.4550E-04 -2.2313E-04
  2.3334E-03 -2.8923E-05 -2.5006E-04 -2.2727E-04
  2.3551E-03 -2.9463E-05 -2.5470E-04 -2.3149E-04
  2.3770E-03 -3.0014E-05 -2.5943E-04 -2.3579E-04
  2.3991E-03 -3.0575E-05 -2.6425E-04 -2.4017E-04
  2.4215E-03 -3.1147E-05 -2.6915E-04 -2.4463E-04
  2.4440E-03 -3.1729E-05 -2.7415E-04 -2.4918E-04
  2.4667E-03 -3.2322E-05 -2.7924E-04 -2.5380E-04
  2.4897E-03 -3.2927E-05 -2.8443E-04 -2.5852E-04
  2.5128E-03 -3.3542E-05 -2.8971E-04 -2.6331E-04
  2.5362E-03 -3.4169E-05 -2.9508E-04 -2.6820E-04
  2.5598E-03 -3.4808E-05 -3.0056E-04 -2.7318E-04
  2.5836E-03 -3.5459E-05 -3.0614E-04 -2.7825E-04
  2.6077E-03 -3.6122E-05 -3.1182E-04 -2.8342E-04
  2.6319E-03 -3.6797E-05 -3.1761E-04 -2.8868E-04
  2.6564E-03 -3.7485E-05 -3.2350E-04 -2.9403E-04
  2.6811E-03 -3.8186E-05 -3.2950E-04 -2.9949E-04
  2.7061E-03 -3.8900E-05 -3.3562E-04 -3.0505E-04
  2.7313E-03 -3.9627E-05 -3.4184E-04 -3.1071E-04
  2.7567E-03 -4.0368E-05 -3.4818E-04 -3.1647E-04
  2.7823E-03 -4.1122E-05 -3.5464E-04 -3.2234E-04
  2.8082E-03 -4.1891E-05 -3.6122E-04 -3.2832E-04
  2.8343E-03 -4.2674E-05 -3.6792E-04 -3.3441E-04
  2.8607E-03 -4.3472E-05 -3.7474E-04 -3.4061E-04
  2.8873E-03 -4.4284E-05 -3.8169E-04 -3.4693E-04
  2.9142E-03 -4.5112E-05 -3.8877E-04 -3.5337E-04
  2.9413E-03 -4.5956E-05 -3.9598E-04 -3.5992E-04
  2.9687E-03 -4.6815E-05 -4.0332E-04 -3.6659E-04
  2.9963E-03 -4.7690E-05 -4.1079E-04 -3.7339E-04
  3.0242E-03 -4.8581E-05 -4.1841E-04 -3.8031E-04
  3.0523E-03 -4.9490E-05 -4.2616E-04 -3.8736E-04
  3.0807E-03 -5.0415E-05 -4.3406E-04 -3.9454E-04
  3.1094E-03 -5.1357E-05 -4.4210E-04 -4.0185E-04
  3.1383E-03 -5.2317E-05 -4.5030E-04 -4.0930E-04
  3.1675E-03 -5.3295E-05 -4.5864E-04 -4.1688E-04
  3.1970E-03 -5.4291E-05 -4.6714E-04 -4.2461E-04
  3.2267E-03 -5.5306E-05 -4.7579E-04 -4.3247E-04
  3.2567E-03 -5.6340E-05 -4.8460E-04 -4.4049E-04
  3.2870E-03 -5.7393E-05 -4.9358E-04 -4.4865E-04
  3.3176E-03 -5.8466E-05 -5.0272E-04 -4.5696E-04
  3.3485E-03 -5.9559E-05 -5.1203E-04 -4.6542E-04
  3.3796E-03 -6.0673E-05 -5.2151E-04 -4.7404E-04
  3.4111E-03 -6.1807E-05 -5.3117E-04 -4.8282E-04
  3.4428E-03 -6.2962E-05 -5.4100E-04 -4.9176E-04
  3.4748E-03 -6.4139E-05 -5.5101E-04 -5.0086E-04
  3.5072E-03 -6.5338E-05 -5.6121E-04 -5.1013E-04
  3.5398E-03 -6.6559E-05 -5.7160E-04 -5.1958E-04
  3.5727E-03 -6.7804E-05 -5.8218E-04 -5.2919E-04
  3.6060E-03 -6.9071E-05 -5.9295E-04 -5.3899E-04
  3.6395E-03 -7.0362E-05 -6.0392E-04 -5.4896E-04
  3.6734E-03 -7.1677E-05 -6.1510E-04 -5.5912E-04
  3.7075E-03 -7.3017E-05 -6.2648E-04 -5.6947E-04
  3.7420E-03 -7.4382E-05 -6.3806E-04 -5.8000E-04
  3.7768E-03 -7.5773E-05 -6.4986E-04 -5.9073E-04
  3.8120E-03 -7.7189E-05 -6.6188E-04 -6.0166E-04
  3.8474E-03 -7.8632E-05 -6.7412E-04 -6.1279E-04
  3.8832E-03 -8.0102E-05 -6.8659E-04 -6.2412E-04
  3.9194E-03 -8.1599E-05 -6.9928E-04 -6.3566E-04
  3.9558E-03 -8.3124E-05 -7.1221E-04 -6.4741E-04
  3.9926E-03 -8.4678E-05 -7.2537E-04 -6.5938E-04
  4.0298E-03 -8.6261E-05 -7.3878E-04 -6.7157E-04
  4.0673E-03 -8.7873E-05 -7.5243E-04 -6.8398E-04
  4.1051E-03 -8.9516E-05 -7.6633E-04 -6.9662E-04
  4.1433E-03 -9.1189E-05 -7.8049E-04 -7.0950E-04
  4.1818E-03 -9.2893E-05 -7.9491E-04 -7.2261E-04
  4.2207E-03 -9.4630E-05 -8.0959E-04 -7.3596E-04
  4.2600E-03 -9.6399E-05 -8.2455E-04 -7.4955E-04
  4.2996E-03 -9.8200E-05 -8.3977E-04 -7.6340E-04
  4.3396E-03 -1.0004E-04 -8.5528E-04 -7.7750E-04
  4.3800E-03 -1.0191E-04 -8.7107E-04 -7.9185E-04
  4.4208E-03 -1.0381E-04 -8.8715E-04 -8.0647E-04
  4.4619E-03 -1.0575E-04 -9.0353E-04 -8.2136E-04
  4.5034E-03 -1.0773E-04 -9.2021E-04 -8.3653E-04
  4.5453E-03 -1.0974E-04 -9.3719E-04 -8.5197E-04
  4.5876E-03 -1.1179E-04 -9.5448E-04 -8.6769E-04
  4.6302E-03 -1.1388E-04 -9.7209E-04 -8.8371E-04
  4.6733E-03 -1.1601E-04 -9.9002E-04 -9.0001E-04
  4.7168E-03 -1.1818E-04 -1.0083E-03 -9.1662E-04
  4.7607E-03 -1.2039E-04 -1.0269E-03 -9.3352E-04
  4.8050E-03 -1.2264E-04 -1.0458E-03 -9.5074E-04
  4.8497E-03 -1.2493E-04 -1.0651E-03 -9.6828E-04
  4.8948E-03 -1.2727E-04 -1.0847E-03 -9.8613E-04
  4.9403E-03 -1.2964E-04 -1.1047E-03 -1.0043E-03
  4.9863E-03 -1.3207E-04 -1.1251E-03 -1.0228E-03
  5.0327E-03 -1.3454E-04 -1.1458E-03 -1.0417E-03
  5.0795E-03 -1.3705E-04 -1.1669E-03 -1.0609E-03
  5.1267E-03 -1.3961E-04 -1.1884E-03 -1.0804E-03
  5.1744E-03 -1.4222E-04 -1.2103E-03 -1.1003E-03
  5.2226E-03 -1.4488E-04 -1.2326E-03 -1.1206E-03
  5.2711E-03 -1.4759E-04 -1.2553E-03 -1.1413E-03
  5.3202E-03 -1.5035E-04 -1.2784E-03 -1.1623E-03
  5.3697E-03 -1.5316E-04 -1.3020E-03 -1.1837E-03
  5.4196E-03 -1.5602E-04 -1.3260E-03 -1.2055E-03
  5.4700E-03 -1.5894E-04 -1.3504E-03 -1.2277E-03
  5.5209E-03 -1.6191E-04 -1.3752E-03 -1.2503E-03
  5.5723E-03 -1.6493E-04 -1.4005E-03 -1.2733E-03
  5.6241E-03 -1.6801E-04 -1.4263E-03 -1.2967E-03
  5.6764E-03 -1.7116E-04 -1.4525E-03 -1.3206E-03
  5.7292E-03 -1.7435E-04 -1.4792E-03 -1.3449E-03
  5.7825E-03 -1.7761E-04 -1.5064E-03 -1.3696E-03
  5.8363E-03 -1.8093E-04 -1.5341E-03 -1.3948E-03
  5.8906E-03 -1.8431E-04 -1.5623E-03 -1.4204E-03
  5.9454E-03 -1.8776E-04 -1.5910E-03 -1.4466E-03
  6.0007E-03 -1.9127E-04 -1.6203E-03 -1.4731E-03
  6.0565E-03 -1.9484E-04 -1.6501E-03 -1.5002E-03
  6.1129E-03 -1.9848E-04 -1.6804E-03 -1.5278E-03
  6.1697E-03 -2.0219E-04 -1.7112E-03 -1.5559E-03
  6.2271E-03 -2.0597E-04 -1.7427E-03 -1.5844E-03
  6.2851E-03 -2.0982E-04 -1.7747E-03 -1.6136E-03
  6.3435E-03 -2.1374E-04 -1.8073E-03 -1.6432E-03
  6.4025E-03 -2.1774E-04 -1.8404E-03 -1.6734E-03
  6.4621E-03 -2.2181E-04 -1.8742E-03 -1.7041E-03
  6.5222E-03 -2.2595E-04 -1.9086E-03 -1.7354E-03
  6.5829E-03 -2.3018E-04 -1.9436E-03 -1.7672E-03
  6.6441E-03 -2.3448E-04 -1.9793E-03 -1.7996E-03
  6.7059E-03 -2.3886E-04 -2.0156E-03 -1.8327E-03
  6.7683E-03 -2.4333E-04 -2.0525E-03 -1.8663E-03
  6.8313E-03 -2.4787E-04 -2.0902E-03 -1.9005E-03
  6.8948E-03 -2.5251E-04 -2.1285E-03 -1.9354E-03
  6.9589E-03 -2.5723E-04 -2.1675E-03 -1.9708E-03
  7.0237E-03 -2.6203E-04 -2.2072E-03 -2.0070E-03
  7.0890E-03 -2.6693E-04 -2.2477E-03 -2.0437E-03
  7.1550E-03 -2.7192E-04 -2.2888E-03 -2.0812E-03
  7.2215E-03 -2.7700E-04 -2.3307E-03 -2.1193E-03
  7.2887E-03 -2.8218E-04 -2.3734E-03 -2.1581E-03
  7.3565E-03 -2.8745E-04 -2.4169E-03 -2.1977E-03
  7.4249E-03 -2.9282E-04 -2.4611E-03 -2.2379E-03
  7.4940E-03 -2.9830E-04 -2.5061E-03 -2.2789E-03
  7.5637E-03 -3.0387E-04 -2.5520E-03 -2.3206E-03
  7.6341E-03 -3.0955E-04 -2.5987E-03 -2.3630E-03
  7.7051E-03 -3.1534E-04 -2.6462E-03 -2.4063E-03
  7.7767E-03 -3.2123E-04 -2.6946E-03 -2.4503E-03
  7.8491E-03 -3.2723E-04 -2.7439E-03 -2.4951E-03
  7.9221E-03 -3.3335E-04 -2.7940E-03 -2.5407E-03
  7.9958E-03 -3.3958E-04 -2.8451E-03 -2.5872E-03
  8.0702E-03 -3.4592E-04 -2.8970E-03 -2.6344E-03
  8.1452E-03 -3.5239E-04 -2.9500E-03 -2.6826E-03
  8.2210E-03 -3.5897E-04 -3.0038E-03 -2.7316E-03
  8.2975E-03 -3.6568E-04 -3.0587E-03 -2.7815E-03
  8.3747E-03 -3.7252E-04 -3.1145E-03 -2.8323E-03
  8.4526E-03 -3.7948E-04 -3.1713E-03 -2.8840E-03
  8.5312E-03 -3.8657E-04 -3.2292E-03 -2.9366E-03
  8.6105E-03 -3.9379E-04 -3.2881E-03 -2.9902E-03
  8.6906E-03 -4.0115E-04 -3.3481E-03 -3.0448E-03
  8.7715E-03 -4.0865E-04 -3.4091E-03 -3.1003E-03
  8.8531E-03 -4.1629E-04 -3.4713E-03 -3.1569E-03
  8.9354E-03 -4.2407E-04 -3.5345E-03 -3.2144E-03
  9.0185E-03 -4.3199E-04 -3.5989E-03 -3.2730E-03
  9.1024E-03 -4.4006E-04 -3.6645E-03 -3.3327E-03
  9.1871E-03 -4.4829E-04 -3.7312E-03 -3.3934E-03
  9.2725E-03 -4.5667E-04 -3.7992E-03 -3.4552E-03
  9.3588E-03 -4.6520E-04 -3.8683E-03 -3.5181E-03
  9.4459E-03 -4.7389E-04 -3.9387E-03 -3.5822E-03
  9.5337E-03 -4.8275E-04 -4.0104E-03 -3.6474E-03
  9.6224E-03 -4.9177E-04 -4.0833E-03 -3.7137E-03
  9.7119E-03 -5.0096E-04 -4.1576E-03 -3.7813E-03
  9.8022E-03 -5.1032E-04 -4.2332E-03 -3.8501E-03
  9.8934E-03 -5.1986E-04 -4.3101E-03 -3.9201E-03
  9.9854E-03 -5.2957E-04 -4.3884E-03 -3.9914E-03
  1.0078E-02 -5.3947E-04 -4.4681E-03 -4.0639E-03
  1.0172E-02 -5.4955E-04 -4.5493E-03 -4.1377E-03
  1.0267E-02 -5.5982E-04 -4.6319E-03 -4.2129E-03
  1.0362E-02 -5.7028E-04 -4.7159E-03 -4.2894E-03
  1.0459E-02 -5.8094E-04 -4.8015E-03 -4.3673E-03
  1.0556E-02 -5.9179E-04 -4.8886E-03 -4.4465E-03
  1.0654E-02 -6.0285E-04 -4.9773E-03 -4.5272E-03
  1.0753E-02 -6.1412E-04 -5.0675E-03 -4.6093E-03
  1.0853E-02 -6.2559E-04 -5.1594E-03 -4.6929E-03
  1.0954E-02 -6.3728E-04 -5.2529E-03 -4.7780E-03
  1.1056E-02 -6.4919E-04 -5.3480E-03 -4.8646E-03
  1.1159E-02 -6.6132E-04 -5.4449E-03 -4.9528E-03
  1.1263E-02 -6.7368E-04 -5.5434E-03 -5.0425E-03
  1.1367E-02 -6.8627E-04 -5.6438E-03 -5.1338E-03
  1.1473E-02 -6.9909E-04 -5.7459E-03 -5.2267E-03
  1.1580E-02 -7.1215E-04 -5.8498E-03 -5.3213E-03
  1.1688E-02 -7.2546E-04 -5.9556E-03 -5.4176E-03
  1.1796E-02 -7.3901E-04 -6.0632E-03 -5.5156E-03
  1.1906E-02 -7.5282E-04 -6.1728E-03 -5.6153E-03
  1.2017E-02 -7.6689E-04 -6.2843E-03 -5.7168E-03
  1.2129E-02 -7.8122E-04 -6.3978E-03 -5.8201E-03
  1.2241E-02 -7.9582E-04 -6.5133E-03 -5.9253E-03
  1.2355E-02 -8.1069E-04 -6.6309E-03 -6.0323E-03
  1.2470E-02 -8.2583E-04 -6.7505E-03 -6.1412E-03
  1.2586E-02 -8.4126E-04 -6.8723E-03 -6.2520E-03
  1.2703E-02 -8.5698E-04 -6.9962E-03 -6.3648E-03
  1.2821E-02 -8.7300E-04 -7.1223E-03 -6.4796E-03
  1.2941E-02 -8.8931E-04 -7.2506E-03 -6.5964E-03
  1.3061E-02 -9.0592E-04 -7.3812E-03 -6.7153E-03
  1.3183E-02 -9.2285E-04 -7.5141E-03 -6.8363E-03
  1.3305E-02 -9.4009E-04 -7.6493E-03 -6.9594E-03
  1.3429E-02 -9.5766E-04 -7.7870E-03 -7.0847E-03
  1.3554E-02 -9.7555E-04 -7.9270E-03 -7.2122E-03
  1.3680E-02 -9.9378E-04 -8.0695E-03 -7.3420E-03
  1.3807E-02 -1.0123E-03 -8.2146E-03 -7.4740E-03
  1.3936E-02 -1.0313E-03 -8.3622E-03 -7.6084E-03
  1.4065E-02 -1.0505E-03 -8.5123E-03 -7.7451E-03
  1.4196E-02 -1.0702E-03 -8.6652E-03 -7.8843E-03
  1.4328E-02 -1.0901E-03 -8.8207E-03 -8.0259E-03
  1.4461E-02 -1.1105E-03 -8.9789E-03 -8.1699E-03
  1.4596E-02 -1.1313E-03 -9.1399E-03 -8.3166E-03
  1.4732E-02 -1.1524E-03 -9.3038E-03 -8.4658E-03
  1.4869E-02 -1.1739E-03 -9.4705E-03 -8.6176E-03
  1.5007E-02 -1.1959E-03 -9.6401E-03 -8.7720E-03
  1.5147E-02 -1.2182E-03 -9.8127E-03 -8.9292E-03
  1.5287E-02 -1.2410E-03 -9.9883E-03 -9.0891E-03
  1.5430E-02 -1.2641E-03 -1.0167E-02 -9.2519E-03
  1.5573E-02 -1.2878E-03 -1.0349E-02 -9.4174E-03
  1.5718E-02 -1.3118E-03 -1.0534E-02 -9.5859E-03
  1.5864E-02 -1.3363E-03 -1.0722E-02 -9.7573E-03
  1.6012E-02 -1.3613E-03 -1.0914E-02 -9.9317E-03
  1.6161E-02 -1.3867E-03 -1.1108E-02 -1.0109E-02
  1.6311E-02 -1.4126E-03 -1.1307E-02 -1.0290E-02
  1.6463E-02 -1.4390E-03 -1.1508E-02 -1.0473E-02
  1.6616E-02 -1.4659E-03 -1.1713E-02 -1.0660E-02
  1.6770E-02 -1.4933E-03 -1.1922E-02 -1.0850E-02
  1.6926E-02 -1.5212E-03 -1.2135E-02 -1.1044E-02
  1.7084E-02 -1.5496E-03 -1.2351E-02 -1.1241E-02
  1.7243E-02 -1.5785E-03 -1.2570E-02 -1.1441E-02
  1.7403E-02 -1.6080E-03 -1.2794E-02 -1.1645E-02
  1.7565E-02 -1.6381E-03 -1.3021E-02 -1.1852E-02
  1.7728E-02 -1.6687E-03 -1.3253E-02 -1.2063E-02
  1.7893E-02 -1.6998E-03 -1.3488E-02 -1.2277E-02
  1.8060E-02 -1.7316E-03 -1.3728E-02 -1.2495E-02
  1.8228E-02 -1.7639E-03 -1.3971E-02 -1.2717E-02
  1.8397E-02 -1.7969E-03 -1.4219E-02 -1.2943E-02
  1.8568E-02 -1.8304E-03 -1.4471E-02 -1.3173E-02
  1.8741E-02 -1.8646E-03 -1.4728E-02 -1.3406E-02
  1.8915E-02 -1.8994E-03 -1.4989E-02 -1.3644E-02
  1.9091E-02 -1.9349E-03 -1.5254E-02 -1.3886E-02
  1.9269E-02 -1.9711E-03 -1.5524E-02 -1.4132E-02
  1.9448E-02 -2.0079E-03 -1.5798E-02 -1.4382E-02
  1.9629E-02 -2.0454E-03 -1.6078E-02 -1.4636E-02
  1.9812E-02 -2.0836E-03 -1.6362E-02 -1.4895E-02
  1.9996E-02 -2.1225E-03 -1.6651E-02 -1.5159E-02
  2.0182E-02 -2.1621E-03 -1.6944E-02 -1.5426E-02
  2.0370E-02 -2.2025E-03 -1.7243E-02 -1.5699E-02
  2.0559E-02 -2.2437E-03 -1.7547E-02 -1.5976E-02
  2.0750E-02 -2.2856E-03 -1.7856E-02 -1.6258E-02
  2.0943E-02 -2.3282E-03 -1.8171E-02 -1.6544E-02
  2.1138E-02 -2.3717E-03 -1.8491E-02 -1.6836E-02
  2.1335E-02 -2.4160E-03 -1.8816E-02 -1.7132E-02
  2.1533E-02 -2.4611E-03 -1.9147E-02 -1.7434E-02
  2.1733E-02 -2.5071E-03 -1.9483E-02 -1.7740E-02
  2.1936E-02 -2.5539E-03 -1.9825E-02 -1.8052E-02
  2.2140E-02 -2.6016E-03 -2.0173E-02 -1.8369E-02
  2.2345E-02 -2.6502E-03 -2.0527E-02 -1.8692E-02
  2.2553E-02 -2.6997E-03 -2.0887E-02 -1.9020E-02
  2.2763E-02 -2.7501E-03 -2.1252E-02 -1.9353E-02
  2.2975E-02 -2.8014E-03 -2.1624E-02 -1.9693E-02
  2.3189E-02 -2.8537E-03 -2.2003E-02 -2.0038E-02
  2.3404E-02 -2.9070E-03 -2.2387E-02 -2.0388E-02
  2.3622E-02 -2.9613E-03 -2.2779E-02 -2.0745E-02
  2.3842E-02 -3.0166E-03 -2.3176E-02 -2.1108E-02
  2.4063E-02 -3.0729E-03 -2.3581E-02 -2.1477E-02
  2.4287E-02 -3.1303E-03 -2.3992E-02 -2.1852E-02
  2.4513E-02 -3.1887E-03 -2.4410E-02 -2.2233E-02
  2.4741E-02 -3.2483E-03 -2.4835E-02 -2.2621E-02
  2.4971E-02 -3.3089E-03 -2.5268E-02 -2.3015E-02
  2.5204E-02 -3.3707E-03 -2.5707E-02 -2.3416E-02
  2.5438E-02 -3.4336E-03 -2.6154E-02 -2.3823E-02
  2.5675E-02 -3.4977E-03 -2.6608E-02 -2.4238E-02
  2.5913E-02 -3.5630E-03 -2.7070E-02 -2.4659E-02
  2.6154E-02 -3.6295E-03 -2.7540E-02 -2.5087E-02
  2.6398E-02 -3.6973E-03 -2.8017E-02 -2.5523E-02
  2.6643E-02 -3.7663E-03 -2.8502E-02 -2.5966E-02
  2.6891E-02 -3.8366E-03 -2.8996E-02 -2.6416E-02
  2.7141E-02 -3.9082E-03 -2.9497E-02 -2.6873E-02
  2.7394E-02 -3.9811E-03 -3.0007E-02 -2.7338E-02
  2.7648E-02 -4.0554E-03 -3.0525E-02 -2.7811E-02
  2.7906E-02 -4.1311E-03 -3.1052E-02 -2.8292E-02
  2.8165E-02 -4.2082E-03 -3.1587E-02 -2.8781E-02
  2.8427E-02 -4.2868E-03 -3.2132E-02 -2.9277E-02
  2.8691E-02 -4.3668E-03 -3.2685E-02 -2.9782E-02
  2.8958E-02 -4.4483E-03 -3.3247E-02 -3.0296E-02
  2.9228E-02 -4.5313E-03 -3.3819E-02 -3.0817E-02
  2.9500E-02 -4.6158E-03 -3.4400E-02 -3.1347E-02
  2.9774E-02 -4.7020E-03 -3.4990E-02 -3.1886E-02
  3.0051E-02 -4.7897E-03 -3.5590E-02 -3.2434E-02
  3.0330E-02 -4.8791E-03 -3.6200E-02 -3.2991E-02
  3.0612E-02 -4.9701E-03 -3.6820E-02 -3.3557E-02
  3.0897E-02 -5.0629E-03 -3.7450E-02 -3.4132E-02
  3.1185E-02 -5.1573E-03 -3.8090E-02 -3.4717E-02
  3.1475E-02 -5.2536E-03 -3.8741E-02 -3.5311E-02
  3.1767E-02 -5.3516E-03 -3.9402E-02 -3.5914E-02
  3.2063E-02 -5.4514E-03 -4.0073E-02 -3.6528E-02
  3.2361E-02 -5.5531E-03 -4.0756E-02 -3.7151E-02
  3.2662E-02 -5.6567E-03 -4.1450E-02 -3.7785E-02
  3.2966E-02 -5.7622E-03 -4.2155E-02 -3.8428E-02
  3.3273E-02 -5.8697E-03 -4.2871E-02 -3.9083E-02
  3.3582E-02 -5.9792E-03 -4.3599E-02 -3.9747E-02
  3.3894E-02 -6.0907E-03 -4.4338E-02 -4.0423E-02
  3.4210E-02 -6.2043E-03 -4.5089E-02 -4.1109E-02
  3.4528E-02 -6.3201E-03 -4.5852E-02 -4.1806E-02
  3.4849E-02 -6.4379E-03 -4.6628E-02 -4.2515E-02
  3.5173E-02 -6.5580E-03 -4.7416E-02 -4.3235E-02
  3.5500E-02 -6.6803E-03 -4.8216E-02 -4.3966E-02
  3.5830E-02 -6.8049E-03 -4.9029E-02 -4.4709E-02
  3.6164E-02 -6.9318E-03 -4.9855E-02 -4.5464E-02
  3.6500E-02 -7.0610E-03 -5.0694E-02 -4.6231E-02
  3.6840E-02 -7.1927E-03 -5.1546E-02 -4.7010E-02
  3.7182E-02 -7.3268E-03 -5.2412E-02 -4.7801E-02
  3.7528E-02 -7.4634E-03 -5.3292E-02 -4.8605E-02
  3.7877E-02 -7.6025E-03 -5.4185E-02 -4.9422E-02
  3.8229E-02 -7.7443E-03 -5.5092E-02 -5.0251E-02
  3.8585E-02 -7.8886E-03 -5.6014E-02 -5.1094E-02
  3.8944E-02 -8.0357E-03 -5.6950E-02 -5.1949E-02
  3.9306E-02 -8.1855E-03 -5.7900E-02 -5.2819E-02
  3.9672E-02 -8.3380E-03 -5.8866E-02 -5.3702E-02
  4.0041E-02 -8.4934E-03 -5.9846E-02 -5.4598E-02
  4.0413E-02 -8.6517E-03 -6.0842E-02 -5.5509E-02
  4.0789E-02 -8.8130E-03 -6.1853E-02 -5.6434E-02
  4.1168E-02 -8.9772E-03 -6.2880E-02 -5.7373E-02
  4.1551E-02 -9.1445E-03 -6.3923E-02 -5.8327E-02
  4.1938E-02 -9.3149E-03 -6.4981E-02 -5.9296E-02
  4.2328E-02 -9.4884E-03 -6.6057E-02 -6.0279E-02
  4.2722E-02 -9.6652E-03 -6.7148E-02 -6.1278E-02
  4.3119E-02 -9.8452E-03 -6.8256E-02 -6.2292E-02
  4.3520E-02 -1.0029E-02 -6.9382E-02 -6.3322E-02
  4.3925E-02 -1.0215E-02 -7.0524E-02 -6.4368E-02
  4.4333E-02 -1.0406E-02 -7.1684E-02 -6.5429E-02
  4.4746E-02 -1.0600E-02 -7.2861E-02 -6.6507E-02
  4.5162E-02 -1.0797E-02 -7.4057E-02 -6.7601E-02
  4.5582E-02 -1.0998E-02 -7.5270E-02 -6.8712E-02
  4.6006E-02 -1.1203E-02 -7.6502E-02 -6.9840E-02
  4.6434E-02 -1.1411E-02 -7.7752E-02 -7.0985E-02
  4.6866E-02 -1.1624E-02 -7.9022E-02 -7.2147E-02
  4.7302E-02 -1.1840E-02 -8.0310E-02 -7.3327E-02
  4.7742E-02 -1.2061E-02 -8.1617E-02 -7.4525E-02
  4.8186E-02 -1.2285E-02 -8.2944E-02 -7.5740E-02
  4.8634E-02 -1.2514E-02 -8.4291E-02 -7.6974E-02
  4.9086E-02 -1.2747E-02 -8.5658E-02 -7.8227E-02
  4.9543E-02 -1.2984E-02 -8.7045E-02 -7.9498E-02
  5.0004E-02 -1.3226E-02 -8.8453E-02 -8.0787E-02
  5.0469E-02 -1.3472E-02 -8.9881E-02 -8.2097E-02
  5.0938E-02 -1.3722E-02 -9.1331E-02 -8.3425E-02
  5.1412E-02 -1.3978E-02 -9.2801E-02 -8.4773E-02
  5.1890E-02 -1.4238E-02 -9.4294E-02 -8.6141E-02
  5.2373E-02 -1.4503E-02 -9.5808E-02 -8.7529E-02
  5.2860E-02 -1.4772E-02 -9.7344E-02 -8.8938E-02
  5.3351E-02 -1.5047E-02 -9.8902E-02 -9.0367E-02
  5.3848E-02 -1.5327E-02 -1.0048E-01 -9.1817E-02
  5.4348E-02 -1.5612E-02 -1.0209E-01 -9.3288E-02
  5.4854E-02 -1.5902E-02 -1.0371E-01 -9.4781E-02
  5.5364E-02 -1.6198E-02 -1.0536E-01 -9.6295E-02
  5.5879E-02 -1.6499E-02 -1.0704E-01 -9.7831E-02
  5.6399E-02 -1.6806E-02 -1.0874E-01 -9.9390E-02
  5.6923E-02 -1.7118E-02 -1.1046E-01 -1.0097E-01
  5.7453E-02 -1.7436E-02 -1.1221E-01 -1.0257E-01
  5.7987E-02 -1.7760E-02 -1.1398E-01 -1.0420E-01
  5.8527E-02 -1.8090E-02 -1.1577E-01 -1.0585E-01
  5.9071E-02 -1.8426E-02 -1.1760E-01 -1.0752E-01
  5.9620E-02 -1.8768E-02 -1.1944E-01 -1.0922E-01
  6.0175E-02 -1.9117E-02 -1.2132E-01 -1.1094E-01
  6.0735E-02 -1.9472E-02 -1.2322E-01 -1.1268E-01
  6.1300E-02 -1.9834E-02 -1.2514E-01 -1.1445E-01
  6.1870E-02 -2.0202E-02 -1.2710E-01 -1.1625E-01
  6.2445E-02 -2.0577E-02 -1.2908E-01 -1.1807E-01
  6.3026E-02 -2.0959E-02 -1.3108E-01 -1.1991E-01
  6.3612E-02 -2.1348E-02 -1.3312E-01 -1.2178E-01
  6.4204E-02 -2.1744E-02 -1.3518E-01 -1.2368E-01
  6.4801E-02 -2.2148E-02 -1.3727E-01 -1.2560E-01
  6.5404E-02 -2.2558E-02 -1.3939E-01 -1.2755E-01
  6.6012E-02 -2.2977E-02 -1.4154E-01 -1.2952E-01
  6.6626E-02 -2.3403E-02 -1.4371E-01 -1.3153E-01
  6.7246E-02 -2.3837E-02 -1.4592E-01 -1.3356E-01
  6.7871E-02 -2.4279E-02 -1.4816E-01 -1.3561E-01
  6.8502E-02 -2.4729E-02 -1.5042E-01 -1.3770E-01
  6.9140E-02 -2.5188E-02 -1.5272E-01 -1.3981E-01
  6.9783E-02 -2.5654E-02 -1.5504E-01 -1.4195E-01
  7.0432E-02 -2.6130E-02 -1.5740E-01 -1.4412E-01
  7.1087E-02 -2.6614E-02 -1.5979E-01 -1.4632E-01
  7.1748E-02 -2.7107E-02 -1.6221E-01 -1.4855E-01
  7.2415E-02 -2.7609E-02 -1.6466E-01 -1.5081E-01
  7.3089E-02 -2.8120E-02 -1.6714E-01 -1.5309E-01
  7.3769E-02 -2.8641E-02 -1.6966E-01 -1.5541E-01
  7.4455E-02 -2.9171E-02 -1.7220E-01 -1.5776E-01
  7.5147E-02 -2.9711E-02 -1.7478E-01 -1.6014E-01
  7.5846E-02 -3.0261E-02 -1.7739E-01 -1.6254E-01
  7.6552E-02 -3.0821E-02 -1.8004E-01 -1.6498E-01
  7.7264E-02 -3.1391E-02 -1.8272E-01 -1.6746E-01
  7.7982E-02 -3.1972E-02 -1.8543E-01 -1.6996E-01
  7.8708E-02 -3.2563E-02 -1.8818E-01 -1.7249E-01
  7.9440E-02 -3.3165E-02 -1.9096E-01 -1.7506E-01
  8.0179E-02 -3.3778E-02 -1.9378E-01 -1.7766E-01
  8.0924E-02 -3.4402E-02 -1.9663E-01 -1.8029E-01
  8.1677E-02 -3.5038E-02 -1.9952E-01 -1.8296E-01
  8.2437E-02 -3.5685E-02 -2.0244E-01 -1.8566E-01
  8.3204E-02 -3.6344E-02 -2.0540E-01 -1.8839E-01
  8.3977E-02 -3.7015E-02 -2.0839E-01 -1.9115E-01
  8.4759E-02 -3.7698E-02 -2.1142E-01 -1.9395E-01
  8.5547E-02 -3.8394E-02 -2.1448E-01 -1.9679E-01
  8.6343E-02 -3.9103E-02 -2.1759E-01 -1.9966E-01
  8.7146E-02 -3.9824E-02 -2.2073E-01 -2.0256E-01
  8.7956E-02 -4.0558E-02 -2.2390E-01 -2.0550E-01
  8.8774E-02 -4.1306E-02 -2.2712E-01 -2.0847E-01
  8.9600E-02 -4.2067E-02 -2.3037E-01 -2.1148E-01
  9.0433E-02 -4.2843E-02 -2.3366E-01 -2.1453E-01
  9.1274E-02 -4.3632E-02 -2.3698E-01 -2.1761E-01
  9.2123E-02 -4.4436E-02 -2.4035E-01 -2.2072E-01
  9.2980E-02 -4.5254E-02 -2.4375E-01 -2.2388E-01
  9.3845E-02 -4.6087E-02 -2.4720E-01 -2.2707E-01
  9.4718E-02 -4.6935E-02 -2.5068E-01 -2.3029E-01
  9.5599E-02 -4.7799E-02 -2.5420E-01 -2.3356E-01
  9.6488E-02 -4.8678E-02 -2.5776E-01 -2.3686E-01
  9.7386E-02 -4.9573E-02 -2.6135E-01 -2.4020E-01
  9.8291E-02 -5.0484E-02 -2.6499E-01 -2.4357E-01
  9.9206E-02 -5.1412E-02 -2.6867E-01 -2.4699E-01
  1.0013E-01 -5.2356E-02 -2.7239E-01 -2.5044E-01
  1.0106E-01 -5.3317E-02 -2.7615E-01 -2.5393E-01
  1.0200E-01 -5.4296E-02 -2.7994E-01 -2.5746E-01
  1.0295E-01 -5.5293E-02 -2.8378E-01 -2.6102E-01
  1.0391E-01 -5.6307E-02 -2.8766E-01 -2.6463E-01
  1.0487E-01 -5.7340E-02 -2.9158E-01 -2.6827E-01
  1.0585E-01 -5.8391E-02 -2.9554E-01 -2.7196E-01
  1.0683E-01 -5.9461E-02 -2.9954E-01 -2.7568E-01
  1.0783E-01 -6.0550E-02 -3.0358E-01 -2.7944E-01
  1.0883E-01 -6.1659E-02 -3.0766E-01 -2.8324E-01
  1.0984E-01 -6.2787E-02 -3.1179E-01 -2.8708E-01
  1.1086E-01 -6.3936E-02 -3.1595E-01 -2.9096E-01
  1.1189E-01 -6.5106E-02 -3.2016E-01 -2.9488E-01
  1.1293E-01 -6.6296E-02 -3.2440E-01 -2.9884E-01
  1.1398E-01 -6.7507E-02 -3.2869E-01 -3.0284E-01
  1.1504E-01 -6.8741E-02 -3.3302E-01 -3.0688E-01
  1.1611E-01 -6.9996E-02 -3.3739E-01 -3.1096E-01
  1.1719E-01 -7.1273E-02 -3.4180E-01 -3.1508E-01
  1.1829E-01 -7.2573E-02 -3.4625E-01 -3.1924E-01
  1.1939E-01 -7.3897E-02 -3.5075E-01 -3.2344E-01
  1.2050E-01 -7.5244E-02 -3.5528E-01 -3.2768E-01
  1.2162E-01 -7.6614E-02 -3.5986E-01 -3.3196E-01
  1.2275E-01 -7.8009E-02 -3.6447E-01 -3.3628E-01
  1.2389E-01 -7.9429E-02 -3.6913E-01 -3.4064E-01
  1.2504E-01 -8.0874E-02 -3.7383E-01 -3.4504E-01
  1.2620E-01 -8.2344E-02 -3.7857E-01 -3.4949E-01
  1.2738E-01 -8.3841E-02 -3.8335E-01 -3.5397E-01
  1.2856E-01 -8.5363E-02 -3.8817E-01 -3.5849E-01
  1.2976E-01 -8.6913E-02 -3.9303E-01 -3.6305E-01
  1.3097E-01 -8.8489E-02 -3.9793E-01 -3.6765E-01
  1.3218E-01 -9.0094E-02 -4.0287E-01 -3.7229E-01
  1.3341E-01 -9.1727E-02 -4.0785E-01 -3.7697E-01
  1.3465E-01 -9.3388E-02 -4.1287E-01 -3.8169E-01
  1.3591E-01 -9.5078E-02 -4.1793E-01 -3.8645E-01
  1.3717E-01 -9.6798E-02 -4.2302E-01 -3.9125E-01
  1.3845E-01 -9.8548E-02 -4.2816E-01 -3.9608E-01
  1.3973E-01 -1.0033E-01 -4.3333E-01 -4.0096E-01
  1.4103E-01 -1.0214E-01 -4.3854E-01 -4.0587E-01
  1.4235E-01 -1.0398E-01 -4.4379E-01 -4.1083E-01
  1.4367E-01 -1.0586E-01 -4.4908E-01 -4.1582E-01
  1.4501E-01 -1.0776E-01 -4.5441E-01 -4.2085E-01
  1.4635E-01 -1.0970E-01 -4.5977E-01 -4.2591E-01
  1.4772E-01 -1.1168E-01 -4.6516E-01 -4.3102E-01
  1.4909E-01 -1.1369E-01 -4.7060E-01 -4.3616E-01
  1.5048E-01 -1.1573E-01 -4.7606E-01 -4.4134E-01
  1.5188E-01 -1.1781E-01 -4.8157E-01 -4.4655E-01
  1.5329E-01 -1.1992E-01 -4.8710E-01 -4.5180E-01
  1.5471E-01 -1.2207E-01 -4.9267E-01 -4.5709E-01
  1.5615E-01 -1.2426E-01 -4.9828E-01 -4.6241E-01
  1.5761E-01 -1.2648E-01 -5.0391E-01 -4.6777E-01
  1.5907E-01 -1.2874E-01 -5.0958E-01 -4.7316E-01
  1.6055E-01 -1.3104E-01 -5.1528E-01 -4.7858E-01
  1.6204E-01 -1.3338E-01 -5.2101E-01 -4.8404E-01
  1.6355E-01 -1.3576E-01 -5.2678E-01 -4.8953E-01
  1.6507E-01 -1.3818E-01 -5.3257E-01 -4.9505E-01
  1.6661E-01 -1.4064E-01 -5.3839E-01 -5.0061E-01
  1.6816E-01 -1.4314E-01 -5.4423E-01 -5.0620E-01
  1.6972E-01 -1.4568E-01 -5.5011E-01 -5.1182E-01
  1.7130E-01 -1.4827E-01 -5.5601E-01 -5.1746E-01
  1.7289E-01 -1.5090E-01 -5.6193E-01 -5.2314E-01
  1.7450E-01 -1.5357E-01 -5.6789E-01 -5.2885E-01
  1.7612E-01 -1.5629E-01 -5.7386E-01 -5.3458E-01
  1.7776E-01 -1.5905E-01 -5.7986E-01 -5.4035E-01
  1.7942E-01 -1.6186E-01 -5.8588E-01 -5.4614E-01
  1.8109E-01 -1.6471E-01 -5.9192E-01 -5.5195E-01
  1.8277E-01 -1.6762E-01 -5.9798E-01 -5.5779E-01
  1.8447E-01 -1.7057E-01 -6.0406E-01 -5.6366E-01
  1.8619E-01 -1.7356E-01 -6.1016E-01 -5.6955E-01
  1.8792E-01 -1.7661E-01 -6.1628E-01 -5.7546E-01
  1.8966E-01 -1.7971E-01 -6.2241E-01 -5.8139E-01
  1.9143E-01 -1.8286E-01 -6.2856E-01 -5.8735E-01
  1.9321E-01 -1.8606E-01 -6.3472E-01 -5.9333E-01
  1.9501E-01 -1.8931E-01 -6.4089E-01 -5.9932E-01
  1.9682E-01 -1.9261E-01 -6.4707E-01 -6.0533E-01
  1.9865E-01 -1.9596E-01 -6.5327E-01 -6.1136E-01
  2.0050E-01 -1.9937E-01 -6.5947E-01 -6.1741E-01
  2.0236E-01 -2.0284E-01 -6.6568E-01 -6.2347E-01
  2.0425E-01 -2.0636E-01 -6.7190E-01 -6.2955E-01
  2.0615E-01 -2.0993E-01 -6.7812E-01 -6.3564E-01
  2.0806E-01 -2.1357E-01 -6.8434E-01 -6.4174E-01
  2.1000E-01 -2.1726E-01 -6.9057E-01 -6.4785E-01
  2.1195E-01 -2.2100E-01 -6.9679E-01 -6.5398E-01
  2.1392E-01 -2.2481E-01 -7.0302E-01 -6.6011E-01
  2.1591E-01 -2.2867E-01 -7.0924E-01 -6.6624E-01
  2.1792E-01 -2.3260E-01 -7.1546E-01 -6.7239E-01
  2.1995E-01 -2.3658E-01 -7.2168E-01 -6.7854E-01
  2.2199E-01 -2.4063E-01 -7.2788E-01 -6.8469E-01
  2.2406E-01 -2.4474E-01 -7.3408E-01 -6.9084E-01
  2.2614E-01 -2.4891E-01 -7.4027E-01 -6.9700E-01
  2.2824E-01 -2.5315E-01 -7.4644E-01 -7.0315E-01
  2.3037E-01 -2.5745E-01 -7.5260E-01 -7.0930E-01
  2.3251E-01 -2.6181E-01 -7.5875E-01 -7.1545E-01
  2.3467E-01 -2.6624E-01 -7.6487E-01 -7.2159E-01
  2.3686E-01 -2.7073E-01 -7.7098E-01 -7.2772E-01
  2.3906E-01 -2.7530E-01 -7.7707E-01 -7.3385E-01
  2.4128E-01 -2.7993E-01 -7.8313E-01 -7.3997E-01
  2.4353E-01 -2.8462E-01 -7.8917E-01 -7.4608E-01
  2.4579E-01 -2.8939E-01 -7.9518E-01 -7.5217E-01
  2.4808E-01 -2.9422E-01 -8.0117E-01 -7.5825E-01
  2.5038E-01 -2.9913E-01 -8.0712E-01 -7.6431E-01
  2.5271E-01 -3.0410E-01 -8.1304E-01 -7.7035E-01
  2.5506E-01 -3.0915E-01 -8.1892E-01 -7.7637E-01
  2.5744E-01 -3.1427E-01 -8.2477E-01 -7.8238E-01
  2.5983E-01 -3.1945E-01 -8.3058E-01 -7.8836E-01
  2.6225E-01 -3.2472E-01 -8.3634E-01 -7.9431E-01
  2.6469E-01 -3.3005E-01 -8.4207E-01 -8.0023E-01
  2.6715E-01 -3.3546E-01 -8.4775E-01 -8.0613E-01
  2.6963E-01 -3.4094E-01 -8.5338E-01 -8.1200E-01
  2.7214E-01 -3.4650E-01 -8.5896E-01 -8.1783E-01
  2.7467E-01 -3.5213E-01 -8.6448E-01 -8.2363E-01
  2.7723E-01 -3.5783E-01 -8.6996E-01 -8.2939E-01
  2.7981E-01 -3.6362E-01 -8.7537E-01 -8.3512E-01
  2.8241E-01 -3.6947E-01 -8.8073E-01 -8.4080E-01
  2.8503E-01 -3.7541E-01 -8.8602E-01 -8.4644E-01
  2.8769E-01 -3.8142E-01 -8.9126E-01 -8.5203E-01
  2.9036E-01 -3.8750E-01 -8.9642E-01 -8.5758E-01
  2.9306E-01 -3.9367E-01 -9.0152E-01 -8.6308E-01
  2.9579E-01 -3.9991E-01 -9.0654E-01 -8.6852E-01
  2.9854E-01 -4.0623E-01 -9.1150E-01 -8.7392E-01
  3.0132E-01 -4.1262E-01 -9.1637E-01 -8.7925E-01
  3.0412E-01 -4.1910E-01 -9.2117E-01 -8.8453E-01
  3.0695E-01 -4.2565E-01 -9.2589E-01 -8.8975E-01
  3.0980E-01 -4.3228E-01 -9.3052E-01 -8.9491E-01
  3.1268E-01 -4.3898E-01 -9.3507E-01 -9.0000E-01
  3.1559E-01 -4.4577E-01 -9.3953E-01 -9.0503E-01
  3.1853E-01 -4.5263E-01 -9.4390E-01 -9.0998E-01
  3.2149E-01 -4.5956E-01 -9.4817E-01 -9.1487E-01
  3.2448E-01 -4.6658E-01 -9.5235E-01 -9.1968E-01
  3.2750E-01 -4.7367E-01 -9.5644E-01 -9.2441E-01
  3.3054E-01 -4.8083E-01 -9.6042E-01 -9.2906E-01
  3.3362E-01 -4.8808E-01 -9.6429E-01 -9.3364E-01
  3.3672E-01 -4.9539E-01 -9.6806E-01 -9.3813E-01
  3.3985E-01 -5.0278E-01 -9.7173E-01 -9.4253E-01
  3.4301E-01 -5.1025E-01 -9.7528E-01 -9.4685E-01
  3.4620E-01 -5.1779E-01 -9.7872E-01 -9.5107E-01
  3.4942E-01 -5.2540E-01 -9.8204E-01 -9.5520E-01
  3.5267E-01 -5.3308E-01 -9.8524E-01 -9.5924E-01
  3.5595E-01 -5.4083E-01 -9.8833E-01 -9.6318E-01
  3.5927E-01 -5.4865E-01 -9.9129E-01 -9.6701E-01
  3.6261E-01 -5.5654E-01 -9.9412E-01 -9.7075E-01
  3.6598E-01 -5.6450E-01 -9.9683E-01 -9.7437E-01
  3.6938E-01 -5.7252E-01 -9.9940E-01 -9.7789E-01
  3.7282E-01 -5.8061E-01 -1.0018E+00 -9.8130E-01
  3.7629E-01 -5.8876E-01 -1.0042E+00 -9.8460E-01
  3.7979E-01 -5.9697E-01 -1.0063E+00 -9.8778E-01
  3.8332E-01 -6.0524E-01 -1.0084E+00 -9.9084E-01
  3.8688E-01 -6.1357E-01 -1.0102E+00 -9.9378E-01
  3.9048E-01 -6.2195E-01 -1.0120E+00 -9.9660E-01
  3.9411E-01 -6.3039E-01 -1.0136E+00 -9.9929E-01
  3.9778E-01 -6.3888E-01 -1.0150E+00 -1.0019E+00
  4.0148E-01 -6.4742E-01 -1.0163E+00 -1.0043E+00
  4.0521E-01 -6.5600E-01 -1.0175E+00 -1.0066E+00
  4.0898E-01 -6.6463E-01 -1.0184E+00 -1.0088E+00
  4.1279E-01 -6.7330E-01 -1.0193E+00 -1.0108E+00
  4.1663E-01 -6.8201E-01 -1.0199E+00 -1.0127E+00
  4.2050E-01 -6.9076E-01 -1.0205E+00 -1.0144E+00
  4.2441E-01 -6.9954E-01 -1.0208E+00 -1.0160E+00
  4.2836E-01 -7.0834E-01 -1.0210E+00 -1.0175E+00
  4.3234E-01 -7.1717E-01 -1.0210E+00 -1.0188E+00
  4.3637E-01 -7.2603E-01 -1.0208E+00 -1.0199E+00
  4.4042E-01 -7.3490E-01 -1.0205E+00 -1.0209E+00
  4.4452E-01 -7.4379E-01 -1.0200E+00 -1.0217E+00
  4.4865E-01 -7.5269E-01 -1.0193E+00 -1.0224E+00
  4.5283E-01 -7.6159E-01 -1.0185E+00 -1.0229E+00
  4.5704E-01 -7.7050E-01 -1.0175E+00 -1.0233E+00
  4.6129E-01 -7.7940E-01 -1.0163E+00 -1.0235E+00
  4.6558E-01 -7.8829E-01 -1.0149E+00 -1.0235E+00
  4.6991E-01 -7.9717E-01 -1.0133E+00 -1.0233E+00
  4.7428E-01 -8.0604E-01 -1.0116E+00 -1.0230E+00
  4.7869E-01 -8.1488E-01 -1.0097E+00 -1.0225E+00
  4.8315E-01 -8.2369E-01 -1.0076E+00 -1.0218E+00
  4.8764E-01 -8.3246E-01 -1.0053E+00 -1.0210E+00
  4.9217E-01 -8.4119E-01 -1.0028E+00 -1.0199E+00
  4.9675E-01 -8.4988E-01 -1.0001E+00 -1.0187E+00
  5.0137E-01 -8.5851E-01 -9.9730E-01 -1.0173E+00
  5.0604E-01 -8.6709E-01 -9.9427E-01 -1.0157E+00
  5.1074E-01 -8.7559E-01 -9.9104E-01 -1.0139E+00
  5.1549E-01 -8.8402E-01 -9.8763E-01 -1.0120E+00
  5.2029E-01 -8.9237E-01 -9.8403E-01 -1.0098E+00
  5.2513E-01 -9.0063E-01 -9.8024E-01 -1.0074E+00
  5.3001E-01 -9.0879E-01 -9.7625E-01 -1.0049E+00
  5.3494E-01 -9.1685E-01 -9.7208E-01 -1.0021E+00
  5.3992E-01 -9.2479E-01 -9.6772E-01 -9.9916E-01
  5.4494E-01 -9.3261E-01 -9.6317E-01 -9.9600E-01
  5.5001E-01 -9.4030E-01 -9.5843E-01 -9.9264E-01
  5.5512E-01 -9.4785E-01 -9.5350E-01 -9.8908E-01
  5.6029E-01 -9.5525E-01 -9.4838E-01 -9.8531E-01
  5.6550E-01 -9.6249E-01 -9.4307E-01 -9.8133E-01
  5.7076E-01 -9.6957E-01 -9.3757E-01 -9.7715E-01
  5.7606E-01 -9.7646E-01 -9.3188E-01 -9.7275E-01
  5.8142E-01 -9.8317E-01 -9.2600E-01 -9.6814E-01
  5.8683E-01 -9.8968E-01 -9.1994E-01 -9.6332E-01
  5.9229E-01 -9.9598E-01 -9.1369E-01 -9.5828E-01
  5.9780E-01 -1.0021E+00 -9.0725E-01 -9.5303E-01
  6.0336E-01 -1.0079E+00 -9.0062E-01 -9.4756E-01
  6.0897E-01 -1.0135E+00 -8.9381E-01 -9.4187E-01
  6.1463E-01 -1.0189E+00 -8.8682E-01 -9.3597E-01
  6.2035E-01 -1.0240E+00 -8.7964E-01 -9.2984E-01
  6.2612E-01 -1.0288E+00 -8.7228E-01 -9.2349E-01
  6.3194E-01 -1.0333E+00 -8.6473E-01 -9.1692E-01
  6.3782E-01 -1.0375E+00 -8.5701E-01 -9.1013E-01
  6.4375E-01 -1.0414E+00 -8.4910E-01 -9.0311E-01
  6.4974E-01 -1.0450E+00 -8.4102E-01 -8.9587E-01
  6.5578E-01 -1.0482E+00 -8.3276E-01 -8.8840E-01
  6.6188E-01 -1.0511E+00 -8.2432E-01 -8.8071E-01
  6.6804E-01 -1.0536E+00 -8.1570E-01 -8.7278E-01
  6.7425E-01 -1.0558E+00 -8.0691E-01 -8.6463E-01
  6.8053E-01 -1.0576E+00 -7.9794E-01 -8.5626E-01
  6.8685E-01 -1.0589E+00 -7.8881E-01 -8.4765E-01
  6.9324E-01 -1.0598E+00 -7.7949E-01 -8.3881E-01
  6.9969E-01 -1.0603E+00 -7.7001E-01 -8.2974E-01
  7.0620E-01 -1.0604E+00 -7.6036E-01 -8.2045E-01
  7.1277E-01 -1.0600E+00 -7.5054E-01 -8.1092E-01
  7.1940E-01 -1.0592E+00 -7.4055E-01 -8.0116E-01
  7.2609E-01 -1.0578E+00 -7.3039E-01 -7.9116E-01
  7.3284E-01 -1.0560E+00 -7.2006E-01 -7.8094E-01
  7.3966E-01 -1.0536E+00 -7.0957E-01 -7.7048E-01
  7.4654E-01 -1.0507E+00 -6.9891E-01 -7.5980E-01
  7.5348E-01 -1.0473E+00 -6.8808E-01 -7.4887E-01
  7.6049E-01 -1.0434E+00 -6.7709E-01 -7.3772E-01
  7.6756E-01 -1.0389E+00 -6.6594E-01 -7.2633E-01
  7.7470E-01 -1.0338E+00 -6.5462E-01 -7.1472E-01
  7.8191E-01 -1.0281E+00 -6.4313E-01 -7.0286E-01
  7.8918E-01 -1.0218E+00 -6.3148E-01 -6.9078E-01
  7.9652E-01 -1.0150E+00 -6.1967E-01 -6.7846E-01
  8.0393E-01 -1.0075E+00 -6.0769E-01 -6.6591E-01
  8.1140E-01 -9.9938E-01 -5.9555E-01 -6.5313E-01
  8.1895E-01 -9.9063E-01 -5.8324E-01 -6.4012E-01
  8.2657E-01 -9.8125E-01 -5.7076E-01 -6.2687E-01
  8.3426E-01 -9.7120E-01 -5.5812E-01 -6.1339E-01
  8.4202E-01 -9.6050E-01 -5.4531E-01 -5.9969E-01
  8.4985E-01 -9.4913E-01 -5.3232E-01 -5.8575E-01
  8.5775E-01 -9.3709E-01 -5.1917E-01 -5.7158E-01
  8.6573E-01 -9.2436E-01 -5.0585E-01 -5.5718E-01
  8.7378E-01 -9.1095E-01 -4.9235E-01 -5.4255E-01
  8.8191E-01 -8.9685E-01 -4.7867E-01 -5.2769E-01
  8.9011E-01 -8.8206E-01 -4.6482E-01 -5.1260E-01
  8.9839E-01 -8.6657E-01 -4.5079E-01 -4.9729E-01
  9.0675E-01 -8.5038E-01 -4.3657E-01 -4.8175E-01
  9.1518E-01 -8.3350E-01 -4.2217E-01 -4.6598E-01
  9.2369E-01 -8.1592E-01 -4.0759E-01 -4.4999E-01
  9.3228E-01 -7.9765E-01 -3.9281E-01 -4.3377E-01
  9.4095E-01 -7.7869E-01 -3.7785E-01 -4.1732E-01
  9.4971E-01 -7.5903E-01 -3.6268E-01 -4.0066E-01
  9.5854E-01 -7.3870E-01 -3.4732E-01 -3.8377E-01
  9.6745E-01 -7.1769E-01 -3.3176E-01 -3.6666E-01
  9.7645E-01 -6.9602E-01 -3.1599E-01 -3.4932E-01
  9.8554E-01 -6.7368E-01 -3.0002E-01 -3.3177E-01
  9.9470E-01 -6.5070E-01 -2.8383E-01 -3.1400E-01
  1.0040E+00 -6.2709E-01 -2.6743E-01 -2.9601E-01
  1.0133E+00 -6.0285E-01 -2.5081E-01 -2.7781E-01
  1.0227E+00 -5.7800E-01 -2.3397E-01 -2.5939E-01
  1.0322E+00 -5.5256E-01 -2.1691E-01 -2.4075E-01
  1.0418E+00 -5.2655E-01 -1.9961E-01 -2.2190E-01
  1.0515E+00 -4.9998E-01 -1.8209E-01 -2.0284E-01
  1.0613E+00 -4.7287E-01 -1.6433E-01 -1.8357E-01
  1.0712E+00 -4.4526E-01 -1.4633E-01 -1.6409E-01
  1.0811E+00 -4.1715E-01 -1.2809E-01 -1.4440E-01
  1.0912E+00 -3.8857E-01 -1.0961E-01 -1.2450E-01
  1.1013E+00 -3.5955E-01 -9.0882E-02 -1.0440E-01
  1.1116E+00 -3.3012E-01 -7.1905E-02 -8.4091E-02
  1.1219E+00 -3.0030E-01 -5.2676E-02 -6.3582E-02
  1.1324E+00 -2.7012E-01 -3.3195E-02 -4.2871E-02
  1.1429E+00 -2.3961E-01 -1.3460E-02 -2.1961E-02
  1.1535E+00 -2.0881E-01  6.5315E-03 -8.5276E-04
  1.1642E+00 -1.7773E-01  2.6779E-02  2.0452E-02
  1.1751E+00 -1.4642E-01  4.7284E-02  4.1952E-02
  1.1860E+00 -1.1491E-01  6.8046E-02  6.3644E-02
  1.1970E+00 -8.3226E-02  8.9065E-02  8.5528E-02
  1.2082E+00 -5.1406E-02  1.1034E-01  1.0760E-01
  1.2194E+00 -1.9481E-02  1.3187E-01  1.2986E-01
  1.2307E+00  1.2514E-02  1.5365E-01  1.5231E-01
  1.2422E+00  4.4547E-02  1.7569E-01  1.7494E-01
  1.2537E+00  7.6586E-02  1.9797E-01  1.9776E-01
  1.2654E+00  1.0860E-01  2.2050E-01  2.2075E-01
  1.2772E+00  1.4056E-01  2.4327E-01  2.4393E-01
  1.2891E+00  1.7243E-01  2.6628E-01  2.6727E-01
  1.3010E+00  2.0418E-01  2.8952E-01  2.9080E-01
  1.3131E+00  2.3580E-01  3.1298E-01  3.1449E-01
  1.3254E+00  2.6724E-01  3.3667E-01  3.3836E-01
  1.3377E+00  2.9850E-01  3.6058E-01  3.6239E-01
  1.3501E+00  3.2954E-01  3.8469E-01  3.8659E-01
  1.3627E+00  3.6035E-01  4.0901E-01  4.1096E-01
  1.3754E+00  3.9092E-01  4.3352E-01  4.3548E-01
  1.3882E+00  4.2123E-01  4.5822E-01  4.6017E-01
  1.4011E+00  4.5127E-01  4.8310E-01  4.8501E-01
  1.4141E+00  4.8103E-01  5.0816E-01  5.1000E-01
  1.4273E+00  5.1051E-01  5.3338E-01  5.3515E-01
  1.4405E+00  5.3972E-01  5.5877E-01  5.6045E-01
  1.4539E+00  5.6864E-01  5.8430E-01  5.8589E-01
  1.4674E+00  5.9731E-01  6.0999E-01  6.1148E-01
  1.4811E+00  6.2571E-01  6.3582E-01  6.3721E-01
  1.4949E+00  6.5388E-01  6.6178E-01  6.6308E-01
  1.5088E+00  6.8184E-01  6.8788E-01  6.8909E-01
  1.5228E+00  7.0961E-01  7.1411E-01  7.1523E-01
  1.5370E+00  7.3721E-01  7.4047E-01  7.4151E-01
  1.5513E+00  7.6469E-01  7.6697E-01  7.6791E-01
  1.5657E+00  7.9206E-01  7.9358E-01  7.9444E-01
  1.5803E+00  8.1936E-01  8.2033E-01  8.2109E-01
  1.5950E+00  8.4663E-01  8.4720E-01  8.4787E-01
  1.6098E+00  8.7388E-01  8.7419E-01  8.7477E-01
  1.6248E+00  9.0115E-01  9.0129E-01  9.0178E-01
  1.6399E+00  9.2846E-01  9.2851E-01  9.2890E-01
  1.6551E+00  9.5583E-01  9.5584E-01  9.5613E-01
  1.6705E+00  9.8328E-01  9.8328E-01  9.8347E-01
  1.6861E+00  1.0108E+00  1.0108E+00  1.0109E+00
  1.7017E+00  1.0385E+00  1.0385E+00  1.0385E+00
  1.7176E+00  1.0662E+00  1.0662E+00  1.0661E+00
  1.7335E+00  1.0941E+00  1.0941E+00  1.0939E+00
  1.7497E+00  1.1220E+00  1.1220E+00  1.1217E+00
  1.7659E+00  1.1500E+00  1.1500E+00  1.1496E+00
  1.7824E+00  1.1781E+00  1.1781E+00  1.1776E+00
  1.7989E+00  1.2063E+00  1.2063E+00  1.2057E+00
  1.8157E+00  1.2346E+00  1.2346E+00  1.2339E+00
  1.8326E+00  1.2630E+00  1.2630E+00  1.2622E+00
  1.8496E+00  1.2914E+00  1.2914E+00  1.2905E+00
  1.8668E+00  1.3199E+00  1.3199E+00  1.3189E+00
