 # l=           2 energy= -4.999999999999982E-002
  0.0000E+00  0.0000E+00  0.0000E+00  0.0000E+00
  8.4554E-09  5.1609E-25  5.1609E-25  1.9730E-24
  1.6990E-08  4.1866E-24  4.1866E-24  1.6005E-23
  2.5603E-08  1.4328E-23  1.4328E-23  5.4775E-23
  3.4297E-08  3.4441E-23  3.4441E-23  1.3166E-22
  4.3071E-08  6.8214E-23  6.8214E-23  2.6077E-22
  5.1927E-08  1.1954E-22  1.1954E-22  4.5697E-22
  6.0865E-08  1.9250E-22  1.9250E-22  7.3590E-22
  6.9887E-08  2.9141E-22  2.9141E-22  1.1140E-21
  7.8992E-08  4.2080E-22  4.2080E-22  1.6087E-21
  8.8183E-08  5.8542E-22  5.8542E-22  2.2380E-21
  9.7458E-08  7.9027E-22  7.9027E-22  3.0211E-21
  1.0682E-07  1.0406E-21  1.0406E-21  3.9780E-21
  1.1627E-07  1.3419E-21  1.3419E-21  5.1298E-21
  1.2581E-07  1.6999E-21  1.6999E-21  6.4985E-21
  1.3543E-07  2.1207E-21  2.1207E-21  8.1071E-21
  1.4515E-07  2.6106E-21  2.6106E-21  9.9800E-21
  1.5495E-07  3.1762E-21  3.1762E-21  1.2142E-20
  1.6485E-07  3.8245E-21  3.8245E-21  1.4621E-20
  1.7484E-07  4.5627E-21  4.5627E-21  1.7443E-20
  1.8492E-07  5.3984E-21  5.3984E-21  2.0637E-20
  1.9509E-07  6.3395E-21  6.3395E-21  2.4235E-20
  2.0536E-07  7.3942E-21  7.3942E-21  2.8267E-20
  2.1573E-07  8.5714E-21  8.5714E-21  3.2767E-20
  2.2619E-07  9.8798E-21  9.8798E-21  3.7769E-20
  2.3675E-07  1.1329E-20  1.1329E-20  4.3310E-20
  2.4741E-07  1.2929E-20  1.2929E-20  4.9426E-20
  2.5817E-07  1.4690E-20  1.4690E-20  5.6157E-20
  2.6902E-07  1.6622E-20  1.6622E-20  6.3543E-20
  2.7998E-07  1.8737E-20  1.8737E-20  7.1629E-20
  2.9104E-07  2.1046E-20  2.1046E-20  8.0456E-20
  3.0220E-07  2.3562E-20  2.3562E-20  9.0073E-20
  3.1347E-07  2.6296E-20  2.6296E-20  1.0053E-19
  3.2484E-07  2.9263E-20  2.9263E-20  1.1187E-19
  3.3632E-07  3.2476E-20  3.2476E-20  1.2415E-19
  3.4790E-07  3.5948E-20  3.5948E-20  1.3743E-19
  3.5959E-07  3.9695E-20  3.9695E-20  1.5175E-19
  3.7139E-07  4.3733E-20  4.3733E-20  1.6719E-19
  3.8330E-07  4.8077E-20  4.8077E-20  1.8379E-19
  3.9532E-07  5.2743E-20  5.2743E-20  2.0163E-19
  4.0745E-07  5.7750E-20  5.7750E-20  2.2077E-19
  4.1970E-07  6.3114E-20  6.3114E-20  2.4128E-19
  4.3206E-07  6.8856E-20  6.8856E-20  2.6323E-19
  4.4453E-07  7.4993E-20  7.4993E-20  2.8669E-19
  4.5712E-07  8.1548E-20  8.1548E-20  3.1175E-19
  4.6983E-07  8.8539E-20  8.8539E-20  3.3847E-19
  4.8265E-07  9.5989E-20  9.5989E-20  3.6696E-19
  4.9560E-07  1.0392E-19  1.0392E-19  3.9728E-19
  5.0866E-07  1.1236E-19  1.1236E-19  4.2953E-19
  5.2185E-07  1.2133E-19  1.2133E-19  4.6381E-19
  5.3516E-07  1.3085E-19  1.3085E-19  5.0021E-19
  5.4859E-07  1.4095E-19  1.4095E-19  5.3883E-19
  5.6215E-07  1.5166E-19  1.5166E-19  5.7978E-19
  5.7583E-07  1.6301E-19  1.6301E-19  6.2316E-19
  5.8964E-07  1.7502E-19  1.7502E-19  6.6908E-19
  6.0358E-07  1.8773E-19  1.8773E-19  7.1766E-19
  6.1765E-07  2.0117E-19  2.0117E-19  7.6903E-19
  6.3185E-07  2.1536E-19  2.1536E-19  8.2330E-19
  6.4619E-07  2.3035E-19  2.3035E-19  8.8060E-19
  6.6065E-07  2.4617E-19  2.4617E-19  9.4108E-19
  6.7525E-07  2.6285E-19  2.6285E-19  1.0049E-18
  6.8999E-07  2.8044E-19  2.8044E-19  1.0721E-18
  7.0486E-07  2.9897E-19  2.9897E-19  1.1429E-18
  7.1987E-07  3.1848E-19  3.1848E-19  1.2175E-18
  7.3502E-07  3.3902E-19  3.3902E-19  1.2960E-18
  7.5031E-07  3.6062E-19  3.6062E-19  1.3786E-18
  7.6575E-07  3.8333E-19  3.8333E-19  1.4654E-18
  7.8133E-07  4.0721E-19  4.0721E-19  1.5567E-18
  7.9705E-07  4.3229E-19  4.3229E-19  1.6526E-18
  8.1292E-07  4.5863E-19  4.5863E-19  1.7533E-18
  8.2893E-07  4.8627E-19  4.8627E-19  1.8589E-18
  8.4510E-07  5.1528E-19  5.1528E-19  1.9698E-18
  8.6142E-07  5.4570E-19  5.4570E-19  2.0861E-18
  8.7788E-07  5.7760E-19  5.7760E-19  2.2081E-18
  8.9450E-07  6.1103E-19  6.1103E-19  2.3359E-18
  9.1128E-07  6.4606E-19  6.4606E-19  2.4698E-18
  9.2821E-07  6.8274E-19  6.8274E-19  2.6100E-18
  9.4530E-07  7.2115E-19  7.2115E-19  2.7569E-18
  9.6255E-07  7.6135E-19  7.6135E-19  2.9105E-18
  9.7995E-07  8.0341E-19  8.0341E-19  3.0713E-18
  9.9752E-07  8.4740E-19  8.4740E-19  3.2395E-18
  1.0153E-06  8.9340E-19  8.9340E-19  3.4154E-18
  1.0332E-06  9.4149E-19  9.4149E-19  3.5992E-18
  1.0512E-06  9.9175E-19  9.9175E-19  3.7913E-18
  1.0695E-06  1.0442E-18  1.0442E-18  3.9920E-18
  1.0879E-06  1.0991E-18  1.0991E-18  4.2017E-18
  1.1064E-06  1.1564E-18  1.1564E-18  4.4206E-18
  1.1252E-06  1.2161E-18  1.2161E-18  4.6491E-18
  1.1441E-06  1.2785E-18  1.2785E-18  4.8876E-18
  1.1632E-06  1.3436E-18  1.3436E-18  5.1364E-18
  1.1825E-06  1.4115E-18  1.4115E-18  5.3960E-18
  1.2019E-06  1.4823E-18  1.4823E-18  5.6668E-18
  1.2216E-06  1.5562E-18  1.5562E-18  5.9490E-18
  1.2414E-06  1.6331E-18  1.6331E-18  6.2433E-18
  1.2614E-06  1.7134E-18  1.7134E-18  6.5500E-18
  1.2816E-06  1.7970E-18  1.7970E-18  6.8695E-18
  1.3019E-06  1.8840E-18  1.8840E-18  7.2024E-18
  1.3225E-06  1.9747E-18  1.9747E-18  7.5491E-18
  1.3433E-06  2.0692E-18  2.0692E-18  7.9101E-18
  1.3642E-06  2.1675E-18  2.1675E-18  8.2860E-18
  1.3854E-06  2.2699E-18  2.2699E-18  8.6773E-18
  1.4067E-06  2.3764E-18  2.3764E-18  9.0845E-18
  1.4282E-06  2.4872E-18  2.4872E-18  9.5083E-18
  1.4500E-06  2.6025E-18  2.6025E-18  9.9491E-18
  1.4719E-06  2.7225E-18  2.7225E-18  1.0408E-17
  1.4941E-06  2.8472E-18  2.8472E-18  1.0884E-17
  1.5164E-06  2.9769E-18  2.9769E-18  1.1380E-17
  1.5390E-06  3.1118E-18  3.1118E-18  1.1896E-17
  1.5617E-06  3.2519E-18  3.2519E-18  1.2432E-17
  1.5847E-06  3.3976E-18  3.3976E-18  1.2989E-17
  1.6079E-06  3.5490E-18  3.5490E-18  1.3567E-17
  1.6313E-06  3.7063E-18  3.7063E-18  1.4169E-17
  1.6550E-06  3.8697E-18  3.8697E-18  1.4793E-17
  1.6788E-06  4.0394E-18  4.0394E-18  1.5442E-17
  1.7029E-06  4.2156E-18  4.2156E-18  1.6116E-17
  1.7272E-06  4.3986E-18  4.3986E-18  1.6815E-17
  1.7517E-06  4.5887E-18  4.5887E-18  1.7542E-17
  1.7764E-06  4.7859E-18  4.7859E-18  1.8296E-17
  1.8014E-06  4.9906E-18  4.9906E-18  1.9078E-17
  1.8266E-06  5.2031E-18  5.2031E-18  1.9891E-17
  1.8521E-06  5.4236E-18  5.4236E-18  2.0734E-17
  1.8777E-06  5.6523E-18  5.6523E-18  2.1608E-17
  1.9037E-06  5.8897E-18  5.8897E-18  2.2515E-17
  1.9298E-06  6.1358E-18  6.1358E-18  2.3456E-17
  1.9562E-06  6.3912E-18  6.3912E-18  2.4432E-17
  1.9829E-06  6.6559E-18  6.6559E-18  2.5445E-17
  2.0098E-06  6.9305E-18  6.9305E-18  2.6494E-17
  2.0369E-06  7.2152E-18  7.2152E-18  2.7582E-17
  2.0643E-06  7.5103E-18  7.5103E-18  2.8711E-17
  2.0920E-06  7.8162E-18  7.8162E-18  2.9880E-17
  2.1199E-06  8.1332E-18  8.1332E-18  3.1092E-17
  2.1481E-06  8.4618E-18  8.4618E-18  3.2348E-17
  2.1765E-06  8.8023E-18  8.8023E-18  3.3650E-17
  2.2052E-06  9.1552E-18  9.1552E-18  3.4999E-17
  2.2342E-06  9.5207E-18  9.5207E-18  3.6396E-17
  2.2634E-06  9.8993E-18  9.8993E-18  3.7844E-17
  2.2929E-06  1.0292E-17  1.0292E-17  3.9343E-17
  2.3227E-06  1.0698E-17  1.0698E-17  4.0896E-17
  2.3528E-06  1.1119E-17  1.1119E-17  4.2504E-17
  2.3831E-06  1.1554E-17  1.1554E-17  4.4170E-17
  2.4137E-06  1.2005E-17  1.2005E-17  4.5895E-17
  2.4446E-06  1.2472E-17  1.2472E-17  4.7680E-17
  2.4758E-06  1.2956E-17  1.2956E-17  4.9529E-17
  2.5073E-06  1.3457E-17  1.3457E-17  5.1442E-17
  2.5391E-06  1.3975E-17  1.3975E-17  5.3423E-17
  2.5711E-06  1.4511E-17  1.4511E-17  5.5473E-17
  2.6035E-06  1.5066E-17  1.5066E-17  5.7595E-17
  2.6362E-06  1.5640E-17  1.5640E-17  5.9790E-17
  2.6692E-06  1.6235E-17  1.6235E-17  6.2062E-17
  2.7024E-06  1.6849E-17  1.6849E-17  6.4413E-17
  2.7360E-06  1.7486E-17  1.7486E-17  6.6845E-17
  2.7699E-06  1.8144E-17  1.8144E-17  6.9360E-17
  2.8042E-06  1.8824E-17  1.8824E-17  7.1963E-17
  2.8387E-06  1.9529E-17  1.9529E-17  7.4655E-17
  2.8735E-06  2.0257E-17  2.0257E-17  7.7439E-17
  2.9087E-06  2.1010E-17  2.1010E-17  8.0318E-17
  2.9442E-06  2.1789E-17  2.1789E-17  8.3296E-17
  2.9801E-06  2.2594E-17  2.2594E-17  8.6375E-17
  3.0162E-06  2.3427E-17  2.3427E-17  8.9558E-17
  3.0528E-06  2.4288E-17  2.4288E-17  9.2850E-17
  3.0896E-06  2.5178E-17  2.5178E-17  9.6253E-17
  3.1268E-06  2.6099E-17  2.6099E-17  9.9771E-17
  3.1643E-06  2.7050E-17  2.7050E-17  1.0341E-16
  3.2022E-06  2.8033E-17  2.8033E-17  1.0717E-16
  3.2405E-06  2.9050E-17  2.9050E-17  1.1105E-16
  3.2791E-06  3.0100E-17  3.0100E-17  1.1507E-16
  3.3180E-06  3.1185E-17  3.1185E-17  1.1922E-16
  3.3573E-06  3.2307E-17  3.2307E-17  1.2351E-16
  3.3970E-06  3.3466E-17  3.3466E-17  1.2794E-16
  3.4371E-06  3.4664E-17  3.4664E-17  1.3252E-16
  3.4775E-06  3.5902E-17  3.5902E-17  1.3725E-16
  3.5183E-06  3.7180E-17  3.7180E-17  1.4213E-16
  3.5595E-06  3.8501E-17  3.8501E-17  1.4718E-16
  3.6010E-06  3.9865E-17  3.9865E-17  1.5240E-16
  3.6430E-06  4.1275E-17  4.1275E-17  1.5779E-16
  3.6853E-06  4.2731E-17  4.2731E-17  1.6335E-16
  3.7280E-06  4.4235E-17  4.4235E-17  1.6910E-16
  3.7712E-06  4.5788E-17  4.5788E-17  1.7504E-16
  3.8147E-06  4.7392E-17  4.7392E-17  1.8117E-16
  3.8586E-06  4.9048E-17  4.9048E-17  1.8750E-16
  3.9030E-06  5.0759E-17  5.0759E-17  1.9404E-16
  3.9477E-06  5.2525E-17  5.2525E-17  2.0079E-16
  3.9929E-06  5.4349E-17  5.4349E-17  2.0777E-16
  4.0385E-06  5.6232E-17  5.6232E-17  2.1496E-16
  4.0845E-06  5.8176E-17  5.8176E-17  2.2240E-16
  4.1310E-06  6.0183E-17  6.0183E-17  2.3007E-16
  4.1779E-06  6.2255E-17  6.2255E-17  2.3799E-16
  4.2252E-06  6.4395E-17  6.4395E-17  2.4617E-16
  4.2729E-06  6.6603E-17  6.6603E-17  2.5461E-16
  4.3211E-06  6.8882E-17  6.8882E-17  2.6332E-16
  4.3698E-06  7.1235E-17  7.1235E-17  2.7232E-16
  4.4189E-06  7.3663E-17  7.3663E-17  2.8160E-16
  4.4684E-06  7.6169E-17  7.6169E-17  2.9118E-16
  4.5184E-06  7.8756E-17  7.8756E-17  3.0107E-16
  4.5689E-06  8.1425E-17  8.1425E-17  3.1127E-16
  4.6199E-06  8.4179E-17  8.4179E-17  3.2180E-16
  4.6713E-06  8.7022E-17  8.7022E-17  3.3267E-16
  4.7232E-06  8.9955E-17  8.9955E-17  3.4388E-16
  4.7756E-06  9.2981E-17  9.2981E-17  3.5545E-16
  4.8285E-06  9.6104E-17  9.6104E-17  3.6739E-16
  4.8818E-06  9.9326E-17  9.9326E-17  3.7970E-16
  4.9357E-06  1.0265E-16  1.0265E-16  3.9241E-16
  4.9900E-06  1.0608E-16  1.0608E-16  4.0552E-16
  5.0449E-06  1.0962E-16  1.0962E-16  4.1904E-16
  5.1003E-06  1.1327E-16  1.1327E-16  4.3300E-16
  5.1562E-06  1.1703E-16  1.1703E-16  4.4739E-16
  5.2126E-06  1.2091E-16  1.2091E-16  4.6223E-16
  5.2695E-06  1.2492E-16  1.2492E-16  4.7755E-16
  5.3270E-06  1.2905E-16  1.2905E-16  4.9334E-16
  5.3850E-06  1.3331E-16  1.3331E-16  5.0963E-16
  5.4435E-06  1.3771E-16  1.3771E-16  5.2643E-16
  5.5026E-06  1.4224E-16  1.4224E-16  5.4376E-16
  5.5623E-06  1.4692E-16  1.4692E-16  5.6163E-16
  5.6224E-06  1.5174E-16  1.5174E-16  5.8006E-16
  5.6832E-06  1.5671E-16  1.5671E-16  5.9907E-16
  5.7445E-06  1.6184E-16  1.6184E-16  6.1867E-16
  5.8064E-06  1.6712E-16  1.6712E-16  6.3888E-16
  5.8689E-06  1.7258E-16  1.7258E-16  6.5972E-16
  5.9319E-06  1.7820E-16  1.7820E-16  6.8121E-16
  5.9955E-06  1.8399E-16  1.8399E-16  7.0337E-16
  6.0597E-06  1.8997E-16  1.8997E-16  7.2621E-16
  6.1246E-06  1.9613E-16  1.9613E-16  7.4976E-16
  6.1900E-06  2.0248E-16  2.0248E-16  7.7405E-16
  6.2560E-06  2.0903E-16  2.0903E-16  7.9908E-16
  6.3227E-06  2.1578E-16  2.1578E-16  8.2489E-16
  6.3899E-06  2.2274E-16  2.2274E-16  8.5150E-16
  6.4578E-06  2.2992E-16  2.2992E-16  8.7893E-16
  6.5263E-06  2.3731E-16  2.3731E-16  9.0720E-16
  6.5955E-06  2.4494E-16  2.4494E-16  9.3635E-16
  6.6653E-06  2.5280E-16  2.5280E-16  9.6639E-16
  6.7357E-06  2.6090E-16  2.6090E-16  9.9736E-16
  6.8068E-06  2.6925E-16  2.6925E-16  1.0293E-15
  6.8786E-06  2.7786E-16  2.7786E-16  1.0622E-15
  6.9510E-06  2.8673E-16  2.8673E-16  1.0961E-15
  7.0241E-06  2.9587E-16  2.9587E-16  1.1310E-15
  7.0979E-06  3.0529E-16  3.0529E-16  1.1671E-15
  7.1724E-06  3.1500E-16  3.1500E-16  1.2042E-15
  7.2476E-06  3.2501E-16  3.2501E-16  1.2424E-15
  7.3234E-06  3.3532E-16  3.3532E-16  1.2819E-15
  7.4000E-06  3.4595E-16  3.4595E-16  1.3225E-15
  7.4773E-06  3.5690E-16  3.5690E-16  1.3644E-15
  7.5553E-06  3.6819E-16  3.6819E-16  1.4075E-15
  7.6340E-06  3.7982E-16  3.7982E-16  1.4520E-15
  7.7135E-06  3.9180E-16  3.9180E-16  1.4978E-15
  7.7937E-06  4.0415E-16  4.0415E-16  1.5450E-15
  7.8746E-06  4.1688E-16  4.1688E-16  1.5936E-15
  7.9563E-06  4.2999E-16  4.2999E-16  1.6437E-15
  8.0388E-06  4.4349E-16  4.4349E-16  1.6954E-15
  8.1220E-06  4.5741E-16  4.5741E-16  1.7486E-15
  8.2060E-06  4.7175E-16  4.7175E-16  1.8034E-15
  8.2908E-06  4.8652E-16  4.8652E-16  1.8599E-15
  8.3763E-06  5.0174E-16  5.0174E-16  1.9180E-15
  8.4627E-06  5.1742E-16  5.1742E-16  1.9780E-15
  8.5499E-06  5.3358E-16  5.3358E-16  2.0397E-15
  8.6378E-06  5.5022E-16  5.5022E-16  2.1033E-15
  8.7266E-06  5.6736E-16  5.6736E-16  2.1689E-15
  8.8163E-06  5.8502E-16  5.8502E-16  2.2364E-15
  8.9067E-06  6.0321E-16  6.0321E-16  2.3059E-15
  8.9980E-06  6.2196E-16  6.2196E-16  2.3776E-15
  9.0902E-06  6.4126E-16  6.4126E-16  2.4514E-15
  9.1832E-06  6.6114E-16  6.6114E-16  2.5274E-15
  9.2770E-06  6.8163E-16  6.8163E-16  2.6057E-15
  9.3718E-06  7.0272E-16  7.0272E-16  2.6863E-15
  9.4674E-06  7.2445E-16  7.2445E-16  2.7694E-15
  9.5639E-06  7.4684E-16  7.4684E-16  2.8550E-15
  9.6613E-06  7.6989E-16  7.6989E-16  2.9431E-15
  9.7596E-06  7.9363E-16  7.9363E-16  3.0338E-15
  9.8589E-06  8.1809E-16  8.1809E-16  3.1273E-15
  9.9590E-06  8.4327E-16  8.4327E-16  3.2236E-15
  1.0060E-05  8.6921E-16  8.6921E-16  3.3228E-15
  1.0162E-05  8.9593E-16  8.9593E-16  3.4249E-15
  1.0265E-05  9.2344E-16  9.2344E-16  3.5301E-15
  1.0369E-05  9.5177E-16  9.5177E-16  3.6384E-15
  1.0474E-05  9.8095E-16  9.8095E-16  3.7499E-15
  1.0580E-05  1.0110E-15  1.0110E-15  3.8648E-15
  1.0687E-05  1.0419E-15  1.0419E-15  3.9831E-15
  1.0795E-05  1.0738E-15  1.0738E-15  4.1049E-15
  1.0903E-05  1.1066E-15  1.1066E-15  4.2303E-15
  1.1013E-05  1.1404E-15  1.1404E-15  4.3595E-15
  1.1124E-05  1.1752E-15  1.1752E-15  4.4925E-15
  1.1236E-05  1.2110E-15  1.2110E-15  4.6295E-15
  1.1349E-05  1.2479E-15  1.2479E-15  4.7705E-15
  1.1463E-05  1.2859E-15  1.2859E-15  4.9157E-15
  1.1578E-05  1.3250E-15  1.3250E-15  5.0652E-15
  1.1694E-05  1.3653E-15  1.3653E-15  5.2192E-15
  1.1811E-05  1.4068E-15  1.4068E-15  5.3777E-15
  1.1930E-05  1.4495E-15  1.4495E-15  5.5410E-15
  1.2049E-05  1.4935E-15  1.4935E-15  5.7090E-15
  1.2170E-05  1.5387E-15  1.5387E-15  5.8821E-15
  1.2291E-05  1.5853E-15  1.5853E-15  6.0602E-15
  1.2414E-05  1.6333E-15  1.6333E-15  6.2436E-15
  1.2538E-05  1.6827E-15  1.6827E-15  6.4325E-15
  1.2663E-05  1.7336E-15  1.7336E-15  6.6269E-15
  1.2789E-05  1.7859E-15  1.7859E-15  6.8271E-15
  1.2917E-05  1.8398E-15  1.8398E-15  7.0331E-15
  1.3045E-05  1.8953E-15  1.8953E-15  7.2453E-15
  1.3175E-05  1.9525E-15  1.9525E-15  7.4637E-15
  1.3306E-05  2.0113E-15  2.0113E-15  7.6885E-15
  1.3438E-05  2.0718E-15  2.0718E-15  7.9200E-15
  1.3572E-05  2.1342E-15  2.1342E-15  8.1583E-15
  1.3706E-05  2.1984E-15  2.1984E-15  8.4036E-15
  1.3842E-05  2.2644E-15  2.2644E-15  8.6561E-15
  1.3980E-05  2.3324E-15  2.3324E-15  8.9161E-15
  1.4118E-05  2.4024E-15  2.4024E-15  9.1837E-15
  1.4258E-05  2.4745E-15  2.4745E-15  9.4591E-15
  1.4399E-05  2.5487E-15  2.5487E-15  9.7427E-15
  1.4541E-05  2.6250E-15  2.6250E-15  1.0035E-14
  1.4685E-05  2.7036E-15  2.7036E-15  1.0335E-14
  1.4830E-05  2.7845E-15  2.7845E-15  1.0644E-14
  1.4976E-05  2.8678E-15  2.8678E-15  1.0963E-14
  1.5124E-05  2.9535E-15  2.9535E-15  1.1290E-14
  1.5273E-05  3.0417E-15  3.0417E-15  1.1628E-14
  1.5424E-05  3.1325E-15  3.1325E-15  1.1975E-14
  1.5576E-05  3.2260E-15  3.2260E-15  1.2332E-14
  1.5729E-05  3.3222E-15  3.3222E-15  1.2700E-14
  1.5884E-05  3.4213E-15  3.4213E-15  1.3078E-14
  1.6040E-05  3.5232E-15  3.5232E-15  1.3468E-14
  1.6198E-05  3.6281E-15  3.6281E-15  1.3869E-14
  1.6357E-05  3.7360E-15  3.7360E-15  1.4282E-14
  1.6517E-05  3.8472E-15  3.8472E-15  1.4706E-14
  1.6679E-05  3.9615E-15  3.9615E-15  1.5144E-14
  1.6843E-05  4.0793E-15  4.0793E-15  1.5594E-14
  1.7008E-05  4.2004E-15  4.2004E-15  1.6057E-14
  1.7175E-05  4.3251E-15  4.3251E-15  1.6533E-14
  1.7343E-05  4.4534E-15  4.4534E-15  1.7024E-14
  1.7513E-05  4.5855E-15  4.5855E-15  1.7529E-14
  1.7684E-05  4.7214E-15  4.7214E-15  1.8048E-14
  1.7857E-05  4.8612E-15  4.8612E-15  1.8583E-14
  1.8032E-05  5.0052E-15  5.0052E-15  1.9133E-14
  1.8208E-05  5.1533E-15  5.1533E-15  1.9699E-14
  1.8386E-05  5.3058E-15  5.3058E-15  2.0282E-14
  1.8565E-05  5.4627E-15  5.4627E-15  2.0882E-14
  1.8746E-05  5.6241E-15  5.6241E-15  2.1499E-14
  1.8929E-05  5.7903E-15  5.7903E-15  2.2134E-14
  1.9113E-05  5.9613E-15  5.9613E-15  2.2788E-14
  1.9300E-05  6.1372E-15  6.1372E-15  2.3460E-14
  1.9488E-05  6.3183E-15  6.3183E-15  2.4152E-14
  1.9677E-05  6.5046E-15  6.5046E-15  2.4864E-14
  1.9869E-05  6.6963E-15  6.6963E-15  2.5597E-14
  2.0062E-05  6.8936E-15  6.8936E-15  2.6352E-14
  2.0257E-05  7.0967E-15  7.0967E-15  2.7128E-14
  2.0454E-05  7.3056E-15  7.3056E-15  2.7926E-14
  2.0653E-05  7.5206E-15  7.5206E-15  2.8748E-14
  2.0853E-05  7.7418E-15  7.7418E-15  2.9594E-14
  2.1056E-05  7.9694E-15  7.9694E-15  3.0464E-14
  2.1260E-05  8.2037E-15  8.2037E-15  3.1359E-14
  2.1466E-05  8.4447E-15  8.4447E-15  3.2280E-14
  2.1674E-05  8.6927E-15  8.6927E-15  3.3228E-14
  2.1884E-05  8.9478E-15  8.9478E-15  3.4204E-14
  2.2096E-05  9.2104E-15  9.2104E-15  3.5207E-14
  2.2310E-05  9.4806E-15  9.4806E-15  3.6240E-14
  2.2526E-05  9.7586E-15  9.7586E-15  3.7303E-14
  2.2744E-05  1.0045E-14  1.0045E-14  3.8396E-14
  2.2964E-05  1.0339E-14  1.0339E-14  3.9521E-14
  2.3186E-05  1.0642E-14  1.0642E-14  4.0679E-14
  2.3410E-05  1.0953E-14  1.0953E-14  4.1870E-14
  2.3637E-05  1.1274E-14  1.1274E-14  4.3095E-14
  2.3865E-05  1.1604E-14  1.1604E-14  4.4356E-14
  2.4095E-05  1.1943E-14  1.1943E-14  4.5653E-14
  2.4328E-05  1.2292E-14  1.2292E-14  4.6988E-14
  2.4563E-05  1.2652E-14  1.2652E-14  4.8361E-14
  2.4800E-05  1.3021E-14  1.3021E-14  4.9774E-14
  2.5039E-05  1.3401E-14  1.3401E-14  5.1227E-14
  2.5280E-05  1.3793E-14  1.3793E-14  5.2723E-14
  2.5524E-05  1.4195E-14  1.4195E-14  5.4261E-14
  2.5769E-05  1.4609E-14  1.4609E-14  5.5845E-14
  2.6018E-05  1.5035E-14  1.5035E-14  5.7473E-14
  2.6268E-05  1.5474E-14  1.5474E-14  5.9149E-14
  2.6521E-05  1.5925E-14  1.5925E-14  6.0873E-14
  2.6776E-05  1.6389E-14  1.6389E-14  6.2647E-14
  2.7033E-05  1.6866E-14  1.6866E-14  6.4471E-14
  2.7293E-05  1.7357E-14  1.7357E-14  6.6349E-14
  2.7556E-05  1.7863E-14  1.7863E-14  6.8280E-14
  2.7820E-05  1.8383E-14  1.8383E-14  7.0267E-14
  2.8088E-05  1.8917E-14  1.8917E-14  7.2311E-14
  2.8357E-05  1.9468E-14  1.9468E-14  7.4414E-14
  2.8629E-05  2.0034E-14  2.0034E-14  7.6578E-14
  2.8904E-05  2.0616E-14  2.0616E-14  7.8803E-14
  2.9181E-05  2.1215E-14  2.1215E-14  8.1093E-14
  2.9461E-05  2.1831E-14  2.1831E-14  8.3449E-14
  2.9744E-05  2.2465E-14  2.2465E-14  8.5872E-14
  3.0029E-05  2.3117E-14  2.3117E-14  8.8365E-14
  3.0317E-05  2.3788E-14  2.3788E-14  9.0930E-14
  3.0607E-05  2.4479E-14  2.4479E-14  9.3568E-14
  3.0900E-05  2.5189E-14  2.5189E-14  9.6282E-14
  3.1196E-05  2.5919E-14  2.5919E-14  9.9074E-14
  3.1495E-05  2.6671E-14  2.6671E-14  1.0195E-13
  3.1796E-05  2.7444E-14  2.7444E-14  1.0490E-13
  3.2100E-05  2.8239E-14  2.8239E-14  1.0794E-13
  3.2407E-05  2.9057E-14  2.9057E-14  1.1107E-13
  3.2717E-05  2.9898E-14  2.9898E-14  1.1428E-13
  3.3030E-05  3.0764E-14  3.0764E-14  1.1759E-13
  3.3346E-05  3.1654E-14  3.1654E-14  1.2100E-13
  3.3664E-05  3.2570E-14  3.2570E-14  1.2450E-13
  3.3986E-05  3.3513E-14  3.3513E-14  1.2810E-13
  3.4310E-05  3.4482E-14  3.4482E-14  1.3180E-13
  3.4638E-05  3.5479E-14  3.5479E-14  1.3562E-13
  3.4969E-05  3.6505E-14  3.6505E-14  1.3954E-13
  3.5302E-05  3.7560E-14  3.7560E-14  1.4357E-13
  3.5639E-05  3.8645E-14  3.8645E-14  1.4772E-13
  3.5979E-05  3.9762E-14  3.9762E-14  1.5198E-13
  3.6322E-05  4.0910E-14  4.0910E-14  1.5637E-13
  3.6668E-05  4.2091E-14  4.2091E-14  1.6089E-13
  3.7018E-05  4.3306E-14  4.3306E-14  1.6553E-13
  3.7371E-05  4.4556E-14  4.4556E-14  1.7031E-13
  3.7727E-05  4.5842E-14  4.5842E-14  1.7522E-13
  3.8086E-05  4.7164E-14  4.7164E-14  1.8028E-13
  3.8449E-05  4.8525E-14  4.8525E-14  1.8548E-13
  3.8815E-05  4.9924E-14  4.9924E-14  1.9083E-13
  3.9184E-05  5.1363E-14  5.1363E-14  1.9633E-13
  3.9557E-05  5.2844E-14  5.2844E-14  2.0199E-13
  3.9934E-05  5.4366E-14  5.4366E-14  2.0781E-13
  4.0313E-05  5.5933E-14  5.5933E-14  2.1379E-13
  4.0697E-05  5.7544E-14  5.7544E-14  2.1995E-13
  4.1084E-05  5.9201E-14  5.9201E-14  2.2628E-13
  4.1474E-05  6.0906E-14  6.0906E-14  2.3280E-13
  4.1869E-05  6.2659E-14  6.2659E-14  2.3950E-13
  4.2266E-05  6.4462E-14  6.4462E-14  2.4639E-13
  4.2668E-05  6.6317E-14  6.6317E-14  2.5348E-13
  4.3073E-05  6.8225E-14  6.8225E-14  2.6077E-13
  4.3482E-05  7.0187E-14  7.0187E-14  2.6827E-13
  4.3895E-05  7.2206E-14  7.2206E-14  2.7599E-13
  4.4312E-05  7.4282E-14  7.4282E-14  2.8392E-13
  4.4733E-05  7.6417E-14  7.6417E-14  2.9209E-13
  4.5157E-05  7.8614E-14  7.8614E-14  3.0048E-13
  4.5586E-05  8.0873E-14  8.0873E-14  3.0911E-13
  4.6018E-05  8.3196E-14  8.3196E-14  3.1799E-13
  4.6455E-05  8.5586E-14  8.5586E-14  3.2713E-13
  4.6895E-05  8.8044E-14  8.8044E-14  3.3652E-13
  4.7340E-05  9.0572E-14  9.0572E-14  3.4619E-13
  4.7788E-05  9.3172E-14  9.3172E-14  3.5612E-13
  4.8241E-05  9.5847E-14  9.5847E-14  3.6634E-13
  4.8698E-05  9.8597E-14  9.8597E-14  3.7686E-13
  4.9160E-05  1.0143E-13  1.0143E-13  3.8767E-13
  4.9626E-05  1.0434E-13  1.0434E-13  3.9879E-13
  5.0096E-05  1.0733E-13  1.0733E-13  4.1023E-13
  5.0570E-05  1.1041E-13  1.1041E-13  4.2199E-13
  5.1049E-05  1.1357E-13  1.1357E-13  4.3409E-13
  5.1532E-05  1.1683E-13  1.1683E-13  4.4654E-13
  5.2020E-05  1.2018E-13  1.2018E-13  4.5934E-13
  5.2512E-05  1.2362E-13  1.2362E-13  4.7250E-13
  5.3009E-05  1.2716E-13  1.2716E-13  4.8604E-13
  5.3510E-05  1.3081E-13  1.3081E-13  4.9997E-13
  5.4017E-05  1.3456E-13  1.3456E-13  5.1429E-13
  5.4527E-05  1.3841E-13  1.3841E-13  5.2902E-13
  5.5043E-05  1.4237E-13  1.4237E-13  5.4416E-13
  5.5564E-05  1.4645E-13  1.4645E-13  5.5974E-13
  5.6089E-05  1.5064E-13  1.5064E-13  5.7577E-13
  5.6619E-05  1.5495E-13  1.5495E-13  5.9225E-13
  5.7154E-05  1.5939E-13  1.5939E-13  6.0920E-13
  5.7694E-05  1.6395E-13  1.6395E-13  6.2663E-13
  5.8239E-05  1.6864E-13  1.6864E-13  6.4455E-13
  5.8789E-05  1.7346E-13  1.7346E-13  6.6299E-13
  5.9344E-05  1.7843E-13  1.7843E-13  6.8195E-13
  5.9905E-05  1.8353E-13  1.8353E-13  7.0146E-13
  6.0471E-05  1.8878E-13  1.8878E-13  7.2151E-13
  6.1041E-05  1.9417E-13  1.9417E-13  7.4214E-13
  6.1618E-05  1.9973E-13  1.9973E-13  7.6335E-13
  6.2199E-05  2.0543E-13  2.0543E-13  7.8517E-13
  6.2786E-05  2.1131E-13  2.1131E-13  8.0761E-13
  6.3379E-05  2.1734E-13  2.1734E-13  8.3068E-13
  6.3977E-05  2.2355E-13  2.2355E-13  8.5441E-13
  6.4580E-05  2.2994E-13  2.2994E-13  8.7882E-13
  6.5189E-05  2.3651E-13  2.3651E-13  9.0392E-13
  6.5804E-05  2.4326E-13  2.4326E-13  9.2973E-13
  6.6424E-05  2.5021E-13  2.5021E-13  9.5628E-13
  6.7051E-05  2.5735E-13  2.5735E-13  9.8358E-13
  6.7683E-05  2.6470E-13  2.6470E-13  1.0117E-12
  6.8321E-05  2.7226E-13  2.7226E-13  1.0405E-12
  6.8965E-05  2.8003E-13  2.8003E-13  1.0702E-12
  6.9615E-05  2.8802E-13  2.8802E-13  1.1008E-12
  7.0270E-05  2.9624E-13  2.9624E-13  1.1322E-12
  7.0933E-05  3.0469E-13  3.0469E-13  1.1645E-12
  7.1601E-05  3.1338E-13  3.1338E-13  1.1977E-12
  7.2275E-05  3.2232E-13  3.2232E-13  1.2319E-12
  7.2956E-05  3.3151E-13  3.3151E-13  1.2670E-12
  7.3643E-05  3.4096E-13  3.4096E-13  1.3031E-12
  7.4336E-05  3.5069E-13  3.5069E-13  1.3403E-12
  7.5036E-05  3.6069E-13  3.6069E-13  1.3785E-12
  7.5742E-05  3.7097E-13  3.7097E-13  1.4178E-12
  7.6455E-05  3.8154E-13  3.8154E-13  1.4582E-12
  7.7175E-05  3.9242E-13  3.9242E-13  1.4997E-12
  7.7901E-05  4.0360E-13  4.0360E-13  1.5425E-12
  7.8634E-05  4.1510E-13  4.1510E-13  1.5864E-12
  7.9374E-05  4.2693E-13  4.2693E-13  1.6316E-12
  8.0121E-05  4.3909E-13  4.3909E-13  1.6781E-12
  8.0874E-05  4.5160E-13  4.5160E-13  1.7259E-12
  8.1635E-05  4.6446E-13  4.6446E-13  1.7750E-12
  8.2403E-05  4.7769E-13  4.7769E-13  1.8256E-12
  8.3178E-05  4.9129E-13  4.9129E-13  1.8776E-12
  8.3960E-05  5.0528E-13  5.0528E-13  1.9310E-12
  8.4749E-05  5.1967E-13  5.1967E-13  1.9860E-12
  8.5546E-05  5.3446E-13  5.3446E-13  2.0425E-12
  8.6350E-05  5.4967E-13  5.4967E-13  2.1007E-12
  8.7162E-05  5.6532E-13  5.6532E-13  2.1605E-12
  8.7981E-05  5.8141E-13  5.8141E-13  2.2219E-12
  8.8807E-05  5.9795E-13  5.9795E-13  2.2852E-12
  8.9642E-05  6.1497E-13  6.1497E-13  2.3502E-12
  9.0484E-05  6.3246E-13  6.3246E-13  2.4170E-12
  9.1334E-05  6.5046E-13  6.5046E-13  2.4858E-12
  9.2192E-05  6.6896E-13  6.6896E-13  2.5565E-12
  9.3058E-05  6.8799E-13  6.8799E-13  2.6292E-12
  9.3932E-05  7.0755E-13  7.0755E-13  2.7040E-12
  9.4814E-05  7.2768E-13  7.2768E-13  2.7808E-12
  9.5705E-05  7.4837E-13  7.4837E-13  2.8599E-12
  9.6603E-05  7.6965E-13  7.6965E-13  2.9412E-12
  9.7510E-05  7.9153E-13  7.9153E-13  3.0248E-12
  9.8425E-05  8.1403E-13  8.1403E-13  3.1108E-12
  9.9349E-05  8.3717E-13  8.3717E-13  3.1992E-12
  1.0028E-04  8.6097E-13  8.6097E-13  3.2902E-12
  1.0122E-04  8.8544E-13  8.8544E-13  3.3837E-12
  1.0217E-04  9.1060E-13  9.1060E-13  3.4798E-12
  1.0313E-04  9.3647E-13  9.3647E-13  3.5787E-12
  1.0410E-04  9.6308E-13  9.6308E-13  3.6803E-12
  1.0508E-04  9.9045E-13  9.9045E-13  3.7849E-12
  1.0606E-04  1.0186E-12  1.0186E-12  3.8924E-12
  1.0706E-04  1.0475E-12  1.0475E-12  4.0030E-12
  1.0806E-04  1.0773E-12  1.0773E-12  4.1166E-12
  1.0907E-04  1.1079E-12  1.1079E-12  4.2336E-12
  1.1010E-04  1.1393E-12  1.1393E-12  4.3538E-12
  1.1113E-04  1.1717E-12  1.1717E-12  4.4774E-12
  1.1217E-04  1.2050E-12  1.2050E-12  4.6045E-12
  1.1322E-04  1.2392E-12  1.2392E-12  4.7352E-12
  1.1429E-04  1.2744E-12  1.2744E-12  4.8697E-12
  1.1536E-04  1.3105E-12  1.3105E-12  5.0079E-12
  1.1644E-04  1.3477E-12  1.3477E-12  5.1500E-12
  1.1753E-04  1.3860E-12  1.3860E-12  5.2962E-12
  1.1863E-04  1.4253E-12  1.4253E-12  5.4465E-12
  1.1974E-04  1.4658E-12  1.4658E-12  5.6010E-12
  1.2087E-04  1.5074E-12  1.5074E-12  5.7600E-12
  1.2200E-04  1.5502E-12  1.5502E-12  5.9234E-12
  1.2314E-04  1.5941E-12  1.5941E-12  6.0914E-12
  1.2429E-04  1.6394E-12  1.6394E-12  6.2643E-12
  1.2546E-04  1.6859E-12  1.6859E-12  6.4419E-12
  1.2663E-04  1.7337E-12  1.7337E-12  6.6247E-12
  1.2782E-04  1.7829E-12  1.7829E-12  6.8126E-12
  1.2902E-04  1.8335E-12  1.8335E-12  7.0058E-12
  1.3023E-04  1.8855E-12  1.8855E-12  7.2045E-12
  1.3145E-04  1.9389E-12  1.9389E-12  7.4088E-12
  1.3268E-04  1.9939E-12  1.9939E-12  7.6188E-12
  1.3392E-04  2.0505E-12  2.0505E-12  7.8349E-12
  1.3517E-04  2.1086E-12  2.1086E-12  8.0570E-12
  1.3644E-04  2.1684E-12  2.1684E-12  8.2854E-12
  1.3772E-04  2.2299E-12  2.2299E-12  8.5203E-12
  1.3901E-04  2.2931E-12  2.2931E-12  8.7618E-12
  1.4031E-04  2.3581E-12  2.3581E-12  9.0101E-12
  1.4162E-04  2.4250E-12  2.4250E-12  9.2655E-12
  1.4295E-04  2.4937E-12  2.4937E-12  9.5281E-12
  1.4428E-04  2.5644E-12  2.5644E-12  9.7981E-12
  1.4564E-04  2.6371E-12  2.6371E-12  1.0076E-11
  1.4700E-04  2.7118E-12  2.7118E-12  1.0361E-11
  1.4837E-04  2.7886E-12  2.7886E-12  1.0655E-11
  1.4976E-04  2.8677E-12  2.8677E-12  1.0957E-11
  1.5116E-04  2.9489E-12  2.9489E-12  1.1267E-11
  1.5258E-04  3.0325E-12  3.0325E-12  1.1586E-11
  1.5401E-04  3.1184E-12  3.1184E-12  1.1915E-11
  1.5545E-04  3.2067E-12  3.2067E-12  1.2252E-11
  1.5690E-04  3.2976E-12  3.2976E-12  1.2599E-11
  1.5837E-04  3.3910E-12  3.3910E-12  1.2956E-11
  1.5985E-04  3.4871E-12  3.4871E-12  1.3323E-11
  1.6135E-04  3.5858E-12  3.5858E-12  1.3700E-11
  1.6285E-04  3.6874E-12  3.6874E-12  1.4088E-11
  1.6438E-04  3.7918E-12  3.7918E-12  1.4487E-11
  1.6592E-04  3.8992E-12  3.8992E-12  1.4897E-11
  1.6747E-04  4.0096E-12  4.0096E-12  1.5319E-11
  1.6903E-04  4.1232E-12  4.1232E-12  1.5753E-11
  1.7061E-04  4.2399E-12  4.2399E-12  1.6199E-11
  1.7221E-04  4.3600E-12  4.3600E-12  1.6657E-11
  1.7382E-04  4.4834E-12  4.4834E-12  1.7129E-11
  1.7544E-04  4.6104E-12  4.6104E-12  1.7614E-11
  1.7708E-04  4.7409E-12  4.7409E-12  1.8112E-11
  1.7874E-04  4.8751E-12  4.8751E-12  1.8625E-11
  1.8041E-04  5.0131E-12  5.0131E-12  1.9152E-11
  1.8210E-04  5.1550E-12  5.1550E-12  1.9694E-11
  1.8380E-04  5.3009E-12  5.3009E-12  2.0251E-11
  1.8552E-04  5.4510E-12  5.4510E-12  2.0824E-11
  1.8725E-04  5.6052E-12  5.6052E-12  2.1413E-11
  1.8900E-04  5.7639E-12  5.7639E-12  2.2019E-11
  1.9077E-04  5.9270E-12  5.9270E-12  2.2642E-11
  1.9255E-04  6.0947E-12  6.0947E-12  2.3283E-11
  1.9435E-04  6.2672E-12  6.2672E-12  2.3942E-11
  1.9617E-04  6.4445E-12  6.4445E-12  2.4619E-11
  1.9800E-04  6.6269E-12  6.6269E-12  2.5315E-11
  1.9985E-04  6.8144E-12  6.8144E-12  2.6031E-11
  2.0172E-04  7.0072E-12  7.0072E-12  2.6768E-11
  2.0360E-04  7.2054E-12  7.2054E-12  2.7525E-11
  2.0550E-04  7.4092E-12  7.4092E-12  2.8303E-11
  2.0742E-04  7.6188E-12  7.6188E-12  2.9104E-11
  2.0936E-04  7.8344E-12  7.8344E-12  2.9927E-11
  2.1132E-04  8.0560E-12  8.0560E-12  3.0773E-11
  2.1329E-04  8.2838E-12  8.2838E-12  3.1643E-11
  2.1528E-04  8.5181E-12  8.5181E-12  3.2538E-11
  2.1729E-04  8.7591E-12  8.7591E-12  3.3458E-11
  2.1932E-04  9.0068E-12  9.0068E-12  3.4404E-11
  2.2137E-04  9.2615E-12  9.2615E-12  3.5377E-11
  2.2344E-04  9.5234E-12  9.5234E-12  3.6377E-11
  2.2553E-04  9.7927E-12  9.7927E-12  3.7405E-11
  2.2763E-04  1.0070E-11  1.0070E-11  3.8463E-11
  2.2976E-04  1.0354E-11  1.0354E-11  3.9550E-11
  2.3190E-04  1.0647E-11  1.0647E-11  4.0668E-11
  2.3407E-04  1.0948E-11  1.0948E-11  4.1818E-11
  2.3625E-04  1.1258E-11  1.1258E-11  4.3000E-11
  2.3846E-04  1.1576E-11  1.1576E-11  4.4215E-11
  2.4069E-04  1.1903E-11  1.1903E-11  4.5465E-11
  2.4293E-04  1.2240E-11  1.2240E-11  4.6750E-11
  2.4520E-04  1.2586E-11  1.2586E-11  4.8071E-11
  2.4749E-04  1.2942E-11  1.2942E-11  4.9429E-11
  2.4980E-04  1.3307E-11  1.3307E-11  5.0826E-11
  2.5213E-04  1.3684E-11  1.3684E-11  5.2262E-11
  2.5449E-04  1.4070E-11  1.4070E-11  5.3739E-11
  2.5686E-04  1.4468E-11  1.4468E-11  5.5258E-11
  2.5926E-04  1.4877E-11  1.4877E-11  5.6819E-11
  2.6168E-04  1.5297E-11  1.5297E-11  5.8424E-11
  2.6412E-04  1.5730E-11  1.5730E-11  6.0075E-11
  2.6659E-04  1.6174E-11  1.6174E-11  6.1772E-11
  2.6907E-04  1.6631E-11  1.6631E-11  6.3517E-11
  2.7158E-04  1.7101E-11  1.7101E-11  6.5312E-11
  2.7412E-04  1.7585E-11  1.7585E-11  6.7157E-11
  2.7668E-04  1.8082E-11  1.8082E-11  6.9054E-11
  2.7926E-04  1.8593E-11  1.8593E-11  7.1004E-11
  2.8186E-04  1.9118E-11  1.9118E-11  7.3010E-11
  2.8449E-04  1.9658E-11  1.9658E-11  7.5072E-11
  2.8715E-04  2.0213E-11  2.0213E-11  7.7192E-11
  2.8983E-04  2.0785E-11  2.0785E-11  7.9373E-11
  2.9253E-04  2.1372E-11  2.1372E-11  8.1614E-11
  2.9526E-04  2.1976E-11  2.1976E-11  8.3919E-11
  2.9802E-04  2.2596E-11  2.2596E-11  8.6289E-11
  3.0080E-04  2.3235E-11  2.3235E-11  8.8726E-11
  3.0360E-04  2.3891E-11  2.3891E-11  9.1231E-11
  3.0644E-04  2.4566E-11  2.4566E-11  9.3807E-11
  3.0929E-04  2.5260E-11  2.5260E-11  9.6456E-11
  3.1218E-04  2.5973E-11  2.5973E-11  9.9180E-11
  3.1509E-04  2.6707E-11  2.6707E-11  1.0198E-10
  3.1803E-04  2.7461E-11  2.7461E-11  1.0486E-10
  3.2100E-04  2.8237E-11  2.8237E-11  1.0782E-10
  3.2399E-04  2.9035E-11  2.9035E-11  1.1086E-10
  3.2701E-04  2.9855E-11  2.9855E-11  1.1399E-10
  3.3006E-04  3.0698E-11  3.0698E-11  1.1721E-10
  3.3314E-04  3.1565E-11  3.1565E-11  1.2052E-10
  3.3625E-04  3.2456E-11  3.2456E-11  1.2392E-10
  3.3938E-04  3.3373E-11  3.3373E-11  1.2742E-10
  3.4255E-04  3.4315E-11  3.4315E-11  1.3102E-10
  3.4574E-04  3.5284E-11  3.5284E-11  1.3472E-10
  3.4897E-04  3.6281E-11  3.6281E-11  1.3852E-10
  3.5222E-04  3.7305E-11  3.7305E-11  1.4243E-10
  3.5551E-04  3.8358E-11  3.8358E-11  1.4645E-10
  3.5882E-04  3.9441E-11  3.9441E-11  1.5058E-10
  3.6217E-04  4.0555E-11  4.0555E-11  1.5483E-10
  3.6554E-04  4.1700E-11  4.1700E-11  1.5920E-10
  3.6895E-04  4.2878E-11  4.2878E-11  1.6369E-10
  3.7239E-04  4.4088E-11  4.4088E-11  1.6831E-10
  3.7586E-04  4.5333E-11  4.5333E-11  1.7306E-10
  3.7937E-04  4.6613E-11  4.6613E-11  1.7795E-10
  3.8291E-04  4.7929E-11  4.7929E-11  1.8297E-10
  3.8648E-04  4.9282E-11  4.9282E-11  1.8813E-10
  3.9008E-04  5.0673E-11  5.0673E-11  1.9344E-10
  3.9372E-04  5.2103E-11  5.2103E-11  1.9890E-10
  3.9739E-04  5.3574E-11  5.3574E-11  2.0451E-10
  4.0109E-04  5.5087E-11  5.5087E-11  2.1028E-10
  4.0483E-04  5.6641E-11  5.6641E-11  2.1621E-10
  4.0860E-04  5.8240E-11  5.8240E-11  2.2231E-10
  4.1241E-04  5.9884E-11  5.9884E-11  2.2858E-10
  4.1626E-04  6.1574E-11  6.1574E-11  2.3503E-10
  4.2014E-04  6.3312E-11  6.3312E-11  2.4166E-10
  4.2405E-04  6.5099E-11  6.5099E-11  2.4848E-10
  4.2801E-04  6.6937E-11  6.6937E-11  2.5549E-10
  4.3199E-04  6.8826E-11  6.8826E-11  2.6270E-10
  4.3602E-04  7.0769E-11  7.0769E-11  2.7011E-10
  4.4008E-04  7.2766E-11  7.2766E-11  2.7773E-10
  4.4419E-04  7.4819E-11  7.4819E-11  2.8556E-10
  4.4833E-04  7.6931E-11  7.6931E-11  2.9361E-10
  4.5250E-04  7.9102E-11  7.9102E-11  3.0190E-10
  4.5672E-04  8.1334E-11  8.1334E-11  3.1041E-10
  4.6098E-04  8.3629E-11  8.3629E-11  3.1917E-10
  4.6527E-04  8.5989E-11  8.5989E-11  3.2817E-10
  4.6961E-04  8.8416E-11  8.8416E-11  3.3742E-10
  4.7399E-04  9.0911E-11  9.0911E-11  3.4694E-10
  4.7840E-04  9.3476E-11  9.3476E-11  3.5672E-10
  4.8286E-04  9.6114E-11  9.6114E-11  3.6678E-10
  4.8736E-04  9.8826E-11  9.8826E-11  3.7712E-10
  4.9190E-04  1.0161E-10  1.0161E-10  3.8776E-10
  4.9649E-04  1.0448E-10  1.0448E-10  3.9869E-10
  5.0111E-04  1.0743E-10  1.0743E-10  4.0994E-10
  5.0578E-04  1.1046E-10  1.1046E-10  4.2149E-10
  5.1049E-04  1.1358E-10  1.1358E-10  4.3338E-10
  5.1525E-04  1.1678E-10  1.1678E-10  4.4560E-10
  5.2005E-04  1.2008E-10  1.2008E-10  4.5816E-10
  5.2490E-04  1.2346E-10  1.2346E-10  4.7108E-10
  5.2979E-04  1.2695E-10  1.2695E-10  4.8436E-10
  5.3472E-04  1.3053E-10  1.3053E-10  4.9802E-10
  5.3971E-04  1.3421E-10  1.3421E-10  5.1206E-10
  5.4473E-04  1.3800E-10  1.3800E-10  5.2650E-10
  5.4981E-04  1.4189E-10  1.4189E-10  5.4134E-10
  5.5493E-04  1.4589E-10  1.4589E-10  5.5660E-10
  5.6010E-04  1.5001E-10  1.5001E-10  5.7229E-10
  5.6532E-04  1.5424E-10  1.5424E-10  5.8842E-10
  5.7059E-04  1.5859E-10  1.5859E-10  6.0501E-10
  5.7590E-04  1.6307E-10  1.6307E-10  6.2206E-10
  5.8127E-04  1.6766E-10  1.6766E-10  6.3960E-10
  5.8668E-04  1.7239E-10  1.7239E-10  6.5763E-10
  5.9215E-04  1.7726E-10  1.7726E-10  6.7616E-10
  5.9766E-04  1.8226E-10  1.8226E-10  6.9522E-10
  6.0323E-04  1.8740E-10  1.8740E-10  7.1482E-10
  6.0885E-04  1.9268E-10  1.9268E-10  7.3496E-10
  6.1452E-04  1.9812E-10  1.9812E-10  7.5568E-10
  6.2024E-04  2.0371E-10  2.0371E-10  7.7698E-10
  6.2602E-04  2.0945E-10  2.0945E-10  7.9887E-10
  6.3185E-04  2.1536E-10  2.1536E-10  8.2139E-10
  6.3774E-04  2.2143E-10  2.2143E-10  8.4454E-10
  6.4368E-04  2.2768E-10  2.2768E-10  8.6834E-10
  6.4967E-04  2.3410E-10  2.3410E-10  8.9281E-10
  6.5572E-04  2.4070E-10  2.4070E-10  9.1797E-10
  6.6183E-04  2.4749E-10  2.4749E-10  9.4383E-10
  6.6799E-04  2.5447E-10  2.5447E-10  9.7043E-10
  6.7422E-04  2.6165E-10  2.6165E-10  9.9778E-10
  6.8050E-04  2.6903E-10  2.6903E-10  1.0259E-09
  6.8683E-04  2.7661E-10  2.7661E-10  1.0548E-09
  6.9323E-04  2.8441E-10  2.8441E-10  1.0845E-09
  6.9969E-04  2.9243E-10  2.9243E-10  1.1151E-09
  7.0620E-04  3.0068E-10  3.0068E-10  1.1465E-09
  7.1278E-04  3.0916E-10  3.0916E-10  1.1788E-09
  7.1942E-04  3.1788E-10  3.1788E-10  1.2120E-09
  7.2612E-04  3.2684E-10  3.2684E-10  1.2462E-09
  7.3288E-04  3.3606E-10  3.3606E-10  1.2813E-09
  7.3970E-04  3.4554E-10  3.4554E-10  1.3174E-09
  7.4659E-04  3.5528E-10  3.5528E-10  1.3545E-09
  7.5355E-04  3.6530E-10  3.6530E-10  1.3926E-09
  7.6056E-04  3.7560E-10  3.7560E-10  1.4319E-09
  7.6764E-04  3.8619E-10  3.8619E-10  1.4722E-09
  7.7479E-04  3.9708E-10  3.9708E-10  1.5137E-09
  7.8201E-04  4.0827E-10  4.0827E-10  1.5563E-09
  7.8929E-04  4.1979E-10  4.1979E-10  1.6002E-09
  7.9664E-04  4.3162E-10  4.3162E-10  1.6452E-09
  8.0406E-04  4.4379E-10  4.4379E-10  1.6916E-09
  8.1154E-04  4.5630E-10  4.5630E-10  1.7392E-09
  8.1910E-04  4.6917E-10  4.6917E-10  1.7882E-09
  8.2673E-04  4.8240E-10  4.8240E-10  1.8386E-09
  8.3443E-04  4.9600E-10  4.9600E-10  1.8904E-09
  8.4220E-04  5.0998E-10  5.0998E-10  1.9436E-09
  8.5004E-04  5.2436E-10  5.2436E-10  1.9983E-09
  8.5795E-04  5.3915E-10  5.3915E-10  2.0546E-09
  8.6594E-04  5.5435E-10  5.5435E-10  2.1125E-09
  8.7400E-04  5.6997E-10  5.6997E-10  2.1720E-09
  8.8214E-04  5.8604E-10  5.8604E-10  2.2331E-09
  8.9035E-04  6.0257E-10  6.0257E-10  2.2960E-09
  8.9864E-04  6.1955E-10  6.1955E-10  2.3607E-09
  9.0701E-04  6.3702E-10  6.3702E-10  2.4272E-09
  9.1545E-04  6.5498E-10  6.5498E-10  2.4955E-09
  9.2398E-04  6.7344E-10  6.7344E-10  2.5658E-09
  9.3258E-04  6.9243E-10  6.9243E-10  2.6380E-09
  9.4126E-04  7.1195E-10  7.1195E-10  2.7123E-09
  9.5002E-04  7.3202E-10  7.3202E-10  2.7887E-09
  9.5887E-04  7.5266E-10  7.5266E-10  2.8672E-09
  9.6780E-04  7.7387E-10  7.7387E-10  2.9480E-09
  9.7681E-04  7.9569E-10  7.9569E-10  3.0310E-09
  9.8590E-04  8.1812E-10  8.1812E-10  3.1163E-09
  9.9508E-04  8.4118E-10  8.4118E-10  3.2040E-09
  1.0043E-03  8.6489E-10  8.6489E-10  3.2942E-09
  1.0137E-03  8.8927E-10  8.8927E-10  3.3870E-09
  1.0231E-03  9.1434E-10  9.1434E-10  3.4823E-09
  1.0327E-03  9.4012E-10  9.4012E-10  3.5804E-09
  1.0423E-03  9.6662E-10  9.6662E-10  3.6812E-09
  1.0520E-03  9.9386E-10  9.9386E-10  3.7848E-09
  1.0618E-03  1.0219E-09  1.0219E-09  3.8913E-09
  1.0716E-03  1.0507E-09  1.0507E-09  4.0009E-09
  1.0816E-03  1.0803E-09  1.0803E-09  4.1135E-09
  1.0917E-03  1.1107E-09  1.1107E-09  4.2293E-09
  1.1019E-03  1.1421E-09  1.1421E-09  4.3484E-09
  1.1121E-03  1.1742E-09  1.1742E-09  4.4708E-09
  1.1225E-03  1.2073E-09  1.2073E-09  4.5966E-09
  1.1329E-03  1.2414E-09  1.2414E-09  4.7260E-09
  1.1435E-03  1.2764E-09  1.2764E-09  4.8590E-09
  1.1541E-03  1.3123E-09  1.3123E-09  4.9958E-09
  1.1648E-03  1.3493E-09  1.3493E-09  5.1364E-09
  1.1757E-03  1.3874E-09  1.3874E-09  5.2809E-09
  1.1866E-03  1.4265E-09  1.4265E-09  5.4295E-09
  1.1977E-03  1.4667E-09  1.4667E-09  5.5824E-09
  1.2088E-03  1.5080E-09  1.5080E-09  5.7395E-09
  1.2201E-03  1.5505E-09  1.5505E-09  5.9010E-09
  1.2314E-03  1.5942E-09  1.5942E-09  6.0670E-09
  1.2429E-03  1.6391E-09  1.6391E-09  6.2378E-09
  1.2545E-03  1.6853E-09  1.6853E-09  6.4133E-09
  1.2661E-03  1.7328E-09  1.7328E-09  6.5938E-09
  1.2779E-03  1.7817E-09  1.7817E-09  6.7793E-09
  1.2898E-03  1.8319E-09  1.8319E-09  6.9701E-09
  1.3018E-03  1.8835E-09  1.8835E-09  7.1662E-09
  1.3139E-03  1.9366E-09  1.9366E-09  7.3679E-09
  1.3262E-03  1.9912E-09  1.9912E-09  7.5752E-09
  1.3385E-03  2.0473E-09  2.0473E-09  7.7883E-09
  1.3510E-03  2.1050E-09  2.1050E-09  8.0074E-09
  1.3635E-03  2.1643E-09  2.1643E-09  8.2327E-09
  1.3762E-03  2.2253E-09  2.2253E-09  8.4643E-09
  1.3890E-03  2.2880E-09  2.2880E-09  8.7025E-09
  1.4020E-03  2.3525E-09  2.3525E-09  8.9473E-09
  1.4150E-03  2.4188E-09  2.4188E-09  9.1990E-09
  1.4282E-03  2.4870E-09  2.4870E-09  9.4578E-09
  1.4415E-03  2.5571E-09  2.5571E-09  9.7239E-09
  1.4549E-03  2.6291E-09  2.6291E-09  9.9974E-09
  1.4684E-03  2.7032E-09  2.7032E-09  1.0279E-08
  1.4821E-03  2.7794E-09  2.7794E-09  1.0568E-08
  1.4959E-03  2.8577E-09  2.8577E-09  1.0865E-08
  1.5098E-03  2.9383E-09  2.9383E-09  1.1171E-08
  1.5239E-03  3.0211E-09  3.0211E-09  1.1485E-08
  1.5380E-03  3.1062E-09  3.1062E-09  1.1808E-08
  1.5524E-03  3.1937E-09  3.1937E-09  1.2140E-08
  1.5668E-03  3.2837E-09  3.2837E-09  1.2481E-08
  1.5814E-03  3.3763E-09  3.3763E-09  1.2832E-08
  1.5961E-03  3.4714E-09  3.4714E-09  1.3193E-08
  1.6110E-03  3.5692E-09  3.5692E-09  1.3564E-08
  1.6260E-03  3.6698E-09  3.6698E-09  1.3946E-08
  1.6411E-03  3.7732E-09  3.7732E-09  1.4338E-08
  1.6564E-03  3.8795E-09  3.8795E-09  1.4741E-08
  1.6718E-03  3.9888E-09  3.9888E-09  1.5156E-08
  1.6873E-03  4.1012E-09  4.1012E-09  1.5582E-08
  1.7030E-03  4.2168E-09  4.2168E-09  1.6020E-08
  1.7189E-03  4.3356E-09  4.3356E-09  1.6471E-08
  1.7349E-03  4.4578E-09  4.4578E-09  1.6934E-08
  1.7510E-03  4.5834E-09  4.5834E-09  1.7410E-08
  1.7673E-03  4.7126E-09  4.7126E-09  1.7899E-08
  1.7838E-03  4.8454E-09  4.8454E-09  1.8403E-08
  1.8004E-03  4.9819E-09  4.9819E-09  1.8920E-08
  1.8171E-03  5.1223E-09  5.1223E-09  1.9452E-08
  1.8340E-03  5.2666E-09  5.2666E-09  1.9999E-08
  1.8511E-03  5.4150E-09  5.4150E-09  2.0561E-08
  1.8683E-03  5.5676E-09  5.5676E-09  2.1139E-08
  1.8857E-03  5.7245E-09  5.7245E-09  2.1733E-08
  1.9032E-03  5.8858E-09  5.8858E-09  2.2344E-08
  1.9210E-03  6.0516E-09  6.0516E-09  2.2972E-08
  1.9388E-03  6.2221E-09  6.2221E-09  2.3618E-08
  1.9569E-03  6.3974E-09  6.3974E-09  2.4282E-08
  1.9751E-03  6.5777E-09  6.5777E-09  2.4965E-08
  1.9935E-03  6.7630E-09  6.7630E-09  2.5666E-08
  2.0120E-03  6.9536E-09  6.9536E-09  2.6388E-08
  2.0307E-03  7.1495E-09  7.1495E-09  2.7129E-08
  2.0496E-03  7.3510E-09  7.3510E-09  2.7892E-08
  2.0687E-03  7.5581E-09  7.5581E-09  2.8676E-08
  2.0880E-03  7.7710E-09  7.7710E-09  2.9482E-08
  2.1074E-03  7.9900E-09  7.9900E-09  3.0310E-08
  2.1270E-03  8.2151E-09  8.2151E-09  3.1162E-08
  2.1468E-03  8.4466E-09  8.4466E-09  3.2037E-08
  2.1668E-03  8.6845E-09  8.6845E-09  3.2938E-08
  2.1869E-03  8.9292E-09  8.9292E-09  3.3863E-08
  2.2073E-03  9.1808E-09  9.1808E-09  3.4815E-08
  2.2278E-03  9.4395E-09  9.4395E-09  3.5793E-08
  2.2485E-03  9.7054E-09  9.7054E-09  3.6799E-08
  2.2695E-03  9.9789E-09  9.9789E-09  3.7833E-08
  2.2906E-03  1.0260E-08  1.0260E-08  3.8896E-08
  2.3119E-03  1.0549E-08  1.0549E-08  3.9988E-08
  2.3334E-03  1.0846E-08  1.0846E-08  4.1112E-08
  2.3551E-03  1.1152E-08  1.1152E-08  4.2267E-08
  2.3770E-03  1.1466E-08  1.1466E-08  4.3454E-08
  2.3991E-03  1.1789E-08  1.1789E-08  4.4675E-08
  2.4215E-03  1.2121E-08  1.2121E-08  4.5930E-08
  2.4440E-03  1.2463E-08  1.2463E-08  4.7220E-08
  2.4667E-03  1.2814E-08  1.2814E-08  4.8546E-08
  2.4897E-03  1.3175E-08  1.3175E-08  4.9910E-08
  2.5128E-03  1.3546E-08  1.3546E-08  5.1311E-08
  2.5362E-03  1.3928E-08  1.3928E-08  5.2752E-08
  2.5598E-03  1.4320E-08  1.4320E-08  5.4234E-08
  2.5836E-03  1.4724E-08  1.4724E-08  5.5757E-08
  2.6077E-03  1.5138E-08  1.5138E-08  5.7323E-08
  2.6319E-03  1.5565E-08  1.5565E-08  5.8933E-08
  2.6564E-03  1.6003E-08  1.6003E-08  6.0588E-08
  2.6811E-03  1.6454E-08  1.6454E-08  6.2289E-08
  2.7061E-03  1.6918E-08  1.6918E-08  6.4038E-08
  2.7313E-03  1.7394E-08  1.7394E-08  6.5836E-08
  2.7567E-03  1.7885E-08  1.7885E-08  6.7685E-08
  2.7823E-03  1.8388E-08  1.8388E-08  6.9585E-08
  2.8082E-03  1.8906E-08  1.8906E-08  7.1538E-08
  2.8343E-03  1.9439E-08  1.9439E-08  7.3547E-08
  2.8607E-03  1.9987E-08  1.9987E-08  7.5612E-08
  2.8873E-03  2.0550E-08  2.0550E-08  7.7734E-08
  2.9142E-03  2.1129E-08  2.1129E-08  7.9916E-08
  2.9413E-03  2.1724E-08  2.1724E-08  8.2160E-08
  2.9687E-03  2.2336E-08  2.2336E-08  8.4466E-08
  2.9963E-03  2.2965E-08  2.2965E-08  8.6837E-08
  3.0242E-03  2.3612E-08  2.3612E-08  8.9274E-08
  3.0523E-03  2.4277E-08  2.4277E-08  9.1779E-08
  3.0807E-03  2.4961E-08  2.4961E-08  9.4355E-08
  3.1094E-03  2.5665E-08  2.5665E-08  9.7003E-08
  3.1383E-03  2.6388E-08  2.6388E-08  9.9725E-08
  3.1675E-03  2.7131E-08  2.7131E-08  1.0252E-07
  3.1970E-03  2.7895E-08  2.7895E-08  1.0540E-07
  3.2267E-03  2.8681E-08  2.8681E-08  1.0836E-07
  3.2567E-03  2.9489E-08  2.9489E-08  1.1140E-07
  3.2870E-03  3.0320E-08  3.0320E-08  1.1452E-07
  3.3176E-03  3.1174E-08  3.1174E-08  1.1774E-07
  3.3485E-03  3.2052E-08  3.2052E-08  1.2104E-07
  3.3796E-03  3.2955E-08  3.2955E-08  1.2444E-07
  3.4111E-03  3.3883E-08  3.3883E-08  1.2793E-07
  3.4428E-03  3.4838E-08  3.4838E-08  1.3152E-07
  3.4748E-03  3.5819E-08  3.5819E-08  1.3520E-07
  3.5072E-03  3.6828E-08  3.6828E-08  1.3900E-07
  3.5398E-03  3.7866E-08  3.7866E-08  1.4290E-07
  3.5727E-03  3.8933E-08  3.8933E-08  1.4690E-07
  3.6060E-03  4.0029E-08  4.0029E-08  1.5102E-07
  3.6395E-03  4.1157E-08  4.1157E-08  1.5526E-07
  3.6734E-03  4.2316E-08  4.2316E-08  1.5961E-07
  3.7075E-03  4.3508E-08  4.3508E-08  1.6409E-07
  3.7420E-03  4.4734E-08  4.4734E-08  1.6869E-07
  3.7768E-03  4.5994E-08  4.5994E-08  1.7342E-07
  3.8120E-03  4.7290E-08  4.7290E-08  1.7828E-07
  3.8474E-03  4.8622E-08  4.8622E-08  1.8328E-07
  3.8832E-03  4.9992E-08  4.9992E-08  1.8842E-07
  3.9194E-03  5.1400E-08  5.1400E-08  1.9370E-07
  3.9558E-03  5.2848E-08  5.2848E-08  1.9913E-07
  3.9926E-03  5.4337E-08  5.4337E-08  2.0471E-07
  4.0298E-03  5.5867E-08  5.5867E-08  2.1045E-07
  4.0673E-03  5.7441E-08  5.7441E-08  2.1635E-07
  4.1051E-03  5.9059E-08  5.9059E-08  2.2242E-07
  4.1433E-03  6.0723E-08  6.0723E-08  2.2865E-07
  4.1818E-03  6.2433E-08  6.2433E-08  2.3506E-07
  4.2207E-03  6.4192E-08  6.4192E-08  2.4164E-07
  4.2600E-03  6.6000E-08  6.6000E-08  2.4842E-07
  4.2996E-03  6.7859E-08  6.7859E-08  2.5538E-07
  4.3396E-03  6.9771E-08  6.9771E-08  2.6253E-07
  4.3800E-03  7.1736E-08  7.1736E-08  2.6989E-07
  4.4208E-03  7.3757E-08  7.3757E-08  2.7745E-07
  4.4619E-03  7.5835E-08  7.5835E-08  2.8522E-07
  4.5034E-03  7.7971E-08  7.7971E-08  2.9321E-07
  4.5453E-03  8.0167E-08  8.0167E-08  3.0142E-07
  4.5876E-03  8.2425E-08  8.2425E-08  3.0987E-07
  4.6302E-03  8.4747E-08  8.4747E-08  3.1855E-07
  4.6733E-03  8.7134E-08  8.7134E-08  3.2747E-07
  4.7168E-03  8.9589E-08  8.9589E-08  3.3664E-07
  4.7607E-03  9.2112E-08  9.2112E-08  3.4607E-07
  4.8050E-03  9.4707E-08  9.4707E-08  3.5576E-07
  4.8497E-03  9.7375E-08  9.7375E-08  3.6572E-07
  4.8948E-03  1.0012E-07  1.0012E-07  3.7596E-07
  4.9403E-03  1.0294E-07  1.0294E-07  3.8649E-07
  4.9863E-03  1.0584E-07  1.0584E-07  3.9731E-07
  5.0327E-03  1.0882E-07  1.0882E-07  4.0843E-07
  5.0795E-03  1.1188E-07  1.1188E-07  4.1986E-07
  5.1267E-03  1.1504E-07  1.1504E-07  4.3161E-07
  5.1744E-03  1.1828E-07  1.1828E-07  4.4370E-07
  5.2226E-03  1.2161E-07  1.2161E-07  4.5611E-07
  5.2711E-03  1.2503E-07  1.2503E-07  4.6888E-07
  5.3202E-03  1.2855E-07  1.2855E-07  4.8200E-07
  5.3697E-03  1.3218E-07  1.3218E-07  4.9549E-07
  5.4196E-03  1.3590E-07  1.3590E-07  5.0935E-07
  5.4700E-03  1.3973E-07  1.3973E-07  5.2360E-07
  5.5209E-03  1.4366E-07  1.4366E-07  5.3825E-07
  5.5723E-03  1.4771E-07  1.4771E-07  5.5331E-07
  5.6241E-03  1.5187E-07  1.5187E-07  5.6879E-07
  5.6764E-03  1.5615E-07  1.5615E-07  5.8470E-07
  5.7292E-03  1.6055E-07  1.6055E-07  6.0106E-07
  5.7825E-03  1.6507E-07  1.6507E-07  6.1787E-07
  5.8363E-03  1.6972E-07  1.6972E-07  6.3515E-07
  5.8906E-03  1.7450E-07  1.7450E-07  6.5291E-07
  5.9454E-03  1.7941E-07  1.7941E-07  6.7116E-07
  6.0007E-03  1.8447E-07  1.8447E-07  6.8993E-07
  6.0565E-03  1.8966E-07  1.8966E-07  7.0922E-07
  6.1129E-03  1.9500E-07  1.9500E-07  7.2905E-07
  6.1697E-03  2.0050E-07  2.0050E-07  7.4943E-07
  6.2271E-03  2.0614E-07  2.0614E-07  7.7038E-07
  6.2851E-03  2.1195E-07  2.1195E-07  7.9191E-07
  6.3435E-03  2.1792E-07  2.1792E-07  8.1404E-07
  6.4025E-03  2.2406E-07  2.2406E-07  8.3679E-07
  6.4621E-03  2.3037E-07  2.3037E-07  8.6018E-07
  6.5222E-03  2.3686E-07  2.3686E-07  8.8421E-07
  6.5829E-03  2.4353E-07  2.4353E-07  9.0892E-07
  6.6441E-03  2.5039E-07  2.5039E-07  9.3431E-07
  6.7059E-03  2.5744E-07  2.5744E-07  9.6042E-07
  6.7683E-03  2.6469E-07  2.6469E-07  9.8724E-07
  6.8313E-03  2.7215E-07  2.7215E-07  1.0148E-06
  6.8948E-03  2.7981E-07  2.7981E-07  1.0432E-06
  6.9589E-03  2.8770E-07  2.8770E-07  1.0723E-06
  7.0237E-03  2.9580E-07  2.9580E-07  1.1022E-06
  7.0890E-03  3.0413E-07  3.0413E-07  1.1330E-06
  7.1550E-03  3.1270E-07  3.1270E-07  1.1647E-06
  7.2215E-03  3.2150E-07  3.2150E-07  1.1972E-06
  7.2887E-03  3.3056E-07  3.3056E-07  1.2306E-06
  7.3565E-03  3.3987E-07  3.3987E-07  1.2649E-06
  7.4249E-03  3.4944E-07  3.4944E-07  1.3003E-06
  7.4940E-03  3.5929E-07  3.5929E-07  1.3365E-06
  7.5637E-03  3.6941E-07  3.6941E-07  1.3738E-06
  7.6341E-03  3.7981E-07  3.7981E-07  1.4122E-06
  7.7051E-03  3.9051E-07  3.9051E-07  1.4516E-06
  7.7767E-03  4.0151E-07  4.0151E-07  1.4921E-06
  7.8491E-03  4.1282E-07  4.1282E-07  1.5337E-06
  7.9221E-03  4.2444E-07  4.2444E-07  1.5765E-06
  7.9958E-03  4.3640E-07  4.3640E-07  1.6205E-06
  8.0702E-03  4.4869E-07  4.4869E-07  1.6656E-06
  8.1452E-03  4.6133E-07  4.6133E-07  1.7121E-06
  8.2210E-03  4.7432E-07  4.7432E-07  1.7598E-06
  8.2975E-03  4.8768E-07  4.8768E-07  1.8089E-06
  8.3747E-03  5.0142E-07  5.0142E-07  1.8593E-06
  8.4526E-03  5.1554E-07  5.1554E-07  1.9112E-06
  8.5312E-03  5.3006E-07  5.3006E-07  1.9644E-06
  8.6105E-03  5.4499E-07  5.4499E-07  2.0192E-06
  8.6906E-03  5.6034E-07  5.6034E-07  2.0755E-06
  8.7715E-03  5.7612E-07  5.7612E-07  2.1333E-06
  8.8531E-03  5.9235E-07  5.9235E-07  2.1927E-06
  8.9354E-03  6.0903E-07  6.0903E-07  2.2538E-06
  9.0185E-03  6.2618E-07  6.2618E-07  2.3166E-06
  9.1024E-03  6.4382E-07  6.4382E-07  2.3811E-06
  9.1871E-03  6.6195E-07  6.6195E-07  2.4475E-06
  9.2725E-03  6.8060E-07  6.8060E-07  2.5156E-06
  9.3588E-03  6.9977E-07  6.9977E-07  2.5857E-06
  9.4459E-03  7.1948E-07  7.1948E-07  2.6577E-06
  9.5337E-03  7.3974E-07  7.3974E-07  2.7316E-06
  9.6224E-03  7.6057E-07  7.6057E-07  2.8077E-06
  9.7119E-03  7.8200E-07  7.8200E-07  2.8858E-06
  9.8022E-03  8.0402E-07  8.0402E-07  2.9661E-06
  9.8934E-03  8.2667E-07  8.2667E-07  3.0487E-06
  9.9854E-03  8.4995E-07  8.4995E-07  3.1335E-06
  1.0078E-02  8.7389E-07  8.7389E-07  3.2207E-06
  1.0172E-02  8.9850E-07  8.9850E-07  3.3103E-06
  1.0267E-02  9.2381E-07  9.2381E-07  3.4024E-06
  1.0362E-02  9.4982E-07  9.4982E-07  3.4970E-06
  1.0459E-02  9.7657E-07  9.7657E-07  3.5942E-06
  1.0556E-02  1.0041E-06  1.0041E-06  3.6942E-06
  1.0654E-02  1.0324E-06  1.0324E-06  3.7969E-06
  1.0753E-02  1.0614E-06  1.0614E-06  3.9024E-06
  1.0853E-02  1.0913E-06  1.0913E-06  4.0109E-06
  1.0954E-02  1.1221E-06  1.1221E-06  4.1224E-06
  1.1056E-02  1.1537E-06  1.1537E-06  4.2369E-06
  1.1159E-02  1.1862E-06  1.1862E-06  4.3546E-06
  1.1263E-02  1.2196E-06  1.2196E-06  4.4756E-06
  1.1367E-02  1.2539E-06  1.2539E-06  4.5999E-06
  1.1473E-02  1.2892E-06  1.2892E-06  4.7277E-06
  1.1580E-02  1.3255E-06  1.3255E-06  4.8590E-06
  1.1688E-02  1.3629E-06  1.3629E-06  4.9939E-06
  1.1796E-02  1.4013E-06  1.4013E-06  5.1325E-06
  1.1906E-02  1.4407E-06  1.4407E-06  5.2750E-06
  1.2017E-02  1.4813E-06  1.4813E-06  5.4214E-06
  1.2129E-02  1.5230E-06  1.5230E-06  5.5719E-06
  1.2241E-02  1.5659E-06  1.5659E-06  5.7265E-06
  1.2355E-02  1.6100E-06  1.6100E-06  5.8854E-06
  1.2470E-02  1.6554E-06  1.6554E-06  6.0486E-06
  1.2586E-02  1.7020E-06  1.7020E-06  6.2164E-06
  1.2703E-02  1.7499E-06  1.7499E-06  6.3888E-06
  1.2821E-02  1.7992E-06  1.7992E-06  6.5660E-06
  1.2941E-02  1.8499E-06  1.8499E-06  6.7480E-06
  1.3061E-02  1.9020E-06  1.9020E-06  6.9351E-06
  1.3183E-02  1.9555E-06  1.9555E-06  7.1273E-06
  1.3305E-02  2.0106E-06  2.0106E-06  7.3248E-06
  1.3429E-02  2.0672E-06  2.0672E-06  7.5278E-06
  1.3554E-02  2.1254E-06  2.1254E-06  7.7363E-06
  1.3680E-02  2.1853E-06  2.1853E-06  7.9506E-06
  1.3807E-02  2.2468E-06  2.2468E-06  8.1708E-06
  1.3936E-02  2.3101E-06  2.3101E-06  8.3971E-06
  1.4065E-02  2.3752E-06  2.3752E-06  8.6296E-06
  1.4196E-02  2.4421E-06  2.4421E-06  8.8685E-06
  1.4328E-02  2.5108E-06  2.5108E-06  9.1139E-06
  1.4461E-02  2.5816E-06  2.5816E-06  9.3661E-06
  1.4596E-02  2.6543E-06  2.6543E-06  9.6253E-06
  1.4732E-02  2.7290E-06  2.7290E-06  9.8916E-06
  1.4869E-02  2.8059E-06  2.8059E-06  1.0165E-05
  1.5007E-02  2.8849E-06  2.8849E-06  1.0446E-05
  1.5147E-02  2.9661E-06  2.9661E-06  1.0735E-05
  1.5287E-02  3.0497E-06  3.0497E-06  1.1032E-05
  1.5430E-02  3.1355E-06  3.1355E-06  1.1337E-05
  1.5573E-02  3.2238E-06  3.2238E-06  1.1650E-05
  1.5718E-02  3.3146E-06  3.3146E-06  1.1972E-05
  1.5864E-02  3.4080E-06  3.4080E-06  1.2303E-05
  1.6012E-02  3.5040E-06  3.5040E-06  1.2643E-05
  1.6161E-02  3.6026E-06  3.6026E-06  1.2992E-05
  1.6311E-02  3.7041E-06  3.7041E-06  1.3351E-05
  1.6463E-02  3.8084E-06  3.8084E-06  1.3719E-05
  1.6616E-02  3.9157E-06  3.9157E-06  1.4098E-05
  1.6770E-02  4.0259E-06  4.0259E-06  1.4487E-05
  1.6926E-02  4.1393E-06  4.1393E-06  1.4887E-05
  1.7084E-02  4.2559E-06  4.2559E-06  1.5297E-05
  1.7243E-02  4.3757E-06  4.3757E-06  1.5719E-05
  1.7403E-02  4.4989E-06  4.4989E-06  1.6153E-05
  1.7565E-02  4.6256E-06  4.6256E-06  1.6598E-05
  1.7728E-02  4.7559E-06  4.7559E-06  1.7056E-05
  1.7893E-02  4.8898E-06  4.8898E-06  1.7526E-05
  1.8060E-02  5.0275E-06  5.0275E-06  1.8009E-05
  1.8228E-02  5.1691E-06  5.1691E-06  1.8505E-05
  1.8397E-02  5.3147E-06  5.3147E-06  1.9015E-05
  1.8568E-02  5.4643E-06  5.4643E-06  1.9538E-05
  1.8741E-02  5.6182E-06  5.6182E-06  2.0076E-05
  1.8915E-02  5.7764E-06  5.7764E-06  2.0629E-05
  1.9091E-02  5.9391E-06  5.9391E-06  2.1197E-05
  1.9269E-02  6.1063E-06  6.1063E-06  2.1780E-05
  1.9448E-02  6.2783E-06  6.2783E-06  2.2379E-05
  1.9629E-02  6.4551E-06  6.4551E-06  2.2994E-05
  1.9812E-02  6.6368E-06  6.6368E-06  2.3627E-05
  1.9996E-02  6.8237E-06  6.8237E-06  2.4276E-05
  2.0182E-02  7.0159E-06  7.0159E-06  2.4944E-05
  2.0370E-02  7.2135E-06  7.2135E-06  2.5629E-05
  2.0559E-02  7.4166E-06  7.4166E-06  2.6333E-05
  2.0750E-02  7.6254E-06  7.6254E-06  2.7056E-05
  2.0943E-02  7.8401E-06  7.8401E-06  2.7799E-05
  2.1138E-02  8.0609E-06  8.0609E-06  2.8563E-05
  2.1335E-02  8.2879E-06  8.2879E-06  2.9347E-05
  2.1533E-02  8.5213E-06  8.5213E-06  3.0152E-05
  2.1733E-02  8.7612E-06  8.7612E-06  3.0979E-05
  2.1936E-02  9.0079E-06  9.0079E-06  3.1829E-05
  2.2140E-02  9.2616E-06  9.2616E-06  3.2702E-05
  2.2345E-02  9.5224E-06  9.5224E-06  3.3598E-05
  2.2553E-02  9.7905E-06  9.7905E-06  3.4519E-05
  2.2763E-02  1.0066E-05  1.0066E-05  3.5465E-05
  2.2975E-02  1.0350E-05  1.0350E-05  3.6437E-05
  2.3189E-02  1.0641E-05  1.0641E-05  3.7435E-05
  2.3404E-02  1.0941E-05  1.0941E-05  3.8460E-05
  2.3622E-02  1.1249E-05  1.1249E-05  3.9512E-05
  2.3842E-02  1.1565E-05  1.1565E-05  4.0594E-05
  2.4063E-02  1.1891E-05  1.1891E-05  4.1704E-05
  2.4287E-02  1.2226E-05  1.2226E-05  4.2845E-05
  2.4513E-02  1.2570E-05  1.2570E-05  4.4017E-05
  2.4741E-02  1.2924E-05  1.2924E-05  4.5220E-05
  2.4971E-02  1.3288E-05  1.3288E-05  4.6456E-05
  2.5204E-02  1.3662E-05  1.3662E-05  4.7726E-05
  2.5438E-02  1.4047E-05  1.4047E-05  4.9029E-05
  2.5675E-02  1.4442E-05  1.4442E-05  5.0368E-05
  2.5913E-02  1.4849E-05  1.4849E-05  5.1743E-05
  2.6154E-02  1.5267E-05  1.5267E-05  5.3156E-05
  2.6398E-02  1.5697E-05  1.5697E-05  5.4606E-05
  2.6643E-02  1.6139E-05  1.6139E-05  5.6095E-05
  2.6891E-02  1.6593E-05  1.6593E-05  5.7625E-05
  2.7141E-02  1.7060E-05  1.7060E-05  5.9196E-05
  2.7394E-02  1.7541E-05  1.7541E-05  6.0810E-05
  2.7648E-02  1.8035E-05  1.8035E-05  6.2466E-05
  2.7906E-02  1.8542E-05  1.8542E-05  6.4168E-05
  2.8165E-02  1.9064E-05  1.9064E-05  6.5915E-05
  2.8427E-02  1.9601E-05  1.9601E-05  6.7709E-05
  2.8691E-02  2.0153E-05  2.0153E-05  6.9552E-05
  2.8958E-02  2.0720E-05  2.0720E-05  7.1444E-05
  2.9228E-02  2.1304E-05  2.1304E-05  7.3387E-05
  2.9500E-02  2.1904E-05  2.1904E-05  7.5382E-05
  2.9774E-02  2.2520E-05  2.2520E-05  7.7431E-05
  3.0051E-02  2.3154E-05  2.3154E-05  7.9535E-05
  3.0330E-02  2.3806E-05  2.3806E-05  8.1695E-05
  3.0612E-02  2.4476E-05  2.4476E-05  8.3914E-05
  3.0897E-02  2.5165E-05  2.5165E-05  8.6191E-05
  3.1185E-02  2.5874E-05  2.5874E-05  8.8530E-05
  3.1475E-02  2.6602E-05  2.6602E-05  9.0932E-05
  3.1767E-02  2.7351E-05  2.7351E-05  9.3397E-05
  3.2063E-02  2.8121E-05  2.8121E-05  9.5929E-05
  3.2361E-02  2.8913E-05  2.8913E-05  9.8529E-05
  3.2662E-02  2.9727E-05  2.9727E-05  1.0120E-04
  3.2966E-02  3.0563E-05  3.0563E-05  1.0394E-04
  3.3273E-02  3.1424E-05  3.1424E-05  1.0675E-04
  3.3582E-02  3.2308E-05  3.2308E-05  1.0964E-04
  3.3894E-02  3.3218E-05  3.3218E-05  1.1261E-04
  3.4210E-02  3.4153E-05  3.4153E-05  1.1565E-04
  3.4528E-02  3.5114E-05  3.5114E-05  1.1878E-04
  3.4849E-02  3.6103E-05  3.6103E-05  1.2199E-04
  3.5173E-02  3.7119E-05  3.7119E-05  1.2528E-04
  3.5500E-02  3.8164E-05  3.8164E-05  1.2866E-04
  3.5830E-02  3.9238E-05  3.9238E-05  1.3214E-04
  3.6164E-02  4.0342E-05  4.0342E-05  1.3570E-04
  3.6500E-02  4.1478E-05  4.1478E-05  1.3936E-04
  3.6840E-02  4.2645E-05  4.2645E-05  1.4312E-04
  3.7182E-02  4.3846E-05  4.3846E-05  1.4698E-04
  3.7528E-02  4.5080E-05  4.5080E-05  1.5094E-04
  3.7877E-02  4.6349E-05  4.6349E-05  1.5500E-04
  3.8229E-02  4.7653E-05  4.7653E-05  1.5917E-04
  3.8585E-02  4.8994E-05  4.8994E-05  1.6346E-04
  3.8944E-02  5.0373E-05  5.0373E-05  1.6785E-04
  3.9306E-02  5.1791E-05  5.1791E-05  1.7236E-04
  3.9672E-02  5.3249E-05  5.3249E-05  1.7700E-04
  4.0041E-02  5.4747E-05  5.4747E-05  1.8175E-04
  4.0413E-02  5.6288E-05  5.6288E-05  1.8663E-04
  4.0789E-02  5.7872E-05  5.7872E-05  1.9164E-04
  4.1168E-02  5.9501E-05  5.9501E-05  1.9678E-04
  4.1551E-02  6.1175E-05  6.1175E-05  2.0206E-04
  4.1938E-02  6.2897E-05  6.2897E-05  2.0748E-04
  4.2328E-02  6.4667E-05  6.4667E-05  2.1304E-04
  4.2722E-02  6.6487E-05  6.6487E-05  2.1874E-04
  4.3119E-02  6.8358E-05  6.8358E-05  2.2460E-04
  4.3520E-02  7.0281E-05  7.0281E-05  2.3061E-04
  4.3925E-02  7.2259E-05  7.2259E-05  2.3677E-04
  4.4333E-02  7.4292E-05  7.4292E-05  2.4310E-04
  4.4746E-02  7.6383E-05  7.6383E-05  2.4960E-04
  4.5162E-02  7.8532E-05  7.8532E-05  2.5627E-04
  4.5582E-02  8.0742E-05  8.0742E-05  2.6311E-04
  4.6006E-02  8.3014E-05  8.3014E-05  2.7013E-04
  4.6434E-02  8.5350E-05  8.5350E-05  2.7733E-04
  4.6866E-02  8.7751E-05  8.7751E-05  2.8473E-04
  4.7302E-02  9.0220E-05  9.0220E-05  2.9231E-04
  4.7742E-02  9.2758E-05  9.2758E-05  3.0010E-04
  4.8186E-02  9.5368E-05  9.5368E-05  3.0809E-04
  4.8634E-02  9.8051E-05  9.8051E-05  3.1628E-04
  4.9086E-02  1.0081E-04  1.0081E-04  3.2469E-04
  4.9543E-02  1.0365E-04  1.0365E-04  3.3333E-04
  5.0004E-02  1.0656E-04  1.0656E-04  3.4218E-04
  5.0469E-02  1.0956E-04  1.0956E-04  3.5127E-04
  5.0938E-02  1.1264E-04  1.1264E-04  3.6059E-04
  5.1412E-02  1.1581E-04  1.1581E-04  3.7015E-04
  5.1890E-02  1.1907E-04  1.1907E-04  3.7997E-04
  5.2373E-02  1.2242E-04  1.2242E-04  3.9003E-04
  5.2860E-02  1.2586E-04  1.2586E-04  4.0036E-04
  5.3351E-02  1.2940E-04  1.2940E-04  4.1096E-04
  5.3848E-02  1.3304E-04  1.3304E-04  4.2183E-04
  5.4348E-02  1.3678E-04  1.3678E-04  4.3299E-04
  5.4854E-02  1.4063E-04  1.4063E-04  4.4443E-04
  5.5364E-02  1.4459E-04  1.4459E-04  4.5617E-04
  5.5879E-02  1.4865E-04  1.4865E-04  4.6821E-04
  5.6399E-02  1.5283E-04  1.5283E-04  4.8056E-04
  5.6923E-02  1.5713E-04  1.5713E-04  4.9323E-04
  5.7453E-02  1.6155E-04  1.6155E-04  5.0623E-04
  5.7987E-02  1.6609E-04  1.6609E-04  5.1956E-04
  5.8527E-02  1.7076E-04  1.7076E-04  5.3324E-04
  5.9071E-02  1.7556E-04  1.7556E-04  5.4726E-04
  5.9620E-02  1.8050E-04  1.8050E-04  5.6165E-04
  6.0175E-02  1.8558E-04  1.8558E-04  5.7641E-04
  6.0735E-02  1.9080E-04  1.9080E-04  5.9154E-04
  6.1300E-02  1.9616E-04  1.9616E-04  6.0707E-04
  6.1870E-02  2.0167E-04  2.0167E-04  6.2299E-04
  6.2445E-02  2.0734E-04  2.0734E-04  6.3932E-04
  6.3026E-02  2.1317E-04  2.1317E-04  6.5607E-04
  6.3612E-02  2.1917E-04  2.1917E-04  6.7324E-04
  6.4204E-02  2.2533E-04  2.2533E-04  6.9085E-04
  6.4801E-02  2.3166E-04  2.3166E-04  7.0892E-04
  6.5404E-02  2.3817E-04  2.3817E-04  7.2744E-04
  6.6012E-02  2.4487E-04  2.4487E-04  7.4644E-04
  6.6626E-02  2.5175E-04  2.5175E-04  7.6591E-04
  6.7246E-02  2.5883E-04  2.5883E-04  7.8589E-04
  6.7871E-02  2.6610E-04  2.6610E-04  8.0637E-04
  6.8502E-02  2.7358E-04  2.7358E-04  8.2737E-04
  6.9140E-02  2.8127E-04  2.8127E-04  8.4890E-04
  6.9783E-02  2.8918E-04  2.8918E-04  8.7098E-04
  7.0432E-02  2.9730E-04  2.9730E-04  8.9362E-04
  7.1087E-02  3.0566E-04  3.0566E-04  9.1683E-04
  7.1748E-02  3.1424E-04  3.1424E-04  9.4062E-04
  7.2415E-02  3.2307E-04  3.2307E-04  9.6502E-04
  7.3089E-02  3.3215E-04  3.3215E-04  9.9003E-04
  7.3769E-02  3.4148E-04  3.4148E-04  1.0157E-03
  7.4455E-02  3.5108E-04  3.5108E-04  1.0420E-03
  7.5147E-02  3.6094E-04  3.6094E-04  1.0689E-03
  7.5846E-02  3.7108E-04  3.7108E-04  1.0965E-03
  7.6552E-02  3.8150E-04  3.8150E-04  1.1249E-03
  7.7264E-02  3.9222E-04  3.9222E-04  1.1539E-03
  7.7982E-02  4.0324E-04  4.0324E-04  1.1836E-03
  7.8708E-02  4.1456E-04  4.1456E-04  1.2141E-03
  7.9440E-02  4.2620E-04  4.2620E-04  1.2454E-03
  8.0179E-02  4.3817E-04  4.3817E-04  1.2775E-03
  8.0924E-02  4.5048E-04  4.5048E-04  1.3103E-03
  8.1677E-02  4.6313E-04  4.6313E-04  1.3440E-03
  8.2437E-02  4.7613E-04  4.7613E-04  1.3785E-03
  8.3204E-02  4.8950E-04  4.8950E-04  1.4138E-03
  8.3977E-02  5.0324E-04  5.0324E-04  1.4501E-03
  8.4759E-02  5.1737E-04  5.1737E-04  1.4872E-03
  8.5547E-02  5.3189E-04  5.3189E-04  1.5252E-03
  8.6343E-02  5.4683E-04  5.4683E-04  1.5642E-03
  8.7146E-02  5.6217E-04  5.6217E-04  1.6042E-03
  8.7956E-02  5.7795E-04  5.7795E-04  1.6452E-03
  8.8774E-02  5.9417E-04  5.9417E-04  1.6871E-03
  8.9600E-02  6.1085E-04  6.1085E-04  1.7301E-03
  9.0433E-02  6.2799E-04  6.2799E-04  1.7742E-03
  9.1274E-02  6.4561E-04  6.4561E-04  1.8193E-03
  9.2123E-02  6.6372E-04  6.6372E-04  1.8656E-03
  9.2980E-02  6.8234E-04  6.8234E-04  1.9130E-03
  9.3845E-02  7.0149E-04  7.0149E-04  1.9615E-03
  9.4718E-02  7.2116E-04  7.2116E-04  2.0112E-03
  9.5599E-02  7.4139E-04  7.4139E-04  2.0622E-03
  9.6488E-02  7.6219E-04  7.6219E-04  2.1144E-03
  9.7386E-02  7.8356E-04  7.8356E-04  2.1679E-03
  9.8291E-02  8.0554E-04  8.0554E-04  2.2226E-03
  9.9206E-02  8.2812E-04  8.2812E-04  2.2787E-03
  1.0013E-01  8.5134E-04  8.5134E-04  2.3362E-03
  1.0106E-01  8.7521E-04  8.7521E-04  2.3951E-03
  1.0200E-01  8.9975E-04  8.9975E-04  2.4554E-03
  1.0295E-01  9.2497E-04  9.2497E-04  2.5171E-03
  1.0391E-01  9.5089E-04  9.5089E-04  2.5804E-03
  1.0487E-01  9.7754E-04  9.7754E-04  2.6452E-03
  1.0585E-01  1.0049E-03  1.0049E-03  2.7115E-03
  1.0683E-01  1.0331E-03  1.0331E-03  2.7795E-03
  1.0783E-01  1.0620E-03  1.0620E-03  2.8491E-03
  1.0883E-01  1.0918E-03  1.0918E-03  2.9203E-03
  1.0984E-01  1.1224E-03  1.1224E-03  2.9933E-03
  1.1086E-01  1.1538E-03  1.1538E-03  3.0680E-03
  1.1189E-01  1.1861E-03  1.1861E-03  3.1445E-03
  1.1293E-01  1.2193E-03  1.2193E-03  3.2228E-03
  1.1398E-01  1.2535E-03  1.2535E-03  3.3030E-03
  1.1504E-01  1.2886E-03  1.2886E-03  3.3852E-03
  1.1611E-01  1.3247E-03  1.3247E-03  3.4692E-03
  1.1719E-01  1.3617E-03  1.3617E-03  3.5553E-03
  1.1829E-01  1.3999E-03  1.3999E-03  3.6434E-03
  1.1939E-01  1.4390E-03  1.4390E-03  3.7337E-03
  1.2050E-01  1.4793E-03  1.4793E-03  3.8260E-03
  1.2162E-01  1.5207E-03  1.5207E-03  3.9206E-03
  1.2275E-01  1.5632E-03  1.5632E-03  4.0173E-03
  1.2389E-01  1.6069E-03  1.6069E-03  4.1164E-03
  1.2504E-01  1.6519E-03  1.6519E-03  4.2178E-03
  1.2620E-01  1.6981E-03  1.6981E-03  4.3215E-03
  1.2738E-01  1.7456E-03  1.7456E-03  4.4278E-03
  1.2856E-01  1.7944E-03  1.7944E-03  4.5365E-03
  1.2976E-01  1.8445E-03  1.8445E-03  4.6477E-03
  1.3097E-01  1.8961E-03  1.8961E-03  4.7616E-03
  1.3218E-01  1.9491E-03  1.9491E-03  4.8781E-03
  1.3341E-01  2.0035E-03  2.0035E-03  4.9973E-03
  1.3465E-01  2.0595E-03  2.0595E-03  5.1193E-03
  1.3591E-01  2.1170E-03  2.1170E-03  5.2442E-03
  1.3717E-01  2.1761E-03  2.1761E-03  5.3719E-03
  1.3845E-01  2.2369E-03  2.2369E-03  5.5026E-03
  1.3973E-01  2.2994E-03  2.2994E-03  5.6364E-03
  1.4103E-01  2.3635E-03  2.3635E-03  5.7732E-03
  1.4235E-01  2.4295E-03  2.4295E-03  5.9132E-03
  1.4367E-01  2.4973E-03  2.4973E-03  6.0564E-03
  1.4501E-01  2.5670E-03  2.5670E-03  6.2029E-03
  1.4635E-01  2.6386E-03  2.6386E-03  6.3527E-03
  1.4772E-01  2.7122E-03  2.7122E-03  6.5060E-03
  1.4909E-01  2.7878E-03  2.7878E-03  6.6629E-03
  1.5048E-01  2.8655E-03  2.8655E-03  6.8233E-03
  1.5188E-01  2.9454E-03  2.9454E-03  6.9873E-03
  1.5329E-01  3.0275E-03  3.0275E-03  7.1551E-03
  1.5471E-01  3.1118E-03  3.1118E-03  7.3267E-03
  1.5615E-01  3.1985E-03  3.1985E-03  7.5022E-03
  1.5761E-01  3.2876E-03  3.2876E-03  7.6817E-03
  1.5907E-01  3.3792E-03  3.3792E-03  7.8653E-03
  1.6055E-01  3.4733E-03  3.4733E-03  8.0530E-03
  1.6204E-01  3.5699E-03  3.5699E-03  8.2449E-03
  1.6355E-01  3.6693E-03  3.6693E-03  8.4412E-03
  1.6507E-01  3.7714E-03  3.7714E-03  8.6418E-03
  1.6661E-01  3.8763E-03  3.8763E-03  8.8470E-03
  1.6816E-01  3.9841E-03  3.9841E-03  9.0568E-03
  1.6972E-01  4.0948E-03  4.0948E-03  9.2712E-03
  1.7130E-01  4.2086E-03  4.2086E-03  9.4905E-03
  1.7289E-01  4.3256E-03  4.3256E-03  9.7146E-03
  1.7450E-01  4.4458E-03  4.4458E-03  9.9438E-03
  1.7612E-01  4.5693E-03  4.5693E-03  1.0178E-02
  1.7776E-01  4.6961E-03  4.6961E-03  1.0417E-02
  1.7942E-01  4.8265E-03  4.8265E-03  1.0662E-02
  1.8109E-01  4.9604E-03  4.9604E-03  1.0912E-02
  1.8277E-01  5.0981E-03  5.0981E-03  1.1168E-02
  1.8447E-01  5.2395E-03  5.2395E-03  1.1429E-02
  1.8619E-01  5.3848E-03  5.3848E-03  1.1696E-02
  1.8792E-01  5.5340E-03  5.5340E-03  1.1969E-02
  1.8966E-01  5.6874E-03  5.6874E-03  1.2248E-02
  1.9143E-01  5.8450E-03  5.8450E-03  1.2533E-02
  1.9321E-01  6.0068E-03  6.0068E-03  1.2824E-02
  1.9501E-01  6.1731E-03  6.1731E-03  1.3121E-02
  1.9682E-01  6.3440E-03  6.3440E-03  1.3425E-02
  1.9865E-01  6.5195E-03  6.5195E-03  1.3736E-02
  2.0050E-01  6.6999E-03  6.6999E-03  1.4053E-02
  2.0236E-01  6.8851E-03  6.8851E-03  1.4377E-02
  2.0425E-01  7.0754E-03  7.0754E-03  1.4709E-02
  2.0615E-01  7.2709E-03  7.2709E-03  1.5047E-02
  2.0806E-01  7.4717E-03  7.4717E-03  1.5392E-02
  2.1000E-01  7.6780E-03  7.6780E-03  1.5745E-02
  2.1195E-01  7.8899E-03  7.8899E-03  1.6106E-02
  2.1392E-01  8.1076E-03  8.1076E-03  1.6474E-02
  2.1591E-01  8.3312E-03  8.3312E-03  1.6850E-02
  2.1792E-01  8.5609E-03  8.5609E-03  1.7234E-02
  2.1995E-01  8.7968E-03  8.7968E-03  1.7626E-02
  2.2199E-01  9.0391E-03  9.0391E-03  1.8027E-02
  2.2406E-01  9.2880E-03  9.2880E-03  1.8436E-02
  2.2614E-01  9.5436E-03  9.5436E-03  1.8854E-02
  2.2824E-01  9.8061E-03  9.8061E-03  1.9280E-02
  2.3037E-01  1.0076E-02  1.0076E-02  1.9716E-02
  2.3251E-01  1.0353E-02  1.0353E-02  2.0160E-02
  2.3467E-01  1.0637E-02  1.0637E-02  2.0614E-02
  2.3686E-01  1.0929E-02  1.0929E-02  2.1078E-02
  2.3906E-01  1.1229E-02  1.1229E-02  2.1551E-02
  2.4128E-01  1.1537E-02  1.1537E-02  2.2034E-02
  2.4353E-01  1.1854E-02  1.1854E-02  2.2527E-02
  2.4579E-01  1.2178E-02  1.2178E-02  2.3030E-02
  2.4808E-01  1.2512E-02  1.2512E-02  2.3544E-02
  2.5038E-01  1.2855E-02  1.2855E-02  2.4068E-02
  2.5271E-01  1.3206E-02  1.3206E-02  2.4603E-02
  2.5506E-01  1.3567E-02  1.3567E-02  2.5149E-02
  2.5744E-01  1.3938E-02  1.3938E-02  2.5707E-02
  2.5983E-01  1.4319E-02  1.4319E-02  2.6276E-02
  2.6225E-01  1.4710E-02  1.4710E-02  2.6856E-02
  2.6469E-01  1.5111E-02  1.5111E-02  2.7448E-02
  2.6715E-01  1.5523E-02  1.5523E-02  2.8053E-02
  2.6963E-01  1.5946E-02  1.5946E-02  2.8669E-02
  2.7214E-01  1.6380E-02  1.6380E-02  2.9299E-02
  2.7467E-01  1.6826E-02  1.6826E-02  2.9941E-02
  2.7723E-01  1.7284E-02  1.7284E-02  3.0596E-02
  2.7981E-01  1.7754E-02  1.7754E-02  3.1264E-02
  2.8241E-01  1.8236E-02  1.8236E-02  3.1945E-02
  2.8503E-01  1.8731E-02  1.8731E-02  3.2641E-02
  2.8769E-01  1.9239E-02  1.9239E-02  3.3350E-02
  2.9036E-01  1.9760E-02  1.9760E-02  3.4074E-02
  2.9306E-01  2.0295E-02  2.0295E-02  3.4812E-02
  2.9579E-01  2.0845E-02  2.0845E-02  3.5564E-02
  2.9854E-01  2.1408E-02  2.1408E-02  3.6332E-02
  3.0132E-01  2.1987E-02  2.1987E-02  3.7115E-02
  3.0412E-01  2.2581E-02  2.2581E-02  3.7913E-02
  3.0695E-01  2.3190E-02  2.3190E-02  3.8727E-02
  3.0980E-01  2.3815E-02  2.3815E-02  3.9558E-02
  3.1268E-01  2.4456E-02  2.4456E-02  4.0405E-02
  3.1559E-01  2.5115E-02  2.5115E-02  4.1268E-02
  3.1853E-01  2.5790E-02  2.5790E-02  4.2148E-02
  3.2149E-01  2.6483E-02  2.6483E-02  4.3046E-02
  3.2448E-01  2.7194E-02  2.7194E-02  4.3961E-02
  3.2750E-01  2.7923E-02  2.7923E-02  4.4894E-02
  3.3054E-01  2.8671E-02  2.8671E-02  4.5845E-02
  3.3362E-01  2.9438E-02  2.9438E-02  4.6815E-02
  3.3672E-01  3.0225E-02  3.0225E-02  4.7803E-02
  3.3985E-01  3.1033E-02  3.1033E-02  4.8811E-02
  3.4301E-01  3.1861E-02  3.1861E-02  4.9838E-02
  3.4620E-01  3.2710E-02  3.2710E-02  5.0885E-02
  3.4942E-01  3.3581E-02  3.3581E-02  5.1952E-02
  3.5267E-01  3.4474E-02  3.4474E-02  5.3039E-02
  3.5595E-01  3.5390E-02  3.5390E-02  5.4148E-02
  3.5927E-01  3.6330E-02  3.6330E-02  5.5277E-02
  3.6261E-01  3.7293E-02  3.7293E-02  5.6429E-02
  3.6598E-01  3.8281E-02  3.8281E-02  5.7602E-02
  3.6938E-01  3.9293E-02  3.9293E-02  5.8798E-02
  3.7282E-01  4.0331E-02  4.0331E-02  6.0016E-02
  3.7629E-01  4.1395E-02  4.1395E-02  6.1258E-02
  3.7979E-01  4.2486E-02  4.2486E-02  6.2523E-02
  3.8332E-01  4.3604E-02  4.3604E-02  6.3812E-02
  3.8688E-01  4.4750E-02  4.4750E-02  6.5125E-02
  3.9048E-01  4.5925E-02  4.5925E-02  6.6463E-02
  3.9411E-01  4.7129E-02  4.7129E-02  6.7827E-02
  3.9778E-01  4.8363E-02  4.8363E-02  6.9216E-02
  4.0148E-01  4.9627E-02  4.9627E-02  7.0631E-02
  4.0521E-01  5.0923E-02  5.0923E-02  7.2073E-02
  4.0898E-01  5.2250E-02  5.2250E-02  7.3541E-02
  4.1279E-01  5.3610E-02  5.3610E-02  7.5037E-02
  4.1663E-01  5.5004E-02  5.5004E-02  7.6561E-02
  4.2050E-01  5.6431E-02  5.6431E-02  7.8114E-02
  4.2441E-01  5.7893E-02  5.7893E-02  7.9695E-02
  4.2836E-01  5.9390E-02  5.9390E-02  8.1306E-02
  4.3234E-01  6.0924E-02  6.0924E-02  8.2947E-02
  4.3637E-01  6.2495E-02  6.2495E-02  8.4618E-02
  4.4042E-01  6.4103E-02  6.4103E-02  8.6320E-02
  4.4452E-01  6.5751E-02  6.5751E-02  8.8054E-02
  4.4865E-01  6.7437E-02  6.7437E-02  8.9820E-02
  4.5283E-01  6.9164E-02  6.9164E-02  9.1618E-02
  4.5704E-01  7.0931E-02  7.0931E-02  9.3449E-02
  4.6129E-01  7.2741E-02  7.2741E-02  9.5314E-02
  4.6558E-01  7.4593E-02  7.4593E-02  9.7214E-02
  4.6991E-01  7.6488E-02  7.6488E-02  9.9149E-02
  4.7428E-01  7.8428E-02  7.8428E-02  1.0112E-01
  4.7869E-01  8.0414E-02  8.0414E-02  1.0312E-01
  4.8315E-01  8.2445E-02  8.2445E-02  1.0517E-01
  4.8764E-01  8.4523E-02  8.4523E-02  1.0725E-01
  4.9217E-01  8.6650E-02  8.6650E-02  1.0937E-01
  4.9675E-01  8.8825E-02  8.8825E-02  1.1152E-01
  5.0137E-01  9.1049E-02  9.1049E-02  1.1372E-01
  5.0604E-01  9.3325E-02  9.3325E-02  1.1596E-01
  5.1074E-01  9.5652E-02  9.5652E-02  1.1824E-01
  5.1549E-01  9.8032E-02  9.8032E-02  1.2055E-01
  5.2029E-01  1.0046E-01  1.0046E-01  1.2292E-01
  5.2513E-01  1.0295E-01  1.0295E-01  1.2532E-01
  5.3001E-01  1.0549E-01  1.0549E-01  1.2777E-01
  5.3494E-01  1.0809E-01  1.0809E-01  1.3026E-01
  5.3992E-01  1.1075E-01  1.1075E-01  1.3280E-01
  5.4494E-01  1.1347E-01  1.1347E-01  1.3539E-01
  5.5001E-01  1.1624E-01  1.1624E-01  1.3802E-01
  5.5512E-01  1.1907E-01  1.1907E-01  1.4070E-01
  5.6029E-01  1.2197E-01  1.2197E-01  1.4343E-01
  5.6550E-01  1.2493E-01  1.2493E-01  1.4621E-01
  5.7076E-01  1.2795E-01  1.2795E-01  1.4903E-01
  5.7606E-01  1.3104E-01  1.3104E-01  1.5192E-01
  5.8142E-01  1.3419E-01  1.3419E-01  1.5485E-01
  5.8683E-01  1.3741E-01  1.3741E-01  1.5783E-01
  5.9229E-01  1.4069E-01  1.4069E-01  1.6087E-01
  5.9780E-01  1.4404E-01  1.4404E-01  1.6397E-01
  6.0336E-01  1.4747E-01  1.4747E-01  1.6712E-01
  6.0897E-01  1.5096E-01  1.5096E-01  1.7033E-01
  6.1463E-01  1.5452E-01  1.5452E-01  1.7360E-01
  6.2035E-01  1.5816E-01  1.5816E-01  1.7693E-01
  6.2612E-01  1.6187E-01  1.6187E-01  1.8032E-01
  6.3194E-01  1.6566E-01  1.6566E-01  1.8377E-01
  6.3782E-01  1.6952E-01  1.6952E-01  1.8728E-01
  6.4375E-01  1.7346E-01  1.7346E-01  1.9086E-01
  6.4974E-01  1.7747E-01  1.7747E-01  1.9450E-01
  6.5578E-01  1.8157E-01  1.8157E-01  1.9821E-01
  6.6188E-01  1.8574E-01  1.8574E-01  2.0198E-01
  6.6804E-01  1.8999E-01  1.8999E-01  2.0583E-01
  6.7425E-01  1.9433E-01  1.9433E-01  2.0974E-01
  6.8053E-01  1.9875E-01  1.9875E-01  2.1373E-01
  6.8685E-01  2.0325E-01  2.0325E-01  2.1779E-01
  6.9324E-01  2.0783E-01  2.0783E-01  2.2193E-01
  6.9969E-01  2.1251E-01  2.1251E-01  2.2614E-01
  7.0620E-01  2.1727E-01  2.1727E-01  2.3042E-01
  7.1277E-01  2.2211E-01  2.2211E-01  2.3479E-01
  7.1940E-01  2.2705E-01  2.2705E-01  2.3924E-01
  7.2609E-01  2.3207E-01  2.3207E-01  2.4376E-01
  7.3284E-01  2.3719E-01  2.3719E-01  2.4838E-01
  7.3966E-01  2.4239E-01  2.4239E-01  2.5307E-01
  7.4654E-01  2.4769E-01  2.4769E-01  2.5785E-01
  7.5348E-01  2.5308E-01  2.5308E-01  2.6273E-01
  7.6049E-01  2.5857E-01  2.5857E-01  2.6769E-01
  7.6756E-01  2.6415E-01  2.6415E-01  2.7274E-01
  7.7470E-01  2.6983E-01  2.6983E-01  2.7788E-01
  7.8191E-01  2.7561E-01  2.7561E-01  2.8312E-01
  7.8918E-01  2.8148E-01  2.8148E-01  2.8846E-01
  7.9652E-01  2.8746E-01  2.8746E-01  2.9390E-01
  8.0393E-01  2.9353E-01  2.9353E-01  2.9943E-01
  8.1140E-01  2.9971E-01  2.9971E-01  3.0507E-01
  8.1895E-01  3.0599E-01  3.0599E-01  3.1082E-01
  8.2657E-01  3.1238E-01  3.1238E-01  3.1667E-01
  8.3426E-01  3.1886E-01  3.1886E-01  3.2263E-01
  8.4202E-01  3.2546E-01  3.2546E-01  3.2870E-01
  8.4985E-01  3.3216E-01  3.3216E-01  3.3488E-01
  8.5775E-01  3.3897E-01  3.3897E-01  3.4118E-01
  8.6573E-01  3.4589E-01  3.4589E-01  3.4760E-01
  8.7378E-01  3.5292E-01  3.5292E-01  3.5413E-01
  8.8191E-01  3.6006E-01  3.6006E-01  3.6079E-01
  8.9011E-01  3.6732E-01  3.6732E-01  3.6758E-01
  8.9839E-01  3.7469E-01  3.7469E-01  3.7448E-01
  9.0675E-01  3.8218E-01  3.8218E-01  3.8152E-01
  9.1518E-01  3.8979E-01  3.8979E-01  3.8870E-01
  9.2369E-01  3.9751E-01  3.9751E-01  3.9600E-01
  9.3228E-01  4.0536E-01  4.0536E-01  4.0344E-01
  9.4095E-01  4.1333E-01  4.1333E-01  4.1103E-01
  9.4971E-01  4.2143E-01  4.2143E-01  4.1875E-01
  9.5854E-01  4.2965E-01  4.2965E-01  4.2662E-01
  9.6745E-01  4.3800E-01  4.3800E-01  4.3464E-01
  9.7645E-01  4.4649E-01  4.4649E-01  4.4281E-01
  9.8554E-01  4.5510E-01  4.5510E-01  4.5114E-01
  9.9470E-01  4.6385E-01  4.6385E-01  4.5962E-01
  1.0040E+00  4.7274E-01  4.7274E-01  4.6826E-01
  1.0133E+00  4.8177E-01  4.8177E-01  4.7706E-01
  1.0227E+00  4.9095E-01  4.9095E-01  4.8604E-01
  1.0322E+00  5.0027E-01  5.0027E-01  4.9518E-01
  1.0418E+00  5.0974E-01  5.0974E-01  5.0449E-01
  1.0515E+00  5.1936E-01  5.1936E-01  5.1398E-01
  1.0613E+00  5.2914E-01  5.2914E-01  5.2366E-01
  1.0712E+00  5.3908E-01  5.3908E-01  5.3351E-01
  1.0811E+00  5.4918E-01  5.4918E-01  5.4355E-01
  1.0912E+00  5.5945E-01  5.5945E-01  5.5379E-01
  1.1013E+00  5.6989E-01  5.6989E-01  5.6422E-01
  1.1116E+00  5.8050E-01  5.8050E-01  5.7484E-01
  1.1219E+00  5.9130E-01  5.9130E-01  5.8567E-01
  1.1324E+00  6.0228E-01  6.0228E-01  5.9671E-01
  1.1429E+00  6.1345E-01  6.1345E-01  6.0795E-01
  1.1535E+00  6.2481E-01  6.2481E-01  6.1941E-01
  1.1642E+00  6.3638E-01  6.3638E-01  6.3109E-01
  1.1751E+00  6.4814E-01  6.4814E-01  6.4300E-01
  1.1860E+00  6.6012E-01  6.6012E-01  6.5513E-01
  1.1970E+00  6.7232E-01  6.7232E-01  6.6749E-01
  1.2082E+00  6.8473E-01  6.8473E-01  6.8009E-01
  1.2194E+00  6.9738E-01  6.9738E-01  6.9293E-01
  1.2307E+00  7.1026E-01  7.1026E-01  7.0601E-01
  1.2422E+00  7.2338E-01  7.2338E-01  7.1935E-01
  1.2537E+00  7.3675E-01  7.3675E-01  7.3294E-01
  1.2654E+00  7.5037E-01  7.5037E-01  7.4680E-01
  1.2772E+00  7.6426E-01  7.6426E-01  7.6091E-01
  1.2891E+00  7.7841E-01  7.7841E-01  7.7531E-01
  1.3010E+00  7.9285E-01  7.9285E-01  7.8997E-01
  1.3131E+00  8.0756E-01  8.0756E-01  8.0492E-01
  1.3254E+00  8.2256E-01  8.2256E-01  8.2016E-01
  1.3377E+00  8.3787E-01  8.3787E-01  8.3569E-01
  1.3501E+00  8.5348E-01  8.5348E-01  8.5152E-01
  1.3627E+00  8.6940E-01  8.6940E-01  8.6765E-01
  1.3754E+00  8.8564E-01  8.8564E-01  8.8410E-01
  1.3882E+00  9.0221E-01  9.0221E-01  9.0086E-01
  1.4011E+00  9.1912E-01  9.1912E-01  9.1795E-01
  1.4141E+00  9.3636E-01  9.3636E-01  9.3537E-01
  1.4273E+00  9.5396E-01  9.5396E-01  9.5312E-01
  1.4405E+00  9.7192E-01  9.7192E-01  9.7122E-01
  1.4539E+00  9.9024E-01  9.9024E-01  9.8967E-01
  1.4674E+00  1.0089E+00  1.0089E+00  1.0085E+00
  1.4811E+00  1.0280E+00  1.0280E+00  1.0276E+00
  1.4949E+00  1.0475E+00  1.0475E+00  1.0472E+00
  1.5088E+00  1.0673E+00  1.0673E+00  1.0671E+00
  1.5228E+00  1.0876E+00  1.0876E+00  1.0874E+00
  1.5370E+00  1.1082E+00  1.1082E+00  1.1081E+00
  1.5513E+00  1.1293E+00  1.1293E+00  1.1292E+00
  1.5657E+00  1.1508E+00  1.1508E+00  1.1507E+00
  1.5803E+00  1.1727E+00  1.1727E+00  1.1727E+00
  1.5950E+00  1.1950E+00  1.1950E+00  1.1950E+00
  1.6098E+00  1.2178E+00  1.2178E+00  1.2178E+00
  1.6248E+00  1.2411E+00  1.2411E+00  1.2410E+00
  1.6399E+00  1.2647E+00  1.2647E+00  1.2647E+00
  1.6551E+00  1.2889E+00  1.2889E+00  1.2889E+00
  1.6705E+00  1.3135E+00  1.3135E+00  1.3135E+00
  1.6861E+00  1.3386E+00  1.3386E+00  1.3386E+00
  1.7017E+00  1.3642E+00  1.3642E+00  1.3642E+00
  1.7176E+00  1.3903E+00  1.3903E+00  1.3903E+00
  1.7335E+00  1.4169E+00  1.4169E+00  1.4169E+00
  1.7497E+00  1.4441E+00  1.4441E+00  1.4441E+00
  1.7659E+00  1.4717E+00  1.4717E+00  1.4717E+00
  1.7824E+00  1.5000E+00  1.5000E+00  1.5000E+00
  1.7989E+00  1.5287E+00  1.5287E+00  1.5287E+00
  1.8157E+00  1.5580E+00  1.5580E+00  1.5580E+00
  1.8326E+00  1.5880E+00  1.5880E+00  1.5880E+00
  1.8496E+00  1.6184E+00  1.6184E+00  1.6184E+00
  1.8668E+00  1.6495E+00  1.6495E+00  1.6495E+00
