  0.0000000E+00 -6.0000000E+00  0.0000000E+00
  2.8818375E-08 -5.9999997E+00  3.2944840E-07
  5.7885899E-08 -5.9999993E+00  6.6174506E-07
  8.7204727E-08 -5.9999990E+00  9.9691459E-07
  1.1677703E-07 -5.9999987E+00  1.3349818E-06
  1.4660500E-07 -5.9999983E+00  1.6759718E-06
  1.7669085E-07 -5.9999980E+00  2.0199099E-06
  2.0703681E-07 -5.9999976E+00  2.3668214E-06
  2.3764513E-07 -5.9999973E+00  2.7167322E-06
  2.6851806E-07 -5.9999969E+00  3.0696682E-06
  2.9965791E-07 -5.9999966E+00  3.4256554E-06
  3.3106699E-07 -5.9999962E+00  3.7847204E-06
  3.6274760E-07 -5.9999959E+00  4.1468896E-06
  3.9470212E-07 -5.9999955E+00  4.5121900E-06
  4.2693289E-07 -5.9999951E+00  4.8806486E-06
  4.5944232E-07 -5.9999947E+00  5.2522927E-06
  4.9223281E-07 -5.9999944E+00  5.6271499E-06
  5.2530679E-07 -5.9999940E+00  6.0052479E-06
  5.5866671E-07 -5.9999936E+00  6.3866147E-06
  5.9231505E-07 -5.9999932E+00  6.7712787E-06
  6.2625429E-07 -5.9999928E+00  7.1592683E-06
  6.6048695E-07 -5.9999924E+00  7.5506122E-06
  6.9501558E-07 -5.9999921E+00  7.9453395E-06
  7.2984272E-07 -5.9999917E+00  8.3434795E-06
  7.6497096E-07 -5.9999913E+00  8.7450615E-06
  8.0040290E-07 -5.9999908E+00  9.1501155E-06
  8.3614116E-07 -5.9999904E+00  9.5586713E-06
  8.7218841E-07 -5.9999900E+00  9.9707593E-06
  9.0854730E-07 -5.9999896E+00  1.0386410E-05
  9.4522053E-07 -5.9999892E+00  1.0805654E-05
  9.8221082E-07 -5.9999888E+00  1.1228523E-05
  1.0195209E-06 -5.9999883E+00  1.1655048E-05
  1.0571536E-06 -5.9999879E+00  1.2085260E-05
  1.0951116E-06 -5.9999875E+00  1.2519192E-05
  1.1333978E-06 -5.9999870E+00  1.2956875E-05
  1.1720149E-06 -5.9999866E+00  1.3398342E-05
  1.2109660E-06 -5.9999862E+00  1.3843626E-05
  1.2502538E-06 -5.9999857E+00  1.4292760E-05
  1.2898812E-06 -5.9999853E+00  1.4745776E-05
  1.3298513E-06 -5.9999848E+00  1.5202710E-05
  1.3701669E-06 -5.9999843E+00  1.5663593E-05
  1.4108311E-06 -5.9999839E+00  1.6128461E-05
  1.4518468E-06 -5.9999834E+00  1.6597349E-05
  1.4932171E-06 -5.9999829E+00  1.7070290E-05
  1.5349451E-06 -5.9999825E+00  1.7547319E-05
  1.5770339E-06 -5.9999820E+00  1.8028473E-05
  1.6194865E-06 -5.9999815E+00  1.8513787E-05
  1.6623062E-06 -5.9999810E+00  1.9003297E-05
  1.7054961E-06 -5.9999805E+00  1.9497038E-05
  1.7490593E-06 -5.9999800E+00  1.9995049E-05
  1.7929992E-06 -5.9999795E+00  2.0497365E-05
  1.8373190E-06 -5.9999790E+00  2.1004023E-05
  1.8820219E-06 -5.9999785E+00  2.1515062E-05
  1.9271114E-06 -5.9999780E+00  2.2030519E-05
  1.9725906E-06 -5.9999774E+00  2.2550433E-05
  2.0184630E-06 -5.9999769E+00  2.3074841E-05
  2.0647321E-06 -5.9999764E+00  2.3603784E-05
  2.1114011E-06 -5.9999759E+00  2.4137299E-05
  2.1584736E-06 -5.9999753E+00  2.4675426E-05
  2.2059531E-06 -5.9999748E+00  2.5218207E-05
  2.2538431E-06 -5.9999742E+00  2.5765679E-05
  2.3021471E-06 -5.9999737E+00  2.6317885E-05
  2.3508687E-06 -5.9999731E+00  2.6874865E-05
  2.4000115E-06 -5.9999726E+00  2.7436661E-05
  2.4495792E-06 -5.9999720E+00  2.8003313E-05
  2.4995755E-06 -5.9999714E+00  2.8574864E-05
  2.5500040E-06 -5.9999708E+00  2.9151357E-05
  2.6008684E-06 -5.9999703E+00  2.9732834E-05
  2.6521726E-06 -5.9999697E+00  3.0319338E-05
  2.7039204E-06 -5.9999691E+00  3.0910913E-05
  2.7561156E-06 -5.9999685E+00  3.1507602E-05
  2.8087620E-06 -5.9999679E+00  3.2109449E-05
  2.8618635E-06 -5.9999673E+00  3.2716500E-05
  2.9154242E-06 -5.9999667E+00  3.3328800E-05
  2.9694479E-06 -5.9999661E+00  3.3946393E-05
  3.0239387E-06 -5.9999654E+00  3.4569325E-05
  3.0789005E-06 -5.9999648E+00  3.5197643E-05
  3.1343376E-06 -5.9999642E+00  3.5831393E-05
  3.1902539E-06 -5.9999635E+00  3.6470622E-05
  3.2466537E-06 -5.9999629E+00  3.7115378E-05
  3.3035410E-06 -5.9999622E+00  3.7765708E-05
  3.3609202E-06 -5.9999616E+00  3.8421660E-05
  3.4187955E-06 -5.9999609E+00  3.9083283E-05
  3.4771711E-06 -5.9999602E+00  3.9750627E-05
  3.5360514E-06 -5.9999596E+00  4.0423740E-05
  3.5954407E-06 -5.9999589E+00  4.1102672E-05
  3.6553435E-06 -5.9999582E+00  4.1787474E-05
  3.7157642E-06 -5.9999575E+00  4.2478197E-05
  3.7767073E-06 -5.9999568E+00  4.3174891E-05
  3.8381772E-06 -5.9999561E+00  4.3877608E-05
  3.9001786E-06 -5.9999554E+00  4.4586401E-05
  3.9627160E-06 -5.9999547E+00  4.5301322E-05
  4.0257941E-06 -5.9999540E+00  4.6022423E-05
  4.0894175E-06 -5.9999533E+00  4.6749759E-05
  4.1535910E-06 -5.9999525E+00  4.7483383E-05
  4.2183193E-06 -5.9999518E+00  4.8223350E-05
  4.2836072E-06 -5.9999510E+00  4.8969714E-05
  4.3494596E-06 -5.9999503E+00  4.9722530E-05
  4.4158813E-06 -5.9999495E+00  5.0481856E-05
  4.4828772E-06 -5.9999488E+00  5.1247746E-05
  4.5504523E-06 -5.9999480E+00  5.2020257E-05
  4.6186117E-06 -5.9999472E+00  5.2799447E-05
  4.6873603E-06 -5.9999464E+00  5.3585374E-05
  4.7567033E-06 -5.9999456E+00  5.4378095E-05
  4.8266459E-06 -5.9999448E+00  5.5177670E-05
  4.8971931E-06 -5.9999440E+00  5.5984158E-05
  4.9683502E-06 -5.9999432E+00  5.6797618E-05
  5.0401225E-06 -5.9999424E+00  5.7618111E-05
  5.1125153E-06 -5.9999416E+00  5.8445697E-05
  5.1855340E-06 -5.9999407E+00  5.9280439E-05
  5.2591840E-06 -5.9999399E+00  6.0122397E-05
  5.3334707E-06 -5.9999390E+00  6.0971634E-05
  5.4083996E-06 -5.9999382E+00  6.1828214E-05
  5.4839764E-06 -5.9999373E+00  6.2692199E-05
  5.5602066E-06 -5.9999364E+00  6.3563653E-05
  5.6370958E-06 -5.9999356E+00  6.4442642E-05
  5.7146497E-06 -5.9999347E+00  6.5329230E-05
  5.7928742E-06 -5.9999338E+00  6.6223483E-05
  5.8717749E-06 -5.9999329E+00  6.7125467E-05
  5.9513578E-06 -5.9999320E+00  6.8035250E-05
  6.0316287E-06 -5.9999310E+00  6.8952898E-05
  6.1125936E-06 -5.9999301E+00  6.9878479E-05
  6.1942585E-06 -5.9999292E+00  7.0812063E-05
  6.2766294E-06 -5.9999282E+00  7.1753718E-05
  6.3597124E-06 -5.9999273E+00  7.2703514E-05
  6.4435138E-06 -5.9999263E+00  7.3661522E-05
  6.5280396E-06 -5.9999254E+00  7.4627812E-05
  6.6132963E-06 -5.9999244E+00  7.5602456E-05
  6.6992900E-06 -5.9999234E+00  7.6585526E-05
  6.7860272E-06 -5.9999224E+00  7.7577096E-05
  6.8735142E-06 -5.9999214E+00  7.8577238E-05
  6.9617576E-06 -5.9999204E+00  7.9586027E-05
  7.0507640E-06 -5.9999194E+00  8.0603537E-05
  7.1405398E-06 -5.9999184E+00  8.1629844E-05
  7.2310918E-06 -5.9999173E+00  8.2665025E-05
  7.3224267E-06 -5.9999163E+00  8.3709155E-05
  7.4145512E-06 -5.9999152E+00  8.4762311E-05
  7.5074722E-06 -5.9999142E+00  8.5824573E-05
  7.6011965E-06 -5.9999131E+00  8.6896019E-05
  7.6957311E-06 -5.9999120E+00  8.7976728E-05
  7.7910830E-06 -5.9999109E+00  8.9066781E-05
  7.8872593E-06 -5.9999098E+00  9.0166257E-05
  7.9842671E-06 -5.9999087E+00  9.1275239E-05
  8.0821135E-06 -5.9999076E+00  9.2393808E-05
  8.1808059E-06 -5.9999065E+00  9.3522049E-05
  8.2803515E-06 -5.9999053E+00  9.4660043E-05
  8.3807578E-06 -5.9999042E+00  9.5807876E-05
  8.4820321E-06 -5.9999030E+00  9.6965633E-05
  8.5841820E-06 -5.9999019E+00  9.8133399E-05
  8.6872150E-06 -5.9999007E+00  9.9311261E-05
  8.7911388E-06 -5.9998995E+00  1.0049931E-04
  8.8959611E-06 -5.9998983E+00  1.0169762E-04
  9.0016896E-06 -5.9998971E+00  1.0290630E-04
  9.1083322E-06 -5.9998959E+00  1.0412542E-04
  9.2158968E-06 -5.9998946E+00  1.0535509E-04
  9.3243913E-06 -5.9998934E+00  1.0659539E-04
  9.4338238E-06 -5.9998922E+00  1.0784641E-04
  9.5442024E-06 -5.9998909E+00  1.0910824E-04
  9.6555353E-06 -5.9998896E+00  1.1038099E-04
  9.7678308E-06 -5.9998883E+00  1.1166474E-04
  9.8810970E-06 -5.9998870E+00  1.1295958E-04
  9.9953426E-06 -5.9998857E+00  1.1426563E-04
  1.0110576E-05 -5.9998844E+00  1.1558296E-04
  1.0226805E-05 -5.9998831E+00  1.1691168E-04
  1.0344040E-05 -5.9998817E+00  1.1825189E-04
  1.0462288E-05 -5.9998804E+00  1.1960369E-04
  1.0581558E-05 -5.9998790E+00  1.2096717E-04
  1.0701859E-05 -5.9998777E+00  1.2234244E-04
  1.0823201E-05 -5.9998763E+00  1.2372961E-04
  1.0945591E-05 -5.9998749E+00  1.2512876E-04
  1.1069040E-05 -5.9998735E+00  1.2654001E-04
  1.1193556E-05 -5.9998720E+00  1.2796346E-04
  1.1319148E-05 -5.9998706E+00  1.2939922E-04
  1.1445826E-05 -5.9998692E+00  1.3084739E-04
  1.1573600E-05 -5.9998677E+00  1.3230808E-04
  1.1702478E-05 -5.9998662E+00  1.3378140E-04
  1.1832470E-05 -5.9998647E+00  1.3526746E-04
  1.1963586E-05 -5.9998632E+00  1.3676636E-04
  1.2095836E-05 -5.9998617E+00  1.3827823E-04
  1.2229229E-05 -5.9998602E+00  1.3980316E-04
  1.2363775E-05 -5.9998587E+00  1.4134128E-04
  1.2499485E-05 -5.9998571E+00  1.4289270E-04
  1.2636368E-05 -5.9998555E+00  1.4445753E-04
  1.2774434E-05 -5.9998540E+00  1.4603588E-04
  1.2913694E-05 -5.9998524E+00  1.4762789E-04
  1.3054158E-05 -5.9998508E+00  1.4923365E-04
  1.3195836E-05 -5.9998491E+00  1.5085330E-04
  1.3338739E-05 -5.9998475E+00  1.5248696E-04
  1.3482878E-05 -5.9998459E+00  1.5413473E-04
  1.3628262E-05 -5.9998442E+00  1.5579675E-04
  1.3774904E-05 -5.9998425E+00  1.5747315E-04
  1.3922813E-05 -5.9998408E+00  1.5916403E-04
  1.4072002E-05 -5.9998391E+00  1.6086953E-04
  1.4222480E-05 -5.9998374E+00  1.6258978E-04
  1.4374259E-05 -5.9998357E+00  1.6432490E-04
  1.4527350E-05 -5.9998339E+00  1.6607502E-04
  1.4681765E-05 -5.9998322E+00  1.6784028E-04
  1.4837514E-05 -5.9998304E+00  1.6962079E-04
  1.4994611E-05 -5.9998286E+00  1.7141670E-04
  1.5153065E-05 -5.9998268E+00  1.7322813E-04
  1.5312890E-05 -5.9998249E+00  1.7505522E-04
  1.5474096E-05 -5.9998231E+00  1.7689811E-04
  1.5636696E-05 -5.9998212E+00  1.7875694E-04
  1.5800701E-05 -5.9998194E+00  1.8063183E-04
  1.5966125E-05 -5.9998175E+00  1.8252293E-04
  1.6132978E-05 -5.9998156E+00  1.8443039E-04
  1.6301275E-05 -5.9998136E+00  1.8635433E-04
  1.6471026E-05 -5.9998117E+00  1.8829491E-04
  1.6642245E-05 -5.9998097E+00  1.9025226E-04
  1.6814944E-05 -5.9998078E+00  1.9222654E-04
  1.6989136E-05 -5.9998058E+00  1.9421788E-04
  1.7164834E-05 -5.9998038E+00  1.9622645E-04
  1.7342051E-05 -5.9998017E+00  1.9825237E-04
  1.7520801E-05 -5.9997997E+00  2.0029581E-04
  1.7701095E-05 -5.9997976E+00  2.0235692E-04
  1.7882949E-05 -5.9997956E+00  2.0443585E-04
  1.8066374E-05 -5.9997935E+00  2.0653275E-04
  1.8251386E-05 -5.9997914E+00  2.0864778E-04
  1.8437997E-05 -5.9997892E+00  2.1078110E-04
  1.8626221E-05 -5.9997871E+00  2.1293286E-04
  1.8816073E-05 -5.9997849E+00  2.1510322E-04
  1.9007566E-05 -5.9997827E+00  2.1729234E-04
  1.9200714E-05 -5.9997805E+00  2.1950040E-04
  1.9395533E-05 -5.9997783E+00  2.2172754E-04
  1.9592035E-05 -5.9997760E+00  2.2397393E-04
  1.9790237E-05 -5.9997738E+00  2.2623975E-04
  1.9990152E-05 -5.9997715E+00  2.2852516E-04
  2.0191795E-05 -5.9997692E+00  2.3083032E-04
  2.0395182E-05 -5.9997668E+00  2.3315542E-04
  2.0600327E-05 -5.9997645E+00  2.3550061E-04
  2.0807246E-05 -5.9997621E+00  2.3786609E-04
  2.1015954E-05 -5.9997597E+00  2.4025201E-04
  2.1226466E-05 -5.9997573E+00  2.4265856E-04
  2.1438798E-05 -5.9997549E+00  2.4508592E-04
  2.1652966E-05 -5.9997525E+00  2.4753426E-04
  2.1868985E-05 -5.9997500E+00  2.5000377E-04
  2.2086872E-05 -5.9997475E+00  2.5249463E-04
  2.2306643E-05 -5.9997450E+00  2.5500702E-04
  2.2528313E-05 -5.9997425E+00  2.5754113E-04
  2.2751901E-05 -5.9997399E+00  2.6009716E-04
  2.2977421E-05 -5.9997373E+00  2.6267528E-04
  2.3204891E-05 -5.9997347E+00  2.6527569E-04
  2.3434327E-05 -5.9997321E+00  2.6789858E-04
  2.3665748E-05 -5.9997295E+00  2.7054415E-04
  2.3899168E-05 -5.9997268E+00  2.7321259E-04
  2.4134607E-05 -5.9997241E+00  2.7590410E-04
  2.4372082E-05 -5.9997214E+00  2.7861888E-04
  2.4611609E-05 -5.9997186E+00  2.8135714E-04
  2.4853208E-05 -5.9997159E+00  2.8411906E-04
  2.5096895E-05 -5.9997131E+00  2.8690486E-04
  2.5342689E-05 -5.9997103E+00  2.8971475E-04
  2.5590608E-05 -5.9997075E+00  2.9254893E-04
  2.5840670E-05 -5.9997046E+00  2.9540762E-04
  2.6092894E-05 -5.9997017E+00  2.9829102E-04
  2.6347299E-05 -5.9996988E+00  3.0119934E-04
  2.6603903E-05 -5.9996959E+00  3.0413281E-04
  2.6862726E-05 -5.9996929E+00  3.0709165E-04
  2.7123786E-05 -5.9996899E+00  3.1007606E-04
  2.7387104E-05 -5.9996869E+00  3.1308627E-04
  2.7652698E-05 -5.9996839E+00  3.1612251E-04
  2.7920588E-05 -5.9996808E+00  3.1918500E-04
  2.8190794E-05 -5.9996777E+00  3.2227397E-04
  2.8463336E-05 -5.9996746E+00  3.2538964E-04
  2.8738235E-05 -5.9996715E+00  3.2853225E-04
  2.9015510E-05 -5.9996683E+00  3.3170203E-04
  2.9295182E-05 -5.9996651E+00  3.3489921E-04
  2.9577272E-05 -5.9996619E+00  3.3812403E-04
  2.9861801E-05 -5.9996586E+00  3.4137674E-04
  3.0148790E-05 -5.9996553E+00  3.4465756E-04
  3.0438260E-05 -5.9996520E+00  3.4796675E-04
  3.0730233E-05 -5.9996487E+00  3.5130455E-04
  3.1024730E-05 -5.9996453E+00  3.5467121E-04
  3.1321773E-05 -5.9996419E+00  3.5806697E-04
  3.1621384E-05 -5.9996385E+00  3.6149209E-04
  3.1923586E-05 -5.9996351E+00  3.6494682E-04
  3.2228400E-05 -5.9996316E+00  3.6843142E-04
  3.2535849E-05 -5.9996281E+00  3.7194615E-04
  3.2845957E-05 -5.9996245E+00  3.7549126E-04
  3.3158745E-05 -5.9996209E+00  3.7906703E-04
  3.3474238E-05 -5.9996173E+00  3.8267370E-04
  3.3792458E-05 -5.9996137E+00  3.8631156E-04
  3.4113430E-05 -5.9996100E+00  3.8998087E-04
  3.4437176E-05 -5.9996063E+00  3.9368191E-04
  3.4763722E-05 -5.9996026E+00  3.9741494E-04
  3.5093090E-05 -5.9995988E+00  4.0118024E-04
  3.5425306E-05 -5.9995950E+00  4.0497810E-04
  3.5760395E-05 -5.9995912E+00  4.0880879E-04
  3.6098380E-05 -5.9995873E+00  4.1267260E-04
  3.6439287E-05 -5.9995834E+00  4.1656981E-04
  3.6783142E-05 -5.9995795E+00  4.2050072E-04
  3.7129969E-05 -5.9995755E+00  4.2446561E-04
  3.7479795E-05 -5.9995715E+00  4.2846478E-04
  3.7832646E-05 -5.9995675E+00  4.3249853E-04
  3.8188547E-05 -5.9995634E+00  4.3656715E-04
  3.8547525E-05 -5.9995593E+00  4.4067095E-04
  3.8909606E-05 -5.9995552E+00  4.4481022E-04
  3.9274818E-05 -5.9995510E+00  4.4898528E-04
  3.9643187E-05 -5.9995468E+00  4.5319644E-04
  4.0014741E-05 -5.9995426E+00  4.5744400E-04
  4.0389508E-05 -5.9995383E+00  4.6172829E-04
  4.0767514E-05 -5.9995340E+00  4.6604961E-04
  4.1148789E-05 -5.9995296E+00  4.7040830E-04
  4.1533359E-05 -5.9995252E+00  4.7480467E-04
  4.1921255E-05 -5.9995208E+00  4.7923905E-04
  4.2312504E-05 -5.9995163E+00  4.8371176E-04
  4.2707136E-05 -5.9995118E+00  4.8822315E-04
  4.3105179E-05 -5.9995072E+00  4.9277353E-04
  4.3506664E-05 -5.9995026E+00  4.9736326E-04
  4.3911620E-05 -5.9994980E+00  5.0199267E-04
  4.4320076E-05 -5.9994933E+00  5.0666210E-04
  4.4732065E-05 -5.9994886E+00  5.1137190E-04
  4.5147615E-05 -5.9994839E+00  5.1612242E-04
  4.5566757E-05 -5.9994791E+00  5.2091401E-04
  4.5989524E-05 -5.9994743E+00  5.2574703E-04
  4.6415945E-05 -5.9994694E+00  5.3062183E-04
  4.6846053E-05 -5.9994645E+00  5.3553878E-04
  4.7279879E-05 -5.9994595E+00  5.4049823E-04
  4.7717457E-05 -5.9994545E+00  5.4550057E-04
  4.8158817E-05 -5.9994495E+00  5.5054615E-04
  4.8603993E-05 -5.9994444E+00  5.5563535E-04
  4.9053018E-05 -5.9994392E+00  5.6076855E-04
  4.9505924E-05 -5.9994341E+00  5.6594613E-04
  4.9962747E-05 -5.9994288E+00  5.7116847E-04
  5.0423519E-05 -5.9994236E+00  5.7643596E-04
  5.0888274E-05 -5.9994183E+00  5.8174900E-04
  5.1357048E-05 -5.9994129E+00  5.8710796E-04
  5.1829874E-05 -5.9994075E+00  5.9251326E-04
  5.2306789E-05 -5.9994020E+00  5.9796529E-04
  5.2787826E-05 -5.9993965E+00  6.0346445E-04
  5.3273022E-05 -5.9993910E+00  6.0901116E-04
  5.3762413E-05 -5.9993854E+00  6.1460582E-04
  5.4256035E-05 -5.9993798E+00  6.2024885E-04
  5.4753925E-05 -5.9993741E+00  6.2594067E-04
  5.5256119E-05 -5.9993683E+00  6.3168170E-04
  5.5762655E-05 -5.9993625E+00  6.3747236E-04
  5.6273570E-05 -5.9993567E+00  6.4331308E-04
  5.6788902E-05 -5.9993508E+00  6.4920430E-04
  5.7308689E-05 -5.9993449E+00  6.5514645E-04
  5.7832971E-05 -5.9993389E+00  6.6113998E-04
  5.8361785E-05 -5.9993328E+00  6.6718532E-04
  5.8895171E-05 -5.9993267E+00  6.7328293E-04
  5.9433168E-05 -5.9993206E+00  6.7943325E-04
  5.9975817E-05 -5.9993144E+00  6.8563675E-04
  6.0523157E-05 -5.9993081E+00  6.9189388E-04
  6.1075229E-05 -5.9993018E+00  6.9820510E-04
  6.1632074E-05 -5.9992954E+00  7.0457089E-04
  6.2193733E-05 -5.9992890E+00  7.1099172E-04
  6.2760248E-05 -5.9992825E+00  7.1746805E-04
  6.3331661E-05 -5.9992760E+00  7.2400038E-04
  6.3908014E-05 -5.9992694E+00  7.3058918E-04
  6.4489350E-05 -5.9992628E+00  7.3723495E-04
  6.5075712E-05 -5.9992561E+00  7.4393817E-04
  6.5667143E-05 -5.9992493E+00  7.5069934E-04
  6.6263687E-05 -5.9992425E+00  7.5751897E-04
  6.6865389E-05 -5.9992356E+00  7.6439756E-04
  6.7472293E-05 -5.9992287E+00  7.7133562E-04
  6.8084444E-05 -5.9992217E+00  7.7833366E-04
  6.8701887E-05 -5.9992146E+00  7.8539220E-04
  6.9324669E-05 -5.9992075E+00  7.9251176E-04
  6.9952835E-05 -5.9992003E+00  7.9969288E-04
  7.0586431E-05 -5.9991931E+00  8.0693608E-04
  7.1225505E-05 -5.9991858E+00  8.1424191E-04
  7.1870105E-05 -5.9991784E+00  8.2161089E-04
  7.2520277E-05 -5.9991710E+00  8.2904359E-04
  7.3176070E-05 -5.9991635E+00  8.3654054E-04
  7.3837533E-05 -5.9991559E+00  8.4410231E-04
  7.4504715E-05 -5.9991483E+00  8.5172946E-04
  7.5177665E-05 -5.9991406E+00  8.5942254E-04
  7.5856433E-05 -5.9991328E+00  8.6718214E-04
  7.6541069E-05 -5.9991250E+00  8.7500882E-04
  7.7231624E-05 -5.9991171E+00  8.8290317E-04
  7.7928149E-05 -5.9991091E+00  8.9086577E-04
  7.8630696E-05 -5.9991011E+00  8.9889721E-04
  7.9339317E-05 -5.9990930E+00  9.0699808E-04
  8.0054065E-05 -5.9990848E+00  9.1516899E-04
  8.0774991E-05 -5.9990766E+00  9.2341055E-04
  8.1502151E-05 -5.9990683E+00  9.3172335E-04
  8.2235597E-05 -5.9990599E+00  9.4010803E-04
  8.2975385E-05 -5.9990514E+00  9.4856519E-04
  8.3721568E-05 -5.9990429E+00  9.5709547E-04
  8.4474202E-05 -5.9990343E+00  9.6569950E-04
  8.5233343E-05 -5.9990256E+00  9.7437791E-04
  8.5999047E-05 -5.9990169E+00  9.8313136E-04
  8.6771371E-05 -5.9990080E+00  9.9196048E-04
  8.7550373E-05 -5.9989991E+00  1.0008659E-03
  8.8336109E-05 -5.9989902E+00  1.0098484E-03
  8.9128638E-05 -5.9989811E+00  1.0189085E-03
  8.9928019E-05 -5.9989720E+00  1.0280469E-03
  9.0734312E-05 -5.9989627E+00  1.0372644E-03
  9.1547575E-05 -5.9989534E+00  1.0465615E-03
  9.2367869E-05 -5.9989441E+00  1.0559390E-03
  9.3195255E-05 -5.9989346E+00  1.0653976E-03
  9.4029794E-05 -5.9989251E+00  1.0749379E-03
  9.4871548E-05 -5.9989154E+00  1.0845608E-03
  9.5720579E-05 -5.9989057E+00  1.0942668E-03
  9.6576951E-05 -5.9988959E+00  1.1040567E-03
  9.7440727E-05 -5.9988861E+00  1.1139313E-03
  9.8311970E-05 -5.9988761E+00  1.1238913E-03
  9.9190746E-05 -5.9988661E+00  1.1339373E-03
  1.0007712E-04 -5.9988559E+00  1.1440703E-03
  1.0097116E-04 -5.9988457E+00  1.1542908E-03
  1.0187292E-04 -5.9988354E+00  1.1645997E-03
  1.0278248E-04 -5.9988250E+00  1.1749977E-03
  1.0369991E-04 -5.9988145E+00  1.1854856E-03
  1.0462527E-04 -5.9988039E+00  1.1960642E-03
  1.0555862E-04 -5.9987933E+00  1.2067342E-03
  1.0650005E-04 -5.9987825E+00  1.2174965E-03
  1.0744962E-04 -5.9987716E+00  1.2283518E-03
  1.0840739E-04 -5.9987607E+00  1.2393010E-03
  1.0937345E-04 -5.9987497E+00  1.2503448E-03
  1.1034786E-04 -5.9987385E+00  1.2614841E-03
  1.1133069E-04 -5.9987273E+00  1.2727198E-03
  1.1232202E-04 -5.9987159E+00  1.2840525E-03
  1.1332192E-04 -5.9987045E+00  1.2954833E-03
  1.1433046E-04 -5.9986930E+00  1.3070128E-03
  1.1534772E-04 -5.9986814E+00  1.3186421E-03
  1.1637378E-04 -5.9986696E+00  1.3303718E-03
  1.1740871E-04 -5.9986578E+00  1.3422030E-03
  1.1845259E-04 -5.9986459E+00  1.3541365E-03
  1.1950549E-04 -5.9986338E+00  1.3661732E-03
  1.2056750E-04 -5.9986217E+00  1.3783139E-03
  1.2163868E-04 -5.9986094E+00  1.3905596E-03
  1.2271913E-04 -5.9985971E+00  1.4029111E-03
  1.2380892E-04 -5.9985846E+00  1.4153694E-03
  1.2490813E-04 -5.9985721E+00  1.4279355E-03
  1.2601684E-04 -5.9985594E+00  1.4406102E-03
  1.2713514E-04 -5.9985466E+00  1.4533944E-03
  1.2826311E-04 -5.9985337E+00  1.4662892E-03
  1.2940082E-04 -5.9985207E+00  1.4792955E-03
  1.3054838E-04 -5.9985076E+00  1.4924142E-03
  1.3170585E-04 -5.9984944E+00  1.5056463E-03
  1.3287334E-04 -5.9984810E+00  1.5189928E-03
  1.3405091E-04 -5.9984675E+00  1.5324548E-03
  1.3523867E-04 -5.9984540E+00  1.5460331E-03
  1.3643670E-04 -5.9984403E+00  1.5597288E-03
  1.3764508E-04 -5.9984265E+00  1.5735429E-03
  1.3886391E-04 -5.9984125E+00  1.5874764E-03
  1.4009328E-04 -5.9983985E+00  1.6015304E-03
  1.4133328E-04 -5.9983843E+00  1.6157059E-03
  1.4258399E-04 -5.9983700E+00  1.6300039E-03
  1.4384552E-04 -5.9983556E+00  1.6444256E-03
  1.4511796E-04 -5.9983410E+00  1.6589719E-03
  1.4640140E-04 -5.9983264E+00  1.6736441E-03
  1.4769593E-04 -5.9983116E+00  1.6884430E-03
  1.4900166E-04 -5.9982966E+00  1.7033699E-03
  1.5031867E-04 -5.9982816E+00  1.7184259E-03
  1.5164707E-04 -5.9982664E+00  1.7336120E-03
  1.5298696E-04 -5.9982511E+00  1.7489294E-03
  1.5433842E-04 -5.9982356E+00  1.7643792E-03
  1.5570158E-04 -5.9982200E+00  1.7799626E-03
  1.5707652E-04 -5.9982043E+00  1.7956808E-03
  1.5846334E-04 -5.9981885E+00  1.8115348E-03
  1.5986216E-04 -5.9981725E+00  1.8275259E-03
  1.6127307E-04 -5.9981563E+00  1.8436552E-03
  1.6269617E-04 -5.9981401E+00  1.8599240E-03
  1.6413158E-04 -5.9981237E+00  1.8763334E-03
  1.6557940E-04 -5.9981071E+00  1.8928848E-03
  1.6703974E-04 -5.9980904E+00  1.9095792E-03
  1.6851270E-04 -5.9980736E+00  1.9264179E-03
  1.6999840E-04 -5.9980566E+00  1.9434022E-03
  1.7149694E-04 -5.9980395E+00  1.9605334E-03
  1.7300844E-04 -5.9980222E+00  1.9778126E-03
  1.7453300E-04 -5.9980048E+00  1.9952413E-03
  1.7607075E-04 -5.9979872E+00  2.0128206E-03
  1.7762179E-04 -5.9979694E+00  2.0305519E-03
  1.7918624E-04 -5.9979516E+00  2.0484365E-03
  1.8076421E-04 -5.9979335E+00  2.0664757E-03
  1.8235583E-04 -5.9979153E+00  2.0846709E-03
  1.8396121E-04 -5.9978970E+00  2.1030234E-03
  1.8558047E-04 -5.9978785E+00  2.1215346E-03
  1.8721372E-04 -5.9978598E+00  2.1402057E-03
  1.8886110E-04 -5.9978410E+00  2.1590384E-03
  1.9052272E-04 -5.9978220E+00  2.1780338E-03
  1.9219870E-04 -5.9978028E+00  2.1971935E-03
  1.9388918E-04 -5.9977835E+00  2.2165188E-03
  1.9559427E-04 -5.9977640E+00  2.2360111E-03
  1.9731410E-04 -5.9977443E+00  2.2556720E-03
  1.9904880E-04 -5.9977245E+00  2.2755029E-03
  2.0079850E-04 -5.9977045E+00  2.2955053E-03
  2.0256332E-04 -5.9976843E+00  2.3156805E-03
  2.0434340E-04 -5.9976640E+00  2.3360302E-03
  2.0613887E-04 -5.9976434E+00  2.3565558E-03
  2.0794987E-04 -5.9976227E+00  2.3772589E-03
  2.0977652E-04 -5.9976019E+00  2.3981410E-03
  2.1161896E-04 -5.9975808E+00  2.4192035E-03
  2.1347734E-04 -5.9975596E+00  2.4404482E-03
  2.1535178E-04 -5.9975381E+00  2.4618766E-03
  2.1724242E-04 -5.9975165E+00  2.4834902E-03
  2.1914941E-04 -5.9974947E+00  2.5052907E-03
  2.2107289E-04 -5.9974727E+00  2.5272797E-03
  2.2301300E-04 -5.9974505E+00  2.5494587E-03
  2.2496988E-04 -5.9974282E+00  2.5718295E-03
  2.2694367E-04 -5.9974056E+00  2.5943938E-03
  2.2893454E-04 -5.9973828E+00  2.6171531E-03
  2.3094261E-04 -5.9973599E+00  2.6401091E-03
  2.3296805E-04 -5.9973367E+00  2.6632637E-03
  2.3501099E-04 -5.9973134E+00  2.6866184E-03
  2.3707160E-04 -5.9972898E+00  2.7101750E-03
  2.3915003E-04 -5.9972661E+00  2.7339353E-03
  2.4124642E-04 -5.9972421E+00  2.7579010E-03
  2.4336094E-04 -5.9972179E+00  2.7820739E-03
  2.4549374E-04 -5.9971935E+00  2.8064558E-03
  2.4764497E-04 -5.9971690E+00  2.8310485E-03
  2.4981481E-04 -5.9971441E+00  2.8558538E-03
  2.5200340E-04 -5.9971191E+00  2.8808735E-03
  2.5421092E-04 -5.9970939E+00  2.9061096E-03
  2.5643752E-04 -5.9970684E+00  2.9315638E-03
  2.5868338E-04 -5.9970428E+00  2.9572381E-03
  2.6094864E-04 -5.9970169E+00  2.9831344E-03
  2.6323350E-04 -5.9969907E+00  3.0092545E-03
  2.6553810E-04 -5.9969644E+00  3.0356005E-03
  2.6786264E-04 -5.9969378E+00  3.0621743E-03
  2.7020726E-04 -5.9969110E+00  3.0889778E-03
  2.7257216E-04 -5.9968840E+00  3.1160130E-03
  2.7495751E-04 -5.9968567E+00  3.1432819E-03
  2.7736347E-04 -5.9968292E+00  3.1707867E-03
  2.7979024E-04 -5.9968015E+00  3.1985292E-03
  2.8223799E-04 -5.9967735E+00  3.2265115E-03
  2.8470690E-04 -5.9967453E+00  3.2547358E-03
  2.8719716E-04 -5.9967168E+00  3.2832041E-03
  2.8970894E-04 -5.9966881E+00  3.3119185E-03
  2.9224244E-04 -5.9966591E+00  3.3408811E-03
  2.9479784E-04 -5.9966299E+00  3.3700942E-03
  2.9737534E-04 -5.9966004E+00  3.3995598E-03
  2.9997512E-04 -5.9965707E+00  3.4292801E-03
  3.0259738E-04 -5.9965407E+00  3.4592575E-03
  3.0524231E-04 -5.9965105E+00  3.4894939E-03
  3.0791010E-04 -5.9964800E+00  3.5199918E-03
  3.1060096E-04 -5.9964492E+00  3.5507534E-03
  3.1331508E-04 -5.9964182E+00  3.5817809E-03
  3.1605267E-04 -5.9963869E+00  3.6130766E-03
  3.1881393E-04 -5.9963554E+00  3.6446429E-03
  3.2159906E-04 -5.9963235E+00  3.6764821E-03
  3.2440826E-04 -5.9962914E+00  3.7085966E-03
  3.2724176E-04 -5.9962590E+00  3.7409888E-03
  3.3009975E-04 -5.9962263E+00  3.7736609E-03
  3.3298245E-04 -5.9961934E+00  3.8066156E-03
  3.3589007E-04 -5.9961601E+00  3.8398551E-03
  3.3882283E-04 -5.9961266E+00  3.8733821E-03
  3.4178094E-04 -5.9960928E+00  3.9071988E-03
  3.4476463E-04 -5.9960587E+00  3.9413080E-03
  3.4777412E-04 -5.9960243E+00  3.9757120E-03
  3.5080962E-04 -5.9959896E+00  4.0104135E-03
  3.5387137E-04 -5.9959546E+00  4.0454150E-03
  3.5695959E-04 -5.9959193E+00  4.0807191E-03
  3.6007451E-04 -5.9958837E+00  4.1163284E-03
  3.6321635E-04 -5.9958478E+00  4.1522455E-03
  3.6638536E-04 -5.9958115E+00  4.1884732E-03
  3.6958177E-04 -5.9957750E+00  4.2250141E-03
  3.7280581E-04 -5.9957381E+00  4.2618709E-03
  3.7605773E-04 -5.9957010E+00  4.2990464E-03
  3.7933776E-04 -5.9956635E+00  4.3365432E-03
  3.8264615E-04 -5.9956256E+00  4.3743643E-03
  3.8598314E-04 -5.9955875E+00  4.4125123E-03
  3.8934898E-04 -5.9955490E+00  4.4509901E-03
  3.9274392E-04 -5.9955102E+00  4.4898006E-03
  3.9616821E-04 -5.9954711E+00  4.5289466E-03
  3.9962210E-04 -5.9954316E+00  4.5684310E-03
  4.0310586E-04 -5.9953917E+00  4.6082568E-03
  4.0661973E-04 -5.9953516E+00  4.6484270E-03
  4.1016399E-04 -5.9953111E+00  4.6889444E-03
  4.1373888E-04 -5.9952702E+00  4.7298121E-03
  4.1734469E-04 -5.9952290E+00  4.7710331E-03
  4.2098166E-04 -5.9951874E+00  4.8126105E-03
  4.2465009E-04 -5.9951455E+00  4.8545474E-03
  4.2835022E-04 -5.9951032E+00  4.8968468E-03
  4.3208235E-04 -5.9950605E+00  4.9395119E-03
  4.3584674E-04 -5.9950175E+00  4.9825459E-03
  4.3964367E-04 -5.9949740E+00  5.0259519E-03
  4.4347344E-04 -5.9949303E+00  5.0697332E-03
  4.4733631E-04 -5.9948861E+00  5.1138930E-03
  4.5123258E-04 -5.9948416E+00  5.1584346E-03
  4.5516254E-04 -5.9947966E+00  5.2033612E-03
  4.5912647E-04 -5.9947513E+00  5.2486763E-03
  4.6312467E-04 -5.9947056E+00  5.2943832E-03
  4.6715744E-04 -5.9946595E+00  5.3404852E-03
  4.7122507E-04 -5.9946130E+00  5.3869857E-03
  4.7532787E-04 -5.9945661E+00  5.4338883E-03
  4.7946614E-04 -5.9945188E+00  5.4811964E-03
  4.8364019E-04 -5.9944711E+00  5.5289135E-03
  4.8785033E-04 -5.9944230E+00  5.5770431E-03
  4.9209686E-04 -5.9943744E+00  5.6255889E-03
  4.9638011E-04 -5.9943254E+00  5.6745543E-03
  5.0070039E-04 -5.9942761E+00  5.7239430E-03
  5.0505802E-04 -5.9942262E+00  5.7737588E-03
  5.0945332E-04 -5.9941760E+00  5.8240052E-03
  5.1388663E-04 -5.9941253E+00  5.8746860E-03
  5.1835826E-04 -5.9940742E+00  5.9258050E-03
  5.2286855E-04 -5.9940226E+00  5.9773659E-03
  5.2741784E-04 -5.9939706E+00  6.0293726E-03
  5.3200645E-04 -5.9939182E+00  6.0818289E-03
  5.3663474E-04 -5.9938653E+00  6.1347388E-03
  5.4130304E-04 -5.9938119E+00  6.1881060E-03
  5.4601170E-04 -5.9937581E+00  6.2419346E-03
  5.5076107E-04 -5.9937038E+00  6.2962287E-03
  5.5555150E-04 -5.9936490E+00  6.3509921E-03
  5.6038334E-04 -5.9935938E+00  6.4062289E-03
  5.6525696E-04 -5.9935381E+00  6.4619433E-03
  5.7017272E-04 -5.9934819E+00  6.5181394E-03
  5.7513097E-04 -5.9934252E+00  6.5748213E-03
  5.8013209E-04 -5.9933680E+00  6.6319933E-03
  5.8517645E-04 -5.9933103E+00  6.6896595E-03
  5.9026442E-04 -5.9932522E+00  6.7478243E-03
  5.9539638E-04 -5.9931935E+00  6.8064919E-03
  6.0057270E-04 -5.9931343E+00  6.8656667E-03
  6.0579378E-04 -5.9930746E+00  6.9253532E-03
  6.1105999E-04 -5.9930144E+00  6.9855556E-03
  6.1637174E-04 -5.9929537E+00  7.0462785E-03
  6.2172941E-04 -5.9928925E+00  7.1075264E-03
  6.2713339E-04 -5.9928307E+00  7.1693039E-03
  6.3258410E-04 -5.9927684E+00  7.2316154E-03
  6.3808193E-04 -5.9927055E+00  7.2944656E-03
  6.4362730E-04 -5.9926421E+00  7.3578591E-03
  6.4922060E-04 -5.9925782E+00  7.4218008E-03
  6.5486227E-04 -5.9925137E+00  7.4862952E-03
  6.6055271E-04 -5.9924487E+00  7.5513472E-03
  6.6629234E-04 -5.9923830E+00  7.6169617E-03
  6.7208160E-04 -5.9923169E+00  7.6831434E-03
  6.7792091E-04 -5.9922501E+00  7.7498972E-03
  6.8381070E-04 -5.9921828E+00  7.8172282E-03
  6.8975141E-04 -5.9921149E+00  7.8851412E-03
  6.9574348E-04 -5.9920464E+00  7.9536414E-03
  7.0178736E-04 -5.9919773E+00  8.0227338E-03
  7.0788349E-04 -5.9919076E+00  8.0924236E-03
  7.1403232E-04 -5.9918373E+00  8.1627158E-03
  7.2023432E-04 -5.9917664E+00  8.2336158E-03
  7.2648993E-04 -5.9916949E+00  8.3051287E-03
  7.3279963E-04 -5.9916227E+00  8.3772598E-03
  7.3916387E-04 -5.9915500E+00  8.4500146E-03
  7.4558314E-04 -5.9914766E+00  8.5233983E-03
  7.5205791E-04 -5.9914026E+00  8.5974165E-03
  7.5858865E-04 -5.9913279E+00  8.6720746E-03
  7.6517586E-04 -5.9912526E+00  8.7473781E-03
  7.7182001E-04 -5.9911767E+00  8.8233327E-03
  7.7852161E-04 -5.9911001E+00  8.8999439E-03
  7.8528115E-04 -5.9910228E+00  8.9772174E-03
  7.9209913E-04 -5.9909448E+00  9.0551590E-03
  7.9897605E-04 -5.9908662E+00  9.1337744E-03
  8.0591242E-04 -5.9907869E+00  9.2130695E-03
  8.1290877E-04 -5.9907069E+00  9.2930502E-03
  8.1996560E-04 -5.9906263E+00  9.3737222E-03
  8.2708344E-04 -5.9905449E+00  9.4550918E-03
  8.3426282E-04 -5.9904628E+00  9.5371648E-03
  8.4150427E-04 -5.9903801E+00  9.6199473E-03
  8.4880832E-04 -5.9902966E+00  9.7034455E-03
  8.5617552E-04 -5.9902123E+00  9.7876656E-03
  8.6360641E-04 -5.9901274E+00  9.8726138E-03
  8.7110155E-04 -5.9900417E+00  9.9582964E-03
  8.7866149E-04 -5.9899553E+00  1.0044720E-02
  8.8628679E-04 -5.9898681E+00  1.0131890E-02
  8.9397801E-04 -5.9897802E+00  1.0219814E-02
  9.0173573E-04 -5.9896915E+00  1.0308499E-02
  9.0956051E-04 -5.9896021E+00  1.0397950E-02
  9.1745295E-04 -5.9895118E+00  1.0488174E-02
  9.2541362E-04 -5.9894208E+00  1.0579178E-02
  9.3344311E-04 -5.9893290E+00  1.0670969E-02
  9.4154202E-04 -5.9892364E+00  1.0763554E-02
  9.4971095E-04 -5.9891431E+00  1.0856939E-02
  9.5795051E-04 -5.9890489E+00  1.0951131E-02
  9.6626130E-04 -5.9889539E+00  1.1046138E-02
  9.7464394E-04 -5.9888580E+00  1.1141966E-02
  9.8309906E-04 -5.9887614E+00  1.1238623E-02
  9.9162727E-04 -5.9886639E+00  1.1336115E-02
  1.0002292E-03 -5.9885656E+00  1.1434450E-02
  1.0089055E-03 -5.9884664E+00  1.1533635E-02
  1.0176569E-03 -5.9883663E+00  1.1633677E-02
  1.0264838E-03 -5.9882654E+00  1.1734585E-02
  1.0353871E-03 -5.9881636E+00  1.1836365E-02
  1.0443674E-03 -5.9880610E+00  1.1939024E-02
  1.0534253E-03 -5.9879574E+00  1.2042572E-02
  1.0625615E-03 -5.9878530E+00  1.2147014E-02
  1.0717767E-03 -5.9877476E+00  1.2252360E-02
  1.0810716E-03 -5.9876414E+00  1.2358616E-02
  1.0904469E-03 -5.9875342E+00  1.2465790E-02
  1.0999031E-03 -5.9874261E+00  1.2573892E-02
  1.1094412E-03 -5.9873171E+00  1.2682928E-02
  1.1190617E-03 -5.9872071E+00  1.2792906E-02
  1.1287654E-03 -5.9870962E+00  1.2903835E-02
  1.1385529E-03 -5.9869843E+00  1.3015724E-02
  1.1484251E-03 -5.9868714E+00  1.3128579E-02
  1.1583827E-03 -5.9867576E+00  1.3242410E-02
  1.1684263E-03 -5.9866428E+00  1.3357226E-02
  1.1785568E-03 -5.9865270E+00  1.3473033E-02
  1.1887748E-03 -5.9864102E+00  1.3589843E-02
  1.1990812E-03 -5.9862923E+00  1.3707661E-02
  1.2094767E-03 -5.9861735E+00  1.3826499E-02
  1.2199621E-03 -5.9860536E+00  1.3946364E-02
  1.2305381E-03 -5.9859327E+00  1.4067265E-02
  1.2412055E-03 -5.9858108E+00  1.4189211E-02
  1.2519652E-03 -5.9856878E+00  1.4312212E-02
  1.2628179E-03 -5.9855637E+00  1.4436275E-02
  1.2737644E-03 -5.9854386E+00  1.4561412E-02
  1.2848056E-03 -5.9853124E+00  1.4687630E-02
  1.2959422E-03 -5.9851851E+00  1.4814940E-02
  1.3071751E-03 -5.9850567E+00  1.4943349E-02
  1.3185051E-03 -5.9849271E+00  1.5072870E-02
  1.3299331E-03 -5.9847965E+00  1.5203509E-02
  1.3414599E-03 -5.9846647E+00  1.5335279E-02
  1.3530863E-03 -5.9845318E+00  1.5468187E-02
  1.3648132E-03 -5.9843978E+00  1.5602244E-02
  1.3766416E-03 -5.9842625E+00  1.5737461E-02
  1.3885722E-03 -5.9841262E+00  1.5873846E-02
  1.4006059E-03 -5.9839886E+00  1.6011410E-02
  1.4127437E-03 -5.9838498E+00  1.6150164E-02
  1.4249864E-03 -5.9837099E+00  1.6290117E-02
  1.4373349E-03 -5.9835687E+00  1.6431280E-02
  1.4497903E-03 -5.9834263E+00  1.6573663E-02
  1.4623533E-03 -5.9832827E+00  1.6717277E-02
  1.4750249E-03 -5.9831379E+00  1.6862133E-02
  1.4878060E-03 -5.9829918E+00  1.7008241E-02
  1.5006977E-03 -5.9828444E+00  1.7155612E-02
  1.5137008E-03 -5.9826957E+00  1.7304257E-02
  1.5268164E-03 -5.9825458E+00  1.7454187E-02
  1.5400453E-03 -5.9823946E+00  1.7605413E-02
  1.5533886E-03 -5.9822421E+00  1.7757947E-02
  1.5668472E-03 -5.9820882E+00  1.7911799E-02
  1.5804223E-03 -5.9819330E+00  1.8066981E-02
  1.5941146E-03 -5.9817765E+00  1.8223505E-02
  1.6079254E-03 -5.9816186E+00  1.8381382E-02
  1.6218555E-03 -5.9814594E+00  1.8540624E-02
  1.6359061E-03 -5.9812988E+00  1.8701242E-02
  1.6500782E-03 -5.9811368E+00  1.8863249E-02
  1.6643728E-03 -5.9809733E+00  1.9026656E-02
  1.6787910E-03 -5.9808085E+00  1.9191476E-02
  1.6933338E-03 -5.9806423E+00  1.9357721E-02
  1.7080023E-03 -5.9804746E+00  1.9525403E-02
  1.7227977E-03 -5.9803055E+00  1.9694535E-02
  1.7377210E-03 -5.9801349E+00  1.9865128E-02
  1.7527733E-03 -5.9799628E+00  2.0037197E-02
  1.7679558E-03 -5.9797892E+00  2.0210752E-02
  1.7832695E-03 -5.9796142E+00  2.0385809E-02
  1.7987156E-03 -5.9794376E+00  2.0562378E-02
  1.8142952E-03 -5.9792595E+00  2.0740474E-02
  1.8300095E-03 -5.9790799E+00  2.0920109E-02
  1.8458597E-03 -5.9788987E+00  2.1101298E-02
  1.8618469E-03 -5.9787159E+00  2.1284052E-02
  1.8779724E-03 -5.9785316E+00  2.1468387E-02
  1.8942372E-03 -5.9783457E+00  2.1654315E-02
  1.9106427E-03 -5.9781581E+00  2.1841850E-02
  1.9271900E-03 -5.9779690E+00  2.2031006E-02
  1.9438804E-03 -5.9777782E+00  2.2221798E-02
  1.9607150E-03 -5.9775858E+00  2.2414239E-02
  1.9776952E-03 -5.9773917E+00  2.2608343E-02
  1.9948222E-03 -5.9771959E+00  2.2804126E-02
  2.0120973E-03 -5.9769984E+00  2.3001601E-02
  2.0295217E-03 -5.9767992E+00  2.3200782E-02
  2.0470968E-03 -5.9765983E+00  2.3401686E-02
  2.0648238E-03 -5.9763957E+00  2.3604326E-02
  2.0827041E-03 -5.9761913E+00  2.3808719E-02
  2.1007390E-03 -5.9759851E+00  2.4014877E-02
  2.1189298E-03 -5.9757772E+00  2.4222818E-02
  2.1372778E-03 -5.9755674E+00  2.4432557E-02
  2.1557845E-03 -5.9753559E+00  2.4644109E-02
  2.1744512E-03 -5.9751425E+00  2.4857489E-02
  2.1932792E-03 -5.9749273E+00  2.5072714E-02
  2.2122701E-03 -5.9747102E+00  2.5289799E-02
  2.2314251E-03 -5.9744912E+00  2.5508761E-02
  2.2507457E-03 -5.9742704E+00  2.5729615E-02
  2.2702334E-03 -5.9740476E+00  2.5952379E-02
  2.2898896E-03 -5.9738229E+00  2.6177068E-02
  2.3097156E-03 -5.9735963E+00  2.6403700E-02
  2.3297131E-03 -5.9733677E+00  2.6632291E-02
  2.3498835E-03 -5.9731371E+00  2.6862857E-02
  2.3702283E-03 -5.9729046E+00  2.7095417E-02
  2.3907489E-03 -5.9726700E+00  2.7329987E-02
  2.4114470E-03 -5.9724334E+00  2.7566584E-02
  2.4323240E-03 -5.9721948E+00  2.7805227E-02
  2.4533815E-03 -5.9719541E+00  2.8045932E-02
  2.4746211E-03 -5.9717113E+00  2.8288718E-02
  2.4960443E-03 -5.9714664E+00  2.8533603E-02
  2.5176527E-03 -5.9712194E+00  2.8780604E-02
  2.5394479E-03 -5.9709703E+00  2.9029741E-02
  2.5614315E-03 -5.9707190E+00  2.9281031E-02
  2.5836052E-03 -5.9704655E+00  2.9534493E-02
  2.6059706E-03 -5.9702099E+00  2.9790146E-02
  2.6285294E-03 -5.9699520E+00  3.0048008E-02
  2.6512832E-03 -5.9696919E+00  3.0308100E-02
  2.6742337E-03 -5.9694296E+00  3.0570440E-02
  2.6973827E-03 -5.9691650E+00  3.0835047E-02
  2.7207318E-03 -5.9688981E+00  3.1101942E-02
  2.7442827E-03 -5.9686289E+00  3.1371143E-02
  2.7680372E-03 -5.9683573E+00  3.1642672E-02
  2.7919972E-03 -5.9680835E+00  3.1916547E-02
  2.8161642E-03 -5.9678072E+00  3.2192789E-02
  2.8405402E-03 -5.9675286E+00  3.2471420E-02
  2.8651270E-03 -5.9672475E+00  3.2752458E-02
  2.8899263E-03 -5.9669641E+00  3.3035926E-02
  2.9149400E-03 -5.9666782E+00  3.3321844E-02
  2.9401700E-03 -5.9663898E+00  3.3610233E-02
  2.9656180E-03 -5.9660989E+00  3.3901114E-02
  2.9912862E-03 -5.9658055E+00  3.4194510E-02
  3.0171762E-03 -5.9655096E+00  3.4490442E-02
  3.0432900E-03 -5.9652111E+00  3.4788931E-02
  3.0696296E-03 -5.9649100E+00  3.5090001E-02
  3.0961970E-03 -5.9646063E+00  3.5393672E-02
  3.1229940E-03 -5.9643000E+00  3.5699968E-02
  3.1500227E-03 -5.9639911E+00  3.6008912E-02
  3.1772851E-03 -5.9636795E+00  3.6320525E-02
  3.2047832E-03 -5.9633652E+00  3.6634832E-02
  3.2325190E-03 -5.9630481E+00  3.6951856E-02
  3.2604946E-03 -5.9627284E+00  3.7271619E-02
  3.2887120E-03 -5.9624059E+00  3.7594146E-02
  3.3171735E-03 -5.9620805E+00  3.7919461E-02
  3.3458810E-03 -5.9617524E+00  3.8247587E-02
  3.3748366E-03 -5.9614215E+00  3.8578549E-02
  3.4040426E-03 -5.9610876E+00  3.8912371E-02
  3.4335011E-03 -5.9607509E+00  3.9249079E-02
  3.4632143E-03 -5.9604113E+00  3.9588696E-02
  3.4931844E-03 -5.9600688E+00  3.9931248E-02
  3.5234136E-03 -5.9597232E+00  4.0276761E-02
  3.5539041E-03 -5.9593747E+00  4.0625260E-02
  3.5846583E-03 -5.9590232E+00  4.0976771E-02
  3.6156783E-03 -5.9586687E+00  4.1331320E-02
  3.6469665E-03 -5.9583111E+00  4.1688932E-02
  3.6785252E-03 -5.9579504E+00  4.2049636E-02
  3.7103568E-03 -5.9575865E+00  4.2413456E-02
  3.7424635E-03 -5.9572196E+00  4.2780421E-02
  3.7748479E-03 -5.9568494E+00  4.3150556E-02
  3.8075122E-03 -5.9564761E+00  4.3523891E-02
  3.8404589E-03 -5.9560995E+00  4.3900452E-02
  3.8736905E-03 -5.9557197E+00  4.4280266E-02
  3.9072093E-03 -5.9553366E+00  4.4663363E-02
  3.9410180E-03 -5.9549502E+00  4.5049771E-02
  3.9751189E-03 -5.9545605E+00  4.5439518E-02
  4.0095147E-03 -5.9541674E+00  4.5832633E-02
  4.0442078E-03 -5.9537709E+00  4.6229144E-02
  4.0792008E-03 -5.9533709E+00  4.6629083E-02
  4.1144964E-03 -5.9529675E+00  4.7032477E-02
  4.1500972E-03 -5.9525606E+00  4.7439357E-02
  4.1860057E-03 -5.9521502E+00  4.7849752E-02
  4.2222247E-03 -5.9517363E+00  4.8263694E-02
  4.2587568E-03 -5.9513188E+00  4.8681213E-02
  4.2956048E-03 -5.9508977E+00  4.9102340E-02
  4.3327713E-03 -5.9504729E+00  4.9527105E-02
  4.3702592E-03 -5.9500445E+00  4.9955541E-02
  4.4080711E-03 -5.9496123E+00  5.0387679E-02
  4.4462100E-03 -5.9491764E+00  5.0823550E-02
  4.4846785E-03 -5.9487368E+00  5.1263188E-02
  4.5234797E-03 -5.9482934E+00  5.1706624E-02
  4.5626163E-03 -5.9478461E+00  5.2153892E-02
  4.6020913E-03 -5.9473950E+00  5.2605024E-02
  4.6419075E-03 -5.9469399E+00  5.3060054E-02
  4.6820680E-03 -5.9464810E+00  5.3519015E-02
  4.7225757E-03 -5.9460181E+00  5.3981942E-02
  4.7634336E-03 -5.9455511E+00  5.4448868E-02
  4.8046448E-03 -5.9450802E+00  5.4919829E-02
  4.8462122E-03 -5.9446051E+00  5.5394858E-02
  4.8881390E-03 -5.9441260E+00  5.5873992E-02
  4.9304283E-03 -5.9436427E+00  5.6357264E-02
  4.9730832E-03 -5.9431553E+00  5.6844712E-02
  5.0161069E-03 -5.9426636E+00  5.7336371E-02
  5.0595025E-03 -5.9421677E+00  5.7832278E-02
  5.1032733E-03 -5.9416675E+00  5.8332469E-02
  5.1474225E-03 -5.9411630E+00  5.8836980E-02
  5.1919535E-03 -5.9406541E+00  5.9345850E-02
  5.2368694E-03 -5.9401409E+00  5.9859116E-02
  5.2821736E-03 -5.9396232E+00  6.0376816E-02
  5.3278695E-03 -5.9391010E+00  6.0898988E-02
  5.3739605E-03 -5.9385743E+00  6.1425671E-02
  5.4204500E-03 -5.9380431E+00  6.1956903E-02
  5.4673414E-03 -5.9375073E+00  6.2492724E-02
  5.5146381E-03 -5.9369668E+00  6.3033173E-02
  5.5623438E-03 -5.9364217E+00  6.3578291E-02
  5.6104620E-03 -5.9358719E+00  6.4128117E-02
  5.6589961E-03 -5.9353173E+00  6.4682692E-02
  5.7079498E-03 -5.9347579E+00  6.5242057E-02
  5.7573268E-03 -5.9341937E+00  6.5806254E-02
  5.8071307E-03 -5.9336247E+00  6.6375323E-02
  5.8573651E-03 -5.9330507E+00  6.6949308E-02
  5.9080339E-03 -5.9324718E+00  6.7528250E-02
  5.9591407E-03 -5.9318878E+00  6.8112192E-02
  6.0106893E-03 -5.9312988E+00  6.8701177E-02
  6.0626836E-03 -5.9307048E+00  6.9295249E-02
  6.1151274E-03 -5.9301055E+00  6.9894451E-02
  6.1680247E-03 -5.9295012E+00  7.0498829E-02
  6.2213792E-03 -5.9288916E+00  7.1108425E-02
  6.2751950E-03 -5.9282767E+00  7.1723286E-02
  6.3294761E-03 -5.9276565E+00  7.2343456E-02
  6.3842265E-03 -5.9270310E+00  7.2968982E-02
  6.4394502E-03 -5.9264001E+00  7.3599909E-02
  6.4951514E-03 -5.9257637E+00  7.4236284E-02
  6.5513341E-03 -5.9251218E+00  7.4878154E-02
  6.6080026E-03 -5.9244744E+00  7.5525567E-02
  6.6651610E-03 -5.9238214E+00  7.6178569E-02
  6.7228135E-03 -5.9231628E+00  7.6837210E-02
  6.7809645E-03 -5.9224985E+00  7.7501537E-02
  6.8396183E-03 -5.9218284E+00  7.8171601E-02
  6.8987791E-03 -5.9211526E+00  7.8847449E-02
  6.9584514E-03 -5.9204709E+00  7.9529132E-02
  7.0186396E-03 -5.9197833E+00  8.0216700E-02
  7.0793481E-03 -5.9190898E+00  8.0910204E-02
  7.1405815E-03 -5.9183903E+00  8.1609696E-02
  7.2023443E-03 -5.9176848E+00  8.2315225E-02
  7.2646411E-03 -5.9169732E+00  8.3026845E-02
  7.3274765E-03 -5.9162554E+00  8.3744607E-02
  7.3908551E-03 -5.9155314E+00  8.4468566E-02
  7.4547816E-03 -5.9148012E+00  8.5198773E-02
  7.5192609E-03 -5.9140647E+00  8.5935283E-02
  7.5842975E-03 -5.9133218E+00  8.6678150E-02
  7.6498965E-03 -5.9125726E+00  8.7427429E-02
  7.7160626E-03 -5.9118168E+00  8.8183175E-02
  7.7828007E-03 -5.9110546E+00  8.8945443E-02
  7.8501158E-03 -5.9102857E+00  8.9714290E-02
  7.9180129E-03 -5.9095102E+00  9.0489772E-02
  7.9864970E-03 -5.9087281E+00  9.1271946E-02
  8.0555732E-03 -5.9079391E+00  9.2060869E-02
  8.1252466E-03 -5.9071434E+00  9.2856601E-02
  8.1955223E-03 -5.9063408E+00  9.3659199E-02
  8.2664056E-03 -5.9055313E+00  9.4468722E-02
  8.3379018E-03 -5.9047148E+00  9.5285230E-02
  8.4100160E-03 -5.9038912E+00  9.6108782E-02
  8.4827537E-03 -5.9030606E+00  9.6939441E-02
  8.5561203E-03 -5.9022227E+00  9.7777265E-02
  8.6301212E-03 -5.9013777E+00  9.8622318E-02
  8.7047618E-03 -5.9005253E+00  9.9474661E-02
  8.7800478E-03 -5.8996656E+00  1.0033436E-01
  8.8559846E-03 -5.8987985E+00  1.0120147E-01
  8.9325779E-03 -5.8979239E+00  1.0207606E-01
  9.0098335E-03 -5.8970418E+00  1.0295819E-01
  9.0877569E-03 -5.8961521E+00  1.0384794E-01
  9.1663540E-03 -5.8952546E+00  1.0474535E-01
  9.2456307E-03 -5.8943495E+00  1.0565051E-01
  9.3255927E-03 -5.8934365E+00  1.0656348E-01
  9.4062461E-03 -5.8925157E+00  1.0748431E-01
  9.4875967E-03 -5.8915869E+00  1.0841309E-01
  9.5696506E-03 -5.8906501E+00  1.0934988E-01
  9.6524140E-03 -5.8897053E+00  1.1029474E-01
  9.7358929E-03 -5.8887522E+00  1.1124775E-01
  9.8200935E-03 -5.8877910E+00  1.1220898E-01
  9.9050220E-03 -5.8868215E+00  1.1317849E-01
  9.9906849E-03 -5.8858436E+00  1.1415637E-01
  1.0077088E-02 -5.8848573E+00  1.1514267E-01
  1.0164239E-02 -5.8838625E+00  1.1613747E-01
  1.0252143E-02 -5.8828591E+00  1.1714085E-01
  1.0340806E-02 -5.8818471E+00  1.1815288E-01
  1.0430237E-02 -5.8808264E+00  1.1917363E-01
  1.0520440E-02 -5.8797968E+00  1.2020318E-01
  1.0611424E-02 -5.8787584E+00  1.2124160E-01
  1.0703194E-02 -5.8777110E+00  1.2228897E-01
  1.0795757E-02 -5.8766546E+00  1.2334537E-01
  1.0889121E-02 -5.8755891E+00  1.2441087E-01
  1.0983292E-02 -5.8745145E+00  1.2548554E-01
  1.1078277E-02 -5.8734305E+00  1.2656948E-01
  1.1174083E-02 -5.8723372E+00  1.2766276E-01
  1.1270717E-02 -5.8712345E+00  1.2876545E-01
  1.1368187E-02 -5.8701224E+00  1.2987764E-01
  1.1466500E-02 -5.8690006E+00  1.3099942E-01
  1.1565663E-02 -5.8678691E+00  1.3213085E-01
  1.1665682E-02 -5.8667280E+00  1.3327203E-01
  1.1766567E-02 -5.8655770E+00  1.3442304E-01
  1.1868324E-02 -5.8644160E+00  1.3558396E-01
  1.1970960E-02 -5.8632451E+00  1.3675487E-01
  1.2074484E-02 -5.8620641E+00  1.3793587E-01
  1.2178903E-02 -5.8608730E+00  1.3912703E-01
  1.2284225E-02 -5.8596715E+00  1.4032845E-01
  1.2390457E-02 -5.8584598E+00  1.4154021E-01
  1.2497608E-02 -5.8572376E+00  1.4276241E-01
  1.2605685E-02 -5.8560049E+00  1.4399512E-01
  1.2714696E-02 -5.8547616E+00  1.4523844E-01
  1.2824650E-02 -5.8535075E+00  1.4649246E-01
  1.2935555E-02 -5.8522427E+00  1.4775728E-01
  1.3047418E-02 -5.8509670E+00  1.4903297E-01
  1.3160248E-02 -5.8496804E+00  1.5031964E-01
  1.3274054E-02 -5.8483826E+00  1.5161739E-01
  1.3388844E-02 -5.8470737E+00  1.5292629E-01
  1.3504626E-02 -5.8457535E+00  1.5424645E-01
  1.3621410E-02 -5.8444220E+00  1.5557797E-01
  1.3739203E-02 -5.8430791E+00  1.5692094E-01
  1.3858014E-02 -5.8417245E+00  1.5827546E-01
  1.3977852E-02 -5.8403584E+00  1.5964163E-01
  1.4098727E-02 -5.8389805E+00  1.6101954E-01
  1.4220646E-02 -5.8375907E+00  1.6240930E-01
  1.4343620E-02 -5.8361890E+00  1.6381101E-01
  1.4467657E-02 -5.8347752E+00  1.6522476E-01
  1.4592766E-02 -5.8333493E+00  1.6665067E-01
  1.4718957E-02 -5.8319112E+00  1.6808882E-01
  1.4846238E-02 -5.8304607E+00  1.6953934E-01
  1.4974620E-02 -5.8289977E+00  1.7100232E-01
  1.5104113E-02 -5.8275221E+00  1.7247787E-01
  1.5234724E-02 -5.8260339E+00  1.7396610E-01
  1.5366465E-02 -5.8245329E+00  1.7546710E-01
  1.5499345E-02 -5.8230190E+00  1.7698100E-01
  1.5633373E-02 -5.8214921E+00  1.7850790E-01
  1.5768561E-02 -5.8199521E+00  1.8004791E-01
  1.5904917E-02 -5.8183989E+00  1.8160114E-01
  1.6042452E-02 -5.8168323E+00  1.8316771E-01
  1.6181176E-02 -5.8152523E+00  1.8474772E-01
  1.6321099E-02 -5.8136587E+00  1.8634130E-01
  1.6462232E-02 -5.8120515E+00  1.8794855E-01
  1.6604585E-02 -5.8104304E+00  1.8956959E-01
  1.6748169E-02 -5.8087955E+00  1.9120454E-01
  1.6892995E-02 -5.8071465E+00  1.9285351E-01
  1.7039072E-02 -5.8054834E+00  1.9451662E-01
  1.7186413E-02 -5.8038060E+00  1.9619400E-01
  1.7335027E-02 -5.8021142E+00  1.9788577E-01
  1.7484926E-02 -5.8004080E+00  1.9959203E-01
  1.7636121E-02 -5.7986871E+00  2.0131293E-01
  1.7788623E-02 -5.7969514E+00  2.0304857E-01
  1.7942443E-02 -5.7952009E+00  2.0479909E-01
  1.8097594E-02 -5.7934354E+00  2.0656461E-01
  1.8254086E-02 -5.7916547E+00  2.0834526E-01
  1.8411930E-02 -5.7898588E+00  2.1014116E-01
  1.8571140E-02 -5.7880476E+00  2.1195244E-01
  1.8731726E-02 -5.7862208E+00  2.1377923E-01
  1.8893700E-02 -5.7843783E+00  2.1562167E-01
  1.9057074E-02 -5.7825201E+00  2.1747987E-01
  1.9221861E-02 -5.7806460E+00  2.1935399E-01
  1.9388073E-02 -5.7787559E+00  2.2124414E-01
  1.9555722E-02 -5.7768495E+00  2.2315047E-01
  1.9724820E-02 -5.7749269E+00  2.2507310E-01
  1.9895380E-02 -5.7729878E+00  2.2701218E-01
  2.0067414E-02 -5.7710322E+00  2.2896785E-01
  2.0240936E-02 -5.7690598E+00  2.3094023E-01
  2.0415958E-02 -5.7670705E+00  2.3292948E-01
  2.0592493E-02 -5.7650643E+00  2.3493573E-01
  2.0770555E-02 -5.7630409E+00  2.3695913E-01
  2.0950156E-02 -5.7610002E+00  2.3899982E-01
  2.1131309E-02 -5.7589421E+00  2.4105794E-01
  2.1314029E-02 -5.7568664E+00  2.4313364E-01
  2.1498329E-02 -5.7547729E+00  2.4522706E-01
  2.1684222E-02 -5.7526616E+00  2.4733836E-01
  2.1871722E-02 -5.7505323E+00  2.4946768E-01
  2.2060843E-02 -5.7483848E+00  2.5161517E-01
  2.2251599E-02 -5.7462190E+00  2.5378098E-01
  2.2444004E-02 -5.7440347E+00  2.5596527E-01
  2.2638073E-02 -5.7418318E+00  2.5816818E-01
  2.2833819E-02 -5.7396101E+00  2.6038988E-01
  2.3031258E-02 -5.7373695E+00  2.6263052E-01
  2.3230404E-02 -5.7351097E+00  2.6489026E-01
  2.3431272E-02 -5.7328308E+00  2.6716925E-01
  2.3633876E-02 -5.7305323E+00  2.6946765E-01
  2.3838232E-02 -5.7282144E+00  2.7178563E-01
  2.4044354E-02 -5.7258767E+00  2.7412335E-01
  2.4252259E-02 -5.7235190E+00  2.7648096E-01
  2.4461961E-02 -5.7211414E+00  2.7885864E-01
  2.4673476E-02 -5.7187434E+00  2.8125655E-01
  2.4886819E-02 -5.7163251E+00  2.8367485E-01
  2.5102008E-02 -5.7138863E+00  2.8611372E-01
  2.5319056E-02 -5.7114267E+00  2.8857333E-01
  2.5537981E-02 -5.7089462E+00  2.9105383E-01
  2.5758799E-02 -5.7064446E+00  2.9355541E-01
  2.5981526E-02 -5.7039218E+00  2.9607824E-01
  2.6206178E-02 -5.7013775E+00  2.9862250E-01
  2.6432773E-02 -5.6988117E+00  3.0118835E-01
  2.6661327E-02 -5.6962240E+00  3.0377598E-01
  2.6891856E-02 -5.6936144E+00  3.0638556E-01
  2.7124379E-02 -5.6909827E+00  3.0901727E-01
  2.7358912E-02 -5.6883287E+00  3.1167130E-01
  2.7595472E-02 -5.6856522E+00  3.1434782E-01
  2.7834078E-02 -5.6829530E+00  3.1704703E-01
  2.8074747E-02 -5.6802309E+00  3.1976909E-01
  2.8317496E-02 -5.6774858E+00  3.2251421E-01
  2.8562344E-02 -5.6747174E+00  3.2528257E-01
  2.8809309E-02 -5.6719257E+00  3.2807435E-01
  2.9058409E-02 -5.6691103E+00  3.3088975E-01
  2.9309663E-02 -5.6662710E+00  3.3372895E-01
  2.9563089E-02 -5.6634078E+00  3.3659215E-01
  2.9818706E-02 -5.6605204E+00  3.3947955E-01
  3.0076533E-02 -5.6576087E+00  3.4239134E-01
  3.0336588E-02 -5.6546723E+00  3.4532772E-01
  3.0598893E-02 -5.6517111E+00  3.4828888E-01
  3.0863465E-02 -5.6487250E+00  3.5127502E-01
  3.1130324E-02 -5.6457137E+00  3.5428635E-01
  3.1399490E-02 -5.6426769E+00  3.5732306E-01
  3.1670984E-02 -5.6396146E+00  3.6038537E-01
  3.1944824E-02 -5.6365265E+00  3.6347347E-01
  3.2221033E-02 -5.6334124E+00  3.6658758E-01
  3.2499629E-02 -5.6302721E+00  3.6972789E-01
  3.2780634E-02 -5.6271054E+00  3.7289462E-01
  3.3064068E-02 -5.6239120E+00  3.7608798E-01
  3.3349952E-02 -5.6206918E+00  3.7930819E-01
  3.3638309E-02 -5.6174446E+00  3.8255545E-01
  3.3929158E-02 -5.6141700E+00  3.8582997E-01
  3.4222522E-02 -5.6108680E+00  3.8913199E-01
  3.4518422E-02 -5.6075383E+00  3.9246171E-01
  3.4816880E-02 -5.6041807E+00  3.9581934E-01
  3.5117919E-02 -5.6007949E+00  3.9920513E-01
  3.5421560E-02 -5.5973807E+00  4.0261927E-01
  3.5727826E-02 -5.5939380E+00  4.0606200E-01
  3.6036740E-02 -5.5904665E+00  4.0953355E-01
  3.6348325E-02 -5.5869659E+00  4.1303413E-01
  3.6662604E-02 -5.5834360E+00  4.1656398E-01
  3.6979600E-02 -5.5798767E+00  4.2012332E-01
  3.7299336E-02 -5.5762876E+00  4.2371239E-01
  3.7621837E-02 -5.5726686E+00  4.2733141E-01
  3.7947126E-02 -5.5690194E+00  4.3098062E-01
  3.8275227E-02 -5.5653397E+00  4.3466026E-01
  3.8606165E-02 -5.5616294E+00  4.3837055E-01
  3.8939964E-02 -5.5578883E+00  4.4211174E-01
  3.9276648E-02 -5.5541159E+00  4.4588407E-01
  3.9616244E-02 -5.5503122E+00  4.4968777E-01
  3.9958775E-02 -5.5464769E+00  4.5352309E-01
  4.0304268E-02 -5.5426097E+00  4.5739026E-01
  4.0652748E-02 -5.5387105E+00  4.6128954E-01
  4.1004241E-02 -5.5347788E+00  4.6522117E-01
  4.1358772E-02 -5.5308146E+00  4.6918540E-01
  4.1716369E-02 -5.5268175E+00  4.7318247E-01
  4.2077057E-02 -5.5227874E+00  4.7721263E-01
  4.2440864E-02 -5.5187239E+00  4.8127614E-01
  4.2807816E-02 -5.5146268E+00  4.8537325E-01
  4.3177940E-02 -5.5104958E+00  4.8950420E-01
  4.3551264E-02 -5.5063307E+00  4.9366927E-01
  4.3927816E-02 -5.5021313E+00  4.9786869E-01
  4.4307623E-02 -5.4978973E+00  5.0210274E-01
  4.4690714E-02 -5.4936283E+00  5.0637167E-01
  4.5077117E-02 -5.4893243E+00  5.1067573E-01
  4.5466861E-02 -5.4849848E+00  5.1501520E-01
  4.5859974E-02 -5.4806097E+00  5.1939034E-01
  4.6256486E-02 -5.4761986E+00  5.2380140E-01
  4.6656425E-02 -5.4717513E+00  5.2824866E-01
  4.7059823E-02 -5.4672676E+00  5.3273238E-01
  4.7466708E-02 -5.4627472E+00  5.3725282E-01
  4.7877111E-02 -5.4581897E+00  5.4181027E-01
  4.8291062E-02 -5.4535950E+00  5.4640499E-01
  4.8708592E-02 -5.4489627E+00  5.5103725E-01
  4.9129731E-02 -5.4442927E+00  5.5570733E-01
  4.9554512E-02 -5.4395845E+00  5.6041549E-01
  4.9982965E-02 -5.4348380E+00  5.6516202E-01
  5.0415122E-02 -5.4300528E+00  5.6994719E-01
  5.0851015E-02 -5.4252287E+00  5.7477127E-01
  5.1290677E-02 -5.4203654E+00  5.7963456E-01
  5.1734140E-02 -5.4154627E+00  5.8453732E-01
  5.2181437E-02 -5.4105202E+00  5.8947984E-01
  5.2632601E-02 -5.4055376E+00  5.9446240E-01
  5.3087666E-02 -5.4005147E+00  5.9948528E-01
  5.3546665E-02 -5.3954512E+00  6.0454878E-01
  5.4009632E-02 -5.3903468E+00  6.0965316E-01
  5.4476602E-02 -5.3852013E+00  6.1479872E-01
  5.4947609E-02 -5.3800142E+00  6.1998575E-01
  5.5422688E-02 -5.3747855E+00  6.2521454E-01
  5.5901874E-02 -5.3695146E+00  6.3048537E-01
  5.6385203E-02 -5.3642015E+00  6.3579853E-01
  5.6872711E-02 -5.3588457E+00  6.4115431E-01
  5.7364433E-02 -5.3534470E+00  6.4655302E-01
  5.7860407E-02 -5.3480051E+00  6.5199493E-01
  5.8360669E-02 -5.3425197E+00  6.5748034E-01
  5.8865256E-02 -5.3369905E+00  6.6300955E-01
  5.9374205E-02 -5.3314172E+00  6.6858285E-01
  5.9887554E-02 -5.3257995E+00  6.7420053E-01
  6.0405341E-02 -5.3201371E+00  6.7986290E-01
  6.0927605E-02 -5.3144298E+00  6.8557025E-01
  6.1454385E-02 -5.3086771E+00  6.9132287E-01
  6.1985718E-02 -5.3028789E+00  6.9712107E-01
  6.2521645E-02 -5.2970349E+00  7.0296514E-01
  6.3062206E-02 -5.2911446E+00  7.0885539E-01
  6.3607439E-02 -5.2852079E+00  7.1479210E-01
  6.4157387E-02 -5.2792244E+00  7.2077559E-01
  6.4712090E-02 -5.2731938E+00  7.2680615E-01
  6.5271588E-02 -5.2671159E+00  7.3288409E-01
  6.5835923E-02 -5.2609903E+00  7.3900970E-01
  6.6405137E-02 -5.2548167E+00  7.4518328E-01
  6.6979272E-02 -5.2485949E+00  7.5140514E-01
  6.7558371E-02 -5.2423244E+00  7.5767559E-01
  6.8142476E-02 -5.2360051E+00  7.6399491E-01
  6.8731632E-02 -5.2296366E+00  7.7036341E-01
  6.9325881E-02 -5.2232186E+00  7.7678140E-01
  6.9925268E-02 -5.2167508E+00  7.8324918E-01
  7.0529836E-02 -5.2102330E+00  7.8976705E-01
  7.1139631E-02 -5.2036647E+00  7.9633530E-01
  7.1754699E-02 -5.1970457E+00  8.0295425E-01
  7.2375084E-02 -5.1903758E+00  8.0962420E-01
  7.3000832E-02 -5.1836546E+00  8.1634543E-01
  7.3631991E-02 -5.1768817E+00  8.2311827E-01
  7.4268606E-02 -5.1700570E+00  8.2994300E-01
  7.4910725E-02 -5.1631801E+00  8.3681993E-01
  7.5558395E-02 -5.1562506E+00  8.4374936E-01
  7.6211665E-02 -5.1492684E+00  8.5073158E-01
  7.6870583E-02 -5.1422331E+00  8.5776689E-01
  7.7535197E-02 -5.1351444E+00  8.6485560E-01
  7.8205558E-02 -5.1280020E+00  8.7199799E-01
  7.8881714E-02 -5.1208056E+00  8.7919437E-01
  7.9563715E-02 -5.1135550E+00  8.8644503E-01
  8.0251613E-02 -5.1062497E+00  8.9375026E-01
  8.0945458E-02 -5.0988896E+00  9.0111036E-01
  8.1645302E-02 -5.0914744E+00  9.0852562E-01
  8.2351196E-02 -5.0840037E+00  9.1599633E-01
  8.3063193E-02 -5.0764772E+00  9.2352279E-01
  8.3781346E-02 -5.0688947E+00  9.3110527E-01
  8.4505708E-02 -5.0612559E+00  9.3874406E-01
  8.5236332E-02 -5.0535605E+00  9.4643946E-01
  8.5973272E-02 -5.0458083E+00  9.5419174E-01
  8.6716584E-02 -5.0379988E+00  9.6200119E-01
  8.7466322E-02 -5.0301319E+00  9.6986809E-01
  8.8222542E-02 -5.0222073E+00  9.7779271E-01
  8.8985300E-02 -5.0142247E+00  9.8577534E-01
  8.9754652E-02 -5.0061838E+00  9.9381625E-01
  9.0530656E-02 -4.9980843E+00  1.0019157E+00
  9.1313369E-02 -4.9899260E+00  1.0100740E+00
  9.2102848E-02 -4.9817086E+00  1.0182914E+00
  9.2899154E-02 -4.9734319E+00  1.0265681E+00
  9.3702343E-02 -4.9650956E+00  1.0349044E+00
  9.4512477E-02 -4.9566994E+00  1.0433006E+00
  9.5329614E-02 -4.9482430E+00  1.0517570E+00
  9.6153817E-02 -4.9397263E+00  1.0602737E+00
  9.6985144E-02 -4.9311489E+00  1.0688511E+00
  9.7823659E-02 -4.9225106E+00  1.0774894E+00
  9.8669424E-02 -4.9138111E+00  1.0861889E+00
  9.9522501E-02 -4.9050503E+00  1.0949497E+00
  1.0038295E-01 -4.8962279E+00  1.1037721E+00
  1.0125084E-01 -4.8873436E+00  1.1126564E+00
  1.0212624E-01 -4.8783972E+00  1.1216028E+00
  1.0300920E-01 -4.8693885E+00  1.1306115E+00
  1.0389980E-01 -4.8603172E+00  1.1396828E+00
  1.0479809E-01 -4.8511832E+00  1.1488168E+00
  1.0570415E-01 -4.8419862E+00  1.1580138E+00
  1.0661805E-01 -4.8327260E+00  1.1672740E+00
  1.0753985E-01 -4.8234024E+00  1.1765976E+00
  1.0846961E-01 -4.8140151E+00  1.1859849E+00
  1.0940742E-01 -4.8045641E+00  1.1954359E+00
  1.1035333E-01 -4.7950491E+00  1.2049509E+00
  1.1130742E-01 -4.7854698E+00  1.2145302E+00
  1.1226976E-01 -4.7758262E+00  1.2241738E+00
  1.1324041E-01 -4.7661180E+00  1.2338820E+00
  1.1421946E-01 -4.7563451E+00  1.2436549E+00
  1.1520698E-01 -4.7465072E+00  1.2534928E+00
  1.1620303E-01 -4.7366043E+00  1.2633957E+00
  1.1720770E-01 -4.7266362E+00  1.2733638E+00
  1.1822104E-01 -4.7166027E+00  1.2833973E+00
  1.1924315E-01 -4.7065036E+00  1.2934964E+00
  1.2027410E-01 -4.6963389E+00  1.3036611E+00
  1.2131396E-01 -4.6861084E+00  1.3138916E+00
  1.2236281E-01 -4.6758119E+00  1.3241881E+00
  1.2342073E-01 -4.6654494E+00  1.3345506E+00
  1.2448779E-01 -4.6550207E+00  1.3449793E+00
  1.2556408E-01 -4.6445257E+00  1.3554743E+00
  1.2664968E-01 -4.6339643E+00  1.3660357E+00
  1.2774466E-01 -4.6233365E+00  1.3766635E+00
  1.2884911E-01 -4.6126421E+00  1.3873579E+00
  1.2996310E-01 -4.6018811E+00  1.3981189E+00
  1.3108673E-01 -4.5910533E+00  1.4089467E+00
  1.3222007E-01 -4.5801588E+00  1.4198412E+00
  1.3336321E-01 -4.5691974E+00  1.4308026E+00
  1.3451623E-01 -4.5581692E+00  1.4418308E+00
  1.3567922E-01 -4.5470740E+00  1.4529260E+00
  1.3685227E-01 -4.5359119E+00  1.4640881E+00
  1.3803545E-01 -4.5246828E+00  1.4753172E+00
  1.3922887E-01 -4.5133867E+00  1.4866133E+00
  1.4043260E-01 -4.5020236E+00  1.4979764E+00
  1.4164674E-01 -4.4905935E+00  1.5094065E+00
  1.4287138E-01 -4.4790965E+00  1.5209035E+00
  1.4410660E-01 -4.4675324E+00  1.5324676E+00
  1.4535251E-01 -4.4559015E+00  1.5440985E+00
  1.4660918E-01 -4.4442037E+00  1.5557963E+00
  1.4787673E-01 -4.4324390E+00  1.5675610E+00
  1.4915522E-01 -4.4206076E+00  1.5793924E+00
  1.5044478E-01 -4.4087095E+00  1.5912905E+00
  1.5174548E-01 -4.3967448E+00  1.6032552E+00
  1.5305742E-01 -4.3847136E+00  1.6152864E+00
  1.5438071E-01 -4.3726159E+00  1.6273841E+00
  1.5571544E-01 -4.3604520E+00  1.6395480E+00
  1.5706171E-01 -4.3482219E+00  1.6517781E+00
  1.5841962E-01 -4.3359257E+00  1.6640743E+00
  1.5978927E-01 -4.3235637E+00  1.6764363E+00
  1.6117075E-01 -4.3111359E+00  1.6888641E+00
  1.6256419E-01 -4.2986426E+00  1.7013574E+00
  1.6396967E-01 -4.2860840E+00  1.7139160E+00
  1.6538730E-01 -4.2734601E+00  1.7265399E+00
  1.6681718E-01 -4.2607713E+00  1.7392287E+00
  1.6825943E-01 -4.2480178E+00  1.7519822E+00
  1.6971415E-01 -4.2351998E+00  1.7648002E+00
  1.7118145E-01 -4.2223175E+00  1.7776825E+00
  1.7266143E-01 -4.2093712E+00  1.7906288E+00
  1.7415420E-01 -4.1963613E+00  1.8036387E+00
  1.7565988E-01 -4.1832878E+00  1.8167122E+00
  1.7717858E-01 -4.1701513E+00  1.8298487E+00
  1.7871041E-01 -4.1569519E+00  1.8430481E+00
  1.8025548E-01 -4.1436901E+00  1.8563099E+00
  1.8181391E-01 -4.1303661E+00  1.8696339E+00
  1.8338581E-01 -4.1169803E+00  1.8830197E+00
  1.8497131E-01 -4.1035331E+00  1.8964669E+00
  1.8657051E-01 -4.0900249E+00  1.9099751E+00
  1.8818353E-01 -4.0764560E+00  1.9235440E+00
  1.8981051E-01 -4.0628269E+00  1.9371731E+00
  1.9145154E-01 -4.0491381E+00  1.9508619E+00
  1.9310677E-01 -4.0353899E+00  1.9646101E+00
  1.9477630E-01 -4.0215827E+00  1.9784173E+00
  1.9646027E-01 -4.0077172E+00  1.9922828E+00
  1.9815880E-01 -3.9937938E+00  2.0062062E+00
  1.9987202E-01 -3.9798130E+00  2.0201870E+00
  2.0160004E-01 -3.9657752E+00  2.0342248E+00
  2.0334301E-01 -3.9516811E+00  2.0483189E+00
  2.0510104E-01 -3.9375312E+00  2.0624688E+00
  2.0687427E-01 -3.9233260E+00  2.0766740E+00
  2.0866283E-01 -3.9090662E+00  2.0909338E+00
  2.1046686E-01 -3.8947524E+00  2.1052476E+00
  2.1228648E-01 -3.8803851E+00  2.1196149E+00
  2.1412184E-01 -3.8659650E+00  2.1340350E+00
  2.1597306E-01 -3.8514927E+00  2.1485073E+00
  2.1784029E-01 -3.8369690E+00  2.1630310E+00
  2.1972366E-01 -3.8223945E+00  2.1776055E+00
  2.2162331E-01 -3.8077698E+00  2.1922302E+00
  2.2353938E-01 -3.7930958E+00  2.2069042E+00
  2.2547202E-01 -3.7783731E+00  2.2216269E+00
  2.2742137E-01 -3.7636024E+00  2.2363976E+00
  2.2938758E-01 -3.7487847E+00  2.2512153E+00
  2.3137078E-01 -3.7339205E+00  2.2660795E+00
  2.3337113E-01 -3.7190108E+00  2.2809892E+00
  2.3538877E-01 -3.7040564E+00  2.2959436E+00
  2.3742385E-01 -3.6890580E+00  2.3109420E+00
  2.3947653E-01 -3.6740166E+00  2.3259834E+00
  2.4154696E-01 -3.6589330E+00  2.3410670E+00
  2.4363529E-01 -3.6438080E+00  2.3561920E+00
  2.4574167E-01 -3.6286426E+00  2.3713574E+00
  2.4786626E-01 -3.6134377E+00  2.3865623E+00
  2.5000922E-01 -3.5981943E+00  2.4018057E+00
  2.5217071E-01 -3.5829132E+00  2.4170868E+00
  2.5435088E-01 -3.5675955E+00  2.4324045E+00
  2.5654990E-01 -3.5522420E+00  2.4477580E+00
  2.5876794E-01 -3.5368539E+00  2.4631461E+00
  2.6100515E-01 -3.5214322E+00  2.4785678E+00
  2.6326170E-01 -3.5059778E+00  2.4940222E+00
  2.6553776E-01 -3.4904918E+00  2.5095082E+00
  2.6783350E-01 -3.4749753E+00  2.5250247E+00
  2.7014908E-01 -3.4594294E+00  2.5405706E+00
  2.7248469E-01 -3.4438551E+00  2.5561449E+00
  2.7484049E-01 -3.4282536E+00  2.5717464E+00
  2.7721665E-01 -3.4126259E+00  2.5873741E+00
  2.7961336E-01 -3.3969733E+00  2.6030267E+00
  2.8203079E-01 -3.3812969E+00  2.6187031E+00
  2.8446912E-01 -3.3655978E+00  2.6344022E+00
  2.8692853E-01 -3.3498772E+00  2.6501228E+00
  2.8940921E-01 -3.3341364E+00  2.6658636E+00
  2.9191133E-01 -3.3183765E+00  2.6816235E+00
  2.9443508E-01 -3.3025988E+00  2.6974012E+00
  2.9698065E-01 -3.2868045E+00  2.7131955E+00
  2.9954823E-01 -3.2709948E+00  2.7290052E+00
  3.0213800E-01 -3.2551711E+00  2.7448289E+00
  3.0475017E-01 -3.2393346E+00  2.7606654E+00
  3.0738492E-01 -3.2234866E+00  2.7765134E+00
  3.1004245E-01 -3.2076284E+00  2.7923716E+00
  3.1272295E-01 -3.1917613E+00  2.8082387E+00
  3.1542663E-01 -3.1758867E+00  2.8241133E+00
  3.1815369E-01 -3.1600058E+00  2.8399942E+00
  3.2090432E-01 -3.1441201E+00  2.8558799E+00
  3.2367873E-01 -3.1282308E+00  2.8717692E+00
  3.2647713E-01 -3.1123394E+00  2.8876606E+00
  3.2929972E-01 -3.0964473E+00  2.9035527E+00
  3.3214671E-01 -3.0805557E+00  2.9194443E+00
  3.3501832E-01 -3.0646662E+00  2.9353338E+00
  3.3791475E-01 -3.0487801E+00  2.9512199E+00
  3.4083623E-01 -3.0328989E+00  2.9671011E+00
  3.4378296E-01 -3.0170238E+00  2.9829762E+00
  3.4675517E-01 -3.0011565E+00  2.9988435E+00
  3.4975307E-01 -2.9852982E+00  3.0147018E+00
  3.5277690E-01 -2.9694505E+00  3.0305495E+00
  3.5582686E-01 -2.9536148E+00  3.0463852E+00
  3.5890320E-01 -2.9377925E+00  3.0622075E+00
  3.6200613E-01 -2.9219851E+00  3.0780149E+00
  3.6513588E-01 -2.9061940E+00  3.0938060E+00
  3.6829270E-01 -2.8904207E+00  3.1095793E+00
  3.7147681E-01 -2.8746667E+00  3.1253333E+00
  3.7468844E-01 -2.8589333E+00  3.1410667E+00
  3.7792785E-01 -2.8432222E+00  3.1567778E+00
  3.8119526E-01 -2.8275347E+00  3.1724653E+00
  3.8449091E-01 -2.8118723E+00  3.1881277E+00
  3.8781506E-01 -2.7962364E+00  3.2037636E+00
  3.9116795E-01 -2.7806286E+00  3.2193714E+00
  3.9454983E-01 -2.7650502E+00  3.2349498E+00
  3.9796094E-01 -2.7495028E+00  3.2504972E+00
  4.0140155E-01 -2.7339878E+00  3.2660122E+00
  4.0487190E-01 -2.7185066E+00  3.2814934E+00
  4.0837225E-01 -2.7030607E+00  3.2969393E+00
  4.1190287E-01 -2.6876515E+00  3.3123485E+00
  4.1546401E-01 -2.6722804E+00  3.3277196E+00
  4.1905594E-01 -2.6569490E+00  3.3430510E+00
  4.2267892E-01 -2.6416585E+00  3.3583415E+00
  4.2633322E-01 -2.6264104E+00  3.3735896E+00
  4.3001912E-01 -2.6112062E+00  3.3887938E+00
  4.3373688E-01 -2.5960471E+00  3.4039529E+00
  4.3748679E-01 -2.5809346E+00  3.4190654E+00
  4.4126912E-01 -2.5658700E+00  3.4341300E+00
  4.4508414E-01 -2.5508547E+00  3.4491453E+00
  4.4893215E-01 -2.5358900E+00  3.4641100E+00
  4.5281343E-01 -2.5209774E+00  3.4790226E+00
  4.5672826E-01 -2.5061179E+00  3.4938821E+00
  4.6067694E-01 -2.4913131E+00  3.5086869E+00
  4.6465976E-01 -2.4765641E+00  3.5234359E+00
  4.6867701E-01 -2.4618723E+00  3.5381277E+00
  4.7272899E-01 -2.4472388E+00  3.5527612E+00
  4.7681600E-01 -2.4326649E+00  3.5673351E+00
  4.8093835E-01 -2.4181518E+00  3.5818482E+00
  4.8509634E-01 -2.4037007E+00  3.5962993E+00
  4.8929027E-01 -2.3893128E+00  3.6106872E+00
  4.9352047E-01 -2.3749893E+00  3.6250107E+00
  4.9778723E-01 -2.3607311E+00  3.6392689E+00
  5.0209089E-01 -2.3465396E+00  3.6534604E+00
  5.0643175E-01 -2.3324156E+00  3.6675844E+00
  5.1081014E-01 -2.3183603E+00  3.6816397E+00
  5.1522639E-01 -2.3043748E+00  3.6956252E+00
  5.1968081E-01 -2.2904599E+00  3.7095401E+00
  5.2417375E-01 -2.2766168E+00  3.7233832E+00
  5.2870553E-01 -2.2628463E+00  3.7371537E+00
  5.3327649E-01 -2.2491493E+00  3.7508507E+00
  5.3788696E-01 -2.2355268E+00  3.7644732E+00
  5.4253730E-01 -2.2219797E+00  3.7780203E+00
  5.4722784E-01 -2.2085087E+00  3.7914913E+00
  5.5195894E-01 -2.1951146E+00  3.8048854E+00
  5.5673093E-01 -2.1817982E+00  3.8182018E+00
  5.6154419E-01 -2.1685603E+00  3.8314397E+00
  5.6639905E-01 -2.1554016E+00  3.8445984E+00
  5.7129589E-01 -2.1423227E+00  3.8576773E+00
  5.7623506E-01 -2.1293243E+00  3.8706757E+00
  5.8121694E-01 -2.1164070E+00  3.8835930E+00
  5.8624189E-01 -2.1035713E+00  3.8964287E+00
  5.9131028E-01 -2.0908177E+00  3.9091823E+00
  5.9642249E-01 -2.0781469E+00  3.9218531E+00
  6.0157889E-01 -2.0655591E+00  3.9344409E+00
  6.0677988E-01 -2.0530549E+00  3.9469451E+00
  6.1202583E-01 -2.0406347E+00  3.9593653E+00
  6.1731714E-01 -2.0282987E+00  3.9717013E+00
  6.2265419E-01 -2.0160473E+00  3.9839527E+00
  6.2803738E-01 -2.0038808E+00  3.9961192E+00
  6.3346712E-01 -1.9917994E+00  4.0082006E+00
  6.3894379E-01 -1.9798032E+00  4.0201968E+00
  6.4446782E-01 -1.9678925E+00  4.0321075E+00
  6.5003960E-01 -1.9560673E+00  4.0439327E+00
  6.5565956E-01 -1.9443278E+00  4.0556722E+00
  6.6132810E-01 -1.9326738E+00  4.0673262E+00
  6.6704565E-01 -1.9211056E+00  4.0788944E+00
  6.7281263E-01 -1.9096228E+00  4.0903772E+00
  6.7862947E-01 -1.8982256E+00  4.1017744E+00
  6.8449660E-01 -1.8869137E+00  4.1130863E+00
  6.9041445E-01 -1.8756870E+00  4.1243130E+00
  6.9638346E-01 -1.8645453E+00  4.1354547E+00
  7.0240408E-01 -1.8534883E+00  4.1465117E+00
  7.0847676E-01 -1.8425157E+00  4.1574843E+00
  7.1460193E-01 -1.8316272E+00  4.1683728E+00
  7.2078006E-01 -1.8208223E+00  4.1791777E+00
  7.2701160E-01 -1.8101008E+00  4.1898992E+00
  7.3329702E-01 -1.7994620E+00  4.2005380E+00
  7.3963677E-01 -1.7889056E+00  4.2110944E+00
  7.4603134E-01 -1.7784309E+00  4.2215691E+00
  7.5248119E-01 -1.7680374E+00  4.2319626E+00
  7.5898681E-01 -1.7577245E+00  4.2422755E+00
  7.6554867E-01 -1.7474915E+00  4.2525085E+00
  7.7216726E-01 -1.7373377E+00  4.2626623E+00
  7.7884307E-01 -1.7272624E+00  4.2727376E+00
  7.8557659E-01 -1.7172648E+00  4.2827352E+00
  7.9236833E-01 -1.7073441E+00  4.2926559E+00
  7.9921879E-01 -1.6974994E+00  4.3025006E+00
  8.0612848E-01 -1.6877298E+00  4.3122702E+00
  8.1309790E-01 -1.6780345E+00  4.3219655E+00
  8.2012758E-01 -1.6684125E+00  4.3315875E+00
  8.2721803E-01 -1.6588627E+00  4.3411373E+00
  8.3436978E-01 -1.6493842E+00  4.3506158E+00
  8.4158336E-01 -1.6399759E+00  4.3600241E+00
  8.4885931E-01 -1.6306368E+00  4.3693632E+00
  8.5619817E-01 -1.6213655E+00  4.3786345E+00
  8.6360047E-01 -1.6121612E+00  4.3878388E+00
  8.7106676E-01 -1.6030224E+00  4.3969776E+00
  8.7859761E-01 -1.5939482E+00  4.4060518E+00
  8.8619357E-01 -1.5849371E+00  4.4150629E+00
  8.9385519E-01 -1.5759879E+00  4.4240121E+00
  9.0158306E-01 -1.5670994E+00  4.4329006E+00
  9.0937773E-01 -1.5582701E+00  4.4417299E+00
  9.1723980E-01 -1.5494989E+00  4.4505011E+00
  9.2516984E-01 -1.5407843E+00  4.4592157E+00
  9.3316843E-01 -1.5321248E+00  4.4678752E+00
  9.4123618E-01 -1.5235192E+00  4.4764808E+00
  9.4937368E-01 -1.5149660E+00  4.4850340E+00
  9.5758153E-01 -1.5064637E+00  4.4935363E+00
  9.6586034E-01 -1.4980108E+00  4.5019892E+00
  9.7421073E-01 -1.4896059E+00  4.5103941E+00
  9.8263331E-01 -1.4812476E+00  4.5187524E+00
  9.9112870E-01 -1.4729341E+00  4.5270659E+00
  9.9969755E-01 -1.4646641E+00  4.5353359E+00
  1.0083405E+00 -1.4564361E+00  4.5435639E+00
  1.0170581E+00 -1.4482484E+00  4.5517516E+00
  1.0258511E+00 -1.4400995E+00  4.5599005E+00
  1.0347202E+00 -1.4319878E+00  4.5680122E+00
  1.0436659E+00 -1.4239118E+00  4.5760882E+00
  1.0526889E+00 -1.4158699E+00  4.5841301E+00
  1.0617900E+00 -1.4078606E+00  4.5921394E+00
  1.0709698E+00 -1.3998821E+00  4.6001179E+00
  1.0802289E+00 -1.3919330E+00  4.6080670E+00
  1.0895680E+00 -1.3840117E+00  4.6159883E+00
  1.0989879E+00 -1.3761166E+00  4.6238834E+00
  1.1084893E+00 -1.3682461E+00  4.6317539E+00
  1.1180728E+00 -1.3603987E+00  4.6396013E+00
  1.1277391E+00 -1.3525727E+00  4.6474273E+00
  1.1374890E+00 -1.3447666E+00  4.6552334E+00
  1.1473232E+00 -1.3369789E+00  4.6630211E+00
  1.1572424E+00 -1.3292080E+00  4.6707920E+00
  1.1672474E+00 -1.3214524E+00  4.6785476E+00
  1.1773389E+00 -1.3137105E+00  4.6862895E+00
  1.1875176E+00 -1.3059809E+00  4.6940191E+00
  1.1977844E+00 -1.2982621E+00  4.7017379E+00
  1.2081399E+00 -1.2905525E+00  4.7094475E+00
  1.2185849E+00 -1.2828508E+00  4.7171492E+00
  1.2291202E+00 -1.2751555E+00  4.7248445E+00
  1.2397466E+00 -1.2674651E+00  4.7325349E+00
  1.2504649E+00 -1.2597783E+00  4.7402217E+00
  1.2612758E+00 -1.2520936E+00  4.7479064E+00
  1.2721802E+00 -1.2444099E+00  4.7555901E+00
  1.2831789E+00 -1.2367256E+00  4.7632744E+00
  1.2942727E+00 -1.2290395E+00  4.7709605E+00
  1.3054623E+00 -1.2213503E+00  4.7786497E+00
  1.3167488E+00 -1.2136568E+00  4.7863432E+00
  1.3281327E+00 -1.2059578E+00  4.7940422E+00
  1.3396152E+00 -1.1982520E+00  4.8017480E+00
  1.3511969E+00 -1.1905383E+00  4.8094617E+00
  1.3628787E+00 -1.1828156E+00  4.8171844E+00
  1.3746615E+00 -1.1750828E+00  4.8249172E+00
  1.3865462E+00 -1.1673388E+00  4.8326612E+00
  1.3985336E+00 -1.1595825E+00  4.8404175E+00
  1.4106247E+00 -1.1518131E+00  4.8481869E+00
  1.4228203E+00 -1.1440295E+00  4.8559705E+00
  1.4351213E+00 -1.1362309E+00  4.8637691E+00
  1.4475287E+00 -1.1284163E+00  4.8715837E+00
  1.4600434E+00 -1.1205849E+00  4.8794151E+00
  1.4726662E+00 -1.1127359E+00  4.8872641E+00
  1.4853982E+00 -1.1048686E+00  4.8951314E+00
  1.4982402E+00 -1.0969822E+00  4.9030178E+00
  1.5111933E+00 -1.0890761E+00  4.9109239E+00
  1.5242584E+00 -1.0811496E+00  4.9188504E+00
  1.5374364E+00 -1.0732021E+00  4.9267979E+00
  1.5507284E+00 -1.0652331E+00  4.9347669E+00
  1.5641352E+00 -1.0572420E+00  4.9427580E+00
  1.5776580E+00 -1.0492285E+00  4.9507715E+00
  1.5912977E+00 -1.0411921E+00  4.9588079E+00
  1.6050553E+00 -1.0331324E+00  4.9668676E+00
  1.6189319E+00 -1.0250490E+00  4.9749510E+00
  1.6329284E+00 -1.0169418E+00  4.9830582E+00
  1.6470459E+00 -1.0088105E+00  4.9911895E+00
  1.6612855E+00 -1.0006548E+00  4.9993452E+00
  1.6756482E+00 -9.9247474E-01  5.0075253E+00
  1.6901351E+00 -9.8427007E-01  5.0157299E+00
  1.7047472E+00 -9.7604080E-01  5.0239592E+00
  1.7194856E+00 -9.6778692E-01  5.0322131E+00
  1.7343515E+00 -9.5950846E-01  5.0404915E+00
  1.7493459E+00 -9.5120553E-01  5.0487945E+00
  1.7644699E+00 -9.4287825E-01  5.0571218E+00
  1.7797247E+00 -9.3452680E-01  5.0654732E+00
  1.7951113E+00 -9.2615142E-01  5.0738486E+00
  1.8106310E+00 -9.1775238E-01  5.0822476E+00
  1.8262849E+00 -9.0933000E-01  5.0906700E+00
  1.8420741E+00 -9.0088464E-01  5.0991154E+00
  1.8579998E+00 -8.9241672E-01  5.1075833E+00
  1.8740632E+00 -8.8392670E-01  5.1160733E+00
  1.8902654E+00 -8.7541507E-01  5.1245849E+00
  1.9066078E+00 -8.6688239E-01  5.1331176E+00
  1.9230914E+00 -8.5832925E-01  5.1416708E+00
  1.9397176E+00 -8.4975628E-01  5.1502437E+00
  1.9564874E+00 -8.4116416E-01  5.1588358E+00
  1.9734023E+00 -8.3255362E-01  5.1674464E+00
  1.9904634E+00 -8.2392542E-01  5.1760746E+00
  2.0076720E+00 -8.1528037E-01  5.1847196E+00
  2.0250294E+00 -8.0661932E-01  5.1933807E+00
  2.0425368E+00 -7.9794316E-01  5.2020568E+00
  2.0601956E+00 -7.8925281E-01  5.2107472E+00
  2.0780071E+00 -7.8054925E-01  5.2194507E+00
  2.0959726E+00 -7.7183349E-01  5.2281665E+00
  2.1140934E+00 -7.6310658E-01  5.2368934E+00
  2.1323708E+00 -7.5436960E-01  5.2456304E+00
  2.1508063E+00 -7.4562366E-01  5.2543763E+00
  2.1694011E+00 -7.3686994E-01  5.2631301E+00
  2.1881568E+00 -7.2810962E-01  5.2718904E+00
  2.2070745E+00 -7.1934392E-01  5.2806561E+00
  2.2261558E+00 -7.1057412E-01  5.2894259E+00
  2.2454021E+00 -7.0180149E-01  5.2981985E+00
  2.2648148E+00 -6.9302738E-01  5.3069726E+00
  2.2843953E+00 -6.8425312E-01  5.3157469E+00
  2.3041451E+00 -6.7548011E-01  5.3245199E+00
  2.3240657E+00 -6.6670976E-01  5.3332902E+00
  2.3441584E+00 -6.5794350E-01  5.3420565E+00
  2.3644249E+00 -6.4918281E-01  5.3508172E+00
  2.3848666E+00 -6.4042918E-01  5.3595708E+00
  2.4054850E+00 -6.3168411E-01  5.3683159E+00
  2.4262817E+00 -6.2294916E-01  5.3770508E+00
  2.4472582E+00 -6.1422587E-01  5.3857741E+00
  2.4684160E+00 -6.0551583E-01  5.3944842E+00
  2.4897568E+00 -5.9682065E-01  5.4031794E+00
  2.5112820E+00 -5.8814193E-01  5.4118581E+00
  2.5329934E+00 -5.7948131E-01  5.4205187E+00
  2.5548924E+00 -5.7084044E-01  5.4291596E+00
  2.5769808E+00 -5.6222099E-01  5.4377790E+00
  2.5992601E+00 -5.5362463E-01  5.4463754E+00
  2.6217321E+00 -5.4505304E-01  5.4549470E+00
  2.6443984E+00 -5.3650793E-01  5.4634921E+00
  2.6672606E+00 -5.2799100E-01  5.4720090E+00
  2.6903204E+00 -5.1950397E-01  5.4804960E+00
  2.7135797E+00 -5.1104855E-01  5.4889515E+00
  2.7370400E+00 -5.0262646E-01  5.4973735E+00
  2.7607031E+00 -4.9423943E-01  5.5057606E+00
  2.7845708E+00 -4.8588919E-01  5.5141108E+00
  2.8086449E+00 -4.7757746E-01  5.5224225E+00
  2.8329271E+00 -4.6930596E-01  5.5306940E+00
  2.8574192E+00 -4.6107642E-01  5.5389236E+00
  2.8821231E+00 -4.5289054E-01  5.5471095E+00
  2.9070406E+00 -4.4475005E-01  5.5552499E+00
  2.9321735E+00 -4.3665664E-01  5.5633434E+00
  2.9575236E+00 -4.2861200E-01  5.5713880E+00
  2.9830930E+00 -4.2061781E-01  5.5793822E+00
  3.0088834E+00 -4.1267574E-01  5.5873243E+00
  3.0348967E+00 -4.0478744E-01  5.5952126E+00
  3.0611350E+00 -3.9695455E-01  5.6030454E+00
  3.0876001E+00 -3.8917869E-01  5.6108213E+00
  3.1142940E+00 -3.8146145E-01  5.6185385E+00
  3.1412187E+00 -3.7380443E-01  5.6261956E+00
  3.1683762E+00 -3.6620917E-01  5.6337908E+00
  3.1957685E+00 -3.5867721E-01  5.6413228E+00
  3.2233976E+00 -3.5121006E-01  5.6487899E+00
  3.2512655E+00 -3.4380921E-01  5.6561908E+00
  3.2793744E+00 -3.3647611E-01  5.6635239E+00
  3.3077263E+00 -3.2921218E-01  5.6707878E+00
  3.3363233E+00 -3.2201882E-01  5.6779812E+00
  3.3651676E+00 -3.1489739E-01  5.6851026E+00
  3.3942612E+00 -3.0784922E-01  5.6921508E+00
  3.4236063E+00 -3.0087560E-01  5.6991244E+00
  3.4532052E+00 -2.9397780E-01  5.7060222E+00
  3.4830600E+00 -2.8715703E-01  5.7128430E+00
  3.5131728E+00 -2.8041446E-01  5.7195855E+00
  3.5435460E+00 -2.7375125E-01  5.7262487E+00
  3.5741818E+00 -2.6716849E-01  5.7328315E+00
  3.6050825E+00 -2.6066724E-01  5.7393328E+00
  3.6362503E+00 -2.5424851E-01  5.7457515E+00
  3.6676876E+00 -2.4791327E-01  5.7520867E+00
  3.6993967E+00 -2.4166244E-01  5.7583376E+00
  3.7313799E+00 -2.3549690E-01  5.7645031E+00
  3.7636396E+00 -2.2941749E-01  5.7705825E+00
  3.7961782E+00 -2.2342497E-01  5.7765750E+00
  3.8289981E+00 -2.1752009E-01  5.7824799E+00
  3.8621018E+00 -2.1170352E-01  5.7882965E+00
  3.8954917E+00 -2.0597589E-01  5.7940241E+00
  3.9291703E+00 -2.0033780E-01  5.7996622E+00
  3.9631400E+00 -1.9478976E-01  5.8052102E+00
  3.9974034E+00 -1.8933225E-01  5.8106678E+00
  4.0319630E+00 -1.8396570E-01  5.8160343E+00
  4.0668214E+00 -1.7869047E-01  5.8213095E+00
  4.1019812E+00 -1.7350690E-01  5.8264931E+00
  4.1374450E+00 -1.6841523E-01  5.8315848E+00
  4.1732153E+00 -1.6341568E-01  5.8365843E+00
  4.2092949E+00 -1.5850841E-01  5.8414916E+00
  4.2456865E+00 -1.5369352E-01  5.8463065E+00
  4.2823926E+00 -1.4897107E-01  5.8510289E+00
  4.3194161E+00 -1.4434103E-01  5.8556590E+00
  4.3567597E+00 -1.3980337E-01  5.8601966E+00
  4.3944262E+00 -1.3535796E-01  5.8646420E+00
  4.4324183E+00 -1.3100465E-01  5.8689953E+00
  4.4707388E+00 -1.2674322E-01  5.8732568E+00
  4.5093907E+00 -1.2257339E-01  5.8774266E+00
  4.5483767E+00 -1.1849485E-01  5.8815051E+00
  4.5876998E+00 -1.1450723E-01  5.8854928E+00
  4.6273628E+00 -1.1061011E-01  5.8893899E+00
  4.6673688E+00 -1.0680302E-01  5.8931970E+00
  4.7077206E+00 -1.0308543E-01  5.8969146E+00
  4.7484213E+00 -9.9456779E-02  5.9005432E+00
  4.7894739E+00 -9.5916455E-02  5.9040835E+00
  4.8308814E+00 -9.2463798E-02  5.9075362E+00
  4.8726468E+00 -8.9098100E-02  5.9109019E+00
  4.9147734E+00 -8.5818614E-02  5.9141814E+00
  4.9572641E+00 -8.2624549E-02  5.9173755E+00
  5.0001223E+00 -7.9515070E-02  5.9204849E+00
  5.0433509E+00 -7.6489305E-02  5.9235107E+00
  5.0869533E+00 -7.3546342E-02  5.9264537E+00
  5.1309326E+00 -7.0685231E-02  5.9293148E+00
  5.1752922E+00 -6.7904986E-02  5.9320950E+00
  5.2200353E+00 -6.5204587E-02  5.9347954E+00
  5.2651652E+00 -6.2582981E-02  5.9374170E+00
  5.3106853E+00 -6.0039083E-02  5.9399609E+00
  5.3565989E+00 -5.7571775E-02  5.9424282E+00
  5.4029095E+00 -5.5179916E-02  5.9448201E+00
  5.4496204E+00 -5.2862334E-02  5.9471377E+00
  5.4967352E+00 -5.0617833E-02  5.9493822E+00
  5.5442573E+00 -4.8445192E-02  5.9515548E+00
  5.5921903E+00 -4.6343170E-02  5.9536568E+00
  5.6405377E+00 -4.4310505E-02  5.9556895E+00
  5.6893031E+00 -4.2345917E-02  5.9576541E+00
  5.7384900E+00 -4.0448106E-02  5.9595519E+00
  5.7881022E+00 -3.8615760E-02  5.9613842E+00
  5.8381434E+00 -3.6847553E-02  5.9631524E+00
  5.8886172E+00 -3.5142145E-02  5.9648579E+00
  5.9395273E+00 -3.3498190E-02  5.9665018E+00
  5.9908776E+00 -3.1914329E-02  5.9680857E+00
  6.0426718E+00 -3.0389198E-02  5.9696108E+00
  6.0949138E+00 -2.8921429E-02  5.9710786E+00
  6.1476075E+00 -2.7509648E-02  5.9724904E+00
  6.2007568E+00 -2.6152483E-02  5.9738475E+00
  6.2543655E+00 -2.4848557E-02  5.9751514E+00
  6.3084377E+00 -2.3596497E-02  5.9764035E+00
  6.3629774E+00 -2.2394932E-02  5.9776051E+00
  6.4179887E+00 -2.1242496E-02  5.9787575E+00
  6.4734755E+00 -2.0137828E-02  5.9798622E+00
  6.5294420E+00 -1.9079574E-02  5.9809204E+00
  6.5858924E+00 -1.8066388E-02  5.9819336E+00
  6.6428309E+00 -1.7096935E-02  5.9829031E+00
  6.7002616E+00 -1.6169891E-02  5.9838301E+00
  6.7581888E+00 -1.5283944E-02  5.9847161E+00
  6.8166169E+00 -1.4437795E-02  5.9855622E+00
  6.8755500E+00 -1.3630160E-02  5.9863698E+00
  6.9349927E+00 -1.2859772E-02  5.9871402E+00
  6.9949493E+00 -1.2125378E-02  5.9878746E+00
  7.0554243E+00 -1.1425746E-02  5.9885743E+00
  7.1164220E+00 -1.0759660E-02  5.9892403E+00
  7.1779472E+00 -1.0125926E-02  5.9898741E+00
  7.2400042E+00 -9.5233679E-03  5.9904766E+00
  7.3025978E+00 -8.9508328E-03  5.9910492E+00
  7.3657326E+00 -8.4071885E-03  5.9915928E+00
  7.4294131E+00 -7.8913258E-03  5.9921087E+00
  7.4936442E+00 -7.4021583E-03  5.9925978E+00
  7.5584306E+00 -6.9386232E-03  5.9930614E+00
  7.6237772E+00 -6.4996818E-03  5.9935003E+00
  7.6896887E+00 -6.0843198E-03  5.9939157E+00
  7.7561700E+00 -5.6915480E-03  5.9943085E+00
  7.8232261E+00 -5.3204019E-03  5.9946796E+00
  7.8908619E+00 -4.9699426E-03  5.9950301E+00
  7.9590825E+00 -4.6392568E-03  5.9953607E+00
  8.0278929E+00 -4.3274567E-03  5.9956725E+00
  8.0972981E+00 -4.0336805E-03  5.9959663E+00
  8.1673035E+00 -3.7570919E-03  5.9962429E+00
  8.2379140E+00 -3.4968808E-03  5.9965031E+00
  8.3091350E+00 -3.2522626E-03  5.9967477E+00
  8.3809718E+00 -3.0224785E-03  5.9969775E+00
  8.4534296E+00 -2.8067950E-03  5.9971932E+00
  8.5265139E+00 -2.6045040E-03  5.9973955E+00
  8.6002300E+00 -2.4149228E-03  5.9975851E+00
  8.6745834E+00 -2.2373931E-03  5.9977626E+00
  8.7495797E+00 -2.0712814E-03  5.9979287E+00
  8.8252243E+00 -1.9159783E-03  5.9980840E+00
  8.9015229E+00 -1.7708983E-03  5.9982291E+00
  8.9784812E+00 -1.6354795E-03  5.9983645E+00
  9.0561048E+00 -1.5091827E-03  5.9984908E+00
  9.1343995E+00 -1.3914917E-03  5.9986085E+00
  9.2133710E+00 -1.2819121E-03  5.9987181E+00
  9.2930254E+00 -1.1799714E-03  5.9988200E+00
  9.3733684E+00 -1.0852182E-03  5.9989148E+00
  9.4544060E+00 -9.9722155E-04  5.9990028E+00
  9.5361442E+00 -9.1557083E-04  5.9990844E+00
  9.6185891E+00 -8.3987485E-04  5.9991601E+00
  9.7017467E+00 -7.6976147E-04  5.9992302E+00
  9.7856233E+00 -7.0487695E-04  5.9992951E+00
  9.8702251E+00 -6.4488541E-04  5.9993551E+00
  9.9555583E+00 -5.8946827E-04  5.9994105E+00
  1.0041629E+01 -5.3832365E-04  5.9994617E+00
  1.0128444E+01 -4.9116576E-04  5.9995088E+00
  1.0216010E+01 -4.4772441E-04  5.9995523E+00
  1.0304333E+01 -4.0774432E-04  5.9995923E+00
  1.0393419E+01 -3.7098463E-04  5.9996290E+00
  1.0483275E+01 -3.3721828E-04  5.9996628E+00
  1.0573909E+01 -3.0623148E-04  5.9996938E+00
  1.0665325E+01 -2.7782310E-04  5.9997222E+00
  1.0757533E+01 -2.5180419E-04  5.9997482E+00
  1.0850537E+01 -2.2799738E-04  5.9997720E+00
  1.0944346E+01 -2.0623637E-04  5.9997938E+00
  1.1038965E+01 -1.8636541E-04  5.9998136E+00
  1.1134403E+01 -1.6823880E-04  5.9998318E+00
  1.1230665E+01 -1.5172037E-04  5.9998483E+00
  1.1327760E+01 -1.3668303E-04  5.9998633E+00
  1.1425695E+01 -1.2300826E-04  5.9998770E+00
  1.1524476E+01 -1.1058570E-04  5.9998894E+00
  1.1624111E+01 -9.9312655E-05  5.9999007E+00
  1.1724607E+01 -8.9093725E-05  5.9999109E+00
  1.1825972E+01 -7.9840349E-05  5.9999202E+00
  1.1928214E+01 -7.1470428E-05  5.9999285E+00
  1.2031339E+01 -6.3907940E-05  5.9999361E+00
  1.2135357E+01 -5.7082572E-05  5.9999429E+00
  1.2240273E+01 -5.0929365E-05  5.9999491E+00
  1.2346096E+01 -4.5388387E-05  5.9999546E+00
  1.2452835E+01 -4.0404401E-05  5.9999596E+00
  1.2560496E+01 -3.5926563E-05  5.9999641E+00
  1.2669088E+01 -3.1908132E-05  5.9999681E+00
  1.2778619E+01 -2.8306186E-05  5.9999717E+00
  1.2889096E+01 -2.5081363E-05  5.9999749E+00
  1.3000529E+01 -2.2197610E-05  5.9999778E+00
  1.3112926E+01 -1.9621946E-05  5.9999804E+00
  1.3226294E+01 -1.7324238E-05  5.9999827E+00
  1.3340642E+01 -1.5276989E-05  5.9999847E+00
  1.3455978E+01 -1.3455144E-05  5.9999865E+00
  1.3572312E+01 -1.1835896E-05  5.9999882E+00
  1.3689652E+01 -1.0398518E-05  5.9999896E+00
  1.3808006E+01 -9.1241931E-06  5.9999909E+00
  1.3927383E+01 -7.9958642E-06  5.9999920E+00
  1.4047793E+01 -6.9980883E-06  5.9999930E+00
  1.4169243E+01 -6.1169030E-06  5.9999939E+00
  1.4291743E+01 -5.3397018E-06  5.9999947E+00
  1.4415303E+01 -4.6551178E-06  5.9999953E+00
  1.4539931E+01 -4.0529159E-06  5.9999959E+00
  1.4665636E+01 -3.5238928E-06  5.9999965E+00
  1.4792428E+01 -3.0597848E-06  5.9999969E+00
  1.4920316E+01 -2.6531818E-06  5.9999973E+00
  1.5049310E+01 -2.2974491E-06  5.9999977E+00
  1.5179419E+01 -1.9866545E-06  5.9999980E+00
  1.5310653E+01 -1.7155012E-06  5.9999983E+00
  1.5443021E+01 -1.4792675E-06  5.9999985E+00
  1.5576534E+01 -1.2737494E-06  5.9999987E+00
  1.5711201E+01 -1.0952103E-06  5.9999989E+00
  1.5847032E+01 -9.4033331E-07  5.9999991E+00
  1.5984038E+01 -8.0617898E-07  5.9999992E+00
  1.6122228E+01 -6.9014597E-07  5.9999993E+00
  1.6261613E+01 -5.8993577E-07  5.9999994E+00
  1.6402203E+01 -5.0352058E-07  5.9999995E+00
  1.6544009E+01 -4.2911415E-07  5.9999996E+00
  1.6687040E+01 -3.6514548E-07  5.9999996E+00
  1.6831308E+01 -3.1023505E-07  5.9999997E+00
  1.6976824E+01 -2.6317337E-07  5.9999997E+00
  1.7123597E+01 -2.2290175E-07  5.9999998E+00
  1.7271639E+01 -1.8849499E-07  5.9999998E+00
  1.7420962E+01 -1.5914582E-07  5.9999998E+00
  1.7571575E+01 -1.3415105E-07  5.9999999E+00
  1.7723490E+01 -1.1289917E-07  5.9999999E+00
  1.7876719E+01 -9.4859232E-08  5.9999999E+00
  1.8031272E+01 -7.9571066E-08  5.9999999E+00
  1.8187162E+01 -6.6636483E-08  5.9999999E+00
  1.8344399E+01 -5.5711520E-08  5.9999999E+00
  1.8502996E+01 -4.6499568E-08  6.0000000E+00
  1.8662964E+01 -3.8745298E-08  6.0000000E+00
  1.8824315E+01 -3.2229288E-08  6.0000000E+00
  1.8987061E+01 -2.6763320E-08  6.0000000E+00
  1.9151213E+01 -2.2186215E-08  6.0000000E+00
  1.9316786E+01 -1.8360202E-08  6.0000000E+00
  1.9483789E+01 -1.5167726E-08  6.0000000E+00
  1.9652236E+01 -1.2508679E-08  6.0000000E+00
  1.9822140E+01 -1.0297946E-08  6.0000000E+00
  1.9993513E+01 -8.4633029E-09  6.0000000E+00
  2.0166367E+01 -6.9435773E-09  6.0000000E+00
  2.0340716E+01 -5.6870588E-09  6.0000000E+00
  2.0516571E+01 -4.6501132E-09  6.0000000E+00
  2.0693948E+01 -3.7959866E-09  6.0000000E+00
  2.0872858E+01 -3.0937946E-09  6.0000000E+00
  2.1053314E+01 -2.5176199E-09  6.0000000E+00
  2.1235331E+01 -2.0457671E-09  6.0000000E+00
  2.1418921E+01 -1.6601041E-09  6.0000000E+00
  2.1604099E+01 -1.3455095E-09  6.0000000E+00
  2.1790877E+01 -1.0894023E-09  6.0000000E+00
  2.1979271E+01 -8.8132524E-10  6.0000000E+00
  2.2169293E+01 -7.1261397E-10  6.0000000E+00
  2.2360958E+01 -5.7609917E-10  6.0000000E+00
  2.2554280E+01 -4.6586468E-10  6.0000000E+00
  2.2749273E+01 -3.7703707E-10  6.0000000E+00
  2.2945952E+01 -3.0560621E-10  6.0000000E+00
  2.3144332E+01 -2.4828939E-10  6.0000000E+00
  2.3344426E+01 -2.0239455E-10  6.0000000E+00
  2.3546251E+01 -1.6572255E-10  6.0000000E+00
  2.3749820E+01 -1.3648371E-10  6.0000000E+00
  2.3955150E+01 -1.1321966E-10  6.0000000E+00
  2.4162254E+01 -9.4753538E-11  6.0000000E+00
  2.4371149E+01 -8.0124352E-11  6.0000000E+00
  2.4581850E+01 -6.8561157E-11  6.0000000E+00
  2.4794373E+01 -5.9440453E-11  6.0000000E+00
  2.5008733E+01 -5.2261306E-11  6.0000000E+00
  2.5224947E+01 -4.6621373E-11  6.0000000E+00
  2.5443029E+01 -4.2201798E-11  6.0000000E+00
  2.5662997E+01 -3.8743231E-11  6.0000000E+00
  2.5884867E+01 -3.6044057E-11  6.0000000E+00
  2.6108655E+01 -3.3940850E-11  6.0000000E+00
  2.6334378E+01 -3.2301273E-11  6.0000000E+00
  2.6562052E+01 -3.1025849E-11  6.0000000E+00
  2.6791695E+01 -3.0038194E-11  6.0000000E+00
  2.7023323E+01 -2.9269920E-11  6.0000000E+00
  2.7256953E+01 -2.8673064E-11  6.0000000E+00
  2.7492603E+01 -2.8210323E-11  6.0000000E+00
  2.7730291E+01 -2.7847058E-11  6.0000000E+00
  2.7970034E+01 -2.7563729E-11  6.0000000E+00
  2.8211849E+01 -2.7339020E-11  6.0000000E+00
  2.8455755E+01 -2.7158720E-11  6.0000000E+00
  2.8701769E+01 -2.7012170E-11  6.0000000E+00
  2.8949911E+01 -2.6891378E-11  6.0000000E+00
  2.9200198E+01 -2.6787461E-11  6.0000000E+00
  2.9452649E+01 -2.6701308E-11  6.0000000E+00
  2.9707282E+01 -2.6625813E-11  6.0000000E+00
  2.9964117E+01 -2.6550318E-11  6.0000000E+00
  3.0223172E+01 -2.6492586E-11  6.0000000E+00
  3.0484467E+01 -2.6425973E-11  6.0000000E+00
  3.0748020E+01 -2.6371794E-11  6.0000000E+00
  3.1013853E+01 -2.6310509E-11  6.0000000E+00
  3.1281983E+01 -2.6258107E-11  6.0000000E+00
  3.1552432E+01 -2.6195934E-11  6.0000000E+00
  3.1825219E+01 -2.6147084E-11  6.0000000E+00
  3.2100365E+01 -2.6084912E-11  6.0000000E+00
  3.2377889E+01 -2.6032509E-11  6.0000000E+00
  3.2657812E+01 -2.5970337E-11  6.0000000E+00
  3.2940156E+01 -2.5917934E-11  6.0000000E+00
  3.3224940E+01 -2.5852209E-11  6.0000000E+00
  3.3512187E+01 -2.5796254E-11  6.0000000E+00
  3.3801917E+01 -2.5730529E-11  6.0000000E+00
  3.4094152E+01 -2.5672797E-11  6.0000000E+00
  3.4388913E+01 -2.5602631E-11  6.0000000E+00
  3.4686223E+01 -2.5543123E-11  6.0000000E+00
  3.4986103E+01 -2.5468516E-11  6.0000000E+00
  3.5288576E+01 -2.5402791E-11  6.0000000E+00
  3.5593664E+01 -2.5325519E-11  6.0000000E+00
  3.5901390E+01 -2.5257130E-11  6.0000000E+00
  3.6211776E+01 -2.5176305E-11  6.0000000E+00
  3.6524845E+01 -2.5105251E-11  6.0000000E+00
  3.6840621E+01 -2.5020874E-11  6.0000000E+00
  3.7159127E+01 -2.4948044E-11  6.0000000E+00
  3.7480387E+01 -2.4861002E-11  6.0000000E+00
  3.7804424E+01 -2.4781066E-11  6.0000000E+00
  3.8131263E+01 -2.4689584E-11  6.0000000E+00
  3.8460927E+01 -2.4606095E-11  6.0000000E+00
  3.8793441E+01 -2.4511948E-11  6.0000000E+00
  3.9128831E+01 -2.4425795E-11  6.0000000E+00
  3.9467119E+01 -2.4326319E-11  6.0000000E+00
  3.9808333E+01 -2.4237501E-11  6.0000000E+00
  4.0152496E+01 -2.4134472E-11  6.0000000E+00
  4.0499635E+01 -2.4041213E-11  6.0000000E+00
  4.0849775E+01 -2.3934632E-11  6.0000000E+00
  4.1202943E+01 -2.3836932E-11  6.0000000E+00
  4.1559163E+01 -2.3728575E-11  6.0000000E+00
  4.1918464E+01 -2.3629099E-11  6.0000000E+00
  4.2280870E+01 -2.3517188E-11  6.0000000E+00
  4.2646410E+01 -2.3415048E-11  6.0000000E+00
  4.3015110E+01 -2.3299584E-11  6.0000000E+00
  4.3386998E+01 -2.3194779E-11  6.0000000E+00
  4.3762101E+01 -2.3076652E-11  6.0000000E+00
  4.4140446E+01 -2.2967406E-11  6.0000000E+00
  4.4522063E+01 -2.2845725E-11  6.0000000E+00
  4.4906979E+01 -2.2732038E-11  6.0000000E+00
  4.5295223E+01 -2.2605917E-11  6.0000000E+00
  4.5686824E+01 -2.2486901E-11  6.0000000E+00
  4.6081810E+01 -2.2357227E-11  6.0000000E+00
  4.6480211E+01 -2.2236435E-11  6.0000000E+00
  4.6882056E+01 -2.2103208E-11  6.0000000E+00
  4.7287375E+01 -2.1967317E-11  6.0000000E+00
  4.7696199E+01 -2.1838531E-11  6.0000000E+00
  4.8108557E+01 -2.1697311E-11  6.0000000E+00
  4.8524480E+01 -2.1566748E-11  6.0000000E+00
  4.8943999E+01 -2.1421975E-11  6.0000000E+00
  4.9367145E+01 -2.1285196E-11  6.0000000E+00
  4.9793949E+01 -2.1135094E-11  6.0000000E+00
  5.0224444E+01 -2.0994761E-11  6.0000000E+00
  5.0658660E+01 -2.0841995E-11  6.0000000E+00
  5.1096630E+01 -2.0697222E-11  6.0000000E+00
  5.1538386E+01 -2.0540902E-11  6.0000000E+00
  5.1983962E+01 -2.0391688E-11  6.0000000E+00
  5.2433390E+01 -2.0230928E-11  6.0000000E+00
  5.2886704E+01 -2.0076385E-11  6.0000000E+00
  5.3343936E+01 -1.9912072E-11  6.0000000E+00
  5.3805122E+01 -1.9754864E-11  6.0000000E+00
  5.4270295E+01 -1.9583446E-11  6.0000000E+00
  5.4739490E+01 -1.9421798E-11  6.0000000E+00
  5.5212741E+01 -1.9246826E-11  6.0000000E+00
  5.5690083E+01 -1.9081625E-11  6.0000000E+00
  5.6171552E+01 -1.8902213E-11  6.0000000E+00
  5.6657184E+01 -1.8731683E-11  6.0000000E+00
  5.7147015E+01 -1.8547830E-11  6.0000000E+00
  5.7641080E+01 -1.8373747E-11  6.0000000E+00
  5.8139417E+01 -1.8184565E-11  6.0000000E+00
  5.8642062E+01 -1.8006929E-11  6.0000000E+00
  5.9149052E+01 -1.7813306E-11  6.0000000E+00
  5.9660426E+01 -1.7627677E-11  6.0000000E+00
  6.0176221E+01 -1.7430501E-11  6.0000000E+00
  6.0696476E+01 -1.7240431E-11  6.0000000E+00
  6.1221228E+01 -1.7037927E-11  6.0000000E+00
  6.1750517E+01 -1.6842527E-11  6.0000000E+00
  6.2284382E+01 -1.6633805E-11  6.0000000E+00
  6.2822862E+01 -1.6433077E-11  6.0000000E+00
  6.3365998E+01 -1.6220802E-11  6.0000000E+00
  6.3913829E+01 -1.6013857E-11  6.0000000E+00
  6.4466397E+01 -1.5792700E-11  6.0000000E+00
  6.5023742E+01 -1.5578649E-11  6.0000000E+00
  6.5585906E+01 -1.5350388E-11  6.0000000E+00
  6.6152930E+01 -1.5130119E-11  6.0000000E+00
  6.6724856E+01 -1.4898305E-11  6.0000000E+00
  6.7301726E+01 -1.4670931E-11  6.0000000E+00
  6.7883584E+01 -1.4430235E-11  6.0000000E+00
  6.8470473E+01 -1.4196644E-11  6.0000000E+00
  6.9062435E+01 -1.3951507E-11  6.0000000E+00
  6.9659515E+01 -1.3714363E-11  6.0000000E+00
  7.0261757E+01 -1.3461232E-11  6.0000000E+00
  7.0869206E+01 -1.3217871E-11  6.0000000E+00
  7.1481907E+01 -1.2960300E-11  6.0000000E+00
  7.2099905E+01 -1.2711610E-11  6.0000000E+00
  7.2723245E+01 -1.2448709E-11  6.0000000E+00
  7.3351975E+01 -1.2192913E-11  6.0000000E+00
  7.3986140E+01 -1.1924683E-11  6.0000000E+00
  7.4625789E+01 -1.1664447E-11  6.0000000E+00
  7.5270967E+01 -1.1390000E-11  6.0000000E+00
  7.5921723E+01 -1.1121770E-11  6.0000000E+00
  7.6578105E+01 -1.0839329E-11  6.0000000E+00
  7.7240162E+01 -1.0563106E-11  6.0000000E+00
  7.7907943E+01 -1.0272672E-11  6.0000000E+00
  7.8581497E+01 -9.9884545E-12  6.0000000E+00
  7.9260874E+01 -9.6900266E-12  6.0000000E+00
  7.9946125E+01 -9.4013686E-12  6.0000000E+00
  8.0637301E+01 -9.0984997E-12  6.0000000E+00
  8.1334451E+01 -8.7991836E-12  6.0000000E+00
  8.2037629E+01 -8.4874330E-12  6.0000000E+00
  8.2746887E+01 -8.1827878E-12  6.0000000E+00
  8.3462276E+01 -7.8630435E-12  6.0000000E+00
  8.4183850E+01 -7.5415230E-12  6.0000000E+00
  8.4911663E+01 -7.2279960E-12  6.0000000E+00
  8.5645768E+01 -6.8984818E-12  6.0000000E+00
  8.6386219E+01 -6.5778494E-12  6.0000000E+00
  8.7133072E+01 -6.2412298E-12  6.0000000E+00
  8.7886382E+01 -5.9108274E-12  6.0000000E+00
  8.8646205E+01 -5.5662142E-12  6.0000000E+00
  8.9412597E+01 -5.2287064E-12  6.0000000E+00
  9.0185615E+01 -4.8769877E-12  6.0000000E+00
  9.0965316E+01 -4.5332627E-12  6.0000000E+00
  9.1751758E+01 -4.1735504E-12  6.0000000E+00
  9.2544999E+01 -3.8209436E-12  6.0000000E+00
  9.3345098E+01 -3.4541259E-12  6.0000000E+00
  9.4152114E+01 -3.0935254E-12  6.0000000E+00
  9.4966107E+01 -2.7196023E-12  6.0000000E+00
  9.5787138E+01 -2.3501201E-12  6.0000000E+00
  9.6615267E+01 -1.9664270E-12  6.0000000E+00
  9.7450555E+01 -1.5889512E-12  6.0000000E+00
  9.8293065E+01 -1.1963763E-12  6.0000000E+00
  9.9142859E+01 -8.1090690E-13  6.0000000E+00
  1.0000000E+02 -4.1211479E-13  6.0000000E+00
