  0.0000000E+00  0.0000000E+00  0.0000000E+00
  2.8818375E-08 -4.1816974E-14 -5.0344253E-15
  5.7885899E-08 -1.6835559E-13 -2.0268651E-14
  8.7204727E-08 -3.8181327E-13 -4.5967229E-14
  1.1677703E-07 -6.8443187E-13 -8.2400060E-14
  1.4660500E-07 -1.0784985E-12 -1.2984249E-13
  1.7669085E-07 -1.5663464E-12 -1.8857543E-13
  2.0703681E-07 -2.1503557E-12 -2.5888543E-13
  2.3764513E-07 -2.8329545E-12 -3.4106480E-13
  2.6851806E-07 -3.6166195E-12 -4.3541173E-13
  2.9965791E-07 -4.5038770E-12 -5.4223035E-13
  3.3106699E-07 -5.4973040E-12 -6.6183092E-13
  3.6274760E-07 -6.5995287E-12 -7.9452986E-13
  3.9470212E-07 -7.8132320E-12 -9.4064992E-13
  4.2693289E-07 -9.1411481E-12 -1.1005203E-12
  4.5944232E-07 -1.0586066E-11 -1.2744766E-12
  4.9223281E-07 -1.2150828E-11 -1.4628614E-12
  5.2530679E-07 -1.3838337E-11 -1.6660238E-12
  5.5866671E-07 -1.5651549E-11 -1.8843198E-12
  5.9231505E-07 -1.7593480E-11 -2.1181127E-12
  6.2625429E-07 -1.9667208E-11 -2.3677727E-12
  6.6048695E-07 -2.1875867E-11 -2.6336774E-12
  6.9501558E-07 -2.4222658E-11 -2.9162120E-12
  7.2984272E-07 -2.6710840E-11 -3.2157690E-12
  7.6497096E-07 -2.9343739E-11 -3.5327488E-12
  8.0040290E-07 -3.2124747E-11 -3.8675596E-12
  8.3614116E-07 -3.5057320E-11 -4.2206177E-12
  8.7218841E-07 -3.8144983E-11 -4.5923473E-12
  9.0854730E-07 -4.1391330E-11 -4.9831812E-12
  9.4522053E-07 -4.4800025E-11 -5.3935605E-12
  9.8221082E-07 -4.8374803E-11 -5.8239348E-12
  1.0195209E-06 -5.2119472E-11 -6.2747627E-12
  1.0571536E-06 -5.6037915E-11 -6.7465115E-12
  1.0951116E-06 -6.0134090E-11 -7.2396578E-12
  1.1333978E-06 -6.4412030E-11 -7.7546873E-12
  1.1720149E-06 -6.8875851E-11 -8.2920951E-12
  1.2109660E-06 -7.3529743E-11 -8.8523861E-12
  1.2502538E-06 -7.8377980E-11 -9.4360747E-12
  1.2898812E-06 -8.3424920E-11 -1.0043685E-11
  1.3298513E-06 -8.8675002E-11 -1.0675753E-11
  1.3701669E-06 -9.4132753E-11 -1.1332822E-11
  1.4108311E-06 -9.9802786E-11 -1.2015448E-11
  1.4518468E-06 -1.0568980E-10 -1.2724197E-11
  1.4932171E-06 -1.1179860E-10 -1.3459647E-11
  1.5349451E-06 -1.1813406E-10 -1.4222384E-11
  1.5770339E-06 -1.2470115E-10 -1.5013010E-11
  1.6194865E-06 -1.3150497E-10 -1.5832134E-11
  1.6623062E-06 -1.3855066E-10 -1.6680379E-11
  1.7054961E-06 -1.4584352E-10 -1.7558379E-11
  1.7490593E-06 -1.5338890E-10 -1.8466782E-11
  1.7929992E-06 -1.6119228E-10 -1.9406246E-11
  1.8373190E-06 -1.6925924E-10 -2.0377443E-11
  1.8820219E-06 -1.7759546E-10 -2.1381057E-11
  1.9271114E-06 -1.8620674E-10 -2.2417785E-11
  1.9725906E-06 -1.9509898E-10 -2.3488338E-11
  2.0184630E-06 -2.0427819E-10 -2.4593441E-11
  2.0647321E-06 -2.1375050E-10 -2.5733831E-11
  2.1114011E-06 -2.2352216E-10 -2.6910260E-11
  2.1584736E-06 -2.3359954E-10 -2.8123494E-11
  2.2059531E-06 -2.4398911E-10 -2.9374315E-11
  2.2538431E-06 -2.5469749E-10 -3.0663517E-11
  2.3021471E-06 -2.6573140E-10 -3.1991911E-11
  2.3508687E-06 -2.7709772E-10 -3.3360323E-11
  2.4000115E-06 -2.8880342E-10 -3.4769595E-11
  2.4495792E-06 -3.0085563E-10 -3.6220583E-11
  2.4995755E-06 -3.1326160E-10 -3.7714162E-11
  2.5500040E-06 -3.2602873E-10 -3.9251221E-11
  2.6008684E-06 -3.3916455E-10 -4.0832667E-11
  2.6521726E-06 -3.5267673E-10 -4.2459424E-11
  2.7039204E-06 -3.6657308E-10 -4.4132433E-11
  2.7561156E-06 -3.8086158E-10 -4.5852653E-11
  2.8087620E-06 -3.9555034E-10 -4.7621060E-11
  2.8618635E-06 -4.1064761E-10 -4.9438650E-11
  2.9154242E-06 -4.2616183E-10 -5.1306437E-11
  2.9694479E-06 -4.4210157E-10 -5.3225452E-11
  3.0239387E-06 -4.5847557E-10 -5.5196750E-11
  3.0789005E-06 -4.7529274E-10 -5.7221400E-11
  3.1343376E-06 -4.9256213E-10 -5.9300495E-11
  3.1902539E-06 -5.1029300E-10 -6.1435148E-11
  3.2466537E-06 -5.2849474E-10 -6.3626490E-11
  3.3035410E-06 -5.4717695E-10 -6.5875677E-11
  3.3609202E-06 -5.6634939E-10 -6.8183884E-11
  3.4187955E-06 -5.8602200E-10 -7.0552308E-11
  3.4771711E-06 -6.0620493E-10 -7.2982168E-11
  3.5360514E-06 -6.2690848E-10 -7.5474709E-11
  3.5954407E-06 -6.4814317E-10 -7.8031194E-11
  3.6553435E-06 -6.6991971E-10 -8.0652913E-11
  3.7157642E-06 -6.9224901E-10 -8.3341179E-11
  3.7767073E-06 -7.1514216E-10 -8.6097330E-11
  3.8381772E-06 -7.3861049E-10 -8.8922727E-11
  3.9001786E-06 -7.6266552E-10 -9.1818758E-11
  3.9627160E-06 -7.8731899E-10 -9.4786836E-11
  4.0257941E-06 -8.1258284E-10 -9.7828400E-11
  4.0894175E-06 -8.3846927E-10 -1.0094492E-10
  4.1535910E-06 -8.6499066E-10 -1.0413788E-10
  4.2183193E-06 -8.9215964E-10 -1.0740880E-10
  4.2836072E-06 -9.1998909E-10 -1.1075924E-10
  4.3494596E-06 -9.4849209E-10 -1.1419077E-10
  4.4158813E-06 -9.7768200E-10 -1.1770500E-10
  4.4828772E-06 -1.0075724E-09 -1.2130356E-10
  4.5504523E-06 -1.0381771E-09 -1.2498812E-10
  4.6186117E-06 -1.0695102E-09 -1.2876038E-10
  4.6873603E-06 -1.1015862E-09 -1.3262206E-10
  4.7567033E-06 -1.1344195E-09 -1.3657492E-10
  4.8266459E-06 -1.1680250E-09 -1.4062076E-10
  4.8971931E-06 -1.2024180E-09 -1.4476140E-10
  4.9683502E-06 -1.2376139E-09 -1.4899870E-10
  5.0401225E-06 -1.2736283E-09 -1.5333455E-10
  5.1125153E-06 -1.3104774E-09 -1.5777087E-10
  5.1855340E-06 -1.3481773E-09 -1.6230964E-10
  5.2591840E-06 -1.3867447E-09 -1.6695285E-10
  5.3334707E-06 -1.4261966E-09 -1.7170253E-10
  5.4083996E-06 -1.4665500E-09 -1.7656075E-10
  5.4839764E-06 -1.5078226E-09 -1.8152964E-10
  5.5602066E-06 -1.5500321E-09 -1.8661133E-10
  5.6370958E-06 -1.5931969E-09 -1.9180801E-10
  5.7146497E-06 -1.6373353E-09 -1.9712192E-10
  5.7928742E-06 -1.6824662E-09 -2.0255532E-10
  5.8717749E-06 -1.7286089E-09 -2.0811052E-10
  5.9513578E-06 -1.7757827E-09 -2.1378987E-10
  6.0316287E-06 -1.8240078E-09 -2.1959578E-10
  6.1125936E-06 -1.8733042E-09 -2.2553067E-10
  6.1942585E-06 -1.9236927E-09 -2.3159703E-10
  6.2766294E-06 -1.9751942E-09 -2.3779740E-10
  6.3597124E-06 -2.0278301E-09 -2.4413433E-10
  6.4435138E-06 -2.0816222E-09 -2.5061047E-10
  6.5280396E-06 -2.1365926E-09 -2.5722847E-10
  6.6132963E-06 -2.1927641E-09 -2.6399105E-10
  6.6992900E-06 -2.2501594E-09 -2.7090098E-10
  6.7860272E-06 -2.3088021E-09 -2.7796109E-10
  6.8735142E-06 -2.3687159E-09 -2.8517422E-10
  6.9617576E-06 -2.4299251E-09 -2.9254332E-10
  7.0507640E-06 -2.4924544E-09 -3.0007135E-10
  7.1405398E-06 -2.5563290E-09 -3.0776133E-10
  7.2310918E-06 -2.6215745E-09 -3.1561636E-10
  7.3224267E-06 -2.6882169E-09 -3.2363956E-10
  7.4145512E-06 -2.7562827E-09 -3.3183414E-10
  7.5074722E-06 -2.8257991E-09 -3.4020334E-10
  7.6011965E-06 -2.8967934E-09 -3.4875049E-10
  7.6957311E-06 -2.9692937E-09 -3.5747894E-10
  7.7910830E-06 -3.0433286E-09 -3.6639214E-10
  7.8872593E-06 -3.1189270E-09 -3.7549358E-10
  7.9842671E-06 -3.1961185E-09 -3.8478681E-10
  8.0821135E-06 -3.2749332E-09 -3.9427546E-10
  8.1808059E-06 -3.3554017E-09 -4.0396322E-10
  8.2803515E-06 -3.4375553E-09 -4.1385384E-10
  8.3807578E-06 -3.5214256E-09 -4.2395114E-10
  8.4820321E-06 -3.6070449E-09 -4.3425902E-10
  8.5841820E-06 -3.6944462E-09 -4.4478143E-10
  8.6872150E-06 -3.7836630E-09 -4.5552241E-10
  8.7911388E-06 -3.8747294E-09 -4.6648607E-10
  8.8959611E-06 -3.9676800E-09 -4.7767657E-10
  9.0016896E-06 -4.0625503E-09 -4.8909818E-10
  9.1083322E-06 -4.1593762E-09 -5.0075524E-10
  9.2158968E-06 -4.2581942E-09 -5.1265213E-10
  9.3243913E-06 -4.3590418E-09 -5.2479337E-10
  9.4338238E-06 -4.4619569E-09 -5.3718351E-10
  9.5442024E-06 -4.5669780E-09 -5.4982720E-10
  9.6555353E-06 -4.6741446E-09 -5.6272919E-10
  9.7678308E-06 -4.7834966E-09 -5.7589429E-10
  9.8810970E-06 -4.8950748E-09 -5.8932740E-10
  9.9953426E-06 -5.0089208E-09 -6.0303353E-10
  1.0110576E-05 -5.1250766E-09 -6.1701776E-10
  1.0226805E-05 -5.2435854E-09 -6.3128526E-10
  1.0344040E-05 -5.3644909E-09 -6.4584130E-10
  1.0462288E-05 -5.4878376E-09 -6.6069124E-10
  1.0581558E-05 -5.6136709E-09 -6.7584055E-10
  1.0701859E-05 -5.7420369E-09 -6.9129478E-10
  1.0823201E-05 -5.8729826E-09 -7.0705959E-10
  1.0945591E-05 -6.0065559E-09 -7.2314073E-10
  1.1069040E-05 -6.1428054E-09 -7.3954407E-10
  1.1193556E-05 -6.2817808E-09 -7.5627558E-10
  1.1319148E-05 -6.4235323E-09 -7.7334132E-10
  1.1445826E-05 -6.5681115E-09 -7.9074748E-10
  1.1573600E-05 -6.7155704E-09 -8.0850034E-10
  1.1702478E-05 -6.8659625E-09 -8.2660633E-10
  1.1832470E-05 -7.0193417E-09 -8.4507195E-10
  1.1963586E-05 -7.1757633E-09 -8.6390384E-10
  1.2095836E-05 -7.3352832E-09 -8.8310875E-10
  1.2229229E-05 -7.4979587E-09 -9.0269357E-10
  1.2363775E-05 -7.6638479E-09 -9.2266528E-10
  1.2499485E-05 -7.8330099E-09 -9.4303101E-10
  1.2636368E-05 -8.0055049E-09 -9.6379802E-10
  1.2774434E-05 -8.1813943E-09 -9.8497368E-10
  1.2913694E-05 -8.3607404E-09 -1.0065655E-09
  1.3054158E-05 -8.5436068E-09 -1.0285811E-09
  1.3195836E-05 -8.7300580E-09 -1.0510283E-09
  1.3338739E-05 -8.9201599E-09 -1.0739151E-09
  1.3482878E-05 -9.1139794E-09 -1.0972494E-09
  1.3628262E-05 -9.3115847E-09 -1.1210395E-09
  1.3774904E-05 -9.5130452E-09 -1.1452937E-09
  1.3922813E-05 -9.7184314E-09 -1.1700205E-09
  1.4072002E-05 -9.9278152E-09 -1.1952286E-09
  1.4222480E-05 -1.0141270E-08 -1.2209268E-09
  1.4374259E-05 -1.0358870E-08 -1.2471241E-09
  1.4527350E-05 -1.0580691E-08 -1.2738295E-09
  1.4681765E-05 -1.0806809E-08 -1.3010524E-09
  1.4837514E-05 -1.1037305E-08 -1.3288022E-09
  1.4994611E-05 -1.1272257E-08 -1.3570885E-09
  1.5153065E-05 -1.1511747E-08 -1.3859212E-09
  1.5312890E-05 -1.1755857E-08 -1.4153101E-09
  1.5474096E-05 -1.2004672E-08 -1.4452654E-09
  1.5636696E-05 -1.2258278E-08 -1.4757975E-09
  1.5800701E-05 -1.2516762E-08 -1.5069168E-09
  1.5966125E-05 -1.2780212E-08 -1.5386341E-09
  1.6132978E-05 -1.3048719E-08 -1.5709601E-09
  1.6301275E-05 -1.3322374E-08 -1.6039061E-09
  1.6471026E-05 -1.3601273E-08 -1.6374832E-09
  1.6642245E-05 -1.3885509E-08 -1.6717029E-09
  1.6814944E-05 -1.4175180E-08 -1.7065770E-09
  1.6989136E-05 -1.4470384E-08 -1.7421172E-09
  1.7164834E-05 -1.4771222E-08 -1.7783357E-09
  1.7342051E-05 -1.5077797E-08 -1.8152447E-09
  1.7520801E-05 -1.5390211E-08 -1.8528569E-09
  1.7701095E-05 -1.5708572E-08 -1.8911850E-09
  1.7882949E-05 -1.6032986E-08 -1.9302418E-09
  1.8066374E-05 -1.6363564E-08 -1.9700407E-09
  1.8251386E-05 -1.6700417E-08 -2.0105950E-09
  1.8437997E-05 -1.7043658E-08 -2.0519185E-09
  1.8626221E-05 -1.7393403E-08 -2.0940250E-09
  1.8816073E-05 -1.7749771E-08 -2.1369288E-09
  1.9007566E-05 -1.8112880E-08 -2.1806442E-09
  1.9200714E-05 -1.8482852E-08 -2.2251859E-09
  1.9395533E-05 -1.8859812E-08 -2.2705688E-09
  1.9592035E-05 -1.9243886E-08 -2.3168081E-09
  1.9790237E-05 -1.9635201E-08 -2.3639194E-09
  1.9990152E-05 -2.0033890E-08 -2.4119182E-09
  2.0191795E-05 -2.0440084E-08 -2.4608207E-09
  2.0395182E-05 -2.0853919E-08 -2.5106431E-09
  2.0600327E-05 -2.1275534E-08 -2.5614021E-09
  2.0807246E-05 -2.1705067E-08 -2.6131144E-09
  2.1015954E-05 -2.2142662E-08 -2.6657974E-09
  2.1226466E-05 -2.2588464E-08 -2.7194683E-09
  2.1438798E-05 -2.3042621E-08 -2.7741452E-09
  2.1652966E-05 -2.3505283E-08 -2.8298459E-09
  2.1868985E-05 -2.3976604E-08 -2.8865891E-09
  2.2086872E-05 -2.4456738E-08 -2.9443934E-09
  2.2306643E-05 -2.4945845E-08 -3.0032779E-09
  2.2528313E-05 -2.5444085E-08 -3.0632620E-09
  2.2751901E-05 -2.5951623E-08 -3.1243655E-09
  2.2977421E-05 -2.6468627E-08 -3.1866085E-09
  2.3204891E-05 -2.6995265E-08 -3.2500114E-09
  2.3434327E-05 -2.7531710E-08 -3.3145952E-09
  2.3665748E-05 -2.8078140E-08 -3.3803809E-09
  2.3899168E-05 -2.8634733E-08 -3.4473901E-09
  2.4134607E-05 -2.9201671E-08 -3.5156449E-09
  2.4372082E-05 -2.9779140E-08 -3.5851675E-09
  2.4611609E-05 -3.0367328E-08 -3.6559806E-09
  2.4853208E-05 -3.0966429E-08 -3.7281075E-09
  2.5096895E-05 -3.1576636E-08 -3.8015715E-09
  2.5342689E-05 -3.2198150E-08 -3.8763968E-09
  2.5590608E-05 -3.2831173E-08 -3.9526076E-09
  2.5840670E-05 -3.3475910E-08 -4.0302287E-09
  2.6092894E-05 -3.4132572E-08 -4.1092854E-09
  2.6347299E-05 -3.4801371E-08 -4.1898035E-09
  2.6603903E-05 -3.5482525E-08 -4.2718089E-09
  2.6862726E-05 -3.6176255E-08 -4.3553284E-09
  2.7123786E-05 -3.6882786E-08 -4.4403890E-09
  2.7387104E-05 -3.7602346E-08 -4.5270182E-09
  2.7652698E-05 -3.8335168E-08 -4.6152440E-09
  2.7920588E-05 -3.9081489E-08 -4.7050951E-09
  2.8190794E-05 -3.9841551E-08 -4.7966003E-09
  2.8463336E-05 -4.0615598E-08 -4.8897894E-09
  2.8738235E-05 -4.1403880E-08 -4.9846922E-09
  2.9015510E-05 -4.2206652E-08 -5.0813394E-09
  2.9295182E-05 -4.3024171E-08 -5.1797621E-09
  2.9577272E-05 -4.3856702E-08 -5.2799920E-09
  2.9861801E-05 -4.4704510E-08 -5.3820613E-09
  3.0148790E-05 -4.5567870E-08 -5.4860029E-09
  3.0438260E-05 -4.6447058E-08 -5.5918500E-09
  3.0730233E-05 -4.7342356E-08 -5.6996366E-09
  3.1024730E-05 -4.8254051E-08 -5.8093973E-09
  3.1321773E-05 -4.9182436E-08 -5.9211673E-09
  3.1621384E-05 -5.0127807E-08 -6.0349823E-09
  3.1923586E-05 -5.1090467E-08 -6.1508788E-09
  3.2228400E-05 -5.2070723E-08 -6.2688938E-09
  3.2535849E-05 -5.3068890E-08 -6.3890650E-09
  3.2845957E-05 -5.4085285E-08 -6.5114307E-09
  3.3158745E-05 -5.5120233E-08 -6.6360300E-09
  3.3474238E-05 -5.6174063E-08 -6.7629027E-09
  3.3792458E-05 -5.7247112E-08 -6.8920891E-09
  3.4113430E-05 -5.8339721E-08 -7.0236304E-09
  3.4437176E-05 -5.9452238E-08 -7.1575684E-09
  3.4763722E-05 -6.0585016E-08 -7.2939457E-09
  3.5093090E-05 -6.1738416E-08 -7.4328057E-09
  3.5425306E-05 -6.2912803E-08 -7.5741925E-09
  3.5760395E-05 -6.4108551E-08 -7.7181509E-09
  3.6098380E-05 -6.5326039E-08 -7.8647265E-09
  3.6439287E-05 -6.6565653E-08 -8.0139660E-09
  3.6783142E-05 -6.7827784E-08 -8.1659164E-09
  3.7129969E-05 -6.9112834E-08 -8.3206260E-09
  3.7479795E-05 -7.0421208E-08 -8.4781437E-09
  3.7832646E-05 -7.1753321E-08 -8.6385192E-09
  3.8188547E-05 -7.3109593E-08 -8.8018034E-09
  3.8547525E-05 -7.4490452E-08 -8.9680477E-09
  3.8909606E-05 -7.5896335E-08 -9.1373046E-09
  3.9274818E-05 -7.7327685E-08 -9.3096276E-09
  3.9643187E-05 -7.8784953E-08 -9.4850709E-09
  4.0014741E-05 -8.0268599E-08 -9.6636899E-09
  4.0389508E-05 -8.1779090E-08 -9.8455408E-09
  4.0767514E-05 -8.3316901E-08 -1.0030681E-08
  4.1148789E-05 -8.4882517E-08 -1.0219168E-08
  4.1533359E-05 -8.6476429E-08 -1.0411062E-08
  4.1921255E-05 -8.8099138E-08 -1.0606423E-08
  4.2312504E-05 -8.9751154E-08 -1.0805313E-08
  4.2707136E-05 -9.1432996E-08 -1.1007793E-08
  4.3105179E-05 -9.3145191E-08 -1.1213927E-08
  4.3506664E-05 -9.4888277E-08 -1.1423781E-08
  4.3911620E-05 -9.6662799E-08 -1.1637419E-08
  4.4320076E-05 -9.8469315E-08 -1.1854909E-08
  4.4732065E-05 -1.0030839E-07 -1.2076318E-08
  4.5147615E-05 -1.0218060E-07 -1.2301717E-08
  4.5566757E-05 -1.0408652E-07 -1.2531175E-08
  4.5989524E-05 -1.0602677E-07 -1.2764765E-08
  4.6415945E-05 -1.0800193E-07 -1.3002559E-08
  4.6846053E-05 -1.1001263E-07 -1.3244631E-08
  4.7279879E-05 -1.1205951E-07 -1.3491058E-08
  4.7717457E-05 -1.1414318E-07 -1.3741915E-08
  4.8158817E-05 -1.1626431E-07 -1.3997283E-08
  4.8603993E-05 -1.1842356E-07 -1.4257239E-08
  4.9053018E-05 -1.2062160E-07 -1.4521865E-08
  4.9505924E-05 -1.2285911E-07 -1.4791243E-08
  4.9962747E-05 -1.2513680E-07 -1.5065458E-08
  5.0423519E-05 -1.2745536E-07 -1.5344594E-08
  5.0888274E-05 -1.2981553E-07 -1.5628739E-08
  5.1357048E-05 -1.3221803E-07 -1.5917981E-08
  5.1829874E-05 -1.3466361E-07 -1.6212409E-08
  5.2306789E-05 -1.3715304E-07 -1.6512116E-08
  5.2787826E-05 -1.3968708E-07 -1.6817194E-08
  5.3273022E-05 -1.4226652E-07 -1.7127738E-08
  5.3762413E-05 -1.4489217E-07 -1.7443844E-08
  5.4256035E-05 -1.4756483E-07 -1.7765611E-08
  5.4753925E-05 -1.5028533E-07 -1.8093138E-08
  5.5256119E-05 -1.5305453E-07 -1.8426526E-08
  5.5762655E-05 -1.5587327E-07 -1.8765880E-08
  5.6273570E-05 -1.5874242E-07 -1.9111303E-08
  5.6788902E-05 -1.6166289E-07 -1.9462904E-08
  5.7308689E-05 -1.6463557E-07 -1.9820790E-08
  5.7832971E-05 -1.6766138E-07 -2.0185073E-08
  5.8361785E-05 -1.7074125E-07 -2.0555865E-08
  5.8895171E-05 -1.7387614E-07 -2.0933280E-08
  5.9433168E-05 -1.7706702E-07 -2.1317436E-08
  5.9975817E-05 -1.8031487E-07 -2.1708451E-08
  6.0523157E-05 -1.8362069E-07 -2.2106445E-08
  6.1075229E-05 -1.8698551E-07 -2.2511542E-08
  6.1632074E-05 -1.9041036E-07 -2.2923867E-08
  6.2193733E-05 -1.9389630E-07 -2.3343546E-08
  6.2760248E-05 -1.9744440E-07 -2.3770709E-08
  6.3331661E-05 -2.0105577E-07 -2.4205487E-08
  6.3908014E-05 -2.0473150E-07 -2.4648015E-08
  6.4489350E-05 -2.0847273E-07 -2.5098430E-08
  6.5075712E-05 -2.1228061E-07 -2.5556868E-08
  6.5667143E-05 -2.1615632E-07 -2.6023472E-08
  6.6263687E-05 -2.2010105E-07 -2.6498386E-08
  6.6865389E-05 -2.2411601E-07 -2.6981754E-08
  6.7472293E-05 -2.2820243E-07 -2.7473726E-08
  6.8084444E-05 -2.3236158E-07 -2.7974454E-08
  6.8701887E-05 -2.3659472E-07 -2.8484090E-08
  6.9324669E-05 -2.4090316E-07 -2.9002791E-08
  6.9952835E-05 -2.4528823E-07 -2.9530717E-08
  7.0586431E-05 -2.4975126E-07 -3.0068030E-08
  7.1225505E-05 -2.5429362E-07 -3.0614895E-08
  7.1870105E-05 -2.5891672E-07 -3.1171478E-08
  7.2520277E-05 -2.6362197E-07 -3.1737952E-08
  7.3176070E-05 -2.6841081E-07 -3.2314489E-08
  7.3837533E-05 -2.7328470E-07 -3.2901267E-08
  7.4504715E-05 -2.7824515E-07 -3.3498464E-08
  7.5177665E-05 -2.8329367E-07 -3.4106265E-08
  7.5856433E-05 -2.8843180E-07 -3.4724855E-08
  7.6541069E-05 -2.9366112E-07 -3.5354423E-08
  7.7231624E-05 -2.9898324E-07 -3.5995162E-08
  7.7928149E-05 -3.0439977E-07 -3.6647269E-08
  7.8630696E-05 -3.0991237E-07 -3.7310942E-08
  7.9339317E-05 -3.1552274E-07 -3.7986384E-08
  8.0054065E-05 -3.2123258E-07 -3.8673803E-08
  8.0774991E-05 -3.2704364E-07 -3.9373407E-08
  8.1502151E-05 -3.3295769E-07 -4.0085411E-08
  8.2235597E-05 -3.3897654E-07 -4.0810033E-08
  8.2975385E-05 -3.4510204E-07 -4.1547493E-08
  8.3721568E-05 -3.5133604E-07 -4.2298016E-08
  8.4474202E-05 -3.5768045E-07 -4.3061832E-08
  8.5233343E-05 -3.6413721E-07 -4.3839173E-08
  8.5999047E-05 -3.7070829E-07 -4.4630278E-08
  8.6771371E-05 -3.7739568E-07 -4.5435386E-08
  8.7550373E-05 -3.8420143E-07 -4.6254743E-08
  8.8336109E-05 -3.9112762E-07 -4.7088600E-08
  8.9128638E-05 -3.9817634E-07 -4.7937210E-08
  8.9928019E-05 -4.0534976E-07 -4.8800831E-08
  9.0734312E-05 -4.1265005E-07 -4.9679727E-08
  9.1547575E-05 -4.2007944E-07 -5.0574165E-08
  9.2367869E-05 -4.2764019E-07 -5.1484418E-08
  9.3195255E-05 -4.3533460E-07 -5.2410763E-08
  9.4029794E-05 -4.4316501E-07 -5.3353480E-08
  9.4871548E-05 -4.5113380E-07 -5.4312858E-08
  9.5720579E-05 -4.5924339E-07 -5.5289188E-08
  9.6576951E-05 -4.6749626E-07 -5.6282766E-08
  9.7440727E-05 -4.7589491E-07 -5.7293895E-08
  9.8311970E-05 -4.8444189E-07 -5.8322882E-08
  9.9190746E-05 -4.9313979E-07 -5.9370040E-08
  1.0007712E-04 -5.0199127E-07 -6.0435687E-08
  1.0097116E-04 -5.1099901E-07 -6.1520145E-08
  1.0187292E-04 -5.2016574E-07 -6.2623746E-08
  1.0278248E-04 -5.2949425E-07 -6.3746822E-08
  1.0369991E-04 -5.3898737E-07 -6.4889717E-08
  1.0462527E-04 -5.4864797E-07 -6.6052775E-08
  1.0555862E-04 -5.5847899E-07 -6.7236351E-08
  1.0650005E-04 -5.6848341E-07 -6.8440802E-08
  1.0744962E-04 -5.7866427E-07 -6.9666495E-08
  1.0840739E-04 -5.8902465E-07 -7.0913800E-08
  1.0937345E-04 -5.9956768E-07 -7.2183096E-08
  1.1034786E-04 -6.1029658E-07 -7.3474768E-08
  1.1133069E-04 -6.2121457E-07 -7.4789207E-08
  1.1232202E-04 -6.3232498E-07 -7.6126810E-08
  1.1332192E-04 -6.4363117E-07 -7.7487984E-08
  1.1433046E-04 -6.5513657E-07 -7.8873140E-08
  1.1534772E-04 -6.6684464E-07 -8.0282697E-08
  1.1637378E-04 -6.7875895E-07 -8.1717083E-08
  1.1740871E-04 -6.9088308E-07 -8.3176731E-08
  1.1845259E-04 -7.0322072E-07 -8.4662083E-08
  1.1950549E-04 -7.1577560E-07 -8.6173588E-08
  1.2056750E-04 -7.2855150E-07 -8.7711704E-08
  1.2163868E-04 -7.4155230E-07 -8.9276895E-08
  1.2271913E-04 -7.5478193E-07 -9.0869635E-08
  1.2380892E-04 -7.6824438E-07 -9.2490405E-08
  1.2490813E-04 -7.8194372E-07 -9.4139695E-08
  1.2601684E-04 -7.9588410E-07 -9.5818003E-08
  1.2713514E-04 -8.1006972E-07 -9.7525837E-08
  1.2826311E-04 -8.2450486E-07 -9.9263712E-08
  1.2940082E-04 -8.3919390E-07 -1.0103215E-07
  1.3054838E-04 -8.5414126E-07 -1.0283169E-07
  1.3170585E-04 -8.6935146E-07 -1.0466288E-07
  1.3287334E-04 -8.8482908E-07 -1.0652626E-07
  1.3405091E-04 -9.0057880E-07 -1.0842240E-07
  1.3523867E-04 -9.1660537E-07 -1.1035187E-07
  1.3643670E-04 -9.3291363E-07 -1.1231525E-07
  1.3764508E-04 -9.4950850E-07 -1.1431314E-07
  1.3886391E-04 -9.6639497E-07 -1.1634613E-07
  1.4009328E-04 -9.8357815E-07 -1.1841485E-07
  1.4133328E-04 -1.0010632E-06 -1.2051991E-07
  1.4258399E-04 -1.0188554E-06 -1.2266194E-07
  1.4384552E-04 -1.0369601E-06 -1.2484161E-07
  1.4511796E-04 -1.0553828E-06 -1.2705955E-07
  1.4640140E-04 -1.0741291E-06 -1.2931644E-07
  1.4769593E-04 -1.0932045E-06 -1.3161297E-07
  1.4900166E-04 -1.1126148E-06 -1.3394981E-07
  1.5031867E-04 -1.1323658E-06 -1.3632768E-07
  1.5164707E-04 -1.1524636E-06 -1.3874729E-07
  1.5298696E-04 -1.1729142E-06 -1.4120937E-07
  1.5433842E-04 -1.1937236E-06 -1.4371466E-07
  1.5570158E-04 -1.2148983E-06 -1.4626391E-07
  1.5707652E-04 -1.2364444E-06 -1.4885790E-07
  1.5846334E-04 -1.2583687E-06 -1.5149740E-07
  1.5986216E-04 -1.2806775E-06 -1.5418320E-07
  1.6127307E-04 -1.3033777E-06 -1.5691612E-07
  1.6269617E-04 -1.3264761E-06 -1.5969698E-07
  1.6413158E-04 -1.3499795E-06 -1.6252661E-07
  1.6557940E-04 -1.3738952E-06 -1.6540586E-07
  1.6703974E-04 -1.3982302E-06 -1.6833560E-07
  1.6851270E-04 -1.4229919E-06 -1.7131671E-07
  1.6999840E-04 -1.4481878E-06 -1.7435008E-07
  1.7149694E-04 -1.4738253E-06 -1.7743663E-07
  1.7300844E-04 -1.4999123E-06 -1.8057729E-07
  1.7453300E-04 -1.5264564E-06 -1.8377300E-07
  1.7607075E-04 -1.5534658E-06 -1.8702471E-07
  1.7762179E-04 -1.5809486E-06 -1.9033341E-07
  1.7918624E-04 -1.6089129E-06 -1.9370008E-07
  1.8076421E-04 -1.6373671E-06 -1.9712575E-07
  1.8235583E-04 -1.6663199E-06 -2.0061143E-07
  1.8396121E-04 -1.6957800E-06 -2.0415817E-07
  1.8558047E-04 -1.7257560E-06 -2.0776705E-07
  1.8721372E-04 -1.7562571E-06 -2.1143914E-07
  1.8886110E-04 -1.7872925E-06 -2.1517554E-07
  1.9052272E-04 -1.8188713E-06 -2.1897737E-07
  1.9219870E-04 -1.8510031E-06 -2.2284578E-07
  1.9388918E-04 -1.8836975E-06 -2.2678193E-07
  1.9559427E-04 -1.9169644E-06 -2.3078699E-07
  1.9731410E-04 -1.9508137E-06 -2.3486217E-07
  1.9904880E-04 -1.9852556E-06 -2.3900869E-07
  2.0079850E-04 -2.0203003E-06 -2.4322779E-07
  2.0256332E-04 -2.0559584E-06 -2.4752074E-07
  2.0434340E-04 -2.0922406E-06 -2.5188882E-07
  2.0613887E-04 -2.1291578E-06 -2.5633335E-07
  2.0794987E-04 -2.1667210E-06 -2.6085565E-07
  2.0977652E-04 -2.2049414E-06 -2.6545708E-07
  2.1161896E-04 -2.2438306E-06 -2.7013903E-07
  2.1347734E-04 -2.2834001E-06 -2.7490288E-07
  2.1535178E-04 -2.3236619E-06 -2.7975007E-07
  2.1724242E-04 -2.3646280E-06 -2.8468205E-07
  2.1914941E-04 -2.4063106E-06 -2.8970030E-07
  2.2107289E-04 -2.4487223E-06 -2.9480632E-07
  2.2301300E-04 -2.4918757E-06 -3.0000164E-07
  2.2496988E-04 -2.5357837E-06 -3.0528782E-07
  2.2694367E-04 -2.5804596E-06 -3.1066643E-07
  2.2893454E-04 -2.6259166E-06 -3.1613908E-07
  2.3094261E-04 -2.6721684E-06 -3.2170742E-07
  2.3296805E-04 -2.7192288E-06 -3.2737312E-07
  2.3501099E-04 -2.7671119E-06 -3.3313786E-07
  2.3707160E-04 -2.8158321E-06 -3.3900336E-07
  2.3915003E-04 -2.8654038E-06 -3.4497140E-07
  2.4124642E-04 -2.9158420E-06 -3.5104375E-07
  2.4336094E-04 -2.9671617E-06 -3.5722222E-07
  2.4549374E-04 -3.0193782E-06 -3.6350867E-07
  2.4764497E-04 -3.0725072E-06 -3.6990497E-07
  2.4981481E-04 -3.1265646E-06 -3.7641304E-07
  2.5200340E-04 -3.1815665E-06 -3.8303483E-07
  2.5421092E-04 -3.2375294E-06 -3.8977230E-07
  2.5643752E-04 -3.2944700E-06 -3.9662749E-07
  2.5868338E-04 -3.3524053E-06 -4.0360243E-07
  2.6094864E-04 -3.4113526E-06 -4.1069920E-07
  2.6323350E-04 -3.4713296E-06 -4.1791994E-07
  2.6553810E-04 -3.5323541E-06 -4.2526680E-07
  2.6786264E-04 -3.5944444E-06 -4.3274198E-07
  2.7020726E-04 -3.6576191E-06 -4.4034769E-07
  2.7257216E-04 -3.7218970E-06 -4.4808623E-07
  2.7495751E-04 -3.7872974E-06 -4.5595990E-07
  2.7736347E-04 -3.8538396E-06 -4.6397105E-07
  2.7979024E-04 -3.9215437E-06 -4.7212207E-07
  2.8223799E-04 -3.9904299E-06 -4.8041541E-07
  2.8470690E-04 -4.0605186E-06 -4.8885352E-07
  2.8719716E-04 -4.1318309E-06 -4.9743894E-07
  2.8970894E-04 -4.2043880E-06 -5.0617423E-07
  2.9224244E-04 -4.2782116E-06 -5.1506199E-07
  2.9479784E-04 -4.3533237E-06 -5.2410488E-07
  2.9737534E-04 -4.4297468E-06 -5.3330559E-07
  2.9997512E-04 -4.5075036E-06 -5.4266688E-07
  3.0259738E-04 -4.5866173E-06 -5.5219153E-07
  3.0524231E-04 -4.6671116E-06 -5.6188238E-07
  3.0791010E-04 -4.7490104E-06 -5.7174234E-07
  3.1060096E-04 -4.8323382E-06 -5.8177433E-07
  3.1331508E-04 -4.9171199E-06 -5.9198136E-07
  3.1605267E-04 -5.0033808E-06 -6.0236646E-07
  3.1881393E-04 -5.0911464E-06 -6.1293273E-07
  3.2159906E-04 -5.1804432E-06 -6.2368333E-07
  3.2440826E-04 -5.2712976E-06 -6.3462146E-07
  3.2724176E-04 -5.3637367E-06 -6.4575038E-07
  3.3009975E-04 -5.4577882E-06 -6.5707342E-07
  3.3298245E-04 -5.5534800E-06 -6.6859393E-07
  3.3589007E-04 -5.6508407E-06 -6.8031537E-07
  3.3882283E-04 -5.7498993E-06 -6.9224122E-07
  3.4178094E-04 -5.8506854E-06 -7.0437504E-07
  3.4476463E-04 -5.9532289E-06 -7.1672044E-07
  3.4777412E-04 -6.0575604E-06 -7.2928111E-07
  3.5080962E-04 -6.1637110E-06 -7.4206078E-07
  3.5387137E-04 -6.2717124E-06 -7.5506326E-07
  3.5695959E-04 -6.3815967E-06 -7.6829244E-07
  3.6007451E-04 -6.4933966E-06 -7.8175224E-07
  3.6321635E-04 -6.6071455E-06 -7.9544668E-07
  3.6638536E-04 -6.7228772E-06 -8.0937983E-07
  3.6958177E-04 -6.8406262E-06 -8.2355585E-07
  3.7280581E-04 -6.9604276E-06 -8.3797896E-07
  3.7605773E-04 -7.0823170E-06 -8.5265346E-07
  3.7933776E-04 -7.2063308E-06 -8.6758370E-07
  3.8264615E-04 -7.3325058E-06 -8.8277415E-07
  3.8598314E-04 -7.4608797E-06 -8.9822931E-07
  3.8934898E-04 -7.5914906E-06 -9.1395380E-07
  3.9274392E-04 -7.7243774E-06 -9.2995229E-07
  3.9616821E-04 -7.8595797E-06 -9.4622955E-07
  3.9962210E-04 -7.9971378E-06 -9.6279042E-07
  4.0310586E-04 -8.1370925E-06 -9.7963982E-07
  4.0661973E-04 -8.2794855E-06 -9.9678278E-07
  4.1016399E-04 -8.4243592E-06 -1.0142244E-06
  4.1373888E-04 -8.5717566E-06 -1.0319698E-06
  4.1734469E-04 -8.7217218E-06 -1.0500244E-06
  4.2098166E-04 -8.8742991E-06 -1.0683935E-06
  4.2465009E-04 -9.0295342E-06 -1.0870825E-06
  4.2835022E-04 -9.1874730E-06 -1.1060971E-06
  4.3208235E-04 -9.3481627E-06 -1.1254428E-06
  4.3584674E-04 -9.5116509E-06 -1.1451254E-06
  4.3964367E-04 -9.6779864E-06 -1.1651509E-06
  4.4347344E-04 -9.8472185E-06 -1.1855250E-06
  4.4733631E-04 -1.0019398E-05 -1.2062540E-06
  4.5123258E-04 -1.0194575E-05 -1.2273439E-06
  4.5516254E-04 -1.0372803E-05 -1.2488011E-06
  4.5912647E-04 -1.0554133E-05 -1.2706318E-06
  4.6312467E-04 -1.0738621E-05 -1.2928427E-06
  4.6715744E-04 -1.0926322E-05 -1.3154402E-06
  4.7122507E-04 -1.1117289E-05 -1.3384312E-06
  4.7532787E-04 -1.1311582E-05 -1.3618224E-06
  4.7946614E-04 -1.1509256E-05 -1.3856208E-06
  4.8364019E-04 -1.1710372E-05 -1.4098335E-06
  4.8785033E-04 -1.1914989E-05 -1.4344677E-06
  4.9209686E-04 -1.2123167E-05 -1.4595306E-06
  4.9638011E-04 -1.2334968E-05 -1.4850298E-06
  5.0070039E-04 -1.2550456E-05 -1.5109728E-06
  5.0505802E-04 -1.2769695E-05 -1.5373672E-06
  5.0945332E-04 -1.2992749E-05 -1.5642211E-06
  5.1388663E-04 -1.3219684E-05 -1.5915423E-06
  5.1835826E-04 -1.3450569E-05 -1.6193389E-06
  5.2286855E-04 -1.3685471E-05 -1.6476193E-06
  5.2741784E-04 -1.3924461E-05 -1.6763917E-06
  5.3200645E-04 -1.4167610E-05 -1.7056648E-06
  5.3663474E-04 -1.4414989E-05 -1.7354472E-06
  5.4130304E-04 -1.4666672E-05 -1.7657478E-06
  5.4601170E-04 -1.4922734E-05 -1.7965756E-06
  5.5076107E-04 -1.5183251E-05 -1.8279396E-06
  5.5555150E-04 -1.5448300E-05 -1.8598494E-06
  5.6038334E-04 -1.5717960E-05 -1.8923142E-06
  5.6525696E-04 -1.5992311E-05 -1.9253438E-06
  5.7017272E-04 -1.6271434E-05 -1.9589479E-06
  5.7513097E-04 -1.6555413E-05 -1.9931366E-06
  5.8013209E-04 -1.6844330E-05 -2.0279199E-06
  5.8517645E-04 -1.7138273E-05 -2.0633082E-06
  5.9026442E-04 -1.7437328E-05 -2.0993120E-06
  5.9539638E-04 -1.7741585E-05 -2.1359420E-06
  6.0057270E-04 -1.8051132E-05 -2.1732089E-06
  6.0579378E-04 -1.8366063E-05 -2.2111240E-06
  6.1105999E-04 -1.8686471E-05 -2.2496985E-06
  6.1637174E-04 -1.9012450E-05 -2.2889437E-06
  6.2172941E-04 -1.9344098E-05 -2.3288713E-06
  6.2713339E-04 -1.9681512E-05 -2.3694932E-06
  6.3258410E-04 -2.0024793E-05 -2.4108214E-06
  6.3808193E-04 -2.0374042E-05 -2.4528681E-06
  6.4362730E-04 -2.0729364E-05 -2.4956459E-06
  6.4922060E-04 -2.1090863E-05 -2.5391674E-06
  6.5486227E-04 -2.1458646E-05 -2.5834455E-06
  6.6055271E-04 -2.1832824E-05 -2.6284934E-06
  6.6629234E-04 -2.2213506E-05 -2.6743243E-06
  6.7208160E-04 -2.2600805E-05 -2.7209520E-06
  6.7792091E-04 -2.2994837E-05 -2.7683901E-06
  6.8381070E-04 -2.3395717E-05 -2.8166528E-06
  6.8975141E-04 -2.3803566E-05 -2.8657544E-06
  6.9574348E-04 -2.4218503E-05 -2.9157094E-06
  7.0178736E-04 -2.4640652E-05 -2.9665326E-06
  7.0788349E-04 -2.5070137E-05 -3.0182391E-06
  7.1403232E-04 -2.5507087E-05 -3.0708442E-06
  7.2023432E-04 -2.5951630E-05 -3.1243635E-06
  7.2648993E-04 -2.6403898E-05 -3.1788128E-06
  7.3279963E-04 -2.6864025E-05 -3.2342083E-06
  7.3916387E-04 -2.7332147E-05 -3.2905663E-06
  7.4558314E-04 -2.7808404E-05 -3.3479037E-06
  7.5205791E-04 -2.8292936E-05 -3.4062372E-06
  7.5858865E-04 -2.8785886E-05 -3.4655843E-06
  7.6517586E-04 -2.9287401E-05 -3.5259626E-06
  7.7182001E-04 -2.9797629E-05 -3.5873897E-06
  7.7852161E-04 -3.0316721E-05 -3.6498841E-06
  7.8528115E-04 -3.0844831E-05 -3.7134641E-06
  7.9209913E-04 -3.1382115E-05 -3.7781487E-06
  7.9897605E-04 -3.1928732E-05 -3.8439568E-06
  8.0591242E-04 -3.2484845E-05 -3.9109081E-06
  8.1290877E-04 -3.3050617E-05 -3.9790223E-06
  8.1996560E-04 -3.3626216E-05 -4.0483197E-06
  8.2708344E-04 -3.4211813E-05 -4.1188206E-06
  8.3426282E-04 -3.4807580E-05 -4.1905460E-06
  8.4150427E-04 -3.5413694E-05 -4.2635171E-06
  8.4880832E-04 -3.6030335E-05 -4.3377555E-06
  8.5617552E-04 -3.6657685E-05 -4.4132831E-06
  8.6360641E-04 -3.7295929E-05 -4.4901224E-06
  8.7110155E-04 -3.7945257E-05 -4.5682959E-06
  8.7866149E-04 -3.8605859E-05 -4.6478270E-06
  8.8628679E-04 -3.9277933E-05 -4.7287390E-06
  8.9397801E-04 -3.9961676E-05 -4.8110559E-06
  9.0173573E-04 -4.0657291E-05 -4.8948021E-06
  9.0956051E-04 -4.1364983E-05 -4.9800023E-06
  9.1745295E-04 -4.2084963E-05 -5.0666817E-06
  9.2541362E-04 -4.2817441E-05 -5.1548659E-06
  9.3344311E-04 -4.3562636E-05 -5.2445811E-06
  9.4154202E-04 -4.4320768E-05 -5.3358537E-06
  9.4971095E-04 -4.5092060E-05 -5.4287108E-06
  9.5795051E-04 -4.5876741E-05 -5.5231798E-06
  9.6626130E-04 -4.6675043E-05 -5.6192885E-06
  9.7464394E-04 -4.7487201E-05 -5.7170654E-06
  9.8309906E-04 -4.8313456E-05 -5.8165395E-06
  9.9162727E-04 -4.9154051E-05 -5.9177401E-06
  1.0002292E-03 -5.0009236E-05 -6.0206971E-06
  1.0089055E-03 -5.0879263E-05 -6.1254409E-06
  1.0176569E-03 -5.1764388E-05 -6.2320025E-06
  1.0264838E-03 -5.2664874E-05 -6.3404133E-06
  1.0353871E-03 -5.3580987E-05 -6.4507055E-06
  1.0443674E-03 -5.4512997E-05 -6.5629115E-06
  1.0534253E-03 -5.5461179E-05 -6.6770645E-06
  1.0625615E-03 -5.6425814E-05 -6.7931983E-06
  1.0717767E-03 -5.7407186E-05 -6.9113471E-06
  1.0810716E-03 -5.8405585E-05 -7.0315458E-06
  1.0904469E-03 -5.9421307E-05 -7.1538300E-06
  1.0999031E-03 -6.0454650E-05 -7.2782357E-06
  1.1094412E-03 -6.1505921E-05 -7.4047996E-06
  1.1190617E-03 -6.2575428E-05 -7.5335591E-06
  1.1287654E-03 -6.3663489E-05 -7.6645523E-06
  1.1385529E-03 -6.4770425E-05 -7.7978178E-06
  1.1484251E-03 -6.5896561E-05 -7.9333949E-06
  1.1583827E-03 -6.7042231E-05 -8.0713236E-06
  1.1684263E-03 -6.8207772E-05 -8.2116447E-06
  1.1785568E-03 -6.9393529E-05 -8.3543996E-06
  1.1887748E-03 -7.0599851E-05 -8.4996303E-06
  1.1990812E-03 -7.1827095E-05 -8.6473798E-06
  1.2094767E-03 -7.3075622E-05 -8.7976916E-06
  1.2199621E-03 -7.4345801E-05 -8.9506101E-06
  1.2305381E-03 -7.5638006E-05 -9.1061803E-06
  1.2412055E-03 -7.6952619E-05 -9.2644482E-06
  1.2519652E-03 -7.8290027E-05 -9.4254605E-06
  1.2628179E-03 -7.9650625E-05 -9.5892646E-06
  1.2737644E-03 -8.1034813E-05 -9.7559088E-06
  1.2848056E-03 -8.2443001E-05 -9.9254422E-06
  1.2959422E-03 -8.3875603E-05 -1.0097915E-05
  1.3071751E-03 -8.5333042E-05 -1.0273378E-05
  1.3185051E-03 -8.6815747E-05 -1.0451882E-05
  1.3299331E-03 -8.8324156E-05 -1.0633482E-05
  1.3414599E-03 -8.9858713E-05 -1.0818229E-05
  1.3530863E-03 -9.1419870E-05 -1.1006178E-05
  1.3648132E-03 -9.3008087E-05 -1.1197385E-05
  1.3766416E-03 -9.4623832E-05 -1.1391907E-05
  1.3885722E-03 -9.6267582E-05 -1.1589800E-05
  1.4006059E-03 -9.7939821E-05 -1.1791122E-05
  1.4127437E-03 -9.9641042E-05 -1.1995934E-05
  1.4249864E-03 -1.0137174E-04 -1.2204295E-05
  1.4373349E-03 -1.0313244E-04 -1.2416267E-05
  1.4497903E-03 -1.0492365E-04 -1.2631913E-05
  1.4623533E-03 -1.0674589E-04 -1.2851294E-05
  1.4750249E-03 -1.0859971E-04 -1.3074478E-05
  1.4878060E-03 -1.1048565E-04 -1.3301528E-05
  1.5006977E-03 -1.1240427E-04 -1.3532512E-05
  1.5137008E-03 -1.1435612E-04 -1.3767498E-05
  1.5268164E-03 -1.1634180E-04 -1.4006555E-05
  1.5400453E-03 -1.1836187E-04 -1.4249754E-05
  1.5533886E-03 -1.2041694E-04 -1.4497165E-05
  1.5668472E-03 -1.2250761E-04 -1.4748863E-05
  1.5804223E-03 -1.2463449E-04 -1.5004920E-05
  1.5941146E-03 -1.2679821E-04 -1.5265412E-05
  1.6079254E-03 -1.2899941E-04 -1.5530416E-05
  1.6218555E-03 -1.3123873E-04 -1.5800011E-05
  1.6359061E-03 -1.3351684E-04 -1.6074274E-05
  1.6500782E-03 -1.3583440E-04 -1.6353287E-05
  1.6643728E-03 -1.3819210E-04 -1.6637132E-05
  1.6787910E-03 -1.4059062E-04 -1.6925892E-05
  1.6933338E-03 -1.4303068E-04 -1.7219652E-05
  1.7080023E-03 -1.4551299E-04 -1.7518499E-05
  1.7227977E-03 -1.4803828E-04 -1.7822520E-05
  1.7377210E-03 -1.5060729E-04 -1.8131805E-05
  1.7527733E-03 -1.5322078E-04 -1.8446445E-05
  1.7679558E-03 -1.5587952E-04 -1.8766532E-05
  1.7832695E-03 -1.5858428E-04 -1.9092161E-05
  1.7987156E-03 -1.6133587E-04 -1.9423426E-05
  1.8142952E-03 -1.6413509E-04 -1.9760425E-05
  1.8300095E-03 -1.6698276E-04 -2.0103258E-05
  1.8458597E-03 -1.6987972E-04 -2.0452025E-05
  1.8618469E-03 -1.7282682E-04 -2.0806828E-05
  1.8779724E-03 -1.7582493E-04 -2.1167771E-05
  1.8942372E-03 -1.7887493E-04 -2.1534962E-05
  1.9106427E-03 -1.8197770E-04 -2.1908506E-05
  1.9271900E-03 -1.8513417E-04 -2.2288515E-05
  1.9438804E-03 -1.8834526E-04 -2.2675100E-05
  1.9607150E-03 -1.9161192E-04 -2.3068373E-05
  1.9776952E-03 -1.9493509E-04 -2.3468451E-05
  1.9948222E-03 -1.9831576E-04 -2.3875451E-05
  2.0120973E-03 -2.0175492E-04 -2.4289492E-05
  2.0295217E-03 -2.0525358E-04 -2.4710696E-05
  2.0470968E-03 -2.0881276E-04 -2.5139187E-05
  2.0648238E-03 -2.1243351E-04 -2.5575090E-05
  2.0827041E-03 -2.1611689E-04 -2.6018532E-05
  2.1007390E-03 -2.1986398E-04 -2.6469645E-05
  2.1189298E-03 -2.2367588E-04 -2.6928560E-05
  2.1372778E-03 -2.2755371E-04 -2.7395411E-05
  2.1557845E-03 -2.3149860E-04 -2.7870337E-05
  2.1744512E-03 -2.3551171E-04 -2.8353475E-05
  2.1932792E-03 -2.3959421E-04 -2.8844968E-05
  2.2122701E-03 -2.4374731E-04 -2.9344959E-05
  2.2314251E-03 -2.4797222E-04 -2.9853596E-05
  2.2507457E-03 -2.5227018E-04 -3.0371026E-05
  2.2702334E-03 -2.5664245E-04 -3.0897402E-05
  2.2898896E-03 -2.6109030E-04 -3.1432878E-05
  2.3097156E-03 -2.6561504E-04 -3.1977611E-05
  2.3297131E-03 -2.7021800E-04 -3.2531760E-05
  2.3498835E-03 -2.7490052E-04 -3.3095487E-05
  2.3702283E-03 -2.7966398E-04 -3.3668958E-05
  2.3907489E-03 -2.8450977E-04 -3.4252340E-05
  2.4114470E-03 -2.8943930E-04 -3.4845804E-05
  2.4323240E-03 -2.9445402E-04 -3.5449524E-05
  2.4533815E-03 -2.9955541E-04 -3.6063677E-05
  2.4746211E-03 -3.0474494E-04 -3.6688442E-05
  2.4960443E-03 -3.1002414E-04 -3.7324001E-05
  2.5176527E-03 -3.1539455E-04 -3.7970541E-05
  2.5394479E-03 -3.2085775E-04 -3.8628252E-05
  2.5614315E-03 -3.2641532E-04 -3.9297324E-05
  2.5836052E-03 -3.3206891E-04 -3.9977955E-05
  2.6059706E-03 -3.3782015E-04 -4.0670342E-05
  2.6285294E-03 -3.4367073E-04 -4.1374688E-05
  2.6512832E-03 -3.4962237E-04 -4.2091200E-05
  2.6742337E-03 -3.5567679E-04 -4.2820085E-05
  2.6973827E-03 -3.6183577E-04 -4.3561559E-05
  2.7207318E-03 -3.6810111E-04 -4.4315836E-05
  2.7442827E-03 -3.7447463E-04 -4.5083137E-05
  2.7680372E-03 -3.8095821E-04 -4.5863687E-05
  2.7919972E-03 -3.8755373E-04 -4.6657714E-05
  2.8161642E-03 -3.9426312E-04 -4.7465448E-05
  2.8405402E-03 -4.0108833E-04 -4.8287126E-05
  2.8651270E-03 -4.0803137E-04 -4.9122988E-05
  2.8899263E-03 -4.1509425E-04 -4.9973278E-05
  2.9149400E-03 -4.2227904E-04 -5.0838244E-05
  2.9401700E-03 -4.2958783E-04 -5.1718137E-05
  2.9656180E-03 -4.3702276E-04 -5.2613216E-05
  2.9912862E-03 -4.4458599E-04 -5.3523740E-05
  3.0171762E-03 -4.5227973E-04 -5.4449976E-05
  3.0432900E-03 -4.6010622E-04 -5.5392192E-05
  3.0696296E-03 -4.6806775E-04 -5.6350665E-05
  3.0961970E-03 -4.7616663E-04 -5.7325674E-05
  3.1229940E-03 -4.8440523E-04 -5.8317502E-05
  3.1500227E-03 -4.9278594E-04 -5.9326438E-05
  3.1772851E-03 -5.0131121E-04 -6.0352777E-05
  3.2047832E-03 -5.0998353E-04 -6.1396817E-05
  3.2325190E-03 -5.1880540E-04 -6.2458862E-05
  3.2604946E-03 -5.2777942E-04 -6.3539222E-05
  3.2887120E-03 -5.3690818E-04 -6.4638211E-05
  3.3171735E-03 -5.4619435E-04 -6.5756149E-05
  3.3458810E-03 -5.5564063E-04 -6.6893362E-05
  3.3748366E-03 -5.6524976E-04 -6.8050179E-05
  3.4040426E-03 -5.7502455E-04 -6.9226939E-05
  3.4335011E-03 -5.8496783E-04 -7.0423982E-05
  3.4632143E-03 -5.9508250E-04 -7.1641657E-05
  3.4931844E-03 -6.0537150E-04 -7.2880319E-05
  3.5234136E-03 -6.1583783E-04 -7.4140326E-05
  3.5539041E-03 -6.2648451E-04 -7.5422046E-05
  3.5846583E-03 -6.3731465E-04 -7.6725851E-05
  3.6156783E-03 -6.4833139E-04 -7.8052119E-05
  3.6469665E-03 -6.5953794E-04 -7.9401236E-05
  3.6785252E-03 -6.7093755E-04 -8.0773594E-05
  3.7103568E-03 -6.8253353E-04 -8.2169591E-05
  3.7424635E-03 -6.9432924E-04 -8.3589633E-05
  3.7748479E-03 -7.0632811E-04 -8.5034131E-05
  3.8075122E-03 -7.1853363E-04 -8.6503504E-05
  3.8404589E-03 -7.3094933E-04 -8.7998180E-05
  3.8736905E-03 -7.4357882E-04 -8.9518591E-05
  3.9072093E-03 -7.5642576E-04 -9.1065179E-05
  3.9410180E-03 -7.6949387E-04 -9.2638392E-05
  3.9751189E-03 -7.8278695E-04 -9.4238686E-05
  4.0095147E-03 -7.9630885E-04 -9.5866525E-05
  4.0442078E-03 -8.1006348E-04 -9.7522380E-05
  4.0792008E-03 -8.2405483E-04 -9.9206731E-05
  4.1144964E-03 -8.3828696E-04 -1.0092007E-04
  4.1500972E-03 -8.5276399E-04 -1.0266288E-04
  4.1860057E-03 -8.6749010E-04 -1.0443568E-04
  4.2222247E-03 -8.8246957E-04 -1.0623898E-04
  4.2587568E-03 -8.9770672E-04 -1.0807330E-04
  4.2956048E-03 -9.1320597E-04 -1.0993917E-04
  4.3327713E-03 -9.2897181E-04 -1.1183713E-04
  4.3702592E-03 -9.4500878E-04 -1.1376772E-04
  4.4080711E-03 -9.6132153E-04 -1.1573152E-04
  4.4462100E-03 -9.7791478E-04 -1.1772908E-04
  4.4846785E-03 -9.9479332E-04 -1.1976098E-04
  4.5234797E-03 -1.0119620E-03 -1.2182781E-04
  4.5626163E-03 -1.0294259E-03 -1.2393017E-04
  4.6020913E-03 -1.0471899E-03 -1.2606866E-04
  4.6419075E-03 -1.0652592E-03 -1.2824390E-04
  4.6820680E-03 -1.0836390E-03 -1.3045652E-04
  4.7225757E-03 -1.1023347E-03 -1.3270716E-04
  4.7634336E-03 -1.1213515E-03 -1.3499646E-04
  4.8046448E-03 -1.1406951E-03 -1.3732509E-04
  4.8462122E-03 -1.1603710E-03 -1.3969372E-04
  4.8881390E-03 -1.1803848E-03 -1.4210302E-04
  4.9304283E-03 -1.2007423E-03 -1.4455371E-04
  4.9730832E-03 -1.2214494E-03 -1.4704647E-04
  5.0161069E-03 -1.2425121E-03 -1.4958203E-04
  5.0595025E-03 -1.2639364E-03 -1.5216112E-04
  5.1032733E-03 -1.2857285E-03 -1.5478449E-04
  5.1474225E-03 -1.3078947E-03 -1.5745288E-04
  5.1919535E-03 -1.3304413E-03 -1.6016706E-04
  5.2368694E-03 -1.3533749E-03 -1.6292782E-04
  5.2821736E-03 -1.3767020E-03 -1.6573595E-04
  5.3278695E-03 -1.4004293E-03 -1.6859226E-04
  5.3739605E-03 -1.4245637E-03 -1.7149756E-04
  5.4204500E-03 -1.4491121E-03 -1.7445270E-04
  5.4673414E-03 -1.4740815E-03 -1.7745851E-04
  5.5146381E-03 -1.4994791E-03 -1.8051587E-04
  5.5623438E-03 -1.5253123E-03 -1.8362565E-04
  5.6104620E-03 -1.5515884E-03 -1.8678875E-04
  5.6589961E-03 -1.5783150E-03 -1.9000606E-04
  5.7079498E-03 -1.6054997E-03 -1.9327852E-04
  5.7573268E-03 -1.6331503E-03 -1.9660707E-04
  5.8071307E-03 -1.6612748E-03 -1.9999265E-04
  5.8573651E-03 -1.6898812E-03 -2.0343623E-04
  5.9080339E-03 -1.7189778E-03 -2.0693881E-04
  5.9591407E-03 -1.7485728E-03 -2.1050138E-04
  6.0106893E-03 -1.7786747E-03 -2.1412497E-04
  6.0626836E-03 -1.8092922E-03 -2.1781062E-04
  6.1151274E-03 -1.8404340E-03 -2.2155937E-04
  6.1680247E-03 -1.8721090E-03 -2.2537230E-04
  6.2213792E-03 -1.9043263E-03 -2.2925049E-04
  6.2751950E-03 -1.9370950E-03 -2.3319507E-04
  6.3294761E-03 -1.9704247E-03 -2.3720715E-04
  6.3842265E-03 -2.0043247E-03 -2.4128788E-04
  6.4394502E-03 -2.0388047E-03 -2.4543842E-04
  6.4951514E-03 -2.0738747E-03 -2.4965997E-04
  6.5513341E-03 -2.1095446E-03 -2.5395371E-04
  6.6080026E-03 -2.1458245E-03 -2.5832089E-04
  6.6651610E-03 -2.1827249E-03 -2.6276274E-04
  6.7228135E-03 -2.2202563E-03 -2.6728053E-04
  6.7809645E-03 -2.2584293E-03 -2.7187554E-04
  6.8396183E-03 -2.2972549E-03 -2.7654909E-04
  6.8987791E-03 -2.3367440E-03 -2.8130251E-04
  6.9584514E-03 -2.3769080E-03 -2.8613714E-04
  7.0186396E-03 -2.4177582E-03 -2.9105437E-04
  7.0793481E-03 -2.4593063E-03 -2.9605559E-04
  7.1405815E-03 -2.5015641E-03 -3.0114222E-04
  7.2023443E-03 -2.5445436E-03 -3.0631570E-04
  7.2646411E-03 -2.5882570E-03 -3.1157752E-04
  7.3274765E-03 -2.6327167E-03 -3.1692915E-04
  7.3908551E-03 -2.6779355E-03 -3.2237213E-04
  7.4547816E-03 -2.7239260E-03 -3.2790798E-04
  7.5192609E-03 -2.7707013E-03 -3.3353829E-04
  7.5842975E-03 -2.8182748E-03 -3.3926465E-04
  7.6498965E-03 -2.8666598E-03 -3.4508868E-04
  7.7160626E-03 -2.9158701E-03 -3.5101203E-04
  7.7828007E-03 -2.9659197E-03 -3.5703638E-04
  7.8501158E-03 -3.0168227E-03 -3.6316343E-04
  7.9180129E-03 -3.0685935E-03 -3.6939491E-04
  7.9864970E-03 -3.1212468E-03 -3.7573259E-04
  8.0555732E-03 -3.1747974E-03 -3.8217825E-04
  8.1252466E-03 -3.2292604E-03 -3.8873372E-04
  8.1955223E-03 -3.2846514E-03 -3.9540085E-04
  8.2664056E-03 -3.3409858E-03 -4.0218152E-04
  8.3379018E-03 -3.3982797E-03 -4.0907764E-04
  8.4100160E-03 -3.4565491E-03 -4.1609115E-04
  8.4827537E-03 -3.5158105E-03 -4.2322404E-04
  8.5561203E-03 -3.5760807E-03 -4.3047831E-04
  8.6301212E-03 -3.6373765E-03 -4.3785600E-04
  8.7047618E-03 -3.6997152E-03 -4.4535919E-04
  8.7800478E-03 -3.7631145E-03 -4.5298998E-04
  8.8559846E-03 -3.8275920E-03 -4.6075053E-04
  8.9325779E-03 -3.8931660E-03 -4.6864302E-04
  9.0098335E-03 -3.9598549E-03 -4.7666966E-04
  9.0877569E-03 -4.0276774E-03 -4.8483270E-04
  9.1663540E-03 -4.0966526E-03 -4.9313443E-04
  9.2456307E-03 -4.1667998E-03 -5.0157718E-04
  9.3255927E-03 -4.2381387E-03 -5.1016332E-04
  9.4062461E-03 -4.3106892E-03 -5.1889526E-04
  9.4875967E-03 -4.3844718E-03 -5.2777543E-04
  9.5696506E-03 -4.4595071E-03 -5.3680632E-04
  9.6524140E-03 -4.5358160E-03 -5.4599045E-04
  9.7358929E-03 -4.6134199E-03 -5.5533040E-04
  9.8200935E-03 -4.6923406E-03 -5.6482877E-04
  9.9050220E-03 -4.7726001E-03 -5.7448821E-04
  9.9906849E-03 -4.8542207E-03 -5.8431142E-04
  1.0077088E-02 -4.9372253E-03 -5.9430114E-04
  1.0164239E-02 -5.0216371E-03 -6.0446015E-04
  1.0252143E-02 -5.1074795E-03 -6.1479128E-04
  1.0340806E-02 -5.1947765E-03 -6.2529741E-04
  1.0430237E-02 -5.2835524E-03 -6.3598146E-04
  1.0520440E-02 -5.3738319E-03 -6.4684639E-04
  1.0611424E-02 -5.4656401E-03 -6.5789524E-04
  1.0703194E-02 -5.5590026E-03 -6.6913106E-04
  1.0795757E-02 -5.6539452E-03 -6.8055697E-04
  1.0889121E-02 -5.7504944E-03 -6.9217615E-04
  1.0983292E-02 -5.8486769E-03 -7.0399181E-04
  1.1078277E-02 -5.9485199E-03 -7.1600723E-04
  1.1174083E-02 -6.0500512E-03 -7.2822573E-04
  1.1270717E-02 -6.1532989E-03 -7.4065069E-04
  1.1368187E-02 -6.2582915E-03 -7.5328554E-04
  1.1466500E-02 -6.3650580E-03 -7.6613379E-04
  1.1565663E-02 -6.4736281E-03 -7.7919896E-04
  1.1665682E-02 -6.5840316E-03 -7.9248468E-04
  1.1766567E-02 -6.6962991E-03 -8.0599459E-04
  1.1868324E-02 -6.8104615E-03 -8.1973243E-04
  1.1970960E-02 -6.9265503E-03 -8.3370197E-04
  1.2074484E-02 -7.0445975E-03 -8.4790706E-04
  1.2178903E-02 -7.1646356E-03 -8.6235161E-04
  1.2284225E-02 -7.2866976E-03 -8.7703957E-04
  1.2390457E-02 -7.4108170E-03 -8.9197499E-04
  1.2497608E-02 -7.5370281E-03 -9.0716195E-04
  1.2605685E-02 -7.6653654E-03 -9.2260463E-04
  1.2714696E-02 -7.7958641E-03 -9.3830725E-04
  1.2824650E-02 -7.9285600E-03 -9.5427410E-04
  1.2935555E-02 -8.0634894E-03 -9.7050957E-04
  1.3047418E-02 -8.2006894E-03 -9.8701807E-04
  1.3160248E-02 -8.3401973E-03 -1.0038041E-03
  1.3274054E-02 -8.4820514E-03 -1.0208723E-03
  1.3388844E-02 -8.6262904E-03 -1.0382273E-03
  1.3504626E-02 -8.7729536E-03 -1.0558738E-03
  1.3621410E-02 -8.9220811E-03 -1.0738165E-03
  1.3739203E-02 -9.0737134E-03 -1.0920605E-03
  1.3858014E-02 -9.2278919E-03 -1.1106106E-03
  1.3977852E-02 -9.3846584E-03 -1.1294720E-03
  1.4098727E-02 -9.5440557E-03 -1.1486496E-03
  1.4220646E-02 -9.7061269E-03 -1.1681487E-03
  1.4343620E-02 -9.8709161E-03 -1.1879746E-03
  1.4467657E-02 -1.0038468E-02 -1.2081326E-03
  1.4592766E-02 -1.0208828E-02 -1.2286282E-03
  1.4718957E-02 -1.0382042E-02 -1.2494670E-03
  1.4846238E-02 -1.0558157E-02 -1.2706544E-03
  1.4974620E-02 -1.0737220E-02 -1.2921964E-03
  1.5104113E-02 -1.0919280E-02 -1.3140986E-03
  1.5234724E-02 -1.1104387E-02 -1.3363670E-03
  1.5366465E-02 -1.1292589E-02 -1.3590075E-03
  1.5499345E-02 -1.1483937E-02 -1.3820262E-03
  1.5633373E-02 -1.1678484E-02 -1.4054293E-03
  1.5768561E-02 -1.1876281E-02 -1.4292231E-03
  1.5904917E-02 -1.2077381E-02 -1.4534139E-03
  1.6042452E-02 -1.2281839E-02 -1.4780082E-03
  1.6181176E-02 -1.2489708E-02 -1.5030126E-03
  1.6321099E-02 -1.2701045E-02 -1.5284338E-03
  1.6462232E-02 -1.2915907E-02 -1.5542784E-03
  1.6604585E-02 -1.3134350E-02 -1.5805535E-03
  1.6748169E-02 -1.3356433E-02 -1.6072661E-03
  1.6892995E-02 -1.3582215E-02 -1.6344231E-03
  1.7039072E-02 -1.3811756E-02 -1.6620318E-03
  1.7186413E-02 -1.4045117E-02 -1.6900996E-03
  1.7335027E-02 -1.4282361E-02 -1.7186339E-03
  1.7484926E-02 -1.4523550E-02 -1.7476422E-03
  1.7636121E-02 -1.4768748E-02 -1.7771322E-03
  1.7788623E-02 -1.5018021E-02 -1.8071116E-03
  1.7942443E-02 -1.5271434E-02 -1.8375885E-03
  1.8097594E-02 -1.5529053E-02 -1.8685708E-03
  1.8254086E-02 -1.5790948E-02 -1.9000667E-03
  1.8411930E-02 -1.6057188E-02 -1.9320844E-03
  1.8571140E-02 -1.6327841E-02 -1.9646324E-03
  1.8731726E-02 -1.6602980E-02 -1.9977192E-03
  1.8893700E-02 -1.6882677E-02 -2.0313534E-03
  1.9057074E-02 -1.7167005E-02 -2.0655439E-03
  1.9221861E-02 -1.7456039E-02 -2.1002995E-03
  1.9388073E-02 -1.7749855E-02 -2.1356294E-03
  1.9555722E-02 -1.8048529E-02 -2.1715428E-03
  1.9724820E-02 -1.8352139E-02 -2.2080489E-03
  1.9895380E-02 -1.8660765E-02 -2.2451573E-03
  2.0067414E-02 -1.8974487E-02 -2.2828777E-03
  2.0240936E-02 -1.9293387E-02 -2.3212197E-03
  2.0415958E-02 -1.9617547E-02 -2.3601934E-03
  2.0592493E-02 -1.9947052E-02 -2.3998087E-03
  2.0770555E-02 -2.0281987E-02 -2.4400759E-03
  2.0950156E-02 -2.0622439E-02 -2.4810054E-03
  2.1131309E-02 -2.0968496E-02 -2.5226078E-03
  2.1314029E-02 -2.1320247E-02 -2.5648936E-03
  2.1498329E-02 -2.1677782E-02 -2.6078738E-03
  2.1684222E-02 -2.2041195E-02 -2.6515594E-03
  2.1871722E-02 -2.2410578E-02 -2.6959615E-03
  2.2060843E-02 -2.2786026E-02 -2.7410915E-03
  2.2251599E-02 -2.3167636E-02 -2.7869610E-03
  2.2444004E-02 -2.3555505E-02 -2.8335815E-03
  2.2638073E-02 -2.3949732E-02 -2.8809649E-03
  2.2833819E-02 -2.4350418E-02 -2.9291233E-03
  2.3031258E-02 -2.4757665E-02 -2.9780690E-03
  2.3230404E-02 -2.5171576E-02 -3.0278141E-03
  2.3431272E-02 -2.5592258E-02 -3.0783714E-03
  2.3633876E-02 -2.6019816E-02 -3.1297536E-03
  2.3838232E-02 -2.6454359E-02 -3.1819736E-03
  2.4044354E-02 -2.6895997E-02 -3.2350446E-03
  2.4252259E-02 -2.7344841E-02 -3.2889798E-03
  2.4461961E-02 -2.7801004E-02 -3.3437929E-03
  2.4673476E-02 -2.8264602E-02 -3.3994974E-03
  2.4886819E-02 -2.8735750E-02 -3.4561073E-03
  2.5102008E-02 -2.9214567E-02 -3.5136367E-03
  2.5319056E-02 -2.9701173E-02 -3.5721000E-03
  2.5537981E-02 -3.0195689E-02 -3.6315116E-03
  2.5758799E-02 -3.0698239E-02 -3.6918862E-03
  2.5981526E-02 -3.1208948E-02 -3.7532388E-03
  2.6206178E-02 -3.1727943E-02 -3.8155846E-03
  2.6432773E-02 -3.2255353E-02 -3.8789389E-03
  2.6661327E-02 -3.2791309E-02 -3.9433172E-03
  2.6891856E-02 -3.3335942E-02 -4.0087355E-03
  2.7124379E-02 -3.3889388E-02 -4.0752096E-03
  2.7358912E-02 -3.4451783E-02 -4.1427559E-03
  2.7595472E-02 -3.5023264E-02 -4.2113909E-03
  2.7834078E-02 -3.5603974E-02 -4.2811312E-03
  2.8074747E-02 -3.6194052E-02 -4.3519938E-03
  2.8317496E-02 -3.6793645E-02 -4.4239959E-03
  2.8562344E-02 -3.7402898E-02 -4.4971549E-03
  2.8809309E-02 -3.8021960E-02 -4.5714885E-03
  2.9058409E-02 -3.8650980E-02 -4.6470145E-03
  2.9309663E-02 -3.9290113E-02 -4.7237512E-03
  2.9563089E-02 -3.9939511E-02 -4.8017168E-03
  2.9818706E-02 -4.0599332E-02 -4.8809302E-03
  3.0076533E-02 -4.1269736E-02 -4.9614101E-03
  3.0336588E-02 -4.1950883E-02 -5.0431758E-03
  3.0598893E-02 -4.2642936E-02 -5.1262466E-03
  3.0863465E-02 -4.3346062E-02 -5.2106423E-03
  3.1130324E-02 -4.4060428E-02 -5.2963828E-03
  3.1399490E-02 -4.4786205E-02 -5.3834884E-03
  3.1670984E-02 -4.5523565E-02 -5.4719795E-03
  3.1944824E-02 -4.6272683E-02 -5.5618769E-03
  3.2221033E-02 -4.7033737E-02 -5.6532016E-03
  3.2499629E-02 -4.7806905E-02 -5.7459751E-03
  3.2780634E-02 -4.8592371E-02 -5.8402187E-03
  3.3064068E-02 -4.9390318E-02 -5.9359546E-03
  3.3349952E-02 -5.0200935E-02 -6.0332048E-03
  3.3638309E-02 -5.1024409E-02 -6.1319918E-03
  3.3929158E-02 -5.1860934E-02 -6.2323384E-03
  3.4222522E-02 -5.2710704E-02 -6.3342676E-03
  3.4518422E-02 -5.3573917E-02 -6.4378027E-03
  3.4816880E-02 -5.4450771E-02 -6.5429675E-03
  3.5117919E-02 -5.5341469E-02 -6.6497859E-03
  3.5421560E-02 -5.6246217E-02 -6.7582821E-03
  3.5727826E-02 -5.7165222E-02 -6.8684807E-03
  3.6036740E-02 -5.8098694E-02 -6.9804066E-03
  3.6348325E-02 -5.9046846E-02 -7.0940849E-03
  3.6662604E-02 -6.0009895E-02 -7.2095412E-03
  3.6979600E-02 -6.0988059E-02 -7.3268014E-03
  3.7299336E-02 -6.1981560E-02 -7.4458915E-03
  3.7621837E-02 -6.2990621E-02 -7.5668380E-03
  3.7947126E-02 -6.4015469E-02 -7.6896677E-03
  3.8275227E-02 -6.5056336E-02 -7.8144077E-03
  3.8606165E-02 -6.6113452E-02 -7.9410856E-03
  3.8939964E-02 -6.7187055E-02 -8.0697289E-03
  3.9276648E-02 -6.8277382E-02 -8.2003660E-03
  3.9616244E-02 -6.9384676E-02 -8.3330252E-03
  3.9958775E-02 -7.0509181E-02 -8.4677354E-03
  4.0304268E-02 -7.1651144E-02 -8.6045256E-03
  4.0652748E-02 -7.2810816E-02 -8.7434253E-03
  4.1004241E-02 -7.3988451E-02 -8.8844644E-03
  4.1358772E-02 -7.5184305E-02 -9.0276731E-03
  4.1716369E-02 -7.6398638E-02 -9.1730817E-03
  4.2077057E-02 -7.7631713E-02 -9.3207213E-03
  4.2440864E-02 -7.8883797E-02 -9.4706230E-03
  4.2807816E-02 -8.0155157E-02 -9.6228185E-03
  4.3177940E-02 -8.1446067E-02 -9.7773395E-03
  4.3551264E-02 -8.2756802E-02 -9.9342185E-03
  4.3927816E-02 -8.4087641E-02 -1.0093488E-02
  4.4307623E-02 -8.5438865E-02 -1.0255181E-02
  4.4690714E-02 -8.6810760E-02 -1.0419331E-02
  4.5077117E-02 -8.8203615E-02 -1.0585972E-02
  4.5466861E-02 -8.9617720E-02 -1.0755137E-02
  4.5859974E-02 -9.1053370E-02 -1.0926862E-02
  4.6256486E-02 -9.2510865E-02 -1.1101180E-02
  4.6656425E-02 -9.3990505E-02 -1.1278128E-02
  4.7059823E-02 -9.5492596E-02 -1.1457741E-02
  4.7466708E-02 -9.7017445E-02 -1.1640054E-02
  4.7877111E-02 -9.8565365E-02 -1.1825104E-02
  4.8291062E-02 -1.0013667E-01 -1.2012928E-02
  4.8708592E-02 -1.0173168E-01 -1.2203562E-02
  4.9129731E-02 -1.0335071E-01 -1.2397045E-02
  4.9554512E-02 -1.0499410E-01 -1.2593413E-02
  4.9982965E-02 -1.0666216E-01 -1.2792705E-02
  5.0415122E-02 -1.0835523E-01 -1.2994959E-02
  5.0851015E-02 -1.1007365E-01 -1.3200215E-02
  5.1290677E-02 -1.1181776E-01 -1.3408511E-02
  5.1734140E-02 -1.1358789E-01 -1.3619888E-02
  5.2181437E-02 -1.1538439E-01 -1.3834384E-02
  5.2632601E-02 -1.1720761E-01 -1.4052041E-02
  5.3087666E-02 -1.1905791E-01 -1.4272899E-02
  5.3546665E-02 -1.2093564E-01 -1.4496998E-02
  5.4009632E-02 -1.2284116E-01 -1.4724382E-02
  5.4476602E-02 -1.2477483E-01 -1.4955090E-02
  5.4947609E-02 -1.2673701E-01 -1.5189166E-02
  5.5422688E-02 -1.2872809E-01 -1.5426652E-02
  5.5901874E-02 -1.3074842E-01 -1.5667590E-02
  5.6385203E-02 -1.3279839E-01 -1.5912025E-02
  5.6872711E-02 -1.3487838E-01 -1.6159998E-02
  5.7364433E-02 -1.3698876E-01 -1.6411555E-02
  5.7860407E-02 -1.3912993E-01 -1.6666739E-02
  5.8360669E-02 -1.4130228E-01 -1.6925595E-02
  5.8865256E-02 -1.4350619E-01 -1.7188168E-02
  5.9374205E-02 -1.4574207E-01 -1.7454503E-02
  5.9887554E-02 -1.4801032E-01 -1.7724645E-02
  6.0405341E-02 -1.5031133E-01 -1.7998640E-02
  6.0927605E-02 -1.5264551E-01 -1.8276535E-02
  6.1454385E-02 -1.5501327E-01 -1.8558375E-02
  6.1985718E-02 -1.5741503E-01 -1.8844208E-02
  6.2521645E-02 -1.5985120E-01 -1.9134081E-02
  6.3062206E-02 -1.6232220E-01 -1.9428040E-02
  6.3607439E-02 -1.6482845E-01 -1.9726134E-02
  6.4157387E-02 -1.6737038E-01 -2.0028410E-02
  6.4712090E-02 -1.6994841E-01 -2.0334917E-02
  6.5271588E-02 -1.7256298E-01 -2.0645703E-02
  6.5835923E-02 -1.7521451E-01 -2.0960816E-02
  6.6405137E-02 -1.7790345E-01 -2.1280306E-02
  6.6979272E-02 -1.8063023E-01 -2.1604221E-02
  6.7558371E-02 -1.8339530E-01 -2.1932612E-02
  6.8142476E-02 -1.8619910E-01 -2.2265526E-02
  6.8731632E-02 -1.8904207E-01 -2.2603016E-02
  6.9325881E-02 -1.9192468E-01 -2.2945129E-02
  6.9925268E-02 -1.9484736E-01 -2.3291917E-02
  7.0529836E-02 -1.9781059E-01 -2.3643430E-02
  7.1139631E-02 -2.0081480E-01 -2.3999718E-02
  7.1754699E-02 -2.0386047E-01 -2.4360833E-02
  7.2375084E-02 -2.0694806E-01 -2.4726824E-02
  7.3000832E-02 -2.1007802E-01 -2.5097742E-02
  7.3631991E-02 -2.1325083E-01 -2.5473640E-02
  7.4268606E-02 -2.1646695E-01 -2.5854568E-02
  7.4910725E-02 -2.1972685E-01 -2.6240576E-02
  7.5558395E-02 -2.2303101E-01 -2.6631717E-02
  7.6211665E-02 -2.2637990E-01 -2.7028042E-02
  7.6870583E-02 -2.2977399E-01 -2.7429602E-02
  7.7535197E-02 -2.3321376E-01 -2.7836449E-02
  7.8205558E-02 -2.3669969E-01 -2.8248633E-02
  7.8881714E-02 -2.4023225E-01 -2.8666207E-02
  7.9563715E-02 -2.4381193E-01 -2.9089222E-02
  8.0251613E-02 -2.4743921E-01 -2.9517729E-02
  8.0945458E-02 -2.5111457E-01 -2.9951779E-02
  8.1645302E-02 -2.5483850E-01 -3.0391423E-02
  8.2351196E-02 -2.5861147E-01 -3.0836713E-02
  8.3063193E-02 -2.6243397E-01 -3.1287700E-02
  8.3781346E-02 -2.6630648E-01 -3.1744434E-02
  8.4505708E-02 -2.7022950E-01 -3.2206965E-02
  8.5236332E-02 -2.7420350E-01 -3.2675345E-02
  8.5973272E-02 -2.7822897E-01 -3.3149624E-02
  8.6716584E-02 -2.8230639E-01 -3.3629850E-02
  8.7466322E-02 -2.8643625E-01 -3.4116075E-02
  8.8222542E-02 -2.9061903E-01 -3.4608347E-02
  8.8985300E-02 -2.9485521E-01 -3.5106715E-02
  8.9754652E-02 -2.9914527E-01 -3.5611229E-02
  9.0530656E-02 -3.0348970E-01 -3.6121936E-02
  9.1313369E-02 -3.0788897E-01 -3.6638884E-02
  9.2102848E-02 -3.1234356E-01 -3.7162122E-02
  9.2899154E-02 -3.1685395E-01 -3.7691695E-02
  9.3702343E-02 -3.2142060E-01 -3.8227650E-02
  9.4512477E-02 -3.2604399E-01 -3.8770034E-02
  9.5329614E-02 -3.3072459E-01 -3.9318891E-02
  9.6153817E-02 -3.3546287E-01 -3.9874268E-02
  9.6985144E-02 -3.4025928E-01 -4.0436207E-02
  9.7823659E-02 -3.4511429E-01 -4.1004752E-02
  9.8669424E-02 -3.5002836E-01 -4.1579947E-02
  9.9522501E-02 -3.5500193E-01 -4.2161833E-02
  1.0038295E-01 -3.6003546E-01 -4.2750452E-02
  1.0125084E-01 -3.6512939E-01 -4.3345843E-02
  1.0212624E-01 -3.7028417E-01 -4.3948048E-02
  1.0300920E-01 -3.7550022E-01 -4.4557105E-02
  1.0389980E-01 -3.8077798E-01 -4.5173051E-02
  1.0479809E-01 -3.8611788E-01 -4.5795924E-02
  1.0570415E-01 -3.9152034E-01 -4.6425760E-02
  1.0661805E-01 -3.9698576E-01 -4.7062592E-02
  1.0753985E-01 -4.0251456E-01 -4.7706456E-02
  1.0846961E-01 -4.0810714E-01 -4.8357384E-02
  1.0940742E-01 -4.1376390E-01 -4.9015406E-02
  1.1035333E-01 -4.1948522E-01 -4.9680554E-02
  1.1130742E-01 -4.2527148E-01 -5.0352857E-02
  1.1226976E-01 -4.3112305E-01 -5.1032341E-02
  1.1324041E-01 -4.3704031E-01 -5.1719033E-02
  1.1421946E-01 -4.4302359E-01 -5.2412958E-02
  1.1520698E-01 -4.4907327E-01 -5.3114140E-02
  1.1620303E-01 -4.5518966E-01 -5.3822599E-02
  1.1720770E-01 -4.6137309E-01 -5.4538357E-02
  1.1822104E-01 -4.6762390E-01 -5.5261431E-02
  1.1924315E-01 -4.7394237E-01 -5.5991839E-02
  1.2027410E-01 -4.8032882E-01 -5.6729596E-02
  1.2131396E-01 -4.8678352E-01 -5.7474715E-02
  1.2236281E-01 -4.9330675E-01 -5.8227208E-02
  1.2342073E-01 -4.9989877E-01 -5.8987084E-02
  1.2448779E-01 -5.0655984E-01 -5.9754351E-02
  1.2556408E-01 -5.1329018E-01 -6.0529015E-02
  1.2664968E-01 -5.2009002E-01 -6.1311079E-02
  1.2774466E-01 -5.2695957E-01 -6.2100545E-02
  1.2884911E-01 -5.3389904E-01 -6.2897411E-02
  1.2996310E-01 -5.4090859E-01 -6.3701674E-02
  1.3108673E-01 -5.4798839E-01 -6.4513330E-02
  1.3222007E-01 -5.5513860E-01 -6.5332371E-02
  1.3336321E-01 -5.6235934E-01 -6.6158785E-02
  1.3451623E-01 -5.6965074E-01 -6.6992561E-02
  1.3567922E-01 -5.7701290E-01 -6.7833682E-02
  1.3685227E-01 -5.8444590E-01 -6.8682132E-02
  1.3803545E-01 -5.9194981E-01 -6.9537889E-02
  1.3922887E-01 -5.9952467E-01 -7.0400929E-02
  1.4043260E-01 -6.0717051E-01 -7.1271227E-02
  1.4164674E-01 -6.1488734E-01 -7.2148753E-02
  1.4287138E-01 -6.2267515E-01 -7.3033475E-02
  1.4410660E-01 -6.3053390E-01 -7.3925357E-02
  1.4535251E-01 -6.3846355E-01 -7.4824361E-02
  1.4660918E-01 -6.4646402E-01 -7.5730446E-02
  1.4787673E-01 -6.5453522E-01 -7.6643567E-02
  1.4915522E-01 -6.6267701E-01 -7.7563675E-02
  1.5044478E-01 -6.7088927E-01 -7.8490718E-02
  1.5174548E-01 -6.7917183E-01 -7.9424643E-02
  1.5305742E-01 -6.8752449E-01 -8.0365389E-02
  1.5438071E-01 -6.9594704E-01 -8.1312895E-02
  1.5571544E-01 -7.0443925E-01 -8.2267096E-02
  1.5706171E-01 -7.1300084E-01 -8.3227921E-02
  1.5841962E-01 -7.2163153E-01 -8.4195296E-02
  1.5978927E-01 -7.3033099E-01 -8.5169146E-02
  1.6117075E-01 -7.3909888E-01 -8.6149387E-02
  1.6256419E-01 -7.4793482E-01 -8.7135936E-02
  1.6396967E-01 -7.5683841E-01 -8.8128701E-02
  1.6538730E-01 -7.6580922E-01 -8.9127591E-02
  1.6681718E-01 -7.7484679E-01 -9.0132507E-02
  1.6825943E-01 -7.8395062E-01 -9.1143347E-02
  1.6971415E-01 -7.9312019E-01 -9.2160004E-02
  1.7118145E-01 -8.0235494E-01 -9.3182368E-02
  1.7266143E-01 -8.1165430E-01 -9.4210322E-02
  1.7415420E-01 -8.2101763E-01 -9.5243748E-02
  1.7565988E-01 -8.3044430E-01 -9.6282520E-02
  1.7717858E-01 -8.3993361E-01 -9.7326509E-02
  1.7871041E-01 -8.4948484E-01 -9.8375580E-02
  1.8025548E-01 -8.5909725E-01 -9.9429596E-02
  1.8181391E-01 -8.6877004E-01 -1.0048841E-01
  1.8338581E-01 -8.7850238E-01 -1.0155188E-01
  1.8497131E-01 -8.8829343E-01 -1.0261984E-01
  1.8657051E-01 -8.9814227E-01 -1.0369215E-01
  1.8818353E-01 -9.0804798E-01 -1.0476862E-01
  1.8981051E-01 -9.1800959E-01 -1.0584911E-01
  1.9145154E-01 -9.2802608E-01 -1.0693342E-01
  1.9310677E-01 -9.3809641E-01 -1.0802139E-01
  1.9477630E-01 -9.4821948E-01 -1.0911282E-01
  1.9646027E-01 -9.5839418E-01 -1.1020753E-01
  1.9815880E-01 -9.6861934E-01 -1.1130531E-01
  1.9987202E-01 -9.7889374E-01 -1.1240598E-01
  2.0160004E-01 -9.8921615E-01 -1.1350932E-01
  2.0334301E-01 -9.9958528E-01 -1.1461512E-01
  2.0510104E-01 -1.0099998E+00 -1.1572317E-01
  2.0687427E-01 -1.0204583E+00 -1.1683323E-01
  2.0866283E-01 -1.0309594E+00 -1.1794508E-01
  2.1046686E-01 -1.0415017E+00 -1.1905849E-01
  2.1228648E-01 -1.0520836E+00 -1.2017322E-01
  2.1412184E-01 -1.0627036E+00 -1.2128901E-01
  2.1597306E-01 -1.0733601E+00 -1.2240562E-01
  2.1784029E-01 -1.0840515E+00 -1.2352278E-01
  2.1972366E-01 -1.0947761E+00 -1.2464025E-01
  2.2162331E-01 -1.1055323E+00 -1.2575774E-01
  2.2353938E-01 -1.1163181E+00 -1.2687498E-01
  2.2547202E-01 -1.1271319E+00 -1.2799170E-01
  2.2742137E-01 -1.1379718E+00 -1.2910760E-01
  2.2938758E-01 -1.1488358E+00 -1.3022239E-01
  2.3137078E-01 -1.1597221E+00 -1.3133578E-01
  2.3337113E-01 -1.1706286E+00 -1.3244745E-01
  2.3538877E-01 -1.1815534E+00 -1.3355711E-01
  2.3742385E-01 -1.1924943E+00 -1.3466444E-01
  2.3947653E-01 -1.2034493E+00 -1.3576911E-01
  2.4154696E-01 -1.2144161E+00 -1.3687080E-01
  2.4363529E-01 -1.2253926E+00 -1.3796917E-01
  2.4574167E-01 -1.2363765E+00 -1.3906389E-01
  2.4786626E-01 -1.2473655E+00 -1.4015462E-01
  2.5000922E-01 -1.2583573E+00 -1.4124101E-01
  2.5217071E-01 -1.2693494E+00 -1.4232270E-01
  2.5435088E-01 -1.2803395E+00 -1.4339933E-01
  2.5654990E-01 -1.2913250E+00 -1.4447053E-01
  2.5876794E-01 -1.3023035E+00 -1.4553595E-01
  2.6100515E-01 -1.3132724E+00 -1.4659519E-01
  2.6326170E-01 -1.3242291E+00 -1.4764789E-01
  2.6553776E-01 -1.3351709E+00 -1.4869365E-01
  2.6783350E-01 -1.3460951E+00 -1.4973209E-01
  2.7014908E-01 -1.3569991E+00 -1.5076281E-01
  2.7248469E-01 -1.3678800E+00 -1.5178540E-01
  2.7484049E-01 -1.3787350E+00 -1.5279948E-01
  2.7721665E-01 -1.3895614E+00 -1.5380461E-01
  2.7961336E-01 -1.4003561E+00 -1.5480040E-01
  2.8203079E-01 -1.4111162E+00 -1.5578642E-01
  2.8446912E-01 -1.4218389E+00 -1.5676225E-01
  2.8692853E-01 -1.4325210E+00 -1.5772747E-01
  2.8940921E-01 -1.4431596E+00 -1.5868164E-01
  2.9191133E-01 -1.4537516E+00 -1.5962433E-01
  2.9443508E-01 -1.4642939E+00 -1.6055510E-01
  2.9698065E-01 -1.4747832E+00 -1.6147352E-01
  2.9954823E-01 -1.4852166E+00 -1.6237913E-01
  3.0213800E-01 -1.4955906E+00 -1.6327149E-01
  3.0475017E-01 -1.5059022E+00 -1.6415015E-01
  3.0738492E-01 -1.5161480E+00 -1.6501466E-01
  3.1004245E-01 -1.5263248E+00 -1.6586456E-01
  3.1272295E-01 -1.5364291E+00 -1.6669939E-01
  3.1542663E-01 -1.5464578E+00 -1.6751868E-01
  3.1815369E-01 -1.5564074E+00 -1.6832199E-01
  3.2090432E-01 -1.5662745E+00 -1.6910884E-01
  3.2367873E-01 -1.5760557E+00 -1.6987877E-01
  3.2647713E-01 -1.5857476E+00 -1.7063130E-01
  3.2929972E-01 -1.5953467E+00 -1.7136598E-01
  3.3214671E-01 -1.6048495E+00 -1.7208233E-01
  3.3501832E-01 -1.6142526E+00 -1.7277987E-01
  3.3791475E-01 -1.6235525E+00 -1.7345815E-01
  3.4083623E-01 -1.6327457E+00 -1.7411668E-01
  3.4378296E-01 -1.6418285E+00 -1.7475500E-01
  3.4675517E-01 -1.6507976E+00 -1.7537263E-01
  3.4975307E-01 -1.6596494E+00 -1.7596910E-01
  3.5277690E-01 -1.6683803E+00 -1.7654395E-01
  3.5582686E-01 -1.6769867E+00 -1.7709670E-01
  3.5890320E-01 -1.6854652E+00 -1.7762688E-01
  3.6200613E-01 -1.6938122E+00 -1.7813403E-01
  3.6513588E-01 -1.7020242E+00 -1.7861768E-01
  3.6829270E-01 -1.7100975E+00 -1.7907737E-01
  3.7147681E-01 -1.7180288E+00 -1.7951264E-01
  3.7468844E-01 -1.7258144E+00 -1.7992302E-01
  3.7792785E-01 -1.7334508E+00 -1.8030806E-01
  3.8119526E-01 -1.7409346E+00 -1.8066732E-01
  3.8449091E-01 -1.7482623E+00 -1.8100033E-01
  3.8781506E-01 -1.7554304E+00 -1.8130665E-01
  3.9116795E-01 -1.7624354E+00 -1.8158584E-01
  3.9454983E-01 -1.7692740E+00 -1.8183747E-01
  3.9796094E-01 -1.7759427E+00 -1.8206108E-01
  4.0140155E-01 -1.7824382E+00 -1.8225626E-01
  4.0487190E-01 -1.7887571E+00 -1.8242259E-01
  4.0837225E-01 -1.7948961E+00 -1.8255963E-01
  4.1190287E-01 -1.8008520E+00 -1.8266698E-01
  4.1546401E-01 -1.8066214E+00 -1.8274422E-01
  4.1905594E-01 -1.8122012E+00 -1.8279095E-01
  4.2267892E-01 -1.8175883E+00 -1.8280678E-01
  4.2633322E-01 -1.8227794E+00 -1.8279131E-01
  4.3001912E-01 -1.8277716E+00 -1.8274417E-01
  4.3373688E-01 -1.8325618E+00 -1.8266496E-01
  4.3748679E-01 -1.8371471E+00 -1.8255332E-01
  4.4126912E-01 -1.8415244E+00 -1.8240889E-01
  4.4508414E-01 -1.8456910E+00 -1.8223131E-01
  4.4893215E-01 -1.8496441E+00 -1.8202023E-01
  4.5281343E-01 -1.8533808E+00 -1.8177531E-01
  4.5672826E-01 -1.8568985E+00 -1.8149622E-01
  4.6067694E-01 -1.8601947E+00 -1.8118263E-01
  4.6465976E-01 -1.8632666E+00 -1.8083422E-01
  4.6867701E-01 -1.8661120E+00 -1.8045070E-01
  4.7272899E-01 -1.8687282E+00 -1.8003176E-01
  4.7681600E-01 -1.8711131E+00 -1.7957711E-01
  4.8093835E-01 -1.8732643E+00 -1.7908646E-01
  4.8509634E-01 -1.8751797E+00 -1.7855956E-01
  4.8929027E-01 -1.8768571E+00 -1.7799612E-01
  4.9352047E-01 -1.8782947E+00 -1.7739591E-01
  4.9778723E-01 -1.8794903E+00 -1.7675868E-01
  5.0209089E-01 -1.8804422E+00 -1.7608418E-01
  5.0643175E-01 -1.8811487E+00 -1.7537221E-01
  5.1081014E-01 -1.8816080E+00 -1.7462253E-01
  5.1522639E-01 -1.8818186E+00 -1.7383495E-01
  5.1968081E-01 -1.8817791E+00 -1.7300928E-01
  5.2417375E-01 -1.8814880E+00 -1.7214531E-01
  5.2870553E-01 -1.8809442E+00 -1.7124288E-01
  5.3327649E-01 -1.8801463E+00 -1.7030183E-01
  5.3788696E-01 -1.8790934E+00 -1.6932198E-01
  5.4253730E-01 -1.8777845E+00 -1.6830320E-01
  5.4722784E-01 -1.8762187E+00 -1.6724535E-01
  5.5195894E-01 -1.8743953E+00 -1.6614830E-01
  5.5673093E-01 -1.8723137E+00 -1.6501192E-01
  5.6154419E-01 -1.8699733E+00 -1.6383611E-01
  5.6639905E-01 -1.8673736E+00 -1.6262077E-01
  5.7129589E-01 -1.8645144E+00 -1.6136581E-01
  5.7623506E-01 -1.8613956E+00 -1.6007113E-01
  5.8121694E-01 -1.8580169E+00 -1.5873667E-01
  5.8624189E-01 -1.8543786E+00 -1.5736236E-01
  5.9131028E-01 -1.8504806E+00 -1.5594814E-01
  5.9642249E-01 -1.8463233E+00 -1.5449397E-01
  6.0157889E-01 -1.8419072E+00 -1.5299979E-01
  6.0677988E-01 -1.8372326E+00 -1.5146557E-01
  6.1202583E-01 -1.8323002E+00 -1.4989129E-01
  6.1731714E-01 -1.8271109E+00 -1.4827692E-01
  6.2265419E-01 -1.8216654E+00 -1.4662245E-01
  6.2803738E-01 -1.8159648E+00 -1.4492786E-01
  6.3346712E-01 -1.8100101E+00 -1.4319317E-01
  6.3894379E-01 -1.8038027E+00 -1.4141836E-01
  6.4446782E-01 -1.7973438E+00 -1.3960345E-01
  6.5003960E-01 -1.7906350E+00 -1.3774845E-01
  6.5565956E-01 -1.7836778E+00 -1.3585337E-01
  6.6132810E-01 -1.7764740E+00 -1.3391824E-01
  6.6704565E-01 -1.7690254E+00 -1.3194308E-01
  6.7281263E-01 -1.7613339E+00 -1.2992792E-01
  6.7862947E-01 -1.7534017E+00 -1.2787278E-01
  6.8449660E-01 -1.7452309E+00 -1.2577770E-01
  6.9041445E-01 -1.7368238E+00 -1.2364271E-01
  6.9638346E-01 -1.7281829E+00 -1.2146784E-01
  7.0240408E-01 -1.7193107E+00 -1.1925314E-01
  7.0847676E-01 -1.7102099E+00 -1.1699862E-01
  7.1460193E-01 -1.7008832E+00 -1.1470433E-01
  7.2078006E-01 -1.6913334E+00 -1.1237031E-01
  7.2701160E-01 -1.6815637E+00 -1.0999657E-01
  7.3329702E-01 -1.6715771E+00 -1.0758316E-01
  7.3963677E-01 -1.6613767E+00 -1.0513010E-01
  7.4603134E-01 -1.6509659E+00 -1.0263741E-01
  7.5248119E-01 -1.6403481E+00 -1.0010511E-01
  7.5898681E-01 -1.6295268E+00 -9.7533218E-02
  7.6554867E-01 -1.6185056E+00 -9.4921748E-02
  7.7216726E-01 -1.6072882E+00 -9.2270704E-02
  7.7884307E-01 -1.5958784E+00 -8.9580085E-02
  7.8557659E-01 -1.5842800E+00 -8.6849885E-02
  7.9236833E-01 -1.5724972E+00 -8.4080091E-02
  7.9921879E-01 -1.5605339E+00 -8.1270683E-02
  8.0612848E-01 -1.5483942E+00 -7.8421631E-02
  8.1309790E-01 -1.5360825E+00 -7.5532900E-02
  8.2012758E-01 -1.5236029E+00 -7.2604442E-02
  8.2721803E-01 -1.5109600E+00 -6.9636203E-02
  8.3436978E-01 -1.4981581E+00 -6.6628117E-02
  8.4158336E-01 -1.4852018E+00 -6.3580110E-02
  8.4885931E-01 -1.4720957E+00 -6.0492095E-02
  8.5619817E-01 -1.4588444E+00 -5.7363974E-02
  8.6360047E-01 -1.4454527E+00 -5.4195640E-02
  8.7106676E-01 -1.4319254E+00 -5.0986970E-02
  8.7859761E-01 -1.4182672E+00 -4.7737834E-02
  8.8619357E-01 -1.4044831E+00 -4.4448085E-02
  8.9385519E-01 -1.3905780E+00 -4.1117565E-02
  9.0158306E-01 -1.3765568E+00 -3.7746102E-02
  9.0937773E-01 -1.3624247E+00 -3.4333513E-02
  9.1723980E-01 -1.3481867E+00 -3.0879599E-02
  9.2516984E-01 -1.3338478E+00 -2.7384148E-02
  9.3316843E-01 -1.3194133E+00 -2.3846935E-02
  9.4123618E-01 -1.3048882E+00 -2.0267719E-02
  9.4937368E-01 -1.2902777E+00 -1.6646247E-02
  9.5758153E-01 -1.2755871E+00 -1.2982252E-02
  9.6586034E-01 -1.2608216E+00 -9.2754516E-03
  9.7421073E-01 -1.2459863E+00 -5.5255500E-03
  9.8263331E-01 -1.2310867E+00 -1.7322376E-03
  9.9112870E-01 -1.2161278E+00  2.1048090E-03
  9.9969755E-01 -1.2011150E+00  5.9859270E-03
  1.0083405E+00 -1.1860536E+00  9.9114667E-03
  1.0170581E+00 -1.1709487E+00  1.3881792E-02
  1.0258511E+00 -1.1558057E+00  1.7897279E-02
  1.0347202E+00 -1.1406298E+00  2.1958316E-02
  1.0436659E+00 -1.1254262E+00  2.6065305E-02
  1.0526889E+00 -1.1102001E+00  3.0218658E-02
  1.0617900E+00 -1.0949568E+00  3.4418798E-02
  1.0709698E+00 -1.0797013E+00  3.8666161E-02
  1.0802289E+00 -1.0644389E+00  4.2961189E-02
  1.0895680E+00 -1.0491747E+00  4.7304337E-02
  1.0989879E+00 -1.0339136E+00  5.1696066E-02
  1.1084893E+00 -1.0186609E+00  5.6136846E-02
  1.1180728E+00 -1.0034214E+00  6.0627155E-02
  1.1277391E+00 -9.8820024E-01  6.5167474E-02
  1.1374890E+00 -9.7300220E-01  6.9758293E-02
  1.1473232E+00 -9.5783220E-01  7.4400104E-02
  1.1572424E+00 -9.4269506E-01  7.9093404E-02
  1.1672474E+00 -9.2759553E-01  8.3838689E-02
  1.1773389E+00 -9.1253834E-01  8.8636460E-02
  1.1875176E+00 -8.9752813E-01  9.3487215E-02
  1.1977844E+00 -8.8256948E-01  9.8391453E-02
  1.2081399E+00 -8.6766692E-01  1.0334967E-01
  1.2185849E+00 -8.5282490E-01  1.0836235E-01
  1.2291202E+00 -8.3804781E-01  1.1343000E-01
  1.2397466E+00 -8.2333994E-01  1.1855307E-01
  1.2504649E+00 -8.0870555E-01  1.2373206E-01
  1.2612758E+00 -7.9414880E-01  1.2896741E-01
  1.2721802E+00 -7.7967375E-01  1.3425959E-01
  1.2831789E+00 -7.6528442E-01  1.3960902E-01
  1.2942727E+00 -7.5098471E-01  1.4501614E-01
  1.3054623E+00 -7.3677847E-01  1.5048135E-01
  1.3167488E+00 -7.2266943E-01  1.5600505E-01
  1.3281327E+00 -7.0866124E-01  1.6158760E-01
  1.3396152E+00 -6.9475748E-01  1.6722935E-01
  1.3511969E+00 -6.8096161E-01  1.7293064E-01
  1.3628787E+00 -6.6727701E-01  1.7869177E-01
  1.3746615E+00 -6.5370697E-01  1.8451300E-01
  1.3865462E+00 -6.4025466E-01  1.9039460E-01
  1.3985336E+00 -6.2692319E-01  1.9633678E-01
  1.4106247E+00 -6.1371554E-01  2.0233972E-01
  1.4228203E+00 -6.0063459E-01  2.0840358E-01
  1.4351213E+00 -5.8768314E-01  2.1452847E-01
  1.4475287E+00 -5.7486387E-01  2.2071447E-01
  1.4600434E+00 -5.6217936E-01  2.2696162E-01
  1.4726662E+00 -5.4963209E-01  2.3326992E-01
  1.4853982E+00 -5.3722445E-01  2.3963931E-01
  1.4982402E+00 -5.2495868E-01  2.4606972E-01
  1.5111933E+00 -5.1283697E-01  2.5256098E-01
  1.5242584E+00 -5.0086136E-01  2.5911292E-01
  1.5374364E+00 -4.8903381E-01  2.6572530E-01
  1.5507284E+00 -4.7735616E-01  2.7239781E-01
  1.5641352E+00 -4.6583015E-01  2.7913012E-01
  1.5776580E+00 -4.5445741E-01  2.8592180E-01
  1.5912977E+00 -4.4323947E-01  2.9277240E-01
  1.6050553E+00 -4.3217774E-01  2.9968138E-01
  1.6189319E+00 -4.2127353E-01  3.0664817E-01
  1.6329284E+00 -4.1052806E-01  3.1367210E-01
  1.6470459E+00 -3.9994241E-01  3.2075245E-01
  1.6612855E+00 -3.8951758E-01  3.2788843E-01
  1.6756482E+00 -3.7925447E-01  3.3507920E-01
  1.6901351E+00 -3.6915386E-01  3.4232381E-01
  1.7047472E+00 -3.5921642E-01  3.4962128E-01
  1.7194856E+00 -3.4944274E-01  3.5697052E-01
  1.7343515E+00 -3.3983330E-01  3.6437038E-01
  1.7493459E+00 -3.3038847E-01  3.7181964E-01
  1.7644699E+00 -3.2110852E-01  3.7931699E-01
  1.7797247E+00 -3.1199364E-01  3.8686105E-01
  1.7951113E+00 -3.0304390E-01  3.9445036E-01
  1.8106310E+00 -2.9425929E-01  4.0208336E-01
  1.8262849E+00 -2.8563969E-01  4.0975843E-01
  1.8420741E+00 -2.7718490E-01  4.1747387E-01
  1.8579998E+00 -2.6889462E-01  4.2522786E-01
  1.8740632E+00 -2.6076847E-01  4.3301855E-01
  1.8902654E+00 -2.5280596E-01  4.4084394E-01
  1.9066078E+00 -2.4500654E-01  4.4870201E-01
  1.9230914E+00 -2.3736954E-01  4.5659061E-01
  1.9397176E+00 -2.2989424E-01  4.6450751E-01
  1.9564874E+00 -2.2257982E-01  4.7245040E-01
  1.9734023E+00 -2.1542538E-01  4.8041690E-01
  1.9904634E+00 -2.0842994E-01  4.8840450E-01
  2.0076720E+00 -2.0159246E-01  4.9641065E-01
  2.0250294E+00 -1.9491181E-01  5.0443269E-01
  2.0425368E+00 -1.8838679E-01  5.1246786E-01
  2.0601956E+00 -1.8201613E-01  5.2051335E-01
  2.0780071E+00 -1.7579850E-01  5.2856625E-01
  2.0959726E+00 -1.6973249E-01  5.3662354E-01
  2.1140934E+00 -1.6381665E-01  5.4468216E-01
  2.1323708E+00 -1.5804944E-01  5.5273893E-01
  2.1508063E+00 -1.5242928E-01  5.6079063E-01
  2.1694011E+00 -1.4695453E-01  5.6883392E-01
  2.1881568E+00 -1.4162350E-01  5.7686541E-01
  2.2070745E+00 -1.3643443E-01  5.8488162E-01
  2.2261558E+00 -1.3138555E-01  5.9287899E-01
  2.2454021E+00 -1.2647499E-01  6.0085391E-01
  2.2648148E+00 -1.2170089E-01  6.0880268E-01
  2.2843953E+00 -1.1706130E-01  6.1672154E-01
  2.3041451E+00 -1.1255427E-01  6.2460665E-01
  2.3240657E+00 -1.0817779E-01  6.3245413E-01
  2.3441584E+00 -1.0392982E-01  6.4026003E-01
  2.3644249E+00 -9.9808296E-02  6.4802032E-01
  2.3848666E+00 -9.5811117E-02  6.5573095E-01
  2.4054850E+00 -9.1936159E-02  6.6338780E-01
  2.4262817E+00 -8.8181272E-02  6.7098669E-01
  2.4472582E+00 -8.4544284E-02  6.7852342E-01
  2.4684160E+00 -8.1023006E-02  6.8599373E-01
  2.4897568E+00 -7.7615229E-02  6.9339332E-01
  2.5112820E+00 -7.4318731E-02  7.0071787E-01
  2.5329934E+00 -7.1131279E-02  7.0796302E-01
  2.5548924E+00 -6.8050627E-02  7.1512438E-01
  2.5769808E+00 -6.5074523E-02  7.2219754E-01
  2.5992601E+00 -6.2200712E-02  7.2917807E-01
  2.6217321E+00 -5.9426932E-02  7.3606153E-01
  2.6443984E+00 -5.6750922E-02  7.4284348E-01
  2.6672606E+00 -5.4170424E-02  7.4951945E-01
  2.6903204E+00 -5.1683179E-02  7.5608499E-01
  2.7135797E+00 -4.9286938E-02  7.6253564E-01
  2.7370400E+00 -4.6979457E-02  7.6886697E-01
  2.7607031E+00 -4.4758502E-02  7.7507455E-01
  2.7845708E+00 -4.2621849E-02  7.8115396E-01
  2.8086449E+00 -4.0567290E-02  7.8710083E-01
  2.8329271E+00 -3.8592630E-02  7.9291079E-01
  2.8574192E+00 -3.6695691E-02  7.9857954E-01
  2.8821231E+00 -3.4874312E-02  8.0410279E-01
  2.9070406E+00 -3.3126355E-02  8.0947631E-01
  2.9321735E+00 -3.1449701E-02  8.1469591E-01
  2.9575236E+00 -2.9842254E-02  8.1975747E-01
  2.9830930E+00 -2.8301944E-02  8.2465693E-01
  3.0088834E+00 -2.6826726E-02  8.2939030E-01
  3.0348967E+00 -2.5414581E-02  8.3395364E-01
  3.0611350E+00 -2.4063518E-02  8.3834310E-01
  3.0876001E+00 -2.2771577E-02  8.4255494E-01
  3.1142940E+00 -2.1536828E-02  8.4658548E-01
  3.1412187E+00 -2.0357371E-02  8.5043113E-01
  3.1683762E+00 -1.9231340E-02  8.5408841E-01
  3.1957685E+00 -1.8156899E-02  8.5755396E-01
  3.2233976E+00 -1.7132250E-02  8.6082450E-01
  3.2512655E+00 -1.6155628E-02  8.6389689E-01
  3.2793744E+00 -1.5225301E-02  8.6676809E-01
  3.3077263E+00 -1.4339577E-02  8.6943521E-01
  3.3363233E+00 -1.3496796E-02  8.7189545E-01
  3.3651676E+00 -1.2695338E-02  8.7414618E-01
  3.3942612E+00 -1.1933618E-02  8.7618490E-01
  3.4236063E+00 -1.1210091E-02  8.7800925E-01
  3.4532052E+00 -1.0523248E-02  8.7961700E-01
  3.4830600E+00 -9.8716162E-03  8.8100610E-01
  3.5131728E+00 -9.2537644E-03  8.8217464E-01
  3.5435460E+00 -8.6682972E-03  8.8312087E-01
  3.5741818E+00 -8.1138578E-03  8.8384320E-01
  3.6050825E+00 -7.5891276E-03  8.8434022E-01
  3.6362503E+00 -7.0928256E-03  8.8461066E-01
  3.6676876E+00 -6.6237090E-03  8.8465344E-01
  3.6993967E+00 -6.1805722E-03  8.8446767E-01
  3.7313799E+00 -5.7622471E-03  8.8405260E-01
  3.7636396E+00 -5.3676027E-03  8.8340769E-01
  3.7961782E+00 -4.9955446E-03  8.8253256E-01
  3.8289981E+00 -4.6450147E-03  8.8142702E-01
  3.8621018E+00 -4.3149907E-03  8.8009107E-01
  3.8954917E+00 -4.0044859E-03  8.7852489E-01
  3.9291703E+00 -3.7125484E-03  8.7672884E-01
  3.9631400E+00 -3.4382607E-03  8.7470348E-01
  3.9974034E+00 -3.1807392E-03  8.7244953E-01
  4.0319630E+00 -2.9391335E-03  8.6996794E-01
  4.0668214E+00 -2.7126257E-03  8.6725980E-01
  4.1019812E+00 -2.5004303E-03  8.6432643E-01
  4.1374450E+00 -2.3017926E-03  8.6116929E-01
  4.1732153E+00 -2.1159889E-03  8.5779007E-01
  4.2092949E+00 -1.9423254E-03  8.5419062E-01
  4.2456865E+00 -1.7801375E-03  8.5037296E-01
  4.2823926E+00 -1.6287891E-03  8.4633932E-01
  4.3194161E+00 -1.4876719E-03  8.4209208E-01
  4.3567597E+00 -1.3562047E-03  8.3763382E-01
  4.3944262E+00 -1.2338324E-03  8.3296727E-01
  4.4324183E+00 -1.1200257E-03  8.2809535E-01
  4.4707388E+00 -1.0142797E-03  8.2302113E-01
  4.5093907E+00 -9.1611385E-04  8.1774786E-01
  4.5483767E+00 -8.2507057E-04  8.1227894E-01
  4.5876998E+00 -7.4071483E-04  8.0661792E-01
  4.6273628E+00 -6.6263332E-04  8.0076851E-01
  4.6673688E+00 -5.9043364E-04  7.9473457E-01
  4.7077206E+00 -5.2374362E-04  7.8852011E-01
  4.7484213E+00 -4.6221049E-04  7.8212925E-01
  4.7894739E+00 -4.0550025E-04  7.7556628E-01
  4.8308814E+00 -3.5329685E-04  7.6883559E-01
  4.8726468E+00 -3.0530153E-04  7.6194170E-01
  4.9147734E+00 -2.6123210E-04  7.5488926E-01
  4.9572641E+00 -2.2082224E-04  7.4768302E-01
  5.0001223E+00 -1.8382085E-04  7.4032784E-01
  5.0433509E+00 -1.4999135E-04  7.3282868E-01
  5.0869533E+00 -1.1911107E-04  7.2519059E-01
  5.1309326E+00 -9.0970579E-05  7.1741872E-01
  5.1752922E+00 -6.5373091E-05  7.0951829E-01
  5.2200353E+00 -4.2133860E-05  7.0149460E-01
  5.2651652E+00 -2.1079594E-05  6.9335302E-01
  5.3106853E+00 -2.0478879E-06  6.8509898E-01
  5.3565989E+00  1.5113326E-05  6.7673798E-01
  5.4029095E+00  3.0546307E-05  6.6827555E-01
  5.4496204E+00  4.4384025E-05  6.5971727E-01
  5.4967352E+00  5.6750652E-05  6.5106877E-01
  5.5442573E+00  6.7762043E-05  6.4233570E-01
  5.5921903E+00  7.7526197E-05  6.3352373E-01
  5.6405377E+00  8.6143698E-05  6.2463855E-01
  5.6893031E+00  9.3708139E-05  6.1568586E-01
  5.7384900E+00  1.0030653E-04  6.0667138E-01
  5.7881022E+00  1.0601970E-04  5.9760080E-01
  5.8381434E+00  1.1092265E-04  5.8847983E-01
  5.8886172E+00  1.1508492E-04  5.7931415E-01
  5.9395273E+00  1.1857092E-04  5.7010942E-01
  5.9908776E+00  1.2144029E-04  5.6087127E-01
  6.0426718E+00  1.2374814E-04  5.5160531E-01
  6.0949138E+00  1.2554543E-04  5.4231711E-01
  6.1476075E+00  1.2687916E-04  5.3301217E-01
  6.2007568E+00  1.2779270E-04  5.2369598E-01
  6.2543655E+00  1.2832600E-04  5.1437395E-01
  6.3084377E+00  1.2851585E-04  5.0505143E-01
  6.3629774E+00  1.2839607E-04  4.9573371E-01
  6.4179887E+00  1.2799778E-04  4.8642602E-01
  6.4734755E+00  1.2734951E-04  4.7713348E-01
  6.5294420E+00  1.2647748E-04  4.6786117E-01
  6.5858924E+00  1.2540570E-04  4.5861406E-01
  6.6428309E+00  1.2415616E-04  4.4939705E-01
  6.7002616E+00  1.2274901E-04  4.4021491E-01
  6.7581888E+00  1.2120267E-04  4.3107236E-01
  6.8166169E+00  1.1953394E-04  4.2197398E-01
  6.8755500E+00  1.1775821E-04  4.1292427E-01
  6.9349927E+00  1.1588948E-04  4.0392761E-01
  6.9949493E+00  1.1394053E-04  3.9498827E-01
  7.0554243E+00  1.1192301E-04  3.8611040E-01
  7.1164220E+00  1.0984751E-04  3.7729806E-01
  7.1779472E+00  1.0772367E-04  3.6855515E-01
  7.2400042E+00  1.0556026E-04  3.5988546E-01
  7.3025978E+00  1.0336522E-04  3.5129268E-01
  7.3657326E+00  1.0114580E-04  3.4278034E-01
  7.4294131E+00  9.8908522E-05  3.3435187E-01
  7.4936442E+00  9.6659342E-05  3.2601053E-01
  7.5584306E+00  9.4403632E-05  3.1775949E-01
  7.6237772E+00  9.2146260E-05  3.0960177E-01
  7.6896887E+00  8.9891622E-05  3.0154024E-01
  7.7561700E+00  8.7643695E-05  2.9357766E-01
  7.8232261E+00  8.5406063E-05  2.8571664E-01
  7.8908619E+00  8.3181961E-05  2.7795965E-01
  7.9590825E+00  8.0974300E-05  2.7030903E-01
  8.0278929E+00  7.8785699E-05  2.6276699E-01
  8.0972981E+00  7.6618510E-05  2.5533557E-01
  8.1673035E+00  7.4474842E-05  2.4801672E-01
  8.2379140E+00  7.2356582E-05  2.4081221E-01
  8.3091350E+00  7.0265415E-05  2.3372371E-01
  8.3809718E+00  6.8202843E-05  2.2675272E-01
  8.4534296E+00  6.6170197E-05  2.1990062E-01
  8.5265139E+00  6.4168659E-05  2.1316867E-01
  8.6002300E+00  6.2199265E-05  2.0655797E-01
  8.6745834E+00  6.0262927E-05  2.0006952E-01
  8.7495797E+00  5.8360437E-05  1.9370415E-01
  8.8252243E+00  5.6492480E-05  1.8746260E-01
  8.9015229E+00  5.4659639E-05  1.8134546E-01
  8.9784812E+00  5.2862410E-05  1.7535321E-01
  9.0561048E+00  5.1101201E-05  1.6948618E-01
  9.1343995E+00  4.9376344E-05  1.6374462E-01
  9.2133710E+00  4.7688098E-05  1.5812862E-01
  9.2930254E+00  4.6036657E-05  1.5263818E-01
  9.3733684E+00  4.4422151E-05  1.4727317E-01
  9.4544060E+00  4.2844655E-05  1.4203338E-01
  9.5361442E+00  4.1304187E-05  1.3691845E-01
  9.6185891E+00  3.9800719E-05  1.3192793E-01
  9.7017467E+00  3.8334174E-05  1.2706129E-01
  9.7856233E+00  3.6904431E-05  1.2231786E-01
  9.8702251E+00  3.5511331E-05  1.1769691E-01
  9.9555583E+00  3.4154673E-05  1.1319759E-01
  1.0041629E+01  3.2834223E-05  1.0881896E-01
  1.0128444E+01  3.1549711E-05  1.0456003E-01
  1.0216010E+01  3.0300839E-05  1.0041967E-01
  1.0304333E+01  2.9087276E-05  9.6396713E-02
  1.0393419E+01  2.7908665E-05  9.2489896E-02
  1.0483275E+01  2.6764621E-05  8.8697886E-02
  1.0573909E+01  2.5654738E-05  8.5019280E-02
  1.0665325E+01  2.4578584E-05  8.1452608E-02
  1.0757533E+01  2.3535707E-05  7.7996339E-02
  1.0850537E+01  2.2525635E-05  7.4648879E-02
  1.0944346E+01  2.1547879E-05  7.1408581E-02
  1.1038965E+01  2.0601930E-05  6.8273745E-02
  1.1134403E+01  1.9687265E-05  6.5242623E-02
  1.1230665E+01  1.8803347E-05  6.2313421E-02
  1.1327760E+01  1.7949624E-05  5.9484303E-02
  1.1425695E+01  1.7125534E-05  5.6753396E-02
  1.1524476E+01  1.6330502E-05  5.4118794E-02
  1.1624111E+01  1.5563946E-05  5.1578558E-02
  1.1724607E+01  1.4825272E-05  4.9130722E-02
  1.1825972E+01  1.4113882E-05  4.6773296E-02
  1.1928214E+01  1.3429168E-05  4.4504271E-02
  1.2031339E+01  1.2770520E-05  4.2321618E-02
  1.2135357E+01  1.2137322E-05  4.0223297E-02
  1.2240273E+01  1.1528953E-05  3.8207253E-02
  1.2346096E+01  1.0944794E-05  3.6271428E-02
  1.2452835E+01  1.0384219E-05  3.4413755E-02
  1.2560496E+01  9.8466063E-06  3.2632169E-02
  1.2669088E+01  9.3313317E-06  3.0924604E-02
  1.2778619E+01  8.8377733E-06  2.9288999E-02
  1.2889096E+01  8.3653107E-06  2.7723297E-02
  1.3000529E+01  7.9133266E-06  2.6225455E-02
  1.3112926E+01  7.4812072E-06  2.4793438E-02
  1.3226294E+01  7.0683429E-06  2.3425227E-02
  1.3340642E+01  6.6741293E-06  2.2118820E-02
  1.3455978E+01  6.2979676E-06  2.0872231E-02
  1.3572312E+01  5.9392653E-06  1.9683499E-02
  1.3689652E+01  5.5974369E-06  1.8550682E-02
  1.3808006E+01  5.2719043E-06  1.7471867E-02
  1.3927383E+01  4.9620975E-06  1.6445164E-02
  1.4047793E+01  4.6674552E-06  1.5468713E-02
  1.4169243E+01  4.3874249E-06  1.4540684E-02
  1.4291743E+01  4.1214638E-06  1.3659278E-02
  1.4415303E+01  3.8690388E-06  1.2822729E-02
  1.4539931E+01  3.6296271E-06  1.2029304E-02
  1.4665636E+01  3.4027164E-06  1.1277307E-02
  1.4792428E+01  3.1878056E-06  1.0565076E-02
  1.4920316E+01  2.9844045E-06  9.8909866E-03
  1.5049310E+01  2.7920344E-06  9.2534534E-03
  1.5179419E+01  2.6102283E-06  8.6509284E-03
  1.5310653E+01  2.4385308E-06  8.0819030E-03
  1.5443021E+01  2.2764987E-06  7.5449083E-03
  1.5576534E+01  2.1237008E-06  7.0385153E-03
  1.5711201E+01  1.9797179E-06  6.5613355E-03
  1.5847032E+01  1.8441434E-06  6.1120207E-03
  1.5984038E+01  1.7165827E-06  5.6892636E-03
  1.6122228E+01  1.5966535E-06  5.2917976E-03
  1.6261613E+01  1.4839858E-06  4.9183966E-03
  1.6402203E+01  1.3782220E-06  4.5678751E-03
  1.6544009E+01  1.2790165E-06  4.2390881E-03
  1.6687040E+01  1.1860358E-06  3.9309304E-03
  1.6831308E+01  1.0989585E-06  3.6423368E-03
  1.6976824E+01  1.0174748E-06  3.3722812E-03
  1.7123597E+01  9.4128700E-07  3.1197764E-03
  1.7271639E+01  8.7010871E-07  2.8838737E-03
  1.7420962E+01  8.0366500E-07  2.6636620E-03
  1.7571575E+01  7.4169217E-07  2.4582672E-03
  1.7723490E+01  6.8393747E-07  2.2668519E-03
  1.7876719E+01  6.3015897E-07  2.0886143E-03
  1.8031272E+01  5.8012529E-07  1.9227875E-03
  1.8187162E+01  5.3361534E-07  1.7686390E-03
  1.8344399E+01  4.9041815E-07  1.6254695E-03
  1.8502996E+01  4.5033253E-07  1.4926124E-03
  1.8662964E+01  4.1316686E-07  1.3694325E-03
  1.8824315E+01  3.7873879E-07  1.2553256E-03
  1.8987061E+01  3.4687502E-07  1.1497174E-03
  1.9151213E+01  3.1741095E-07  1.0520623E-03
  1.9316786E+01  2.9019047E-07  9.6184302E-04
  1.9483789E+01  2.6506563E-07  8.7856920E-04
  1.9652236E+01  2.4189637E-07  8.0177671E-04
  1.9822140E+01  2.2055026E-07  7.3102664E-04
  1.9993513E+01  2.0090219E-07  6.6590436E-04
  2.0166367E+01  1.8283410E-07  6.0601861E-04
  2.0340716E+01  1.6623470E-07  5.5100056E-04
  2.0516571E+01  1.5099919E-07  5.0050288E-04
  2.0693948E+01  1.3702900E-07  4.5419889E-04
  2.0872858E+01  1.2423149E-07  4.1178158E-04
  2.1053314E+01  1.1251973E-07  3.7296282E-04
  2.1235331E+01  1.0181219E-07  3.3747245E-04
  2.1418921E+01  9.2032530E-08  3.0505741E-04
  2.1604099E+01  8.3109318E-08  2.7548100E-04
  2.1790877E+01  7.4975804E-08  2.4852197E-04
  2.1979271E+01  6.7569678E-08  2.2397381E-04
  2.2169293E+01  6.0832839E-08  2.0164396E-04
  2.2360958E+01  5.4711171E-08  1.8135307E-04
  2.2554280E+01  4.9154329E-08  1.6293428E-04
  2.2749273E+01  4.4115529E-08  1.4623253E-04
  2.2945952E+01  3.9551343E-08  1.3110389E-04
  2.3144332E+01  3.5421509E-08  1.1741491E-04
  2.3344426E+01  3.1688739E-08  1.0504201E-04
  2.3546251E+01  2.8318544E-08  9.3870871E-05
  2.3749820E+01  2.5279058E-08  8.3795888E-05
  2.3955150E+01  2.2540874E-08  7.4719592E-05
  2.4162254E+01  2.0076887E-08  6.6552147E-05
  2.4371149E+01  1.7862146E-08  5.9210847E-05
  2.4581850E+01  1.5873704E-08  5.2619643E-05
  2.4794373E+01  1.4090490E-08  4.6708692E-05
  2.5008733E+01  1.2493174E-08  4.1413927E-05
  2.5224947E+01  1.1064048E-08  3.6676656E-05
  2.5443029E+01  9.7869092E-09  3.2443170E-05
  2.5662997E+01  8.6469489E-09  2.8664389E-05
  2.5884867E+01  7.6306517E-09  2.5295515E-05
  2.6108655E+01  6.7256973E-09  2.2295711E-05
  2.6334378E+01  5.9208688E-09  1.9627798E-05
  2.6562052E+01  5.2059676E-09  1.7257972E-05
  2.6791695E+01  4.5717323E-09  1.5155535E-05
  2.7023323E+01  4.0097640E-09  1.3292648E-05
  2.7256953E+01  3.5124558E-09  1.1644096E-05
  2.7492603E+01  3.0729270E-09  1.0187072E-05
  2.7730291E+01  2.6849623E-09  8.9009756E-06
  2.7970034E+01  2.3429550E-09  7.7672209E-06
  2.8211849E+01  2.0418540E-09  6.7690651E-06
  2.8455755E+01  1.7771149E-09  5.8914452E-06
  2.8701769E+01  1.5446551E-09  5.1208283E-06
  2.8949911E+01  1.3408117E-09  4.4450725E-06
  2.9200198E+01  1.1623028E-09  3.8532993E-06
  2.9452649E+01  1.0061923E-09  3.3357759E-06
  2.9707282E+01  8.6985686E-10  2.8838066E-06
  2.9964117E+01  7.5095619E-10  2.4896334E-06
  3.0223172E+01  6.4740527E-10  2.1463450E-06
  3.0484467E+01  5.5734930E-10  1.8477928E-06
  3.0748020E+01  4.7914067E-10  1.5885153E-06
  3.1013853E+01  4.1131793E-10  1.3636677E-06
  3.1281983E+01  3.5258670E-10  1.1689594E-06
  3.1552432E+01  3.0180226E-10  1.0005956E-06
  3.1825219E+01  2.5795377E-10  8.5522550E-07
  3.2100365E+01  2.2014996E-10  7.2989441E-07
  3.2377889E+01  1.8760618E-10  6.2200125E-07
  3.2657812E+01  1.5963271E-10  5.2925956E-07
  3.2940156E+01  1.3562420E-10  4.4966259E-07
  3.3224940E+01  1.1505020E-10  3.8145183E-07
  3.3512187E+01  9.7446605E-11  3.2308874E-07
  3.3801917E+01  8.2408005E-11  2.7322934E-07
  3.4094152E+01  6.9580831E-11  2.3070148E-07
  3.4388913E+01  5.8657218E-11  1.9448455E-07
  3.4686223E+01  4.9369531E-11  1.6369128E-07
  3.4986103E+01  4.1485493E-11  1.3755162E-07
  3.5288576E+01  3.4803840E-11  1.1539835E-07
  3.5593664E+01  2.9150476E-11  9.6654270E-08
  3.5901390E+01  2.4375053E-11  8.0820953E-08
  3.6211776E+01  2.0347952E-11  6.7468669E-08
  3.6524845E+01  1.6957617E-11  5.6227570E-08
  3.6840621E+01  1.4108200E-11  4.6779888E-08
  3.7159127E+01  1.1717492E-11  3.8853073E-08
  3.7480387E+01  9.7151082E-12  3.2213765E-08
  3.7804424E+01  8.0408881E-12  2.6662510E-08
  3.8131263E+01  6.6435051E-12  2.2029138E-08
  3.8460927E+01  5.4792463E-12  1.8168718E-08
  3.8793441E+01  4.5109502E-12  1.4958042E-08
  3.9128831E+01  3.7070820E-12  1.2292556E-08
  3.9467119E+01  3.0409309E-12  1.0083699E-08
  3.9808333E+01  2.4899136E-12  8.2565946E-09
  4.0152496E+01  2.0349723E-12  6.7480544E-09
  4.0499635E+01  1.6600543E-12  5.5048538E-09
  4.0849775E+01  1.3516638E-12  4.4822451E-09
  4.1202943E+01  1.0984760E-12  3.6426795E-09
  4.1559163E+01  8.9100641E-13  2.9547092E-09
  4.1918464E+01  7.2132722E-13  2.3920474E-09
  4.2280870E+01  5.8282449E-13  1.9327639E-09
  4.2646410E+01  4.6999142E-13  1.5585996E-09
  4.3015110E+01  3.7825213E-13  1.2543815E-09
  4.3386998E+01  3.0381184E-13  1.0075268E-09
  4.3762101E+01  2.4352996E-13  8.0762177E-10
  4.4140446E+01  1.9481254E-13  6.4606507E-10
  4.4522063E+01  1.5552156E-13  5.1576722E-10
  4.4906979E+01  1.2389843E-13  4.1089678E-10
  4.5295223E+01  9.8499665E-14  3.2666719E-10
  4.5686824E+01  7.8142916E-14  2.5915777E-10
  4.6081810E+01  6.1861791E-14  2.0516393E-10
  4.6480211E+01  4.8868097E-14  1.6207196E-10
  4.6882056E+01  3.8520365E-14  1.2775468E-10
  4.7287375E+01  3.0297674E-14  1.0048465E-10
  4.7696199E+01  2.3777924E-14  7.8862115E-11
  4.8108557E+01  1.8619847E-14  6.1755360E-11
  4.8524480E+01  1.4548140E-14  4.8251425E-11
  4.8943999E+01  1.1341217E-14  3.7615469E-11
  4.9367145E+01  8.8211299E-15  2.9257365E-11
  4.9793949E+01  6.8453018E-15  2.2704284E-11
  5.0224444E+01  5.2997600E-15  1.7578251E-11
  5.0658660E+01  4.0936090E-15  1.3577822E-11
  5.1096630E+01  3.1545274E-15  1.0463148E-11
  5.1538386E+01  2.4251087E-15  8.0438443E-12
  5.1983962E+01  1.8598939E-15  6.1691456E-12
  5.2433390E+01  1.4229715E-15  4.7199511E-12
  5.2886704E+01  1.0860411E-15  3.6024007E-12
  5.3343936E+01  8.2685462E-16  2.7427072E-12
  5.3805122E+01  6.2796541E-16  2.0830063E-12
  5.4270295E+01  4.7572573E-16  1.5780330E-12
  5.4739490E+01  3.5948645E-16  1.1924677E-12
  5.5212741E+01  2.7095922E-16  8.9881991E-13
  5.5690083E+01  2.0370951E-16  6.7574800E-13
  5.6171552E+01  1.5275485E-16  5.0672605E-13
  5.6657184E+01  1.1424715E-16  3.7899054E-13
  5.7147015E+01  8.5222161E-17  2.8270949E-13
  5.7641080E+01  6.3402545E-17  2.1032913E-13
  5.8139417E+01  4.7043307E-17  1.5606139E-13
  5.8642062E+01  3.4810955E-17  1.1548313E-13
  5.9149052E+01  2.5689216E-17  8.5223319E-14
  5.9660426E+01  1.8905682E-17  6.2719846E-14
  6.0176221E+01  1.3874909E-17  4.6030728E-14
  6.0696476E+01  1.0154389E-17  3.3688107E-14
  6.1221228E+01  7.4105903E-18  2.4585599E-14
  6.1750517E+01  5.3928287E-18  1.7891627E-14
  6.2284382E+01  3.9132227E-18  1.2982939E-14
  6.2822862E+01  2.8313650E-18  9.3937632E-15
  6.3365998E+01  2.0426297E-18  6.7770194E-15
  6.3913829E+01  1.4692813E-18  4.8748294E-15
  6.4466397E+01  1.0537334E-18  3.4961547E-15
  6.5023742E+01  7.5345251E-19  2.4998920E-15
  6.5585906E+01  5.3711727E-19  1.7821325E-15
  6.6152930E+01  3.8173246E-19  1.2665885E-15
  6.6724856E+01  2.7046707E-19  8.9742144E-16
  6.7301726E+01  1.9103963E-19  6.3388600E-16
  6.7883584E+01  1.3451623E-19  4.4634232E-16
  6.8470473E+01  9.4418323E-20  3.1329641E-16
  6.9062435E+01  6.6062719E-20  2.1921051E-16
  6.9659515E+01  4.6074775E-20  1.5288821E-16
  7.0261757E+01  3.2030563E-20  1.0628726E-16
  7.0869206E+01  2.2194651E-20  7.3649685E-17
  7.1481907E+01  1.5328591E-20  5.0866374E-17
  7.2099905E+01  1.0551494E-20  3.5014547E-17
  7.2723245E+01  7.2388733E-21  2.4022135E-17
  7.3351975E+01  4.9494933E-21  1.6425080E-17
  7.3986140E+01  3.3726445E-21  1.1192407E-17
  7.4625789E+01  2.2902750E-21  7.6005807E-18
  7.5270967E+01  1.5498835E-21  5.1435677E-18
  7.5921723E+01  1.0451817E-21  3.4686742E-18
  7.6578105E+01  7.0234859E-22  2.3309384E-18
  7.7240162E+01  4.7029306E-22  1.5608209E-18
  7.7907943E+01  3.1378054E-22  1.0413985E-18
  7.8581497E+01  2.0859866E-22  6.9232337E-19
  7.9260874E+01  1.3816929E-22  4.5858048E-19
  7.9946125E+01  9.1182671E-23  3.0263766E-19
  8.0637301E+01  5.9951497E-23  1.9898363E-19
  8.1334451E+01  3.9269985E-23  1.3034212E-19
  8.2037629E+01  2.5625972E-23  8.5057215E-20
  8.2746887E+01  1.6658837E-23  5.5294546E-20
  8.3462276E+01  1.0787961E-23  3.5808314E-20
  8.4183850E+01  6.9590505E-24  2.3099439E-20
  8.4911663E+01  4.4715900E-24  1.4842956E-20
  8.5645768E+01  2.8619406E-24  9.5000538E-21
  8.6386219E+01  1.8244463E-24  6.0562475E-21
  8.7133072E+01  1.1583996E-24  3.8453696E-21
  8.7886382E+01  7.3253350E-25  2.4317245E-21
  8.8646205E+01  4.6134209E-25  1.5315007E-21
  8.9412597E+01  2.8935416E-25  9.6057473E-22
  9.0185615E+01  1.8073063E-25  5.9998519E-22
  9.0965316E+01  1.1241207E-25  3.7318925E-22
  9.1751758E+01  6.9623520E-26  2.3114241E-22
  9.2544999E+01  4.2937913E-26  1.4255161E-22
  9.3345098E+01  2.6365789E-26  8.7534556E-23
  9.4152114E+01  1.6117940E-26  5.3512580E-23
  9.4966107E+01  9.8072921E-27  3.2561404E-23
  9.5787138E+01  5.9363132E-27  1.9709629E-23
  9.6615267E+01  3.5691291E-27  1.1850358E-23
  9.7450555E+01  2.1225779E-27  7.0475819E-24
  9.8293065E+01  1.2333832E-27  4.0952578E-24
  9.9142859E+01  6.7364251E-28  2.2367546E-24
  1.0000000E+02  2.9650239E-28  9.8451180E-25
