  0.0000000E+00  9.75072066272499982E-01
  2.8818375E-08  9.75072199630783287E-01
  5.7885899E-08  9.75072248625420857E-01
  8.7204727E-08  9.75072263192508615E-01
  1.1677703E-07  9.75072270490329074E-01
  1.4660500E-07  9.75072274899350888E-01
  1.7669085E-07  9.75072277861333880E-01
  2.0703681E-07  9.75072279993742352E-01
  2.3764513E-07  9.75072281605746216E-01
  2.6851806E-07  9.75072282869480222E-01
  2.9965791E-07  9.75072283888521074E-01
  3.3106699E-07  9.75072284728884853E-01
  3.6274760E-07  9.75072285434736785E-01
  3.9470212E-07  9.75072286036726021E-01
  4.2693289E-07  9.75072286556778023E-01
  4.5944232E-07  9.75072287011046535E-01
  4.9223281E-07  9.75072287411655414E-01
  5.2530679E-07  9.75072287767897894E-01
  5.5866671E-07  9.75072288087040162E-01
  5.9231505E-07  9.75072288374812968E-01
  6.2625429E-07  9.75072288635821294E-01
  6.6048695E-07  9.75072288873803372E-01
  6.9501558E-07  9.75072289091823863E-01
  7.2984272E-07  9.75072289292423400E-01
  7.6497096E-07  9.75072289477717846E-01
  8.0040290E-07  9.75072289649494772E-01
  8.3614116E-07  9.75072289809265635E-01
  8.7218841E-07  9.75072289958329286E-01
  9.0854730E-07  9.75072290097789951E-01
  9.4522053E-07  9.75072290228614080E-01
  9.8221082E-07  9.75072290351640114E-01
  1.0195209E-06  9.75072290467584923E-01
  1.0571536E-06  9.75072290577095768E-01
  1.0951116E-06  9.75072290680736642E-01
  1.1333978E-06  9.75072290779000705E-01
  1.1720149E-06  9.75072290872326830E-01
  1.2109660E-06  9.75072290961114363E-01
  1.2502538E-06  9.75072291045717132E-01
  1.2898812E-06  9.75072291126441337E-01
  1.3298513E-06  9.75072291203583630E-01
  1.3701669E-06  9.75072291277389591E-01
  1.4108311E-06  9.75072291348091036E-01
  1.4518468E-06  9.75072291415904568E-01
  1.4932171E-06  9.75072291481019593E-01
  1.5349451E-06  9.75072291543608194E-01
  1.5770339E-06  9.75072291603828911E-01
  1.6194865E-06  9.75072291661827517E-01
  1.6623062E-06  9.75072291717735795E-01
  1.7054961E-06  9.75072291771677424E-01
  1.7490593E-06  9.75072291823763981E-01
  1.7929992E-06  9.75072291874099828E-01
  1.8373190E-06  9.75072291922783663E-01
  1.8820219E-06  9.75072291969900529E-01
  1.9271114E-06  9.75072292015536135E-01
  1.9725906E-06  9.75072292059760093E-01
  2.0184630E-06  9.75072292102645677E-01
  2.0647321E-06  9.75072292144267050E-01
  2.1114011E-06  9.75072292184674727E-01
  2.1584736E-06  9.75072292223929327E-01
  2.2059531E-06  9.75072292262083806E-01
  2.2538431E-06  9.75072292299187904E-01
  2.3021471E-06  9.75072292335286916E-01
  2.3508687E-06  9.75072292370422700E-01
  2.4000115E-06  9.75072292404645213E-01
  2.4495792E-06  9.75072292437983879E-01
  2.4995755E-06  9.75072292470478663E-01
  2.5500040E-06  9.75072292502161542E-01
  2.6008684E-06  9.75072292533064711E-01
  2.6521726E-06  9.75072292563222587E-01
  2.7039204E-06  9.75072292592656487E-01
  2.7561156E-06  9.75072292621397274E-01
  2.8087620E-06  9.75072292649469152E-01
  2.8618635E-06  9.75072292676894770E-01
  2.9154242E-06  9.75072292703698440E-01
  2.9694479E-06  9.75072292729902923E-01
  3.0239387E-06  9.75072292755524872E-01
  3.0789005E-06  9.75072292780585270E-01
  3.1343376E-06  9.75072292805100549E-01
  3.1902539E-06  9.75072292829091358E-01
  3.2466537E-06  9.75072292852567690E-01
  3.3035410E-06  9.75072292875549862E-01
  3.3609202E-06  9.75072292898051529E-01
  3.4187955E-06  9.75072292920085903E-01
  3.4771711E-06  9.75072292941664642E-01
  3.5360514E-06  9.75072292962800846E-01
  3.5954407E-06  9.75072292983504729E-01
  3.6553435E-06  9.75072293003794277E-01
  3.7157642E-06  9.75072293023671710E-01
  3.7767073E-06  9.75072293043152016E-01
  3.8381772E-06  9.75072293062243967E-01
  3.9001786E-06  9.75072293080955443E-01
  3.9627160E-06  9.75072293099298548E-01
  4.0257941E-06  9.75072293117278499E-01
  4.0894175E-06  9.75072293134904289E-01
  4.1535910E-06  9.75072293152180136E-01
  4.2183193E-06  9.75072293169116699E-01
  4.2836072E-06  9.75072293185723415E-01
  4.3494596E-06  9.75072293202000173E-01
  4.4158813E-06  9.75072293217958297E-01
  4.4828772E-06  9.75072293233602450E-01
  4.5504523E-06  9.75072293248935962E-01
  4.6186117E-06  9.75072293263963608E-01
  4.6873603E-06  9.75072293278694158E-01
  4.7567033E-06  9.75072293293131720E-01
  4.8266459E-06  9.75072293307277516E-01
  4.8971931E-06  9.75072293321137651E-01
  4.9683502E-06  9.75072293334718121E-01
  5.0401225E-06  9.75072293348020258E-01
  5.1125153E-06  9.75072293361049280E-01
  5.1855340E-06  9.75072293373803523E-01
  5.2591840E-06  9.75072293386293976E-01
  5.3334707E-06  9.75072293398517642E-01
  5.4083996E-06  9.75072293410480739E-01
  5.4839764E-06  9.75072293422184599E-01
  5.5602066E-06  9.75072293433628889E-01
  5.6370958E-06  9.75072293444820271E-01
  5.7146497E-06  9.75072293455759076E-01
  5.7928742E-06  9.75072293466449302E-01
  5.8717749E-06  9.75072293476888285E-01
  5.9513578E-06  9.75072293487080466E-01
  6.0316287E-06  9.75072293497025622E-01
  6.1125936E-06  9.75072293506725196E-01
  6.1942585E-06  9.75072293516183852E-01
  6.2766294E-06  9.75072293525399703E-01
  6.3597124E-06  9.75072293534371526E-01
  6.4435138E-06  9.75072293543106428E-01
  6.5280396E-06  9.75072293551601743E-01
  6.6132963E-06  9.75072293559855696E-01
  6.6992900E-06  9.75072293567870951E-01
  6.7860272E-06  9.75072293575648175E-01
  6.8735142E-06  9.75072293583186922E-01
  6.9617576E-06  9.75072293590486416E-01
  7.0507640E-06  9.75072293597550099E-01
  7.1405398E-06  9.75072293604373197E-01
  7.2310918E-06  9.75072293610959928E-01
  7.3224267E-06  9.75072293617306518E-01
  7.4145512E-06  9.75072293623413189E-01
  7.5074722E-06  9.75072293629281384E-01
  7.6011965E-06  9.75072293634905995E-01
  7.6957311E-06  9.75072293640291465E-01
  7.7910830E-06  9.75072293645434796E-01
  7.8872593E-06  9.75072293650331767E-01
  7.9842671E-06  9.75072293654989819E-01
  8.0821135E-06  9.75072293659402733E-01
  8.1808059E-06  9.75072293663567069E-01
  8.2803515E-06  9.75072293667482382E-01
  8.3807578E-06  9.75072293671150780E-01
  8.4820321E-06  9.75072293674565937E-01
  8.5841820E-06  9.75072293677730628E-01
  8.6872150E-06  9.75072293680639968E-01
  8.7911388E-06  9.75072293683294067E-01
  8.8959611E-06  9.75072293685688374E-01
  9.0016896E-06  9.75072293687823555E-01
  9.1083322E-06  9.75072293689695058E-01
  9.2158968E-06  9.75072293691304437E-01
  9.3243913E-06  9.75072293692647807E-01
  9.4338238E-06  9.75072293693721726E-01
  9.5442024E-06  9.75072293694521197E-01
  9.6555353E-06  9.75072293695047665E-01
  9.7678308E-06  9.75072293695297687E-01
  9.8810970E-06  9.75072293695271264E-01
  9.9953426E-06  9.75072293694958292E-01
  1.0110576E-05  9.75072293694361991E-01
  1.0226805E-05  9.75072293693477143E-01
  1.0344040E-05  9.75072293692300640E-01
  1.0462288E-05  9.75072293690826264E-01
  1.0581558E-05  9.75072293689054792E-01
  1.0701859E-05  9.75072293686981117E-01
  1.0823201E-05  9.75072293684604463E-01
  1.0945591E-05  9.75072293681919056E-01
  1.1069040E-05  9.75072293678916791E-01
  1.1193556E-05  9.75072293675600776E-01
  1.1319148E-05  9.75072293671962687E-01
  1.1445826E-05  9.75072293668001078E-01
  1.1573600E-05  9.75072293663713063E-01
  1.1702478E-05  9.75072293659088318E-01
  1.1832470E-05  9.75072293654126510E-01
  1.1963586E-05  9.75072293648821975E-01
  1.2095836E-05  9.75072293643173604E-01
  1.2229229E-05  9.75072293637171961E-01
  1.2363775E-05  9.75072293630813158E-01
  1.2499485E-05  9.75072293624090314E-01
  1.2636368E-05  9.75072293617004870E-01
  1.2774434E-05  9.75072293609545615E-01
  1.2913694E-05  9.75072293601709772E-01
  1.3054158E-05  9.75072293593487460E-01
  1.3195836E-05  9.75072293584879013E-01
  1.3338739E-05  9.75072293575879989E-01
  1.3482878E-05  9.75072293566479509E-01
  1.3628262E-05  9.75072293556672243E-01
  1.3774904E-05  9.75072293546453861E-01
  1.3922813E-05  9.75072293535817702E-01
  1.4072002E-05  9.75072293524757883E-01
  1.4222480E-05  9.75072293513265520E-01
  1.4374259E-05  9.75072293501337506E-01
  1.4527350E-05  9.75072293488964625E-01
  1.4681765E-05  9.75072293476138441E-01
  1.4837514E-05  9.75072293462856288E-01
  1.4994611E-05  9.75072293449109284E-01
  1.5153065E-05  9.75072293434886994E-01
  1.5312890E-05  9.75072293420186642E-01
  1.5474096E-05  9.75072293404997681E-01
  1.5636696E-05  9.75072293389313005E-01
  1.5800701E-05  9.75072293373124843E-01
  1.5966125E-05  9.75072293356425202E-01
  1.6132978E-05  9.75072293339204199E-01
  1.6301275E-05  9.75072293321456174E-01
  1.6471026E-05  9.75072293303173465E-01
  1.6642245E-05  9.75072293284341529E-01
  1.6814944E-05  9.75072293264956813E-01
  1.6989136E-05  9.75072293245004995E-01
  1.7164834E-05  9.75072293224482078E-01
  1.7342051E-05  9.75072293203376295E-01
  1.7520801E-05  9.75072293181678651E-01
  1.7701095E-05  9.75072293159378267E-01
  1.7882949E-05  9.75072293136468371E-01
  1.8066374E-05  9.75072293112932864E-01
  1.8251386E-05  9.75072293088765307E-01
  1.8437997E-05  9.75072293063955486E-01
  1.8626221E-05  9.75072293038490523E-01
  1.8816073E-05  9.75072293012358426E-01
  1.9007566E-05  9.75072292985552425E-01
  1.9200714E-05  9.75072292958061415E-01
  1.9395533E-05  9.75072292929867190E-01
  1.9592035E-05  9.75072292900961091E-01
  1.9790237E-05  9.75072292871334345E-01
  1.9990152E-05  9.75072292840969634E-01
  2.0191795E-05  9.75072292809856078E-01
  2.0395182E-05  9.75072292777983129E-01
  2.0600327E-05  9.75072292745334024E-01
  2.0807246E-05  9.75072292711901878E-01
  2.1015954E-05  9.75072292677666930E-01
  2.1226466E-05  9.75072292642619298E-01
  2.1438798E-05  9.75072292606742330E-01
  2.1652966E-05  9.75072292570022481E-01
  2.1868985E-05  9.75072292532445317E-01
  2.2086872E-05  9.75072292493995740E-01
  2.2306643E-05  9.75072292454660317E-01
  2.2528313E-05  9.75072292414421504E-01
  2.2751901E-05  9.75072292373266314E-01
  2.2977421E-05  9.75072292331174761E-01
  2.3204891E-05  9.75072292288136633E-01
  2.3434327E-05  9.75072292244129724E-01
  2.3665748E-05  9.75072292199137935E-01
  2.3899168E-05  9.75072292153147613E-01
  2.4134607E-05  9.75072292106141658E-01
  2.4372082E-05  9.75072292058094869E-01
  2.4611609E-05  9.75072292009001695E-01
  2.4853208E-05  9.75072291958831050E-01
  2.5096895E-05  9.75072291907573607E-01
  2.5342689E-05  9.75072291855205386E-01
  2.5590608E-05  9.75072291801710289E-01
  2.5840670E-05  9.75072291747064779E-01
  2.6092894E-05  9.75072291691252646E-01
  2.6347299E-05  9.75072291634250798E-01
  2.6603903E-05  9.75072291576040140E-01
  2.6862726E-05  9.75072291516598355E-01
  2.7123786E-05  9.75072291455906570E-01
  2.7387104E-05  9.75072291393941248E-01
  2.7652698E-05  9.75072291330678409E-01
  2.7920588E-05  9.75072291266098512E-01
  2.8190794E-05  9.75072291200176466E-01
  2.8463336E-05  9.75072291132889513E-01
  2.8738235E-05  9.75072291064212560E-01
  2.9015510E-05  9.75072290994122737E-01
  2.9295182E-05  9.75072290922592733E-01
  2.9577272E-05  9.75072290849600010E-01
  2.9861801E-05  9.75072290775116812E-01
  3.0148790E-05  9.75072290699122379E-01
  3.0438260E-05  9.75072290621584292E-01
  3.0730233E-05  9.75072290542480236E-01
  3.1024730E-05  9.75072290461776348E-01
  3.1321773E-05  9.75072290379450868E-01
  3.1621384E-05  9.75072290295469046E-01
  3.1923586E-05  9.75072290209808346E-01
  3.2228400E-05  9.75072290122435792E-01
  3.2535849E-05  9.75072290033320410E-01
  3.2845957E-05  9.75072289942432224E-01
  3.3158745E-05  9.75072289849740592E-01
  3.3474238E-05  9.75072289755211319E-01
  3.3792458E-05  9.75072289658818980E-01
  3.4113430E-05  9.75072289560523719E-01
  3.4437176E-05  9.75072289460291786E-01
  3.4763722E-05  9.75072289358095756E-01
  3.5093090E-05  9.75072289253898106E-01
  3.5425306E-05  9.75072289147662974E-01
  3.5760395E-05  9.75072289039354279E-01
  3.6098380E-05  9.75072288928934383E-01
  3.6439287E-05  9.75072288816364319E-01
  3.6783142E-05  9.75072288701615664E-01
  3.7129969E-05  9.75072288584639013E-01
  3.7479795E-05  9.75072288465400394E-01
  3.7832646E-05  9.75072288343862059E-01
  3.8188547E-05  9.75072288219977934E-01
  3.8547525E-05  9.75072288093708162E-01
  3.8909606E-05  9.75072287965016438E-01
  3.9274818E-05  9.75072287833855911E-01
  3.9643187E-05  9.75072287700179285E-01
  4.0014741E-05  9.75072287563947482E-01
  4.0389508E-05  9.75072287425115425E-01
  4.0767514E-05  9.75072287283634154E-01
  4.1148789E-05  9.75072287139464366E-01
  4.1533359E-05  9.75072286992548443E-01
  4.1921255E-05  9.75072286842844860E-01
  4.2312504E-05  9.75072286690304102E-01
  4.2707136E-05  9.75072286534874544E-01
  4.3105179E-05  9.75072286376502562E-01
  4.3506664E-05  9.75072286215141304E-01
  4.3911620E-05  9.75072286050735926E-01
  4.4320076E-05  9.75072285883233358E-01
  4.4732065E-05  9.75072285712578202E-01
  4.5147615E-05  9.75072285538718386E-01
  4.5566757E-05  9.75072285361594959E-01
  4.5989524E-05  9.75072285181148302E-01
  4.6415945E-05  9.75072284997320571E-01
  4.6846053E-05  9.75072284810055812E-01
  4.7279879E-05  9.75072284619289631E-01
  4.7717457E-05  9.75072284424962854E-01
  4.8158817E-05  9.75072284227010977E-01
  4.8603993E-05  9.75072284025371605E-01
  4.9053018E-05  9.75072283819980679E-01
  4.9505924E-05  9.75072283610769919E-01
  4.9962747E-05  9.75072283397673378E-01
  5.0423519E-05  9.75072283180623889E-01
  5.0888274E-05  9.75072282959547731E-01
  5.1357048E-05  9.75072282734378293E-01
  5.1829874E-05  9.75072282505041299E-01
  5.2306789E-05  9.75072282271466695E-01
  5.2787826E-05  9.75072282033575766E-01
  5.3273022E-05  9.75072281791295903E-01
  5.3762413E-05  9.75072281544546948E-01
  5.4256035E-05  9.75072281293254628E-01
  5.4753925E-05  9.75072281037332789E-01
  5.5256119E-05  9.75072280776702494E-01
  5.5762655E-05  9.75072280511286693E-01
  5.6273570E-05  9.75072280240994127E-01
  5.6788902E-05  9.75072279965743416E-01
  5.7308689E-05  9.75072279685444188E-01
  5.7832971E-05  9.75072279400007846E-01
  5.8361785E-05  9.75072279109345019E-01
  5.8895171E-05  9.75072278813367888E-01
  5.9433168E-05  9.75072278511976753E-01
  5.9975817E-05  9.75072278205079135E-01
  6.0523157E-05  9.75072277892577555E-01
  6.1075229E-05  9.75072277574375867E-01
  6.1632074E-05  9.75072277250372821E-01
  6.2193733E-05  9.75072276920466163E-01
  6.2760248E-05  9.75072276584551090E-01
  6.3331661E-05  9.75072276242523239E-01
  6.3908014E-05  9.75072275894277696E-01
  6.4489350E-05  9.75072275539698330E-01
  6.5075712E-05  9.75072275178679670E-01
  6.5667143E-05  9.75072274811106365E-01
  6.6263687E-05  9.75072274436864173E-01
  6.6865389E-05  9.75072274055834853E-01
  6.7472293E-05  9.75072273667901834E-01
  6.8084444E-05  9.75072273272941881E-01
  6.8701887E-05  9.75072272870833756E-01
  6.9324669E-05  9.75072272461449008E-01
  6.9952835E-05  9.75072272044664734E-01
  7.0586431E-05  9.75072271620345377E-01
  7.1225505E-05  9.75072271188357931E-01
  7.1870105E-05  9.75072270748575054E-01
  7.2520277E-05  9.75072270300853194E-01
  7.3176070E-05  9.75072269845057016E-01
  7.3837533E-05  9.75072269381042633E-01
  7.4504715E-05  9.75072268908666717E-01
  7.5177665E-05  9.75072268427778610E-01
  7.5856433E-05  9.75072267938235870E-01
  7.6541069E-05  9.75072267439885731E-01
  7.7231624E-05  9.75072266932570875E-01
  7.7928149E-05  9.75072266416132538E-01
  7.8630696E-05  9.75072265890415846E-01
  7.9339317E-05  9.75072265355253154E-01
  8.0054065E-05  9.75072264810481260E-01
  8.0774991E-05  9.75072264255931964E-01
  8.1502151E-05  9.75072263691436181E-01
  8.2235597E-05  9.75072263116814164E-01
  8.2975385E-05  9.75072262531892164E-01
  8.3721568E-05  9.75072261936484996E-01
  8.4474202E-05  9.75072261330414358E-01
  8.5233343E-05  9.75072260713493510E-01
  8.5999047E-05  9.75072260085527720E-01
  8.6771371E-05  9.75072259446328249E-01
  8.7550373E-05  9.75072258795695479E-01
  8.8336109E-05  9.75072258133428793E-01
  8.9128638E-05  9.75072257459323688E-01
  8.9928019E-05  9.75072256773179769E-01
  9.0734312E-05  9.75072256074774546E-01
  9.1547575E-05  9.75072255363900853E-01
  9.2367869E-05  9.75072254640339642E-01
  9.3195255E-05  9.75072253903869424E-01
  9.4029794E-05  9.75072253154261159E-01
  9.4871548E-05  9.75072252391285810E-01
  9.5720579E-05  9.75072251614712560E-01
  9.6576951E-05  9.75072250824299602E-01
  9.7440727E-05  9.75072250019805464E-01
  9.8311970E-05  9.75072249200984120E-01
  9.9190746E-05  9.75072248367585659E-01
  1.0007712E-04  9.75072247519351176E-01
  1.0097116E-04  9.75072246656023656E-01
  1.0187292E-04  9.75072245777339308E-01
  1.0278248E-04  9.75072244883028683E-01
  1.0369991E-04  9.75072243972819108E-01
  1.0462527E-04  9.75072243046432141E-01
  1.0555862E-04  9.75072242103581788E-01
  1.0650005E-04  9.75072241143984608E-01
  1.0744962E-04  9.75072240167344062E-01
  1.0840739E-04  9.75072239173366495E-01
  1.0937345E-04  9.75072238161743376E-01
  1.1034786E-04  9.75072237132171060E-01
  1.1133069E-04  9.75072236084331023E-01
  1.1232202E-04  9.75072235017907740E-01
  1.1332192E-04  9.75072233932572585E-01
  1.1433046E-04  9.75072232827997265E-01
  1.1534772E-04  9.75072231703843606E-01
  1.1637378E-04  9.75072230559769659E-01
  1.1740871E-04  9.75072229395428258E-01
  1.1845259E-04  9.75072228210464131E-01
  1.1950549E-04  9.75072227004515679E-01
  1.2056750E-04  9.75072225777216528E-01
  1.2163868E-04  9.75072224528195308E-01
  1.2271913E-04  9.75072223257071546E-01
  1.2380892E-04  9.75072221963458219E-01
  1.2490813E-04  9.75072220646961196E-01
  1.2601684E-04  9.75072219307181021E-01
  1.2713514E-04  9.75072217943714237E-01
  1.2826311E-04  9.75072216556141402E-01
  1.2940082E-04  9.75072215144044074E-01
  1.3054838E-04  9.75072213706992930E-01
  1.3170585E-04  9.75072212244552539E-01
  1.3287334E-04  9.75072210756280144E-01
  1.3405091E-04  9.75072209241723109E-01
  1.3523867E-04  9.75072207700424465E-01
  1.3643670E-04  9.75072206131911701E-01
  1.3764508E-04  9.75072204535717413E-01
  1.3886391E-04  9.75072202911348662E-01
  1.4009328E-04  9.75072201258320281E-01
  1.4133328E-04  9.75072199576130116E-01
  1.4258399E-04  9.75072197864267576E-01
  1.4384552E-04  9.75072196122218293E-01
  1.4511796E-04  9.75072194349451804E-01
  1.4640140E-04  9.75072192545429650E-01
  1.4769593E-04  9.75072190709607045E-01
  1.4900166E-04  9.75072188841432763E-01
  1.5031867E-04  9.75072186940336816E-01
  1.5164707E-04  9.75072185005745440E-01
  1.5298696E-04  9.75072183037079210E-01
  1.5433842E-04  9.75072181033732721E-01
  1.5570158E-04  9.75072178995107786E-01
  1.5707652E-04  9.75072176920589895E-01
  1.5846334E-04  9.75072174809547221E-01
  1.5986216E-04  9.75072172661347825E-01
  1.6127307E-04  9.75072170475335231E-01
  1.6269617E-04  9.75072168250858518E-01
  1.6413158E-04  9.75072165987241446E-01
  1.6557940E-04  9.75072163683804560E-01
  1.6703974E-04  9.75072161339846866E-01
  1.6851270E-04  9.75072158954668700E-01
  1.6999840E-04  9.75072156527545530E-01
  1.7149694E-04  9.75072154057744611E-01
  1.7300844E-04  9.75072151544525867E-01
  1.7453300E-04  9.75072148987125575E-01
  1.7607075E-04  9.75072146384778682E-01
  1.7762179E-04  9.75072143736700259E-01
  1.7918624E-04  9.75072141042089169E-01
  1.8076421E-04  9.75072138300134061E-01
  1.8235583E-04  9.75072135510011817E-01
  1.8396121E-04  9.75072132670880776E-01
  1.8558047E-04  9.75072129781884622E-01
  1.8721372E-04  9.75072126842157938E-01
  1.8886110E-04  9.75072123850810213E-01
  1.9052272E-04  9.75072120806945053E-01
  1.9219870E-04  9.75072117709642416E-01
  1.9388918E-04  9.75072114557973824E-01
  1.9559427E-04  9.75072111350991699E-01
  1.9731410E-04  9.75072108087729261E-01
  1.9904880E-04  9.75072104767207959E-01
  2.0079850E-04  9.75072101388425372E-01
  2.0256332E-04  9.75072097950366423E-01
  2.0434340E-04  9.75072094452002047E-01
  2.0613887E-04  9.75072090892273979E-01
  2.0794987E-04  9.75072087270116516E-01
  2.0977652E-04  9.75072083584440530E-01
  2.1161896E-04  9.75072079834138017E-01
  2.1347734E-04  9.75072076018079437E-01
  2.1535178E-04  9.75072072135124812E-01
  2.1724242E-04  9.75072068184104523E-01
  2.1914941E-04  9.75072064163833074E-01
  2.2107289E-04  9.75072060073101876E-01
  2.2301300E-04  9.75072055910683022E-01
  2.2496988E-04  9.75072051675328066E-01
  2.2694367E-04  9.75072047365765693E-01
  2.2893454E-04  9.75072042980701714E-01
  2.3094261E-04  9.75072038518817297E-01
  2.3296805E-04  9.75072033978776065E-01
  2.3501099E-04  9.75072029359219328E-01
  2.3707160E-04  9.75072024658760861E-01
  2.3915003E-04  9.75072019875982909E-01
  2.4124642E-04  9.75072015009459059E-01
  2.4336094E-04  9.75072010057728478E-01
  2.4549374E-04  9.75072005019305799E-01
  2.4764497E-04  9.75071999892676899E-01
  2.4981481E-04  9.75071994676308784E-01
  2.5200340E-04  9.75071989368638370E-01
  2.5421092E-04  9.75071983968071709E-01
  2.5643752E-04  9.75071978472992096E-01
  2.5868338E-04  9.75071972881754623E-01
  2.6094864E-04  9.75071967192682187E-01
  2.6323350E-04  9.75071961404070597E-01
  2.6553810E-04  9.75071955514188016E-01
  2.6786264E-04  9.75071949521267411E-01
  2.7020726E-04  9.75071943423513554E-01
  2.7257216E-04  9.75071937219100016E-01
  2.7495751E-04  9.75071930906170503E-01
  2.7736347E-04  9.75071924482835861E-01
  2.7979024E-04  9.75071917947166411E-01
  2.8223799E-04  9.75071911297218041E-01
  2.8470690E-04  9.75071904530987910E-01
  2.8719716E-04  9.75071897646457741E-01
  2.8970894E-04  9.75071890641566186E-01
  2.9224244E-04  9.75071883514212701E-01
  2.9479784E-04  9.75071876262271986E-01
  2.9737534E-04  9.75071868883571446E-01
  2.9997512E-04  9.75071861375902738E-01
  3.0259738E-04  9.75071853737014771E-01
  3.0524231E-04  9.75071845964634365E-01
  3.0791010E-04  9.75071838056429385E-01
  3.1060096E-04  9.75071830010032836E-01
  3.1331508E-04  9.75071821823041085E-01
  3.1605267E-04  9.75071813493006534E-01
  3.1881393E-04  9.75071805017439619E-01
  3.2159906E-04  9.75071796393806367E-01
  3.2440826E-04  9.75071787619526731E-01
  3.2724176E-04  9.75071778691981028E-01
  3.3009975E-04  9.75071769608497729E-01
  3.3298245E-04  9.75071760366359674E-01
  3.3589007E-04  9.75071750962813955E-01
  3.3882283E-04  9.75071741395041047E-01
  3.4178094E-04  9.75071731660186347E-01
  3.4476463E-04  9.75071721755335075E-01
  3.4777412E-04  9.75071711677537034E-01
  3.5080962E-04  9.75071701423781523E-01
  3.5387137E-04  9.75071690990997886E-01
  3.5695959E-04  9.75071680376072614E-01
  3.6007451E-04  9.75071669575838795E-01
  3.6321635E-04  9.75071658587069678E-01
  3.6638536E-04  9.75071647406479891E-01
  3.6958177E-04  9.75071636030737432E-01
  3.7280581E-04  9.75071624456438690E-01
  3.7605773E-04  9.75071612680131095E-01
  3.7933776E-04  9.75071600698301455E-01
  3.8264615E-04  9.75071588507368081E-01
  3.8598314E-04  9.75071576103693327E-01
  3.8934898E-04  9.75071563483575376E-01
  3.9274392E-04  9.75071550643250573E-01
  3.9616821E-04  9.75071537578880543E-01
  3.9962210E-04  9.75071524286568070E-01
  4.0310586E-04  9.75071510762349547E-01
  4.0661973E-04  9.75071497002187759E-01
  4.1016399E-04  9.75071483001975436E-01
  4.1373888E-04  9.75071468757539361E-01
  4.1734469E-04  9.75071454264625159E-01
  4.2098166E-04  9.75071439518910066E-01
  4.2465009E-04  9.75071424515994378E-01
  4.2835022E-04  9.75071409251409338E-01
  4.3208235E-04  9.75071393720595481E-01
  4.3584674E-04  9.75071377918922622E-01
  4.3964367E-04  9.75071361841676421E-01
  4.4347344E-04  9.75071345484065377E-01
  4.4733631E-04  9.75071328841208396E-01
  4.5123258E-04  9.75071311908142668E-01
  4.5516254E-04  9.75071294679823675E-01
  4.5912647E-04  9.75071277151108862E-01
  4.6312467E-04  9.75071259316774963E-01
  4.6715744E-04  9.75071241171503345E-01
  4.7122507E-04  9.75071222709889329E-01
  4.7532787E-04  9.75071203926425323E-01
  4.7946614E-04  9.75071184815512138E-01
  4.8364019E-04  9.75071165371454329E-01
  4.8785033E-04  9.75071145588455312E-01
  4.9209686E-04  9.75071125460624022E-01
  4.9638011E-04  9.75071104981953263E-01
  5.0070039E-04  9.75071084146349687E-01
  5.0505802E-04  9.75071062947597711E-01
  5.0945332E-04  9.75071041379383385E-01
  5.1388663E-04  9.75071019435275854E-01
  5.1835826E-04  9.75070997108742565E-01
  5.2286855E-04  9.75070974393131618E-01
  5.2741784E-04  9.75070951281673537E-01
  5.3200645E-04  9.75070927767483275E-01
  5.3663474E-04  9.75070903843554548E-01
  5.4130304E-04  9.75070879502761390E-01
  5.4601170E-04  9.75070854737855042E-01
  5.5076107E-04  9.75070829541457185E-01
  5.5555150E-04  9.75070803906065042E-01
  5.6038334E-04  9.75070777824042501E-01
  5.6525696E-04  9.75070751287622106E-01
  5.7017272E-04  9.75070724288900292E-01
  5.7513097E-04  9.75070696819841820E-01
  5.8013209E-04  9.75070668872258350E-01
  5.8517645E-04  9.75070640437833869E-01
  5.9026442E-04  9.75070611508103147E-01
  5.9539638E-04  9.75070582074451075E-01
  6.0057270E-04  9.75070552128110668E-01
  6.0579378E-04  9.75070521660170941E-01
  6.1105999E-04  9.75070490661561040E-01
  6.1637174E-04  9.75070459123045019E-01
  6.2172941E-04  9.75070427035245602E-01
  6.2713339E-04  9.75070394388603656E-01
  6.3258410E-04  9.75070361173404287E-01
  6.3808193E-04  9.75070327379760626E-01
  6.4362730E-04  9.75070292997615051E-01
  6.4922060E-04  9.75070258016732416E-01
  6.5486227E-04  9.75070222426705935E-01
  6.6055271E-04  9.75070186216939860E-01
  6.6629234E-04  9.75070149376659145E-01
  6.7208160E-04  9.75070111894899005E-01
  6.7792091E-04  9.75070073760508249E-01
  6.8381070E-04  9.75070034962137400E-01
  6.8975141E-04  9.75069995488245245E-01
  6.9574348E-04  9.75069955327084181E-01
  7.0178736E-04  9.75069914466703547E-01
  7.0788349E-04  9.75069872894948064E-01
  7.1403232E-04  9.75069830599447185E-01
  7.2023432E-04  9.75069787567620749E-01
  7.2648993E-04  9.75069743786668441E-01
  7.3279963E-04  9.75069699243560795E-01
  7.3916387E-04  9.75069653925050517E-01
  7.4558314E-04  9.75069607817656392E-01
  7.5205791E-04  9.75069560907660504E-01
  7.5858865E-04  9.75069513181116343E-01
  7.6517586E-04  9.75069464623818827E-01
  7.7182001E-04  9.75069415221334945E-01
  7.7852161E-04  9.75069364958967344E-01
  7.8528115E-04  9.75069313821766537E-01
  7.9209913E-04  9.75069261794525133E-01
  7.9897605E-04  9.75069208861770953E-01
  8.0591242E-04  9.75069155007762478E-01
  8.1290877E-04  9.75069100216481410E-01
  8.1996560E-04  9.75069044471639335E-01
  8.2708344E-04  9.75068987756657957E-01
  8.3426282E-04  9.75068930054675209E-01
  8.4150427E-04  9.75068871348527377E-01
  8.4880832E-04  9.75068811620766196E-01
  8.5617552E-04  9.75068750853629651E-01
  8.6360641E-04  9.75068689029052194E-01
  8.7110155E-04  9.75068626128647753E-01
  8.7866149E-04  9.75068562133725503E-01
  8.8628679E-04  9.75068497025252112E-01
  8.9397801E-04  9.75068430783873175E-01
  9.0173573E-04  9.75068363389897885E-01
  9.0956051E-04  9.75068294823292159E-01
  9.1745295E-04  9.75068225063671190E-01
  9.2541362E-04  9.75068154090299344E-01
  9.3344311E-04  9.75068081882080495E-01
  9.4154202E-04  9.75068008417550369E-01
  9.4971095E-04  9.75067933674876097E-01
  9.5795051E-04  9.75067857631840562E-01
  9.6626130E-04  9.75067780265838291E-01
  9.7464394E-04  9.75067701553876565E-01
  9.8309906E-04  9.75067621472564428E-01
  9.9162727E-04  9.75067539998101585E-01
  1.0002292E-03  9.75067457106274293E-01
  1.0089055E-03  9.75067372772447594E-01
  1.0176569E-03  9.75067286971556646E-01
  1.0264838E-03  9.75067199678102625E-01
  1.0353871E-03  9.75067110866151276E-01
  1.0443674E-03  9.75067020509311821E-01
  1.0534253E-03  9.75066928580730741E-01
  1.0625615E-03  9.75066835053095549E-01
  1.0717767E-03  9.75066739898608481E-01
  1.0810716E-03  9.75066643089002150E-01
  1.0904469E-03  9.75066544595508344E-01
  1.0999031E-03  9.75066444388866360E-01
  1.1094412E-03  9.75066342439301015E-01
  1.1190617E-03  9.75066238716522093E-01
  1.1287654E-03  9.75066133189714135E-01
  1.1385529E-03  9.75066025827523331E-01
  1.1484251E-03  9.75065916598060300E-01
  1.1583827E-03  9.75065805468868230E-01
  1.1684263E-03  9.75065692406935081E-01
  1.1785568E-03  9.75065577378672943E-01
  1.1887748E-03  9.75065460349915480E-01
  1.1990812E-03  9.75065341285892950E-01
  1.2094767E-03  9.75065220151236978E-01
  1.2199621E-03  9.75065096909966567E-01
  1.2305381E-03  9.75064971525471891E-01
  1.2412055E-03  9.75064843960510408E-01
  1.2519652E-03  9.75064714177190095E-01
  1.2628179E-03  9.75064582136966007E-01
  1.2737644E-03  9.75064447800613743E-01
  1.2848056E-03  9.75064311128235883E-01
  1.2959422E-03  9.75064172079240898E-01
  1.3071751E-03  9.75064030612329824E-01
  1.3185051E-03  9.75063886685481385E-01
  1.3299331E-03  9.75063740255959210E-01
  1.3414599E-03  9.75063591280269759E-01
  1.3530863E-03  9.75063439714169977E-01
  1.3648132E-03  9.75063285512649980E-01
  1.3766416E-03  9.75063128629913844E-01
  1.3885722E-03  9.75062969019374948E-01
  1.4006059E-03  9.75062806633630319E-01
  1.4127437E-03  9.75062641424460752E-01
  1.4249864E-03  9.75062473342806157E-01
  1.4373349E-03  9.75062302338754461E-01
  1.4497903E-03  9.75062128361525837E-01
  1.4623533E-03  9.75061951359462276E-01
  1.4750249E-03  9.75061771280001377E-01
  1.4878060E-03  9.75061588069675023E-01
  1.5006977E-03  9.75061401674085393E-01
  1.5137008E-03  9.75061212037882319E-01
  1.5268164E-03  9.75061019104762061E-01
  1.5400453E-03  9.75060822817439998E-01
  1.5533886E-03  9.75060623117636527E-01
  1.5668472E-03  9.75060419946061852E-01
  1.5804223E-03  9.75060213242391560E-01
  1.5941146E-03  9.75060002945257631E-01
  1.6079254E-03  9.75059788992226006E-01
  1.6218555E-03  9.75059571319774721E-01
  1.6359061E-03  9.75059349863280689E-01
  1.6500782E-03  9.75059124556996282E-01
  1.6643728E-03  9.75058895334038556E-01
  1.6787910E-03  9.75058662126357500E-01
  1.6933338E-03  9.75058424864719053E-01
  1.7080023E-03  9.75058183478693108E-01
  1.7227977E-03  9.75057937896616878E-01
  1.7377210E-03  9.75057688045590898E-01
  1.7527733E-03  9.75057433851448496E-01
  1.7679558E-03  9.75057175238732143E-01
  1.7832695E-03  9.75056912130672360E-01
  1.7987156E-03  9.75056644449171950E-01
  1.8142952E-03  9.75056372114772807E-01
  1.8300095E-03  9.75056095046634153E-01
  1.8458597E-03  9.75055813162518659E-01
  1.8618469E-03  9.75055526378754256E-01
  1.8779724E-03  9.75055234610224364E-01
  1.8942372E-03  9.75054937770319929E-01
  1.9106427E-03  9.75054635770939870E-01
  1.9271900E-03  9.75054328522445446E-01
  1.9438804E-03  9.75054015933645934E-01
  1.9607150E-03  9.75053697911763217E-01
  1.9776952E-03  9.75053374362407910E-01
  1.9948222E-03  9.75053045189558598E-01
  2.0120973E-03  9.75052710295510439E-01
  2.0295217E-03  9.75052369580877487E-01
  2.0470968E-03  9.75052022944540631E-01
  2.0648238E-03  9.75051670283623828E-01
  2.0827041E-03  9.75051311493465023E-01
  2.1007390E-03  9.75050946467588608E-01
  2.1189298E-03  9.75050575097661798E-01
  2.1372778E-03  9.75050197273475860E-01
  2.1557845E-03  9.75049812882906819E-01
  2.1744512E-03  9.75049421811883255E-01
  2.1932792E-03  9.75049023944349447E-01
  2.2122701E-03  9.75048619162238284E-01
  2.2314251E-03  9.75048207345429852E-01
  2.2507457E-03  9.75047788371720126E-01
  2.2702334E-03  9.75047362116780669E-01
  2.2898896E-03  9.75046928454123663E-01
  2.3097156E-03  9.75046487255065042E-01
  2.3297131E-03  9.75046038388682867E-01
  2.3498835E-03  9.75045581721790233E-01
  2.3702283E-03  9.75045117118876203E-01
  2.3907489E-03  9.75044644442082720E-01
  2.4114470E-03  9.75044163551155418E-01
  2.4323240E-03  9.75043674303405217E-01
  2.4533815E-03  9.75043176553661572E-01
  2.4746211E-03  9.75042670154238511E-01
  2.4960443E-03  9.75042154954879559E-01
  2.5176527E-03  9.75041630802721548E-01
  2.5394479E-03  9.75041097542251323E-01
  2.5614315E-03  9.75040555015239008E-01
  2.5836052E-03  9.75040003060727578E-01
  2.6059706E-03  9.75039441514946703E-01
  2.6285294E-03  9.75038870211291431E-01
  2.6512832E-03  9.75038288980262902E-01
  2.6742337E-03  9.75037697649416057E-01
  2.6973827E-03  9.75037096043312235E-01
  2.7207318E-03  9.75036483983462210E-01
  2.7442827E-03  9.75035861288284456E-01
  2.7680372E-03  9.75035227773035529E-01
  2.7919972E-03  9.75034583249770326E-01
  2.8161642E-03  9.75033927527278133E-01
  2.8405402E-03  9.75033260411024116E-01
  2.8651270E-03  9.75032581703096701E-01
  2.8899263E-03  9.75031891202149614E-01
  2.9149400E-03  9.75031188703336937E-01
  2.9401700E-03  9.75030473998257596E-01
  2.9656180E-03  9.75029746874892744E-01
  2.9912862E-03  9.75029007117531710E-01
  3.0171762E-03  9.75028254506733139E-01
  3.0432900E-03  9.75027488819229737E-01
  3.0696296E-03  9.75026709827888527E-01
  3.0961970E-03  9.75025917301627021E-01
  3.1229940E-03  9.75025111005347056E-01
  3.1500227E-03  9.75024290699872509E-01
  3.1772851E-03  9.75023456141873912E-01
  3.2047832E-03  9.75022607083789628E-01
  3.2325190E-03  9.75021743273765451E-01
  3.2604946E-03  9.75020864455573011E-01
  3.2887120E-03  9.75019970368528610E-01
  3.3171735E-03  9.75019060747428390E-01
  3.3458810E-03  9.75018135322459845E-01
  3.3748366E-03  9.75017193819126105E-01
  3.4040426E-03  9.75016235958163002E-01
  3.4335011E-03  9.75015261455454030E-01
  3.4632143E-03  9.75014270021952179E-01
  3.4931844E-03  9.75013261363592121E-01
  3.5234136E-03  9.75012235181196729E-01
  3.5539041E-03  9.75011191170400249E-01
  3.5846583E-03  9.75010129021544492E-01
  3.6156783E-03  9.75009048419598567E-01
  3.6469665E-03  9.75007949044063627E-01
  3.6785252E-03  9.75006830568867167E-01
  3.7103568E-03  9.75005692662278545E-01
  3.7424635E-03  9.75004534986812055E-01
  3.7748479E-03  9.75003357199111464E-01
  3.8075122E-03  9.75002158949866859E-01
  3.8404589E-03  9.75000939883695961E-01
  3.8736905E-03  9.74999699639050310E-01
  3.9072093E-03  9.74998437848102473E-01
  3.9410180E-03  9.74997154136633015E-01
  3.9751189E-03  9.74995848123933695E-01
  4.0095147E-03  9.74994519422675343E-01
  4.0442078E-03  9.74993167638808722E-01
  4.0792008E-03  9.74991792371439736E-01
  4.1144964E-03  9.74990393212717965E-01
  4.1500972E-03  9.74988969747705880E-01
  4.1860057E-03  9.74987521554263825E-01
  4.2222247E-03  9.74986048202914124E-01
  4.2587568E-03  9.74984549256737498E-01
  4.2956048E-03  9.74983024271215637E-01
  4.3327713E-03  9.74981472794114734E-01
  4.3702592E-03  9.74979894365348931E-01
  4.4080711E-03  9.74978288516843317E-01
  4.4462100E-03  9.74976654772392370E-01
  4.4846785E-03  9.74974992647528182E-01
  4.5234797E-03  9.74973301649371793E-01
  4.5626163E-03  9.74971581276481758E-01
  4.6020913E-03  9.74969831018701605E-01
  4.6419075E-03  9.74968050357033822E-01
  4.6820680E-03  9.74966238763463333E-01
  4.7225757E-03  9.74964395700800623E-01
  4.7634336E-03  9.74962520622536966E-01
  4.8046448E-03  9.74960612972670559E-01
  4.8462122E-03  9.74958672185546549E-01
  4.8881390E-03  9.74956697685689488E-01
  4.9304283E-03  9.74954688887639587E-01
  4.9730832E-03  9.74952645195751533E-01
  5.0161069E-03  9.74950566004062380E-01
  5.0595025E-03  9.74948450696070390E-01
  5.1032733E-03  9.74946298644579823E-01
  5.1474225E-03  9.74944109211502985E-01
  5.1919535E-03  9.74941881747673489E-01
  5.2368694E-03  9.74939615592654851E-01
  5.2821736E-03  9.74937310074543872E-01
  5.3278695E-03  9.74934964509767799E-01
  5.3739605E-03  9.74932578202896027E-01
  5.4204500E-03  9.74930150446418509E-01
  5.4673414E-03  9.74927680520536466E-01
  5.5146381E-03  9.74925167692965777E-01
  5.5623438E-03  9.74922611218701385E-01
  5.6104620E-03  9.74920010339805021E-01
  5.6589961E-03  9.74917364285186827E-01
  5.7079498E-03  9.74914672270355664E-01
  5.7573268E-03  9.74911933497219052E-01
  5.8071307E-03  9.74909147153817712E-01
  5.8573651E-03  9.74906312414095755E-01
  5.9080339E-03  9.74903428437667086E-01
  5.9591407E-03  9.74900494369546955E-01
  6.0106893E-03  9.74897509339905821E-01
  6.0626836E-03  9.74894472463829209E-01
  6.1151274E-03  9.74891382841027165E-01
  6.1680247E-03  9.74888239555584235E-01
  6.2213792E-03  9.74885041675686570E-01
  6.2751950E-03  9.74881788253347370E-01
  6.3294761E-03  9.74878478324114006E-01
  6.3842265E-03  9.74875110906809894E-01
  6.4394502E-03  9.74871685003203425E-01
  6.4951514E-03  9.74868199597754170E-01
  6.5513341E-03  9.74864653657284141E-01
  6.6080026E-03  9.74861046130682696E-01
  6.6651610E-03  9.74857375948599225E-01
  6.7228135E-03  9.74853642023107425E-01
  6.7809645E-03  9.74849843247415970E-01
  6.8396183E-03  9.74845978495508358E-01
  6.8987791E-03  9.74842046621828717E-01
  6.9584514E-03  9.74838046460934970E-01
  7.0186396E-03  9.74833976827158999E-01
  7.0793481E-03  9.74829836514247594E-01
  7.1405815E-03  9.74825624295019399E-01
  7.2023443E-03  9.74821338920987768E-01
  7.2646411E-03  9.74816979121996385E-01
  7.3274765E-03  9.74812543605850124E-01
  7.3908551E-03  9.74808031057917912E-01
  7.4547816E-03  9.74803440140758815E-01
  7.5192609E-03  9.74798769493713801E-01
  7.5842975E-03  9.74794017732513396E-01
  7.6498965E-03  9.74789183448865226E-01
  7.7160626E-03  9.74784265210032586E-01
  7.7828007E-03  9.74779261558410992E-01
  7.8501158E-03  9.74774171011110524E-01
  7.9180129E-03  9.74768992059495520E-01
  7.9864970E-03  9.74763723168753926E-01
  8.0555732E-03  9.74758362777438325E-01
  8.1252466E-03  9.74752909297008641E-01
  8.1955223E-03  9.74747361111350741E-01
  8.2664056E-03  9.74741716576311146E-01
  8.3379018E-03  9.74735974019203977E-01
  8.4100160E-03  9.74730131738314021E-01
  8.4827537E-03  9.74724188002401126E-01
  8.5561203E-03  9.74718141050186282E-01
  8.6301212E-03  9.74711989089823816E-01
  8.7047618E-03  9.74705730298381479E-01
  8.7800478E-03  9.74699362821288884E-01
  8.8559846E-03  9.74692884771804491E-01
  8.9325779E-03  9.74686294230446171E-01
  9.0098335E-03  9.74679589244432654E-01
  9.0877569E-03  9.74672767827092001E-01
  9.1663540E-03  9.74665827957293285E-01
  9.2456307E-03  9.74658767578833518E-01
  9.3255927E-03  9.74651584599840470E-01
  9.4062461E-03  9.74644276892141614E-01
  9.4875967E-03  9.74636842290651506E-01
  9.5696506E-03  9.74629278592720971E-01
  9.6524140E-03  9.74621583557487181E-01
  9.7358929E-03  9.74613754905213847E-01
  9.8200935E-03  9.74605790316620202E-01
  9.9050220E-03  9.74597687432188664E-01
  9.9906849E-03  9.74589443851469839E-01
  1.0077088E-02  9.74581057132385187E-01
  1.0164239E-02  9.74572524790481620E-01
  1.0252143E-02  9.74563844298218740E-01
  1.0340806E-02  9.74555013084217880E-01
  1.0430237E-02  9.74546028532492836E-01
  1.0520440E-02  9.74536887981688804E-01
  1.0611424E-02  9.74527588724288130E-01
  1.0703194E-02  9.74518128005817386E-01
  1.0795757E-02  9.74508503024029249E-01
  1.0889121E-02  9.74498710928078826E-01
  1.0983292E-02  9.74488748817674777E-01
  1.1078277E-02  9.74478613742235655E-01
  1.1174083E-02  9.74468302700009725E-01
  1.1270717E-02  9.74457812637183118E-01
  1.1368187E-02  9.74447140446997873E-01
  1.1466500E-02  9.74436282968812351E-01
  1.1565663E-02  9.74425236987185306E-01
  1.1665682E-02  9.74413999230923755E-01
  1.1766567E-02  9.74402566372104650E-01
  1.1868324E-02  9.74390935025116534E-01
  1.1970960E-02  9.74379101745636356E-01
  1.2074484E-02  9.74367063029635716E-01
  1.2178903E-02  9.74354815312323486E-01
  1.2284225E-02  9.74342354967120849E-01
  1.2390457E-02  9.74329678304563518E-01
  1.2497608E-02  9.74316781571240798E-01
  1.2605685E-02  9.74303660948672268E-01
  1.2714696E-02  9.74290312552187232E-01
  1.2824650E-02  9.74276732429772863E-01
  1.2935555E-02  9.74262916560919789E-01
  1.3047418E-02  9.74248860855433940E-01
  1.3160248E-02  9.74234561152222844E-01
  1.3274054E-02  9.74220013218081049E-01
  1.3388844E-02  9.74205212746440230E-01
  1.3504626E-02  9.74190155356088661E-01
  1.3621410E-02  9.74174836589896120E-01
  1.3739203E-02  9.74159251913491953E-01
  1.3858014E-02  9.74143396713932574E-01
  1.3977852E-02  9.74127266298344896E-01
  1.4098727E-02  9.74110855892536764E-01
  1.4220646E-02  9.74094160639600970E-01
  1.4343620E-02  9.74077175598475176E-01
  1.4467657E-02  9.74059895742501958E-01
  1.4592766E-02  9.74042315957938221E-01
  1.4718957E-02  9.74024431042442851E-01
  1.4846238E-02  9.74006235703572032E-01
  1.4974620E-02  9.73987724557190404E-01
  1.5104113E-02  9.73968892125911756E-01
  1.5234724E-02  9.73949732837480542E-01
  1.5366465E-02  9.73930241023127530E-01
  1.5499345E-02  9.73910410915900360E-01
  1.5633373E-02  9.73890236648992769E-01
  1.5768561E-02  9.73869712253983333E-01
  1.5904917E-02  9.73848831659107628E-01
  1.6042452E-02  9.73827588687469436E-01
  1.6181176E-02  9.73805977055210104E-01
  1.6321099E-02  9.73783990369698982E-01
  1.6462232E-02  9.73761622127598203E-01
  1.6604585E-02  9.73738865713009272E-01
  1.6748169E-02  9.73715714395494203E-01
  1.6892995E-02  9.73692161328125971E-01
  1.7039072E-02  9.73668199545454582E-01
  1.7186413E-02  9.73643821961471589E-01
  1.7335027E-02  9.73619021367538084E-01
  1.7484926E-02  9.73593790430255734E-01
  1.7636121E-02  9.73568121689330601E-01
  1.7788623E-02  9.73542007555376454E-01
  1.7942443E-02  9.73515440307685775E-01
  1.8097594E-02  9.73488412091975008E-01
  1.8254086E-02  9.73460914918083398E-01
  1.8411930E-02  9.73432940657610657E-01
  1.8571140E-02  9.73404481041570402E-01
  1.8731726E-02  9.73375527657937778E-01
  1.8893700E-02  9.73346071949191871E-01
  1.9057074E-02  9.73316105209833360E-01
  1.9221861E-02  9.73285618583789369E-01
  1.9388073E-02  9.73254603061870283E-01
  1.9555722E-02  9.73223049479103763E-01
  1.9724820E-02  9.73190948512061338E-01
  1.9895380E-02  9.73158290676133464E-01
  2.0067414E-02  9.73125066322755861E-01
  2.0240936E-02  9.73091265636578995E-01
  2.0415958E-02  9.73056878632617361E-01
  2.0592493E-02  9.73021895153311722E-01
  2.0770555E-02  9.72986304865576468E-01
  2.0950156E-02  9.72950097257776036E-01
  2.1131309E-02  9.72913261636651372E-01
  2.1314029E-02  9.72875787124209745E-01
  2.1498329E-02  9.72837662654542523E-01
  2.1684222E-02  9.72798876970588311E-01
  2.1871722E-02  9.72759418620871008E-01
  2.2060843E-02  9.72719275956145157E-01
  2.2251599E-02  9.72678437125991113E-01
  2.2444004E-02  9.72636890075391558E-01
  2.2638073E-02  9.72594622541190001E-01
  2.2833819E-02  9.72551622048533515E-01
  2.3031258E-02  9.72507875907240305E-01
  2.3230404E-02  9.72463371208099669E-01
  2.3431272E-02  9.72418094819123224E-01
  2.3633876E-02  9.72372033381718293E-01
  2.3838232E-02  9.72325173306810675E-01
  2.4044354E-02  9.72277500770889924E-01
  2.4252259E-02  9.72229001711993557E-01
  2.4461961E-02  9.72179661825616326E-01
  2.4673476E-02  9.72129466560568423E-01
  2.4886819E-02  9.72078401114746860E-01
  2.5102008E-02  9.72026450430837019E-01
  2.5319056E-02  9.71973599191946702E-01
  2.5537981E-02  9.71919831817168789E-01
  2.5758799E-02  9.71865132457056302E-01
  2.5981526E-02  9.71809484989044514E-01
  2.6206178E-02  9.71752873012771579E-01
  2.6432773E-02  9.71695279845334547E-01
  2.6661327E-02  9.71636688516460456E-01
  2.6891856E-02  9.71577081763601469E-01
  2.7124379E-02  9.71516442026938876E-01
  2.7358912E-02  9.71454751444308484E-01
  2.7595472E-02  9.71391991846051628E-01
  2.7834078E-02  9.71328144749761369E-01
  2.8074747E-02  9.71263191354943989E-01
  2.8317496E-02  9.71197112537604101E-01
  2.8562344E-02  9.71129888844734945E-01
  2.8809309E-02  9.71061500488694107E-01
  2.9058409E-02  9.70991927341523287E-01
  2.9309663E-02  9.70921148929149269E-01
  2.9563089E-02  9.70849144425489086E-01
  2.9818706E-02  9.70775892646463245E-01
  3.0076533E-02  9.70701372043905941E-01
  3.0336588E-02  9.70625560699371559E-01
  3.0598893E-02  9.70548436317864471E-01
  3.0863465E-02  9.70469976221406738E-01
  3.1130324E-02  9.70390157342558735E-01
  3.1399490E-02  9.70308956217797336E-01
  3.1670984E-02  9.70226348980801179E-01
  3.1944824E-02  9.70142311355617903E-01
  3.2221033E-02  9.70056818649722707E-01
  3.2499629E-02  9.69969845746946224E-01
  3.2780634E-02  9.69881367100312919E-01
  3.3064068E-02  9.69791356724737597E-01
  3.3349952E-02  9.69699788189614886E-01
  3.3638309E-02  9.69606634611284601E-01
  3.3929158E-02  9.69511868645365760E-01
  3.4222522E-02  9.69415462478973256E-01
  3.4518422E-02  9.69317387822813292E-01
  3.4816880E-02  9.69217615903116281E-01
  3.5117919E-02  9.69116117453490689E-01
  3.5421560E-02  9.69012862706594480E-01
  3.5727826E-02  9.68907821385694867E-01
  3.6036740E-02  9.68800962696090395E-01
  3.6348325E-02  9.68692255316381701E-01
  3.6662604E-02  9.68581667389616596E-01
  3.6979600E-02  9.68469166514277169E-01
  3.7299336E-02  9.68354719735120106E-01
  3.7621837E-02  9.68238293533889016E-01
  3.7947126E-02  9.68119853819837894E-01
  3.8275227E-02  9.67999365920151011E-01
  3.8606165E-02  9.67876794570160959E-01
  3.8939964E-02  9.67752103903439798E-01
  3.9276648E-02  9.67625257441721009E-01
  3.9616244E-02  9.67496218084653026E-01
  3.9958775E-02  9.67364948099395217E-01
  4.0304268E-02  9.67231409110051787E-01
  4.0652748E-02  9.67095562086929039E-01
  4.1004241E-02  9.66957367335615436E-01
  4.1358772E-02  9.66816784485900582E-01
  4.1716369E-02  9.66673772480517557E-01
  4.2077057E-02  9.66528289563683529E-01
  4.2440864E-02  9.66380293269488266E-01
  4.2807816E-02  9.66229740410088023E-01
  4.3177940E-02  9.66076587063695258E-01
  4.3551264E-02  9.65920788562410593E-01
  4.3927816E-02  9.65762299479833053E-01
  4.4307623E-02  9.65601073618498451E-01
  4.4690714E-02  9.65437063997095501E-01
  4.5077117E-02  9.65270222837513847E-01
  4.5466861E-02  9.65100501551660939E-01
  4.5859974E-02  9.64927850728081293E-01
  4.6256486E-02  9.64752220118387904E-01
  4.6656425E-02  9.64573558623436633E-01
  4.7059823E-02  9.64391814279348392E-01
  4.7466708E-02  9.64206934243251435E-01
  4.7877111E-02  9.64018864778846796E-01
  4.8291062E-02  9.63827551241741132E-01
  4.8708592E-02  9.63632938064537092E-01
  4.9129731E-02  9.63434968741726072E-01
  4.9554512E-02  9.63233585814326609E-01
  4.9982965E-02  9.63028730854288639E-01
  5.0415122E-02  9.62820344448670928E-01
  5.0851015E-02  9.62608366183581032E-01
  5.1290677E-02  9.62392734627856572E-01
  5.1734140E-02  9.62173387316515472E-01
  5.2181437E-02  9.61950260733945961E-01
  5.2632601E-02  9.61723290296854216E-01
  5.3087666E-02  9.61492410336955206E-01
  5.3546665E-02  9.61257554083403742E-01
  5.4009632E-02  9.61018653644954202E-01
  5.4476602E-02  9.60775639991869324E-01
  5.4947609E-02  9.60528442937583549E-01
  5.5422688E-02  9.60276991120032286E-01
  5.5901874E-02  9.60021211982770906E-01
  5.6385203E-02  9.59761031755795302E-01
  5.6872711E-02  9.59496375436075688E-01
  5.7364433E-02  9.59227166767816941E-01
  5.7860407E-02  9.58953328222433399E-01
  5.8360669E-02  9.58674780978241881E-01
  5.8865256E-02  9.58391444899843403E-01
  5.9374205E-02  9.58103238517241995E-01
  5.9887554E-02  9.57810079004632331E-01
  6.0405341E-02  9.57511882158920358E-01
  6.0927605E-02  9.57208562377916294E-01
  6.1454385E-02  9.56900032638234754E-01
  6.1985718E-02  9.56586204472899659E-01
  6.2521645E-02  9.56266987948593106E-01
  6.3062206E-02  9.55942291642653985E-01
  6.3607439E-02  9.55612022619710566E-01
  6.4157387E-02  9.55276086408017422E-01
  6.4712090E-02  9.54934386975467842E-01
  6.5271588E-02  9.54586826705271840E-01
  6.5835923E-02  9.54233306371332524E-01
  6.6405137E-02  9.53873725113264959E-01
  6.6979272E-02  9.53507980411102407E-01
  6.7558371E-02  9.53135968059665495E-01
  6.8142476E-02  9.52757582142601200E-01
  6.8731632E-02  9.52372715006073456E-01
  6.9325881E-02  9.51981257232117462E-01
  6.9925268E-02  9.51583097611668038E-01
  7.0529836E-02  9.51178123117223495E-01
  7.1139631E-02  9.50766218875170543E-01
  7.1754699E-02  9.50347268137786472E-01
  7.2375084E-02  9.49921152254863510E-01
  7.3000832E-02  9.49487750644986805E-01
  7.3631991E-02  9.49046940766492209E-01
  7.4268606E-02  9.48598598088034595E-01
  7.4910725E-02  9.48142596058838549E-01
  7.5558395E-02  9.47678806078573355E-01
  7.6211665E-02  9.47207097466879144E-01
  7.6870583E-02  9.46727337432552885E-01
  7.7535197E-02  9.46239391042369538E-01
  7.8205558E-02  9.45743121189549840E-01
  7.8881714E-02  9.45238388561874920E-01
  7.9563715E-02  9.44725051609459299E-01
  8.0251613E-02  9.44202966512154740E-01
  8.0945458E-02  9.43671987146620261E-01
  8.1645302E-02  9.43131965053023547E-01
  8.2351196E-02  9.42582749401419062E-01
  8.3063193E-02  9.42024186957751031E-01
  8.3781346E-02  9.41456122049535216E-01
  8.4505708E-02  9.40878396531183436E-01
  8.5236332E-02  9.40290849748995905E-01
  8.5973272E-02  9.39693318505818054E-01
  8.6716584E-02  9.39085637025359743E-01
  8.7466322E-02  9.38467636916182180E-01
  8.8222542E-02  9.37839147135364315E-01
  8.8985300E-02  9.37199993951848609E-01
  8.9754652E-02  9.36550000909466496E-01
  9.0530656E-02  9.35888988789656207E-01
  9.1313369E-02  9.35216775573868953E-01
  9.2102848E-02  9.34533176405687005E-01
  9.2899154E-02  9.33838003552633356E-01
  9.3702343E-02  9.33131066367705264E-01
  9.4512477E-02  9.32412171250646016E-01
  9.5329614E-02  9.31681121608896379E-01
  9.6153817E-02  9.30937717818352550E-01
  9.6985144E-02  9.30181757183824232E-01
  9.7823659E-02  9.29413033899247565E-01
  9.8669424E-02  9.28631339007741308E-01
  9.9522501E-02  9.27836460361309845E-01
  1.0038295E-01  9.27028182580474813E-01
  1.0125084E-01  9.26206287013627172E-01
  1.0212624E-01  9.25370551696232613E-01
  1.0300920E-01  9.24520751309850342E-01
  1.0389980E-01  9.23656657141017967E-01
  1.0479809E-01  9.22778037039985732E-01
  1.0570415E-01  9.21884655379337170E-01
  1.0661805E-01  9.20976273012510505E-01
  1.0753985E-01  9.20052647232223020E-01
  1.0846961E-01  9.19113531728849686E-01
  1.0940742E-01  9.18158676548741171E-01
  1.1035333E-01  9.17187828052533849E-01
  1.1130742E-01  9.16200728873449166E-01
  1.1226976E-01  9.15197117875614530E-01
  1.1324041E-01  9.14176730112458480E-01
  1.1421946E-01  9.13139296785142829E-01
  1.1520698E-01  9.12084545201128138E-01
  1.1620303E-01  9.11012198732858103E-01
  1.1720770E-01  9.09921976776599251E-01
  1.1822104E-01  9.08813594711486927E-01
  1.1924315E-01  9.07686763858783885E-01
  1.2027410E-01  9.06541191441402550E-01
  1.2131396E-01  9.05376580543730713E-01
  1.2236281E-01  9.04192630071772196E-01
  1.2342073E-01  9.02989034713666983E-01
  1.2448779E-01  9.01765484900635239E-01
  1.2556408E-01  9.00521666768363649E-01
  1.2664968E-01  8.99257262118872247E-01
  1.2774466E-01  8.97971948382978558E-01
  1.2884911E-01  8.96665398583287976E-01
  1.2996310E-01  8.95337281297884036E-01
  1.3108673E-01  8.93987260624677149E-01
  1.3222007E-01  8.92614996146520845E-01
  1.3336321E-01  8.91220142897119705E-01
  1.3451623E-01  8.89802351327813934E-01
  1.3567922E-01  8.88361267275286415E-01
  1.3685227E-01  8.86896531930251530E-01
  1.3803545E-01  8.85407781807188266E-01
  1.3922887E-01  8.83894648715233933E-01
  1.4043260E-01  8.82356759730226869E-01
  1.4164674E-01  8.80793737168038215E-01
  1.4287138E-01  8.79205198559261381E-01
  1.4410660E-01  8.77590756625286517E-01
  1.4535251E-01  8.75950019255917534E-01
  1.4660918E-01  8.74282589488560302E-01
  1.4787673E-01  8.72588065489101061E-01
  1.4915522E-01  8.70866040534547858E-01
  1.5044478E-01  8.69116102997548601E-01
  1.5174548E-01  8.67337836332863654E-01
  1.5305742E-01  8.65530819065923551E-01
  1.5438071E-01  8.63694624783548415E-01
  1.5571544E-01  8.61828822126944227E-01
  1.5706171E-01  8.59932974787117166E-01
  1.5841962E-01  8.58006641502790490E-01
  1.5978927E-01  8.56049376060954326E-01
  1.6117075E-01  8.54060727300187339E-01
  1.6256419E-01  8.52040239116861886E-01
  1.6396967E-01  8.49987450474387951E-01
  1.6538730E-01  8.47901895415597018E-01
  1.6681718E-01  8.45783103078469378E-01
  1.6825943E-01  8.43630597715295028E-01
  1.6971415E-01  8.41443898715447669E-01
  1.7118145E-01  8.39222520631932034E-01
  1.7266143E-01  8.36965973211866276E-01
  1.7415420E-01  8.34673761431053318E-01
  1.7565988E-01  8.32345385532828663E-01
  1.7717858E-01  8.29980341071387961E-01
  1.7871041E-01  8.27578118959696685E-01
  1.8025548E-01  8.25138205522284895E-01
  1.8181391E-01  8.22660082553030803E-01
  1.8338581E-01  8.20143227378196893E-01
  1.8497131E-01  8.17587112924883841E-01
  1.8657051E-01  8.14991207795139450E-01
  1.8818353E-01  8.12354976345947777E-01
  1.8981051E-01  8.09677878775307058E-01
  1.9145154E-01  8.06959371214650223E-01
  1.9310677E-01  8.04198905827833377E-01
  1.9477630E-01  8.01395930916955157E-01
  1.9646027E-01  7.98549891035235770E-01
  1.9815880E-01  7.95660227107263807E-01
  1.9987202E-01  7.92726376556826207E-01
  2.0160004E-01  7.89747773442620926E-01
  2.0334301E-01  7.86723848602166376E-01
  2.0510104E-01  7.83654029804139229E-01
  2.0687427E-01  7.80537741909490768E-01
  2.0866283E-01  7.77374407041599214E-01
  2.1046686E-01  7.74163444765843423E-01
  2.1228648E-01  7.70904272278848834E-01
  2.1412184E-01  7.67596304607758295E-01
  2.1597306E-01  7.64238954819891014E-01
  2.1784029E-01  7.60831634243113397E-01
  2.1972366E-01  7.57373752697265146E-01
  2.2162331E-01  7.53864718737034534E-01
  2.2353938E-01  7.50303939906617368E-01
  2.2547202E-01  7.46690823006578186E-01
  2.2742137E-01  7.43024774373257757E-01
  2.2938758E-01  7.39305200171159638E-01
  2.3137078E-01  7.35531506698682835E-01
  2.3337113E-01  7.31703100707660870E-01
  2.3538877E-01  7.27819389737069722E-01
  2.3742385E-01  7.23879782461367083E-01
  2.3947653E-01  7.19883689053901210E-01
  2.4154696E-01  7.15830521565804179E-01
  2.4363529E-01  7.11719694320846252E-01
  2.4574167E-01  7.07550624326705235E-01
  2.4786626E-01  7.03322731703100557E-01
  2.5000922E-01  6.99035440127266594E-01
  2.5217071E-01  6.94688177297278053E-01
  2.5435088E-01  6.90280375413661496E-01
  2.5654990E-01  6.85811471679822149E-01
  2.5876794E-01  6.81280908821764397E-01
  2.6100515E-01  6.76688135627613985E-01
  2.6326170E-01  6.72032607507466628E-01
  2.6553776E-01  6.67313787074023557E-01
  2.6783350E-01  6.62531144744606948E-01
  2.7014908E-01  6.57684159365016230E-01
  2.7248469E-01  6.52772318855745493E-01
  2.7484049E-01  6.47795120881144437E-01
  2.7721665E-01  6.42752073541991265E-01
  2.7961336E-01  6.37642696092014516E-01
  2.8203079E-01  6.32466519678920758E-01
  2.8446912E-01  6.27223088110436588E-01
  2.8692853E-01  6.21911958645858798E-01
  2.8940921E-01  6.16532702813682887E-01
  2.9191133E-01  6.11084907255811327E-01
  2.9443508E-01  6.05568174598815956E-01
  2.9698065E-01  5.99982124352823165E-01
  2.9954823E-01  5.94326393838451206E-01
  3.0213800E-01  5.88600639142346505E-01
  3.0475017E-01  5.82804536101754977E-01
  3.0738492E-01  5.76937781318599630E-01
  3.1004245E-01  5.71000093203527626E-01
  3.1272295E-01  5.64991213050344721E-01
  3.1542663E-01  5.58910906141253494E-01
  3.1815369E-01  5.52758962883290517E-01
  3.2090432E-01  5.46535199976357466E-01
  3.2367873E-01  5.40239461613111760E-01
  3.2647713E-01  5.33871620711163120E-01
  3.2929972E-01  5.27431580177743498E-01
  3.3214671E-01  5.20919274207166327E-01
  3.3501832E-01  5.14334669611312023E-01
  3.3791475E-01  5.07677767183243978E-01
  3.4083623E-01  5.00948603094194311E-01
  3.4378296E-01  4.94147250323916765E-01
  3.4675517E-01  4.87273820124522083E-01
  3.4975307E-01  4.80328463517744553E-01
  3.5277690E-01  4.73311372825593990E-01
  3.5582686E-01  4.66222783234257310E-01
  3.5890320E-01  4.59062974391062806E-01
  3.6200613E-01  4.51832272034225824E-01
  3.6513588E-01  4.44531049655076282E-01
  3.6829270E-01  4.37159730192304086E-01
  3.7147681E-01  4.29718787757760734E-01
  3.7468844E-01  4.22208749393199356E-01
  3.7792785E-01  4.14630196857270927E-01
  3.8119526E-01  4.06983768441979088E-01
  3.8449091E-01  3.99270160817733810E-01
  3.8781506E-01  3.91490130905906841E-01
  3.9116795E-01  3.83644497777850702E-01
  3.9454983E-01  3.75734144579054796E-01
  3.9796094E-01  3.67760020477064131E-01
  4.0140155E-01  3.59723142631594273E-01
  4.0487190E-01  3.51624598185205806E-01
  4.0837225E-01  3.43465546272628375E-01
  4.1190287E-01  3.35247220046743510E-01
  4.1546401E-01  3.26970928719062304E-01
  4.1905594E-01  3.18638059612256386E-01
  4.2267892E-01  3.10250080222246483E-01
  4.2633322E-01  3.01808540287044902E-01
  4.3001912E-01  2.93315073859336473E-01
  4.3373688E-01  2.84771401379690758E-01
  4.3748679E-01  2.76179331746865431E-01
  4.4126912E-01  2.67540764381601903E-01
  4.4508414E-01  2.58857691279957669E-01
  4.4893215E-01  2.50132199051976645E-01
  4.5281343E-01  2.41366470941275085E-01
  4.5672826E-01  2.32562788820744881E-01
  4.6067694E-01  2.23723535159388059E-01
  4.6465976E-01  2.14851194954902236E-01
  4.6867701E-01  2.05948357626358297E-01
  4.7272899E-01  1.97017718860996227E-01
  4.7681600E-01  1.88062082408784470E-01
  4.8093835E-01  1.79084361818078963E-01
  4.8509634E-01  1.70087582105330593E-01
  4.8929027E-01  1.61074881351411986E-01
  4.9352047E-01  1.52049512216785226E-01
  4.9778723E-01  1.43014843367272743E-01
  5.0209089E-01  1.33974360801889542E-01
  5.0643175E-01  1.24931669073648832E-01
  5.1081014E-01  1.15890492393931649E-01
  5.1522639E-01  1.06854675610561639E-01
  5.1968081E-01  9.78281850492097454E-02
  5.2417375E-01  8.88151092074003223E-02
  5.2870553E-01  7.98196592898575835E-02
  5.3327649E-01  7.08461695735297103E-02
  5.3788696E-01  6.18990975900679391E-02
  5.4253730E-01  5.29830241131991481E-02
  5.4722784E-01  4.41026529377966173E-02
  5.5195894E-01  3.52628104371062248E-02
  5.5673093E-01  2.64684448840347662E-02
  5.6154419E-01  1.77246255219592301E-02
  5.6639905E-01  9.03654137002411068E-03
  5.7129589E-01  4.09499747459397346E-04
  5.7623506E-01 -8.15107549903457823E-03
  5.8121694E-01 -1.66396460812487795E-02
  5.8624189E-01 -2.50505616855611901E-02
  5.9131028E-01 -3.33780627364357388E-02
  5.9642249E-01 -4.16162835249430235E-02
  6.0157889E-01 -4.97592557203572830E-02
  6.0677988E-01 -5.78009122831418809E-02
  6.1202583E-01 -6.57350917980129984E-02
  6.1731714E-01 -7.35555432460605202E-02
  6.2265419E-01 -8.12559312350972923E-02
  6.2803738E-01 -8.88298417076094915E-02
  6.3346712E-01 -9.62707881458770842E-02
  6.3894379E-01 -1.03572218293829330E-01
  6.4446782E-01 -1.10727521415302038E-01
  6.5003960E-01 -1.17730036108250835E-01
  6.5565956E-01 -1.24573058694407490E-01
  6.6132810E-01 -1.31249852203564443E-01
  6.6704565E-01 -1.37753655971482536E-01
  6.7281263E-01 -1.44077695869877065E-01
  6.7862947E-01 -1.50215195186535727E-01
  6.8449660E-01 -1.56159386172872505E-01
  6.9041445E-01 -1.61903522275528372E-01
  6.9638346E-01 -1.67440891067629993E-01
  7.0240408E-01 -1.72764827894330980E-01
  7.0847676E-01 -1.77868730245909240E-01
  7.1460193E-01 -1.82746072870357767E-01
  7.2078006E-01 -1.87390423635734271E-01
  7.2701160E-01 -1.91795460150717606E-01
  7.3329702E-01 -1.95954987149754484E-01
  7.3963677E-01 -1.99862954646899210E-01
  7.4603134E-01 -2.03513476859860293E-01
  7.5248119E-01 -2.06900851902987570E-01
  7.5898681E-01 -2.10019582244740433E-01
  7.6554867E-01 -2.12864395921778971E-01
  7.7216726E-01 -2.15430268498087080E-01
  7.7884307E-01 -2.17712445753297762E-01
  7.8557659E-01 -2.19706467080001383E-01
  7.9236833E-01 -2.21408189564868629E-01
  7.9921879E-01 -2.22813812723093724E-01
  8.0612848E-01 -2.23919903849933849E-01
  8.1309790E-01 -2.24723423946879830E-01
  8.2012758E-01 -2.25221754173248384E-01
  8.2721803E-01 -2.25412722766793944E-01
  8.3436978E-01 -2.25294632369151065E-01
  8.4158336E-01 -2.24866287683564176E-01
  8.4885931E-01 -2.24127023383461688E-01
  8.5619817E-01 -2.23076732180862297E-01
  8.6360047E-01 -2.21715892953485288E-01
  8.7106676E-01 -2.20045598818549792E-01
  8.7859761E-01 -2.18067585029790761E-01
  8.8619357E-01 -2.15784256561985271E-01
  8.9385519E-01 -2.13198715234471287E-01
  9.0158306E-01 -2.10314786211389160E-01
  9.0937773E-01 -2.07137043702167428E-01
  9.1723980E-01 -2.03670835670636652E-01
  9.2516984E-01 -1.99922307345388017E-01
  9.3316843E-01 -1.95898423307516362E-01
  9.4123618E-01 -1.91606987914703153E-01
  9.4937368E-01 -1.87056663802780854E-01
  9.5758153E-01 -1.82256988187492280E-01
  9.6586034E-01 -1.77218386670209643E-01
  9.7421073E-01 -1.71952184231906918E-01
  9.8263331E-01 -1.66470613079974239E-01
  9.9112870E-01 -1.60786816992349813E-01
  9.9969755E-01 -1.54914851783397145E-01
  1.0083405E+00 -1.48869681495945538E-01
  1.0170581E+00 -1.42667169904174745E-01
  1.0258511E+00 -1.36324066892986456E-01
  1.0347202E+00 -1.29857989261265794E-01
  1.0436659E+00 -1.23287395479444645E-01
  1.0526889E+00 -1.16631553916619959E-01
  1.0617900E+00 -1.09910504039291076E-01
  1.0709698E+00 -1.03145010073557461E-01
  1.0802289E+00 -9.63565066157035938E-02
  1.0895680E+00 -8.95670356734392520E-02
  1.0989879E+00 -8.27991746225144321E-02
  1.1084893E+00 -7.60759545719172509E-02
  1.1180728E+00 -6.94207686467253476E-02
  1.1277391E+00 -6.28572697219836329E-02
  1.1374890E+00 -5.64092571754921182E-02
  1.1473232E+00 -5.01005522735751760E-02
  1.1572424E+00 -4.39548618637970040E-02
  1.1672474E+00 -3.79956301243095304E-02
  1.1773389E+00 -3.22458782134626351E-02
  1.1875176E+00 -2.67280317782240574E-02
  1.1977844E+00 -2.14637364188491539E-02
  1.2081399E+00 -1.64736613734560063E-02
  1.2185849E+00 -1.17772918835403976E-02
  1.2291202E+00 -7.39271093416481086E-03
  1.2397466E+00 -3.33637133508573637E-03
  1.2504649E+00  3.77140573159719702E-04
  1.2612758E+00  3.73534793582771737E-03
  1.2721802E+00  6.72813104539016736E-03
  1.2831789E+00  9.34797708072993352E-03
  1.2942727E+00  1.15902287962662727E-02
  1.3054623E+00  1.34533283927398585E-02
  1.3167488E+00  1.49390520718686200E-02
  1.3281327E+00  1.60527299488689712E-02
  1.3396152E+00  1.68034450585006524E-02
  1.3511969E+00  1.72042041300809745E-02
  1.3628787E+00  1.72720716114718280E-02
  1.3746615E+00  1.70282570767612343E-02
  1.3865462E+00  1.64981446413735855E-02
  1.3985336E+00  1.57112513138357654E-02
  1.4106247E+00  1.47010993160528753E-02
  1.4228203E+00  1.35049845686928370E-02
  1.4351213E+00  1.21636125266602179E-02
  1.4475287E+00  1.07205512408954356E-02
  1.4600434E+00  9.22150083830788198E-03
  1.4726662E+00  7.71335986138172499E-03
  1.4853982E+00  6.24305714906826185E-03
  1.4982402E+00  4.85611320243586192E-03
  1.5111933E+00  3.59489046159855614E-03
  1.5242584E+00  2.49648688832998034E-03
  1.5374364E+00  1.59022164259531762E-03
  1.5507284E+00  8.94655395488615983E-04
  1.5641352E+00  4.14080864276031324E-04
  1.5776580E+00  1.34411409151664288E-04
  1.5912977E+00  1.83869135640352863E-05
  1.6050553E+00  0.00000000000000000E+00
  1.6189319E+00  0.00000000000000000E+00
  1.6329284E+00  0.00000000000000000E+00
  1.6470459E+00  0.00000000000000000E+00
  1.6612855E+00  0.00000000000000000E+00
  1.6756482E+00  0.00000000000000000E+00
  1.6901351E+00  0.00000000000000000E+00
  1.7047472E+00  0.00000000000000000E+00
  1.7194856E+00  0.00000000000000000E+00
  1.7343515E+00  0.00000000000000000E+00
  1.7493459E+00  0.00000000000000000E+00
