  0.0000000E+00  0.0000000E+00  0.0000000E+00
  2.8818375E-08  2.6805030E-07  4.1617456E-08
  5.7885899E-08  5.3726425E-07  8.3415582E-08
  8.7204727E-08  8.0880564E-07  1.2557507E-07
  1.1677703E-07  1.0826946E-06  1.6809903E-07
  1.4660500E-07  1.3589514E-06  2.1099063E-07
  1.7669085E-07  1.6375966E-06  2.5425305E-07
  2.0703681E-07  1.9186507E-06  2.9788948E-07
  2.3764513E-07  2.2021347E-06  3.4190316E-07
  2.6851806E-07  2.4880694E-06  3.8629735E-07
  2.9965791E-07  2.7764762E-06  4.3107535E-07
  3.3106699E-07  3.0673763E-06  4.7624047E-07
  3.6274760E-07  3.3607913E-06  5.2179605E-07
  3.9470212E-07  3.6567430E-06  5.6774548E-07
  4.2693289E-07  3.9552533E-06  6.1409215E-07
  4.5944232E-07  4.2563444E-06  6.6083951E-07
  4.9223281E-07  4.5600384E-06  7.0799101E-07
  5.2530679E-07  4.8663580E-06  7.5555015E-07
  5.5866671E-07  5.1753258E-06  8.0352045E-07
  5.9231505E-07  5.4869647E-06  8.5190548E-07
  6.2625429E-07  5.8012979E-06  9.0070880E-07
  6.6048695E-07  6.1183485E-06  9.4993405E-07
  6.9501558E-07  6.4381402E-06  9.9958486E-07
  7.2984272E-07  6.7606965E-06  1.0496649E-06
  7.6497096E-07  7.0860415E-06  1.1001779E-06
  8.0040290E-07  7.4141991E-06  1.1511277E-06
  8.3614116E-07  7.7451938E-06  1.2025178E-06
  8.7218841E-07  8.0790500E-06  1.2543523E-06
  9.0854730E-07  8.4157925E-06  1.3066349E-06
  9.4522053E-07  8.7554462E-06  1.3593695E-06
  9.8221082E-07  9.0980364E-06  1.4125600E-06
  1.0195209E-06  9.4435883E-06  1.4662104E-06
  1.0571536E-06  9.7921276E-06  1.5203245E-06
  1.0951116E-06  1.0143680E-05  1.5749066E-06
  1.1333978E-06  1.0498272E-05  1.6299604E-06
  1.1720149E-06  1.0855929E-05  1.6854903E-06
  1.2109660E-06  1.1216679E-05  1.7415002E-06
  1.2502538E-06  1.1580547E-05  1.7979943E-06
  1.2898812E-06  1.1947561E-05  1.8549769E-06
  1.3298513E-06  1.2317748E-05  1.9124520E-06
  1.3701669E-06  1.2691135E-05  1.9704241E-06
  1.4108311E-06  1.3067750E-05  2.0288973E-06
  1.4518468E-06  1.3447621E-05  2.0878761E-06
  1.4932171E-06  1.3830777E-05  2.1473647E-06
  1.5349451E-06  1.4217245E-05  2.2073677E-06
  1.5770339E-06  1.4607053E-05  2.2678893E-06
  1.6194865E-06  1.5000232E-05  2.3289342E-06
  1.6623062E-06  1.5396810E-05  2.3905069E-06
  1.7054961E-06  1.5796817E-05  2.4526119E-06
  1.7490593E-06  1.6200281E-05  2.5152537E-06
  1.7929992E-06  1.6607234E-05  2.5784372E-06
  1.8373190E-06  1.7017705E-05  2.6421668E-06
  1.8820219E-06  1.7431725E-05  2.7064475E-06
  1.9271114E-06  1.7849324E-05  2.7712838E-06
  1.9725906E-06  1.8270533E-05  2.8366807E-06
  2.0184630E-06  1.8695383E-05  2.9026429E-06
  2.0647321E-06  1.9123907E-05  2.9691754E-06
  2.1114011E-06  1.9556135E-05  3.0362831E-06
  2.1584736E-06  1.9992100E-05  3.1039710E-06
  2.2059531E-06  2.0431834E-05  3.1722440E-06
  2.2538431E-06  2.0875369E-05  3.2411073E-06
  2.3021471E-06  2.1322739E-05  3.3105659E-06
  2.3508687E-06  2.1773977E-05  3.3806250E-06
  2.4000115E-06  2.2229115E-05  3.4512897E-06
  2.4495792E-06  2.2688189E-05  3.5225654E-06
  2.4995755E-06  2.3151231E-05  3.5944573E-06
  2.5500040E-06  2.3618276E-05  3.6669707E-06
  2.6008684E-06  2.4089359E-05  3.7401110E-06
  2.6521726E-06  2.4564515E-05  3.8138836E-06
  2.7039204E-06  2.5043778E-05  3.8882939E-06
  2.7561156E-06  2.5527185E-05  3.9633476E-06
  2.8087620E-06  2.6014771E-05  4.0390501E-06
  2.8618635E-06  2.6506572E-05  4.1154071E-06
  2.9154242E-06  2.7002625E-05  4.1924242E-06
  2.9694479E-06  2.7502966E-05  4.2701071E-06
  3.0239387E-06  2.8007633E-05  4.3484617E-06
  3.0789005E-06  2.8516663E-05  4.4274936E-06
  3.1343376E-06  2.9030093E-05  4.5072087E-06
  3.1902539E-06  2.9547962E-05  4.5876130E-06
  3.2466537E-06  3.0070308E-05  4.6687124E-06
  3.3035410E-06  3.0597170E-05  4.7505130E-06
  3.3609202E-06  3.1128587E-05  4.8330207E-06
  3.4187955E-06  3.1664598E-05  4.9162417E-06
  3.4771711E-06  3.2205243E-05  5.0001821E-06
  3.5360514E-06  3.2750562E-05  5.0848483E-06
  3.5954407E-06  3.3300595E-05  5.1702464E-06
  3.6553435E-06  3.3855384E-05  5.2563827E-06
  3.7157642E-06  3.4414968E-05  5.3432638E-06
  3.7767073E-06  3.4979390E-05  5.4308959E-06
  3.8381772E-06  3.5548692E-05  5.5192856E-06
  3.9001786E-06  3.6122916E-05  5.6084395E-06
  3.9627160E-06  3.6702103E-05  5.6983641E-06
  4.0257941E-06  3.7286298E-05  5.7890661E-06
  4.0894175E-06  3.7875543E-05  5.8805523E-06
  4.1535910E-06  3.8469883E-05  5.9728293E-06
  4.2183193E-06  3.9069360E-05  6.0659041E-06
  4.2836072E-06  3.9674020E-05  6.1597836E-06
  4.3494596E-06  4.0283908E-05  6.2544746E-06
  4.4158813E-06  4.0899068E-05  6.3499843E-06
  4.4828772E-06  4.1519546E-05  6.4463196E-06
  4.5504523E-06  4.2145388E-05  6.5434878E-06
  4.6186117E-06  4.2776641E-05  6.6414960E-06
  4.6873603E-06  4.3413351E-05  6.7403515E-06
  4.7567033E-06  4.4055565E-05  6.8400617E-06
  4.8266459E-06  4.4703331E-05  6.9406338E-06
  4.8971931E-06  4.5356698E-05  7.0420754E-06
  4.9683502E-06  4.6015712E-05  7.1443939E-06
  5.0401225E-06  4.6680424E-05  7.2475970E-06
  5.1125153E-06  4.7350883E-05  7.3516923E-06
  5.1855340E-06  4.8027137E-05  7.4566875E-06
  5.2591840E-06  4.8709238E-05  7.5625904E-06
  5.3334707E-06  4.9397236E-05  7.6694089E-06
  5.4083996E-06  5.0091182E-05  7.7771507E-06
  5.4839764E-06  5.0791126E-05  7.8858241E-06
  5.5602066E-06  5.1497122E-05  7.9954369E-06
  5.6370958E-06  5.2209221E-05  8.1059973E-06
  5.7146497E-06  5.2927476E-05  8.2175135E-06
  5.7928742E-06  5.3651941E-05  8.3299938E-06
  5.8717749E-06  5.4382668E-05  8.4434465E-06
  5.9513578E-06  5.5119713E-05  8.5578800E-06
  6.0316287E-06  5.5863130E-05  8.6733027E-06
  6.1125936E-06  5.6612973E-05  8.7897233E-06
  6.1942585E-06  5.7369299E-05  8.9071504E-06
  6.2766294E-06  5.8132163E-05  9.0255926E-06
  6.3597124E-06  5.8901622E-05  9.1450587E-06
  6.4435138E-06  5.9677734E-05  9.2655577E-06
  6.5280396E-06  6.0460554E-05  9.3870983E-06
  6.6132963E-06  6.1250142E-05  9.5096897E-06
  6.6992900E-06  6.2046557E-05  9.6333408E-06
  6.7860272E-06  6.2849856E-05  9.7580609E-06
  6.8735142E-06  6.3660099E-05  9.8838593E-06
  6.9617576E-06  6.4477348E-05  1.0010745E-05
  7.0507640E-06  6.5301661E-05  1.0138728E-05
  7.1405398E-06  6.6133100E-05  1.0267817E-05
  7.2310918E-06  6.6971728E-05  1.0398022E-05
  7.3224267E-06  6.7817605E-05  1.0529353E-05
  7.4145512E-06  6.8670794E-05  1.0661819E-05
  7.5074722E-06  6.9531360E-05  1.0795430E-05
  7.6011965E-06  7.0399365E-05  1.0930197E-05
  7.6957311E-06  7.1274874E-05  1.1066128E-05
  7.7910830E-06  7.2157951E-05  1.1203235E-05
  7.8872593E-06  7.3048663E-05  1.1341527E-05
  7.9842671E-06  7.3947075E-05  1.1481014E-05
  8.0821135E-06  7.4853253E-05  1.1621707E-05
  8.1808059E-06  7.5767266E-05  1.1763616E-05
  8.2803515E-06  7.6689180E-05  1.1906753E-05
  8.3807578E-06  7.7619064E-05  1.2051126E-05
  8.4820321E-06  7.8556986E-05  1.2196748E-05
  8.5841820E-06  7.9503017E-05  1.2343629E-05
  8.6872150E-06  8.0457226E-05  1.2491779E-05
  8.7911388E-06  8.1419684E-05  1.2641210E-05
  8.8959611E-06  8.2390463E-05  1.2791933E-05
  9.0016896E-06  8.3369634E-05  1.2943959E-05
  9.1083322E-06  8.4357269E-05  1.3097299E-05
  9.2158968E-06  8.5353443E-05  1.3251965E-05
  9.3243913E-06  8.6358228E-05  1.3407968E-05
  9.4338238E-06  8.7371700E-05  1.3565319E-05
  9.5442024E-06  8.8393933E-05  1.3724031E-05
  9.6555353E-06  8.9425003E-05  1.3884115E-05
  9.7678308E-06  9.0464986E-05  1.4045583E-05
  9.8810970E-06  9.1513960E-05  1.4208446E-05
  9.9953426E-06  9.2572002E-05  1.4372718E-05
  1.0110576E-05  9.3639190E-05  1.4538409E-05
  1.0226805E-05  9.4715605E-05  1.4705533E-05
  1.0344040E-05  9.5801324E-05  1.4874102E-05
  1.0462288E-05  9.6896430E-05  1.5044128E-05
  1.0581558E-05  9.8001002E-05  1.5215624E-05
  1.0701859E-05  9.9115124E-05  1.5388602E-05
  1.0823201E-05  1.0023888E-04  1.5563076E-05
  1.0945591E-05  1.0137234E-04  1.5739058E-05
  1.1069040E-05  1.0251561E-04  1.5916561E-05
  1.1193556E-05  1.0366876E-04  1.6095599E-05
  1.1319148E-05  1.0483188E-04  1.6276184E-05
  1.1445826E-05  1.0600505E-04  1.6458331E-05
  1.1573600E-05  1.0718836E-04  1.6642052E-05
  1.1702478E-05  1.0838191E-04  1.6827362E-05
  1.1832470E-05  1.0958577E-04  1.7014273E-05
  1.1963586E-05  1.1080004E-04  1.7202800E-05
  1.2095836E-05  1.1202480E-04  1.7392957E-05
  1.2229229E-05  1.1326016E-04  1.7584758E-05
  1.2363775E-05  1.1450619E-04  1.7778217E-05
  1.2499485E-05  1.1576299E-04  1.7973348E-05
  1.2636368E-05  1.1703066E-04  1.8170166E-05
  1.2774434E-05  1.1830929E-04  1.8368686E-05
  1.2913694E-05  1.1959897E-04  1.8568921E-05
  1.3054158E-05  1.2089980E-04  1.8770888E-05
  1.3195836E-05  1.2221187E-04  1.8974601E-05
  1.3338739E-05  1.2353529E-04  1.9180074E-05
  1.3482878E-05  1.2487015E-04  1.9387324E-05
  1.3628262E-05  1.2621655E-04  1.9596366E-05
  1.3774904E-05  1.2757458E-04  1.9807214E-05
  1.3922813E-05  1.2894436E-04  2.0019885E-05
  1.4072002E-05  1.3032598E-04  2.0234395E-05
  1.4222480E-05  1.3171954E-04  2.0450759E-05
  1.4374259E-05  1.3312514E-04  2.0668994E-05
  1.4527350E-05  1.3454290E-04  2.0889115E-05
  1.4681765E-05  1.3597292E-04  2.1111138E-05
  1.4837514E-05  1.3741529E-04  2.1335082E-05
  1.4994611E-05  1.3887014E-04  2.1560961E-05
  1.5153065E-05  1.4033756E-04  2.1788792E-05
  1.5312890E-05  1.4181767E-04  2.2018594E-05
  1.5474096E-05  1.4331057E-04  2.2250381E-05
  1.5636696E-05  1.4481637E-04  2.2484173E-05
  1.5800701E-05  1.4633520E-04  2.2719985E-05
  1.5966125E-05  1.4786715E-04  2.2957836E-05
  1.6132978E-05  1.4941235E-04  2.3197743E-05
  1.6301275E-05  1.5097090E-04  2.3439724E-05
  1.6471026E-05  1.5254293E-04  2.3683796E-05
  1.6642245E-05  1.5412854E-04  2.3929979E-05
  1.6814944E-05  1.5572787E-04  2.4178290E-05
  1.6989136E-05  1.5734101E-04  2.4428747E-05
  1.7164834E-05  1.5896811E-04  2.4681369E-05
  1.7342051E-05  1.6060927E-04  2.4936175E-05
  1.7520801E-05  1.6226461E-04  2.5193184E-05
  1.7701095E-05  1.6393427E-04  2.5452414E-05
  1.7882949E-05  1.6561835E-04  2.5713885E-05
  1.8066374E-05  1.6731700E-04  2.5977617E-05
  1.8251386E-05  1.6903033E-04  2.6243628E-05
  1.8437997E-05  1.7075847E-04  2.6511939E-05
  1.8626221E-05  1.7250155E-04  2.6782569E-05
  1.8816073E-05  1.7425969E-04  2.7055539E-05
  1.9007566E-05  1.7603304E-04  2.7330868E-05
  1.9200714E-05  1.7782171E-04  2.7608578E-05
  1.9395533E-05  1.7962585E-04  2.7888687E-05
  1.9592035E-05  1.8144558E-04  2.8171219E-05
  1.9790237E-05  1.8328104E-04  2.8456192E-05
  1.9990152E-05  1.8513237E-04  2.8743629E-05
  2.0191795E-05  1.8699970E-04  2.9033551E-05
  2.0395182E-05  1.8888318E-04  2.9325979E-05
  2.0600327E-05  1.9078293E-04  2.9620935E-05
  2.0807246E-05  1.9269911E-04  2.9918440E-05
  2.1015954E-05  1.9463185E-04  3.0218517E-05
  2.1226466E-05  1.9658130E-04  3.0521188E-05
  2.1438798E-05  1.9854759E-04  3.0826475E-05
  2.1652966E-05  2.0053089E-04  3.1134402E-05
  2.1868985E-05  2.0253133E-04  3.1444990E-05
  2.2086872E-05  2.0454906E-04  3.1758263E-05
  2.2306643E-05  2.0658424E-04  3.2074244E-05
  2.2528313E-05  2.0863700E-04  3.2392956E-05
  2.2751901E-05  2.1070752E-04  3.2714423E-05
  2.2977421E-05  2.1279592E-04  3.3038669E-05
  2.3204891E-05  2.1490239E-04  3.3365718E-05
  2.3434327E-05  2.1702706E-04  3.3695594E-05
  2.3665748E-05  2.1917009E-04  3.4028322E-05
  2.3899168E-05  2.2133165E-04  3.4363925E-05
  2.4134607E-05  2.2351190E-04  3.4702430E-05
  2.4372082E-05  2.2571099E-04  3.5043861E-05
  2.4611609E-05  2.2792909E-04  3.5388243E-05
  2.4853208E-05  2.3016636E-04  3.5735601E-05
  2.5096895E-05  2.3242298E-04  3.6085963E-05
  2.5342689E-05  2.3469909E-04  3.6439353E-05
  2.5590608E-05  2.3699489E-04  3.6795798E-05
  2.5840670E-05  2.3931053E-04  3.7155323E-05
  2.6092894E-05  2.4164618E-04  3.7517957E-05
  2.6347299E-05  2.4400203E-04  3.7883725E-05
  2.6603903E-05  2.4637824E-04  3.8252655E-05
  2.6862726E-05  2.4877498E-04  3.8624774E-05
  2.7123786E-05  2.5119245E-04  3.9000109E-05
  2.7387104E-05  2.5363081E-04  3.9378689E-05
  2.7652698E-05  2.5609025E-04  3.9760541E-05
  2.7920588E-05  2.5857095E-04  4.0145694E-05
  2.8190794E-05  2.6107309E-04  4.0534176E-05
  2.8463336E-05  2.6359686E-04  4.0926016E-05
  2.8738235E-05  2.6614244E-04  4.1321243E-05
  2.9015510E-05  2.6871003E-04  4.1719887E-05
  2.9295182E-05  2.7129981E-04  4.2121976E-05
  2.9577272E-05  2.7391198E-04  4.2527541E-05
  2.9861801E-05  2.7654673E-04  4.2936611E-05
  3.0148790E-05  2.7920425E-04  4.3349217E-05
  3.0438260E-05  2.8188474E-04  4.3765390E-05
  3.0730233E-05  2.8458840E-04  4.4185160E-05
  3.1024730E-05  2.8731543E-04  4.4608559E-05
  3.1321773E-05  2.9006603E-04  4.5035617E-05
  3.1621384E-05  2.9284041E-04  4.5466366E-05
  3.1923586E-05  2.9563877E-04  4.5900839E-05
  3.2228400E-05  2.9846131E-04  4.6339067E-05
  3.2535849E-05  3.0130826E-04  4.6781084E-05
  3.2845957E-05  3.0417981E-04  4.7226920E-05
  3.3158745E-05  3.0707618E-04  4.7676611E-05
  3.3474238E-05  3.0999759E-04  4.8130188E-05
  3.3792458E-05  3.1294425E-04  4.8587686E-05
  3.4113430E-05  3.1591638E-04  4.9049138E-05
  3.4437176E-05  3.1891420E-04  4.9514579E-05
  3.4763722E-05  3.2193793E-04  4.9984043E-05
  3.5093090E-05  3.2498779E-04  5.0457565E-05
  3.5425306E-05  3.2806402E-04  5.0935180E-05
  3.5760395E-05  3.3116684E-04  5.1416923E-05
  3.6098380E-05  3.3429647E-04  5.1902830E-05
  3.6439287E-05  3.3745316E-04  5.2392937E-05
  3.6783142E-05  3.4063713E-04  5.2887280E-05
  3.7129969E-05  3.4384862E-04  5.3385895E-05
  3.7479795E-05  3.4708787E-04  5.3888821E-05
  3.7832646E-05  3.5035512E-04  5.4396094E-05
  3.8188547E-05  3.5365061E-04  5.4907751E-05
  3.8547525E-05  3.5697458E-04  5.5423830E-05
  3.8909606E-05  3.6032729E-04  5.5944370E-05
  3.9274818E-05  3.6370897E-04  5.6469410E-05
  3.9643187E-05  3.6711988E-04  5.6998987E-05
  4.0014741E-05  3.7056027E-04  5.7533142E-05
  4.0389508E-05  3.7403039E-04  5.8071913E-05
  4.0767514E-05  3.7753052E-04  5.8615342E-05
  4.1148789E-05  3.8106089E-04  5.9163467E-05
  4.1533359E-05  3.8462177E-04  5.9716330E-05
  4.1921255E-05  3.8821344E-04  6.0273971E-05
  4.2312504E-05  3.9183615E-04  6.0836432E-05
  4.2707136E-05  3.9549016E-04  6.1403755E-05
  4.3105179E-05  3.9917577E-04  6.1975981E-05
  4.3506664E-05  4.0289322E-04  6.2553152E-05
  4.3911620E-05  4.0664281E-04  6.3135313E-05
  4.4320076E-05  4.1042480E-04  6.3722505E-05
  4.4732065E-05  4.1423948E-04  6.4314772E-05
  4.5147615E-05  4.1808714E-04  6.4912158E-05
  4.5566757E-05  4.2196804E-04  6.5514707E-05
  4.5989524E-05  4.2588249E-04  6.6122464E-05
  4.6415945E-05  4.2983077E-04  6.6735474E-05
  4.6846053E-05  4.3381318E-04  6.7353782E-05
  4.7279879E-05  4.3783001E-04  6.7977434E-05
  4.7717457E-05  4.4188155E-04  6.8606476E-05
  4.8158817E-05  4.4596811E-04  6.9240955E-05
  4.8603993E-05  4.5008999E-04  6.9880917E-05
  4.9053018E-05  4.5424750E-04  7.0526411E-05
  4.9505924E-05  4.5844093E-04  7.1177483E-05
  4.9962747E-05  4.6267061E-04  7.1834183E-05
  5.0423519E-05  4.6693685E-04  7.2496558E-05
  5.0888274E-05  4.7123996E-04  7.3164658E-05
  5.1357048E-05  4.7558025E-04  7.3838532E-05
  5.1829874E-05  4.7995806E-04  7.4518230E-05
  5.2306789E-05  4.8437371E-04  7.5203803E-05
  5.2787826E-05  4.8882752E-04  7.5895301E-05
  5.3273022E-05  4.9331982E-04  7.6592775E-05
  5.3762413E-05  4.9785094E-04  7.7296277E-05
  5.4256035E-05  5.0242123E-04  7.8005859E-05
  5.4753925E-05  5.0703101E-04  7.8721573E-05
  5.5256119E-05  5.1168064E-04  7.9443474E-05
  5.5762655E-05  5.1637045E-04  8.0171613E-05
  5.6273570E-05  5.2110079E-04  8.0906045E-05
  5.6788902E-05  5.2587201E-04  8.1646824E-05
  5.7308689E-05  5.3068447E-04  8.2394006E-05
  5.7832971E-05  5.3553851E-04  8.3147644E-05
  5.8361785E-05  5.4043451E-04  8.3907796E-05
  5.8895171E-05  5.4537282E-04  8.4674518E-05
  5.9433168E-05  5.5035381E-04  8.5447866E-05
  5.9975817E-05  5.5537785E-04  8.6227897E-05
  6.0523157E-05  5.6044530E-04  8.7014669E-05
  6.1075229E-05  5.6555655E-04  8.7808241E-05
  6.1632074E-05  5.7071197E-04  8.8608671E-05
  6.2193733E-05  5.7591194E-04  8.9416018E-05
  6.2760248E-05  5.8115686E-04  9.0230343E-05
  6.3331661E-05  5.8644710E-04  9.1051705E-05
  6.3908014E-05  5.9178306E-04  9.1880165E-05
  6.4489350E-05  5.9716513E-04  9.2715785E-05
  6.5075712E-05  6.0259371E-04  9.3558626E-05
  6.5667143E-05  6.0806921E-04  9.4408751E-05
  6.6263687E-05  6.1359202E-04  9.5266223E-05
  6.6865389E-05  6.1916257E-04  9.6131104E-05
  6.7472293E-05  6.2478125E-04  9.7003461E-05
  6.8084444E-05  6.3044849E-04  9.7883355E-05
  6.8701887E-05  6.3616470E-04  9.8770854E-05
  6.9324669E-05  6.4193031E-04  9.9666022E-05
  6.9952835E-05  6.4774575E-04  1.0056893E-04
  7.0586431E-05  6.5361144E-04  1.0147963E-04
  7.1225505E-05  6.5952783E-04  1.0239821E-04
  7.1870105E-05  6.6549533E-04  1.0332472E-04
  7.2520277E-05  6.7151441E-04  1.0425925E-04
  7.3176070E-05  6.7758550E-04  1.0520184E-04
  7.3837533E-05  6.8370906E-04  1.0615258E-04
  7.4504715E-05  6.8988553E-04  1.0711154E-04
  7.5177665E-05  6.9611538E-04  1.0807879E-04
  7.5856433E-05  7.0239906E-04  1.0905439E-04
  7.6541069E-05  7.0873704E-04  1.1003843E-04
  7.7231624E-05  7.1512978E-04  1.1103096E-04
  7.7928149E-05  7.2157777E-04  1.1203208E-04
  7.8630696E-05  7.2808148E-04  1.1304184E-04
  7.9339317E-05  7.3464139E-04  1.1406033E-04
  8.0054065E-05  7.4125799E-04  1.1508762E-04
  8.0774991E-05  7.4793176E-04  1.1612379E-04
  8.1502151E-05  7.5466320E-04  1.1716892E-04
  8.2235597E-05  7.6145280E-04  1.1822307E-04
  8.2975385E-05  7.6830108E-04  1.1928633E-04
  8.3721568E-05  7.7520853E-04  1.2035878E-04
  8.4474202E-05  7.8217567E-04  1.2144050E-04
  8.5233343E-05  7.8920301E-04  1.2253156E-04
  8.5999047E-05  7.9629107E-04  1.2363205E-04
  8.6771371E-05  8.0344038E-04  1.2474206E-04
  8.7550373E-05  8.1065147E-04  1.2586165E-04
  8.8336109E-05  8.1792487E-04  1.2699091E-04
  8.9128638E-05  8.2526111E-04  1.2812994E-04
  8.9928019E-05  8.3266074E-04  1.2927880E-04
  9.0734312E-05  8.4012431E-04  1.3043760E-04
  9.1547575E-05  8.4765238E-04  1.3160640E-04
  9.2367869E-05  8.5524548E-04  1.3278531E-04
  9.3195255E-05  8.6290420E-04  1.3397440E-04
  9.4029794E-05  8.7062909E-04  1.3517377E-04
  9.4871548E-05  8.7842073E-04  1.3638349E-04
  9.5720579E-05  8.8627969E-04  1.3760368E-04
  9.6576951E-05  8.9420655E-04  1.3883440E-04
  9.7440727E-05  9.0220191E-04  1.4007576E-04
  9.8311970E-05  9.1026635E-04  1.4132784E-04
  9.9190746E-05  9.1840046E-04  1.4259074E-04
  1.0007712E-04  9.2660486E-04  1.4386456E-04
  1.0097116E-04  9.3488014E-04  1.4514938E-04
  1.0187292E-04  9.4322692E-04  1.4644530E-04
  1.0278248E-04  9.5164582E-04  1.4775241E-04
  1.0369991E-04  9.6013746E-04  1.4907082E-04
  1.0462527E-04  9.6870246E-04  1.5040063E-04
  1.0555862E-04  9.7734147E-04  1.5174192E-04
  1.0650005E-04  9.8605511E-04  1.5309480E-04
  1.0744962E-04  9.9484404E-04  1.5445936E-04
  1.0840739E-04  1.0037089E-03  1.5583572E-04
  1.0937345E-04  1.0126504E-03  1.5722397E-04
  1.1034786E-04  1.0216691E-03  1.5862421E-04
  1.1133069E-04  1.0307657E-03  1.6003655E-04
  1.1232202E-04  1.0399409E-03  1.6146110E-04
  1.1332192E-04  1.0491954E-03  1.6289795E-04
  1.1433046E-04  1.0585298E-03  1.6434721E-04
  1.1534772E-04  1.0679449E-03  1.6580899E-04
  1.1637378E-04  1.0774413E-03  1.6728341E-04
  1.1740871E-04  1.0870198E-03  1.6877056E-04
  1.1845259E-04  1.0966810E-03  1.7027055E-04
  1.1950549E-04  1.1064257E-03  1.7178351E-04
  1.2056750E-04  1.1162545E-03  1.7330954E-04
  1.2163868E-04  1.1261683E-03  1.7484875E-04
  1.2271913E-04  1.1361677E-03  1.7640126E-04
  1.2380892E-04  1.1462535E-03  1.7796718E-04
  1.2490813E-04  1.1564264E-03  1.7954663E-04
  1.2601684E-04  1.1666873E-03  1.8113972E-04
  1.2713514E-04  1.1770367E-03  1.8274658E-04
  1.2826311E-04  1.1874756E-03  1.8436731E-04
  1.2940082E-04  1.1980046E-03  1.8600205E-04
  1.3054838E-04  1.2086246E-03  1.8765091E-04
  1.3170585E-04  1.2193364E-03  1.8931401E-04
  1.3287334E-04  1.2301406E-03  1.9099148E-04
  1.3405091E-04  1.2410382E-03  1.9268344E-04
  1.3523867E-04  1.2520300E-03  1.9439002E-04
  1.3643670E-04  1.2631167E-03  1.9611134E-04
  1.3764508E-04  1.2742991E-03  1.9784752E-04
  1.3886391E-04  1.2855782E-03  1.9959871E-04
  1.4009328E-04  1.2969547E-03  2.0136502E-04
  1.4133328E-04  1.3084294E-03  2.0314659E-04
  1.4258399E-04  1.3200033E-03  2.0494355E-04
  1.4384552E-04  1.3316771E-03  2.0675603E-04
  1.4511796E-04  1.3434518E-03  2.0858416E-04
  1.4640140E-04  1.3553282E-03  2.1042809E-04
  1.4769593E-04  1.3673072E-03  2.1228794E-04
  1.4900166E-04  1.3793896E-03  2.1416386E-04
  1.5031867E-04  1.3915764E-03  2.1605599E-04
  1.5164707E-04  1.4038685E-03  2.1796445E-04
  1.5298696E-04  1.4162668E-03  2.1988940E-04
  1.5433842E-04  1.4287721E-03  2.2183098E-04
  1.5570158E-04  1.4413854E-03  2.2378932E-04
  1.5707652E-04  1.4541077E-03  2.2576459E-04
  1.5846334E-04  1.4669399E-03  2.2775691E-04
  1.5986216E-04  1.4798829E-03  2.2976644E-04
  1.6127307E-04  1.4929377E-03  2.3179332E-04
  1.6269617E-04  1.5061052E-03  2.3383771E-04
  1.6413158E-04  1.5193865E-03  2.3589976E-04
  1.6557940E-04  1.5327825E-03  2.3797962E-04
  1.6703974E-04  1.5462942E-03  2.4007744E-04
  1.6851270E-04  1.5599226E-03  2.4219338E-04
  1.6999840E-04  1.5736686E-03  2.4432760E-04
  1.7149694E-04  1.5875334E-03  2.4648024E-04
  1.7300844E-04  1.6015180E-03  2.4865148E-04
  1.7453300E-04  1.6156233E-03  2.5084147E-04
  1.7607075E-04  1.6298504E-03  2.5305037E-04
  1.7762179E-04  1.6442004E-03  2.5527835E-04
  1.7918624E-04  1.6586743E-03  2.5752557E-04
  1.8076421E-04  1.6732733E-03  2.5979220E-04
  1.8235583E-04  1.6879983E-03  2.6207840E-04
  1.8396121E-04  1.7028504E-03  2.6438434E-04
  1.8558047E-04  1.7178308E-03  2.6671020E-04
  1.8721372E-04  1.7329406E-03  2.6905614E-04
  1.8886110E-04  1.7481809E-03  2.7142235E-04
  1.9052272E-04  1.7635528E-03  2.7380898E-04
  1.9219870E-04  1.7790574E-03  2.7621623E-04
  1.9388918E-04  1.7946959E-03  2.7864426E-04
  1.9559427E-04  1.8104694E-03  2.8109326E-04
  1.9731410E-04  1.8263792E-03  2.8356340E-04
  1.9904880E-04  1.8424263E-03  2.8605488E-04
  2.0079850E-04  1.8586120E-03  2.8856787E-04
  2.0256332E-04  1.8749375E-03  2.9110256E-04
  2.0434340E-04  1.8914039E-03  2.9365913E-04
  2.0613887E-04  1.9080125E-03  2.9623779E-04
  2.0794987E-04  1.9247645E-03  2.9883870E-04
  2.0977652E-04  1.9416612E-03  3.0146208E-04
  2.1161896E-04  1.9587038E-03  3.0410810E-04
  2.1347734E-04  1.9758935E-03  3.0677697E-04
  2.1535178E-04  1.9932316E-03  3.0946889E-04
  2.1724242E-04  2.0107194E-03  3.1218405E-04
  2.1914941E-04  2.0283583E-03  3.1492265E-04
  2.2107289E-04  2.0461494E-03  3.1768489E-04
  2.2301300E-04  2.0640941E-03  3.2047099E-04
  2.2496988E-04  2.0821937E-03  3.2328114E-04
  2.2694367E-04  2.1004496E-03  3.2611555E-04
  2.2893454E-04  2.1188632E-03  3.2897443E-04
  2.3094261E-04  2.1374357E-03  3.3185799E-04
  2.3296805E-04  2.1561685E-03  3.3476645E-04
  2.3501099E-04  2.1750631E-03  3.3770002E-04
  2.3707160E-04  2.1941207E-03  3.4065891E-04
  2.3915003E-04  2.2133429E-03  3.4364334E-04
  2.4124642E-04  2.2327311E-03  3.4665355E-04
  2.4336094E-04  2.2522866E-03  3.4968973E-04
  2.4549374E-04  2.2720109E-03  3.5275213E-04
  2.4764497E-04  2.2919056E-03  3.5584097E-04
  2.4981481E-04  2.3119719E-03  3.5895646E-04
  2.5200340E-04  2.3322115E-03  3.6209886E-04
  2.5421092E-04  2.3526257E-03  3.6526837E-04
  2.5643752E-04  2.3732162E-03  3.6846525E-04
  2.5868338E-04  2.3939845E-03  3.7168972E-04
  2.6094864E-04  2.4149320E-03  3.7494203E-04
  2.6323350E-04  2.4360603E-03  3.7822241E-04
  2.6553810E-04  2.4573710E-03  3.8153110E-04
  2.6786264E-04  2.4788656E-03  3.8486836E-04
  2.7020726E-04  2.5005458E-03  3.8823442E-04
  2.7257216E-04  2.5224131E-03  3.9162953E-04
  2.7495751E-04  2.5444691E-03  3.9505394E-04
  2.7736347E-04  2.5667155E-03  3.9850791E-04
  2.7979024E-04  2.5891539E-03  4.0199170E-04
  2.8223799E-04  2.6117859E-03  4.0550555E-04
  2.8470690E-04  2.6346133E-03  4.0904972E-04
  2.8719716E-04  2.6576377E-03  4.1262449E-04
  2.8970894E-04  2.6808608E-03  4.1623010E-04
  2.9224244E-04  2.7042843E-03  4.1986684E-04
  2.9479784E-04  2.7279100E-03  4.2353496E-04
  2.9737534E-04  2.7517396E-03  4.2723473E-04
  2.9997512E-04  2.7757748E-03  4.3096643E-04
  3.0259738E-04  2.8000174E-03  4.3473034E-04
  3.0524231E-04  2.8244692E-03  4.3852673E-04
  3.0791010E-04  2.8491321E-03  4.4235588E-04
  3.1060096E-04  2.8740077E-03  4.4621807E-04
  3.1331508E-04  2.8990980E-03  4.5011359E-04
  3.1605267E-04  2.9244049E-03  4.5404272E-04
  3.1881393E-04  2.9499301E-03  4.5800576E-04
  3.2159906E-04  2.9756755E-03  4.6200299E-04
  3.2440826E-04  3.0016431E-03  4.6603471E-04
  3.2724176E-04  3.0278347E-03  4.7010122E-04
  3.3009975E-04  3.0542523E-03  4.7420282E-04
  3.3298245E-04  3.0808979E-03  4.7833981E-04
  3.3589007E-04  3.1077734E-03  4.8251249E-04
  3.3882283E-04  3.1348807E-03  4.8672117E-04
  3.4178094E-04  3.1622219E-03  4.9096616E-04
  3.4476463E-04  3.1897990E-03  4.9524778E-04
  3.4777412E-04  3.2176141E-03  4.9956633E-04
  3.5080962E-04  3.2456690E-03  5.0392215E-04
  3.5387137E-04  3.2739661E-03  5.0831554E-04
  3.5695959E-04  3.3025072E-03  5.1274683E-04
  3.6007451E-04  3.3312945E-03  5.1721635E-04
  3.6321635E-04  3.3603302E-03  5.2172442E-04
  3.6638536E-04  3.3896164E-03  5.2627139E-04
  3.6958177E-04  3.4191552E-03  5.3085758E-04
  3.7280581E-04  3.4489488E-03  5.3548333E-04
  3.7605773E-04  3.4789994E-03  5.4014898E-04
  3.7933776E-04  3.5093092E-03  5.4485487E-04
  3.8264615E-04  3.5398804E-03  5.4960136E-04
  3.8598314E-04  3.5707153E-03  5.5438878E-04
  3.8934898E-04  3.6018162E-03  5.5921750E-04
  3.9274392E-04  3.6331853E-03  5.6408787E-04
  3.9616821E-04  3.6648250E-03  5.6900024E-04
  3.9962210E-04  3.6967376E-03  5.7395498E-04
  4.0310586E-04  3.7289254E-03  5.7895245E-04
  4.0661973E-04  3.7613908E-03  5.8399302E-04
  4.1016399E-04  3.7941362E-03  5.8907707E-04
  4.1373888E-04  3.8271640E-03  5.9420495E-04
  4.1734469E-04  3.8604766E-03  5.9937706E-04
  4.2098166E-04  3.8940764E-03  6.0459377E-04
  4.2465009E-04  3.9279661E-03  6.0985547E-04
  4.2835022E-04  3.9621479E-03  6.1516254E-04
  4.3208235E-04  3.9966245E-03  6.2051537E-04
  4.3584674E-04  4.0313984E-03  6.2591436E-04
  4.3964367E-04  4.0664722E-03  6.3135990E-04
  4.4347344E-04  4.1018483E-03  6.3685240E-04
  4.4733631E-04  4.1375295E-03  6.4239225E-04
  4.5123258E-04  4.1735183E-03  6.4797987E-04
  4.5516254E-04  4.2098174E-03  6.5361567E-04
  4.5912647E-04  4.2464295E-03  6.5930005E-04
  4.6312467E-04  4.2833572E-03  6.6503344E-04
  4.6715744E-04  4.3206033E-03  6.7081626E-04
  4.7122507E-04  4.3581705E-03  6.7664893E-04
  4.7532787E-04  4.3960615E-03  6.8253189E-04
  4.7946614E-04  4.4342792E-03  6.8846556E-04
  4.8364019E-04  4.4728263E-03  6.9445038E-04
  4.8785033E-04  4.5117057E-03  7.0048678E-04
  4.9209686E-04  4.5509202E-03  7.0657523E-04
  4.9638011E-04  4.5904728E-03  7.1271615E-04
  5.0070039E-04  4.6303663E-03  7.1891001E-04
  5.0505802E-04  4.6706036E-03  7.2515725E-04
  5.0945332E-04  4.7111878E-03  7.3145833E-04
  5.1388663E-04  4.7521217E-03  7.3781373E-04
  5.1835826E-04  4.7934084E-03  7.4422389E-04
  5.2286855E-04  4.8350509E-03  7.5068931E-04
  5.2741784E-04  4.8770524E-03  7.5721044E-04
  5.3200645E-04  4.9194157E-03  7.6378777E-04
  5.3663474E-04  4.9621442E-03  7.7042178E-04
  5.4130304E-04  5.0052408E-03  7.7711296E-04
  5.4601170E-04  5.0487089E-03  7.8386179E-04
  5.5076107E-04  5.0925514E-03  7.9066878E-04
  5.5555150E-04  5.1367718E-03  7.9753443E-04
  5.6038334E-04  5.1813732E-03  8.0445923E-04
  5.6525696E-04  5.2263589E-03  8.1144370E-04
  5.7017272E-04  5.2717321E-03  8.1848834E-04
  5.7513097E-04  5.3174963E-03  8.2559368E-04
  5.8013209E-04  5.3636547E-03  8.3276023E-04
  5.8517645E-04  5.4102109E-03  8.3998852E-04
  5.9026442E-04  5.4571680E-03  8.4727908E-04
  5.9539638E-04  5.5045297E-03  8.5463245E-04
  6.0057270E-04  5.5522994E-03  8.6204916E-04
  6.0579378E-04  5.6004806E-03  8.6952976E-04
  6.1105999E-04  5.6490768E-03  8.7707480E-04
  6.1637174E-04  5.6980916E-03  8.8468482E-04
  6.2172941E-04  5.7475286E-03  8.9236039E-04
  6.2713339E-04  5.7973913E-03  9.0010207E-04
  6.3258410E-04  5.8476835E-03  9.0791043E-04
  6.3808193E-04  5.8984089E-03  9.1578603E-04
  6.4362730E-04  5.9495710E-03  9.2372946E-04
  6.4922060E-04  6.0011738E-03  9.3174130E-04
  6.5486227E-04  6.0532210E-03  9.3982213E-04
  6.6055271E-04  6.1057163E-03  9.4797255E-04
  6.6629234E-04  6.1586637E-03  9.5619314E-04
  6.7208160E-04  6.2120670E-03  9.6448453E-04
  6.7792091E-04  6.2659301E-03  9.7284730E-04
  6.8381070E-04  6.3202570E-03  9.8128208E-04
  6.8975141E-04  6.3750516E-03  9.8978947E-04
  6.9574348E-04  6.4303180E-03  9.9837012E-04
  7.0178736E-04  6.4860601E-03  1.0070246E-03
  7.0788349E-04  6.5422821E-03  1.0157536E-03
  7.1403232E-04  6.5989881E-03  1.0245578E-03
  7.2023432E-04  6.6561823E-03  1.0334377E-03
  7.2648993E-04  6.7138687E-03  1.0423941E-03
  7.3279963E-04  6.7720517E-03  1.0514276E-03
  7.3916387E-04  6.8307355E-03  1.0605388E-03
  7.4558314E-04  6.8899243E-03  1.0697285E-03
  7.5205791E-04  6.9496226E-03  1.0789972E-03
  7.5858865E-04  7.0098346E-03  1.0883457E-03
  7.6517586E-04  7.0705648E-03  1.0977747E-03
  7.7182001E-04  7.1318176E-03  1.1072848E-03
  7.7852161E-04  7.1935975E-03  1.1168767E-03
  7.8528115E-04  7.2559090E-03  1.1265512E-03
  7.9209913E-04  7.3187566E-03  1.1363089E-03
  7.9897605E-04  7.3821450E-03  1.1461505E-03
  8.0591242E-04  7.4460788E-03  1.1560769E-03
  8.1290877E-04  7.5105626E-03  1.1660886E-03
  8.1996560E-04  7.5756012E-03  1.1761865E-03
  8.2708344E-04  7.6411992E-03  1.1863712E-03
  8.3426282E-04  7.7073616E-03  1.1966436E-03
  8.4150427E-04  7.7740930E-03  1.2070043E-03
  8.4880832E-04  7.8413985E-03  1.2174541E-03
  8.5617552E-04  7.9092828E-03  1.2279938E-03
  8.6360641E-04  7.9777510E-03  1.2386241E-03
  8.7110155E-04  8.0468081E-03  1.2493459E-03
  8.7866149E-04  8.1164590E-03  1.2601599E-03
  8.8628679E-04  8.1867089E-03  1.2710669E-03
  8.9397801E-04  8.2575629E-03  1.2820676E-03
  9.0173573E-04  8.3290261E-03  1.2931630E-03
  9.0956051E-04  8.4011038E-03  1.3043538E-03
  9.1745295E-04  8.4738012E-03  1.3156407E-03
  9.2541362E-04  8.5471237E-03  1.3270247E-03
  9.3344311E-04  8.6210765E-03  1.3385066E-03
  9.4154202E-04  8.6956650E-03  1.3500872E-03
  9.4971095E-04  8.7708947E-03  1.3617674E-03
  9.5795051E-04  8.8467711E-03  1.3735479E-03
  9.6626130E-04  8.9232997E-03  1.3854297E-03
  9.7464394E-04  9.0004860E-03  1.3974136E-03
  9.8309906E-04  9.0783357E-03  1.4095005E-03
  9.9162727E-04  9.1568544E-03  1.4216913E-03
  1.0002292E-03  9.2360479E-03  1.4339869E-03
  1.0089055E-03  9.3159220E-03  1.4463881E-03
  1.0176569E-03  9.3964823E-03  1.4588959E-03
  1.0264838E-03  9.4777349E-03  1.4715111E-03
  1.0353871E-03  9.5596856E-03  1.4842347E-03
  1.0443674E-03  9.6423403E-03  1.4970677E-03
  1.0534253E-03  9.7257051E-03  1.5100109E-03
  1.0625615E-03  9.8097860E-03  1.5230652E-03
  1.0717767E-03  9.8945892E-03  1.5362317E-03
  1.0810716E-03  9.9801208E-03  1.5495113E-03
  1.0904469E-03  1.0066387E-02  1.5629050E-03
  1.0999031E-03  1.0153394E-02  1.5764137E-03
  1.1094412E-03  1.0241149E-02  1.5900384E-03
  1.1190617E-03  1.0329656E-02  1.6037801E-03
  1.1287654E-03  1.0418924E-02  1.6176398E-03
  1.1385529E-03  1.0508959E-02  1.6316185E-03
  1.1484251E-03  1.0599766E-02  1.6457172E-03
  1.1583827E-03  1.0691353E-02  1.6599370E-03
  1.1684263E-03  1.0783727E-02  1.6742788E-03
  1.1785568E-03  1.0876893E-02  1.6887438E-03
  1.1887748E-03  1.0970859E-02  1.7033329E-03
  1.1990812E-03  1.1065632E-02  1.7180473E-03
  1.2094767E-03  1.1161218E-02  1.7328879E-03
  1.2199621E-03  1.1257624E-02  1.7478559E-03
  1.2305381E-03  1.1354858E-02  1.7629523E-03
  1.2412055E-03  1.1452926E-02  1.7781783E-03
  1.2519652E-03  1.1551835E-02  1.7935350E-03
  1.2628179E-03  1.1651593E-02  1.8090234E-03
  1.2737644E-03  1.1752208E-02  1.8246447E-03
  1.2848056E-03  1.1853685E-02  1.8404000E-03
  1.2959422E-03  1.1956032E-02  1.8562904E-03
  1.3071751E-03  1.2059258E-02  1.8723172E-03
  1.3185051E-03  1.2163369E-02  1.8884814E-03
  1.3299331E-03  1.2268373E-02  1.9047842E-03
  1.3414599E-03  1.2374277E-02  1.9212269E-03
  1.3530863E-03  1.2481090E-02  1.9378105E-03
  1.3648132E-03  1.2588818E-02  1.9545364E-03
  1.3766416E-03  1.2697471E-02  1.9714057E-03
  1.3885722E-03  1.2807054E-02  1.9884196E-03
  1.4006059E-03  1.2917577E-02  2.0055793E-03
  1.4127437E-03  1.3029048E-02  2.0228861E-03
  1.4249864E-03  1.3141474E-02  2.0403413E-03
  1.4373349E-03  1.3254864E-02  2.0579461E-03
  1.4497903E-03  1.3369225E-02  2.0757018E-03
  1.4623533E-03  1.3484567E-02  2.0936097E-03
  1.4750249E-03  1.3600896E-02  2.1116710E-03
  1.4878060E-03  1.3718223E-02  2.1298870E-03
  1.5006977E-03  1.3836555E-02  2.1482591E-03
  1.5137008E-03  1.3955900E-02  2.1667886E-03
  1.5268164E-03  1.4076268E-02  2.1854769E-03
  1.5400453E-03  1.4197667E-02  2.2043252E-03
  1.5533886E-03  1.4320106E-02  2.2233349E-03
  1.5668472E-03  1.4443593E-02  2.2425075E-03
  1.5804223E-03  1.4568138E-02  2.2618442E-03
  1.5941146E-03  1.4693749E-02  2.2813465E-03
  1.6079254E-03  1.4820436E-02  2.3010158E-03
  1.6218555E-03  1.4948208E-02  2.3208535E-03
  1.6359061E-03  1.5077073E-02  2.3408610E-03
  1.6500782E-03  1.5207041E-02  2.3610398E-03
  1.6643728E-03  1.5338122E-02  2.3813912E-03
  1.6787910E-03  1.5470324E-02  2.4019169E-03
  1.6933338E-03  1.5603658E-02  2.4226182E-03
  1.7080023E-03  1.5738133E-02  2.4434966E-03
  1.7227977E-03  1.5873758E-02  2.4645537E-03
  1.7377210E-03  1.6010544E-02  2.4857910E-03
  1.7527733E-03  1.6148500E-02  2.5072099E-03
  1.7679558E-03  1.6287636E-02  2.5288120E-03
  1.7832695E-03  1.6427962E-02  2.5505989E-03
  1.7987156E-03  1.6569488E-02  2.5725721E-03
  1.8142952E-03  1.6712225E-02  2.5947332E-03
  1.8300095E-03  1.6856181E-02  2.6170838E-03
  1.8458597E-03  1.7001369E-02  2.6396255E-03
  1.8618469E-03  1.7147798E-02  2.6623599E-03
  1.8779724E-03  1.7295478E-02  2.6852886E-03
  1.8942372E-03  1.7444421E-02  2.7084133E-03
  1.9106427E-03  1.7594637E-02  2.7317356E-03
  1.9271900E-03  1.7746136E-02  2.7552573E-03
  1.9438804E-03  1.7898930E-02  2.7789799E-03
  1.9607150E-03  1.8053030E-02  2.8029052E-03
  1.9776952E-03  1.8208446E-02  2.8270349E-03
  1.9948222E-03  1.8365189E-02  2.8513707E-03
  2.0120973E-03  1.8523271E-02  2.8759143E-03
  2.0295217E-03  1.8682703E-02  2.9006676E-03
  2.0470968E-03  1.8843497E-02  2.9256322E-03
  2.0648238E-03  1.9005664E-02  2.9508100E-03
  2.0827041E-03  1.9169215E-02  2.9762028E-03
  2.1007390E-03  1.9334162E-02  3.0018123E-03
  2.1189298E-03  1.9500518E-02  3.0276404E-03
  2.1372778E-03  1.9668293E-02  3.0536889E-03
  2.1557845E-03  1.9837499E-02  3.0799598E-03
  2.1744512E-03  2.0008150E-02  3.1064547E-03
  2.1932792E-03  2.0180256E-02  3.1331758E-03
  2.2122701E-03  2.0353831E-02  3.1601247E-03
  2.2314251E-03  2.0528886E-02  3.1873036E-03
  2.2507457E-03  2.0705435E-02  3.2147142E-03
  2.2702334E-03  2.0883489E-02  3.2423586E-03
  2.2898896E-03  2.1063061E-02  3.2702387E-03
  2.3097156E-03  2.1244164E-02  3.2983565E-03
  2.3297131E-03  2.1426811E-02  3.3267139E-03
  2.3498835E-03  2.1611014E-02  3.3553131E-03
  2.3702283E-03  2.1796788E-02  3.3841560E-03
  2.3907489E-03  2.1984145E-02  3.4132447E-03
  2.4114470E-03  2.2173098E-02  3.4425813E-03
  2.4323240E-03  2.2363660E-02  3.4721677E-03
  2.4533815E-03  2.2555847E-02  3.5020062E-03
  2.4746211E-03  2.2749670E-02  3.5320989E-03
  2.4960443E-03  2.2945143E-02  3.5624477E-03
  2.5176527E-03  2.3142281E-02  3.5930550E-03
  2.5394479E-03  2.3341097E-02  3.6239229E-03
  2.5614315E-03  2.3541606E-02  3.6550536E-03
  2.5836052E-03  2.3743822E-02  3.6864492E-03
  2.6059706E-03  2.3947758E-02  3.7181119E-03
  2.6285294E-03  2.4153430E-02  3.7500441E-03
  2.6512832E-03  2.4360852E-02  3.7822480E-03
  2.6742337E-03  2.4570038E-02  3.8147258E-03
  2.6973827E-03  2.4781003E-02  3.8474799E-03
  2.7207318E-03  2.4993762E-02  3.8805125E-03
  2.7442827E-03  2.5208331E-02  3.9138259E-03
  2.7680372E-03  2.5424724E-02  3.9474226E-03
  2.7919972E-03  2.5642956E-02  3.9813049E-03
  2.8161642E-03  2.5863043E-02  4.0154752E-03
  2.8405402E-03  2.6085001E-02  4.0499358E-03
  2.8651270E-03  2.6308844E-02  4.0846892E-03
  2.8899263E-03  2.6534589E-02  4.1197379E-03
  2.9149400E-03  2.6762252E-02  4.1550843E-03
  2.9401700E-03  2.6991848E-02  4.1907308E-03
  2.9656180E-03  2.7223394E-02  4.2266801E-03
  2.9912862E-03  2.7456906E-02  4.2629345E-03
  3.0171762E-03  2.7692400E-02  4.2994968E-03
  3.0432900E-03  2.7929892E-02  4.3363693E-03
  3.0696296E-03  2.8169401E-02  4.3735547E-03
  3.0961970E-03  2.8410941E-02  4.4110556E-03
  3.1229940E-03  2.8654531E-02  4.4488747E-03
  3.1500227E-03  2.8900186E-02  4.4870145E-03
  3.1772851E-03  2.9147925E-02  4.5254778E-03
  3.2047832E-03  2.9397765E-02  4.5642672E-03
  3.2325190E-03  2.9649722E-02  4.6033854E-03
  3.2604946E-03  2.9903816E-02  4.6428352E-03
  3.2887120E-03  3.0160062E-02  4.6826193E-03
  3.3171735E-03  3.0418480E-02  4.7227405E-03
  3.3458810E-03  3.0679088E-02  4.7632016E-03
  3.3748366E-03  3.0941902E-02  4.8040054E-03
  3.4040426E-03  3.1206943E-02  4.8451548E-03
  3.4335011E-03  3.1474227E-02  4.8866526E-03
  3.4632143E-03  3.1743775E-02  4.9285016E-03
  3.4931844E-03  3.2015604E-02  4.9707049E-03
  3.5234136E-03  3.2289733E-02  5.0132653E-03
  3.5539041E-03  3.2566182E-02  5.0561857E-03
  3.5846583E-03  3.2844969E-02  5.0994693E-03
  3.6156783E-03  3.3126114E-02  5.1431189E-03
  3.6469665E-03  3.3409637E-02  5.1871376E-03
  3.6785252E-03  3.3695556E-02  5.2315285E-03
  3.7103568E-03  3.3983893E-02  5.2762945E-03
  3.7424635E-03  3.4274666E-02  5.3214389E-03
  3.7748479E-03  3.4567896E-02  5.3669647E-03
  3.8075122E-03  3.4863604E-02  5.4128751E-03
  3.8404589E-03  3.5161809E-02  5.4591732E-03
  3.8736905E-03  3.5462532E-02  5.5058622E-03
  3.9072093E-03  3.5765794E-02  5.5529455E-03
  3.9410180E-03  3.6071616E-02  5.6004261E-03
  3.9751189E-03  3.6380018E-02  5.6483074E-03
  4.0095147E-03  3.6691023E-02  5.6965926E-03
  4.0442078E-03  3.7004651E-02  5.7452852E-03
  4.0792008E-03  3.7320924E-02  5.7943883E-03
  4.1144964E-03  3.7639864E-02  5.8439055E-03
  4.1500972E-03  3.7961493E-02  5.8938401E-03
  4.1860057E-03  3.8285832E-02  5.9441955E-03
  4.2222247E-03  3.8612905E-02  5.9949752E-03
  4.2587568E-03  3.8942732E-02  6.0461826E-03
  4.2956048E-03  3.9275338E-02  6.0978213E-03
  4.3327713E-03  3.9610744E-02  6.1498948E-03
  4.3702592E-03  3.9948974E-02  6.2024067E-03
  4.4080711E-03  4.0290051E-02  6.2553605E-03
  4.4462100E-03  4.0633997E-02  6.3087598E-03
  4.4846785E-03  4.0980837E-02  6.3626083E-03
  4.5234797E-03  4.1330595E-02  6.4169097E-03
  4.5626163E-03  4.1683293E-02  6.4716677E-03
  4.6020913E-03  4.2038956E-02  6.5268859E-03
  4.6419075E-03  4.2397608E-02  6.5825681E-03
  4.6820680E-03  4.2759273E-02  6.6387182E-03
  4.7225757E-03  4.3123977E-02  6.6953399E-03
  4.7634336E-03  4.3491743E-02  6.7524371E-03
  4.8046448E-03  4.3862597E-02  6.8100136E-03
  4.8462122E-03  4.4236564E-02  6.8680734E-03
  4.8881390E-03  4.4613669E-02  6.9266203E-03
  4.9304283E-03  4.4993938E-02  6.9856583E-03
  4.9730832E-03  4.5377396E-02  7.0451915E-03
  5.0161069E-03  4.5764069E-02  7.1052238E-03
  5.0595025E-03  4.6153983E-02  7.1657592E-03
  5.1032733E-03  4.6547165E-02  7.2268019E-03
  5.1474225E-03  4.6943641E-02  7.2883560E-03
  5.1919535E-03  4.7343438E-02  7.3504256E-03
  5.2368694E-03  4.7746582E-02  7.4130148E-03
  5.2821736E-03  4.8153101E-02  7.4761279E-03
  5.3278695E-03  4.8563022E-02  7.5397691E-03
  5.3739605E-03  4.8976372E-02  7.6039427E-03
  5.4204500E-03  4.9393180E-02  7.6686530E-03
  5.4673414E-03  4.9813472E-02  7.7339043E-03
  5.5146381E-03  5.0237277E-02  7.7997009E-03
  5.5623438E-03  5.0664624E-02  7.8660473E-03
  5.6104620E-03  5.1095541E-02  7.9329478E-03
  5.6589961E-03  5.1530057E-02  8.0004070E-03
  5.7079498E-03  5.1968200E-02  8.0684293E-03
  5.7573268E-03  5.2410000E-02  8.1370192E-03
  5.8071307E-03  5.2855485E-02  8.2061814E-03
  5.8573651E-03  5.3304687E-02  8.2759203E-03
  5.9080339E-03  5.3757634E-02  8.3462407E-03
  5.9591407E-03  5.4214357E-02  8.4171471E-03
  6.0106893E-03  5.4674885E-02  8.4886444E-03
  6.0626836E-03  5.5139250E-02  8.5607371E-03
  6.1151274E-03  5.5607481E-02  8.6334300E-03
  6.1680247E-03  5.6079610E-02  8.7067281E-03
  6.2213792E-03  5.6555669E-02  8.7806360E-03
  6.2751950E-03  5.7035687E-02  8.8551586E-03
  6.3294761E-03  5.7519697E-02  8.9303009E-03
  6.3842265E-03  5.8007731E-02  9.0060678E-03
  6.4394502E-03  5.8499821E-02  9.0824642E-03
  6.4951514E-03  5.8995998E-02  9.1594951E-03
  6.5513341E-03  5.9496296E-02  9.2371657E-03
  6.6080026E-03  6.0000748E-02  9.3154810E-03
  6.6651610E-03  6.0509385E-02  9.3944460E-03
  6.7228135E-03  6.1022242E-02  9.4740660E-03
  6.7809645E-03  6.1539351E-02  9.5543461E-03
  6.8396183E-03  6.2060747E-02  9.6352916E-03
  6.8987791E-03  6.2586464E-02  9.7169076E-03
  6.9584514E-03  6.3116534E-02  9.7991996E-03
  7.0186396E-03  6.3650994E-02  9.8821729E-03
  7.0793481E-03  6.4189878E-02  9.9658327E-03
  7.1405815E-03  6.4733219E-02  1.0050185E-02
  7.2023443E-03  6.5281055E-02  1.0135234E-02
  7.2646411E-03  6.5833419E-02  1.0220986E-02
  7.3274765E-03  6.6390348E-02  1.0307447E-02
  7.3908551E-03  6.6951877E-02  1.0394622E-02
  7.4547816E-03  6.7518043E-02  1.0482517E-02
  7.5192609E-03  6.8088882E-02  1.0571136E-02
  7.5842975E-03  6.8664430E-02  1.0660487E-02
  7.6498965E-03  6.9244725E-02  1.0750575E-02
  7.7160626E-03  6.9829803E-02  1.0841405E-02
  7.7828007E-03  7.0419702E-02  1.0932983E-02
  7.8501158E-03  7.1014459E-02  1.1025315E-02
  7.9180129E-03  7.1614113E-02  1.1118408E-02
  7.9864970E-03  7.2218702E-02  1.1212266E-02
  8.0555732E-03  7.2828263E-02  1.1306896E-02
  8.1252466E-03  7.3442836E-02  1.1402304E-02
  8.1955223E-03  7.4062460E-02  1.1498495E-02
  8.2664056E-03  7.4687173E-02  1.1595477E-02
  8.3379018E-03  7.5317016E-02  1.1693255E-02
  8.4100160E-03  7.5952028E-02  1.1791835E-02
  8.4827537E-03  7.6592248E-02  1.1891223E-02
  8.5561203E-03  7.7237718E-02  1.1991426E-02
  8.6301212E-03  7.7888477E-02  1.2092450E-02
  8.7047618E-03  7.8544567E-02  1.2194301E-02
  8.7800478E-03  7.9206029E-02  1.2296986E-02
  8.8559846E-03  7.9872903E-02  1.2400511E-02
  8.9325779E-03  8.0545232E-02  1.2504883E-02
  9.0098335E-03  8.1223057E-02  1.2610107E-02
  9.0877569E-03  8.1906421E-02  1.2716191E-02
  9.1663540E-03  8.2595365E-02  1.2823141E-02
  9.2456307E-03  8.3289934E-02  1.2930964E-02
  9.3255927E-03  8.3990168E-02  1.3039666E-02
  9.4062461E-03  8.4696113E-02  1.3149255E-02
  9.4875967E-03  8.5407811E-02  1.3259736E-02
  9.5696506E-03  8.6125306E-02  1.3371117E-02
  9.6524140E-03  8.6848643E-02  1.3483404E-02
  9.7358929E-03  8.7577865E-02  1.3596605E-02
  9.8200935E-03  8.8313018E-02  1.3710725E-02
  9.9050220E-03  8.9054145E-02  1.3825774E-02
  9.9906849E-03  8.9801293E-02  1.3941756E-02
  1.0077088E-02  9.0554507E-02  1.4058679E-02
  1.0164239E-02  9.1313833E-02  1.4176551E-02
  1.0252143E-02  9.2079316E-02  1.4295379E-02
  1.0340806E-02  9.2851003E-02  1.4415169E-02
  1.0430237E-02  9.3628942E-02  1.4535929E-02
  1.0520440E-02  9.4413177E-02  1.4657666E-02
  1.0611424E-02  9.5203758E-02  1.4780388E-02
  1.0703194E-02  9.6000731E-02  1.4904102E-02
  1.0795757E-02  9.6804144E-02  1.5028814E-02
  1.0889121E-02  9.7614045E-02  1.5154534E-02
  1.0983292E-02  9.8430483E-02  1.5281268E-02
  1.1078277E-02  9.9253506E-02  1.5409023E-02
  1.1174083E-02  1.0008316E-01  1.5537808E-02
  1.1270717E-02  1.0091950E-01  1.5667630E-02
  1.1368187E-02  1.0176258E-01  1.5798496E-02
  1.1466500E-02  1.0261243E-01  1.5930415E-02
  1.1565663E-02  1.0346912E-01  1.6063394E-02
  1.1665682E-02  1.0433269E-01  1.6197440E-02
  1.1766567E-02  1.0520320E-01  1.6332563E-02
  1.1868324E-02  1.0608069E-01  1.6468769E-02
  1.1970960E-02  1.0696521E-01  1.6606066E-02
  1.2074484E-02  1.0785683E-01  1.6744463E-02
  1.2178903E-02  1.0875558E-01  1.6883968E-02
  1.2284225E-02  1.0966153E-01  1.7024588E-02
  1.2390457E-02  1.1057472E-01  1.7166332E-02
  1.2497608E-02  1.1149520E-01  1.7309208E-02
  1.2605685E-02  1.1242304E-01  1.7453224E-02
  1.2714696E-02  1.1335828E-01  1.7598389E-02
  1.2824650E-02  1.1430097E-01  1.7744710E-02
  1.2935555E-02  1.1525118E-01  1.7892196E-02
  1.3047418E-02  1.1620895E-01  1.8040856E-02
  1.3160248E-02  1.1717434E-01  1.8190697E-02
  1.3274054E-02  1.1814740E-01  1.8341729E-02
  1.3388844E-02  1.1912819E-01  1.8493959E-02
  1.3504626E-02  1.2011677E-01  1.8647397E-02
  1.3621410E-02  1.2111318E-01  1.8802051E-02
  1.3739203E-02  1.2211750E-01  1.8957929E-02
  1.3858014E-02  1.2312976E-01  1.9115041E-02
  1.3977852E-02  1.2415003E-01  1.9273395E-02
  1.4098727E-02  1.2517837E-01  1.9432999E-02
  1.4220646E-02  1.2621483E-01  1.9593863E-02
  1.4343620E-02  1.2725947E-01  1.9755996E-02
  1.4467657E-02  1.2831235E-01  1.9919406E-02
  1.4592766E-02  1.2937352E-01  2.0084103E-02
  1.4718957E-02  1.3044305E-01  2.0250095E-02
  1.4846238E-02  1.3152099E-01  2.0417391E-02
  1.4974620E-02  1.3260740E-01  2.0586001E-02
  1.5104113E-02  1.3370234E-01  2.0755934E-02
  1.5234724E-02  1.3480587E-01  2.0927198E-02
  1.5366465E-02  1.3591804E-01  2.1099803E-02
  1.5499345E-02  1.3703893E-01  2.1273759E-02
  1.5633373E-02  1.3816858E-01  2.1449074E-02
  1.5768561E-02  1.3930706E-01  2.1625758E-02
  1.5904917E-02  1.4045444E-01  2.1803820E-02
  1.6042452E-02  1.4161076E-01  2.1983270E-02
  1.6181176E-02  1.4277609E-01  2.2164117E-02
  1.6321099E-02  1.4395050E-01  2.2346371E-02
  1.6462232E-02  1.4513404E-01  2.2530040E-02
  1.6604585E-02  1.4632679E-01  2.2715136E-02
  1.6748169E-02  1.4752879E-01  2.2901666E-02
  1.6892995E-02  1.4874011E-01  2.3089642E-02
  1.7039072E-02  1.4996081E-01  2.3279072E-02
  1.7186413E-02  1.5119097E-01  2.3469967E-02
  1.7335027E-02  1.5243063E-01  2.3662336E-02
  1.7484926E-02  1.5367987E-01  2.3856188E-02
  1.7636121E-02  1.5493875E-01  2.4051535E-02
  1.7788623E-02  1.5620733E-01  2.4248385E-02
  1.7942443E-02  1.5748568E-01  2.4446748E-02
  1.8097594E-02  1.5877386E-01  2.4646635E-02
  1.8254086E-02  1.6007193E-01  2.4848056E-02
  1.8411930E-02  1.6137996E-01  2.5051020E-02
  1.8571140E-02  1.6269802E-01  2.5255538E-02
  1.8731726E-02  1.6402618E-01  2.5461619E-02
  1.8893700E-02  1.6536449E-01  2.5669274E-02
  1.9057074E-02  1.6671302E-01  2.5878512E-02
  1.9221861E-02  1.6807184E-01  2.6089345E-02
  1.9388073E-02  1.6944101E-01  2.6301782E-02
  1.9555722E-02  1.7082061E-01  2.6515833E-02
  1.9724820E-02  1.7221070E-01  2.6731509E-02
  1.9895380E-02  1.7361134E-01  2.6948820E-02
  2.0067414E-02  1.7502260E-01  2.7167776E-02
  2.0240936E-02  1.7644456E-01  2.7388389E-02
  2.0415958E-02  1.7787727E-01  2.7610667E-02
  2.0592493E-02  1.7932081E-01  2.7834621E-02
  2.0770555E-02  1.8077523E-01  2.8060262E-02
  2.0950156E-02  1.8224062E-01  2.8287601E-02
  2.1131309E-02  1.8371704E-01  2.8516648E-02
  2.1314029E-02  1.8520456E-01  2.8747412E-02
  2.1498329E-02  1.8670324E-01  2.8979906E-02
  2.1684222E-02  1.8821315E-01  2.9214139E-02
  2.1871722E-02  1.8973437E-01  2.9450122E-02
  2.2060843E-02  1.9126696E-01  2.9687865E-02
  2.2251599E-02  1.9281099E-01  2.9927379E-02
  2.2444004E-02  1.9436654E-01  3.0168675E-02
  2.2638073E-02  1.9593366E-01  3.0411763E-02
  2.2833819E-02  1.9751243E-01  3.0656655E-02
  2.3031258E-02  1.9910292E-01  3.0903359E-02
  2.3230404E-02  2.0070520E-01  3.1151888E-02
  2.3431272E-02  2.0231934E-01  3.1402253E-02
  2.3633876E-02  2.0394540E-01  3.1654462E-02
  2.3838232E-02  2.0558347E-01  3.1908528E-02
  2.4044354E-02  2.0723360E-01  3.2164461E-02
  2.4252259E-02  2.0889587E-01  3.2422272E-02
  2.4461961E-02  2.1057035E-01  3.2681972E-02
  2.4673476E-02  2.1225710E-01  3.2943570E-02
  2.4886819E-02  2.1395621E-01  3.3207079E-02
  2.5102008E-02  2.1566773E-01  3.3472508E-02
  2.5319056E-02  2.1739175E-01  3.3739869E-02
  2.5537981E-02  2.1912832E-01  3.4009172E-02
  2.5758799E-02  2.2087753E-01  3.4280427E-02
  2.5981526E-02  2.2263944E-01  3.4553647E-02
  2.6206178E-02  2.2441412E-01  3.4828840E-02
  2.6432773E-02  2.2620164E-01  3.5106019E-02
  2.6661327E-02  2.2800207E-01  3.5385194E-02
  2.6891856E-02  2.2981548E-01  3.5666375E-02
  2.7124379E-02  2.3164195E-01  3.5949573E-02
  2.7358912E-02  2.3348154E-01  3.6234799E-02
  2.7595472E-02  2.3533433E-01  3.6522064E-02
  2.7834078E-02  2.3720038E-01  3.6811378E-02
  2.8074747E-02  2.3907976E-01  3.7102751E-02
  2.8317496E-02  2.4097255E-01  3.7396195E-02
  2.8562344E-02  2.4287881E-01  3.7691720E-02
  2.8809309E-02  2.4479861E-01  3.7989337E-02
  2.9058409E-02  2.4673203E-01  3.8289055E-02
  2.9309663E-02  2.4867913E-01  3.8590886E-02
  2.9563089E-02  2.5063998E-01  3.8894841E-02
  2.9818706E-02  2.5261466E-01  3.9200928E-02
  3.0076533E-02  2.5460322E-01  3.9509160E-02
  3.0336588E-02  2.5660575E-01  3.9819546E-02
  3.0598893E-02  2.5862230E-01  4.0132097E-02
  3.0863465E-02  2.6065295E-01  4.0446822E-02
  3.1130324E-02  2.6269776E-01  4.0763733E-02
  3.1399490E-02  2.6475681E-01  4.1082839E-02
  3.1670984E-02  2.6683016E-01  4.1404151E-02
  3.1944824E-02  2.6891788E-01  4.1727679E-02
  3.2221033E-02  2.7102004E-01  4.2053432E-02
  3.2499629E-02  2.7313670E-01  4.2381422E-02
  3.2780634E-02  2.7526792E-01  4.2711657E-02
  3.3064068E-02  2.7741379E-01  4.3044148E-02
  3.3349952E-02  2.7957436E-01  4.3378904E-02
  3.3638309E-02  2.8174969E-01  4.3715936E-02
  3.3929158E-02  2.8393986E-01  4.4055252E-02
  3.4222522E-02  2.8614493E-01  4.4396864E-02
  3.4518422E-02  2.8836496E-01  4.4740779E-02
  3.4816880E-02  2.9060002E-01  4.5087008E-02
  3.5117919E-02  2.9285016E-01  4.5435561E-02
  3.5421560E-02  2.9511547E-01  4.5786446E-02
  3.5727826E-02  2.9739599E-01  4.6139672E-02
  3.6036740E-02  2.9969179E-01  4.6495250E-02
  3.6348325E-02  3.0200293E-01  4.6853187E-02
  3.6662604E-02  3.0432948E-01  4.7213494E-02
  3.6979600E-02  3.0667149E-01  4.7576178E-02
  3.7299336E-02  3.0902903E-01  4.7941249E-02
  3.7621837E-02  3.1140214E-01  4.8308715E-02
  3.7947126E-02  3.1379091E-01  4.8678585E-02
  3.8275227E-02  3.1619537E-01  4.9050868E-02
  3.8606165E-02  3.1861559E-01  4.9425571E-02
  3.8939964E-02  3.2105163E-01  4.9802703E-02
  3.9276648E-02  3.2350355E-01  5.0182272E-02
  3.9616244E-02  3.2597139E-01  5.0564286E-02
  3.9958775E-02  3.2845522E-01  5.0948753E-02
  4.0304268E-02  3.3095508E-01  5.1335681E-02
  4.0652748E-02  3.3347104E-01  5.1725076E-02
  4.1004241E-02  3.3600315E-01  5.2116948E-02
  4.1358772E-02  3.3855145E-01  5.2511303E-02
  4.1716369E-02  3.4111600E-01  5.2908147E-02
  4.2077057E-02  3.4369685E-01  5.3307489E-02
  4.2440864E-02  3.4629405E-01  5.3709335E-02
  4.2807816E-02  3.4890765E-01  5.4113692E-02
  4.3177940E-02  3.5153769E-01  5.4520566E-02
  4.3551264E-02  3.5418423E-01  5.4929964E-02
  4.3927816E-02  3.5684730E-01  5.5341891E-02
  4.4307623E-02  3.5952696E-01  5.5756354E-02
  4.4690714E-02  3.6222324E-01  5.6173360E-02
  4.5077117E-02  3.6493619E-01  5.6592912E-02
  4.5466861E-02  3.6766585E-01  5.7015017E-02
  4.5859974E-02  3.7041226E-01  5.7439681E-02
  4.6256486E-02  3.7317547E-01  5.7866907E-02
  4.6656425E-02  3.7595550E-01  5.8296701E-02
  4.7059823E-02  3.7875240E-01  5.8729068E-02
  4.7466708E-02  3.8156620E-01  5.9164013E-02
  4.7877111E-02  3.8439694E-01  5.9601538E-02
  4.8291062E-02  3.8724465E-01  6.0041649E-02
  4.8708592E-02  3.9010936E-01  6.0484348E-02
  4.9129731E-02  3.9299110E-01  6.0929640E-02
  4.9554512E-02  3.9588990E-01  6.1377528E-02
  4.9982965E-02  3.9880579E-01  6.1828015E-02
  5.0415122E-02  4.0173880E-01  6.2281103E-02
  5.0851015E-02  4.0468895E-01  6.2736795E-02
  5.1290677E-02  4.0765627E-01  6.3195094E-02
  5.1734140E-02  4.1064077E-01  6.3656000E-02
  5.2181437E-02  4.1364248E-01  6.4119517E-02
  5.2632601E-02  4.1666142E-01  6.4585645E-02
  5.3087666E-02  4.1969760E-01  6.5054386E-02
  5.3546665E-02  4.2275103E-01  6.5525740E-02
  5.4009632E-02  4.2582174E-01  6.5999707E-02
  5.4476602E-02  4.2890974E-01  6.6476289E-02
  5.4947609E-02  4.3201503E-01  6.6955485E-02
  5.5422688E-02  4.3513762E-01  6.7437294E-02
  5.5901874E-02  4.3827752E-01  6.7921716E-02
  5.6385203E-02  4.4143474E-01  6.8408750E-02
  5.6872711E-02  4.4460928E-01  6.8898394E-02
  5.7364433E-02  4.4780113E-01  6.9390647E-02
  5.7860407E-02  4.5101031E-01  6.9885506E-02
  5.8360669E-02  4.5423679E-01  7.0382968E-02
  5.8865256E-02  4.5748059E-01  7.0883032E-02
  5.9374205E-02  4.6074169E-01  7.1385694E-02
  5.9887554E-02  4.6402009E-01  7.1890950E-02
  6.0405341E-02  4.6731576E-01  7.2398796E-02
  6.0927605E-02  4.7062870E-01  7.2909228E-02
  6.1454385E-02  4.7395890E-01  7.3422241E-02
  6.1985718E-02  4.7730633E-01  7.3937829E-02
  6.2521645E-02  4.8067097E-01  7.4455988E-02
  6.3062206E-02  4.8405280E-01  7.4976711E-02
  6.3607439E-02  4.8745179E-01  7.5499991E-02
  6.4157387E-02  4.9086792E-01  7.6025822E-02
  6.4712090E-02  4.9430115E-01  7.6554196E-02
  6.5271588E-02  4.9775146E-01  7.7085105E-02
  6.5835923E-02  5.0121880E-01  7.7618541E-02
  6.6405137E-02  5.0470314E-01  7.8154496E-02
  6.6979272E-02  5.0820444E-01  7.8692959E-02
  6.7558371E-02  5.1172265E-01  7.9233921E-02
  6.8142476E-02  5.1525773E-01  7.9777372E-02
  6.8731632E-02  5.1880963E-01  8.0323301E-02
  6.9325881E-02  5.2237829E-01  8.0871697E-02
  6.9925268E-02  5.2596365E-01  8.1422547E-02
  7.0529836E-02  5.2956567E-01  8.1975839E-02
  7.1139631E-02  5.3318428E-01  8.2531561E-02
  7.1754699E-02  5.3681942E-01  8.3089699E-02
  7.2375084E-02  5.4047101E-01  8.3650239E-02
  7.3000832E-02  5.4413900E-01  8.4213166E-02
  7.3631991E-02  5.4782329E-01  8.4778464E-02
  7.4268606E-02  5.5152382E-01  8.5346119E-02
  7.4910725E-02  5.5524051E-01  8.5916114E-02
  7.5558395E-02  5.5897327E-01  8.6488431E-02
  7.6211665E-02  5.6272202E-01  8.7063053E-02
  7.6870583E-02  5.6648666E-01  8.7639962E-02
  7.7535197E-02  5.7026710E-01  8.8219139E-02
  7.8205558E-02  5.7406324E-01  8.8800563E-02
  7.8881714E-02  5.7787498E-01  8.9384216E-02
  7.9563715E-02  5.8170222E-01  8.9970075E-02
  8.0251613E-02  5.8554485E-01  9.0558120E-02
  8.0945458E-02  5.8940275E-01  9.1148328E-02
  8.1645302E-02  5.9327582E-01  9.1740675E-02
  8.2351196E-02  5.9716392E-01  9.2335139E-02
  8.3063193E-02  6.0106693E-01  9.2931695E-02
  8.3781346E-02  6.0498473E-01  9.3530318E-02
  8.4505708E-02  6.0891719E-01  9.4130981E-02
  8.5236332E-02  6.1286416E-01  9.4733658E-02
  8.5973272E-02  6.1682551E-01  9.5338322E-02
  8.6716584E-02  6.2080109E-01  9.5944944E-02
  8.7466322E-02  6.2479076E-01  9.6553495E-02
  8.8222542E-02  6.2879436E-01  9.7163945E-02
  8.8985300E-02  6.3281173E-01  9.7776265E-02
  8.9754652E-02  6.3684271E-01  9.8390421E-02
  9.0530656E-02  6.4088714E-01  9.9006383E-02
  9.1313369E-02  6.4494485E-01  9.9624117E-02
  9.2102848E-02  6.4901565E-01  1.0024359E-01
  9.2899154E-02  6.5309937E-01  1.0086476E-01
  9.3702343E-02  6.5719583E-01  1.0148760E-01
  9.4512477E-02  6.6130483E-01  1.0211208E-01
  9.5329614E-02  6.6542619E-01  1.0273814E-01
  9.6153817E-02  6.6955969E-01  1.0336576E-01
  9.6985144E-02  6.7370515E-01  1.0399489E-01
  9.7823659E-02  6.7786234E-01  1.0462550E-01
  9.8669424E-02  6.8203106E-01  1.0525755E-01
  9.9522501E-02  6.8621109E-01  1.0589098E-01
  1.0038295E-01  6.9040220E-01  1.0652576E-01
  1.0125084E-01  6.9460417E-01  1.0716185E-01
  1.0212624E-01  6.9881675E-01  1.0779919E-01
  1.0300920E-01  7.0303972E-01  1.0843775E-01
  1.0389980E-01  7.0727282E-01  1.0907747E-01
  1.0479809E-01  7.1151580E-01  1.0971831E-01
  1.0570415E-01  7.1576842E-01  1.1036022E-01
  1.0661805E-01  7.2003040E-01  1.1100314E-01
  1.0753985E-01  7.2430149E-01  1.1164703E-01
  1.0846961E-01  7.2858141E-01  1.1229183E-01
  1.0940742E-01  7.3286988E-01  1.1293750E-01
  1.1035333E-01  7.3716662E-01  1.1358396E-01
  1.1130742E-01  7.4147134E-01  1.1423118E-01
  1.1226976E-01  7.4578375E-01  1.1487909E-01
  1.1324041E-01  7.5010354E-01  1.1552763E-01
  1.1421946E-01  7.5443041E-01  1.1617674E-01
  1.1520698E-01  7.5876405E-01  1.1682637E-01
  1.1620303E-01  7.6310413E-01  1.1747646E-01
  1.1720770E-01  7.6745034E-01  1.1812693E-01
  1.1822104E-01  7.7180235E-01  1.1877773E-01
  1.1924315E-01  7.7615981E-01  1.1942879E-01
  1.2027410E-01  7.8052239E-01  1.2008004E-01
  1.2131396E-01  7.8488974E-01  1.2073142E-01
  1.2236281E-01  7.8926150E-01  1.2138286E-01
  1.2342073E-01  7.9363731E-01  1.2203428E-01
  1.2448779E-01  7.9801681E-01  1.2268562E-01
  1.2556408E-01  8.0239962E-01  1.2333680E-01
  1.2664968E-01  8.0678536E-01  1.2398775E-01
  1.2774466E-01  8.1117365E-01  1.2463839E-01
  1.2884911E-01  8.1556409E-01  1.2528866E-01
  1.2996310E-01  8.1995628E-01  1.2593846E-01
  1.3108673E-01  8.2434983E-01  1.2658771E-01
  1.3222007E-01  8.2874431E-01  1.2723635E-01
  1.3336321E-01  8.3313931E-01  1.2788429E-01
  1.3451623E-01  8.3753441E-01  1.2853143E-01
  1.3567922E-01  8.4192917E-01  1.2917771E-01
  1.3685227E-01  8.4632315E-01  1.2982302E-01
  1.3803545E-01  8.5071591E-01  1.3046730E-01
  1.3922887E-01  8.5510701E-01  1.3111043E-01
  1.4043260E-01  8.5949597E-01  1.3175234E-01
  1.4164674E-01  8.6388234E-01  1.3239294E-01
  1.4287138E-01  8.6826565E-01  1.3303212E-01
  1.4410660E-01  8.7264541E-01  1.3366980E-01
  1.4535251E-01  8.7702114E-01  1.3430588E-01
  1.4660918E-01  8.8139236E-01  1.3494025E-01
  1.4787673E-01  8.8575855E-01  1.3557283E-01
  1.4915522E-01  8.9011922E-01  1.3620351E-01
  1.5044478E-01  8.9447386E-01  1.3683218E-01
  1.5174548E-01  8.9882195E-01  1.3745875E-01
  1.5305742E-01  9.0316296E-01  1.3808311E-01
  1.5438071E-01  9.0749635E-01  1.3870515E-01
  1.5571544E-01  9.1182160E-01  1.3932477E-01
  1.5706171E-01  9.1613815E-01  1.3994185E-01
  1.5841962E-01  9.2044546E-01  1.4055628E-01
  1.5978927E-01  9.2474295E-01  1.4116795E-01
  1.6117075E-01  9.2903008E-01  1.4177674E-01
  1.6256419E-01  9.3330626E-01  1.4238254E-01
  1.6396967E-01  9.3757091E-01  1.4298524E-01
  1.6538730E-01  9.4182346E-01  1.4358470E-01
  1.6681718E-01  9.4606330E-01  1.4418081E-01
  1.6825943E-01  9.5028984E-01  1.4477345E-01
  1.6971415E-01  9.5450247E-01  1.4536250E-01
  1.7118145E-01  9.5870058E-01  1.4594782E-01
  1.7266143E-01  9.6288355E-01  1.4652929E-01
  1.7415420E-01  9.6705076E-01  1.4710678E-01
  1.7565988E-01  9.7120157E-01  1.4768017E-01
  1.7717858E-01  9.7533534E-01  1.4824931E-01
  1.7871041E-01  9.7945144E-01  1.4881407E-01
  1.8025548E-01  9.8354920E-01  1.4937432E-01
  1.8181391E-01  9.8762798E-01  1.4992993E-01
  1.8338581E-01  9.9168710E-01  1.5048074E-01
  1.8497131E-01  9.9572590E-01  1.5102663E-01
  1.8657051E-01  9.9974370E-01  1.5156745E-01
  1.8818353E-01  1.0037398E+00  1.5210305E-01
  1.8981051E-01  1.0077136E+00  1.5263329E-01
  1.9145154E-01  1.0116643E+00  1.5315803E-01
  1.9310677E-01  1.0155912E+00  1.5367710E-01
  1.9477630E-01  1.0194937E+00  1.5419038E-01
  1.9646027E-01  1.0233710E+00  1.5469769E-01
  1.9815880E-01  1.0272223E+00  1.5519889E-01
  1.9987202E-01  1.0310471E+00  1.5569383E-01
  2.0160004E-01  1.0348446E+00  1.5618234E-01
  2.0334301E-01  1.0386139E+00  1.5666427E-01
  2.0510104E-01  1.0423544E+00  1.5713945E-01
  2.0687427E-01  1.0460654E+00  1.5760773E-01
  2.0866283E-01  1.0497461E+00  1.5806894E-01
  2.1046686E-01  1.0533957E+00  1.5852291E-01
  2.1228648E-01  1.0570135E+00  1.5896948E-01
  2.1412184E-01  1.0605987E+00  1.5940848E-01
  2.1597306E-01  1.0641506E+00  1.5983975E-01
  2.1784029E-01  1.0676683E+00  1.6026310E-01
  2.1972366E-01  1.0711511E+00  1.6067837E-01
  2.2162331E-01  1.0745983E+00  1.6108537E-01
  2.2353938E-01  1.0780090E+00  1.6148394E-01
  2.2547202E-01  1.0813825E+00  1.6187390E-01
  2.2742137E-01  1.0847179E+00  1.6225506E-01
  2.2938758E-01  1.0880145E+00  1.6262725E-01
  2.3137078E-01  1.0912714E+00  1.6299028E-01
  2.3337113E-01  1.0944880E+00  1.6334397E-01
  2.3538877E-01  1.0976632E+00  1.6368813E-01
  2.3742385E-01  1.1007965E+00  1.6402257E-01
  2.3947653E-01  1.1038869E+00  1.6434711E-01
  2.4154696E-01  1.1069336E+00  1.6466156E-01
  2.4363529E-01  1.1099358E+00  1.6496572E-01
  2.4574167E-01  1.1128927E+00  1.6525940E-01
  2.4786626E-01  1.1158035E+00  1.6554241E-01
  2.5000922E-01  1.1186674E+00  1.6581455E-01
  2.5217071E-01  1.1214835E+00  1.6607563E-01
  2.5435088E-01  1.1242510E+00  1.6632543E-01
  2.5654990E-01  1.1269690E+00  1.6656378E-01
  2.5876794E-01  1.1296369E+00  1.6679045E-01
  2.6100515E-01  1.1322537E+00  1.6700526E-01
  2.6326170E-01  1.1348186E+00  1.6720799E-01
  2.6553776E-01  1.1373307E+00  1.6739844E-01
  2.6783350E-01  1.1397894E+00  1.6757640E-01
  2.7014908E-01  1.1421936E+00  1.6774167E-01
  2.7248469E-01  1.1445426E+00  1.6789404E-01
  2.7484049E-01  1.1468357E+00  1.6803329E-01
  2.7721665E-01  1.1490718E+00  1.6815922E-01
  2.7961336E-01  1.1512503E+00  1.6827161E-01
  2.8203079E-01  1.1533703E+00  1.6837025E-01
  2.8446912E-01  1.1554310E+00  1.6845492E-01
  2.8692853E-01  1.1574315E+00  1.6852541E-01
  2.8940921E-01  1.1593711E+00  1.6858150E-01
  2.9191133E-01  1.1612489E+00  1.6862297E-01
  2.9443508E-01  1.1630642E+00  1.6864961E-01
  2.9698065E-01  1.1648161E+00  1.6866119E-01
  2.9954823E-01  1.1665037E+00  1.6865750E-01
  3.0213800E-01  1.1681264E+00  1.6863831E-01
  3.0475017E-01  1.1696834E+00  1.6860339E-01
  3.0738492E-01  1.1711737E+00  1.6855254E-01
  3.1004245E-01  1.1725967E+00  1.6848551E-01
  3.1272295E-01  1.1739516E+00  1.6840210E-01
  3.1542663E-01  1.1752375E+00  1.6830206E-01
  3.1815369E-01  1.1764537E+00  1.6818518E-01
  3.2090432E-01  1.1775995E+00  1.6805124E-01
  3.2367873E-01  1.1786741E+00  1.6789999E-01
  3.2647713E-01  1.1796768E+00  1.6773121E-01
  3.2929972E-01  1.1806067E+00  1.6754469E-01
  3.3214671E-01  1.1814632E+00  1.6734018E-01
  3.3501832E-01  1.1822455E+00  1.6711745E-01
  3.3791475E-01  1.1829530E+00  1.6687629E-01
  3.4083623E-01  1.1835848E+00  1.6661645E-01
  3.4378296E-01  1.1841403E+00  1.6633771E-01
  3.4675517E-01  1.1846188E+00  1.6603984E-01
  3.4975307E-01  1.1850197E+00  1.6572261E-01
  3.5277690E-01  1.1853421E+00  1.6538578E-01
  3.5582686E-01  1.1855856E+00  1.6502913E-01
  3.5890320E-01  1.1857494E+00  1.6465242E-01
  3.6200613E-01  1.1858328E+00  1.6425543E-01
  3.6513588E-01  1.1858353E+00  1.6383792E-01
  3.6829270E-01  1.1857562E+00  1.6339965E-01
  3.7147681E-01  1.1855949E+00  1.6294042E-01
  3.7468844E-01  1.1853508E+00  1.6245997E-01
  3.7792785E-01  1.1850234E+00  1.6195808E-01
  3.8119526E-01  1.1846120E+00  1.6143452E-01
  3.8449091E-01  1.1841162E+00  1.6088907E-01
  3.8781506E-01  1.1835353E+00  1.6032148E-01
  3.9116795E-01  1.1828688E+00  1.5973154E-01
  3.9454983E-01  1.1821163E+00  1.5911902E-01
  3.9796094E-01  1.1812772E+00  1.5848368E-01
  4.0140155E-01  1.1803510E+00  1.5782530E-01
  4.0487190E-01  1.1793373E+00  1.5714367E-01
  4.0837225E-01  1.1782356E+00  1.5643854E-01
  4.1190287E-01  1.1770455E+00  1.5570969E-01
  4.1546401E-01  1.1757666E+00  1.5495691E-01
  4.1905594E-01  1.1743985E+00  1.5417997E-01
  4.2267892E-01  1.1729407E+00  1.5337865E-01
  4.2633322E-01  1.1713930E+00  1.5255272E-01
  4.3001912E-01  1.1697550E+00  1.5170198E-01
  4.3373688E-01  1.1680263E+00  1.5082619E-01
  4.3748679E-01  1.1662067E+00  1.4992515E-01
  4.4126912E-01  1.1642958E+00  1.4899864E-01
  4.4508414E-01  1.1622935E+00  1.4804644E-01
  4.4893215E-01  1.1601994E+00  1.4706835E-01
  4.5281343E-01  1.1580133E+00  1.4606414E-01
  4.5672826E-01  1.1557350E+00  1.4503362E-01
  4.6067694E-01  1.1533644E+00  1.4397658E-01
  4.6465976E-01  1.1509013E+00  1.4289280E-01
  4.6867701E-01  1.1483455E+00  1.4178209E-01
  4.7272899E-01  1.1456969E+00  1.4064425E-01
  4.7681600E-01  1.1429555E+00  1.3947906E-01
  4.8093835E-01  1.1401211E+00  1.3828635E-01
  4.8509634E-01  1.1371937E+00  1.3706590E-01
  4.8929027E-01  1.1341733E+00  1.3581754E-01
  4.9352047E-01  1.1310600E+00  1.3454106E-01
  4.9778723E-01  1.1278536E+00  1.3323627E-01
  5.0209089E-01  1.1245543E+00  1.3190300E-01
  5.0643175E-01  1.1211622E+00  1.3054106E-01
  5.1081014E-01  1.1176773E+00  1.2915026E-01
  5.1522639E-01  1.1140998E+00  1.2773044E-01
  5.1968081E-01  1.1104298E+00  1.2628141E-01
  5.2417375E-01  1.1066676E+00  1.2480300E-01
  5.2870553E-01  1.1028133E+00  1.2329504E-01
  5.3327649E-01  1.0988671E+00  1.2175737E-01
  5.3788696E-01  1.0948293E+00  1.2018981E-01
  5.4253730E-01  1.0907003E+00  1.1859223E-01
  5.4722784E-01  1.0864802E+00  1.1696444E-01
  5.5195894E-01  1.0821696E+00  1.1530631E-01
  5.5673093E-01  1.0777686E+00  1.1361768E-01
  5.6154419E-01  1.0732778E+00  1.1189841E-01
  5.6639905E-01  1.0686976E+00  1.1014835E-01
  5.7129589E-01  1.0640284E+00  1.0836737E-01
  5.7623506E-01  1.0592707E+00  1.0655533E-01
  5.8121694E-01  1.0544250E+00  1.0471209E-01
  5.8624189E-01  1.0494919E+00  1.0283754E-01
  5.9131028E-01  1.0444719E+00  1.0093155E-01
  5.9642249E-01  1.0393657E+00  9.8993993E-02
  6.0157889E-01  1.0341738E+00  9.7024767E-02
  6.0677988E-01  1.0288970E+00  9.5023758E-02
  6.1202583E-01  1.0235358E+00  9.2990861E-02
  6.1731714E-01  1.0180912E+00  9.0925975E-02
  6.2265419E-01  1.0125637E+00  8.8829003E-02
  6.2803738E-01  1.0069542E+00  8.6699856E-02
  6.3346712E-01  1.0012634E+00  8.4538447E-02
  6.3894379E-01  9.9549230E-01  8.2344695E-02
  6.4446782E-01  9.8964167E-01  8.0118524E-02
  6.5003960E-01  9.8371242E-01  7.7859864E-02
  6.5565956E-01  9.7770548E-01  7.5568648E-02
  6.6132810E-01  9.7162182E-01  7.3244817E-02
  6.6704565E-01  9.6546241E-01  7.0888317E-02
  6.7281263E-01  9.5922827E-01  6.8499099E-02
  6.7862947E-01  9.5292045E-01  6.6077120E-02
  6.8449660E-01  9.4654002E-01  6.3622343E-02
  6.9041445E-01  9.4008809E-01  6.1134737E-02
  6.9638346E-01  9.3356578E-01  5.8614277E-02
  7.0240408E-01  9.2697427E-01  5.6060944E-02
  7.0847676E-01  9.2031473E-01  5.3474725E-02
  7.1460193E-01  9.1358840E-01  5.0855616E-02
  7.2078006E-01  9.0679650E-01  4.8203615E-02
  7.2701160E-01  8.9994032E-01  4.5518731E-02
  7.3329702E-01  8.9302116E-01  4.2800978E-02
  7.3963677E-01  8.8604034E-01  4.0050375E-02
  7.4603134E-01  8.7899923E-01  3.7266952E-02
  7.5248119E-01  8.7189920E-01  3.4450742E-02
  7.5898681E-01  8.6474165E-01  3.1601789E-02
  7.6554867E-01  8.5752803E-01  2.8720142E-02
  7.7216726E-01  8.5025979E-01  2.5805857E-02
  7.7884307E-01  8.4293841E-01  2.2859000E-02
  7.8557659E-01  8.3556541E-01  1.9879643E-02
  7.9236833E-01  8.2814231E-01  1.6867866E-02
  7.9921879E-01  8.2067068E-01  1.3823757E-02
  8.0612848E-01  8.1315208E-01  1.0747413E-02
  8.1309790E-01  8.0558813E-01  7.6389381E-03
  8.2012758E-01  7.9798043E-01  4.4984449E-03
  8.2721803E-01  7.9033065E-01  1.3260548E-03
  8.3436978E-01  7.8264044E-01 -1.8781023E-03
  8.4158336E-01  7.7491149E-01 -5.1138878E-03
  8.4885931E-01  7.6714550E-01 -8.3811544E-03
  8.5619817E-01  7.5934421E-01 -1.1679746E-02
  8.6360047E-01  7.5150934E-01 -1.5009496E-02
  8.7106676E-01  7.4364267E-01 -1.8370231E-02
  8.7859761E-01  7.3574596E-01 -2.1761766E-02
  8.8619357E-01  7.2782101E-01 -2.5183908E-02
  8.9385519E-01  7.1986963E-01 -2.8636455E-02
  9.0158306E-01  7.1189364E-01 -3.2119192E-02
  9.0937773E-01  7.0389488E-01 -3.5631897E-02
  9.1723980E-01  6.9587520E-01 -3.9174339E-02
  9.2516984E-01  6.8783646E-01 -4.2746273E-02
  9.3316843E-01  6.7978053E-01 -4.6347447E-02
  9.4123618E-01  6.7170929E-01 -4.9977598E-02
  9.4937368E-01  6.6362465E-01 -5.3636451E-02
  9.5758153E-01  6.5552849E-01 -5.7323722E-02
  9.6586034E-01  6.4742274E-01 -6.1039117E-02
  9.7421073E-01  6.3930930E-01 -6.4782328E-02
  9.8263331E-01  6.3119011E-01 -6.8553038E-02
  9.9112870E-01  6.2306708E-01 -7.2350920E-02
  9.9969755E-01  6.1494214E-01 -7.6175634E-02
  1.0083405E+00  6.0681724E-01 -8.0026829E-02
  1.0170581E+00  5.9869431E-01 -8.3904143E-02
  1.0258511E+00  5.9057529E-01 -8.7807201E-02
  1.0347202E+00  5.8246210E-01 -9.1735618E-02
  1.0436659E+00  5.7435670E-01 -9.5688997E-02
  1.0526889E+00  5.6626100E-01 -9.9666928E-02
  1.0617900E+00  5.5817695E-01 -1.0366899E-01
  1.0709698E+00  5.5010647E-01 -1.0769475E-01
  1.0802289E+00  5.4205148E-01 -1.1174375E-01
  1.0895680E+00  5.3401389E-01 -1.1581555E-01
  1.0989879E+00  5.2599561E-01 -1.1990967E-01
  1.1084893E+00  5.1799854E-01 -1.2402563E-01
  1.1180728E+00  5.1002457E-01 -1.2816293E-01
  1.1277391E+00  5.0207557E-01 -1.3232106E-01
  1.1374890E+00  4.9415341E-01 -1.3649950E-01
  1.1473232E+00  4.8625994E-01 -1.4069771E-01
  1.1572424E+00  4.7839701E-01 -1.4491515E-01
  1.1672474E+00  4.7056643E-01 -1.4915126E-01
  1.1773389E+00  4.6277001E-01 -1.5340545E-01
  1.1875176E+00  4.5500954E-01 -1.5767715E-01
  1.1977844E+00  4.4728679E-01 -1.6196574E-01
  1.2081399E+00  4.3960351E-01 -1.6627062E-01
  1.2185849E+00  4.3196143E-01 -1.7059116E-01
  1.2291202E+00  4.2436226E-01 -1.7492671E-01
  1.2397466E+00  4.1680768E-01 -1.7927662E-01
  1.2504649E+00  4.0929936E-01 -1.8364022E-01
  1.2612758E+00  4.0183894E-01 -1.8801682E-01
  1.2721802E+00  3.9442801E-01 -1.9240573E-01
  1.2831789E+00  3.8706817E-01 -1.9680624E-01
  1.2942727E+00  3.7976097E-01 -2.0121761E-01
  1.3054623E+00  3.7250794E-01 -2.0563912E-01
  1.3167488E+00  3.6531057E-01 -2.1007001E-01
  1.3281327E+00  3.5817032E-01 -2.1450951E-01
  1.3396152E+00  3.5108864E-01 -2.1895684E-01
  1.3511969E+00  3.4406691E-01 -2.2341121E-01
  1.3628787E+00  3.3710651E-01 -2.2787180E-01
  1.3746615E+00  3.3020876E-01 -2.3233779E-01
  1.3865462E+00  3.2337497E-01 -2.3680836E-01
  1.3985336E+00  3.1660639E-01 -2.4128263E-01
  1.4106247E+00  3.0990424E-01 -2.4575976E-01
  1.4228203E+00  3.0326971E-01 -2.5023887E-01
  1.4351213E+00  2.9670395E-01 -2.5471905E-01
  1.4475287E+00  2.9020805E-01 -2.5919941E-01
  1.4600434E+00  2.8378309E-01 -2.6367902E-01
  1.4726662E+00  2.7743010E-01 -2.6815695E-01
  1.4853982E+00  2.7115005E-01 -2.7263226E-01
  1.4982402E+00  2.6494389E-01 -2.7710398E-01
  1.5111933E+00  2.5881253E-01 -2.8157115E-01
  1.5242584E+00  2.5275681E-01 -2.8603277E-01
  1.5374364E+00  2.4677755E-01 -2.9048785E-01
  1.5507284E+00  2.4087552E-01 -2.9493537E-01
  1.5641352E+00  2.3505146E-01 -2.9937431E-01
  1.5776580E+00  2.2930603E-01 -3.0380363E-01
  1.5912977E+00  2.2363987E-01 -3.0822228E-01
  1.6050553E+00  2.1805359E-01 -3.1262920E-01
  1.6189319E+00  2.1254772E-01 -3.1702332E-01
  1.6329284E+00  2.0712277E-01 -3.2140355E-01
  1.6470459E+00  2.0177918E-01 -3.2576879E-01
  1.6612855E+00  1.9651738E-01 -3.3011794E-01
  1.6756482E+00  1.9133772E-01 -3.3444987E-01
  1.6901351E+00  1.8624052E-01 -3.3876346E-01
  1.7047472E+00  1.8122606E-01 -3.4305756E-01
  1.7194856E+00  1.7629455E-01 -3.4733102E-01
  1.7343515E+00  1.7144619E-01 -3.5158268E-01
  1.7493459E+00  1.6668110E-01 -3.5581138E-01
  1.7644699E+00  1.6199939E-01 -3.6001593E-01
  1.7797247E+00  1.5740109E-01 -3.6419514E-01
  1.7951113E+00  1.5288620E-01 -3.6834782E-01
  1.8106310E+00  1.4845468E-01 -3.7247276E-01
  1.8262849E+00  1.4410645E-01 -3.7656874E-01
  1.8420741E+00  1.3984137E-01 -3.8063456E-01
  1.8579998E+00  1.3565927E-01 -3.8466897E-01
  1.8740632E+00  1.3155994E-01 -3.8867075E-01
  1.8902654E+00  1.2754311E-01 -3.9263865E-01
  1.9066078E+00  1.2360849E-01 -3.9657144E-01
  1.9230914E+00  1.1975575E-01 -4.0046785E-01
  1.9397176E+00  1.1598449E-01 -4.0432663E-01
  1.9564874E+00  1.1229430E-01 -4.0814653E-01
  1.9734023E+00  1.0868472E-01 -4.1192628E-01
  1.9904634E+00  1.0515527E-01 -4.1566461E-01
  2.0076720E+00  1.0170540E-01 -4.1936025E-01
  2.0250294E+00  9.8334548E-02 -4.2301194E-01
  2.0425368E+00  9.5042116E-02 -4.2661840E-01
  2.0601956E+00  9.1827464E-02 -4.3017836E-01
  2.0780071E+00  8.8689922E-02 -4.3369054E-01
  2.0959726E+00  8.5628787E-02 -4.3715367E-01
  2.1140934E+00  8.2643328E-02 -4.4056649E-01
  2.1323708E+00  7.9732779E-02 -4.4392771E-01
  2.1508063E+00  7.6896349E-02 -4.4723607E-01
  2.1694011E+00  7.4133216E-02 -4.5049031E-01
  2.1881568E+00  7.1442534E-02 -4.5368916E-01
  2.2070745E+00  6.8823429E-02 -4.5683137E-01
  2.2261558E+00  6.6275002E-02 -4.5991569E-01
  2.2454021E+00  6.3796334E-02 -4.6294087E-01
  2.2648148E+00  6.1386479E-02 -4.6590568E-01
  2.2843953E+00  5.9044473E-02 -4.6880887E-01
  2.3041451E+00  5.6769332E-02 -4.7164923E-01
  2.3240657E+00  5.4560052E-02 -4.7442555E-01
  2.3441584E+00  5.2415612E-02 -4.7713662E-01
  2.3644249E+00  5.0334975E-02 -4.7978124E-01
  2.3848666E+00  4.8317090E-02 -4.8235823E-01
  2.4054850E+00  4.6360889E-02 -4.8486643E-01
  2.4262817E+00  4.4465294E-02 -4.8730467E-01
  2.4472582E+00  4.2629216E-02 -4.8967181E-01
  2.4684160E+00  4.0851554E-02 -4.9196673E-01
  2.4897568E+00  3.9131198E-02 -4.9418831E-01
  2.5112820E+00  3.7467033E-02 -4.9633545E-01
  2.5329934E+00  3.5857934E-02 -4.9840707E-01
  2.5548924E+00  3.4302773E-02 -5.0040211E-01
  2.5769808E+00  3.2800416E-02 -5.0231954E-01
  2.5992601E+00  3.1349727E-02 -5.0415833E-01
  2.6217321E+00  2.9949568E-02 -5.0591747E-01
  2.6443984E+00  2.8598801E-02 -5.0759599E-01
  2.6672606E+00  2.7296285E-02 -5.0919293E-01
  2.6903204E+00  2.6040885E-02 -5.1070736E-01
  2.7135797E+00  2.4831464E-02 -5.1213837E-01
  2.7370400E+00  2.3666891E-02 -5.1348508E-01
  2.7607031E+00  2.2546040E-02 -5.1474662E-01
  2.7845708E+00  2.1467787E-02 -5.1592217E-01
  2.8086449E+00  2.0431019E-02 -5.1701093E-01
  2.8329271E+00  1.9434625E-02 -5.1801213E-01
  2.8574192E+00  1.8477507E-02 -5.1892501E-01
  2.8821231E+00  1.7558574E-02 -5.1974887E-01
  2.9070406E+00  1.6676744E-02 -5.2048303E-01
  2.9321735E+00  1.5830946E-02 -5.2112684E-01
  2.9575236E+00  1.5020122E-02 -5.2167969E-01
  2.9830930E+00  1.4243225E-02 -5.2214098E-01
  3.0088834E+00  1.3499219E-02 -5.2251019E-01
  3.0348967E+00  1.2787085E-02 -5.2278679E-01
  3.0611350E+00  1.2105817E-02 -5.2297031E-01
  3.0876001E+00  1.1454421E-02 -5.2306033E-01
  3.1142940E+00  1.0831921E-02 -5.2305643E-01
  3.1412187E+00  1.0237357E-02 -5.2295827E-01
  3.1683762E+00  9.6697837E-03 -5.2276552E-01
  3.1957685E+00  9.1282731E-03 -5.2247790E-01
  3.2233976E+00  8.6119144E-03 -5.2209518E-01
  3.2512655E+00  8.1198142E-03 -5.2161716E-01
  3.2793744E+00  7.6510968E-03 -5.2104369E-01
  3.3077263E+00  7.2049048E-03 -5.2037466E-01
  3.3363233E+00  6.7803991E-03 -5.1961000E-01
  3.3651676E+00  6.3767591E-03 -5.1874969E-01
  3.3942612E+00  5.9931831E-03 -5.1779376E-01
  3.4236063E+00  5.6288884E-03 -5.1674228E-01
  3.4532052E+00  5.2831114E-03 -5.1559536E-01
  3.4830600E+00  4.9551076E-03 -5.1435316E-01
  3.5131728E+00  4.6441518E-03 -5.1301589E-01
  3.5435460E+00  4.3495382E-03 -5.1158381E-01
  3.5741818E+00  4.0705802E-03 -5.1005722E-01
  3.6050825E+00  3.8066106E-03 -5.0843647E-01
  3.6362503E+00  3.5569813E-03 -5.0672197E-01
  3.6676876E+00  3.3210636E-03 -5.0491417E-01
  3.6993967E+00  3.0982476E-03 -5.0301356E-01
  3.7313799E+00  2.8879425E-03 -5.0102069E-01
  3.7636396E+00  2.6895762E-03 -4.9893616E-01
  3.7961782E+00  2.5025954E-03 -4.9676062E-01
  3.8289981E+00  2.3264649E-03 -4.9449476E-01
  3.8621018E+00  2.1606681E-03 -4.9213933E-01
  3.8954917E+00  2.0047060E-03 -4.8969512E-01
  3.9291703E+00  1.8580975E-03 -4.8716298E-01
  3.9631400E+00  1.7203791E-03 -4.8454380E-01
  3.9974034E+00  1.5911041E-03 -4.8183853E-01
  4.0319630E+00  1.4698430E-03 -4.7904816E-01
  4.0668214E+00  1.3561826E-03 -4.7617374E-01
  4.1019812E+00  1.2497261E-03 -4.7321634E-01
  4.1374450E+00  1.1500925E-03 -4.7017712E-01
  4.1732153E+00  1.0569164E-03 -4.6705726E-01
  4.2092949E+00  9.6984753E-04 -4.6385799E-01
  4.2456865E+00  8.8855046E-04 -4.6058059E-01
  4.2823926E+00  8.1270422E-04 -4.5722640E-01
  4.3194161E+00  7.4200190E-04 -4.5379678E-01
  4.3567597E+00  6.7615029E-04 -4.5029315E-01
  4.3944262E+00  6.1486949E-04 -4.4671698E-01
  4.4324183E+00  5.5789251E-04 -4.4306977E-01
  4.4707388E+00  5.0496492E-04 -4.3935307E-01
  4.5093907E+00  4.5584441E-04 -4.3556847E-01
  4.5483767E+00  4.1030042E-04 -4.3171762E-01
  4.5876998E+00  3.6811378E-04 -4.2780217E-01
  4.6273628E+00  3.2907626E-04 -4.2382385E-01
  4.6673688E+00  2.9299026E-04 -4.1978440E-01
  4.7077206E+00  2.5966837E-04 -4.1568561E-01
  4.7484213E+00  2.2893301E-04 -4.1152931E-01
  4.7894739E+00  2.0061606E-04 -4.0731735E-01
  4.8308814E+00  1.7455850E-04 -4.0305163E-01
  4.8726468E+00  1.5061001E-04 -3.9873407E-01
  4.9147734E+00  1.2862867E-04 -3.9436663E-01
  4.9572641E+00  1.0848056E-04 -3.8995128E-01
  5.0001223E+00  9.0039428E-05 -3.8549005E-01
  5.0433509E+00  7.3186369E-05 -3.8098498E-01
  5.0869533E+00  5.7809483E-05 -3.7643812E-01
  5.1309326E+00  4.3803556E-05 -3.7185157E-01
  5.1752922E+00  3.1069748E-05 -3.6722743E-01
  5.2200353E+00  1.9515287E-05 -3.6256784E-01
  5.2651652E+00  9.0531755E-06 -3.5787495E-01
  5.3106853E+00 -3.9809961E-07 -3.5315092E-01
  5.3565989E+00 -8.9148421E-06 -3.4839793E-01
  5.4029095E+00 -1.6568417E-05 -3.4361818E-01
  5.4496204E+00 -2.3425512E-05 -3.3881388E-01
  5.4967352E+00 -2.9548385E-05 -3.3398724E-01
  5.5442573E+00 -3.4995108E-05 -3.2914049E-01
  5.5921903E+00 -3.9819802E-05 -3.2427585E-01
  5.6405377E+00 -4.4072856E-05 -3.1939556E-01
  5.6893031E+00 -4.7801146E-05 -3.1450187E-01
  5.7384900E+00 -5.1048237E-05 -3.0959699E-01
  5.7881022E+00 -5.3854583E-05 -3.0468319E-01
  5.8381434E+00 -5.6257715E-05 -2.9976268E-01
  5.8886172E+00 -5.8292419E-05 -2.9483769E-01
  5.9395273E+00 -5.9990908E-05 -2.8991045E-01
  5.9908776E+00 -6.1382988E-05 -2.8498316E-01
  6.0426718E+00 -6.2496209E-05 -2.8005803E-01
  6.0949138E+00 -6.3356016E-05 -2.7513723E-01
  6.1476075E+00 -6.3985889E-05 -2.7022296E-01
  6.2007568E+00 -6.4407472E-05 -2.6531734E-01
  6.2543655E+00 -6.4640701E-05 -2.6042254E-01
  6.3084377E+00 -6.4703925E-05 -2.5554065E-01
  6.3629774E+00 -6.4614013E-05 -2.5067377E-01
  6.4179887E+00 -6.4386462E-05 -2.4582397E-01
  6.4734755E+00 -6.4035498E-05 -2.4099328E-01
  6.5294420E+00 -6.3574165E-05 -2.3618373E-01
  6.5858924E+00 -6.3014416E-05 -2.3139729E-01
  6.6428309E+00 -6.2367196E-05 -2.2663591E-01
  6.7002616E+00 -6.1642514E-05 -2.2190152E-01
  6.7581888E+00 -6.0849521E-05 -2.1719598E-01
  6.8166169E+00 -5.9996572E-05 -2.1252116E-01
  6.8755500E+00 -5.9091294E-05 -2.0787884E-01
  6.9349927E+00 -5.8140640E-05 -2.0327081E-01
  6.9949493E+00 -5.7150943E-05 -1.9869878E-01
  7.0554243E+00 -5.6127971E-05 -1.9416444E-01
  7.1164220E+00 -5.5076970E-05 -1.8966942E-01
  7.1779472E+00 -5.4002710E-05 -1.8521531E-01
  7.2400042E+00 -5.2909521E-05 -1.8080366E-01
  7.3025978E+00 -5.1801335E-05 -1.7643596E-01
  7.3657326E+00 -5.0681717E-05 -1.7211367E-01
  7.4294131E+00 -4.9553898E-05 -1.6783817E-01
  7.4936442E+00 -4.8420805E-05 -1.6361080E-01
  7.5584306E+00 -4.7285084E-05 -1.5943287E-01
  7.6237772E+00 -4.6149129E-05 -1.5530560E-01
  7.6896887E+00 -4.5015101E-05 -1.5123019E-01
  7.7561700E+00 -4.3884953E-05 -1.4720775E-01
  7.8232261E+00 -4.2760442E-05 -1.4323937E-01
  7.8908619E+00 -4.1643152E-05 -1.3932605E-01
  7.9590825E+00 -4.0534508E-05 -1.3546875E-01
  8.0278929E+00 -3.9435791E-05 -1.3166839E-01
  8.0972981E+00 -3.8348148E-05 -1.2792579E-01
  8.1673035E+00 -3.7272607E-05 -1.2424175E-01
  8.2379140E+00 -3.6210088E-05 -1.2061700E-01
  8.3091350E+00 -3.5161408E-05 -1.1705220E-01
  8.3809718E+00 -3.4127298E-05 -1.1354796E-01
  8.4534296E+00 -3.3108401E-05 -1.1010483E-01
  8.5265139E+00 -3.2105290E-05 -1.0672331E-01
  8.6002300E+00 -3.1118464E-05 -1.0340384E-01
  8.6745834E+00 -3.0148361E-05 -1.0014679E-01
  8.7495797E+00 -2.9195364E-05 -9.6952485E-02
  8.8252243E+00 -2.8259797E-05 -9.3821182E-02
  8.9015229E+00 -2.7341941E-05 -9.0753090E-02
  8.9784812E+00 -2.6442029E-05 -8.7748360E-02
  9.0561048E+00 -2.5560254E-05 -8.4807086E-02
  9.1343995E+00 -2.4696771E-05 -8.1929310E-02
  9.2133710E+00 -2.3851699E-05 -7.9115017E-02
  9.2930254E+00 -2.3025125E-05 -7.6364142E-02
  9.3733684E+00 -2.2217107E-05 -7.3676565E-02
  9.4544060E+00 -2.1427672E-05 -7.1052117E-02
  9.5361442E+00 -2.0656824E-05 -6.8490578E-02
  9.6185891E+00 -1.9904540E-05 -6.5991679E-02
  9.7017467E+00 -1.9170777E-05 -6.3555106E-02
  9.7856233E+00 -1.8455469E-05 -6.1180494E-02
  9.8702251E+00 -1.7758529E-05 -5.8867435E-02
  9.9555583E+00 -1.7079854E-05 -5.6615479E-02
  1.0041629E+01 -1.6419321E-05 -5.4424131E-02
  1.0128444E+01 -1.5776793E-05 -5.2292855E-02
  1.0216010E+01 -1.5152116E-05 -5.0221077E-02
  1.0304333E+01 -1.4545121E-05 -4.8208185E-02
  1.0393419E+01 -1.3955627E-05 -4.6253527E-02
  1.0483275E+01 -1.3383439E-05 -4.4356422E-02
  1.0573909E+01 -1.2828351E-05 -4.2516150E-02
  1.0665325E+01 -1.2290146E-05 -4.0731962E-02
  1.0757533E+01 -1.1768594E-05 -3.9003080E-02
  1.0850537E+01 -1.1263460E-05 -3.7328695E-02
  1.0944346E+01 -1.0774495E-05 -3.5707973E-02
  1.1038965E+01 -1.0301445E-05 -3.4140054E-02
  1.1134403E+01 -9.8440465E-06 -3.2624056E-02
  1.1230665E+01 -9.4020299E-06 -3.1159074E-02
  1.1327760E+01 -8.9751186E-06 -2.9744184E-02
  1.1425695E+01 -8.5630302E-06 -2.8378444E-02
  1.1524476E+01 -8.1654769E-06 -2.7060893E-02
  1.1624111E+01 -7.7821662E-06 -2.5790560E-02
  1.1724607E+01 -7.4128013E-06 -2.4566455E-02
  1.1825972E+01 -7.0570818E-06 -2.3387582E-02
  1.1928214E+01 -6.7147042E-06 -2.2252931E-02
  1.2031339E+01 -6.3853622E-06 -2.1161485E-02
  1.2135357E+01 -6.0687475E-06 -2.0112222E-02
  1.2240273E+01 -5.7645501E-06 -1.9104113E-02
  1.2346096E+01 -5.4724589E-06 -1.8136125E-02
  1.2452835E+01 -5.1921620E-06 -1.7207225E-02
  1.2560496E+01 -4.9233474E-06 -1.6316378E-02
  1.2669088E+01 -4.6657031E-06 -1.5462549E-02
  1.2778619E+01 -4.4189179E-06 -1.4644707E-02
  1.2889096E+01 -4.1826816E-06 -1.3861823E-02
  1.3000529E+01 -3.9566853E-06 -1.3112873E-02
  1.3112926E+01 -3.7406219E-06 -1.2396841E-02
  1.3226294E+01 -3.5341868E-06 -1.1712715E-02
  1.3340642E+01 -3.3370774E-06 -1.1059494E-02
  1.3455978E+01 -3.1489944E-06 -1.0436186E-02
  1.3572312E+01 -2.9696414E-06 -9.8418076E-03
  1.3689652E+01 -2.7987257E-06 -9.2753894E-03
  1.3808006E+01 -2.6359581E-06 -8.7359734E-03
  1.3927383E+01 -2.4810537E-06 -8.2226149E-03
  1.4047793E+01 -2.3337317E-06 -7.7343837E-03
  1.4169243E+01 -2.1937158E-06 -7.2703644E-03
  1.4291743E+01 -2.0607347E-06 -6.8296575E-03
  1.4415303E+01 -1.9345216E-06 -6.4113795E-03
  1.4539931E+01 -1.8148154E-06 -6.0146644E-03
  1.4665636E+01 -1.7013597E-06 -5.6386634E-03
  1.4792428E+01 -1.5939040E-06 -5.2825459E-03
  1.4920316E+01 -1.4922033E-06 -4.9454999E-03
  1.5049310E+01 -1.3960180E-06 -4.6267320E-03
  1.5179419E+01 -1.3051148E-06 -4.3254685E-03
  1.5310653E+01 -1.2192659E-06 -4.0409550E-03
  1.5443021E+01 -1.1382498E-06 -3.7724569E-03
  1.5576534E+01 -1.0618507E-06 -3.5192599E-03
  1.5711201E+01 -9.8985923E-07 -3.2806695E-03
  1.5847032E+01 -9.2207192E-07 -3.0560118E-03
  1.5984038E+01 -8.5829150E-07 -2.8446330E-03
  1.6122228E+01 -7.9832687E-07 -2.6458997E-03
  1.6261613E+01 -7.4199303E-07 -2.4591990E-03
  1.6402203E+01 -6.8911111E-07 -2.2839381E-03
  1.6544009E+01 -6.3950833E-07 -2.1195445E-03
  1.6687040E+01 -5.9301797E-07 -1.9654656E-03
  1.6831308E+01 -5.4947927E-07 -1.8211687E-03
  1.6976824E+01 -5.0873744E-07 -1.6861408E-03
  1.7123597E+01 -4.7064353E-07 -1.5598884E-03
  1.7271639E+01 -4.3505437E-07 -1.4419370E-03
  1.7420962E+01 -4.0183252E-07 -1.3318311E-03
  1.7571575E+01 -3.7084610E-07 -1.2291337E-03
  1.7723490E+01 -3.4196874E-07 -1.1334260E-03
  1.7876719E+01 -3.1507949E-07 -1.0443072E-03
  1.8031272E+01 -2.9006265E-07 -9.6139379E-04
  1.8187162E+01 -2.6680768E-07 -8.8431953E-04
  1.8344399E+01 -2.4520908E-07 -8.1273479E-04
  1.8502996E+01 -2.2516627E-07 -7.4630621E-04
  1.8662964E+01 -2.0658343E-07 -6.8471627E-04
  1.8824315E+01 -1.8936940E-07 -6.2766283E-04
  1.8987061E+01 -1.7343751E-07 -5.7485870E-04
  1.9151213E+01 -1.5870548E-07 -5.2603116E-04
  1.9316786E+01 -1.4509524E-07 -4.8092151E-04
  1.9483789E+01 -1.3253281E-07 -4.3928460E-04
  1.9652236E+01 -1.2094818E-07 -4.0088836E-04
  1.9822140E+01 -1.1027513E-07 -3.6551332E-04
  1.9993513E+01 -1.0045110E-07 -3.3295218E-04
  2.0166367E+01 -9.1417051E-08 -3.0300931E-04
  2.0340716E+01 -8.3117351E-08 -2.7550028E-04
  2.0516571E+01 -7.5499598E-08 -2.5025144E-04
  2.0693948E+01 -6.8514501E-08 -2.2709944E-04
  2.0872858E+01 -6.2115747E-08 -2.0589079E-04
  2.1053314E+01 -5.6259865E-08 -1.8648141E-04
  2.1235331E+01 -5.0906096E-08 -1.6873622E-04
  2.1418921E+01 -4.6016265E-08 -1.5252871E-04
  2.1604099E+01 -4.1554659E-08 -1.3774050E-04
  2.1790877E+01 -3.7487902E-08 -1.2426098E-04
  2.1979271E+01 -3.3784839E-08 -1.1198690E-04
  2.2169293E+01 -3.0416419E-08 -1.0082198E-04
  2.2360958E+01 -2.7355585E-08 -9.0676537E-05
  2.2554280E+01 -2.4577165E-08 -8.1467142E-05
  2.2749273E+01 -2.2057764E-08 -7.3116266E-05
  2.2945952E+01 -1.9775672E-08 -6.5551945E-05
  2.3144332E+01 -1.7710754E-08 -5.8707454E-05
  2.3344426E+01 -1.5844370E-08 -5.2521003E-05
  2.3546251E+01 -1.4159272E-08 -4.6935436E-05
  2.3749820E+01 -1.2639529E-08 -4.1897944E-05
  2.3955150E+01 -1.1270437E-08 -3.7359796E-05
  2.4162254E+01 -1.0038444E-08 -3.3276073E-05
  2.4371149E+01 -8.9310728E-09 -2.9605423E-05
  2.4581850E+01 -7.9368519E-09 -2.6309821E-05
  2.4794373E+01 -7.0452448E-09 -2.3354346E-05
  2.5008733E+01 -6.2465870E-09 -2.0706964E-05
  2.5224947E+01 -5.5320241E-09 -1.8338328E-05
  2.5443029E+01 -4.8934546E-09 -1.6221585E-05
  2.5662997E+01 -4.3234744E-09 -1.4332195E-05
  2.5884867E+01 -3.8153259E-09 -1.2647758E-05
  2.6108655E+01 -3.3628486E-09 -1.1147856E-05
  2.6334378E+01 -2.9604344E-09 -9.8138992E-06
  2.6562052E+01 -2.6029838E-09 -8.6289861E-06
  2.6791695E+01 -2.2858661E-09 -7.5777675E-06
  2.7023323E+01 -2.0048820E-09 -6.6463239E-06
  2.7256953E+01 -1.7562279E-09 -5.8220479E-06
  2.7492603E+01 -1.5364635E-09 -5.0935362E-06
  2.7730291E+01 -1.3424812E-09 -4.4504878E-06
  2.7970034E+01 -1.1714775E-09 -3.8836104E-06
  2.8211849E+01 -1.0209270E-09 -3.3845325E-06
  2.8455755E+01 -8.8855744E-10 -2.9457226E-06
  2.8701769E+01 -7.7232755E-10 -2.5604142E-06
  2.8949911E+01 -6.7040583E-10 -2.2225363E-06
  2.9200198E+01 -5.8115139E-10 -1.9266497E-06
  2.9452649E+01 -5.0309613E-10 -1.6678880E-06
  2.9707282E+01 -4.3492843E-10 -1.4419033E-06
  2.9964117E+01 -3.7547810E-10 -1.2448167E-06
  3.0223172E+01 -3.2370264E-10 -1.0731725E-06
  3.0484467E+01 -2.7867465E-10 -9.2389641E-07
  3.0748020E+01 -2.3957033E-10 -7.9425763E-07
  3.1013853E+01 -2.0565896E-10 -6.8183386E-07
  3.1281983E+01 -1.7629335E-10 -5.8447971E-07
  3.1552432E+01 -1.5090113E-10 -5.0029782E-07
  3.1825219E+01 -1.2897689E-10 -4.2761275E-07
  3.2100365E+01 -1.1007498E-10 -3.6494721E-07
  3.2377889E+01 -9.3803092E-11 -3.1100063E-07
  3.2657812E+01 -7.9816355E-11 -2.6462978E-07
  3.2940156E+01 -6.7812101E-11 -2.2483129E-07
  3.3224940E+01 -5.7525100E-11 -1.9072592E-07
  3.3512187E+01 -4.8723302E-11 -1.6154437E-07
  3.3801917E+01 -4.1204003E-11 -1.3661467E-07
  3.4094152E+01 -3.4790416E-11 -1.1535074E-07
  3.4388913E+01 -2.9328609E-11 -9.7242274E-08
  3.4686223E+01 -2.4684766E-11 -8.1845639E-08
  3.4986103E+01 -2.0742746E-11 -6.8775811E-08
  3.5288576E+01 -1.7401920E-11 -5.7699173E-08
  3.5593664E+01 -1.4575238E-11 -4.8327135E-08
  3.5901390E+01 -1.2187527E-11 -4.0410476E-08
  3.6211776E+01 -1.0173976E-11 -3.3734334E-08
  3.6524845E+01 -8.4788085E-12 -2.8113785E-08
  3.6840621E+01 -7.0540999E-12 -2.3389944E-08
  3.7159127E+01 -5.8587462E-12 -1.9426537E-08
  3.7480387E+01 -4.8575541E-12 -1.6106882E-08
  3.7804424E+01 -4.0204440E-12 -1.3331255E-08
  3.8131263E+01 -3.3217526E-12 -1.1014569E-08
  3.8460927E+01 -2.7396232E-12 -9.0843589E-09
  3.8793441E+01 -2.2554751E-12 -7.4790210E-09
  3.9128831E+01 -1.8535410E-12 -6.1462781E-09
  3.9467119E+01 -1.5204654E-12 -5.0418496E-09
  3.9808333E+01 -1.2449568E-12 -4.1282973E-09
  4.0152496E+01 -1.0174862E-12 -3.3740272E-09
  4.0499635E+01 -8.3002717E-13 -2.7524269E-09
  4.0849775E+01 -6.7583188E-13 -2.2411225E-09
  4.1202943E+01 -5.4923798E-13 -1.8213397E-09
  4.1559163E+01 -4.4550321E-13 -1.4773546E-09
  4.1918464E+01 -3.6066361E-13 -1.1960237E-09
  4.2280870E+01 -2.9141225E-13 -9.6638197E-10
  4.2646410E+01 -2.3499571E-13 -7.7929980E-10
  4.3015110E+01 -1.8912606E-13 -6.2719075E-10
  4.3386998E+01 -1.5190592E-13 -5.0376342E-10
  4.3762101E+01 -1.2176498E-13 -4.0381089E-10
  4.4140446E+01 -9.7406269E-14 -3.2303254E-10
  4.4522063E+01 -7.7760781E-14 -2.5788361E-10
  4.4906979E+01 -6.1949216E-14 -2.0544839E-10
  4.5295223E+01 -4.9249833E-14 -1.6333359E-10
  4.5686824E+01 -3.9071458E-14 -1.2957889E-10
  4.6081810E+01 -3.0930896E-14 -1.0258197E-10
  4.6480211E+01 -2.4434049E-14 -8.1035981E-11
  4.6882056E+01 -1.9260183E-14 -6.3877341E-11
  4.7287375E+01 -1.5148837E-14 -5.0242325E-11
  4.7696199E+01 -1.1888962E-14 -3.9431057E-11
  4.8108557E+01 -9.3099236E-15 -3.0877680E-11
  4.8524480E+01 -7.2740702E-15 -2.4125712E-11
  4.8943999E+01 -5.6706086E-15 -1.8807734E-11
  4.9367145E+01 -4.4105650E-15 -1.4628682E-11
  4.9793949E+01 -3.4226509E-15 -1.1352142E-11
  5.0224444E+01 -2.6498800E-15 -8.7891256E-12
  5.0658660E+01 -2.0468045E-15 -6.7889110E-12
  5.1096630E+01 -1.5772637E-15 -5.2315742E-12
  5.1538386E+01 -1.2125543E-15 -4.0219222E-12
  5.1983962E+01 -9.2994695E-16 -3.0845728E-12
  5.2433390E+01 -7.1148575E-16 -2.3599755E-12
  5.2886704E+01 -5.4302053E-16 -1.8012004E-12
  5.3343936E+01 -4.1342731E-16 -1.3713536E-12
  5.3805122E+01 -3.1398271E-16 -1.0415031E-12
  5.4270295E+01 -2.3786286E-16 -7.8901651E-13
  5.4739490E+01 -1.7974323E-16 -5.9623383E-13
  5.5212741E+01 -1.3547961E-16 -4.4940996E-13
  5.5690083E+01 -1.0185475E-16 -3.3787400E-13
  5.6171552E+01 -7.6377426E-17 -2.5336303E-13
  5.6657184E+01 -5.7123573E-17 -1.8949527E-13
  5.7147015E+01 -4.2611081E-17 -1.4135475E-13
  5.7641080E+01 -3.1701273E-17 -1.0516456E-13
  5.8139417E+01 -2.3521653E-17 -7.8030697E-14
  5.8642062E+01 -1.7405478E-17 -5.7741564E-14
  5.9149052E+01 -1.2844608E-17 -4.2611660E-14
  5.9660426E+01 -9.4528411E-18 -3.1359923E-14
  6.0176221E+01 -6.9374543E-18 -2.3015364E-14
  6.0696476E+01 -5.0771943E-18 -1.6844054E-14
  6.1221228E+01 -3.7052951E-18 -1.2292800E-14
  6.1750517E+01 -2.6964143E-18 -8.9458134E-15
  6.2284382E+01 -1.9566113E-18 -6.4914696E-15
  6.2822862E+01 -1.4156825E-18 -4.6968816E-15
  6.3365998E+01 -1.0213148E-18 -3.3885097E-15
  6.3913829E+01 -7.3464065E-19 -2.4374147E-15
  6.4466397E+01 -5.2686670E-19 -1.7480774E-15
  6.5023742E+01 -3.7672625E-19 -1.2499460E-15
  6.5585906E+01 -2.6855863E-19 -8.9106626E-16
  6.6152930E+01 -1.9086623E-19 -6.3329425E-16
  6.6724856E+01 -1.3523353E-19 -4.4871072E-16
  6.7301726E+01 -9.5519814E-20 -3.1694300E-16
  6.7883584E+01 -6.7258113E-20 -2.2317116E-16
  6.8470473E+01 -4.7209161E-20 -1.5664820E-16
  6.9062435E+01 -3.3031360E-20 -1.0960525E-16
  6.9659515E+01 -2.3037388E-20 -7.6444103E-17
  7.0261757E+01 -1.6015281E-20 -5.3143630E-17
  7.0869206E+01 -1.1097326E-20 -3.6824843E-17
  7.1481907E+01 -7.6642956E-21 -2.5433187E-17
  7.2099905E+01 -5.2757469E-21 -1.7507274E-17
  7.2723245E+01 -3.6194366E-21 -1.2011068E-17
  7.3351975E+01 -2.4747467E-21 -8.2125401E-18
  7.3986140E+01 -1.6863222E-21 -5.5962034E-18
  7.4625789E+01 -1.1451375E-21 -3.8002904E-18
  7.5270967E+01 -7.7494175E-22 -2.5717838E-18
  7.5921723E+01 -5.2259084E-22 -1.7343371E-18
  7.6578105E+01 -3.5117429E-22 -1.1654692E-18
  7.7240162E+01 -2.3514653E-22 -7.8041044E-19
  7.7907943E+01 -1.5689027E-22 -5.2069926E-19
  7.8581497E+01 -1.0429933E-22 -3.4616169E-19
  7.9260874E+01 -6.9084645E-23 -2.2929024E-19
  7.9946125E+01 -4.5591336E-23 -1.5131883E-19
  8.0637301E+01 -2.9975749E-23 -9.9491816E-20
  8.1334451E+01 -1.9634993E-23 -6.5171060E-20
  8.2037629E+01 -1.2812986E-23 -4.2528608E-20
  8.2746887E+01 -8.3294183E-24 -2.7647273E-20
  8.3462276E+01 -5.3939804E-24 -1.7904157E-20
  8.4183850E+01 -3.4795253E-24 -1.1549719E-20
  8.4911663E+01 -2.2357950E-24 -7.4214778E-21
  8.5645768E+01 -1.4309703E-24 -4.7500269E-21
  8.6386219E+01 -9.1222315E-25 -3.0281238E-21
  8.7133072E+01 -5.7919981E-25 -1.9226848E-21
  8.7886382E+01 -3.6626675E-25 -1.2158622E-21
  8.8646205E+01 -2.3067105E-25 -7.6575035E-22
  8.9412597E+01 -1.4467708E-25 -4.8028737E-22
  9.0185615E+01 -9.0365313E-26 -2.9999260E-22
  9.0965316E+01 -5.6206033E-26 -1.8659462E-22
  9.1751758E+01 -3.4811760E-26 -1.1557121E-22
  9.2544999E+01 -2.1468957E-26 -7.1275803E-23
  9.3345098E+01 -1.3182895E-26 -4.3767278E-23
  9.4152114E+01 -8.0589698E-27 -2.6756290E-23
  9.4966107E+01 -4.9036460E-27 -1.6280702E-23
  9.5787138E+01 -2.9681566E-27 -9.8548146E-24
  9.6615267E+01 -1.7845646E-27 -5.9251788E-24
  9.7450555E+01 -1.0612890E-27 -3.5237910E-24
  9.8293065E+01 -6.1669160E-28 -2.0476289E-24
  9.9142859E+01 -3.3682125E-28 -1.1183773E-24
  1.0000000E+02 -1.4825120E-28 -4.9225590E-25
