 # l=           1 basis function with energy    0.100000000000000     
  0.0000E+00  0.0000E+00  0.0000E+00  0.0000E+00
  2.8818E-08  1.2136E-15  6.1402E-16  2.1965E-18
  5.7886E-08  4.8966E-15  2.4773E-15  8.9221E-18
  8.7205E-08  1.1113E-14  5.6224E-15  2.0262E-17
  1.1678E-07  1.9928E-14  1.0082E-14  3.6339E-17
  1.4661E-07  3.1408E-14  1.5891E-14  5.7277E-17
  1.7669E-07  4.5622E-14  2.3082E-14  8.3200E-17
  2.0704E-07  6.2639E-14  3.1691E-14  1.1423E-16
  2.3765E-07  8.2529E-14  4.1754E-14  1.5051E-16
  2.6852E-07  1.0536E-13  5.3307E-14  1.9215E-16
  2.9966E-07  1.3122E-13  6.6388E-14  2.3931E-16
  3.3107E-07  1.6017E-13  8.1035E-14  2.9210E-16
  3.6275E-07  1.9229E-13  9.7286E-14  3.5068E-16
  3.9470E-07  2.2766E-13  1.1518E-13  4.1519E-16
  4.2693E-07  2.6636E-13  1.3476E-13  4.8576E-16
  4.5944E-07  3.0847E-13  1.5606E-13  5.6256E-16
  4.9223E-07  3.5407E-13  1.7914E-13  6.4572E-16
  5.2531E-07  4.0325E-13  2.0402E-13  7.3541E-16
  5.5867E-07  4.5609E-13  2.3075E-13  8.3179E-16
  5.9232E-07  5.1269E-13  2.5939E-13  9.3500E-16
  6.2625E-07  5.7312E-13  2.8996E-13  1.0452E-15
  6.6049E-07  6.3749E-13  3.2253E-13  1.1626E-15
  6.9502E-07  7.0589E-13  3.5713E-13  1.2873E-15
  7.2984E-07  7.7840E-13  3.9382E-13  1.4196E-15
  7.6497E-07  8.5514E-13  4.3264E-13  1.5595E-15
  8.0040E-07  9.3619E-13  4.7365E-13  1.7074E-15
  8.3614E-07  1.0217E-12  5.1689E-13  1.8632E-15
  8.7219E-07  1.1116E-12  5.6242E-13  2.0273E-15
  9.0855E-07  1.2063E-12  6.1029E-13  2.1999E-15
  9.4522E-07  1.3056E-12  6.6055E-13  2.3811E-15
  9.8221E-07  1.4098E-12  7.1326E-13  2.5711E-15
  1.0195E-06  1.5189E-12  7.6848E-13  2.7701E-15
  1.0572E-06  1.6331E-12  8.2626E-13  2.9784E-15
  1.0951E-06  1.7525E-12  8.8666E-13  3.1961E-15
  1.1334E-06  1.8772E-12  9.4974E-13  3.4235E-15
  1.1720E-06  2.0073E-12  1.0156E-12  3.6608E-15
  1.2110E-06  2.1429E-12  1.0842E-12  3.9081E-15
  1.2503E-06  2.2842E-12  1.1557E-12  4.1658E-15
  1.2899E-06  2.4313E-12  1.2301E-12  4.4341E-15
  1.3299E-06  2.5844E-12  1.3075E-12  4.7132E-15
  1.3702E-06  2.7434E-12  1.3880E-12  5.0033E-15
  1.4108E-06  2.9087E-12  1.4716E-12  5.3047E-15
  1.4518E-06  3.0803E-12  1.5584E-12  5.6176E-15
  1.4932E-06  3.2583E-12  1.6485E-12  5.9423E-15
  1.5349E-06  3.4430E-12  1.7419E-12  6.2790E-15
  1.5770E-06  3.6344E-12  1.8387E-12  6.6281E-15
  1.6195E-06  3.8327E-12  1.9391E-12  6.9897E-15
  1.6623E-06  4.0380E-12  2.0430E-12  7.3643E-15
  1.7055E-06  4.2506E-12  2.1505E-12  7.7519E-15
  1.7491E-06  4.4705E-12  2.2618E-12  8.1530E-15
  1.7930E-06  4.6979E-12  2.3768E-12  8.5678E-15
  1.8373E-06  4.9330E-12  2.4958E-12  8.9965E-15
  1.8820E-06  5.1760E-12  2.6187E-12  9.4397E-15
  1.9271E-06  5.4270E-12  2.7457E-12  9.8974E-15
  1.9726E-06  5.6862E-12  2.8768E-12  1.0370E-14
  2.0185E-06  5.9537E-12  3.0122E-12  1.0858E-14
  2.0647E-06  6.2298E-12  3.1519E-12  1.1361E-14
  2.1114E-06  6.5146E-12  3.2960E-12  1.1881E-14
  2.1585E-06  6.8083E-12  3.4446E-12  1.2417E-14
  2.2060E-06  7.1111E-12  3.5978E-12  1.2969E-14
  2.2538E-06  7.4232E-12  3.7557E-12  1.3538E-14
  2.3021E-06  7.7448E-12  3.9184E-12  1.4124E-14
  2.3509E-06  8.0761E-12  4.0860E-12  1.4729E-14
  2.4000E-06  8.4173E-12  4.2586E-12  1.5351E-14
  2.4496E-06  8.7686E-12  4.4363E-12  1.5992E-14
  2.4996E-06  9.1302E-12  4.6193E-12  1.6651E-14
  2.5500E-06  9.5023E-12  4.8075E-12  1.7330E-14
  2.6009E-06  9.8851E-12  5.0012E-12  1.8028E-14
  2.6522E-06  1.0279E-11  5.2005E-12  1.8746E-14
  2.7039E-06  1.0684E-11  5.4054E-12  1.9485E-14
  2.7561E-06  1.1100E-11  5.6161E-12  2.0244E-14
  2.8088E-06  1.1529E-11  5.8327E-12  2.1025E-14
  2.8619E-06  1.1969E-11  6.0553E-12  2.1828E-14
  2.9154E-06  1.2421E-11  6.2841E-12  2.2652E-14
  2.9694E-06  1.2885E-11  6.5192E-12  2.3499E-14
  3.0239E-06  1.3363E-11  6.7606E-12  2.4370E-14
  3.0789E-06  1.3853E-11  7.0086E-12  2.5264E-14
  3.1343E-06  1.4356E-11  7.2633E-12  2.6182E-14
  3.1903E-06  1.4873E-11  7.5247E-12  2.7124E-14
  3.2467E-06  1.5403E-11  7.7931E-12  2.8092E-14
  3.3035E-06  1.5948E-11  8.0686E-12  2.9085E-14
  3.3609E-06  1.6507E-11  8.3513E-12  3.0104E-14
  3.4188E-06  1.7080E-11  8.6414E-12  3.1150E-14
  3.4772E-06  1.7668E-11  8.9391E-12  3.2222E-14
  3.5361E-06  1.8272E-11  9.2444E-12  3.3323E-14
  3.5954E-06  1.8891E-11  9.5575E-12  3.4452E-14
  3.6553E-06  1.9525E-11  9.8786E-12  3.5609E-14
  3.7158E-06  2.0176E-11  1.0208E-11  3.6796E-14
  3.7767E-06  2.0844E-11  1.0545E-11  3.8013E-14
  3.8382E-06  2.1528E-11  1.0892E-11  3.9261E-14
  3.9002E-06  2.2229E-11  1.1246E-11  4.0539E-14
  3.9627E-06  2.2947E-11  1.1610E-11  4.1850E-14
  4.0258E-06  2.3684E-11  1.1982E-11  4.3193E-14
  4.0894E-06  2.4438E-11  1.2364E-11  4.4569E-14
  4.1536E-06  2.5211E-11  1.2755E-11  4.5978E-14
  4.2183E-06  2.6003E-11  1.3156E-11  4.7423E-14
  4.2836E-06  2.6814E-11  1.3566E-11  4.8902E-14
  4.3495E-06  2.7645E-11  1.3987E-11  5.0417E-14
  4.4159E-06  2.8496E-11  1.4417E-11  5.1969E-14
  4.4829E-06  2.9367E-11  1.4858E-11  5.3558E-14
  4.5505E-06  3.0259E-11  1.5309E-11  5.5184E-14
  4.6186E-06  3.1172E-11  1.5771E-11  5.6850E-14
  4.6874E-06  3.2107E-11  1.6244E-11  5.8555E-14
  4.7567E-06  3.3064E-11  1.6728E-11  6.0300E-14
  4.8266E-06  3.4044E-11  1.7224E-11  6.2087E-14
  4.8972E-06  3.5046E-11  1.7731E-11  6.3915E-14
  4.9684E-06  3.6072E-11  1.8250E-11  6.5786E-14
  5.0401E-06  3.7122E-11  1.8781E-11  6.7700E-14
  5.1125E-06  3.8196E-11  1.9325E-11  6.9659E-14
  5.1855E-06  3.9294E-11  1.9880E-11  7.1663E-14
  5.2592E-06  4.0419E-11  2.0449E-11  7.3713E-14
  5.3335E-06  4.1568E-11  2.1031E-11  7.5810E-14
  5.4084E-06  4.2745E-11  2.1626E-11  7.7955E-14
  5.4840E-06  4.3948E-11  2.2235E-11  8.0149E-14
  5.5602E-06  4.5178E-11  2.2857E-11  8.2393E-14
  5.6371E-06  4.6436E-11  2.3494E-11  8.4687E-14
  5.7146E-06  4.7722E-11  2.4145E-11  8.7033E-14
  5.7929E-06  4.9038E-11  2.4810E-11  8.9432E-14
  5.8718E-06  5.0383E-11  2.5491E-11  9.1885E-14
  5.9514E-06  5.1758E-11  2.6186E-11  9.4393E-14
  6.0316E-06  5.3163E-11  2.6897E-11  9.6956E-14
  6.1126E-06  5.4600E-11  2.7624E-11  9.9577E-14
  6.1943E-06  5.6069E-11  2.8367E-11  1.0226E-13
  6.2766E-06  5.7570E-11  2.9127E-11  1.0499E-13
  6.3597E-06  5.9104E-11  2.9903E-11  1.0779E-13
  6.4435E-06  6.0672E-11  3.0696E-11  1.1065E-13
  6.5280E-06  6.2274E-11  3.1507E-11  1.1357E-13
  6.6133E-06  6.3911E-11  3.2335E-11  1.1656E-13
  6.6993E-06  6.5584E-11  3.3182E-11  1.1961E-13
  6.7860E-06  6.7294E-11  3.4046E-11  1.2273E-13
  6.8735E-06  6.9040E-11  3.4930E-11  1.2591E-13
  6.9618E-06  7.0824E-11  3.5833E-11  1.2916E-13
  7.0508E-06  7.2647E-11  3.6755E-11  1.3249E-13
  7.1405E-06  7.4508E-11  3.7697E-11  1.3588E-13
  7.2311E-06  7.6410E-11  3.8659E-11  1.3935E-13
  7.3224E-06  7.8352E-11  3.9642E-11  1.4289E-13
  7.4146E-06  8.0336E-11  4.0645E-11  1.4651E-13
  7.5075E-06  8.2363E-11  4.1670E-11  1.5021E-13
  7.6012E-06  8.4432E-11  4.2717E-11  1.5398E-13
  7.6957E-06  8.6545E-11  4.3786E-11  1.5784E-13
  7.7911E-06  8.8703E-11  4.4878E-11  1.6177E-13
  7.8873E-06  9.0906E-11  4.5993E-11  1.6579E-13
  7.9843E-06  9.3156E-11  4.7131E-11  1.6989E-13
  8.0821E-06  9.5454E-11  4.8294E-11  1.7408E-13
  8.1808E-06  9.7799E-11  4.9480E-11  1.7836E-13
  8.2804E-06  1.0019E-10  5.0692E-11  1.8273E-13
  8.3808E-06  1.0264E-10  5.1929E-11  1.8719E-13
  8.4820E-06  1.0513E-10  5.3191E-11  1.9174E-13
  8.5842E-06  1.0768E-10  5.4480E-11  1.9638E-13
  8.6872E-06  1.1028E-10  5.5796E-11  2.0113E-13
  8.7911E-06  1.1294E-10  5.7139E-11  2.0597E-13
  8.8960E-06  1.1565E-10  5.8509E-11  2.1091E-13
  9.0017E-06  1.1841E-10  5.9908E-11  2.1595E-13
  9.1083E-06  1.2123E-10  6.1336E-11  2.2110E-13
  9.2159E-06  1.2411E-10  6.2794E-11  2.2635E-13
  9.3244E-06  1.2705E-10  6.4281E-11  2.3171E-13
  9.4338E-06  1.3005E-10  6.5798E-11  2.3718E-13
  9.5442E-06  1.3311E-10  6.7347E-11  2.4277E-13
  9.6555E-06  1.3624E-10  6.8928E-11  2.4846E-13
  9.7678E-06  1.3942E-10  7.0540E-11  2.5427E-13
  9.8811E-06  1.4268E-10  7.2186E-11  2.6021E-13
  9.9953E-06  1.4599E-10  7.3864E-11  2.6626E-13
  1.0111E-05  1.4938E-10  7.5577E-11  2.7243E-13
  1.0227E-05  1.5283E-10  7.7325E-11  2.7873E-13
  1.0344E-05  1.5636E-10  7.9108E-11  2.8516E-13
  1.0462E-05  1.5995E-10  8.0927E-11  2.9172E-13
  1.0582E-05  1.6362E-10  8.2783E-11  2.9840E-13
  1.0702E-05  1.6736E-10  8.4676E-11  3.0523E-13
  1.0823E-05  1.7118E-10  8.6607E-11  3.1219E-13
  1.0946E-05  1.7507E-10  8.8577E-11  3.1929E-13
  1.1069E-05  1.7904E-10  9.0586E-11  3.2653E-13
  1.1194E-05  1.8309E-10  9.2635E-11  3.3392E-13
  1.1319E-05  1.8723E-10  9.4726E-11  3.4146E-13
  1.1446E-05  1.9144E-10  9.6858E-11  3.4914E-13
  1.1574E-05  1.9574E-10  9.9032E-11  3.5698E-13
  1.1702E-05  2.0012E-10  1.0125E-10  3.6497E-13
  1.1832E-05  2.0459E-10  1.0351E-10  3.7313E-13
  1.1964E-05  2.0915E-10  1.0582E-10  3.8144E-13
  1.2096E-05  2.1380E-10  1.0817E-10  3.8992E-13
  1.2229E-05  2.1854E-10  1.1057E-10  3.9857E-13
  1.2364E-05  2.2338E-10  1.1302E-10  4.0739E-13
  1.2499E-05  2.2831E-10  1.1551E-10  4.1638E-13
  1.2636E-05  2.3334E-10  1.1806E-10  4.2555E-13
  1.2774E-05  2.3846E-10  1.2065E-10  4.3490E-13
  1.2914E-05  2.4369E-10  1.2329E-10  4.4443E-13
  1.3054E-05  2.4902E-10  1.2599E-10  4.5416E-13
  1.3196E-05  2.5446E-10  1.2874E-10  4.6407E-13
  1.3339E-05  2.6000E-10  1.3154E-10  4.7417E-13
  1.3483E-05  2.6565E-10  1.3440E-10  4.8448E-13
  1.3628E-05  2.7141E-10  1.3732E-10  4.9498E-13
  1.3775E-05  2.7728E-10  1.4029E-10  5.0569E-13
  1.3923E-05  2.8326E-10  1.4332E-10  5.1661E-13
  1.4072E-05  2.8937E-10  1.4640E-10  5.2774E-13
  1.4222E-05  2.9559E-10  1.4955E-10  5.3909E-13
  1.4374E-05  3.0193E-10  1.5276E-10  5.5065E-13
  1.4527E-05  3.0840E-10  1.5603E-10  5.6244E-13
  1.4682E-05  3.1499E-10  1.5937E-10  5.7446E-13
  1.4838E-05  3.2171E-10  1.6277E-10  5.8672E-13
  1.4995E-05  3.2855E-10  1.6623E-10  5.9921E-13
  1.5153E-05  3.3554E-10  1.6976E-10  6.1194E-13
  1.5313E-05  3.4265E-10  1.7336E-10  6.2492E-13
  1.5474E-05  3.4990E-10  1.7703E-10  6.3814E-13
  1.5637E-05  3.5730E-10  1.8077E-10  6.5162E-13
  1.5801E-05  3.6483E-10  1.8458E-10  6.6536E-13
  1.5966E-05  3.7251E-10  1.8847E-10  6.7937E-13
  1.6133E-05  3.8033E-10  1.9243E-10  6.9364E-13
  1.6301E-05  3.8831E-10  1.9646E-10  7.0819E-13
  1.6471E-05  3.9644E-10  2.0058E-10  7.2302E-13
  1.6642E-05  4.0473E-10  2.0477E-10  7.3813E-13
  1.6815E-05  4.1317E-10  2.0904E-10  7.5352E-13
  1.6989E-05  4.2177E-10  2.1339E-10  7.6922E-13
  1.7165E-05  4.3054E-10  2.1783E-10  7.8521E-13
  1.7342E-05  4.3948E-10  2.2235E-10  8.0151E-13
  1.7521E-05  4.4858E-10  2.2696E-10  8.1812E-13
  1.7701E-05  4.5786E-10  2.3165E-10  8.3504E-13
  1.7883E-05  4.6732E-10  2.3644E-10  8.5229E-13
  1.8066E-05  4.7696E-10  2.4131E-10  8.6986E-13
  1.8251E-05  4.8677E-10  2.4628E-10  8.8777E-13
  1.8438E-05  4.9678E-10  2.5134E-10  9.0601E-13
  1.8626E-05  5.0697E-10  2.5650E-10  9.2461E-13
  1.8816E-05  5.1736E-10  2.6176E-10  9.4355E-13
  1.9008E-05  5.2794E-10  2.6711E-10  9.6285E-13
  1.9201E-05  5.3873E-10  2.7257E-10  9.8252E-13
  1.9396E-05  5.4972E-10  2.7813E-10  1.0026E-12
  1.9592E-05  5.6091E-10  2.8379E-10  1.0230E-12
  1.9790E-05  5.7232E-10  2.8956E-10  1.0438E-12
  1.9990E-05  5.8394E-10  2.9544E-10  1.0650E-12
  2.0192E-05  5.9578E-10  3.0143E-10  1.0866E-12
  2.0395E-05  6.0784E-10  3.0754E-10  1.1086E-12
  2.0600E-05  6.2013E-10  3.1375E-10  1.1310E-12
  2.0807E-05  6.3265E-10  3.2009E-10  1.1538E-12
  2.1016E-05  6.4540E-10  3.2654E-10  1.1771E-12
  2.1226E-05  6.5840E-10  3.3312E-10  1.2008E-12
  2.1439E-05  6.7164E-10  3.3981E-10  1.2249E-12
  2.1653E-05  6.8512E-10  3.4664E-10  1.2495E-12
  2.1869E-05  6.9886E-10  3.5359E-10  1.2746E-12
  2.2087E-05  7.1286E-10  3.6067E-10  1.3001E-12
  2.2307E-05  7.2711E-10  3.6788E-10  1.3261E-12
  2.2528E-05  7.4163E-10  3.7523E-10  1.3526E-12
  2.2752E-05  7.5643E-10  3.8272E-10  1.3796E-12
  2.2977E-05  7.7150E-10  3.9034E-10  1.4070E-12
  2.3205E-05  7.8685E-10  3.9811E-10  1.4350E-12
  2.3434E-05  8.0249E-10  4.0602E-10  1.4636E-12
  2.3666E-05  8.1841E-10  4.1408E-10  1.4926E-12
  2.3899E-05  8.3464E-10  4.2229E-10  1.5222E-12
  2.4135E-05  8.5116E-10  4.3065E-10  1.5523E-12
  2.4372E-05  8.6799E-10  4.3916E-10  1.5830E-12
  2.4612E-05  8.8514E-10  4.4784E-10  1.6143E-12
  2.4853E-05  9.0260E-10  4.5667E-10  1.6462E-12
  2.5097E-05  9.2039E-10  4.6567E-10  1.6786E-12
  2.5343E-05  9.3850E-10  4.7484E-10  1.7116E-12
  2.5591E-05  9.5696E-10  4.8417E-10  1.7453E-12
  2.5841E-05  9.7575E-10  4.9368E-10  1.7796E-12
  2.6093E-05  9.9489E-10  5.0337E-10  1.8145E-12
  2.6347E-05  1.0144E-09  5.1323E-10  1.8500E-12
  2.6604E-05  1.0342E-09  5.2328E-10  1.8862E-12
  2.6863E-05  1.0545E-09  5.3351E-10  1.9231E-12
  2.7124E-05  1.0751E-09  5.4393E-10  1.9607E-12
  2.7387E-05  1.0960E-09  5.5454E-10  1.9989E-12
  2.7653E-05  1.1174E-09  5.6535E-10  2.0379E-12
  2.7921E-05  1.1391E-09  5.7635E-10  2.0776E-12
  2.8191E-05  1.1613E-09  5.8756E-10  2.1180E-12
  2.8463E-05  1.1839E-09  5.9898E-10  2.1591E-12
  2.8738E-05  1.2068E-09  6.1061E-10  2.2010E-12
  2.9016E-05  1.2302E-09  6.2244E-10  2.2437E-12
  2.9295E-05  1.2541E-09  6.3450E-10  2.2872E-12
  2.9577E-05  1.2783E-09  6.4678E-10  2.3314E-12
  2.9862E-05  1.3030E-09  6.5928E-10  2.3765E-12
  3.0149E-05  1.3282E-09  6.7202E-10  2.4224E-12
  3.0438E-05  1.3538E-09  6.8498E-10  2.4691E-12
  3.0730E-05  1.3799E-09  6.9819E-10  2.5167E-12
  3.1025E-05  1.4065E-09  7.1163E-10  2.5652E-12
  3.1322E-05  1.4336E-09  7.2533E-10  2.6146E-12
  3.1621E-05  1.4611E-09  7.3927E-10  2.6648E-12
  3.1924E-05  1.4892E-09  7.5347E-10  2.7160E-12
  3.2228E-05  1.5178E-09  7.6792E-10  2.7681E-12
  3.2536E-05  1.5469E-09  7.8264E-10  2.8212E-12
  3.2846E-05  1.5765E-09  7.9763E-10  2.8752E-12
  3.3159E-05  1.6067E-09  8.1290E-10  2.9302E-12
  3.3474E-05  1.6374E-09  8.2844E-10  2.9863E-12
  3.3792E-05  1.6686E-09  8.4427E-10  3.0433E-12
  3.4113E-05  1.7005E-09  8.6038E-10  3.1014E-12
  3.4437E-05  1.7329E-09  8.7679E-10  3.1605E-12
  3.4764E-05  1.7659E-09  8.9350E-10  3.2208E-12
  3.5093E-05  1.7996E-09  9.1051E-10  3.2821E-12
  3.5425E-05  1.8338E-09  9.2783E-10  3.3445E-12
  3.5760E-05  1.8687E-09  9.4546E-10  3.4081E-12
  3.6098E-05  1.9041E-09  9.6342E-10  3.4728E-12
  3.6439E-05  1.9403E-09  9.8170E-10  3.5387E-12
  3.6783E-05  1.9771E-09  1.0003E-09  3.6058E-12
  3.7130E-05  2.0145E-09  1.0193E-09  3.6741E-12
  3.7480E-05  2.0527E-09  1.0386E-09  3.7437E-12
  3.7833E-05  2.0915E-09  1.0582E-09  3.8145E-12
  3.8189E-05  2.1310E-09  1.0782E-09  3.8866E-12
  3.8548E-05  2.1713E-09  1.0986E-09  3.9600E-12
  3.8910E-05  2.2123E-09  1.1193E-09  4.0348E-12
  3.9275E-05  2.2540E-09  1.1404E-09  4.1109E-12
  3.9643E-05  2.2965E-09  1.1619E-09  4.1884E-12
  4.0015E-05  2.3397E-09  1.1838E-09  4.2672E-12
  4.0390E-05  2.3837E-09  1.2061E-09  4.3475E-12
  4.0768E-05  2.4286E-09  1.2288E-09  4.4293E-12
  4.1149E-05  2.4742E-09  1.2519E-09  4.5125E-12
  4.1533E-05  2.5207E-09  1.2754E-09  4.5973E-12
  4.1921E-05  2.5680E-09  1.2993E-09  4.6836E-12
  4.2313E-05  2.6161E-09  1.3237E-09  4.7714E-12
  4.2707E-05  2.6651E-09  1.3485E-09  4.8608E-12
  4.3105E-05  2.7151E-09  1.3737E-09  4.9518E-12
  4.3507E-05  2.7659E-09  1.3994E-09  5.0445E-12
  4.3912E-05  2.8176E-09  1.4256E-09  5.1388E-12
  4.4320E-05  2.8702E-09  1.4522E-09  5.2349E-12
  4.4732E-05  2.9239E-09  1.4794E-09  5.3327E-12
  4.5148E-05  2.9784E-09  1.5070E-09  5.4322E-12
  4.5567E-05  3.0340E-09  1.5351E-09  5.5335E-12
  4.5990E-05  3.0905E-09  1.5637E-09  5.6367E-12
  4.6416E-05  3.1481E-09  1.5928E-09  5.7417E-12
  4.6846E-05  3.2067E-09  1.6225E-09  5.8486E-12
  4.7280E-05  3.2664E-09  1.6527E-09  5.9574E-12
  4.7717E-05  3.3271E-09  1.6834E-09  6.0682E-12
  4.8159E-05  3.3890E-09  1.7147E-09  6.1810E-12
  4.8604E-05  3.4519E-09  1.7466E-09  6.2958E-12
  4.9053E-05  3.5160E-09  1.7790E-09  6.4127E-12
  4.9506E-05  3.5812E-09  1.8120E-09  6.5316E-12
  4.9963E-05  3.6476E-09  1.8456E-09  6.6527E-12
  5.0424E-05  3.7152E-09  1.8798E-09  6.7760E-12
  5.0888E-05  3.7840E-09  1.9146E-09  6.9015E-12
  5.1357E-05  3.8540E-09  1.9500E-09  7.0292E-12
  5.1830E-05  3.9253E-09  1.9861E-09  7.1592E-12
  5.2307E-05  3.9979E-09  2.0228E-09  7.2916E-12
  5.2788E-05  4.0717E-09  2.0602E-09  7.4263E-12
  5.3273E-05  4.1469E-09  2.0982E-09  7.5635E-12
  5.3762E-05  4.2235E-09  2.1370E-09  7.7031E-12
  5.4256E-05  4.3014E-09  2.1764E-09  7.8452E-12
  5.4754E-05  4.3807E-09  2.2165E-09  7.9898E-12
  5.5256E-05  4.4614E-09  2.2574E-09  8.1371E-12
  5.5763E-05  4.5436E-09  2.2989E-09  8.2869E-12
  5.6274E-05  4.6272E-09  2.3413E-09  8.4395E-12
  5.6789E-05  4.7123E-09  2.3843E-09  8.5948E-12
  5.7309E-05  4.7990E-09  2.4282E-09  8.7528E-12
  5.7833E-05  4.8872E-09  2.4728E-09  8.9137E-12
  5.8362E-05  4.9770E-09  2.5182E-09  9.0775E-12
  5.8895E-05  5.0684E-09  2.5645E-09  9.2441E-12
  5.9433E-05  5.1614E-09  2.6115E-09  9.4138E-12
  5.9976E-05  5.2561E-09  2.6595E-09  9.5865E-12
  6.0523E-05  5.3524E-09  2.7082E-09  9.7622E-12
  6.1075E-05  5.4505E-09  2.7578E-09  9.9412E-12
  6.1632E-05  5.5504E-09  2.8084E-09  1.0123E-11
  6.2194E-05  5.6520E-09  2.8598E-09  1.0309E-11
  6.2760E-05  5.7554E-09  2.9121E-09  1.0497E-11
  6.3332E-05  5.8607E-09  2.9654E-09  1.0689E-11
  6.3908E-05  5.9678E-09  3.0196E-09  1.0885E-11
  6.4489E-05  6.0769E-09  3.0748E-09  1.1084E-11
  6.5076E-05  6.1879E-09  3.1310E-09  1.1286E-11
  6.5667E-05  6.3009E-09  3.1881E-09  1.1492E-11
  6.6264E-05  6.4159E-09  3.2463E-09  1.1702E-11
  6.6865E-05  6.5329E-09  3.3055E-09  1.1915E-11
  6.7472E-05  6.6520E-09  3.3658E-09  1.2133E-11
  6.8084E-05  6.7733E-09  3.4272E-09  1.2354E-11
  6.8702E-05  6.8967E-09  3.4896E-09  1.2579E-11
  6.9325E-05  7.0223E-09  3.5532E-09  1.2808E-11
  6.9953E-05  7.1501E-09  3.6179E-09  1.3041E-11
  7.0586E-05  7.2802E-09  3.6837E-09  1.3279E-11
  7.1226E-05  7.4126E-09  3.7507E-09  1.3520E-11
  7.1870E-05  7.5474E-09  3.8189E-09  1.3766E-11
  7.2520E-05  7.6846E-09  3.8883E-09  1.4016E-11
  7.3176E-05  7.8242E-09  3.9589E-09  1.4271E-11
  7.3838E-05  7.9662E-09  4.0308E-09  1.4530E-11
  7.4505E-05  8.1108E-09  4.1040E-09  1.4794E-11
  7.5178E-05  8.2580E-09  4.1785E-09  1.5062E-11
  7.5856E-05  8.4078E-09  4.2543E-09  1.5335E-11
  7.6541E-05  8.5603E-09  4.3314E-09  1.5613E-11
  7.7232E-05  8.7154E-09  4.4099E-09  1.5896E-11
  7.7928E-05  8.8733E-09  4.4898E-09  1.6184E-11
  7.8631E-05  9.0340E-09  4.5711E-09  1.6477E-11
  7.9339E-05  9.1976E-09  4.6539E-09  1.6776E-11
  8.0054E-05  9.3640E-09  4.7381E-09  1.7079E-11
  8.0775E-05  9.5334E-09  4.8239E-09  1.7388E-11
  8.1502E-05  9.7058E-09  4.9111E-09  1.7703E-11
  8.2236E-05  9.8813E-09  4.9999E-09  1.8023E-11
  8.2975E-05  1.0060E-08  5.0902E-09  1.8349E-11
  8.3722E-05  1.0242E-08  5.1822E-09  1.8680E-11
  8.4474E-05  1.0427E-08  5.2758E-09  1.9018E-11
  8.5233E-05  1.0615E-08  5.3711E-09  1.9361E-11
  8.5999E-05  1.0806E-08  5.4680E-09  1.9710E-11
  8.6771E-05  1.1001E-08  5.5666E-09  2.0066E-11
  8.7550E-05  1.1200E-08  5.6670E-09  2.0428E-11
  8.8336E-05  1.1402E-08  5.7692E-09  2.0796E-11
  8.9129E-05  1.1607E-08  5.8732E-09  2.1171E-11
  8.9928E-05  1.1816E-08  5.9790E-09  2.1552E-11
  9.0734E-05  1.2029E-08  6.0867E-09  2.1941E-11
  9.1548E-05  1.2246E-08  6.1963E-09  2.2336E-11
  9.2368E-05  1.2466E-08  6.3079E-09  2.2738E-11
  9.3195E-05  1.2690E-08  6.4214E-09  2.3147E-11
  9.4030E-05  1.2919E-08  6.5369E-09  2.3563E-11
  9.4872E-05  1.3151E-08  6.6545E-09  2.3987E-11
  9.5721E-05  1.3387E-08  6.7741E-09  2.4418E-11
  9.6577E-05  1.3628E-08  6.8958E-09  2.4857E-11
  9.7441E-05  1.3873E-08  7.0197E-09  2.5304E-11
  9.8312E-05  1.4122E-08  7.1458E-09  2.5758E-11
  9.9191E-05  1.4376E-08  7.2742E-09  2.6221E-11
  1.0008E-04  1.4634E-08  7.4047E-09  2.6692E-11
  1.0097E-04  1.4896E-08  7.5376E-09  2.7171E-11
  1.0187E-04  1.5163E-08  7.6729E-09  2.7658E-11
  1.0278E-04  1.5435E-08  7.8105E-09  2.8154E-11
  1.0370E-04  1.5712E-08  7.9505E-09  2.8659E-11
  1.0463E-04  1.5994E-08  8.0931E-09  2.9173E-11
  1.0556E-04  1.6280E-08  8.2381E-09  2.9696E-11
  1.0650E-04  1.6572E-08  8.3857E-09  3.0228E-11
  1.0745E-04  1.6869E-08  8.5359E-09  3.0769E-11
  1.0841E-04  1.7171E-08  8.6888E-09  3.1320E-11
  1.0937E-04  1.7478E-08  8.8443E-09  3.1881E-11
  1.1035E-04  1.7791E-08  9.0026E-09  3.2451E-11
  1.1133E-04  1.8109E-08  9.1637E-09  3.3032E-11
  1.1232E-04  1.8433E-08  9.3276E-09  3.3623E-11
  1.1332E-04  1.8763E-08  9.4944E-09  3.4224E-11
  1.1433E-04  1.9098E-08  9.6642E-09  3.4836E-11
  1.1535E-04  1.9440E-08  9.8369E-09  3.5459E-11
  1.1637E-04  1.9787E-08  1.0013E-08  3.6092E-11
  1.1741E-04  2.0141E-08  1.0192E-08  3.6737E-11
  1.1845E-04  2.0500E-08  1.0374E-08  3.7393E-11
  1.1951E-04  2.0866E-08  1.0559E-08  3.8061E-11
  1.2057E-04  2.1239E-08  1.0747E-08  3.8741E-11
  1.2164E-04  2.1618E-08  1.0939E-08  3.9432E-11
  1.2272E-04  2.2004E-08  1.1134E-08  4.0136E-11
  1.2381E-04  2.2396E-08  1.1333E-08  4.0852E-11
  1.2491E-04  2.2795E-08  1.1535E-08  4.1580E-11
  1.2602E-04  2.3202E-08  1.1741E-08  4.2322E-11
  1.2714E-04  2.3615E-08  1.1950E-08  4.3076E-11
  1.2826E-04  2.4036E-08  1.2163E-08  4.3844E-11
  1.2940E-04  2.4465E-08  1.2380E-08  4.4625E-11
  1.3055E-04  2.4900E-08  1.2600E-08  4.5420E-11
  1.3171E-04  2.5344E-08  1.2825E-08  4.6229E-11
  1.3287E-04  2.5795E-08  1.3053E-08  4.7052E-11
  1.3405E-04  2.6254E-08  1.3286E-08  4.7890E-11
  1.3524E-04  2.6722E-08  1.3522E-08  4.8743E-11
  1.3644E-04  2.7197E-08  1.3763E-08  4.9610E-11
  1.3765E-04  2.7681E-08  1.4008E-08  5.0493E-11
  1.3886E-04  2.8173E-08  1.4257E-08  5.1391E-11
  1.4009E-04  2.8674E-08  1.4510E-08  5.2305E-11
  1.4133E-04  2.9184E-08  1.4768E-08  5.3235E-11
  1.4258E-04  2.9703E-08  1.5031E-08  5.4181E-11
  1.4385E-04  3.0231E-08  1.5298E-08  5.5144E-11
  1.4512E-04  3.0768E-08  1.5570E-08  5.6124E-11
  1.4640E-04  3.1314E-08  1.5846E-08  5.7121E-11
  1.4770E-04  3.1870E-08  1.6128E-08  5.8136E-11
  1.4900E-04  3.2436E-08  1.6414E-08  5.9168E-11
  1.5032E-04  3.3012E-08  1.6706E-08  6.0219E-11
  1.5165E-04  3.3598E-08  1.7002E-08  6.1288E-11
  1.5299E-04  3.4195E-08  1.7304E-08  6.2376E-11
  1.5434E-04  3.4801E-08  1.7611E-08  6.3483E-11
  1.5570E-04  3.5419E-08  1.7924E-08  6.4609E-11
  1.5708E-04  3.6047E-08  1.8242E-08  6.5755E-11
  1.5846E-04  3.6686E-08  1.8565E-08  6.6921E-11
  1.5986E-04  3.7337E-08  1.8894E-08  6.8108E-11
  1.6127E-04  3.7998E-08  1.9229E-08  6.9315E-11
  1.6270E-04  3.8672E-08  1.9570E-08  7.0544E-11
  1.6413E-04  3.9357E-08  1.9917E-08  7.1794E-11
  1.6558E-04  4.0055E-08  2.0270E-08  7.3067E-11
  1.6704E-04  4.0764E-08  2.0629E-08  7.4361E-11
  1.6851E-04  4.1486E-08  2.0995E-08  7.5678E-11
  1.7000E-04  4.2221E-08  2.1366E-08  7.7019E-11
  1.7150E-04  4.2968E-08  2.1745E-08  7.8382E-11
  1.7301E-04  4.3729E-08  2.2130E-08  7.9770E-11
  1.7453E-04  4.4503E-08  2.2521E-08  8.1182E-11
  1.7607E-04  4.5290E-08  2.2920E-08  8.2619E-11
  1.7762E-04  4.6092E-08  2.3326E-08  8.4081E-11
  1.7919E-04  4.6907E-08  2.3738E-08  8.5569E-11
  1.8076E-04  4.7737E-08  2.4158E-08  8.7083E-11
  1.8236E-04  4.8581E-08  2.4586E-08  8.8623E-11
  1.8396E-04  4.9440E-08  2.5020E-08  9.0190E-11
  1.8558E-04  5.0314E-08  2.5463E-08  9.1785E-11
  1.8721E-04  5.1204E-08  2.5913E-08  9.3407E-11
  1.8886E-04  5.2109E-08  2.6371E-08  9.5059E-11
  1.9052E-04  5.3029E-08  2.6837E-08  9.6739E-11
  1.9220E-04  5.3966E-08  2.7311E-08  9.8448E-11
  1.9389E-04  5.4920E-08  2.7794E-08  1.0019E-10
  1.9559E-04  5.5890E-08  2.8285E-08  1.0196E-10
  1.9731E-04  5.6877E-08  2.8784E-08  1.0376E-10
  1.9905E-04  5.7881E-08  2.9293E-08  1.0559E-10
  2.0080E-04  5.8903E-08  2.9810E-08  1.0746E-10
  2.0256E-04  5.9943E-08  3.0336E-08  1.0935E-10
  2.0434E-04  6.1001E-08  3.0872E-08  1.1128E-10
  2.0614E-04  6.2077E-08  3.1417E-08  1.1325E-10
  2.0795E-04  6.3173E-08  3.1971E-08  1.1525E-10
  2.0978E-04  6.4287E-08  3.2535E-08  1.1728E-10
  2.1162E-04  6.5421E-08  3.3109E-08  1.1935E-10
  2.1348E-04  6.6575E-08  3.3693E-08  1.2145E-10
  2.1535E-04  6.7749E-08  3.4288E-08  1.2360E-10
  2.1724E-04  6.8944E-08  3.4892E-08  1.2578E-10
  2.1915E-04  7.0159E-08  3.5508E-08  1.2799E-10
  2.2107E-04  7.1396E-08  3.6134E-08  1.3025E-10
  2.2301E-04  7.2654E-08  3.6771E-08  1.3255E-10
  2.2497E-04  7.3935E-08  3.7419E-08  1.3488E-10
  2.2694E-04  7.5238E-08  3.8078E-08  1.3726E-10
  2.2893E-04  7.6563E-08  3.8749E-08  1.3968E-10
  2.3094E-04  7.7912E-08  3.9432E-08  1.4214E-10
  2.3297E-04  7.9285E-08  4.0127E-08  1.4464E-10
  2.3501E-04  8.0681E-08  4.0834E-08  1.4719E-10
  2.3707E-04  8.2102E-08  4.1553E-08  1.4978E-10
  2.3915E-04  8.3547E-08  4.2284E-08  1.5242E-10
  2.4125E-04  8.5018E-08  4.3029E-08  1.5511E-10
  2.4336E-04  8.6515E-08  4.3787E-08  1.5784E-10
  2.4549E-04  8.8038E-08  4.4558E-08  1.6062E-10
  2.4764E-04  8.9587E-08  4.5342E-08  1.6344E-10
  2.4981E-04  9.1163E-08  4.6140E-08  1.6632E-10
  2.5200E-04  9.2768E-08  4.6952E-08  1.6925E-10
  2.5421E-04  9.4400E-08  4.7778E-08  1.7222E-10
  2.5644E-04  9.6060E-08  4.8619E-08  1.7525E-10
  2.5868E-04  9.7750E-08  4.9474E-08  1.7834E-10
  2.6095E-04  9.9469E-08  5.0344E-08  1.8147E-10
  2.6323E-04  1.0122E-07  5.1230E-08  1.8467E-10
  2.6554E-04  1.0300E-07  5.2131E-08  1.8791E-10
  2.6786E-04  1.0481E-07  5.3047E-08  1.9122E-10
  2.7021E-04  1.0665E-07  5.3980E-08  1.9458E-10
  2.7257E-04  1.0853E-07  5.4929E-08  1.9800E-10
  2.7496E-04  1.1043E-07  5.5895E-08  2.0148E-10
  2.7736E-04  1.1237E-07  5.6877E-08  2.0502E-10
  2.7979E-04  1.1435E-07  5.7877E-08  2.0863E-10
  2.8224E-04  1.1636E-07  5.8894E-08  2.1229E-10
  2.8471E-04  1.1840E-07  5.9929E-08  2.1602E-10
  2.8720E-04  1.2048E-07  6.0982E-08  2.1982E-10
  2.8971E-04  1.2260E-07  6.2053E-08  2.2368E-10
  2.9224E-04  1.2475E-07  6.3143E-08  2.2761E-10
  2.9480E-04  1.2694E-07  6.4252E-08  2.3161E-10
  2.9738E-04  1.2917E-07  6.5381E-08  2.3568E-10
  2.9998E-04  1.3144E-07  6.6529E-08  2.3981E-10
  3.0260E-04  1.3375E-07  6.7697E-08  2.4403E-10
  3.0524E-04  1.3609E-07  6.8886E-08  2.4831E-10
  3.0791E-04  1.3848E-07  7.0095E-08  2.5267E-10
  3.1060E-04  1.4091E-07  7.1326E-08  2.5711E-10
  3.1332E-04  1.4339E-07  7.2578E-08  2.6162E-10
  3.1605E-04  1.4590E-07  7.3851E-08  2.6621E-10
  3.1881E-04  1.4846E-07  7.5148E-08  2.7088E-10
  3.2160E-04  1.5107E-07  7.6466E-08  2.7564E-10
  3.2441E-04  1.5372E-07  7.7808E-08  2.8047E-10
  3.2724E-04  1.5641E-07  7.9173E-08  2.8539E-10
  3.3010E-04  1.5916E-07  8.0562E-08  2.9040E-10
  3.3298E-04  1.6195E-07  8.1975E-08  2.9549E-10
  3.3589E-04  1.6479E-07  8.3413E-08  3.0068E-10
  3.3882E-04  1.6768E-07  8.4876E-08  3.0595E-10
  3.4178E-04  1.7062E-07  8.6365E-08  3.1132E-10
  3.4476E-04  1.7361E-07  8.7879E-08  3.1677E-10
  3.4777E-04  1.7665E-07  8.9420E-08  3.2233E-10
  3.5081E-04  1.7975E-07  9.0988E-08  3.2798E-10
  3.5387E-04  1.8290E-07  9.2583E-08  3.3373E-10
  3.5696E-04  1.8610E-07  9.4206E-08  3.3958E-10
  3.6007E-04  1.8936E-07  9.5857E-08  3.4553E-10
  3.6322E-04  1.9268E-07  9.7537E-08  3.5159E-10
  3.6639E-04  1.9606E-07  9.9247E-08  3.5775E-10
  3.6958E-04  1.9949E-07  1.0099E-07  3.6402E-10
  3.7281E-04  2.0299E-07  1.0276E-07  3.7040E-10
  3.7606E-04  2.0654E-07  1.0456E-07  3.7689E-10
  3.7934E-04  2.1016E-07  1.0639E-07  3.8349E-10
  3.8265E-04  2.1384E-07  1.0825E-07  3.9021E-10
  3.8598E-04  2.1759E-07  1.1015E-07  3.9705E-10
  3.8935E-04  2.2140E-07  1.1208E-07  4.0400E-10
  3.9274E-04  2.2527E-07  1.1404E-07  4.1108E-10
  3.9617E-04  2.2922E-07  1.1604E-07  4.1828E-10
  3.9962E-04  2.3323E-07  1.1807E-07  4.2560E-10
  4.0311E-04  2.3731E-07  1.2014E-07  4.3305E-10
  4.0662E-04  2.4147E-07  1.2224E-07  4.4064E-10
  4.1016E-04  2.4569E-07  1.2438E-07  4.4835E-10
  4.1374E-04  2.4999E-07  1.2656E-07  4.5620E-10
  4.1734E-04  2.5437E-07  1.2877E-07  4.6419E-10
  4.2098E-04  2.5882E-07  1.3103E-07  4.7231E-10
  4.2465E-04  2.6335E-07  1.3332E-07  4.8058E-10
  4.2835E-04  2.6796E-07  1.3566E-07  4.8899E-10
  4.3208E-04  2.7265E-07  1.3803E-07  4.9755E-10
  4.3585E-04  2.7742E-07  1.4045E-07  5.0626E-10
  4.3964E-04  2.8227E-07  1.4290E-07  5.1512E-10
  4.4347E-04  2.8721E-07  1.4540E-07  5.2413E-10
  4.4734E-04  2.9223E-07  1.4795E-07  5.3330E-10
  4.5123E-04  2.9734E-07  1.5054E-07  5.4263E-10
  4.5516E-04  3.0254E-07  1.5317E-07  5.5212E-10
  4.5913E-04  3.0783E-07  1.5585E-07  5.6178E-10
  4.6312E-04  3.1321E-07  1.5858E-07  5.7161E-10
  4.6716E-04  3.1869E-07  1.6135E-07  5.8161E-10
  4.7123E-04  3.2426E-07  1.6417E-07  5.9178E-10
  4.7533E-04  3.2993E-07  1.6704E-07  6.0213E-10
  4.7947E-04  3.3570E-07  1.6996E-07  6.1266E-10
  4.8364E-04  3.4157E-07  1.7294E-07  6.2337E-10
  4.8785E-04  3.4754E-07  1.7596E-07  6.3427E-10
  4.9210E-04  3.5361E-07  1.7904E-07  6.4536E-10
  4.9638E-04  3.5979E-07  1.8217E-07  6.5665E-10
  5.0070E-04  3.6608E-07  1.8535E-07  6.6813E-10
  5.0506E-04  3.7248E-07  1.8859E-07  6.7981E-10
  5.0945E-04  3.7899E-07  1.9189E-07  6.9169E-10
  5.1389E-04  3.8561E-07  1.9524E-07  7.0378E-10
  5.1836E-04  3.9235E-07  1.9866E-07  7.1608E-10
  5.2287E-04  3.9920E-07  2.0213E-07  7.2860E-10
  5.2742E-04  4.0618E-07  2.0566E-07  7.4133E-10
  5.3201E-04  4.1327E-07  2.0925E-07  7.5429E-10
  5.3663E-04  4.2049E-07  2.1291E-07  7.6747E-10
  5.4130E-04  4.2783E-07  2.1663E-07  7.8088E-10
  5.4601E-04  4.3531E-07  2.2042E-07  7.9452E-10
  5.5076E-04  4.4291E-07  2.2427E-07  8.0840E-10
  5.5555E-04  4.5064E-07  2.2819E-07  8.2253E-10
  5.6038E-04  4.5851E-07  2.3217E-07  8.3690E-10
  5.6526E-04  4.6652E-07  2.3623E-07  8.5152E-10
  5.7017E-04  4.7467E-07  2.4035E-07  8.6639E-10
  5.7513E-04  4.8295E-07  2.4455E-07  8.8152E-10
  5.8013E-04  4.9139E-07  2.4882E-07  8.9692E-10
  5.8518E-04  4.9997E-07  2.5317E-07  9.1259E-10
  5.9026E-04  5.0869E-07  2.5759E-07  9.2853E-10
  5.9540E-04  5.1757E-07  2.6209E-07  9.4474E-10
  6.0057E-04  5.2661E-07  2.6667E-07  9.6124E-10
  6.0579E-04  5.3580E-07  2.7133E-07  9.7802E-10
  6.1106E-04  5.4515E-07  2.7606E-07  9.9510E-10
  6.1637E-04  5.5467E-07  2.8088E-07  1.0125E-09
  6.2173E-04  5.6435E-07  2.8579E-07  1.0302E-09
  6.2713E-04  5.7419E-07  2.9078E-07  1.0481E-09
  6.3258E-04  5.8421E-07  2.9585E-07  1.0664E-09
  6.3808E-04  5.9441E-07  3.0102E-07  1.0851E-09
  6.4363E-04  6.0478E-07  3.0627E-07  1.1040E-09
  6.4922E-04  6.1533E-07  3.1162E-07  1.1233E-09
  6.5486E-04  6.2607E-07  3.1706E-07  1.1429E-09
  6.6055E-04  6.3699E-07  3.2259E-07  1.1628E-09
  6.6629E-04  6.4810E-07  3.2822E-07  1.1831E-09
  6.7208E-04  6.5941E-07  3.3395E-07  1.2038E-09
  6.7792E-04  6.7091E-07  3.3978E-07  1.2248E-09
  6.8381E-04  6.8261E-07  3.4571E-07  1.2461E-09
  6.8975E-04  6.9452E-07  3.5174E-07  1.2679E-09
  6.9574E-04  7.0663E-07  3.5788E-07  1.2900E-09
  7.0179E-04  7.1895E-07  3.6413E-07  1.3125E-09
  7.0788E-04  7.3149E-07  3.7048E-07  1.3354E-09
  7.1403E-04  7.4425E-07  3.7694E-07  1.3587E-09
  7.2023E-04  7.5723E-07  3.8352E-07  1.3824E-09
  7.2649E-04  7.7043E-07  3.9021E-07  1.4066E-09
  7.3280E-04  7.8386E-07  3.9702E-07  1.4311E-09
  7.3916E-04  7.9753E-07  4.0394E-07  1.4561E-09
  7.4558E-04  8.1144E-07  4.1099E-07  1.4815E-09
  7.5206E-04  8.2558E-07  4.1816E-07  1.5073E-09
  7.5859E-04  8.3997E-07  4.2545E-07  1.5336E-09
  7.6518E-04  8.5462E-07  4.3288E-07  1.5603E-09
  7.7182E-04  8.6951E-07  4.4043E-07  1.5876E-09
  7.7852E-04  8.8467E-07  4.4811E-07  1.6152E-09
  7.8528E-04  9.0009E-07  4.5592E-07  1.6434E-09
  7.9210E-04  9.1578E-07  4.6387E-07  1.6721E-09
  7.9898E-04  9.3174E-07  4.7196E-07  1.7012E-09
  8.0591E-04  9.4798E-07  4.8019E-07  1.7309E-09
  8.1291E-04  9.6450E-07  4.8857E-07  1.7611E-09
  8.1997E-04  9.8131E-07  4.9709E-07  1.7918E-09
  8.2708E-04  9.9841E-07  5.0575E-07  1.8230E-09
  8.3426E-04  1.0158E-06  5.1457E-07  1.8548E-09
  8.4150E-04  1.0335E-06  5.2354E-07  1.8872E-09
  8.4881E-04  1.0515E-06  5.3267E-07  1.9201E-09
  8.5618E-04  1.0698E-06  5.4196E-07  1.9535E-09
  8.6361E-04  1.0885E-06  5.5141E-07  1.9876E-09
  8.7110E-04  1.1074E-06  5.6102E-07  2.0222E-09
  8.7866E-04  1.1267E-06  5.7080E-07  2.0575E-09
  8.8629E-04  1.1464E-06  5.8075E-07  2.0933E-09
  8.9398E-04  1.1663E-06  5.9087E-07  2.1298E-09
  9.0174E-04  1.1866E-06  6.0117E-07  2.1670E-09
  9.0956E-04  1.2073E-06  6.1165E-07  2.2047E-09
  9.1745E-04  1.2283E-06  6.2231E-07  2.2432E-09
  9.2541E-04  1.2497E-06  6.3316E-07  2.2822E-09
  9.3344E-04  1.2715E-06  6.4419E-07  2.3220E-09
  9.4154E-04  1.2936E-06  6.5542E-07  2.3625E-09
  9.4971E-04  1.3162E-06  6.6684E-07  2.4037E-09
  9.5795E-04  1.3391E-06  6.7846E-07  2.4455E-09
  9.6626E-04  1.3624E-06  6.9029E-07  2.4882E-09
  9.7464E-04  1.3861E-06  7.0232E-07  2.5315E-09
  9.8310E-04  1.4103E-06  7.1455E-07  2.5756E-09
  9.9163E-04  1.4348E-06  7.2700E-07  2.6205E-09
  1.0002E-03  1.4598E-06  7.3967E-07  2.6662E-09
  1.0089E-03  1.4852E-06  7.5256E-07  2.7126E-09
  1.0177E-03  1.5111E-06  7.6567E-07  2.7599E-09
  1.0265E-03  1.5374E-06  7.7901E-07  2.8080E-09
  1.0354E-03  1.5642E-06  7.9258E-07  2.8569E-09
  1.0444E-03  1.5914E-06  8.0639E-07  2.9067E-09
  1.0534E-03  1.6191E-06  8.2044E-07  2.9573E-09
  1.0626E-03  1.6473E-06  8.3473E-07  3.0088E-09
  1.0718E-03  1.6759E-06  8.4928E-07  3.0612E-09
  1.0811E-03  1.7051E-06  8.6407E-07  3.1145E-09
  1.0904E-03  1.7348E-06  8.7912E-07  3.1688E-09
  1.0999E-03  1.7650E-06  8.9444E-07  3.2240E-09
  1.1094E-03  1.7957E-06  9.1002E-07  3.2801E-09
  1.1191E-03  1.8270E-06  9.2587E-07  3.3373E-09
  1.1288E-03  1.8587E-06  9.4199E-07  3.3954E-09
  1.1386E-03  1.8911E-06  9.5840E-07  3.4545E-09
  1.1484E-03  1.9240E-06  9.7509E-07  3.5147E-09
  1.1584E-03  1.9575E-06  9.9207E-07  3.5759E-09
  1.1684E-03  1.9915E-06  1.0094E-06  3.6382E-09
  1.1786E-03  2.0262E-06  1.0269E-06  3.7015E-09
  1.1888E-03  2.0614E-06  1.0448E-06  3.7660E-09
  1.1991E-03  2.0973E-06  1.0630E-06  3.8316E-09
  1.2095E-03  2.1338E-06  1.0815E-06  3.8983E-09
  1.2200E-03  2.1709E-06  1.1004E-06  3.9662E-09
  1.2305E-03  2.2087E-06  1.1195E-06  4.0352E-09
  1.2412E-03  2.2471E-06  1.1390E-06  4.1055E-09
  1.2520E-03  2.2862E-06  1.1588E-06  4.1770E-09
  1.2628E-03  2.3260E-06  1.1790E-06  4.2497E-09
  1.2738E-03  2.3664E-06  1.1995E-06  4.3237E-09
  1.2848E-03  2.4076E-06  1.2204E-06  4.3990E-09
  1.2959E-03  2.4495E-06  1.2417E-06  4.4756E-09
  1.3072E-03  2.4921E-06  1.2633E-06  4.5535E-09
  1.3185E-03  2.5354E-06  1.2853E-06  4.6328E-09
  1.3299E-03  2.5795E-06  1.3077E-06  4.7134E-09
  1.3415E-03  2.6244E-06  1.3304E-06  4.7955E-09
  1.3531E-03  2.6700E-06  1.3536E-06  4.8789E-09
  1.3648E-03  2.7165E-06  1.3772E-06  4.9639E-09
  1.3766E-03  2.7637E-06  1.4011E-06  5.0503E-09
  1.3886E-03  2.8118E-06  1.4255E-06  5.1382E-09
  1.4006E-03  2.8607E-06  1.4503E-06  5.2276E-09
  1.4127E-03  2.9104E-06  1.4756E-06  5.3186E-09
  1.4250E-03  2.9610E-06  1.5013E-06  5.4112E-09
  1.4373E-03  3.0125E-06  1.5274E-06  5.5054E-09
  1.4498E-03  3.0649E-06  1.5540E-06  5.6012E-09
  1.4624E-03  3.1182E-06  1.5810E-06  5.6987E-09
  1.4750E-03  3.1724E-06  1.6086E-06  5.7978E-09
  1.4878E-03  3.2275E-06  1.6366E-06  5.8987E-09
  1.5007E-03  3.2836E-06  1.6650E-06  6.0014E-09
  1.5137E-03  3.3407E-06  1.6940E-06  6.1058E-09
  1.5268E-03  3.3988E-06  1.7235E-06  6.2121E-09
  1.5400E-03  3.4579E-06  1.7535E-06  6.3202E-09
  1.5534E-03  3.5180E-06  1.7840E-06  6.4302E-09
  1.5668E-03  3.5792E-06  1.8151E-06  6.5421E-09
  1.5804E-03  3.6414E-06  1.8467E-06  6.6559E-09
  1.5941E-03  3.7047E-06  1.8788E-06  6.7717E-09
  1.6079E-03  3.7691E-06  1.9115E-06  6.8896E-09
  1.6219E-03  3.8346E-06  1.9448E-06  7.0094E-09
  1.6359E-03  3.9012E-06  1.9786E-06  7.1314E-09
  1.6501E-03  3.9690E-06  2.0130E-06  7.2555E-09
  1.6644E-03  4.0380E-06  2.0481E-06  7.3817E-09
  1.6788E-03  4.1082E-06  2.0837E-06  7.5102E-09
  1.6933E-03  4.1796E-06  2.1199E-06  7.6408E-09
  1.7080E-03  4.2522E-06  2.1568E-06  7.7738E-09
  1.7228E-03  4.3261E-06  2.1944E-06  7.9090E-09
  1.7377E-03  4.4013E-06  2.2325E-06  8.0466E-09
  1.7528E-03  4.4777E-06  2.2714E-06  8.1866E-09
  1.7680E-03  4.5555E-06  2.3109E-06  8.3290E-09
  1.7833E-03  4.6347E-06  2.3511E-06  8.4739E-09
  1.7987E-03  4.7152E-06  2.3920E-06  8.6213E-09
  1.8143E-03  4.7971E-06  2.4336E-06  8.7713E-09
  1.8300E-03  4.8805E-06  2.4760E-06  8.9239E-09
  1.8459E-03  4.9653E-06  2.5191E-06  9.0791E-09
  1.8618E-03  5.0515E-06  2.5629E-06  9.2370E-09
  1.8780E-03  5.1393E-06  2.6075E-06  9.3977E-09
  1.8942E-03  5.2286E-06  2.6528E-06  9.5612E-09
  1.9106E-03  5.3194E-06  2.6990E-06  9.7275E-09
  1.9272E-03  5.4118E-06  2.7459E-06  9.8967E-09
  1.9439E-03  5.5058E-06  2.7937E-06  1.0069E-08
  1.9607E-03  5.6014E-06  2.8423E-06  1.0244E-08
  1.9777E-03  5.6987E-06  2.8917E-06  1.0422E-08
  1.9948E-03  5.7977E-06  2.9420E-06  1.0603E-08
  2.0121E-03  5.8984E-06  2.9932E-06  1.0788E-08
  2.0295E-03  6.0009E-06  3.0453E-06  1.0975E-08
  2.0471E-03  6.1051E-06  3.0982E-06  1.1166E-08
  2.0648E-03  6.2111E-06  3.1521E-06  1.1360E-08
  2.0827E-03  6.3190E-06  3.2070E-06  1.1558E-08
  2.1007E-03  6.4287E-06  3.2627E-06  1.1759E-08
  2.1189E-03  6.5404E-06  3.3195E-06  1.1964E-08
  2.1373E-03  6.6539E-06  3.3772E-06  1.2172E-08
  2.1558E-03  6.7695E-06  3.4360E-06  1.2383E-08
  2.1745E-03  6.8870E-06  3.4957E-06  1.2599E-08
  2.1933E-03  7.0066E-06  3.5565E-06  1.2818E-08
  2.2123E-03  7.1283E-06  3.6184E-06  1.3041E-08
  2.2314E-03  7.2520E-06  3.6813E-06  1.3267E-08
  2.2507E-03  7.3779E-06  3.7453E-06  1.3498E-08
  2.2702E-03  7.5060E-06  3.8105E-06  1.3733E-08
  2.2899E-03  7.6364E-06  3.8768E-06  1.3971E-08
  2.3097E-03  7.7689E-06  3.9442E-06  1.4214E-08
  2.3297E-03  7.9038E-06  4.0128E-06  1.4462E-08
  2.3499E-03  8.0410E-06  4.0826E-06  1.4713E-08
  2.3702E-03  8.1806E-06  4.1536E-06  1.4969E-08
  2.3907E-03  8.3226E-06  4.2258E-06  1.5229E-08
  2.4114E-03  8.4671E-06  4.2993E-06  1.5494E-08
  2.4323E-03  8.6140E-06  4.3740E-06  1.5763E-08
  2.4534E-03  8.7636E-06  4.4501E-06  1.6037E-08
  2.4746E-03  8.9157E-06  4.5275E-06  1.6316E-08
  2.4960E-03  9.0704E-06  4.6062E-06  1.6600E-08
  2.5177E-03  9.2278E-06  4.6863E-06  1.6888E-08
  2.5394E-03  9.3880E-06  4.7678E-06  1.7182E-08
  2.5614E-03  9.5509E-06  4.8507E-06  1.7481E-08
  2.5836E-03  9.7167E-06  4.9350E-06  1.7784E-08
  2.6060E-03  9.8853E-06  5.0209E-06  1.8094E-08
  2.6285E-03  1.0057E-05  5.1082E-06  1.8408E-08
  2.6513E-03  1.0231E-05  5.1970E-06  1.8728E-08
  2.6742E-03  1.0409E-05  5.2873E-06  1.9054E-08
  2.6974E-03  1.0590E-05  5.3793E-06  1.9385E-08
  2.7207E-03  1.0773E-05  5.4728E-06  1.9722E-08
  2.7443E-03  1.0960E-05  5.5680E-06  2.0065E-08
  2.7680E-03  1.1150E-05  5.6648E-06  2.0413E-08
  2.7920E-03  1.1344E-05  5.7633E-06  2.0768E-08
  2.8162E-03  1.1541E-05  5.8635E-06  2.1129E-08
  2.8405E-03  1.1741E-05  5.9654E-06  2.1496E-08
  2.8651E-03  1.1945E-05  6.0691E-06  2.1870E-08
  2.8899E-03  1.2152E-05  6.1747E-06  2.2250E-08
  2.9149E-03  1.2363E-05  6.2820E-06  2.2637E-08
  2.9402E-03  1.2577E-05  6.3912E-06  2.3030E-08
  2.9656E-03  1.2795E-05  6.5023E-06  2.3430E-08
  2.9913E-03  1.3017E-05  6.6154E-06  2.3838E-08
  3.0172E-03  1.3243E-05  6.7304E-06  2.4252E-08
  3.0433E-03  1.3473E-05  6.8474E-06  2.4673E-08
  3.0696E-03  1.3706E-05  6.9664E-06  2.5102E-08
  3.0962E-03  1.3944E-05  7.0875E-06  2.5538E-08
  3.1230E-03  1.4186E-05  7.2108E-06  2.5982E-08
  3.1500E-03  1.4432E-05  7.3361E-06  2.6434E-08
  3.1773E-03  1.4682E-05  7.4636E-06  2.6893E-08
  3.2048E-03  1.4937E-05  7.5934E-06  2.7360E-08
  3.2325E-03  1.5196E-05  7.7254E-06  2.7836E-08
  3.2605E-03  1.5459E-05  7.8597E-06  2.8319E-08
  3.2887E-03  1.5727E-05  7.9963E-06  2.8811E-08
  3.3172E-03  1.6000E-05  8.1353E-06  2.9312E-08
  3.3459E-03  1.6278E-05  8.2767E-06  2.9821E-08
  3.3748E-03  1.6560E-05  8.4206E-06  3.0339E-08
  3.4040E-03  1.6847E-05  8.5670E-06  3.0867E-08
  3.4335E-03  1.7139E-05  8.7159E-06  3.1403E-08
  3.4632E-03  1.7436E-05  8.8674E-06  3.1948E-08
  3.4932E-03  1.7739E-05  9.0216E-06  3.2503E-08
  3.5234E-03  1.8046E-05  9.1784E-06  3.3068E-08
  3.5539E-03  1.8359E-05  9.3379E-06  3.3643E-08
  3.5847E-03  1.8677E-05  9.5002E-06  3.4227E-08
  3.6157E-03  1.9001E-05  9.6654E-06  3.4822E-08
  3.6470E-03  1.9330E-05  9.8334E-06  3.5427E-08
  3.6785E-03  1.9665E-05  1.0004E-05  3.6042E-08
  3.7104E-03  2.0006E-05  1.0178E-05  3.6668E-08
  3.7425E-03  2.0353E-05  1.0355E-05  3.7305E-08
  3.7748E-03  2.0706E-05  1.0535E-05  3.7953E-08
  3.8075E-03  2.1065E-05  1.0718E-05  3.8612E-08
  3.8405E-03  2.1430E-05  1.0904E-05  3.9283E-08
  3.8737E-03  2.1801E-05  1.1094E-05  3.9966E-08
  3.9072E-03  2.2179E-05  1.1287E-05  4.0660E-08
  3.9410E-03  2.2563E-05  1.1483E-05  4.1366E-08
  3.9751E-03  2.2954E-05  1.1683E-05  4.2084E-08
  4.0095E-03  2.3352E-05  1.1886E-05  4.2815E-08
  4.0442E-03  2.3757E-05  1.2092E-05  4.3559E-08
  4.0792E-03  2.4168E-05  1.2302E-05  4.4316E-08
  4.1145E-03  2.4587E-05  1.2516E-05  4.5085E-08
  4.1501E-03  2.5013E-05  1.2734E-05  4.5868E-08
  4.1860E-03  2.5446E-05  1.2955E-05  4.6665E-08
  4.2222E-03  2.5887E-05  1.3180E-05  4.7475E-08
  4.2588E-03  2.6336E-05  1.3409E-05  4.8300E-08
  4.2956E-03  2.6792E-05  1.3642E-05  4.9139E-08
  4.3328E-03  2.7256E-05  1.3879E-05  4.9992E-08
  4.3703E-03  2.7728E-05  1.4121E-05  5.0860E-08
  4.4081E-03  2.8208E-05  1.4366E-05  5.1743E-08
  4.4462E-03  2.8697E-05  1.4616E-05  5.2642E-08
  4.4847E-03  2.9194E-05  1.4870E-05  5.3556E-08
  4.5235E-03  2.9700E-05  1.5128E-05  5.4486E-08
  4.5626E-03  3.0214E-05  1.5391E-05  5.5432E-08
  4.6021E-03  3.0737E-05  1.5658E-05  5.6394E-08
  4.6419E-03  3.1270E-05  1.5931E-05  5.7373E-08
  4.6821E-03  3.1811E-05  1.6207E-05  5.8370E-08
  4.7226E-03  3.2362E-05  1.6489E-05  5.9383E-08
  4.7634E-03  3.2922E-05  1.6776E-05  6.0414E-08
  4.8046E-03  3.3492E-05  1.7067E-05  6.1463E-08
  4.8462E-03  3.4072E-05  1.7364E-05  6.2530E-08
  4.8881E-03  3.4662E-05  1.7665E-05  6.3615E-08
  4.9304E-03  3.5262E-05  1.7972E-05  6.4720E-08
  4.9731E-03  3.5873E-05  1.8285E-05  6.5843E-08
  5.0161E-03  3.6494E-05  1.8602E-05  6.6986E-08
  5.0595E-03  3.7126E-05  1.8926E-05  6.8149E-08
  5.1033E-03  3.7768E-05  1.9255E-05  6.9332E-08
  5.1474E-03  3.8422E-05  1.9589E-05  7.0536E-08
  5.1920E-03  3.9087E-05  1.9930E-05  7.1760E-08
  5.2369E-03  3.9764E-05  2.0276E-05  7.3005E-08
  5.2822E-03  4.0452E-05  2.0628E-05  7.4273E-08
  5.3279E-03  4.1152E-05  2.0987E-05  7.5562E-08
  5.3740E-03  4.1864E-05  2.1351E-05  7.6873E-08
  5.4204E-03  4.2589E-05  2.1722E-05  7.8207E-08
  5.4673E-03  4.3326E-05  2.2100E-05  7.9565E-08
  5.5146E-03  4.4075E-05  2.2484E-05  8.0945E-08
  5.5623E-03  4.4838E-05  2.2874E-05  8.2350E-08
  5.6105E-03  4.5614E-05  2.3272E-05  8.3779E-08
  5.6590E-03  4.6403E-05  2.3676E-05  8.5233E-08
  5.7079E-03  4.7206E-05  2.4088E-05  8.6712E-08
  5.7573E-03  4.8023E-05  2.4506E-05  8.8217E-08
  5.8071E-03  4.8853E-05  2.4932E-05  8.9747E-08
  5.8574E-03  4.9699E-05  2.5365E-05  9.1305E-08
  5.9080E-03  5.0558E-05  2.5806E-05  9.2889E-08
  5.9591E-03  5.1433E-05  2.6254E-05  9.4500E-08
  6.0107E-03  5.2323E-05  2.6711E-05  9.6140E-08
  6.0627E-03  5.3228E-05  2.7175E-05  9.7808E-08
  6.1151E-03  5.4148E-05  2.7647E-05  9.9505E-08
  6.1680E-03  5.5085E-05  2.8127E-05  1.0123E-07
  6.2214E-03  5.6037E-05  2.8616E-05  1.0299E-07
  6.2752E-03  5.7006E-05  2.9113E-05  1.0477E-07
  6.3295E-03  5.7992E-05  2.9619E-05  1.0659E-07
  6.3842E-03  5.8995E-05  3.0134E-05  1.0844E-07
  6.4395E-03  6.0015E-05  3.0657E-05  1.1032E-07
  6.4952E-03  6.1053E-05  3.1190E-05  1.1223E-07
  6.5513E-03  6.2108E-05  3.1732E-05  1.1418E-07
  6.6080E-03  6.3182E-05  3.2283E-05  1.1616E-07
  6.6652E-03  6.4274E-05  3.2844E-05  1.1818E-07
  6.7228E-03  6.5385E-05  3.3415E-05  1.2022E-07
  6.7810E-03  6.6516E-05  3.3995E-05  1.2231E-07
  6.8396E-03  6.7665E-05  3.4586E-05  1.2443E-07
  6.8988E-03  6.8835E-05  3.5187E-05  1.2659E-07
  6.9585E-03  7.0025E-05  3.5798E-05  1.2878E-07
  7.0186E-03  7.1235E-05  3.6420E-05  1.3102E-07
  7.0793E-03  7.2466E-05  3.7053E-05  1.3329E-07
  7.1406E-03  7.3718E-05  3.7696E-05  1.3560E-07
  7.2023E-03  7.4992E-05  3.8351E-05  1.3795E-07
  7.2646E-03  7.6288E-05  3.9018E-05  1.4034E-07
  7.3275E-03  7.7606E-05  3.9695E-05  1.4277E-07
  7.3909E-03  7.8947E-05  4.0385E-05  1.4525E-07
  7.4548E-03  8.0311E-05  4.1087E-05  1.4777E-07
  7.5193E-03  8.1698E-05  4.1800E-05  1.5033E-07
  7.5843E-03  8.3110E-05  4.2527E-05  1.5293E-07
  7.6499E-03  8.4545E-05  4.3266E-05  1.5558E-07
  7.7161E-03  8.6005E-05  4.4017E-05  1.5828E-07
  7.7828E-03  8.7491E-05  4.4782E-05  1.6102E-07
  7.8501E-03  8.9002E-05  4.5560E-05  1.6381E-07
  7.9180E-03  9.0539E-05  4.6351E-05  1.6665E-07
  7.9865E-03  9.2103E-05  4.7157E-05  1.6954E-07
  8.0556E-03  9.3693E-05  4.7976E-05  1.7248E-07
  8.1252E-03  9.5311E-05  4.8809E-05  1.7546E-07
  8.1955E-03  9.6957E-05  4.9657E-05  1.7850E-07
  8.2664E-03  9.8631E-05  5.0520E-05  1.8160E-07
  8.3379E-03  1.0033E-04  5.1398E-05  1.8474E-07
  8.4100E-03  1.0207E-04  5.2290E-05  1.8794E-07
  8.4828E-03  1.0383E-04  5.3199E-05  1.9120E-07
  8.5561E-03  1.0562E-04  5.4123E-05  1.9451E-07
  8.6301E-03  1.0744E-04  5.5063E-05  1.9788E-07
  8.7048E-03  1.0930E-04  5.6020E-05  2.0130E-07
  8.7800E-03  1.1118E-04  5.6993E-05  2.0479E-07
  8.8560E-03  1.1310E-04  5.7983E-05  2.0834E-07
  8.9326E-03  1.1505E-04  5.8990E-05  2.1194E-07
  9.0098E-03  1.1704E-04  6.0015E-05  2.1561E-07
  9.0878E-03  1.1906E-04  6.1058E-05  2.1935E-07
  9.1664E-03  1.2111E-04  6.2118E-05  2.2314E-07
  9.2456E-03  1.2320E-04  6.3197E-05  2.2701E-07
  9.3256E-03  1.2533E-04  6.4295E-05  2.3093E-07
  9.4062E-03  1.2749E-04  6.5412E-05  2.3493E-07
  9.4876E-03  1.2969E-04  6.6548E-05  2.3900E-07
  9.5697E-03  1.3192E-04  6.7704E-05  2.4313E-07
  9.6524E-03  1.3420E-04  6.8881E-05  2.4734E-07
  9.7359E-03  1.3651E-04  7.0077E-05  2.5162E-07
  9.8201E-03  1.3887E-04  7.1294E-05  2.5597E-07
  9.9050E-03  1.4126E-04  7.2533E-05  2.6040E-07
  9.9907E-03  1.4370E-04  7.3793E-05  2.6491E-07
  1.0077E-02  1.4618E-04  7.5075E-05  2.6949E-07
  1.0164E-02  1.4870E-04  7.6379E-05  2.7415E-07
  1.0252E-02  1.5126E-04  7.7706E-05  2.7889E-07
  1.0341E-02  1.5387E-04  7.9055E-05  2.8372E-07
  1.0430E-02  1.5652E-04  8.0429E-05  2.8862E-07
  1.0520E-02  1.5922E-04  8.1826E-05  2.9361E-07
  1.0611E-02  1.6196E-04  8.3247E-05  2.9869E-07
  1.0703E-02  1.6475E-04  8.4693E-05  3.0385E-07
  1.0796E-02  1.6759E-04  8.6164E-05  3.0911E-07
  1.0889E-02  1.7048E-04  8.7661E-05  3.1445E-07
  1.0983E-02  1.7341E-04  8.9184E-05  3.1988E-07
  1.1078E-02  1.7640E-04  9.0733E-05  3.2541E-07
  1.1174E-02  1.7944E-04  9.2309E-05  3.3103E-07
  1.1271E-02  1.8253E-04  9.3912E-05  3.3675E-07
  1.1368E-02  1.8568E-04  9.5544E-05  3.4257E-07
  1.1466E-02  1.8887E-04  9.7203E-05  3.4849E-07
  1.1566E-02  1.9213E-04  9.8892E-05  3.5451E-07
  1.1666E-02  1.9543E-04  1.0061E-04  3.6063E-07
  1.1767E-02  1.9880E-04  1.0236E-04  3.6686E-07
  1.1868E-02  2.0222E-04  1.0413E-04  3.7320E-07
  1.1971E-02  2.0570E-04  1.0594E-04  3.7964E-07
  1.2074E-02  2.0924E-04  1.0778E-04  3.8620E-07
  1.2179E-02  2.1285E-04  1.0966E-04  3.9286E-07
  1.2284E-02  2.1651E-04  1.1156E-04  3.9964E-07
  1.2390E-02  2.2023E-04  1.1350E-04  4.0654E-07
  1.2498E-02  2.2402E-04  1.1547E-04  4.1356E-07
  1.2606E-02  2.2788E-04  1.1748E-04  4.2069E-07
  1.2715E-02  2.3180E-04  1.1952E-04  4.2795E-07
  1.2825E-02  2.3579E-04  1.2159E-04  4.3533E-07
  1.2936E-02  2.3984E-04  1.2370E-04  4.4284E-07
  1.3047E-02  2.4397E-04  1.2585E-04  4.5048E-07
  1.3160E-02  2.4817E-04  1.2804E-04  4.5825E-07
  1.3274E-02  2.5243E-04  1.3026E-04  4.6615E-07
  1.3389E-02  2.5678E-04  1.3252E-04  4.7419E-07
  1.3505E-02  2.6119E-04  1.3483E-04  4.8236E-07
  1.3621E-02  2.6568E-04  1.3717E-04  4.9067E-07
  1.3739E-02  2.7025E-04  1.3955E-04  4.9913E-07
  1.3858E-02  2.7489E-04  1.4197E-04  5.0773E-07
  1.3978E-02  2.7962E-04  1.4444E-04  5.1648E-07
  1.4099E-02  2.8443E-04  1.4695E-04  5.2537E-07
  1.4221E-02  2.8931E-04  1.4950E-04  5.3442E-07
  1.4344E-02  2.9429E-04  1.5210E-04  5.4363E-07
  1.4468E-02  2.9934E-04  1.5474E-04  5.5299E-07
  1.4593E-02  3.0449E-04  1.5743E-04  5.6251E-07
  1.4719E-02  3.0972E-04  1.6016E-04  5.7219E-07
  1.4846E-02  3.1504E-04  1.6294E-04  5.8203E-07
  1.4975E-02  3.2045E-04  1.6577E-04  5.9205E-07
  1.5104E-02  3.2595E-04  1.6865E-04  6.0223E-07
  1.5235E-02  3.3155E-04  1.7158E-04  6.1259E-07
  1.5366E-02  3.3724E-04  1.7456E-04  6.2313E-07
  1.5499E-02  3.4303E-04  1.7759E-04  6.3384E-07
  1.5633E-02  3.4892E-04  1.8068E-04  6.4474E-07
  1.5769E-02  3.5491E-04  1.8382E-04  6.5582E-07
  1.5905E-02  3.6100E-04  1.8701E-04  6.6709E-07
  1.6042E-02  3.6720E-04  1.9026E-04  6.7856E-07
  1.6181E-02  3.7350E-04  1.9356E-04  6.9021E-07
  1.6321E-02  3.7991E-04  1.9692E-04  7.0207E-07
  1.6462E-02  3.8642E-04  2.0034E-04  7.1412E-07
  1.6605E-02  3.9305E-04  2.0382E-04  7.2638E-07
  1.6748E-02  3.9980E-04  2.0736E-04  7.3885E-07
  1.6893E-02  4.0665E-04  2.1096E-04  7.5153E-07
  1.7039E-02  4.1363E-04  2.1463E-04  7.6443E-07
  1.7186E-02  4.2072E-04  2.1835E-04  7.7754E-07
  1.7335E-02  4.2793E-04  2.2215E-04  7.9087E-07
  1.7485E-02  4.3527E-04  2.2600E-04  8.0443E-07
  1.7636E-02  4.4273E-04  2.2993E-04  8.1822E-07
  1.7789E-02  4.5032E-04  2.3392E-04  8.3225E-07
  1.7942E-02  4.5803E-04  2.3799E-04  8.4651E-07
  1.8098E-02  4.6588E-04  2.4212E-04  8.6101E-07
  1.8254E-02  4.7386E-04  2.4632E-04  8.7575E-07
  1.8412E-02  4.8198E-04  2.5060E-04  8.9075E-07
  1.8571E-02  4.9024E-04  2.5495E-04  9.0599E-07
  1.8732E-02  4.9864E-04  2.5938E-04  9.2150E-07
  1.8894E-02  5.0717E-04  2.6389E-04  9.3726E-07
  1.9057E-02  5.1586E-04  2.6847E-04  9.5329E-07
  1.9222E-02  5.2469E-04  2.7313E-04  9.6959E-07
  1.9388E-02  5.3367E-04  2.7787E-04  9.8617E-07
  1.9556E-02  5.4281E-04  2.8270E-04  1.0030E-06
  1.9725E-02  5.5210E-04  2.8761E-04  1.0202E-06
  1.9895E-02  5.6154E-04  2.9260E-04  1.0376E-06
  2.0067E-02  5.7115E-04  2.9769E-04  1.0553E-06
  2.0241E-02  5.8092E-04  3.0285E-04  1.0733E-06
  2.0416E-02  5.9086E-04  3.0811E-04  1.0916E-06
  2.0592E-02  6.0097E-04  3.1346E-04  1.1102E-06
  2.0771E-02  6.1124E-04  3.1891E-04  1.1292E-06
  2.0950E-02  6.2170E-04  3.2445E-04  1.1484E-06
  2.1131E-02  6.3232E-04  3.3008E-04  1.1680E-06
  2.1314E-02  6.4313E-04  3.3581E-04  1.1879E-06
  2.1498E-02  6.5413E-04  3.4164E-04  1.2081E-06
  2.1684E-02  6.6530E-04  3.4758E-04  1.2287E-06
  2.1872E-02  6.7667E-04  3.5361E-04  1.2496E-06
  2.2061E-02  6.8823E-04  3.5975E-04  1.2709E-06
  2.2252E-02  6.9999E-04  3.6600E-04  1.2925E-06
  2.2444E-02  7.1194E-04  3.7236E-04  1.3144E-06
  2.2638E-02  7.2410E-04  3.7882E-04  1.3368E-06
  2.2834E-02  7.3647E-04  3.8540E-04  1.3595E-06
  2.3031E-02  7.4904E-04  3.9209E-04  1.3826E-06
  2.3230E-02  7.6182E-04  3.9890E-04  1.4060E-06
  2.3431E-02  7.7483E-04  4.0583E-04  1.4299E-06
  2.3634E-02  7.8805E-04  4.1288E-04  1.4541E-06
  2.3838E-02  8.0149E-04  4.2004E-04  1.4788E-06
  2.4044E-02  8.1517E-04  4.2734E-04  1.5038E-06
  2.4252E-02  8.2907E-04  4.3476E-04  1.5293E-06
  2.4462E-02  8.4321E-04  4.4231E-04  1.5552E-06
  2.4673E-02  8.5759E-04  4.4999E-04  1.5815E-06
  2.4887E-02  8.7221E-04  4.5780E-04  1.6082E-06
  2.5102E-02  8.8708E-04  4.6575E-04  1.6354E-06
  2.5319E-02  9.0219E-04  4.7384E-04  1.6631E-06
  2.5538E-02  9.1757E-04  4.8207E-04  1.6911E-06
  2.5759E-02  9.3320E-04  4.9044E-04  1.7197E-06
  2.5982E-02  9.4910E-04  4.9895E-04  1.7487E-06
  2.6206E-02  9.6526E-04  5.0762E-04  1.7782E-06
  2.6433E-02  9.8170E-04  5.1643E-04  1.8081E-06
  2.6661E-02  9.9841E-04  5.2540E-04  1.8386E-06
  2.6892E-02  1.0154E-03  5.3452E-04  1.8695E-06
  2.7124E-02  1.0327E-03  5.4380E-04  1.9010E-06
  2.7359E-02  1.0503E-03  5.5324E-04  1.9330E-06
  2.7595E-02  1.0681E-03  5.6285E-04  1.9654E-06
  2.7834E-02  1.0863E-03  5.7262E-04  1.9984E-06
  2.8075E-02  1.1048E-03  5.8256E-04  2.0320E-06
  2.8317E-02  1.1236E-03  5.9268E-04  2.0661E-06
  2.8562E-02  1.1427E-03  6.0297E-04  2.1007E-06
  2.8809E-02  1.1621E-03  6.1344E-04  2.1359E-06
  2.9058E-02  1.1818E-03  6.2409E-04  2.1716E-06
  2.9310E-02  1.2019E-03  6.3492E-04  2.2080E-06
  2.9563E-02  1.2224E-03  6.4595E-04  2.2449E-06
  2.9819E-02  1.2431E-03  6.5716E-04  2.2824E-06
  3.0077E-02  1.2642E-03  6.6857E-04  2.3205E-06
  3.0337E-02  1.2857E-03  6.8018E-04  2.3592E-06
  3.0599E-02  1.3075E-03  6.9199E-04  2.3985E-06
  3.0863E-02  1.3297E-03  7.0400E-04  2.4385E-06
  3.1130E-02  1.3523E-03  7.1622E-04  2.4791E-06
  3.1399E-02  1.3752E-03  7.2866E-04  2.5203E-06
  3.1671E-02  1.3985E-03  7.4131E-04  2.5622E-06
  3.1945E-02  1.4223E-03  7.5418E-04  2.6047E-06
  3.2221E-02  1.4464E-03  7.6727E-04  2.6479E-06
  3.2500E-02  1.4709E-03  7.8059E-04  2.6918E-06
  3.2781E-02  1.4958E-03  7.9414E-04  2.7364E-06
  3.3064E-02  1.5212E-03  8.0793E-04  2.7817E-06
  3.3350E-02  1.5470E-03  8.2196E-04  2.8277E-06
  3.3638E-02  1.5732E-03  8.3623E-04  2.8744E-06
  3.3929E-02  1.5998E-03  8.5074E-04  2.9218E-06
  3.4223E-02  1.6269E-03  8.6551E-04  2.9700E-06
  3.4518E-02  1.6544E-03  8.8054E-04  3.0189E-06
  3.4817E-02  1.6824E-03  8.9582E-04  3.0686E-06
  3.5118E-02  1.7109E-03  9.1137E-04  3.1190E-06
  3.5422E-02  1.7398E-03  9.2719E-04  3.1702E-06
  3.5728E-02  1.7693E-03  9.4329E-04  3.2222E-06
  3.6037E-02  1.7992E-03  9.5966E-04  3.2750E-06
  3.6348E-02  1.8296E-03  9.7632E-04  3.3287E-06
  3.6663E-02  1.8605E-03  9.9327E-04  3.3831E-06
  3.6980E-02  1.8919E-03  1.0105E-03  3.4383E-06
  3.7299E-02  1.9239E-03  1.0281E-03  3.4944E-06
  3.7622E-02  1.9564E-03  1.0459E-03  3.5514E-06
  3.7947E-02  1.9894E-03  1.0641E-03  3.6091E-06
  3.8275E-02  2.0230E-03  1.0825E-03  3.6678E-06
  3.8606E-02  2.0572E-03  1.1013E-03  3.7273E-06
  3.8940E-02  2.0919E-03  1.1204E-03  3.7878E-06
  3.9277E-02  2.1272E-03  1.1399E-03  3.8491E-06
  3.9616E-02  2.1630E-03  1.1597E-03  3.9113E-06
  3.9959E-02  2.1995E-03  1.1798E-03  3.9745E-06
  4.0304E-02  2.2366E-03  1.2003E-03  4.0386E-06
  4.0653E-02  2.2743E-03  1.2211E-03  4.1036E-06
  4.1004E-02  2.3126E-03  1.2423E-03  4.1696E-06
  4.1359E-02  2.3515E-03  1.2639E-03  4.2365E-06
  4.1716E-02  2.3911E-03  1.2858E-03  4.3045E-06
  4.2077E-02  2.4314E-03  1.3081E-03  4.3734E-06
  4.2441E-02  2.4723E-03  1.3308E-03  4.4432E-06
  4.2808E-02  2.5139E-03  1.3539E-03  4.5141E-06
  4.3178E-02  2.5562E-03  1.3774E-03  4.5860E-06
  4.3551E-02  2.5992E-03  1.4013E-03  4.6590E-06
  4.3928E-02  2.6429E-03  1.4256E-03  4.7329E-06
  4.4308E-02  2.6873E-03  1.4504E-03  4.8079E-06
  4.4691E-02  2.7324E-03  1.4755E-03  4.8840E-06
  4.5077E-02  2.7783E-03  1.5011E-03  4.9611E-06
  4.5467E-02  2.8250E-03  1.5272E-03  5.0393E-06
  4.5860E-02  2.8724E-03  1.5537E-03  5.1185E-06
  4.6256E-02  2.9206E-03  1.5806E-03  5.1989E-06
  4.6656E-02  2.9696E-03  1.6081E-03  5.2804E-06
  4.7060E-02  3.0194E-03  1.6360E-03  5.3629E-06
  4.7467E-02  3.0701E-03  1.6644E-03  5.4466E-06
  4.7877E-02  3.1215E-03  1.6933E-03  5.5314E-06
  4.8291E-02  3.1738E-03  1.7226E-03  5.6173E-06
  4.8709E-02  3.2270E-03  1.7525E-03  5.7044E-06
  4.9130E-02  3.2810E-03  1.7829E-03  5.7926E-06
  4.9555E-02  3.3360E-03  1.8139E-03  5.8820E-06
  4.9983E-02  3.3918E-03  1.8453E-03  5.9725E-06
  5.0415E-02  3.4486E-03  1.8774E-03  6.0642E-06
  5.0851E-02  3.5063E-03  1.9099E-03  6.1571E-06
  5.1291E-02  3.5649E-03  1.9431E-03  6.2512E-06
  5.1734E-02  3.6245E-03  1.9768E-03  6.3464E-06
  5.2181E-02  3.6850E-03  2.0111E-03  6.4429E-06
  5.2633E-02  3.7466E-03  2.0460E-03  6.5405E-06
  5.3088E-02  3.8092E-03  2.0815E-03  6.6393E-06
  5.3547E-02  3.8728E-03  2.1176E-03  6.7394E-06
  5.4010E-02  3.9374E-03  2.1543E-03  6.8406E-06
  5.4477E-02  4.0031E-03  2.1917E-03  6.9431E-06
  5.4948E-02  4.0699E-03  2.2297E-03  7.0467E-06
  5.5423E-02  4.1377E-03  2.2684E-03  7.1516E-06
  5.5902E-02  4.2067E-03  2.3077E-03  7.2577E-06
  5.6385E-02  4.2768E-03  2.3477E-03  7.3650E-06
  5.6873E-02  4.3480E-03  2.3885E-03  7.4735E-06
  5.7364E-02  4.4204E-03  2.4299E-03  7.5833E-06
  5.7860E-02  4.4940E-03  2.4720E-03  7.6942E-06
  5.8361E-02  4.5687E-03  2.5149E-03  7.8064E-06
  5.8865E-02  4.6447E-03  2.5585E-03  7.9197E-06
  5.9374E-02  4.7219E-03  2.6029E-03  8.0343E-06
  5.9888E-02  4.8004E-03  2.6481E-03  8.1500E-06
  6.0405E-02  4.8801E-03  2.6940E-03  8.2670E-06
  6.0928E-02  4.9612E-03  2.7407E-03  8.3851E-06
  6.1454E-02  5.0435E-03  2.7882E-03  8.5044E-06
  6.1986E-02  5.1272E-03  2.8366E-03  8.6248E-06
  6.2522E-02  5.2123E-03  2.8858E-03  8.7464E-06
  6.3062E-02  5.2987E-03  2.9358E-03  8.8691E-06
  6.3607E-02  5.3865E-03  2.9867E-03  8.9930E-06
  6.4157E-02  5.4758E-03  3.0385E-03  9.1179E-06
  6.4712E-02  5.5665E-03  3.0912E-03  9.2440E-06
  6.5272E-02  5.6586E-03  3.1448E-03  9.3711E-06
  6.5836E-02  5.7523E-03  3.1993E-03  9.4992E-06
  6.6405E-02  5.8474E-03  3.2548E-03  9.6284E-06
  6.6979E-02  5.9441E-03  3.3112E-03  9.7586E-06
  6.7558E-02  6.0424E-03  3.3686E-03  9.8898E-06
  6.8142E-02  6.1422E-03  3.4270E-03  1.0022E-05
  6.8732E-02  6.2436E-03  3.4864E-03  1.0155E-05
  6.9326E-02  6.3467E-03  3.5469E-03  1.0289E-05
  6.9925E-02  6.4514E-03  3.6084E-03  1.0424E-05
  7.0530E-02  6.5578E-03  3.6709E-03  1.0560E-05
  7.1140E-02  6.6660E-03  3.7345E-03  1.0696E-05
  7.1755E-02  6.7758E-03  3.7993E-03  1.0833E-05
  7.2375E-02  6.8874E-03  3.8651E-03  1.0971E-05
  7.3001E-02  7.0008E-03  3.9321E-03  1.1110E-05
  7.3632E-02  7.1160E-03  4.0002E-03  1.1249E-05
  7.4269E-02  7.2331E-03  4.0696E-03  1.1389E-05
  7.4911E-02  7.3520E-03  4.1401E-03  1.1529E-05
  7.5558E-02  7.4729E-03  4.2118E-03  1.1670E-05
  7.6212E-02  7.5956E-03  4.2848E-03  1.1811E-05
  7.6871E-02  7.7204E-03  4.3591E-03  1.1952E-05
  7.7535E-02  7.8471E-03  4.4346E-03  1.2094E-05
  7.8206E-02  7.9758E-03  4.5114E-03  1.2236E-05
  7.8882E-02  8.1066E-03  4.5896E-03  1.2378E-05
  7.9564E-02  8.2394E-03  4.6691E-03  1.2520E-05
  8.0252E-02  8.3744E-03  4.7500E-03  1.2662E-05
  8.0945E-02  8.5115E-03  4.8323E-03  1.2804E-05
  8.1645E-02  8.6508E-03  4.9160E-03  1.2946E-05
  8.2351E-02  8.7924E-03  5.0012E-03  1.3087E-05
  8.3063E-02  8.9361E-03  5.0878E-03  1.3228E-05
  8.3781E-02  9.0821E-03  5.1759E-03  1.3369E-05
  8.4506E-02  9.2305E-03  5.2656E-03  1.3509E-05
  8.5236E-02  9.3812E-03  5.3568E-03  1.3648E-05
  8.5973E-02  9.5342E-03  5.4495E-03  1.3786E-05
  8.6717E-02  9.6897E-03  5.5439E-03  1.3923E-05
  8.7466E-02  9.8477E-03  5.6399E-03  1.4060E-05
  8.8223E-02  1.0008E-02  5.7376E-03  1.4195E-05
  8.8985E-02  1.0171E-02  5.8369E-03  1.4328E-05
  8.9755E-02  1.0337E-02  5.9380E-03  1.4460E-05
  9.0531E-02  1.0505E-02  6.0408E-03  1.4591E-05
  9.1313E-02  1.0675E-02  6.1453E-03  1.4719E-05
  9.2103E-02  1.0849E-02  6.2517E-03  1.4846E-05
  9.2899E-02  1.1025E-02  6.3599E-03  1.4970E-05
  9.3702E-02  1.1204E-02  6.4700E-03  1.5092E-05
  9.4512E-02  1.1386E-02  6.5820E-03  1.5211E-05
  9.5330E-02  1.1570E-02  6.6959E-03  1.5328E-05
  9.6154E-02  1.1758E-02  6.8118E-03  1.5441E-05
  9.6985E-02  1.1948E-02  6.9297E-03  1.5552E-05
  9.7824E-02  1.2142E-02  7.0496E-03  1.5659E-05
  9.8669E-02  1.2338E-02  7.1716E-03  1.5762E-05
  9.9523E-02  1.2537E-02  7.2957E-03  1.5861E-05
  1.0038E-01  1.2740E-02  7.4219E-03  1.5956E-05
  1.0125E-01  1.2946E-02  7.5503E-03  1.6046E-05
  1.0213E-01  1.3155E-02  7.6809E-03  1.6132E-05
  1.0301E-01  1.3367E-02  7.8137E-03  1.6213E-05
  1.0390E-01  1.3582E-02  7.9489E-03  1.6288E-05
  1.0480E-01  1.3801E-02  8.0864E-03  1.6358E-05
  1.0570E-01  1.4023E-02  8.2262E-03  1.6422E-05
  1.0662E-01  1.4249E-02  8.3684E-03  1.6479E-05
  1.0754E-01  1.4478E-02  8.5131E-03  1.6530E-05
  1.0847E-01  1.4710E-02  8.6603E-03  1.6574E-05
  1.0941E-01  1.4947E-02  8.8100E-03  1.6610E-05
  1.1035E-01  1.5187E-02  8.9623E-03  1.6638E-05
  1.1131E-01  1.5430E-02  9.1173E-03  1.6658E-05
  1.1227E-01  1.5677E-02  9.2748E-03  1.6670E-05
  1.1324E-01  1.5928E-02  9.4351E-03  1.6672E-05
  1.1422E-01  1.6183E-02  9.5982E-03  1.6665E-05
  1.1521E-01  1.6442E-02  9.7640E-03  1.6647E-05
  1.1620E-01  1.6705E-02  9.9328E-03  1.6619E-05
  1.1721E-01  1.6972E-02  1.0104E-02  1.6580E-05
  1.1822E-01  1.7243E-02  1.0279E-02  1.6529E-05
  1.1924E-01  1.7518E-02  1.0456E-02  1.6466E-05
  1.2027E-01  1.7797E-02  1.0637E-02  1.6390E-05
  1.2131E-01  1.8081E-02  1.0821E-02  1.6301E-05
  1.2236E-01  1.8369E-02  1.1008E-02  1.6198E-05
  1.2342E-01  1.8661E-02  1.1198E-02  1.6080E-05
  1.2449E-01  1.8957E-02  1.1391E-02  1.5946E-05
  1.2556E-01  1.9259E-02  1.1588E-02  1.5797E-05
  1.2665E-01  1.9564E-02  1.1788E-02  1.5631E-05
  1.2774E-01  1.9875E-02  1.1991E-02  1.5447E-05
  1.2885E-01  2.0190E-02  1.2198E-02  1.5245E-05
  1.2996E-01  2.0510E-02  1.2409E-02  1.5024E-05
  1.3109E-01  2.0834E-02  1.2623E-02  1.4783E-05
  1.3222E-01  2.1164E-02  1.2840E-02  1.4521E-05
  1.3336E-01  2.1498E-02  1.3062E-02  1.4237E-05
  1.3452E-01  2.1838E-02  1.3287E-02  1.3931E-05
  1.3568E-01  2.2182E-02  1.3516E-02  1.3602E-05
  1.3685E-01  2.2532E-02  1.3750E-02  1.3247E-05
  1.3804E-01  2.2887E-02  1.3987E-02  1.2868E-05
  1.3923E-01  2.3248E-02  1.4228E-02  1.2461E-05
  1.4043E-01  2.3613E-02  1.4473E-02  1.2027E-05
  1.4165E-01  2.3985E-02  1.4722E-02  1.1564E-05
  1.4287E-01  2.4361E-02  1.4976E-02  1.1071E-05
  1.4411E-01  2.4744E-02  1.5234E-02  1.0546E-05
  1.4535E-01  2.5132E-02  1.5497E-02  9.9893E-06
  1.4661E-01  2.5526E-02  1.5764E-02  9.3985E-06
  1.4788E-01  2.5925E-02  1.6035E-02  8.7726E-06
  1.4916E-01  2.6331E-02  1.6311E-02  8.1102E-06
  1.5044E-01  2.6743E-02  1.6592E-02  7.4098E-06
  1.5175E-01  2.7160E-02  1.6878E-02  6.6700E-06
  1.5306E-01  2.7584E-02  1.7168E-02  5.8892E-06
  1.5438E-01  2.8014E-02  1.7464E-02  5.0658E-06
  1.5572E-01  2.8451E-02  1.7764E-02  4.1983E-06
  1.5706E-01  2.8894E-02  1.8070E-02  3.2848E-06
  1.5842E-01  2.9343E-02  1.8381E-02  2.3238E-06
  1.5979E-01  2.9799E-02  1.8697E-02  1.3134E-06
  1.6117E-01  3.0262E-02  1.9018E-02  2.5168E-07
  1.6256E-01  3.0731E-02  1.9346E-02 -8.6318E-07
  1.6397E-01  3.1208E-02  1.9678E-02 -2.0332E-06
  1.6539E-01  3.1691E-02  2.0016E-02 -3.2603E-06
  1.6682E-01  3.2181E-02  2.0360E-02 -4.5468E-06
  1.6826E-01  3.2679E-02  2.0710E-02 -5.8947E-06
  1.6971E-01  3.3184E-02  2.1066E-02 -7.3062E-06
  1.7118E-01  3.3696E-02  2.1428E-02 -8.7838E-06
  1.7266E-01  3.4215E-02  2.1796E-02 -1.0330E-05
  1.7415E-01  3.4742E-02  2.2170E-02 -1.1946E-05
  1.7566E-01  3.5277E-02  2.2550E-02 -1.3636E-05
  1.7718E-01  3.5819E-02  2.2938E-02 -1.5402E-05
  1.7871E-01  3.6370E-02  2.3331E-02 -1.7247E-05
  1.8026E-01  3.6928E-02  2.3731E-02 -1.9172E-05
  1.8181E-01  3.7494E-02  2.4138E-02 -2.1182E-05
  1.8339E-01  3.8068E-02  2.4552E-02 -2.3279E-05
  1.8497E-01  3.8651E-02  2.4973E-02 -2.5467E-05
  1.8657E-01  3.9242E-02  2.5401E-02 -2.7747E-05
  1.8818E-01  3.9841E-02  2.5837E-02 -3.0124E-05
  1.8981E-01  4.0449E-02  2.6279E-02 -3.2600E-05
  1.9145E-01  4.1066E-02  2.6729E-02 -3.5180E-05
  1.9311E-01  4.1691E-02  2.7187E-02 -3.7866E-05
  1.9478E-01  4.2325E-02  2.7652E-02 -4.0662E-05
  1.9646E-01  4.2969E-02  2.8126E-02 -4.3571E-05
  1.9816E-01  4.3621E-02  2.8607E-02 -4.6599E-05
  1.9987E-01  4.4283E-02  2.9096E-02 -4.9747E-05
  2.0160E-01  4.4954E-02  2.9594E-02 -5.3021E-05
  2.0334E-01  4.5634E-02  3.0100E-02 -5.6425E-05
  2.0510E-01  4.6324E-02  3.0615E-02 -5.9962E-05
  2.0687E-01  4.7024E-02  3.1138E-02 -6.3637E-05
  2.0866E-01  4.7734E-02  3.1670E-02 -6.7454E-05
  2.1047E-01  4.8453E-02  3.2211E-02 -7.1418E-05
  2.1229E-01  4.9183E-02  3.2761E-02 -7.5534E-05
  2.1412E-01  4.9923E-02  3.3320E-02 -7.9806E-05
  2.1597E-01  5.0673E-02  3.3888E-02 -8.4239E-05
  2.1784E-01  5.1434E-02  3.4467E-02 -8.8838E-05
  2.1972E-01  5.2205E-02  3.5054E-02 -9.3609E-05
  2.2162E-01  5.2987E-02  3.5652E-02 -9.8556E-05
  2.2354E-01  5.3780E-02  3.6260E-02 -1.0369E-04
  2.2547E-01  5.4584E-02  3.6877E-02 -1.0900E-04
  2.2742E-01  5.5399E-02  3.7505E-02 -1.1451E-04
  2.2939E-01  5.6225E-02  3.8144E-02 -1.2022E-04
  2.3137E-01  5.7063E-02  3.8793E-02 -1.2613E-04
  2.3337E-01  5.7912E-02  3.9453E-02 -1.3226E-04
  2.3539E-01  5.8773E-02  4.0124E-02 -1.3860E-04
  2.3742E-01  5.9645E-02  4.0807E-02 -1.4516E-04
  2.3948E-01  6.0530E-02  4.1500E-02 -1.5196E-04
  2.4155E-01  6.1427E-02  4.2205E-02 -1.5899E-04
  2.4364E-01  6.2336E-02  4.2922E-02 -1.6626E-04
  2.4574E-01  6.3257E-02  4.3651E-02 -1.7379E-04
  2.4787E-01  6.4191E-02  4.4391E-02 -1.8157E-04
  2.5001E-01  6.5137E-02  4.5144E-02 -1.8961E-04
  2.5217E-01  6.6097E-02  4.5910E-02 -1.9793E-04
  2.5435E-01  6.7069E-02  4.6688E-02 -2.0652E-04
  2.5655E-01  6.8055E-02  4.7479E-02 -2.1540E-04
  2.5877E-01  6.9054E-02  4.8283E-02 -2.2458E-04
  2.6101E-01  7.0066E-02  4.9100E-02 -2.3405E-04
  2.6326E-01  7.1092E-02  4.9931E-02 -2.4384E-04
  2.6554E-01  7.2132E-02  5.0776E-02 -2.5394E-04
  2.6783E-01  7.3186E-02  5.1634E-02 -2.6437E-04
  2.7015E-01  7.4253E-02  5.2507E-02 -2.7513E-04
  2.7248E-01  7.5335E-02  5.3393E-02 -2.8624E-04
  2.7484E-01  7.6432E-02  5.4295E-02 -2.9769E-04
  2.7722E-01  7.7543E-02  5.5211E-02 -3.0950E-04
  2.7961E-01  7.8669E-02  5.6142E-02 -3.2168E-04
  2.8203E-01  7.9810E-02  5.7088E-02 -3.3424E-04
  2.8447E-01  8.0966E-02  5.8050E-02 -3.4718E-04
  2.8693E-01  8.2137E-02  5.9027E-02 -3.6052E-04
  2.8941E-01  8.3323E-02  6.0021E-02 -3.7426E-04
  2.9191E-01  8.4526E-02  6.1030E-02 -3.8841E-04
  2.9444E-01  8.5744E-02  6.2056E-02 -4.0299E-04
  2.9698E-01  8.6978E-02  6.3099E-02 -4.1799E-04
  2.9955E-01  8.8228E-02  6.4159E-02 -4.3343E-04
  3.0214E-01  8.9495E-02  6.5235E-02 -4.4932E-04
  3.0475E-01  9.0778E-02  6.6330E-02 -4.6567E-04
  3.0738E-01  9.2078E-02  6.7441E-02 -4.8249E-04
  3.1004E-01  9.3395E-02  6.8571E-02 -4.9978E-04
  3.1272E-01  9.4729E-02  6.9719E-02 -5.1755E-04
  3.1543E-01  9.6080E-02  7.0886E-02 -5.3582E-04
  3.1815E-01  9.7449E-02  7.2071E-02 -5.5460E-04
  3.2090E-01  9.8835E-02  7.3275E-02 -5.7388E-04
  3.2368E-01  1.0024E-01  7.4499E-02 -5.9369E-04
  3.2648E-01  1.0166E-01  7.5742E-02 -6.1402E-04
  3.2930E-01  1.0310E-01  7.7005E-02 -6.3489E-04
  3.3215E-01  1.0456E-01  7.8288E-02 -6.5630E-04
  3.3502E-01  1.0604E-01  7.9592E-02 -6.7827E-04
  3.3791E-01  1.0754E-01  8.0916E-02 -7.0080E-04
  3.4084E-01  1.0905E-01  8.2262E-02 -7.2390E-04
  3.4378E-01  1.1059E-01  8.3628E-02 -7.4757E-04
  3.4676E-01  1.1214E-01  8.5017E-02 -7.7183E-04
  3.4975E-01  1.1372E-01  8.6427E-02 -7.9667E-04
  3.5278E-01  1.1531E-01  8.7860E-02 -8.2211E-04
  3.5583E-01  1.1692E-01  8.9315E-02 -8.4815E-04
  3.5890E-01  1.1856E-01  9.0794E-02 -8.7479E-04
  3.6201E-01  1.2021E-01  9.2295E-02 -9.0205E-04
  3.6514E-01  1.2189E-01  9.3820E-02 -9.2991E-04
  3.6829E-01  1.2359E-01  9.5369E-02 -9.5840E-04
  3.7148E-01  1.2531E-01  9.6942E-02 -9.8750E-04
  3.7469E-01  1.2705E-01  9.8539E-02 -1.0172E-03
  3.7793E-01  1.2881E-01  1.0016E-01 -1.0476E-03
  3.8120E-01  1.3059E-01  1.0181E-01 -1.0786E-03
  3.8449E-01  1.3240E-01  1.0348E-01 -1.1101E-03
  3.8782E-01  1.3423E-01  1.0518E-01 -1.1424E-03
  3.9117E-01  1.3608E-01  1.0691E-01 -1.1752E-03
  3.9455E-01  1.3795E-01  1.0866E-01 -1.2086E-03
  3.9796E-01  1.3985E-01  1.1044E-01 -1.2427E-03
  4.0140E-01  1.4177E-01  1.1224E-01 -1.2774E-03
  4.0487E-01  1.4371E-01  1.1408E-01 -1.3126E-03
  4.0837E-01  1.4568E-01  1.1594E-01 -1.3485E-03
  4.1190E-01  1.4767E-01  1.1783E-01 -1.3849E-03
  4.1546E-01  1.4969E-01  1.1975E-01 -1.4219E-03
  4.1906E-01  1.5173E-01  1.2170E-01 -1.4595E-03
  4.2268E-01  1.5379E-01  1.2367E-01 -1.4975E-03
  4.2633E-01  1.5589E-01  1.2568E-01 -1.5361E-03
  4.3002E-01  1.5800E-01  1.2772E-01 -1.5752E-03
  4.3374E-01  1.6014E-01  1.2979E-01 -1.6148E-03
  4.3749E-01  1.6231E-01  1.3189E-01 -1.6549E-03
  4.4127E-01  1.6451E-01  1.3402E-01 -1.6954E-03
  4.4508E-01  1.6673E-01  1.3618E-01 -1.7363E-03
  4.4893E-01  1.6897E-01  1.3837E-01 -1.7775E-03
  4.5281E-01  1.7125E-01  1.4060E-01 -1.8191E-03
  4.5673E-01  1.7355E-01  1.4286E-01 -1.8611E-03
  4.6068E-01  1.7588E-01  1.4515E-01 -1.9032E-03
  4.6466E-01  1.7824E-01  1.4748E-01 -1.9457E-03
  4.6868E-01  1.8062E-01  1.4984E-01 -1.9883E-03
  4.7273E-01  1.8303E-01  1.5224E-01 -2.0310E-03
  4.7682E-01  1.8548E-01  1.5467E-01 -2.0739E-03
  4.8094E-01  1.8795E-01  1.5713E-01 -2.1167E-03
  4.8510E-01  1.9045E-01  1.5963E-01 -2.1596E-03
  4.8929E-01  1.9298E-01  1.6217E-01 -2.2024E-03
  4.9352E-01  1.9554E-01  1.6475E-01 -2.2450E-03
  4.9779E-01  1.9813E-01  1.6736E-01 -2.2874E-03
  5.0209E-01  2.0075E-01  1.7000E-01 -2.3295E-03
  5.0643E-01  2.0340E-01  1.7269E-01 -2.3713E-03
  5.1081E-01  2.0608E-01  1.7541E-01 -2.4126E-03
  5.1523E-01  2.0879E-01  1.7818E-01 -2.4534E-03
  5.1968E-01  2.1154E-01  1.8098E-01 -2.4936E-03
  5.2417E-01  2.1432E-01  1.8382E-01 -2.5330E-03
  5.2871E-01  2.1713E-01  1.8670E-01 -2.5717E-03
  5.3328E-01  2.1997E-01  1.8962E-01 -2.6094E-03
  5.3789E-01  2.2284E-01  1.9258E-01 -2.6461E-03
  5.4254E-01  2.2575E-01  1.9558E-01 -2.6817E-03
  5.4723E-01  2.2869E-01  1.9862E-01 -2.7160E-03
  5.5196E-01  2.3167E-01  2.0171E-01 -2.7490E-03
  5.5673E-01  2.3468E-01  2.0483E-01 -2.7804E-03
  5.6154E-01  2.3772E-01  2.0800E-01 -2.8101E-03
  5.6640E-01  2.4080E-01  2.1121E-01 -2.8381E-03
  5.7130E-01  2.4392E-01  2.1447E-01 -2.8642E-03
  5.7624E-01  2.4707E-01  2.1777E-01 -2.8881E-03
  5.8122E-01  2.5025E-01  2.2111E-01 -2.9098E-03
  5.8624E-01  2.5348E-01  2.2449E-01 -2.9291E-03
  5.9131E-01  2.5674E-01  2.2793E-01 -2.9458E-03
  5.9642E-01  2.6003E-01  2.3140E-01 -2.9598E-03
  6.0158E-01  2.6337E-01  2.3492E-01 -2.9708E-03
  6.0678E-01  2.6674E-01  2.3849E-01 -2.9787E-03
  6.1203E-01  2.7015E-01  2.4210E-01 -2.9833E-03
  6.1732E-01  2.7359E-01  2.4576E-01 -2.9844E-03
  6.2265E-01  2.7708E-01  2.4947E-01 -2.9818E-03
  6.2804E-01  2.8061E-01  2.5323E-01 -2.9752E-03
  6.3347E-01  2.8417E-01  2.5703E-01 -2.9646E-03
  6.3894E-01  2.8778E-01  2.6088E-01 -2.9496E-03
  6.4447E-01  2.9142E-01  2.6477E-01 -2.9300E-03
  6.5004E-01  2.9511E-01  2.6872E-01 -2.9056E-03
  6.5566E-01  2.9884E-01  2.7272E-01 -2.8763E-03
  6.6133E-01  3.0260E-01  2.7676E-01 -2.8416E-03
  6.6705E-01  3.0641E-01  2.8085E-01 -2.8015E-03
  6.7281E-01  3.1027E-01  2.8500E-01 -2.7557E-03
  6.7863E-01  3.1416E-01  2.8919E-01 -2.7040E-03
  6.8450E-01  3.1810E-01  2.9343E-01 -2.6460E-03
  6.9041E-01  3.2208E-01  2.9773E-01 -2.5817E-03
  6.9638E-01  3.2611E-01  3.0207E-01 -2.5106E-03
  7.0240E-01  3.3018E-01  3.0647E-01 -2.4327E-03
  7.0848E-01  3.3429E-01  3.1092E-01 -2.3476E-03
  7.1460E-01  3.3845E-01  3.1542E-01 -2.2551E-03
  7.2078E-01  3.4265E-01  3.1997E-01 -2.1550E-03
  7.2701E-01  3.4690E-01  3.2457E-01 -2.0471E-03
  7.3330E-01  3.5120E-01  3.2923E-01 -1.9312E-03
  7.3964E-01  3.5554E-01  3.3394E-01 -1.8070E-03
  7.4603E-01  3.5993E-01  3.3870E-01 -1.6743E-03
  7.5248E-01  3.6437E-01  3.4351E-01 -1.5330E-03
  7.5899E-01  3.6885E-01  3.4838E-01 -1.3828E-03
  7.6555E-01  3.7339E-01  3.5330E-01 -1.2237E-03
  7.7217E-01  3.7797E-01  3.5827E-01 -1.0553E-03
  7.7884E-01  3.8260E-01  3.6330E-01 -8.7766E-04
  7.8558E-01  3.8728E-01  3.6838E-01 -6.9057E-04
  7.9237E-01  3.9201E-01  3.7351E-01 -4.9394E-04
  7.9922E-01  3.9679E-01  3.7870E-01 -2.8769E-04
  8.0613E-01  4.0162E-01  3.8395E-01 -7.1759E-05
  8.1310E-01  4.0651E-01  3.8924E-01  1.5390E-04
  8.2013E-01  4.1144E-01  3.9460E-01  3.8929E-04
  8.2722E-01  4.1643E-01  4.0000E-01  6.3439E-04
  8.3437E-01  4.2147E-01  4.0546E-01  8.8915E-04
  8.4158E-01  4.2656E-01  4.1098E-01  1.1535E-03
  8.4886E-01  4.3171E-01  4.1655E-01  1.4273E-03
  8.5620E-01  4.3691E-01  4.2217E-01  1.7104E-03
  8.6360E-01  4.4216E-01  4.2785E-01  2.0026E-03
  8.7107E-01  4.4747E-01  4.3359E-01  2.3037E-03
  8.7860E-01  4.5283E-01  4.3938E-01  2.6133E-03
  8.8619E-01  4.5825E-01  4.4522E-01  2.9312E-03
  8.9386E-01  4.6373E-01  4.5112E-01  3.2569E-03
  9.0158E-01  4.6926E-01  4.5708E-01  3.5901E-03
  9.0938E-01  4.7485E-01  4.6309E-01  3.9302E-03
  9.1724E-01  4.8050E-01  4.6915E-01  4.2766E-03
  9.2517E-01  4.8620E-01  4.7527E-01  4.6289E-03
  9.3317E-01  4.9197E-01  4.8145E-01  4.9863E-03
  9.4124E-01  4.9779E-01  4.8768E-01  5.3480E-03
  9.4937E-01  5.0367E-01  4.9396E-01  5.7133E-03
  9.5758E-01  5.0961E-01  5.0031E-01  6.0814E-03
  9.6586E-01  5.1561E-01  5.0670E-01  6.4512E-03
  9.7421E-01  5.2167E-01  5.1315E-01  6.8219E-03
  9.8263E-01  5.2779E-01  5.1966E-01  7.1923E-03
  9.9113E-01  5.3398E-01  5.2622E-01  7.5614E-03
  9.9970E-01  5.4022E-01  5.3284E-01  7.9278E-03
  1.0083E+00  5.4653E-01  5.3952E-01  8.2904E-03
  1.0171E+00  5.5290E-01  5.4624E-01  8.6478E-03
  1.0259E+00  5.5934E-01  5.5303E-01  8.9987E-03
  1.0347E+00  5.6583E-01  5.5987E-01  9.3415E-03
  1.0437E+00  5.7239E-01  5.6676E-01  9.6747E-03
  1.0527E+00  5.7902E-01  5.7372E-01  9.9968E-03
  1.0618E+00  5.8571E-01  5.8072E-01  1.0306E-02
  1.0710E+00  5.9246E-01  5.8779E-01  1.0601E-02
  1.0802E+00  5.9929E-01  5.9491E-01  1.0880E-02
  1.0896E+00  6.0617E-01  6.0208E-01  1.1141E-02
  1.0990E+00  6.1313E-01  6.0932E-01  1.1382E-02
  1.1085E+00  6.2015E-01  6.1661E-01  1.1602E-02
  1.1181E+00  6.2723E-01  6.2395E-01  1.1799E-02
  1.1277E+00  6.3439E-01  6.3136E-01  1.1970E-02
  1.1375E+00  6.4161E-01  6.3882E-01  1.2115E-02
  1.1473E+00  6.4890E-01  6.4633E-01  1.2232E-02
  1.1572E+00  6.5626E-01  6.5391E-01  1.2318E-02
  1.1672E+00  6.6369E-01  6.6155E-01  1.2373E-02
  1.1773E+00  6.7119E-01  6.6924E-01  1.2394E-02
  1.1875E+00  6.7876E-01  6.7699E-01  1.2381E-02
  1.1978E+00  6.8640E-01  6.8480E-01  1.2333E-02
  1.2081E+00  6.9411E-01  6.9267E-01  1.2247E-02
  1.2186E+00  7.0189E-01  7.0061E-01  1.2123E-02
  1.2291E+00  7.0974E-01  7.0860E-01  1.1961E-02
  1.2397E+00  7.1767E-01  7.1665E-01  1.1760E-02
  1.2505E+00  7.2566E-01  7.2477E-01  1.1520E-02
  1.2613E+00  7.3373E-01  7.3295E-01  1.1241E-02
  1.2722E+00  7.4187E-01  7.4119E-01  1.0923E-02
  1.2832E+00  7.5008E-01  7.4949E-01  1.0567E-02
  1.2943E+00  7.5836E-01  7.5786E-01  1.0175E-02
  1.3055E+00  7.6672E-01  7.6629E-01  9.7470E-03
  1.3167E+00  7.7515E-01  7.7479E-01  9.2863E-03
  1.3281E+00  7.8366E-01  7.8336E-01  8.7951E-03
  1.3396E+00  7.9224E-01  7.9199E-01  8.2762E-03
  1.3512E+00  8.0089E-01  8.0069E-01  7.7333E-03
  1.3629E+00  8.0962E-01  8.0945E-01  7.1701E-03
  1.3747E+00  8.1842E-01  8.1829E-01  6.5914E-03
  1.3865E+00  8.2730E-01  8.2720E-01  6.0020E-03
  1.3985E+00  8.3625E-01  8.3617E-01  5.4076E-03
  1.4106E+00  8.4528E-01  8.4522E-01  4.8140E-03
  1.4228E+00  8.5438E-01  8.5434E-01  4.2276E-03
  1.4351E+00  8.6356E-01  8.6353E-01  3.6552E-03
  1.4475E+00  8.7281E-01  8.7279E-01  3.1035E-03
  1.4600E+00  8.8214E-01  8.8213E-01  2.5797E-03
  1.4727E+00  8.9155E-01  8.9154E-01  2.0907E-03
  1.4854E+00  9.0103E-01  9.0102E-01  1.6432E-03
  1.4982E+00  9.1058E-01  9.1058E-01  1.2432E-03
  1.5112E+00  9.2021E-01  9.2021E-01  8.9615E-04
  1.5243E+00  9.2992E-01  9.2992E-01  6.0604E-04
  1.5374E+00  9.3971E-01  9.3970E-01  3.7528E-04
  1.5507E+00  9.4956E-01  9.4956E-01  2.0405E-04
  1.5641E+00  9.5950E-01  9.5950E-01  8.9631E-05
  1.5777E+00  9.6951E-01  9.6951E-01  2.5673E-05
  1.5913E+00  9.7960E-01  9.7960E-01  1.2825E-06
  1.6051E+00  9.8976E-01  9.8976E-01  5.9913E-11
  1.6189E+00  1.0000E+00  1.0000E+00  5.9501E-11
  1.6329E+00  1.0103E+00  1.0103E+00  5.8992E-11
  1.6470E+00  1.0207E+00  1.0207E+00  5.8667E-11
  1.6613E+00  1.0312E+00  1.0312E+00  5.8672E-11
  1.6756E+00  1.0417E+00  1.0417E+00  5.7885E-11
  1.6901E+00  1.0523E+00  1.0523E+00  5.7720E-11
  1.7047E+00  1.0630E+00  1.0630E+00  5.6754E-11
  1.7195E+00  1.0738E+00  1.0738E+00  5.6216E-11
  1.7344E+00  1.0846E+00  1.0846E+00  5.5931E-11
  1.7493E+00  1.0955E+00  1.0955E+00  5.5074E-11
  1.7645E+00  1.1065E+00  1.1065E+00  5.4398E-11
  1.7797E+00  1.1176E+00  1.1176E+00  5.3800E-11
  1.7951E+00  1.1287E+00  1.1287E+00  5.2769E-11
  1.8106E+00  1.1399E+00  1.1399E+00  5.2785E-11
  1.8263E+00  1.1512E+00  1.1512E+00  5.1314E-11
  1.8421E+00  1.1625E+00  1.1625E+00  4.9461E-11
  1.8580E+00  1.1739E+00  1.1739E+00  4.9815E-11
  1.8741E+00  1.1854E+00  1.1854E+00  4.8486E-11
  1.8903E+00  1.1970E+00  1.1970E+00  4.7427E-11
  1.9066E+00  1.2086E+00  1.2086E+00  4.5730E-11
  1.9231E+00  1.2203E+00  1.2203E+00  4.5550E-11
  1.9397E+00  1.2321E+00  1.2321E+00  4.3409E-11
  1.9565E+00  1.2439E+00  1.2439E+00  4.2771E-11
  1.9734E+00  1.2558E+00  1.2558E+00  4.1452E-11
  1.9905E+00  1.2678E+00  1.2678E+00  4.0343E-11
  2.0077E+00  1.2798E+00  1.2798E+00  3.8789E-11
  2.0250E+00  1.2919E+00  1.2919E+00  3.7993E-11
  2.0425E+00  1.3041E+00  1.3041E+00  3.6098E-11
  2.0602E+00  1.3163E+00  1.3163E+00  3.5924E-11
  2.0780E+00  1.3286E+00  1.3286E+00  3.3882E-11
  2.0960E+00  1.3410E+00  1.3410E+00  3.2225E-11
  2.1141E+00  1.3534E+00  1.3534E+00  3.1435E-11
  2.1324E+00  1.3658E+00  1.3658E+00  2.9673E-11
  2.1508E+00  1.3784E+00  1.3784E+00  2.8374E-11
  2.1694E+00  1.3910E+00  1.3910E+00  2.7280E-11
  2.1882E+00  1.4036E+00  1.4036E+00  2.5571E-11
  2.2071E+00  1.4163E+00  1.4163E+00  2.4389E-11
  2.2262E+00  1.4291E+00  1.4291E+00  2.2593E-11
  2.2454E+00  1.4419E+00  1.4419E+00  2.1954E-11
  2.2648E+00  1.4548E+00  1.4548E+00  1.9674E-11
  2.2844E+00  1.4677E+00  1.4677E+00  1.9151E-11
  2.3041E+00  1.4807E+00  1.4807E+00  1.7232E-11
  2.3241E+00  1.4937E+00  1.4937E+00  1.5826E-11
  2.3442E+00  1.5068E+00  1.5068E+00  1.4586E-11
  2.3644E+00  1.5199E+00  1.5199E+00  1.3092E-11
  2.3849E+00  1.5331E+00  1.5331E+00  1.2027E-11
  2.4055E+00  1.5463E+00  1.5463E+00  1.0404E-11
  2.4263E+00  1.5596E+00  1.5596E+00  9.3334E-12
  2.4473E+00  1.5729E+00  1.5729E+00  7.7203E-12
  2.4684E+00  1.5862E+00  1.5862E+00  6.7452E-12
