 # l=           0 basis function with energy   -0.392628423050721     
  0.0000E+00  0.0000E+00  0.0000E+00  0.0000E+00
  2.8818E-08  4.1617E-08  3.8370E-09  1.7612E-06
  5.7886E-08  8.3416E-08  7.7072E-09  3.5377E-06
  8.7205E-08  1.2558E-07  1.1611E-08  5.3295E-06
  1.1678E-07  1.6810E-07  1.5548E-08  7.1368E-06
  1.4661E-07  2.1099E-07  1.9520E-08  8.9598E-06
  1.7669E-07  2.5425E-07  2.3526E-08  1.0798E-05
  2.0704E-07  2.9789E-07  2.7566E-08  1.2653E-05
  2.3765E-07  3.4190E-07  3.1641E-08  1.4524E-05
  2.6852E-07  3.8630E-07  3.5752E-08  1.6410E-05
  2.9966E-07  4.3108E-07  3.9898E-08  1.8314E-05
  3.3107E-07  4.7624E-07  4.4080E-08  2.0233E-05
  3.6275E-07  5.2180E-07  4.8298E-08  2.2169E-05
  3.9470E-07  5.6775E-07  5.2553E-08  2.4122E-05
  4.2693E-07  6.1409E-07  5.6844E-08  2.6092E-05
  4.5944E-07  6.6084E-07  6.1173E-08  2.8079E-05
  4.9223E-07  7.0799E-07  6.5538E-08  3.0083E-05
  5.2531E-07  7.5555E-07  6.9942E-08  3.2104E-05
  5.5867E-07  8.0352E-07  7.4384E-08  3.4143E-05
  5.9232E-07  8.5191E-07  7.8864E-08  3.6199E-05
  6.2625E-07  9.0071E-07  8.3383E-08  3.8274E-05
  6.6049E-07  9.4993E-07  8.7941E-08  4.0366E-05
  6.9502E-07  9.9958E-07  9.2538E-08  4.2476E-05
  7.2984E-07  1.0497E-06  9.7175E-08  4.4604E-05
  7.6497E-07  1.1002E-06  1.0185E-07  4.6751E-05
  8.0040E-07  1.1511E-06  1.0657E-07  4.8917E-05
  8.3614E-07  1.2025E-06  1.1133E-07  5.1101E-05
  8.7219E-07  1.2544E-06  1.1613E-07  5.3304E-05
  9.0855E-07  1.3066E-06  1.2097E-07  5.5526E-05
  9.4522E-07  1.3594E-06  1.2585E-07  5.7767E-05
  9.8221E-07  1.4126E-06  1.3078E-07  6.0028E-05
  1.0195E-06  1.4662E-06  1.3574E-07  6.2308E-05
  1.0572E-06  1.5203E-06  1.4075E-07  6.4608E-05
  1.0951E-06  1.5749E-06  1.4581E-07  6.6928E-05
  1.1334E-06  1.6300E-06  1.5091E-07  6.9268E-05
  1.1720E-06  1.6855E-06  1.5605E-07  7.1628E-05
  1.2110E-06  1.7415E-06  1.6123E-07  7.4008E-05
  1.2503E-06  1.7980E-06  1.6647E-07  7.6409E-05
  1.2899E-06  1.8550E-06  1.7174E-07  7.8831E-05
  1.3299E-06  1.9125E-06  1.7706E-07  8.1274E-05
  1.3702E-06  1.9704E-06  1.8243E-07  8.3738E-05
  1.4108E-06  2.0289E-06  1.8785E-07  8.6223E-05
  1.4518E-06  2.0879E-06  1.9331E-07  8.8730E-05
  1.4932E-06  2.1474E-06  1.9881E-07  9.1258E-05
  1.5349E-06  2.2074E-06  2.0437E-07  9.3808E-05
  1.5770E-06  2.2679E-06  2.0997E-07  9.6380E-05
  1.6195E-06  2.3289E-06  2.1563E-07  9.8975E-05
  1.6623E-06  2.3905E-06  2.2133E-07  1.0159E-04
  1.7055E-06  2.4526E-06  2.2708E-07  1.0423E-04
  1.7491E-06  2.5153E-06  2.3288E-07  1.0689E-04
  1.7930E-06  2.5784E-06  2.3873E-07  1.0958E-04
  1.8373E-06  2.6422E-06  2.4463E-07  1.1229E-04
  1.8820E-06  2.7064E-06  2.5058E-07  1.1502E-04
  1.9271E-06  2.7713E-06  2.5659E-07  1.1778E-04
  1.9726E-06  2.8367E-06  2.6264E-07  1.2055E-04
  2.0185E-06  2.9026E-06  2.6875E-07  1.2336E-04
  2.0647E-06  2.9692E-06  2.7491E-07  1.2619E-04
  2.1114E-06  3.0363E-06  2.8112E-07  1.2904E-04
  2.1585E-06  3.1040E-06  2.8739E-07  1.3192E-04
  2.2060E-06  3.1722E-06  2.9371E-07  1.3482E-04
  2.2538E-06  3.2411E-06  3.0009E-07  1.3774E-04
  2.3021E-06  3.3106E-06  3.0652E-07  1.4070E-04
  2.3509E-06  3.3806E-06  3.1301E-07  1.4367E-04
  2.4000E-06  3.4513E-06  3.1955E-07  1.4668E-04
  2.4496E-06  3.5226E-06  3.2615E-07  1.4971E-04
  2.4996E-06  3.5945E-06  3.3281E-07  1.5276E-04
  2.5500E-06  3.6670E-06  3.3952E-07  1.5584E-04
  2.6009E-06  3.7401E-06  3.4629E-07  1.5895E-04
  2.6522E-06  3.8139E-06  3.5312E-07  1.6209E-04
  2.7039E-06  3.8883E-06  3.6001E-07  1.6525E-04
  2.7561E-06  3.9633E-06  3.6696E-07  1.6844E-04
  2.8088E-06  4.0391E-06  3.7397E-07  1.7166E-04
  2.8619E-06  4.1154E-06  3.8104E-07  1.7490E-04
  2.9154E-06  4.1924E-06  3.8817E-07  1.7818E-04
  2.9694E-06  4.2701E-06  3.9537E-07  1.8148E-04
  3.0239E-06  4.3485E-06  4.0262E-07  1.8481E-04
  3.0789E-06  4.4275E-06  4.0994E-07  1.8817E-04
  3.1343E-06  4.5072E-06  4.1732E-07  1.9155E-04
  3.1903E-06  4.5876E-06  4.2477E-07  1.9497E-04
  3.2467E-06  4.6687E-06  4.3228E-07  1.9842E-04
  3.3035E-06  4.7505E-06  4.3985E-07  2.0190E-04
  3.3609E-06  4.8330E-06  4.4749E-07  2.0540E-04
  3.4188E-06  4.9162E-06  4.5520E-07  2.0894E-04
  3.4772E-06  5.0002E-06  4.6297E-07  2.1251E-04
  3.5361E-06  5.0848E-06  4.7081E-07  2.1611E-04
  3.5954E-06  5.1702E-06  4.7872E-07  2.1974E-04
  3.6553E-06  5.2564E-06  4.8669E-07  2.2340E-04
  3.7158E-06  5.3433E-06  4.9474E-07  2.2709E-04
  3.7767E-06  5.4309E-06  5.0285E-07  2.3081E-04
  3.8382E-06  5.5193E-06  5.1104E-07  2.3457E-04
  3.9002E-06  5.6084E-06  5.1929E-07  2.3836E-04
  3.9627E-06  5.6984E-06  5.2762E-07  2.4218E-04
  4.0258E-06  5.7891E-06  5.3602E-07  2.4604E-04
  4.0894E-06  5.8806E-06  5.4449E-07  2.4992E-04
  4.1536E-06  5.9728E-06  5.5303E-07  2.5385E-04
  4.2183E-06  6.0659E-06  5.6165E-07  2.5780E-04
  4.2836E-06  6.1598E-06  5.7034E-07  2.6179E-04
  4.3495E-06  6.2545E-06  5.7911E-07  2.6582E-04
  4.4159E-06  6.3500E-06  5.8795E-07  2.6988E-04
  4.4829E-06  6.4463E-06  5.9687E-07  2.7397E-04
  4.5505E-06  6.5435E-06  6.0587E-07  2.7810E-04
  4.6186E-06  6.6415E-06  6.1495E-07  2.8227E-04
  4.6874E-06  6.7404E-06  6.2410E-07  2.8647E-04
  4.7567E-06  6.8401E-06  6.3333E-07  2.9071E-04
  4.8266E-06  6.9406E-06  6.4264E-07  2.9498E-04
  4.8972E-06  7.0421E-06  6.5204E-07  2.9929E-04
  4.9684E-06  7.1444E-06  6.6151E-07  3.0364E-04
  5.0401E-06  7.2476E-06  6.7107E-07  3.0803E-04
  5.1125E-06  7.3517E-06  6.8071E-07  3.1245E-04
  5.1855E-06  7.4567E-06  6.9043E-07  3.1691E-04
  5.2592E-06  7.5626E-06  7.0024E-07  3.2141E-04
  5.3335E-06  7.6694E-06  7.1013E-07  3.2595E-04
  5.4084E-06  7.7772E-06  7.2010E-07  3.3053E-04
  5.4840E-06  7.8858E-06  7.3017E-07  3.3515E-04
  5.5602E-06  7.9954E-06  7.4032E-07  3.3981E-04
  5.6371E-06  8.1060E-06  7.5055E-07  3.4451E-04
  5.7146E-06  8.2175E-06  7.6088E-07  3.4925E-04
  5.7929E-06  8.3300E-06  7.7129E-07  3.5403E-04
  5.8718E-06  8.4434E-06  7.8180E-07  3.5885E-04
  5.9514E-06  8.5579E-06  7.9240E-07  3.6372E-04
  6.0316E-06  8.6733E-06  8.0308E-07  3.6862E-04
  6.1126E-06  8.7897E-06  8.1386E-07  3.7357E-04
  6.1943E-06  8.9072E-06  8.2474E-07  3.7856E-04
  6.2766E-06  9.0256E-06  8.3570E-07  3.8360E-04
  6.3597E-06  9.1451E-06  8.4677E-07  3.8867E-04
  6.4435E-06  9.2656E-06  8.5792E-07  3.9380E-04
  6.5280E-06  9.3871E-06  8.6918E-07  3.9896E-04
  6.6133E-06  9.5097E-06  8.8053E-07  4.0417E-04
  6.6993E-06  9.6333E-06  8.9198E-07  4.0943E-04
  6.7860E-06  9.7581E-06  9.0353E-07  4.1473E-04
  6.8735E-06  9.8839E-06  9.1518E-07  4.2007E-04
  6.9618E-06  1.0011E-05  9.2692E-07  4.2547E-04
  7.0508E-06  1.0139E-05  9.3878E-07  4.3091E-04
  7.1405E-06  1.0268E-05  9.5073E-07  4.3639E-04
  7.2311E-06  1.0398E-05  9.6279E-07  4.4193E-04
  7.3224E-06  1.0529E-05  9.7495E-07  4.4751E-04
  7.4146E-06  1.0662E-05  9.8721E-07  4.5314E-04
  7.5075E-06  1.0795E-05  9.9958E-07  4.5882E-04
  7.6012E-06  1.0930E-05  1.0121E-06  4.6455E-04
  7.6957E-06  1.1066E-05  1.0247E-06  4.7032E-04
  7.7911E-06  1.1203E-05  1.0373E-06  4.7615E-04
  7.8873E-06  1.1342E-05  1.0502E-06  4.8203E-04
  7.9843E-06  1.1481E-05  1.0631E-06  4.8796E-04
  8.0821E-06  1.1622E-05  1.0761E-06  4.9394E-04
  8.1808E-06  1.1764E-05  1.0892E-06  4.9997E-04
  8.2804E-06  1.1907E-05  1.1025E-06  5.0605E-04
  8.3808E-06  1.2051E-05  1.1159E-06  5.1219E-04
  8.4820E-06  1.2197E-05  1.1293E-06  5.1838E-04
  8.5842E-06  1.2344E-05  1.1429E-06  5.2462E-04
  8.6872E-06  1.2492E-05  1.1567E-06  5.3092E-04
  8.7911E-06  1.2641E-05  1.1705E-06  5.3727E-04
  8.8960E-06  1.2792E-05  1.1845E-06  5.4368E-04
  9.0017E-06  1.2944E-05  1.1985E-06  5.5014E-04
  9.1083E-06  1.3097E-05  1.2127E-06  5.5666E-04
  9.2159E-06  1.3252E-05  1.2271E-06  5.6323E-04
  9.3244E-06  1.3408E-05  1.2415E-06  5.6986E-04
  9.4338E-06  1.3565E-05  1.2561E-06  5.7655E-04
  9.5442E-06  1.3724E-05  1.2708E-06  5.8329E-04
  9.6555E-06  1.3884E-05  1.2856E-06  5.9010E-04
  9.7678E-06  1.4046E-05  1.3005E-06  5.9696E-04
  9.8811E-06  1.4208E-05  1.3156E-06  6.0388E-04
  9.9953E-06  1.4373E-05  1.3308E-06  6.1087E-04
  1.0111E-05  1.4538E-05  1.3462E-06  6.1791E-04
  1.0227E-05  1.4706E-05  1.3617E-06  6.2501E-04
  1.0344E-05  1.4874E-05  1.3773E-06  6.3218E-04
  1.0462E-05  1.5044E-05  1.3930E-06  6.3940E-04
  1.0582E-05  1.5216E-05  1.4089E-06  6.4669E-04
  1.0702E-05  1.5389E-05  1.4249E-06  6.5404E-04
  1.0823E-05  1.5563E-05  1.4411E-06  6.6146E-04
  1.0946E-05  1.5739E-05  1.4574E-06  6.6894E-04
  1.1069E-05  1.5917E-05  1.4738E-06  6.7648E-04
  1.1194E-05  1.6096E-05  1.4904E-06  6.8409E-04
  1.1319E-05  1.6276E-05  1.5071E-06  6.9177E-04
  1.1446E-05  1.6458E-05  1.5240E-06  6.9951E-04
  1.1574E-05  1.6642E-05  1.5410E-06  7.0732E-04
  1.1702E-05  1.6827E-05  1.5581E-06  7.1520E-04
  1.1832E-05  1.7014E-05  1.5754E-06  7.2314E-04
  1.1964E-05  1.7203E-05  1.5929E-06  7.3115E-04
  1.2096E-05  1.7393E-05  1.6105E-06  7.3924E-04
  1.2229E-05  1.7585E-05  1.6283E-06  7.4739E-04
  1.2364E-05  1.7778E-05  1.6462E-06  7.5561E-04
  1.2499E-05  1.7973E-05  1.6642E-06  7.6391E-04
  1.2636E-05  1.8170E-05  1.6825E-06  7.7227E-04
  1.2774E-05  1.8369E-05  1.7009E-06  7.8071E-04
  1.2914E-05  1.8569E-05  1.7194E-06  7.8922E-04
  1.3054E-05  1.8771E-05  1.7381E-06  7.9780E-04
  1.3196E-05  1.8975E-05  1.7570E-06  8.0646E-04
  1.3339E-05  1.9180E-05  1.7760E-06  8.1520E-04
  1.3483E-05  1.9387E-05  1.7952E-06  8.2401E-04
  1.3628E-05  1.9596E-05  1.8145E-06  8.3289E-04
  1.3775E-05  1.9807E-05  1.8341E-06  8.4185E-04
  1.3923E-05  2.0020E-05  1.8538E-06  8.5089E-04
  1.4072E-05  2.0234E-05  1.8736E-06  8.6001E-04
  1.4222E-05  2.0451E-05  1.8937E-06  8.6921E-04
  1.4374E-05  2.0669E-05  1.9139E-06  8.7848E-04
  1.4527E-05  2.0889E-05  1.9342E-06  8.8784E-04
  1.4682E-05  2.1111E-05  1.9548E-06  8.9728E-04
  1.4838E-05  2.1335E-05  1.9755E-06  9.0679E-04
  1.4995E-05  2.1561E-05  1.9965E-06  9.1640E-04
  1.5153E-05  2.1789E-05  2.0176E-06  9.2608E-04
  1.5313E-05  2.2019E-05  2.0388E-06  9.3585E-04
  1.5474E-05  2.2250E-05  2.0603E-06  9.4570E-04
  1.5637E-05  2.2484E-05  2.0820E-06  9.5564E-04
  1.5801E-05  2.2720E-05  2.1038E-06  9.6566E-04
  1.5966E-05  2.2958E-05  2.1258E-06  9.7577E-04
  1.6133E-05  2.3198E-05  2.1480E-06  9.8597E-04
  1.6301E-05  2.3440E-05  2.1704E-06  9.9625E-04
  1.6471E-05  2.3684E-05  2.1930E-06  1.0066E-03
  1.6642E-05  2.3930E-05  2.2158E-06  1.0171E-03
  1.6815E-05  2.4178E-05  2.2388E-06  1.0276E-03
  1.6989E-05  2.4429E-05  2.2620E-06  1.0383E-03
  1.7165E-05  2.4681E-05  2.2854E-06  1.0490E-03
  1.7342E-05  2.4936E-05  2.3090E-06  1.0599E-03
  1.7521E-05  2.5193E-05  2.3328E-06  1.0708E-03
  1.7701E-05  2.5452E-05  2.3568E-06  1.0818E-03
  1.7883E-05  2.5714E-05  2.3810E-06  1.0929E-03
  1.8066E-05  2.5978E-05  2.4055E-06  1.1041E-03
  1.8251E-05  2.6244E-05  2.4301E-06  1.1154E-03
  1.8438E-05  2.6512E-05  2.4549E-06  1.1268E-03
  1.8626E-05  2.6783E-05  2.4800E-06  1.1383E-03
  1.8816E-05  2.7056E-05  2.5053E-06  1.1499E-03
  1.9008E-05  2.7331E-05  2.5308E-06  1.1616E-03
  1.9201E-05  2.7609E-05  2.5565E-06  1.1735E-03
  1.9396E-05  2.7889E-05  2.5824E-06  1.1854E-03
  1.9592E-05  2.8171E-05  2.6086E-06  1.1974E-03
  1.9790E-05  2.8456E-05  2.6350E-06  1.2095E-03
  1.9990E-05  2.8744E-05  2.6616E-06  1.2217E-03
  2.0192E-05  2.9034E-05  2.6884E-06  1.2340E-03
  2.0395E-05  2.9326E-05  2.7155E-06  1.2465E-03
  2.0600E-05  2.9621E-05  2.7428E-06  1.2590E-03
  2.0807E-05  2.9918E-05  2.7704E-06  1.2716E-03
  2.1016E-05  3.0219E-05  2.7982E-06  1.2844E-03
  2.1226E-05  3.0521E-05  2.8262E-06  1.2973E-03
  2.1439E-05  3.0826E-05  2.8545E-06  1.3102E-03
  2.1653E-05  3.1134E-05  2.8830E-06  1.3233E-03
  2.1869E-05  3.1445E-05  2.9118E-06  1.3365E-03
  2.2087E-05  3.1758E-05  2.9408E-06  1.3498E-03
  2.2307E-05  3.2074E-05  2.9700E-06  1.3633E-03
  2.2528E-05  3.2393E-05  2.9995E-06  1.3768E-03
  2.2752E-05  3.2714E-05  3.0293E-06  1.3905E-03
  2.2977E-05  3.3039E-05  3.0593E-06  1.4043E-03
  2.3205E-05  3.3366E-05  3.0896E-06  1.4182E-03
  2.3434E-05  3.3696E-05  3.1202E-06  1.4322E-03
  2.3666E-05  3.4028E-05  3.1510E-06  1.4463E-03
  2.3899E-05  3.4364E-05  3.1821E-06  1.4606E-03
  2.4135E-05  3.4702E-05  3.2134E-06  1.4750E-03
  2.4372E-05  3.5044E-05  3.2450E-06  1.4895E-03
  2.4612E-05  3.5388E-05  3.2769E-06  1.5041E-03
  2.4853E-05  3.5736E-05  3.3091E-06  1.5189E-03
  2.5097E-05  3.6086E-05  3.3415E-06  1.5338E-03
  2.5343E-05  3.6439E-05  3.3743E-06  1.5488E-03
  2.5591E-05  3.6796E-05  3.4073E-06  1.5640E-03
  2.5841E-05  3.7155E-05  3.4406E-06  1.5793E-03
  2.6093E-05  3.7518E-05  3.4741E-06  1.5947E-03
  2.6347E-05  3.7884E-05  3.5080E-06  1.6102E-03
  2.6604E-05  3.8253E-05  3.5422E-06  1.6259E-03
  2.6863E-05  3.8625E-05  3.5766E-06  1.6417E-03
  2.7124E-05  3.9000E-05  3.6114E-06  1.6577E-03
  2.7387E-05  3.9379E-05  3.6465E-06  1.6738E-03
  2.7653E-05  3.9761E-05  3.6818E-06  1.6900E-03
  2.7921E-05  4.0146E-05  3.7175E-06  1.7064E-03
  2.8191E-05  4.0534E-05  3.7535E-06  1.7229E-03
  2.8463E-05  4.0926E-05  3.7898E-06  1.7395E-03
  2.8738E-05  4.1321E-05  3.8264E-06  1.7563E-03
  2.9016E-05  4.1720E-05  3.8633E-06  1.7733E-03
  2.9295E-05  4.2122E-05  3.9005E-06  1.7904E-03
  2.9577E-05  4.2528E-05  3.9381E-06  1.8076E-03
  2.9862E-05  4.2937E-05  3.9760E-06  1.8250E-03
  3.0149E-05  4.3349E-05  4.0142E-06  1.8425E-03
  3.0438E-05  4.3765E-05  4.0527E-06  1.8602E-03
  3.0730E-05  4.4185E-05  4.0916E-06  1.8781E-03
  3.1025E-05  4.4609E-05  4.1308E-06  1.8961E-03
  3.1322E-05  4.5036E-05  4.1703E-06  1.9142E-03
  3.1621E-05  4.5466E-05  4.2102E-06  1.9325E-03
  3.1924E-05  4.5901E-05  4.2505E-06  1.9510E-03
  3.2228E-05  4.6339E-05  4.2911E-06  1.9696E-03
  3.2536E-05  4.6781E-05  4.3320E-06  1.9884E-03
  3.2846E-05  4.7227E-05  4.3733E-06  2.0074E-03
  3.3159E-05  4.7677E-05  4.4149E-06  2.0265E-03
  3.3474E-05  4.8130E-05  4.4569E-06  2.0458E-03
  3.3792E-05  4.8588E-05  4.4993E-06  2.0652E-03
  3.4113E-05  4.9049E-05  4.5420E-06  2.0848E-03
  3.4437E-05  4.9515E-05  4.5851E-06  2.1046E-03
  3.4764E-05  4.9984E-05  4.6286E-06  2.1246E-03
  3.5093E-05  5.0458E-05  4.6725E-06  2.1447E-03
  3.5425E-05  5.0935E-05  4.7167E-06  2.1650E-03
  3.5760E-05  5.1417E-05  4.7613E-06  2.1855E-03
  3.6098E-05  5.1903E-05  4.8063E-06  2.2062E-03
  3.6439E-05  5.2393E-05  4.8517E-06  2.2270E-03
  3.6783E-05  5.2887E-05  4.8975E-06  2.2480E-03
  3.7130E-05  5.3386E-05  4.9437E-06  2.2692E-03
  3.7480E-05  5.3889E-05  4.9903E-06  2.2906E-03
  3.7833E-05  5.4396E-05  5.0372E-06  2.3121E-03
  3.8189E-05  5.4908E-05  5.0846E-06  2.3339E-03
  3.8548E-05  5.5424E-05  5.1324E-06  2.3558E-03
  3.8910E-05  5.5944E-05  5.1806E-06  2.3780E-03
  3.9275E-05  5.6469E-05  5.2293E-06  2.4003E-03
  3.9643E-05  5.6999E-05  5.2783E-06  2.4228E-03
  4.0015E-05  5.7533E-05  5.3278E-06  2.4455E-03
  4.0390E-05  5.8072E-05  5.3777E-06  2.4684E-03
  4.0768E-05  5.8615E-05  5.4280E-06  2.4915E-03
  4.1149E-05  5.9163E-05  5.4788E-06  2.5148E-03
  4.1533E-05  5.9716E-05  5.5300E-06  2.5383E-03
  4.1921E-05  6.0274E-05  5.5816E-06  2.5620E-03
  4.2313E-05  6.0836E-05  5.6337E-06  2.5859E-03
  4.2707E-05  6.1404E-05  5.6863E-06  2.6100E-03
  4.3105E-05  6.1976E-05  5.7393E-06  2.6344E-03
  4.3507E-05  6.2553E-05  5.7927E-06  2.6589E-03
  4.3912E-05  6.3135E-05  5.8466E-06  2.6837E-03
  4.4320E-05  6.3723E-05  5.9010E-06  2.7086E-03
  4.4732E-05  6.4315E-05  5.9559E-06  2.7338E-03
  4.5148E-05  6.4912E-05  6.0112E-06  2.7592E-03
  4.5567E-05  6.5515E-05  6.0670E-06  2.7848E-03
  4.5990E-05  6.6122E-05  6.1233E-06  2.8106E-03
  4.6416E-05  6.6735E-05  6.1801E-06  2.8367E-03
  4.6846E-05  6.7354E-05  6.2373E-06  2.8630E-03
  4.7280E-05  6.7977E-05  6.2951E-06  2.8895E-03
  4.7717E-05  6.8606E-05  6.3534E-06  2.9163E-03
  4.8159E-05  6.9241E-05  6.4121E-06  2.9432E-03
  4.8604E-05  6.9881E-05  6.4714E-06  2.9704E-03
  4.9053E-05  7.0526E-05  6.5312E-06  2.9979E-03
  4.9506E-05  7.1177E-05  6.5915E-06  3.0256E-03
  4.9963E-05  7.1834E-05  6.6523E-06  3.0535E-03
  5.0424E-05  7.2497E-05  6.7137E-06  3.0816E-03
  5.0888E-05  7.3165E-05  6.7755E-06  3.1100E-03
  5.1357E-05  7.3839E-05  6.8379E-06  3.1387E-03
  5.1830E-05  7.4518E-05  6.9009E-06  3.1676E-03
  5.2307E-05  7.5204E-05  6.9644E-06  3.1967E-03
  5.2788E-05  7.5895E-05  7.0284E-06  3.2261E-03
  5.3273E-05  7.6593E-05  7.0931E-06  3.2558E-03
  5.3762E-05  7.7296E-05  7.1582E-06  3.2857E-03
  5.4256E-05  7.8006E-05  7.2239E-06  3.3159E-03
  5.4754E-05  7.8722E-05  7.2902E-06  3.3463E-03
  5.5256E-05  7.9443E-05  7.3571E-06  3.3770E-03
  5.5763E-05  8.0172E-05  7.4245E-06  3.4079E-03
  5.6274E-05  8.0906E-05  7.4926E-06  3.4392E-03
  5.6789E-05  8.1647E-05  7.5612E-06  3.4707E-03
  5.7309E-05  8.2394E-05  7.6304E-06  3.5024E-03
  5.7833E-05  8.3148E-05  7.7002E-06  3.5345E-03
  5.8362E-05  8.3908E-05  7.7706E-06  3.5668E-03
  5.8895E-05  8.4675E-05  7.8416E-06  3.5994E-03
  5.9433E-05  8.5448E-05  7.9132E-06  3.6323E-03
  5.9976E-05  8.6228E-05  7.9855E-06  3.6654E-03
  6.0523E-05  8.7015E-05  8.0584E-06  3.6989E-03
  6.1075E-05  8.7808E-05  8.1319E-06  3.7326E-03
  6.1632E-05  8.8609E-05  8.2060E-06  3.7666E-03
  6.2194E-05  8.9416E-05  8.2808E-06  3.8010E-03
  6.2760E-05  9.0230E-05  8.3562E-06  3.8356E-03
  6.3332E-05  9.1052E-05  8.4323E-06  3.8705E-03
  6.3908E-05  9.1880E-05  8.5090E-06  3.9057E-03
  6.4489E-05  9.2716E-05  8.5865E-06  3.9413E-03
  6.5076E-05  9.3559E-05  8.6645E-06  3.9771E-03
  6.5667E-05  9.4409E-05  8.7433E-06  4.0132E-03
  6.6264E-05  9.5266E-05  8.8227E-06  4.0497E-03
  6.6865E-05  9.6131E-05  8.9028E-06  4.0865E-03
  6.7472E-05  9.7003E-05  8.9836E-06  4.1236E-03
  6.8084E-05  9.7883E-05  9.0651E-06  4.1610E-03
  6.8702E-05  9.8771E-05  9.1473E-06  4.1987E-03
  6.9325E-05  9.9666E-05  9.2303E-06  4.2368E-03
  6.9953E-05  1.0057E-04  9.3139E-06  4.2752E-03
  7.0586E-05  1.0148E-04  9.3982E-06  4.3139E-03
  7.1226E-05  1.0240E-04  9.4833E-06  4.3529E-03
  7.1870E-05  1.0332E-04  9.5692E-06  4.3923E-03
  7.2520E-05  1.0426E-04  9.6557E-06  4.4321E-03
  7.3176E-05  1.0520E-04  9.7430E-06  4.4722E-03
  7.3838E-05  1.0615E-04  9.8311E-06  4.5126E-03
  7.4505E-05  1.0711E-04  9.9199E-06  4.5534E-03
  7.5178E-05  1.0808E-04  1.0010E-05  4.5945E-03
  7.5856E-05  1.0905E-04  1.0100E-05  4.6360E-03
  7.6541E-05  1.1004E-04  1.0191E-05  4.6778E-03
  7.7232E-05  1.1103E-04  1.0283E-05  4.7200E-03
  7.7928E-05  1.1203E-04  1.0376E-05  4.7626E-03
  7.8631E-05  1.1304E-04  1.0469E-05  4.8055E-03
  7.9339E-05  1.1406E-04  1.0564E-05  4.8488E-03
  8.0054E-05  1.1509E-04  1.0659E-05  4.8925E-03
  8.0775E-05  1.1612E-04  1.0755E-05  4.9366E-03
  8.1502E-05  1.1717E-04  1.0852E-05  4.9810E-03
  8.2236E-05  1.1822E-04  1.0949E-05  5.0258E-03
  8.2975E-05  1.1929E-04  1.1048E-05  5.0710E-03
  8.3722E-05  1.2036E-04  1.1147E-05  5.1166E-03
  8.4474E-05  1.2144E-04  1.1247E-05  5.1626E-03
  8.5233E-05  1.2253E-04  1.1348E-05  5.2090E-03
  8.5999E-05  1.2363E-04  1.1450E-05  5.2558E-03
  8.6771E-05  1.2474E-04  1.1553E-05  5.3030E-03
  8.7550E-05  1.2586E-04  1.1657E-05  5.3506E-03
  8.8336E-05  1.2699E-04  1.1762E-05  5.3987E-03
  8.9129E-05  1.2813E-04  1.1867E-05  5.4471E-03
  8.9928E-05  1.2928E-04  1.1973E-05  5.4959E-03
  9.0734E-05  1.3044E-04  1.2081E-05  5.5452E-03
  9.1548E-05  1.3161E-04  1.2189E-05  5.5949E-03
  9.2368E-05  1.3279E-04  1.2298E-05  5.6451E-03
  9.3195E-05  1.3397E-04  1.2409E-05  5.6956E-03
  9.4030E-05  1.3517E-04  1.2520E-05  5.7466E-03
  9.4872E-05  1.3638E-04  1.2632E-05  5.7981E-03
  9.5721E-05  1.3760E-04  1.2745E-05  5.8500E-03
  9.6577E-05  1.3883E-04  1.2859E-05  5.9023E-03
  9.7441E-05  1.4008E-04  1.2974E-05  5.9551E-03
  9.8312E-05  1.4133E-04  1.3090E-05  6.0083E-03
  9.9191E-05  1.4259E-04  1.3207E-05  6.0620E-03
  1.0008E-04  1.4386E-04  1.3325E-05  6.1162E-03
  1.0097E-04  1.4515E-04  1.3444E-05  6.1709E-03
  1.0187E-04  1.4645E-04  1.3564E-05  6.2260E-03
  1.0278E-04  1.4775E-04  1.3685E-05  6.2815E-03
  1.0370E-04  1.4907E-04  1.3807E-05  6.3376E-03
  1.0463E-04  1.5040E-04  1.3930E-05  6.3942E-03
  1.0556E-04  1.5174E-04  1.4055E-05  6.4512E-03
  1.0650E-04  1.5309E-04  1.4180E-05  6.5087E-03
  1.0745E-04  1.5446E-04  1.4306E-05  6.5668E-03
  1.0841E-04  1.5584E-04  1.4434E-05  6.6253E-03
  1.0937E-04  1.5722E-04  1.4563E-05  6.6844E-03
  1.1035E-04  1.5862E-04  1.4692E-05  6.7439E-03
  1.1133E-04  1.6004E-04  1.4823E-05  6.8040E-03
  1.1232E-04  1.6146E-04  1.4955E-05  6.8646E-03
  1.1332E-04  1.6290E-04  1.5088E-05  6.9257E-03
  1.1433E-04  1.6435E-04  1.5223E-05  6.9873E-03
  1.1535E-04  1.6581E-04  1.5358E-05  7.0495E-03
  1.1637E-04  1.6728E-04  1.5495E-05  7.1122E-03
  1.1741E-04  1.6877E-04  1.5632E-05  7.1754E-03
  1.1845E-04  1.7027E-04  1.5771E-05  7.2392E-03
  1.1951E-04  1.7178E-04  1.5912E-05  7.3036E-03
  1.2057E-04  1.7331E-04  1.6053E-05  7.3685E-03
  1.2164E-04  1.7485E-04  1.6196E-05  7.4339E-03
  1.2272E-04  1.7640E-04  1.6339E-05  7.5000E-03
  1.2381E-04  1.7797E-04  1.6485E-05  7.5666E-03
  1.2491E-04  1.7955E-04  1.6631E-05  7.6338E-03
  1.2602E-04  1.8114E-04  1.6779E-05  7.7015E-03
  1.2714E-04  1.8275E-04  1.6927E-05  7.7699E-03
  1.2826E-04  1.8437E-04  1.7078E-05  7.8388E-03
  1.2940E-04  1.8600E-04  1.7229E-05  7.9083E-03
  1.3055E-04  1.8765E-04  1.7382E-05  7.9785E-03
  1.3171E-04  1.8931E-04  1.7536E-05  8.0492E-03
  1.3287E-04  1.9099E-04  1.7691E-05  8.1206E-03
  1.3405E-04  1.9268E-04  1.7848E-05  8.1925E-03
  1.3524E-04  1.9439E-04  1.8006E-05  8.2651E-03
  1.3644E-04  1.9611E-04  1.8166E-05  8.3383E-03
  1.3765E-04  1.9785E-04  1.8327E-05  8.4122E-03
  1.3886E-04  1.9960E-04  1.8489E-05  8.4867E-03
  1.4009E-04  2.0137E-04  1.8653E-05  8.5618E-03
  1.4133E-04  2.0315E-04  1.8818E-05  8.6376E-03
  1.4258E-04  2.0494E-04  1.8984E-05  8.7140E-03
  1.4385E-04  2.0676E-04  1.9152E-05  8.7911E-03
  1.4512E-04  2.0858E-04  1.9322E-05  8.8689E-03
  1.4640E-04  2.1043E-04  1.9493E-05  8.9473E-03
  1.4770E-04  2.1229E-04  1.9665E-05  9.0264E-03
  1.4900E-04  2.1416E-04  1.9839E-05  9.1062E-03
  1.5032E-04  2.1606E-04  2.0014E-05  9.1867E-03
  1.5165E-04  2.1796E-04  2.0191E-05  9.2679E-03
  1.5299E-04  2.1989E-04  2.0369E-05  9.3498E-03
  1.5434E-04  2.2183E-04  2.0549E-05  9.4324E-03
  1.5570E-04  2.2379E-04  2.0731E-05  9.5157E-03
  1.5708E-04  2.2576E-04  2.0914E-05  9.5997E-03
  1.5846E-04  2.2776E-04  2.1099E-05  9.6845E-03
  1.5986E-04  2.2977E-04  2.1285E-05  9.7700E-03
  1.6127E-04  2.3179E-04  2.1473E-05  9.8562E-03
  1.6270E-04  2.3384E-04  2.1662E-05  9.9432E-03
  1.6413E-04  2.3590E-04  2.1853E-05  1.0031E-02
  1.6558E-04  2.3798E-04  2.2046E-05  1.0119E-02
  1.6704E-04  2.4008E-04  2.2241E-05  1.0209E-02
  1.6851E-04  2.4219E-04  2.2437E-05  1.0299E-02
  1.7000E-04  2.4433E-04  2.2634E-05  1.0389E-02
  1.7150E-04  2.4648E-04  2.2834E-05  1.0481E-02
  1.7301E-04  2.4865E-04  2.3035E-05  1.0573E-02
  1.7453E-04  2.5084E-04  2.3238E-05  1.0667E-02
  1.7607E-04  2.5305E-04  2.3443E-05  1.0761E-02
  1.7762E-04  2.5528E-04  2.3649E-05  1.0855E-02
  1.7919E-04  2.5753E-04  2.3858E-05  1.0951E-02
  1.8076E-04  2.5979E-04  2.4068E-05  1.1047E-02
  1.8236E-04  2.6208E-04  2.4280E-05  1.1145E-02
  1.8396E-04  2.6438E-04  2.4494E-05  1.1243E-02
  1.8558E-04  2.6671E-04  2.4709E-05  1.1342E-02
  1.8721E-04  2.6906E-04  2.4927E-05  1.1442E-02
  1.8886E-04  2.7142E-04  2.5146E-05  1.1542E-02
  1.9052E-04  2.7381E-04  2.5367E-05  1.1644E-02
  1.9220E-04  2.7622E-04  2.5590E-05  1.1746E-02
  1.9389E-04  2.7864E-04  2.5815E-05  1.1850E-02
  1.9559E-04  2.8109E-04  2.6042E-05  1.1954E-02
  1.9731E-04  2.8356E-04  2.6271E-05  1.2059E-02
  1.9905E-04  2.8605E-04  2.6502E-05  1.2165E-02
  2.0080E-04  2.8857E-04  2.6735E-05  1.2272E-02
  2.0256E-04  2.9110E-04  2.6970E-05  1.2380E-02
  2.0434E-04  2.9366E-04  2.7207E-05  1.2488E-02
  2.0614E-04  2.9624E-04  2.7446E-05  1.2598E-02
  2.0795E-04  2.9884E-04  2.7688E-05  1.2709E-02
  2.0978E-04  3.0146E-04  2.7931E-05  1.2820E-02
  2.1162E-04  3.0411E-04  2.8176E-05  1.2933E-02
  2.1348E-04  3.0678E-04  2.8423E-05  1.3047E-02
  2.1535E-04  3.0947E-04  2.8673E-05  1.3161E-02
  2.1724E-04  3.1218E-04  2.8925E-05  1.3277E-02
  2.1915E-04  3.1492E-04  2.9179E-05  1.3393E-02
  2.2107E-04  3.1768E-04  2.9435E-05  1.3511E-02
  2.2301E-04  3.2047E-04  2.9693E-05  1.3629E-02
  2.2497E-04  3.2328E-04  2.9954E-05  1.3749E-02
  2.2694E-04  3.2612E-04  3.0216E-05  1.3870E-02
  2.2893E-04  3.2897E-04  3.0482E-05  1.3991E-02
  2.3094E-04  3.3186E-04  3.0749E-05  1.4114E-02
  2.3297E-04  3.3477E-04  3.1019E-05  1.4238E-02
  2.3501E-04  3.3770E-04  3.1291E-05  1.4363E-02
  2.3707E-04  3.4066E-04  3.1565E-05  1.4489E-02
  2.3915E-04  3.4364E-04  3.1842E-05  1.4616E-02
  2.4125E-04  3.4665E-04  3.2121E-05  1.4744E-02
  2.4336E-04  3.4969E-04  3.2402E-05  1.4873E-02
  2.4549E-04  3.5275E-04  3.2686E-05  1.5003E-02
  2.4764E-04  3.5584E-04  3.2973E-05  1.5135E-02
  2.4981E-04  3.5896E-04  3.3262E-05  1.5267E-02
  2.5200E-04  3.6210E-04  3.3553E-05  1.5401E-02
  2.5421E-04  3.6527E-04  3.3847E-05  1.5536E-02
  2.5644E-04  3.6847E-04  3.4143E-05  1.5672E-02
  2.5868E-04  3.7169E-04  3.4442E-05  1.5809E-02
  2.6095E-04  3.7494E-04  3.4744E-05  1.5948E-02
  2.6323E-04  3.7822E-04  3.5048E-05  1.6088E-02
  2.6554E-04  3.8153E-04  3.5355E-05  1.6228E-02
  2.6786E-04  3.8487E-04  3.5665E-05  1.6370E-02
  2.7021E-04  3.8823E-04  3.5977E-05  1.6514E-02
  2.7257E-04  3.9163E-04  3.6292E-05  1.6658E-02
  2.7496E-04  3.9505E-04  3.6609E-05  1.6804E-02
  2.7736E-04  3.9851E-04  3.6930E-05  1.6951E-02
  2.7979E-04  4.0199E-04  3.7253E-05  1.7099E-02
  2.8224E-04  4.0551E-04  3.7579E-05  1.7249E-02
  2.8471E-04  4.0905E-04  3.7907E-05  1.7400E-02
  2.8720E-04  4.1262E-04  3.8239E-05  1.7552E-02
  2.8971E-04  4.1623E-04  3.8573E-05  1.7706E-02
  2.9224E-04  4.1987E-04  3.8911E-05  1.7860E-02
  2.9480E-04  4.2353E-04  3.9251E-05  1.8017E-02
  2.9738E-04  4.2723E-04  3.9594E-05  1.8174E-02
  2.9998E-04  4.3097E-04  3.9940E-05  1.8333E-02
  3.0260E-04  4.3473E-04  4.0289E-05  1.8493E-02
  3.0524E-04  4.3853E-04  4.0642E-05  1.8655E-02
  3.0791E-04  4.4236E-04  4.0997E-05  1.8818E-02
  3.1060E-04  4.4622E-04  4.1355E-05  1.8982E-02
  3.1332E-04  4.5011E-04  4.1716E-05  1.9148E-02
  3.1605E-04  4.5404E-04  4.2081E-05  1.9316E-02
  3.1881E-04  4.5801E-04  4.2449E-05  1.9484E-02
  3.2160E-04  4.6200E-04  4.2819E-05  1.9655E-02
  3.2441E-04  4.6603E-04  4.3193E-05  1.9826E-02
  3.2724E-04  4.7010E-04  4.3571E-05  1.9999E-02
  3.3010E-04  4.7420E-04  4.3951E-05  2.0174E-02
  3.3298E-04  4.7834E-04  4.4335E-05  2.0350E-02
  3.3589E-04  4.8251E-04  4.4722E-05  2.0528E-02
  3.3882E-04  4.8672E-04  4.5113E-05  2.0707E-02
  3.4178E-04  4.9097E-04  4.5506E-05  2.0888E-02
  3.4476E-04  4.9525E-04  4.5904E-05  2.1070E-02
  3.4777E-04  4.9957E-04  4.6304E-05  2.1254E-02
  3.5081E-04  5.0392E-04  4.6709E-05  2.1440E-02
  3.5387E-04  5.0832E-04  4.7116E-05  2.1627E-02
  3.5696E-04  5.1275E-04  4.7527E-05  2.1816E-02
  3.6007E-04  5.1722E-04  4.7942E-05  2.2006E-02
  3.6322E-04  5.2172E-04  4.8361E-05  2.2198E-02
  3.6639E-04  5.2627E-04  4.8782E-05  2.2392E-02
  3.6958E-04  5.3086E-04  4.9208E-05  2.2587E-02
  3.7281E-04  5.3548E-04  4.9637E-05  2.2784E-02
  3.7606E-04  5.4015E-04  5.0070E-05  2.2983E-02
  3.7934E-04  5.4485E-04  5.0507E-05  2.3183E-02
  3.8265E-04  5.4960E-04  5.0948E-05  2.3385E-02
  3.8598E-04  5.5439E-04  5.1392E-05  2.3589E-02
  3.8935E-04  5.5922E-04  5.1840E-05  2.3795E-02
  3.9274E-04  5.6409E-04  5.2292E-05  2.4003E-02
  3.9617E-04  5.6900E-04  5.2748E-05  2.4212E-02
  3.9962E-04  5.7395E-04  5.3208E-05  2.4423E-02
  4.0311E-04  5.7895E-04  5.3672E-05  2.4636E-02
  4.0662E-04  5.8399E-04  5.4139E-05  2.4851E-02
  4.1016E-04  5.8908E-04  5.4611E-05  2.5067E-02
  4.1374E-04  5.9420E-04  5.5087E-05  2.5286E-02
  4.1734E-04  5.9938E-04  5.5567E-05  2.5506E-02
  4.2098E-04  6.0459E-04  5.6052E-05  2.5728E-02
  4.2465E-04  6.0986E-04  5.6540E-05  2.5952E-02
  4.2835E-04  6.1516E-04  5.7033E-05  2.6179E-02
  4.3208E-04  6.2052E-04  5.7530E-05  2.6407E-02
  4.3585E-04  6.2591E-04  5.8031E-05  2.6637E-02
  4.3964E-04  6.3136E-04  5.8536E-05  2.6869E-02
  4.4347E-04  6.3685E-04  5.9046E-05  2.7103E-02
  4.4734E-04  6.4239E-04  5.9561E-05  2.7339E-02
  4.5123E-04  6.4798E-04  6.0079E-05  2.7577E-02
  4.5516E-04  6.5362E-04  6.0603E-05  2.7817E-02
  4.5913E-04  6.5930E-04  6.1130E-05  2.8059E-02
  4.6312E-04  6.6503E-04  6.1663E-05  2.8304E-02
  4.6716E-04  6.7082E-04  6.2200E-05  2.8550E-02
  4.7123E-04  6.7665E-04  6.2741E-05  2.8799E-02
  4.7533E-04  6.8253E-04  6.3288E-05  2.9050E-02
  4.7947E-04  6.8847E-04  6.3839E-05  2.9303E-02
  4.8364E-04  6.9445E-04  6.4394E-05  2.9558E-02
  4.8785E-04  7.0049E-04  6.4955E-05  2.9815E-02
  4.9210E-04  7.0658E-04  6.5520E-05  3.0074E-02
  4.9638E-04  7.1272E-04  6.6091E-05  3.0336E-02
  5.0070E-04  7.1891E-04  6.6666E-05  3.0600E-02
  5.0506E-04  7.2516E-04  6.7246E-05  3.0867E-02
  5.0945E-04  7.3146E-04  6.7831E-05  3.1135E-02
  5.1389E-04  7.3781E-04  6.8422E-05  3.1406E-02
  5.1836E-04  7.4422E-04  6.9017E-05  3.1679E-02
  5.2287E-04  7.5069E-04  6.9617E-05  3.1955E-02
  5.2742E-04  7.5721E-04  7.0223E-05  3.2233E-02
  5.3201E-04  7.6379E-04  7.0834E-05  3.2514E-02
  5.3663E-04  7.7042E-04  7.1450E-05  3.2796E-02
  5.4130E-04  7.7711E-04  7.2072E-05  3.3082E-02
  5.4601E-04  7.8386E-04  7.2699E-05  3.3369E-02
  5.5076E-04  7.9067E-04  7.3331E-05  3.3660E-02
  5.5555E-04  7.9753E-04  7.3969E-05  3.3952E-02
  5.6038E-04  8.0446E-04  7.4612E-05  3.4248E-02
  5.6526E-04  8.1144E-04  7.5261E-05  3.4546E-02
  5.7017E-04  8.1849E-04  7.5916E-05  3.4846E-02
  5.7513E-04  8.2559E-04  7.6576E-05  3.5149E-02
  5.8013E-04  8.3276E-04  7.7242E-05  3.5455E-02
  5.8518E-04  8.3999E-04  7.7913E-05  3.5763E-02
  5.9026E-04  8.4728E-04  7.8591E-05  3.6074E-02
  5.9540E-04  8.5463E-04  7.9274E-05  3.6388E-02
  6.0057E-04  8.6205E-04  7.9963E-05  3.6704E-02
  6.0579E-04  8.6953E-04  8.0658E-05  3.7023E-02
  6.1106E-04  8.7707E-04  8.1360E-05  3.7345E-02
  6.1637E-04  8.8468E-04  8.2067E-05  3.7670E-02
  6.2173E-04  8.9236E-04  8.2780E-05  3.7997E-02
  6.2713E-04  9.0010E-04  8.3500E-05  3.8327E-02
  6.3258E-04  9.0791E-04  8.4225E-05  3.8660E-02
  6.3808E-04  9.1579E-04  8.4957E-05  3.8996E-02
  6.4363E-04  9.2373E-04  8.5696E-05  3.9335E-02
  6.4922E-04  9.3174E-04  8.6441E-05  3.9677E-02
  6.5486E-04  9.3982E-04  8.7192E-05  4.0022E-02
  6.6055E-04  9.4797E-04  8.7949E-05  4.0370E-02
  6.6629E-04  9.5619E-04  8.8714E-05  4.0720E-02
  6.7208E-04  9.6448E-04  8.9484E-05  4.1074E-02
  6.7792E-04  9.7285E-04  9.0262E-05  4.1431E-02
  6.8381E-04  9.8128E-04  9.1046E-05  4.1791E-02
  6.8975E-04  9.8979E-04  9.1837E-05  4.2154E-02
  6.9574E-04  9.9837E-04  9.2635E-05  4.2520E-02
  7.0179E-04  1.0070E-03  9.3440E-05  4.2890E-02
  7.0788E-04  1.0158E-03  9.4251E-05  4.3262E-02
  7.1403E-04  1.0246E-03  9.5070E-05  4.3638E-02
  7.2023E-04  1.0334E-03  9.5896E-05  4.4017E-02
  7.2649E-04  1.0424E-03  9.6729E-05  4.4399E-02
  7.3280E-04  1.0514E-03  9.7569E-05  4.4785E-02
  7.3916E-04  1.0605E-03  9.8416E-05  4.5174E-02
  7.4558E-04  1.0697E-03  9.9271E-05  4.5566E-02
  7.5206E-04  1.0790E-03  1.0013E-04  4.5962E-02
  7.5859E-04  1.0883E-03  1.0100E-04  4.6361E-02
  7.6518E-04  1.0978E-03  1.0188E-04  4.6764E-02
  7.7182E-04  1.1073E-03  1.0276E-04  4.7170E-02
  7.7852E-04  1.1169E-03  1.0366E-04  4.7579E-02
  7.8528E-04  1.1266E-03  1.0456E-04  4.7992E-02
  7.9210E-04  1.1363E-03  1.0546E-04  4.8409E-02
  7.9898E-04  1.1462E-03  1.0638E-04  4.8829E-02
  8.0591E-04  1.1561E-03  1.0730E-04  4.9253E-02
  8.1291E-04  1.1661E-03  1.0823E-04  4.9681E-02
  8.1997E-04  1.1762E-03  1.0917E-04  5.0112E-02
  8.2708E-04  1.1864E-03  1.1012E-04  5.0547E-02
  8.3426E-04  1.1966E-03  1.1108E-04  5.0986E-02
  8.4150E-04  1.2070E-03  1.1204E-04  5.1428E-02
  8.4881E-04  1.2175E-03  1.1301E-04  5.1875E-02
  8.5618E-04  1.2280E-03  1.1400E-04  5.2325E-02
  8.6361E-04  1.2386E-03  1.1498E-04  5.2779E-02
  8.7110E-04  1.2493E-03  1.1598E-04  5.3237E-02
  8.7866E-04  1.2602E-03  1.1699E-04  5.3699E-02
  8.8629E-04  1.2711E-03  1.1800E-04  5.4165E-02
  8.9398E-04  1.2821E-03  1.1903E-04  5.4635E-02
  9.0174E-04  1.2932E-03  1.2006E-04  5.5109E-02
  9.0956E-04  1.3044E-03  1.2110E-04  5.5588E-02
  9.1745E-04  1.3156E-03  1.2215E-04  5.6070E-02
  9.2541E-04  1.3270E-03  1.2321E-04  5.6556E-02
  9.3344E-04  1.3385E-03  1.2428E-04  5.7047E-02
  9.4154E-04  1.3501E-03  1.2536E-04  5.7542E-02
  9.4971E-04  1.3618E-03  1.2645E-04  5.8041E-02
  9.5795E-04  1.3735E-03  1.2755E-04  5.8545E-02
  9.6626E-04  1.3854E-03  1.2865E-04  5.9053E-02
  9.7464E-04  1.3974E-03  1.2977E-04  5.9565E-02
  9.8310E-04  1.4095E-03  1.3089E-04  6.0082E-02
  9.9163E-04  1.4217E-03  1.3203E-04  6.0603E-02
  1.0002E-03  1.4340E-03  1.3318E-04  6.1129E-02
  1.0089E-03  1.4464E-03  1.3433E-04  6.1659E-02
  1.0177E-03  1.4589E-03  1.3550E-04  6.2194E-02
  1.0265E-03  1.4715E-03  1.3667E-04  6.2733E-02
  1.0354E-03  1.4842E-03  1.3786E-04  6.3277E-02
  1.0444E-03  1.4971E-03  1.3905E-04  6.3826E-02
  1.0534E-03  1.5100E-03  1.4026E-04  6.4380E-02
  1.0626E-03  1.5231E-03  1.4147E-04  6.4938E-02
  1.0718E-03  1.5362E-03  1.4270E-04  6.5501E-02
  1.0811E-03  1.5495E-03  1.4394E-04  6.6069E-02
  1.0904E-03  1.5629E-03  1.4519E-04  6.6642E-02
  1.0999E-03  1.5764E-03  1.4645E-04  6.7220E-02
  1.1094E-03  1.5900E-03  1.4772E-04  6.7803E-02
  1.1191E-03  1.6038E-03  1.4900E-04  6.8391E-02
  1.1288E-03  1.6176E-03  1.5029E-04  6.8984E-02
  1.1386E-03  1.6316E-03  1.5159E-04  6.9582E-02
  1.1484E-03  1.6457E-03  1.5291E-04  7.0186E-02
  1.1584E-03  1.6599E-03  1.5423E-04  7.0794E-02
  1.1684E-03  1.6743E-03  1.5557E-04  7.1408E-02
  1.1786E-03  1.6887E-03  1.5692E-04  7.2027E-02
  1.1888E-03  1.7033E-03  1.5828E-04  7.2652E-02
  1.1991E-03  1.7180E-03  1.5965E-04  7.3282E-02
  1.2095E-03  1.7329E-03  1.6104E-04  7.3917E-02
  1.2200E-03  1.7479E-03  1.6243E-04  7.4558E-02
  1.2305E-03  1.7630E-03  1.6384E-04  7.5204E-02
  1.2412E-03  1.7782E-03  1.6526E-04  7.5856E-02
  1.2520E-03  1.7935E-03  1.6669E-04  7.6513E-02
  1.2628E-03  1.8090E-03  1.6814E-04  7.7177E-02
  1.2738E-03  1.8246E-03  1.6960E-04  7.7846E-02
  1.2848E-03  1.8404E-03  1.7107E-04  7.8520E-02
  1.2959E-03  1.8563E-03  1.7255E-04  7.9201E-02
  1.3072E-03  1.8723E-03  1.7404E-04  7.9888E-02
  1.3185E-03  1.8885E-03  1.7555E-04  8.0580E-02
  1.3299E-03  1.9048E-03  1.7707E-04  8.1278E-02
  1.3415E-03  1.9212E-03  1.7861E-04  8.1983E-02
  1.3531E-03  1.9378E-03  1.8016E-04  8.2693E-02
  1.3648E-03  1.9545E-03  1.8172E-04  8.3410E-02
  1.3766E-03  1.9714E-03  1.8329E-04  8.4133E-02
  1.3886E-03  1.9884E-03  1.8488E-04  8.4862E-02
  1.4006E-03  2.0056E-03  1.8648E-04  8.5597E-02
  1.4127E-03  2.0229E-03  1.8810E-04  8.6339E-02
  1.4250E-03  2.0403E-03  1.8973E-04  8.7087E-02
  1.4373E-03  2.0579E-03  1.9137E-04  8.7842E-02
  1.4498E-03  2.0757E-03  1.9303E-04  8.8603E-02
  1.4624E-03  2.0936E-03  1.9470E-04  8.9371E-02
  1.4750E-03  2.1117E-03  1.9639E-04  9.0146E-02
  1.4878E-03  2.1299E-03  1.9809E-04  9.0927E-02
  1.5007E-03  2.1483E-03  1.9981E-04  9.1714E-02
  1.5137E-03  2.1668E-03  2.0154E-04  9.2509E-02
  1.5268E-03  2.1855E-03  2.0329E-04  9.3311E-02
  1.5400E-03  2.2043E-03  2.0505E-04  9.4119E-02
  1.5534E-03  2.2233E-03  2.0683E-04  9.4935E-02
  1.5668E-03  2.2425E-03  2.0862E-04  9.5757E-02
  1.5804E-03  2.2618E-03  2.1042E-04  9.6587E-02
  1.5941E-03  2.2813E-03  2.1225E-04  9.7424E-02
  1.6079E-03  2.3010E-03  2.1409E-04  9.8268E-02
  1.6219E-03  2.3209E-03  2.1594E-04  9.9119E-02
  1.6359E-03  2.3409E-03  2.1781E-04  9.9978E-02
  1.6501E-03  2.3610E-03  2.1970E-04  1.0084E-01
  1.6644E-03  2.3814E-03  2.2160E-04  1.0172E-01
  1.6788E-03  2.4019E-03  2.2352E-04  1.0260E-01
  1.6933E-03  2.4226E-03  2.2546E-04  1.0349E-01
  1.7080E-03  2.4435E-03  2.2741E-04  1.0438E-01
  1.7228E-03  2.4646E-03  2.2938E-04  1.0529E-01
  1.7377E-03  2.4858E-03  2.3137E-04  1.0620E-01
  1.7528E-03  2.5072E-03  2.3337E-04  1.0712E-01
  1.7680E-03  2.5288E-03  2.3539E-04  1.0805E-01
  1.7833E-03  2.5506E-03  2.3743E-04  1.0898E-01
  1.7987E-03  2.5726E-03  2.3949E-04  1.0993E-01
  1.8143E-03  2.5947E-03  2.4156E-04  1.1088E-01
  1.8300E-03  2.6171E-03  2.4366E-04  1.1184E-01
  1.8459E-03  2.6396E-03  2.4577E-04  1.1281E-01
  1.8618E-03  2.6624E-03  2.4789E-04  1.1379E-01
  1.8780E-03  2.6853E-03  2.5004E-04  1.1477E-01
  1.8942E-03  2.7084E-03  2.5221E-04  1.1577E-01
  1.9106E-03  2.7317E-03  2.5439E-04  1.1677E-01
  1.9272E-03  2.7553E-03  2.5659E-04  1.1778E-01
  1.9439E-03  2.7790E-03  2.5882E-04  1.1880E-01
  1.9607E-03  2.8029E-03  2.6106E-04  1.1983E-01
  1.9777E-03  2.8270E-03  2.6332E-04  1.2087E-01
  1.9948E-03  2.8514E-03  2.6560E-04  1.2191E-01
  2.0121E-03  2.8759E-03  2.6790E-04  1.2297E-01
  2.0295E-03  2.9007E-03  2.7022E-04  1.2403E-01
  2.0471E-03  2.9256E-03  2.7256E-04  1.2511E-01
  2.0648E-03  2.9508E-03  2.7492E-04  1.2619E-01
  2.0827E-03  2.9762E-03  2.7730E-04  1.2728E-01
  2.1007E-03  3.0018E-03  2.7970E-04  1.2838E-01
  2.1189E-03  3.0276E-03  2.8212E-04  1.2950E-01
  2.1373E-03  3.0537E-03  2.8457E-04  1.3062E-01
  2.1558E-03  3.0800E-03  2.8703E-04  1.3175E-01
  2.1745E-03  3.1065E-03  2.8951E-04  1.3289E-01
  2.1933E-03  3.1332E-03  2.9202E-04  1.3404E-01
  2.2123E-03  3.1601E-03  2.9455E-04  1.3520E-01
  2.2314E-03  3.1873E-03  2.9710E-04  1.3637E-01
  2.2507E-03  3.2147E-03  2.9967E-04  1.3755E-01
  2.2702E-03  3.2424E-03  3.0227E-04  1.3874E-01
  2.2899E-03  3.2702E-03  3.0488E-04  1.3994E-01
  2.3097E-03  3.2984E-03  3.0752E-04  1.4116E-01
  2.3297E-03  3.3267E-03  3.1019E-04  1.4238E-01
  2.3499E-03  3.3553E-03  3.1287E-04  1.4361E-01
  2.3702E-03  3.3842E-03  3.1558E-04  1.4485E-01
  2.3907E-03  3.4132E-03  3.1831E-04  1.4611E-01
  2.4114E-03  3.4426E-03  3.2107E-04  1.4737E-01
  2.4323E-03  3.4722E-03  3.2385E-04  1.4865E-01
  2.4534E-03  3.5020E-03  3.2665E-04  1.4994E-01
  2.4746E-03  3.5321E-03  3.2948E-04  1.5123E-01
  2.4960E-03  3.5624E-03  3.3233E-04  1.5254E-01
  2.5177E-03  3.5931E-03  3.3521E-04  1.5386E-01
  2.5394E-03  3.6239E-03  3.3811E-04  1.5520E-01
  2.5614E-03  3.6551E-03  3.4104E-04  1.5654E-01
  2.5836E-03  3.6864E-03  3.4399E-04  1.5789E-01
  2.6060E-03  3.7181E-03  3.4697E-04  1.5926E-01
  2.6285E-03  3.7500E-03  3.4997E-04  1.6064E-01
  2.6513E-03  3.7822E-03  3.5300E-04  1.6203E-01
  2.6742E-03  3.8147E-03  3.5606E-04  1.6343E-01
  2.6974E-03  3.8475E-03  3.5914E-04  1.6485E-01
  2.7207E-03  3.8805E-03  3.6225E-04  1.6627E-01
  2.7443E-03  3.9138E-03  3.6538E-04  1.6771E-01
  2.7680E-03  3.9474E-03  3.6854E-04  1.6916E-01
  2.7920E-03  3.9813E-03  3.7173E-04  1.7063E-01
  2.8162E-03  4.0155E-03  3.7495E-04  1.7211E-01
  2.8405E-03  4.0499E-03  3.7820E-04  1.7360E-01
  2.8651E-03  4.0847E-03  3.8147E-04  1.7510E-01
  2.8899E-03  4.1197E-03  3.8477E-04  1.7661E-01
  2.9149E-03  4.1551E-03  3.8810E-04  1.7814E-01
  2.9402E-03  4.1907E-03  3.9146E-04  1.7968E-01
  2.9656E-03  4.2267E-03  3.9485E-04  1.8124E-01
  2.9913E-03  4.2629E-03  3.9827E-04  1.8281E-01
  3.0172E-03  4.2995E-03  4.0171E-04  1.8439E-01
  3.0433E-03  4.3364E-03  4.0519E-04  1.8599E-01
  3.0696E-03  4.3736E-03  4.0870E-04  1.8760E-01
  3.0962E-03  4.4111E-03  4.1223E-04  1.8922E-01
  3.1230E-03  4.4489E-03  4.1580E-04  1.9086E-01
  3.1500E-03  4.4870E-03  4.1940E-04  1.9251E-01
  3.1773E-03  4.5255E-03  4.2303E-04  1.9417E-01
  3.2048E-03  4.5643E-03  4.2669E-04  1.9585E-01
  3.2325E-03  4.6034E-03  4.3038E-04  1.9755E-01
  3.2605E-03  4.6428E-03  4.3411E-04  1.9926E-01
  3.2887E-03  4.6826E-03  4.3786E-04  2.0098E-01
  3.3172E-03  4.7227E-03  4.4165E-04  2.0272E-01
  3.3459E-03  4.7632E-03  4.4548E-04  2.0448E-01
  3.3748E-03  4.8040E-03  4.4933E-04  2.0625E-01
  3.4040E-03  4.8452E-03  4.5322E-04  2.0803E-01
  3.4335E-03  4.8867E-03  4.5714E-04  2.0983E-01
  3.4632E-03  4.9285E-03  4.6110E-04  2.1165E-01
  3.4932E-03  4.9707E-03  4.6509E-04  2.1348E-01
  3.5234E-03  5.0133E-03  4.6911E-04  2.1533E-01
  3.5539E-03  5.0562E-03  4.7317E-04  2.1719E-01
  3.5847E-03  5.0995E-03  4.7727E-04  2.1907E-01
  3.6157E-03  5.1431E-03  4.8140E-04  2.2096E-01
  3.6470E-03  5.1871E-03  4.8556E-04  2.2288E-01
  3.6785E-03  5.2315E-03  4.8976E-04  2.2480E-01
  3.7104E-03  5.2763E-03  4.9400E-04  2.2675E-01
  3.7425E-03  5.3214E-03  4.9827E-04  2.2871E-01
  3.7748E-03  5.3670E-03  5.0259E-04  2.3069E-01
  3.8075E-03  5.4129E-03  5.0693E-04  2.3269E-01
  3.8405E-03  5.4592E-03  5.1132E-04  2.3470E-01
  3.8737E-03  5.5059E-03  5.1574E-04  2.3673E-01
  3.9072E-03  5.5529E-03  5.2021E-04  2.3878E-01
  3.9410E-03  5.6004E-03  5.2471E-04  2.4084E-01
  3.9751E-03  5.6483E-03  5.2925E-04  2.4293E-01
  4.0095E-03  5.6966E-03  5.3383E-04  2.4503E-01
  4.0442E-03  5.7453E-03  5.3845E-04  2.4715E-01
  4.0792E-03  5.7944E-03  5.4310E-04  2.4929E-01
  4.1145E-03  5.8439E-03  5.4780E-04  2.5144E-01
  4.1501E-03  5.8938E-03  5.5254E-04  2.5362E-01
  4.1860E-03  5.9442E-03  5.5732E-04  2.5581E-01
  4.2222E-03  5.9950E-03  5.6214E-04  2.5803E-01
  4.2588E-03  6.0462E-03  5.6701E-04  2.6026E-01
  4.2956E-03  6.0978E-03  5.7191E-04  2.6251E-01
  4.3328E-03  6.1499E-03  5.7686E-04  2.6478E-01
  4.3703E-03  6.2024E-03  5.8185E-04  2.6707E-01
  4.4081E-03  6.2554E-03  5.8689E-04  2.6938E-01
  4.4462E-03  6.3088E-03  5.9196E-04  2.7171E-01
  4.4847E-03  6.3626E-03  5.9708E-04  2.7406E-01
  4.5235E-03  6.4169E-03  6.0225E-04  2.7644E-01
  4.5626E-03  6.4717E-03  6.0746E-04  2.7883E-01
  4.6021E-03  6.5269E-03  6.1271E-04  2.8124E-01
  4.6419E-03  6.5826E-03  6.1802E-04  2.8367E-01
  4.6821E-03  6.6387E-03  6.2336E-04  2.8613E-01
  4.7226E-03  6.6953E-03  6.2875E-04  2.8860E-01
  4.7634E-03  6.7524E-03  6.3419E-04  2.9110E-01
  4.8046E-03  6.8100E-03  6.3968E-04  2.9362E-01
  4.8462E-03  6.8681E-03  6.4521E-04  2.9616E-01
  4.8881E-03  6.9266E-03  6.5079E-04  2.9872E-01
  4.9304E-03  6.9857E-03  6.5642E-04  3.0130E-01
  4.9731E-03  7.0452E-03  6.6210E-04  3.0391E-01
  5.0161E-03  7.1052E-03  6.6783E-04  3.0654E-01
  5.0595E-03  7.1658E-03  6.7361E-04  3.0919E-01
  5.1033E-03  7.2268E-03  6.7943E-04  3.1186E-01
  5.1474E-03  7.2884E-03  6.8531E-04  3.1456E-01
  5.1920E-03  7.3504E-03  6.9124E-04  3.1728E-01
  5.2369E-03  7.4130E-03  6.9722E-04  3.2002E-01
  5.2822E-03  7.4761E-03  7.0325E-04  3.2279E-01
  5.3279E-03  7.5398E-03  7.0933E-04  3.2558E-01
  5.3740E-03  7.6039E-03  7.1547E-04  3.2840E-01
  5.4204E-03  7.6687E-03  7.2166E-04  3.3124E-01
  5.4673E-03  7.7339E-03  7.2790E-04  3.3411E-01
  5.5146E-03  7.7997E-03  7.3419E-04  3.3700E-01
  5.5623E-03  7.8660E-03  7.4054E-04  3.3991E-01
  5.6105E-03  7.9329E-03  7.4695E-04  3.4285E-01
  5.6590E-03  8.0004E-03  7.5341E-04  3.4582E-01
  5.7079E-03  8.0684E-03  7.5993E-04  3.4881E-01
  5.7573E-03  8.1370E-03  7.6650E-04  3.5182E-01
  5.8071E-03  8.2062E-03  7.7313E-04  3.5487E-01
  5.8574E-03  8.2759E-03  7.7982E-04  3.5794E-01
  5.9080E-03  8.3462E-03  7.8656E-04  3.6103E-01
  5.9591E-03  8.4171E-03  7.9336E-04  3.6415E-01
  6.0107E-03  8.4886E-03  8.0022E-04  3.6730E-01
  6.0627E-03  8.5607E-03  8.0715E-04  3.7048E-01
  6.1151E-03  8.6334E-03  8.1413E-04  3.7368E-01
  6.1680E-03  8.7067E-03  8.2117E-04  3.7692E-01
  6.2214E-03  8.7806E-03  8.2827E-04  3.8017E-01
  6.2752E-03  8.8552E-03  8.3543E-04  3.8346E-01
  6.3295E-03  8.9303E-03  8.4266E-04  3.8678E-01
  6.3842E-03  9.0061E-03  8.4994E-04  3.9012E-01
  6.4395E-03  9.0825E-03  8.5730E-04  3.9350E-01
  6.4952E-03  9.1595E-03  8.6471E-04  3.9690E-01
  6.5513E-03  9.2372E-03  8.7219E-04  4.0033E-01
  6.6080E-03  9.3155E-03  8.7973E-04  4.0379E-01
  6.6652E-03  9.3944E-03  8.8734E-04  4.0729E-01
  6.7228E-03  9.4741E-03  8.9501E-04  4.1081E-01
  6.7810E-03  9.5543E-03  9.0275E-04  4.1436E-01
  6.8396E-03  9.6353E-03  9.1056E-04  4.1794E-01
  6.8988E-03  9.7169E-03  9.1843E-04  4.2156E-01
  6.9585E-03  9.7992E-03  9.2638E-04  4.2520E-01
  7.0186E-03  9.8822E-03  9.3439E-04  4.2888E-01
  7.0793E-03  9.9658E-03  9.4247E-04  4.3259E-01
  7.1406E-03  1.0050E-02  9.5062E-04  4.3633E-01
  7.2023E-03  1.0135E-02  9.5884E-04  4.4010E-01
  7.2646E-03  1.0221E-02  9.6713E-04  4.4391E-01
  7.3275E-03  1.0307E-02  9.7549E-04  4.4775E-01
  7.3909E-03  1.0395E-02  9.8393E-04  4.5162E-01
  7.4548E-03  1.0483E-02  9.9243E-04  4.5552E-01
  7.5193E-03  1.0571E-02  1.0010E-03  4.5946E-01
  7.5843E-03  1.0660E-02  1.0097E-03  4.6343E-01
  7.6499E-03  1.0751E-02  1.0184E-03  4.6744E-01
  7.7161E-03  1.0841E-02  1.0272E-03  4.7148E-01
  7.7828E-03  1.0933E-02  1.0361E-03  4.7556E-01
  7.8501E-03  1.1025E-02  1.0450E-03  4.7967E-01
  7.9180E-03  1.1118E-02  1.0541E-03  4.8382E-01
  7.9865E-03  1.1212E-02  1.0632E-03  4.8800E-01
  8.0556E-03  1.1307E-02  1.0724E-03  4.9222E-01
  8.1252E-03  1.1402E-02  1.0817E-03  4.9647E-01
  8.1955E-03  1.1498E-02  1.0910E-03  5.0077E-01
  8.2664E-03  1.1595E-02  1.1004E-03  5.0510E-01
  8.3379E-03  1.1693E-02  1.1100E-03  5.0946E-01
  8.4100E-03  1.1792E-02  1.1196E-03  5.1387E-01
  8.4828E-03  1.1891E-02  1.1292E-03  5.1831E-01
  8.5561E-03  1.1991E-02  1.1390E-03  5.2279E-01
  8.6301E-03  1.2092E-02  1.1489E-03  5.2731E-01
  8.7048E-03  1.2194E-02  1.1588E-03  5.3187E-01
  8.7800E-03  1.2297E-02  1.1688E-03  5.3647E-01
  8.8560E-03  1.2401E-02  1.1789E-03  5.4110E-01
  8.9326E-03  1.2505E-02  1.1891E-03  5.4578E-01
  9.0098E-03  1.2610E-02  1.1994E-03  5.5050E-01
  9.0878E-03  1.2716E-02  1.2097E-03  5.5526E-01
  9.1664E-03  1.2823E-02  1.2202E-03  5.6006E-01
  9.2456E-03  1.2931E-02  1.2308E-03  5.6490E-01
  9.3256E-03  1.3040E-02  1.2414E-03  5.6978E-01
  9.4062E-03  1.3149E-02  1.2521E-03  5.7471E-01
  9.4876E-03  1.3260E-02  1.2630E-03  5.7968E-01
  9.5697E-03  1.3371E-02  1.2739E-03  5.8469E-01
  9.6524E-03  1.3483E-02  1.2849E-03  5.8974E-01
  9.7359E-03  1.3597E-02  1.2960E-03  5.9484E-01
  9.8201E-03  1.3711E-02  1.3072E-03  5.9998E-01
  9.9050E-03  1.3826E-02  1.3185E-03  6.0517E-01
  9.9907E-03  1.3942E-02  1.3299E-03  6.1040E-01
  1.0077E-02  1.4059E-02  1.3414E-03  6.1567E-01
  1.0164E-02  1.4177E-02  1.3530E-03  6.2099E-01
  1.0252E-02  1.4295E-02  1.3647E-03  6.2636E-01
  1.0341E-02  1.4415E-02  1.3765E-03  6.3177E-01
  1.0430E-02  1.4536E-02  1.3884E-03  6.3723E-01
  1.0520E-02  1.4658E-02  1.4004E-03  6.4274E-01
  1.0611E-02  1.4780E-02  1.4125E-03  6.4830E-01
  1.0703E-02  1.4904E-02  1.4247E-03  6.5390E-01
  1.0796E-02  1.5029E-02  1.4370E-03  6.5955E-01
  1.0889E-02  1.5155E-02  1.4494E-03  6.6525E-01
  1.0983E-02  1.5281E-02  1.4619E-03  6.7100E-01
  1.1078E-02  1.5409E-02  1.4746E-03  6.7680E-01
  1.1174E-02  1.5538E-02  1.4873E-03  6.8265E-01
  1.1271E-02  1.5668E-02  1.5002E-03  6.8854E-01
  1.1368E-02  1.5798E-02  1.5131E-03  6.9449E-01
  1.1466E-02  1.5930E-02  1.5262E-03  7.0050E-01
  1.1566E-02  1.6063E-02  1.5394E-03  7.0655E-01
  1.1666E-02  1.6197E-02  1.5527E-03  7.1265E-01
  1.1767E-02  1.6333E-02  1.5661E-03  7.1881E-01
  1.1868E-02  1.6469E-02  1.5797E-03  7.2502E-01
  1.1971E-02  1.6606E-02  1.5933E-03  7.3129E-01
  1.2074E-02  1.6744E-02  1.6071E-03  7.3761E-01
  1.2179E-02  1.6884E-02  1.6210E-03  7.4398E-01
  1.2284E-02  1.7025E-02  1.6350E-03  7.5041E-01
  1.2390E-02  1.7166E-02  1.6491E-03  7.5689E-01
  1.2498E-02  1.7309E-02  1.6634E-03  7.6343E-01
  1.2606E-02  1.7453E-02  1.6777E-03  7.7002E-01
  1.2715E-02  1.7598E-02  1.6922E-03  7.7668E-01
  1.2825E-02  1.7745E-02  1.7069E-03  7.8339E-01
  1.2936E-02  1.7892E-02  1.7216E-03  7.9015E-01
  1.3047E-02  1.8041E-02  1.7365E-03  7.9698E-01
  1.3160E-02  1.8191E-02  1.7515E-03  8.0387E-01
  1.3274E-02  1.8342E-02  1.7666E-03  8.1081E-01
  1.3389E-02  1.8494E-02  1.7819E-03  8.1781E-01
  1.3505E-02  1.8647E-02  1.7973E-03  8.2488E-01
  1.3621E-02  1.8802E-02  1.8128E-03  8.3200E-01
  1.3739E-02  1.8958E-02  1.8285E-03  8.3919E-01
  1.3858E-02  1.9115E-02  1.8443E-03  8.4644E-01
  1.3978E-02  1.9273E-02  1.8602E-03  8.5375E-01
  1.4099E-02  1.9433E-02  1.8763E-03  8.6112E-01
  1.4221E-02  1.9594E-02  1.8925E-03  8.6856E-01
  1.4344E-02  1.9756E-02  1.9088E-03  8.7606E-01
  1.4468E-02  1.9919E-02  1.9253E-03  8.8363E-01
  1.4593E-02  2.0084E-02  1.9419E-03  8.9126E-01
  1.4719E-02  2.0250E-02  1.9587E-03  8.9896E-01
  1.4846E-02  2.0417E-02  1.9756E-03  9.0672E-01
  1.4975E-02  2.0586E-02  1.9927E-03  9.1455E-01
  1.5104E-02  2.0756E-02  2.0099E-03  9.2245E-01
  1.5235E-02  2.0927E-02  2.0273E-03  9.3041E-01
  1.5366E-02  2.1100E-02  2.0448E-03  9.3845E-01
  1.5499E-02  2.1274E-02  2.0625E-03  9.4655E-01
  1.5633E-02  2.1449E-02  2.0803E-03  9.5472E-01
  1.5769E-02  2.1626E-02  2.0982E-03  9.6297E-01
  1.5905E-02  2.1804E-02  2.1164E-03  9.7128E-01
  1.6042E-02  2.1983E-02  2.1346E-03  9.7967E-01
  1.6181E-02  2.2164E-02  2.1531E-03  9.8813E-01
  1.6321E-02  2.2346E-02  2.1717E-03  9.9666E-01
  1.6462E-02  2.2530E-02  2.1904E-03  1.0053E+00
  1.6605E-02  2.2715E-02  2.2093E-03  1.0139E+00
  1.6748E-02  2.2902E-02  2.2284E-03  1.0227E+00
  1.6893E-02  2.3090E-02  2.2477E-03  1.0315E+00
  1.7039E-02  2.3279E-02  2.2671E-03  1.0404E+00
  1.7186E-02  2.3470E-02  2.2866E-03  1.0494E+00
  1.7335E-02  2.3662E-02  2.3064E-03  1.0585E+00
  1.7485E-02  2.3856E-02  2.3263E-03  1.0676E+00
  1.7636E-02  2.4052E-02  2.3464E-03  1.0768E+00
  1.7789E-02  2.4248E-02  2.3666E-03  1.0861E+00
  1.7942E-02  2.4447E-02  2.3871E-03  1.0955E+00
  1.8098E-02  2.4647E-02  2.4077E-03  1.1049E+00
  1.8254E-02  2.4848E-02  2.4285E-03  1.1145E+00
  1.8412E-02  2.5051E-02  2.4494E-03  1.1241E+00
  1.8571E-02  2.5256E-02  2.4706E-03  1.1338E+00
  1.8732E-02  2.5462E-02  2.4919E-03  1.1436E+00
  1.8894E-02  2.5669E-02  2.5134E-03  1.1534E+00
  1.9057E-02  2.5879E-02  2.5351E-03  1.1634E+00
  1.9222E-02  2.6089E-02  2.5570E-03  1.1734E+00
  1.9388E-02  2.6302E-02  2.5791E-03  1.1836E+00
  1.9556E-02  2.6516E-02  2.6013E-03  1.1938E+00
  1.9725E-02  2.6732E-02  2.6238E-03  1.2041E+00
  1.9895E-02  2.6949E-02  2.6464E-03  1.2144E+00
  2.0067E-02  2.7168E-02  2.6693E-03  1.2249E+00
  2.0241E-02  2.7388E-02  2.6923E-03  1.2355E+00
  2.0416E-02  2.7611E-02  2.7155E-03  1.2461E+00
  2.0592E-02  2.7835E-02  2.7390E-03  1.2569E+00
  2.0771E-02  2.8060E-02  2.7626E-03  1.2677E+00
  2.0950E-02  2.8288E-02  2.7864E-03  1.2787E+00
  2.1131E-02  2.8517E-02  2.8105E-03  1.2897E+00
  2.1314E-02  2.8747E-02  2.8347E-03  1.3008E+00
  2.1498E-02  2.8980E-02  2.8592E-03  1.3120E+00
  2.1684E-02  2.9214E-02  2.8838E-03  1.3233E+00
  2.1872E-02  2.9450E-02  2.9087E-03  1.3348E+00
  2.2061E-02  2.9688E-02  2.9338E-03  1.3463E+00
  2.2252E-02  2.9927E-02  2.9591E-03  1.3579E+00
  2.2444E-02  3.0169E-02  2.9846E-03  1.3696E+00
  2.2638E-02  3.0412E-02  3.0104E-03  1.3814E+00
  2.2834E-02  3.0657E-02  3.0363E-03  1.3933E+00
  2.3031E-02  3.0903E-02  3.0625E-03  1.4053E+00
  2.3230E-02  3.1152E-02  3.0889E-03  1.4174E+00
  2.3431E-02  3.1402E-02  3.1156E-03  1.4296E+00
  2.3634E-02  3.1654E-02  3.1425E-03  1.4419E+00
  2.3838E-02  3.1909E-02  3.1695E-03  1.4544E+00
  2.4044E-02  3.2164E-02  3.1969E-03  1.4669E+00
  2.4252E-02  3.2422E-02  3.2244E-03  1.4795E+00
  2.4462E-02  3.2682E-02  3.2522E-03  1.4923E+00
  2.4673E-02  3.2944E-02  3.2803E-03  1.5051E+00
  2.4887E-02  3.3207E-02  3.3086E-03  1.5181E+00
  2.5102E-02  3.3473E-02  3.3371E-03  1.5312E+00
  2.5319E-02  3.3740E-02  3.3658E-03  1.5444E+00
  2.5538E-02  3.4009E-02  3.3949E-03  1.5577E+00
  2.5759E-02  3.4280E-02  3.4241E-03  1.5711E+00
  2.5982E-02  3.4554E-02  3.4536E-03  1.5846E+00
  2.6206E-02  3.4829E-02  3.4834E-03  1.5983E+00
  2.6433E-02  3.5106E-02  3.5134E-03  1.6120E+00
  2.6661E-02  3.5385E-02  3.5437E-03  1.6259E+00
  2.6892E-02  3.5666E-02  3.5742E-03  1.6399E+00
  2.7124E-02  3.5950E-02  3.6050E-03  1.6540E+00
  2.7359E-02  3.6235E-02  3.6361E-03  1.6682E+00
  2.7595E-02  3.6522E-02  3.6674E-03  1.6826E+00
  2.7834E-02  3.6811E-02  3.6990E-03  1.6971E+00
  2.8075E-02  3.7103E-02  3.7308E-03  1.7117E+00
  2.8317E-02  3.7396E-02  3.7630E-03  1.7264E+00
  2.8562E-02  3.7692E-02  3.7954E-03  1.7413E+00
  2.8809E-02  3.7989E-02  3.8281E-03  1.7562E+00
  2.9058E-02  3.8289E-02  3.8610E-03  1.7714E+00
  2.9310E-02  3.8591E-02  3.8943E-03  1.7866E+00
  2.9563E-02  3.8895E-02  3.9278E-03  1.8020E+00
  2.9819E-02  3.9201E-02  3.9616E-03  1.8175E+00
  3.0077E-02  3.9509E-02  3.9957E-03  1.8331E+00
  3.0337E-02  3.9820E-02  4.0301E-03  1.8488E+00
  3.0599E-02  4.0132E-02  4.0648E-03  1.8647E+00
  3.0863E-02  4.0447E-02  4.0998E-03  1.8808E+00
  3.1130E-02  4.0764E-02  4.1351E-03  1.8969E+00
  3.1399E-02  4.1083E-02  4.1706E-03  1.9132E+00
  3.1671E-02  4.1404E-02  4.2065E-03  1.9297E+00
  3.1945E-02  4.1728E-02  4.2427E-03  1.9463E+00
  3.2221E-02  4.2053E-02  4.2792E-03  1.9630E+00
  3.2500E-02  4.2381E-02  4.3160E-03  1.9799E+00
  3.2781E-02  4.2712E-02  4.3531E-03  1.9969E+00
  3.3064E-02  4.3044E-02  4.3906E-03  2.0140E+00
  3.3350E-02  4.3379E-02  4.4283E-03  2.0313E+00
  3.3638E-02  4.3716E-02  4.4664E-03  2.0488E+00
  3.3929E-02  4.4055E-02  4.5048E-03  2.0663E+00
  3.4223E-02  4.4397E-02  4.5436E-03  2.0841E+00
  3.4518E-02  4.4741E-02  4.5826E-03  2.1020E+00
  3.4817E-02  4.5087E-02  4.6220E-03  2.1200E+00
  3.5118E-02  4.5436E-02  4.6617E-03  2.1382E+00
  3.5422E-02  4.5786E-02  4.7018E-03  2.1566E+00
  3.5728E-02  4.6140E-02  4.7422E-03  2.1751E+00
  3.6037E-02  4.6495E-02  4.7829E-03  2.1937E+00
  3.6348E-02  4.6853E-02  4.8240E-03  2.2125E+00
  3.6663E-02  4.7213E-02  4.8655E-03  2.2315E+00
  3.6980E-02  4.7576E-02  4.9072E-03  2.2506E+00
  3.7299E-02  4.7941E-02  4.9494E-03  2.2699E+00
  3.7622E-02  4.8309E-02  4.9919E-03  2.2894E+00
  3.7947E-02  4.8679E-02  5.0347E-03  2.3090E+00
  3.8275E-02  4.9051E-02  5.0780E-03  2.3288E+00
  3.8606E-02  4.9426E-02  5.1215E-03  2.3488E+00
  3.8940E-02  4.9803E-02  5.1655E-03  2.3689E+00
  3.9277E-02  5.0182E-02  5.2098E-03  2.3892E+00
  3.9616E-02  5.0564E-02  5.2545E-03  2.4096E+00
  3.9959E-02  5.0949E-02  5.2996E-03  2.4303E+00
  4.0304E-02  5.1336E-02  5.3451E-03  2.4511E+00
  4.0653E-02  5.1725E-02  5.3909E-03  2.4721E+00
  4.1004E-02  5.2117E-02  5.4371E-03  2.4932E+00
  4.1359E-02  5.2511E-02  5.4838E-03  2.5145E+00
  4.1716E-02  5.2908E-02  5.5308E-03  2.5361E+00
  4.2077E-02  5.3307E-02  5.5782E-03  2.5577E+00
  4.2441E-02  5.3709E-02  5.6260E-03  2.5796E+00
  4.2808E-02  5.4114E-02  5.6742E-03  2.6017E+00
  4.3178E-02  5.4521E-02  5.7228E-03  2.6239E+00
  4.3551E-02  5.4930E-02  5.7718E-03  2.6463E+00
  4.3928E-02  5.5342E-02  5.8213E-03  2.6690E+00
  4.4308E-02  5.5756E-02  5.8711E-03  2.6918E+00
  4.4691E-02  5.6173E-02  5.9214E-03  2.7147E+00
  4.5077E-02  5.6593E-02  5.9721E-03  2.7379E+00
  4.5467E-02  5.7015E-02  6.0232E-03  2.7613E+00
  4.5860E-02  5.7440E-02  6.0747E-03  2.7849E+00
  4.6256E-02  5.7867E-02  6.1267E-03  2.8086E+00
  4.6656E-02  5.8297E-02  6.1791E-03  2.8326E+00
  4.7060E-02  5.8729E-02  6.2320E-03  2.8568E+00
  4.7467E-02  5.9164E-02  6.2853E-03  2.8811E+00
  4.7877E-02  5.9602E-02  6.3390E-03  2.9057E+00
  4.8291E-02  6.0042E-02  6.3932E-03  2.9305E+00
  4.8709E-02  6.0484E-02  6.4478E-03  2.9554E+00
  4.9130E-02  6.0930E-02  6.5029E-03  2.9806E+00
  4.9555E-02  6.1378E-02  6.5585E-03  3.0060E+00
  4.9983E-02  6.1828E-02  6.6145E-03  3.0316E+00
  5.0415E-02  6.2281E-02  6.6710E-03  3.0574E+00
  5.0851E-02  6.2737E-02  6.7279E-03  3.0834E+00
  5.1291E-02  6.3195E-02  6.7853E-03  3.1097E+00
  5.1734E-02  6.3656E-02  6.8432E-03  3.1361E+00
  5.2181E-02  6.4120E-02  6.9016E-03  3.1628E+00
  5.2633E-02  6.4586E-02  6.9605E-03  3.1897E+00
  5.3088E-02  6.5054E-02  7.0198E-03  3.2168E+00
  5.3547E-02  6.5526E-02  7.0797E-03  3.2441E+00
  5.4010E-02  6.6000E-02  7.1400E-03  3.2717E+00
  5.4477E-02  6.6476E-02  7.2009E-03  3.2994E+00
  5.4948E-02  6.6955E-02  7.2622E-03  3.3274E+00
  5.5423E-02  6.7437E-02  7.3240E-03  3.3557E+00
  5.5902E-02  6.7922E-02  7.3864E-03  3.3841E+00
  5.6385E-02  6.8409E-02  7.4493E-03  3.4128E+00
  5.6873E-02  6.8898E-02  7.5127E-03  3.4418E+00
  5.7364E-02  6.9391E-02  7.5766E-03  3.4709E+00
  5.7860E-02  6.9886E-02  7.6410E-03  3.5003E+00
  5.8361E-02  7.0383E-02  7.7060E-03  3.5300E+00
  5.8865E-02  7.0883E-02  7.7715E-03  3.5598E+00
  5.9374E-02  7.1386E-02  7.8375E-03  3.5900E+00
  5.9888E-02  7.1891E-02  7.9041E-03  3.6203E+00
  6.0405E-02  7.2399E-02  7.9712E-03  3.6509E+00
  6.0928E-02  7.2909E-02  8.0389E-03  3.6818E+00
  6.1454E-02  7.3422E-02  8.1071E-03  3.7129E+00
  6.1986E-02  7.3938E-02  8.1759E-03  3.7442E+00
  6.2522E-02  7.4456E-02  8.2452E-03  3.7758E+00
  6.3062E-02  7.4977E-02  8.3151E-03  3.8077E+00
  6.3607E-02  7.5500E-02  8.3856E-03  3.8398E+00
  6.4157E-02  7.6026E-02  8.4566E-03  3.8722E+00
  6.4712E-02  7.6554E-02  8.5282E-03  3.9048E+00
  6.5272E-02  7.7085E-02  8.6004E-03  3.9377E+00
  6.5836E-02  7.7619E-02  8.6732E-03  3.9708E+00
  6.6405E-02  7.8154E-02  8.7466E-03  4.0043E+00
  6.6979E-02  7.8693E-02  8.8205E-03  4.0379E+00
  6.7558E-02  7.9234E-02  8.8951E-03  4.0719E+00
  6.8142E-02  7.9777E-02  8.9703E-03  4.1061E+00
  6.8732E-02  8.0323E-02  9.0460E-03  4.1406E+00
  6.9326E-02  8.0872E-02  9.1224E-03  4.1753E+00
  6.9925E-02  8.1423E-02  9.1994E-03  4.2104E+00
  7.0530E-02  8.1976E-02  9.2770E-03  4.2457E+00
  7.1140E-02  8.2532E-02  9.3552E-03  4.2812E+00
  7.1755E-02  8.3090E-02  9.4340E-03  4.3171E+00
  7.2375E-02  8.3650E-02  9.5135E-03  4.3532E+00
  7.3001E-02  8.4213E-02  9.5936E-03  4.3896E+00
  7.3632E-02  8.4778E-02  9.6744E-03  4.4263E+00
  7.4269E-02  8.5346E-02  9.7557E-03  4.4633E+00
  7.4911E-02  8.5916E-02  9.8378E-03  4.5006E+00
  7.5558E-02  8.6488E-02  9.9204E-03  4.5382E+00
  7.6212E-02  8.7063E-02  1.0004E-02  4.5760E+00
  7.6871E-02  8.7640E-02  1.0088E-02  4.6141E+00
  7.7535E-02  8.8219E-02  1.0172E-02  4.6526E+00
  7.8206E-02  8.8801E-02  1.0258E-02  4.6913E+00
  7.8882E-02  8.9384E-02  1.0344E-02  4.7303E+00
  7.9564E-02  8.9970E-02  1.0430E-02  4.7697E+00
  8.0252E-02  9.0558E-02  1.0518E-02  4.8093E+00
  8.0945E-02  9.1148E-02  1.0606E-02  4.8492E+00
  8.1645E-02  9.1741E-02  1.0694E-02  4.8894E+00
  8.2351E-02  9.2335E-02  1.0784E-02  4.9299E+00
  8.3063E-02  9.2932E-02  1.0874E-02  4.9708E+00
  8.3781E-02  9.3530E-02  1.0965E-02  5.0119E+00
  8.4506E-02  9.4131E-02  1.1056E-02  5.0534E+00
  8.5236E-02  9.4734E-02  1.1148E-02  5.0951E+00
  8.5973E-02  9.5338E-02  1.1241E-02  5.1372E+00
  8.6717E-02  9.5945E-02  1.1335E-02  5.1796E+00
  8.7466E-02  9.6553E-02  1.1429E-02  5.2223E+00
  8.8223E-02  9.7164E-02  1.1524E-02  5.2653E+00
  8.8985E-02  9.7776E-02  1.1620E-02  5.3086E+00
  8.9755E-02  9.8390E-02  1.1716E-02  5.3522E+00
  9.0531E-02  9.9006E-02  1.1813E-02  5.3962E+00
  9.1313E-02  9.9624E-02  1.1911E-02  5.4405E+00
  9.2103E-02  1.0024E-01  1.2010E-02  5.4851E+00
  9.2899E-02  1.0086E-01  1.2110E-02  5.5300E+00
  9.3702E-02  1.0149E-01  1.2210E-02  5.5752E+00
  9.4512E-02  1.0211E-01  1.2311E-02  5.6208E+00
  9.5330E-02  1.0274E-01  1.2412E-02  5.6667E+00
  9.6154E-02  1.0337E-01  1.2515E-02  5.7129E+00
  9.6985E-02  1.0399E-01  1.2618E-02  5.7595E+00
  9.7824E-02  1.0463E-01  1.2722E-02  5.8064E+00
  9.8669E-02  1.0526E-01  1.2827E-02  5.8536E+00
  9.9523E-02  1.0589E-01  1.2932E-02  5.9011E+00
  1.0038E-01  1.0653E-01  1.3038E-02  5.9490E+00
  1.0125E-01  1.0716E-01  1.3145E-02  5.9972E+00
  1.0213E-01  1.0780E-01  1.3253E-02  6.0457E+00
  1.0301E-01  1.0844E-01  1.3362E-02  6.0946E+00
  1.0390E-01  1.0908E-01  1.3471E-02  6.1438E+00
  1.0480E-01  1.0972E-01  1.3581E-02  6.1934E+00
  1.0570E-01  1.1036E-01  1.3692E-02  6.2432E+00
  1.0662E-01  1.1100E-01  1.3804E-02  6.2935E+00
  1.0754E-01  1.1165E-01  1.3916E-02  6.3440E+00
  1.0847E-01  1.1229E-01  1.4030E-02  6.3949E+00
  1.0941E-01  1.1294E-01  1.4144E-02  6.4461E+00
  1.1035E-01  1.1358E-01  1.4259E-02  6.4977E+00
  1.1131E-01  1.1423E-01  1.4374E-02  6.5496E+00
  1.1227E-01  1.1488E-01  1.4491E-02  6.6019E+00
  1.1324E-01  1.1553E-01  1.4608E-02  6.6545E+00
  1.1422E-01  1.1618E-01  1.4726E-02  6.7074E+00
  1.1521E-01  1.1683E-01  1.4845E-02  6.7606E+00
  1.1620E-01  1.1748E-01  1.4965E-02  6.8142E+00
  1.1721E-01  1.1813E-01  1.5085E-02  6.8682E+00
  1.1822E-01  1.1878E-01  1.5207E-02  6.9225E+00
  1.1924E-01  1.1943E-01  1.5329E-02  6.9771E+00
  1.2027E-01  1.2008E-01  1.5452E-02  7.0320E+00
  1.2131E-01  1.2073E-01  1.5576E-02  7.0873E+00
  1.2236E-01  1.2138E-01  1.5700E-02  7.1429E+00
  1.2342E-01  1.2203E-01  1.5826E-02  7.1989E+00
  1.2449E-01  1.2269E-01  1.5952E-02  7.2552E+00
  1.2556E-01  1.2334E-01  1.6079E-02  7.3118E+00
  1.2665E-01  1.2399E-01  1.6207E-02  7.3688E+00
  1.2774E-01  1.2464E-01  1.6336E-02  7.4261E+00
  1.2885E-01  1.2529E-01  1.6465E-02  7.4837E+00
  1.2996E-01  1.2594E-01  1.6596E-02  7.5417E+00
  1.3109E-01  1.2659E-01  1.6727E-02  7.6000E+00
  1.3222E-01  1.2724E-01  1.6859E-02  7.6586E+00
  1.3336E-01  1.2788E-01  1.6992E-02  7.7175E+00
  1.3452E-01  1.2853E-01  1.7125E-02  7.7768E+00
  1.3568E-01  1.2918E-01  1.7260E-02  7.8364E+00
  1.3685E-01  1.2982E-01  1.7395E-02  7.8963E+00
  1.3804E-01  1.3047E-01  1.7531E-02  7.9565E+00
  1.3923E-01  1.3111E-01  1.7668E-02  8.0170E+00
  1.4043E-01  1.3175E-01  1.7805E-02  8.0779E+00
  1.4165E-01  1.3239E-01  1.7944E-02  8.1390E+00
  1.4287E-01  1.3303E-01  1.8083E-02  8.2005E+00
  1.4411E-01  1.3367E-01  1.8223E-02  8.2623E+00
  1.4535E-01  1.3431E-01  1.8364E-02  8.3243E+00
  1.4661E-01  1.3494E-01  1.8505E-02  8.3867E+00
  1.4788E-01  1.3557E-01  1.8648E-02  8.4494E+00
  1.4916E-01  1.3620E-01  1.8791E-02  8.5123E+00
  1.5044E-01  1.3683E-01  1.8935E-02  8.5756E+00
  1.5175E-01  1.3746E-01  1.9079E-02  8.6391E+00
  1.5306E-01  1.3808E-01  1.9225E-02  8.7029E+00
  1.5438E-01  1.3871E-01  1.9371E-02  8.7670E+00
  1.5572E-01  1.3932E-01  1.9518E-02  8.8313E+00
  1.5706E-01  1.3994E-01  1.9666E-02  8.8959E+00
  1.5842E-01  1.4056E-01  1.9814E-02  8.9608E+00
  1.5979E-01  1.4117E-01  1.9963E-02  9.0259E+00
  1.6117E-01  1.4178E-01  2.0113E-02  9.0913E+00
  1.6256E-01  1.4238E-01  2.0263E-02  9.1570E+00
  1.6397E-01  1.4299E-01  2.0415E-02  9.2228E+00
  1.6539E-01  1.4358E-01  2.0567E-02  9.2889E+00
  1.6682E-01  1.4418E-01  2.0719E-02  9.3552E+00
  1.6826E-01  1.4477E-01  2.0872E-02  9.4218E+00
  1.6971E-01  1.4536E-01  2.1026E-02  9.4885E+00
  1.7118E-01  1.4595E-01  2.1181E-02  9.5555E+00
  1.7266E-01  1.4653E-01  2.1336E-02  9.6227E+00
  1.7415E-01  1.4711E-01  2.1492E-02  9.6900E+00
  1.7566E-01  1.4768E-01  2.1649E-02  9.7576E+00
  1.7718E-01  1.4825E-01  2.1806E-02  9.8253E+00
  1.7871E-01  1.4881E-01  2.1963E-02  9.8931E+00
  1.8026E-01  1.4937E-01  2.2122E-02  9.9612E+00
  1.8181E-01  1.4993E-01  2.2280E-02  1.0029E+01
  1.8339E-01  1.5048E-01  2.2440E-02  1.0098E+01
  1.8497E-01  1.5103E-01  2.2599E-02  1.0166E+01
  1.8657E-01  1.5157E-01  2.2760E-02  1.0235E+01
  1.8818E-01  1.5210E-01  2.2921E-02  1.0303E+01
  1.8981E-01  1.5263E-01  2.3082E-02  1.0372E+01
  1.9145E-01  1.5316E-01  2.3244E-02  1.0441E+01
  1.9311E-01  1.5368E-01  2.3406E-02  1.0510E+01
  1.9478E-01  1.5419E-01  2.3568E-02  1.0579E+01
  1.9646E-01  1.5470E-01  2.3731E-02  1.0648E+01
  1.9816E-01  1.5520E-01  2.3895E-02  1.0717E+01
  1.9987E-01  1.5569E-01  2.4058E-02  1.0786E+01
  2.0160E-01  1.5618E-01  2.4222E-02  1.0855E+01
  2.0334E-01  1.5666E-01  2.4386E-02  1.0924E+01
  2.0510E-01  1.5714E-01  2.4551E-02  1.0994E+01
  2.0687E-01  1.5761E-01  2.4716E-02  1.1063E+01
  2.0866E-01  1.5807E-01  2.4881E-02  1.1132E+01
  2.1047E-01  1.5852E-01  2.5046E-02  1.1201E+01
  2.1229E-01  1.5897E-01  2.5211E-02  1.1270E+01
  2.1412E-01  1.5941E-01  2.5376E-02  1.1338E+01
  2.1597E-01  1.5984E-01  2.5542E-02  1.1407E+01
  2.1784E-01  1.6026E-01  2.5708E-02  1.1476E+01
  2.1972E-01  1.6068E-01  2.5873E-02  1.1544E+01
  2.2162E-01  1.6109E-01  2.6039E-02  1.1612E+01
  2.2354E-01  1.6148E-01  2.6204E-02  1.1680E+01
  2.2547E-01  1.6187E-01  2.6370E-02  1.1748E+01
  2.2742E-01  1.6226E-01  2.6535E-02  1.1816E+01
  2.2939E-01  1.6263E-01  2.6700E-02  1.1883E+01
  2.3137E-01  1.6299E-01  2.6865E-02  1.1950E+01
  2.3337E-01  1.6334E-01  2.7030E-02  1.2017E+01
  2.3539E-01  1.6369E-01  2.7194E-02  1.2084E+01
  2.3742E-01  1.6402E-01  2.7358E-02  1.2150E+01
  2.3948E-01  1.6435E-01  2.7522E-02  1.2216E+01
  2.4155E-01  1.6466E-01  2.7685E-02  1.2281E+01
  2.4364E-01  1.6497E-01  2.7848E-02  1.2346E+01
  2.4574E-01  1.6526E-01  2.8010E-02  1.2411E+01
  2.4787E-01  1.6554E-01  2.8172E-02  1.2475E+01
  2.5001E-01  1.6581E-01  2.8333E-02  1.2538E+01
  2.5217E-01  1.6608E-01  2.8493E-02  1.2601E+01
  2.5435E-01  1.6633E-01  2.8652E-02  1.2664E+01
  2.5655E-01  1.6656E-01  2.8811E-02  1.2726E+01
  2.5877E-01  1.6679E-01  2.8969E-02  1.2787E+01
  2.6101E-01  1.6701E-01  2.9126E-02  1.2848E+01
  2.6326E-01  1.6721E-01  2.9282E-02  1.2908E+01
  2.6554E-01  1.6740E-01  2.9437E-02  1.2967E+01
  2.6783E-01  1.6758E-01  2.9590E-02  1.3026E+01
  2.7015E-01  1.6774E-01  2.9743E-02  1.3084E+01
  2.7248E-01  1.6789E-01  2.9894E-02  1.3141E+01
  2.7484E-01  1.6803E-01  3.0044E-02  1.3197E+01
  2.7722E-01  1.6816E-01  3.0192E-02  1.3253E+01
  2.7961E-01  1.6827E-01  3.0339E-02  1.3307E+01
  2.8203E-01  1.6837E-01  3.0484E-02  1.3361E+01
  2.8447E-01  1.6845E-01  3.0628E-02  1.3413E+01
  2.8693E-01  1.6853E-01  3.0770E-02  1.3465E+01
  2.8941E-01  1.6858E-01  3.0910E-02  1.3515E+01
  2.9191E-01  1.6862E-01  3.1048E-02  1.3564E+01
  2.9444E-01  1.6865E-01  3.1184E-02  1.3612E+01
  2.9698E-01  1.6866E-01  3.1318E-02  1.3659E+01
  2.9955E-01  1.6866E-01  3.1450E-02  1.3705E+01
  3.0214E-01  1.6864E-01  3.1579E-02  1.3749E+01
  3.0475E-01  1.6860E-01  3.1706E-02  1.3792E+01
  3.0738E-01  1.6855E-01  3.1830E-02  1.3834E+01
  3.1004E-01  1.6849E-01  3.1952E-02  1.3874E+01
  3.1272E-01  1.6840E-01  3.2071E-02  1.3913E+01
  3.1543E-01  1.6830E-01  3.2187E-02  1.3950E+01
  3.1815E-01  1.6819E-01  3.2300E-02  1.3986E+01
  3.2090E-01  1.6805E-01  3.2410E-02  1.4020E+01
  3.2368E-01  1.6790E-01  3.2517E-02  1.4052E+01
  3.2648E-01  1.6773E-01  3.2620E-02  1.4083E+01
  3.2930E-01  1.6754E-01  3.2720E-02  1.4112E+01
  3.3215E-01  1.6734E-01  3.2817E-02  1.4139E+01
  3.3502E-01  1.6712E-01  3.2909E-02  1.4164E+01
  3.3791E-01  1.6688E-01  3.2998E-02  1.4187E+01
  3.4084E-01  1.6662E-01  3.3082E-02  1.4208E+01
  3.4378E-01  1.6634E-01  3.3163E-02  1.4227E+01
  3.4676E-01  1.6604E-01  3.3239E-02  1.4244E+01
  3.4975E-01  1.6572E-01  3.3310E-02  1.4258E+01
  3.5278E-01  1.6539E-01  3.3377E-02  1.4271E+01
  3.5583E-01  1.6503E-01  3.3439E-02  1.4281E+01
  3.5890E-01  1.6465E-01  3.3496E-02  1.4288E+01
  3.6201E-01  1.6426E-01  3.3548E-02  1.4294E+01
  3.6514E-01  1.6384E-01  3.3595E-02  1.4296E+01
  3.6829E-01  1.6340E-01  3.3636E-02  1.4296E+01
  3.7148E-01  1.6294E-01  3.3671E-02  1.4293E+01
  3.7469E-01  1.6246E-01  3.3701E-02  1.4288E+01
  3.7793E-01  1.6196E-01  3.3724E-02  1.4280E+01
  3.8120E-01  1.6143E-01  3.3741E-02  1.4269E+01
  3.8449E-01  1.6089E-01  3.3752E-02  1.4254E+01
  3.8782E-01  1.6032E-01  3.3756E-02  1.4237E+01
  3.9117E-01  1.5973E-01  3.3753E-02  1.4217E+01
  3.9455E-01  1.5912E-01  3.3743E-02  1.4194E+01
  3.9796E-01  1.5848E-01  3.3725E-02  1.4167E+01
  4.0140E-01  1.5783E-01  3.3700E-02  1.4137E+01
  4.0487E-01  1.5714E-01  3.3668E-02  1.4103E+01
  4.0837E-01  1.5644E-01  3.3627E-02  1.4066E+01
  4.1190E-01  1.5571E-01  3.3578E-02  1.4026E+01
  4.1546E-01  1.5496E-01  3.3521E-02  1.3981E+01
  4.1906E-01  1.5418E-01  3.3454E-02  1.3934E+01
  4.2268E-01  1.5338E-01  3.3379E-02  1.3882E+01
  4.2633E-01  1.5255E-01  3.3295E-02  1.3826E+01
  4.3002E-01  1.5170E-01  3.3201E-02  1.3766E+01
  4.3374E-01  1.5083E-01  3.3097E-02  1.3702E+01
  4.3749E-01  1.4993E-01  3.2983E-02  1.3635E+01
  4.4127E-01  1.4900E-01  3.2859E-02  1.3562E+01
  4.4508E-01  1.4805E-01  3.2724E-02  1.3486E+01
  4.4893E-01  1.4707E-01  3.2578E-02  1.3405E+01
  4.5281E-01  1.4606E-01  3.2421E-02  1.3320E+01
  4.5673E-01  1.4503E-01  3.2252E-02  1.3230E+01
  4.6068E-01  1.4398E-01  3.2071E-02  1.3135E+01
  4.6466E-01  1.4289E-01  3.1879E-02  1.3036E+01
  4.6868E-01  1.4178E-01  3.1673E-02  1.2931E+01
  4.7273E-01  1.4064E-01  3.1455E-02  1.2822E+01
  4.7682E-01  1.3948E-01  3.1224E-02  1.2708E+01
  4.8094E-01  1.3829E-01  3.0979E-02  1.2589E+01
  4.8510E-01  1.3707E-01  3.0720E-02  1.2464E+01
  4.8929E-01  1.3582E-01  3.0447E-02  1.2335E+01
  4.9352E-01  1.3454E-01  3.0159E-02  1.2200E+01
  4.9779E-01  1.3324E-01  2.9857E-02  1.2059E+01
  5.0209E-01  1.3190E-01  2.9539E-02  1.1914E+01
  5.0643E-01  1.3054E-01  2.9205E-02  1.1762E+01
  5.1081E-01  1.2915E-01  2.8855E-02  1.1605E+01
  5.1523E-01  1.2773E-01  2.8489E-02  1.1443E+01
  5.1968E-01  1.2628E-01  2.8105E-02  1.1274E+01
  5.2417E-01  1.2480E-01  2.7705E-02  1.1100E+01
  5.2871E-01  1.2330E-01  2.7286E-02  1.0920E+01
  5.3328E-01  1.2176E-01  2.6849E-02  1.0733E+01
  5.3789E-01  1.2019E-01  2.6394E-02  1.0541E+01
  5.4254E-01  1.1859E-01  2.5920E-02  1.0343E+01
  5.4723E-01  1.1696E-01  2.5426E-02  1.0138E+01
  5.5196E-01  1.1531E-01  2.4912E-02  9.9275E+00
  5.5673E-01  1.1362E-01  2.4378E-02  9.7105E+00
  5.6154E-01  1.1190E-01  2.3823E-02  9.4873E+00
  5.6640E-01  1.1015E-01  2.3247E-02  9.2577E+00
  5.7130E-01  1.0837E-01  2.2648E-02  9.0217E+00
  5.7624E-01  1.0656E-01  2.2028E-02  8.7793E+00
  5.8122E-01  1.0471E-01  2.1385E-02  8.5305E+00
  5.8624E-01  1.0284E-01  2.0718E-02  8.2752E+00
  5.9131E-01  1.0093E-01  2.0028E-02  8.0135E+00
  5.9642E-01  9.8994E-02  1.9313E-02  7.7452E+00
  6.0158E-01  9.7025E-02  1.8574E-02  7.4705E+00
  6.0678E-01  9.5024E-02  1.7809E-02  7.1893E+00
  6.1203E-01  9.2991E-02  1.7019E-02  6.9016E+00
  6.1732E-01  9.0926E-02  1.6202E-02  6.6075E+00
  6.2265E-01  8.8829E-02  1.5358E-02  6.3069E+00
  6.2804E-01  8.6700E-02  1.4487E-02  5.9999E+00
  6.3347E-01  8.4538E-02  1.3588E-02  5.6865E+00
  6.3894E-01  8.2345E-02  1.2661E-02  5.3668E+00
  6.4447E-01  8.0119E-02  1.1704E-02  5.0408E+00
  6.5004E-01  7.7860E-02  1.0718E-02  4.7087E+00
  6.5566E-01  7.5569E-02  9.7012E-03  4.3704E+00
  6.6133E-01  7.3245E-02  8.6540E-03  4.0261E+00
  6.6705E-01  7.0888E-02  7.5756E-03  3.6759E+00
  6.7281E-01  6.8499E-02  6.4653E-03  3.3199E+00
  6.7863E-01  6.6077E-02  5.3225E-03  2.9582E+00
  6.8450E-01  6.3622E-02  4.1468E-03  2.5909E+00
  6.9041E-01  6.1135E-02  2.9375E-03  2.2182E+00
  6.9638E-01  5.8614E-02  1.6941E-03  1.8403E+00
  7.0240E-01  5.6061E-02  4.1602E-04  1.4573E+00
  7.0848E-01  5.3475E-02 -8.9737E-04  1.0694E+00
  7.1460E-01  5.0856E-02 -2.2466E-03  6.7680E-01
  7.2078E-01  4.8204E-02 -3.6323E-03  2.7978E-01
  7.2701E-01  4.5519E-02 -5.0549E-03 -1.2145E-01
  7.3330E-01  4.2801E-02 -6.5151E-03 -5.2664E-01
  7.3964E-01  4.0050E-02 -8.0134E-03 -9.3553E-01
  7.4603E-01  3.7267E-02 -9.5504E-03 -1.3478E+00
  7.5248E-01  3.4451E-02 -1.1127E-02 -1.7632E+00
  7.5899E-01  3.1602E-02 -1.2743E-02 -2.1813E+00
  7.6555E-01  2.8720E-02 -1.4399E-02 -2.6019E+00
  7.7217E-01  2.5806E-02 -1.6096E-02 -3.0245E+00
  7.7884E-01  2.2859E-02 -1.7835E-02 -3.4489E+00
  7.8558E-01  1.9880E-02 -1.9615E-02 -3.8744E+00
  7.9237E-01  1.6868E-02 -2.1438E-02 -4.3008E+00
  7.9922E-01  1.3824E-02 -2.3304E-02 -4.7276E+00
  8.0613E-01  1.0747E-02 -2.5213E-02 -5.1544E+00
  8.1310E-01  7.6389E-03 -2.7167E-02 -5.5805E+00
  8.2013E-01  4.4984E-03 -2.9164E-02 -6.0056E+00
  8.2722E-01  1.3261E-03 -3.1207E-02 -6.4290E+00
  8.3437E-01 -1.8781E-03 -3.3295E-02 -6.8503E+00
  8.4158E-01 -5.1139E-03 -3.5429E-02 -7.2688E+00
  8.4886E-01 -8.3812E-03 -3.7608E-02 -7.6839E+00
  8.5620E-01 -1.1680E-02 -3.9835E-02 -8.0951E+00
  8.6360E-01 -1.5009E-02 -4.2108E-02 -8.5015E+00
  8.7107E-01 -1.8370E-02 -4.4428E-02 -8.9026E+00
  8.7860E-01 -2.1762E-02 -4.6797E-02 -9.2977E+00
  8.8619E-01 -2.5184E-02 -4.9213E-02 -9.6861E+00
  8.9386E-01 -2.8636E-02 -5.1677E-02 -1.0067E+01
  9.0158E-01 -3.2119E-02 -5.4190E-02 -1.0440E+01
  9.0938E-01 -3.5632E-02 -5.6752E-02 -1.0803E+01
  9.1724E-01 -3.9174E-02 -5.9362E-02 -1.1157E+01
  9.2517E-01 -4.2746E-02 -6.2022E-02 -1.1500E+01
  9.3317E-01 -4.6347E-02 -6.4731E-02 -1.1831E+01
  9.4124E-01 -4.9978E-02 -6.7490E-02 -1.2150E+01
  9.4937E-01 -5.3636E-02 -7.0298E-02 -1.2456E+01
  9.5758E-01 -5.7324E-02 -7.3155E-02 -1.2748E+01
  9.6586E-01 -6.1039E-02 -7.6063E-02 -1.3024E+01
  9.7421E-01 -6.4782E-02 -7.9020E-02 -1.3285E+01
  9.8263E-01 -6.8553E-02 -8.2026E-02 -1.3529E+01
  9.9113E-01 -7.2351E-02 -8.5082E-02 -1.3754E+01
  9.9970E-01 -7.6176E-02 -8.8188E-02 -1.3962E+01
  1.0083E+00 -8.0027E-02 -9.1342E-02 -1.4149E+01
  1.0171E+00 -8.3904E-02 -9.4546E-02 -1.4316E+01
  1.0259E+00 -8.7807E-02 -9.7799E-02 -1.4462E+01
  1.0347E+00 -9.1736E-02 -1.0110E-01 -1.4585E+01
  1.0437E+00 -9.5689E-02 -1.0445E-01 -1.4684E+01
  1.0527E+00 -9.9667E-02 -1.0785E-01 -1.4760E+01
  1.0618E+00 -1.0367E-01 -1.1129E-01 -1.4811E+01
  1.0710E+00 -1.0769E-01 -1.1478E-01 -1.4836E+01
  1.0802E+00 -1.1174E-01 -1.1832E-01 -1.4834E+01
  1.0896E+00 -1.1582E-01 -1.2190E-01 -1.4805E+01
  1.0990E+00 -1.1991E-01 -1.2553E-01 -1.4749E+01
  1.1085E+00 -1.2403E-01 -1.2920E-01 -1.4663E+01
  1.1181E+00 -1.2816E-01 -1.3292E-01 -1.4549E+01
  1.1277E+00 -1.3232E-01 -1.3668E-01 -1.4405E+01
  1.1375E+00 -1.3650E-01 -1.4048E-01 -1.4232E+01
  1.1473E+00 -1.4070E-01 -1.4432E-01 -1.4028E+01
  1.1572E+00 -1.4492E-01 -1.4821E-01 -1.3794E+01
  1.1672E+00 -1.4915E-01 -1.5213E-01 -1.3530E+01
  1.1773E+00 -1.5341E-01 -1.5609E-01 -1.3235E+01
  1.1875E+00 -1.5768E-01 -1.6009E-01 -1.2911E+01
  1.1978E+00 -1.6197E-01 -1.6412E-01 -1.2557E+01
  1.2081E+00 -1.6627E-01 -1.6819E-01 -1.2174E+01
  1.2186E+00 -1.7059E-01 -1.7229E-01 -1.1762E+01
  1.2291E+00 -1.7493E-01 -1.7643E-01 -1.1323E+01
  1.2397E+00 -1.7928E-01 -1.8060E-01 -1.0858E+01
  1.2505E+00 -1.8364E-01 -1.8479E-01 -1.0369E+01
  1.2613E+00 -1.8802E-01 -1.8902E-01 -9.8561E+00
  1.2722E+00 -1.9241E-01 -1.9327E-01 -9.3225E+00
  1.2832E+00 -1.9681E-01 -1.9754E-01 -8.7702E+00
  1.2943E+00 -2.0122E-01 -2.0185E-01 -8.2018E+00
  1.3055E+00 -2.0564E-01 -2.0617E-01 -7.6204E+00
  1.3167E+00 -2.1007E-01 -2.1051E-01 -7.0294E+00
  1.3281E+00 -2.1451E-01 -2.1488E-01 -6.4326E+00
  1.3396E+00 -2.1896E-01 -2.1926E-01 -5.8345E+00
  1.3512E+00 -2.2341E-01 -2.2365E-01 -5.2397E+00
  1.3629E+00 -2.2787E-01 -2.2807E-01 -4.6538E+00
  1.3747E+00 -2.3234E-01 -2.3249E-01 -4.0828E+00
  1.3865E+00 -2.3681E-01 -2.3693E-01 -3.5334E+00
  1.3985E+00 -2.4128E-01 -2.4137E-01 -3.0131E+00
  1.4106E+00 -2.4576E-01 -2.4583E-01 -2.5300E+00
  1.4228E+00 -2.5024E-01 -2.5029E-01 -2.0941E+00
  1.4351E+00 -2.5472E-01 -2.5475E-01 -1.7047E+00
  1.4475E+00 -2.5920E-01 -2.5922E-01 -1.3611E+00
  1.4600E+00 -2.6368E-01 -2.6370E-01 -1.0623E+00
  1.4727E+00 -2.6816E-01 -2.6817E-01 -8.0692E-01
  1.4854E+00 -2.7263E-01 -2.7264E-01 -5.9307E-01
  1.4982E+00 -2.7710E-01 -2.7711E-01 -4.1839E-01
  1.5112E+00 -2.8157E-01 -2.8157E-01 -2.8003E-01
  1.5243E+00 -2.8603E-01 -2.8603E-01 -1.7469E-01
  1.5374E+00 -2.9049E-01 -2.9049E-01 -9.8610E-02
  1.5507E+00 -2.9494E-01 -2.9494E-01 -4.7624E-02
  1.5641E+00 -2.9937E-01 -2.9937E-01 -1.7178E-02
  1.5777E+00 -3.0380E-01 -3.0380E-01 -2.4149E-03
  1.5913E+00 -3.0822E-01 -3.0822E-01  1.7466E-03
  1.6051E+00 -3.1263E-01 -3.1263E-01  4.7947E-04
  1.6189E+00 -3.1702E-01 -3.1702E-01  4.7637E-04
  1.6329E+00 -3.2140E-01 -3.2140E-01  4.7321E-04
  1.6470E+00 -3.2577E-01 -3.2577E-01  4.7000E-04
  1.6613E+00 -3.3012E-01 -3.3012E-01  4.6673E-04
  1.6756E+00 -3.3445E-01 -3.3445E-01  4.6342E-04
  1.6901E+00 -3.3876E-01 -3.3876E-01  4.6005E-04
  1.7047E+00 -3.4306E-01 -3.4306E-01  4.5663E-04
  1.7195E+00 -3.4733E-01 -3.4733E-01  4.5315E-04
  1.7344E+00 -3.5158E-01 -3.5158E-01  4.4963E-04
  1.7493E+00 -3.5581E-01 -3.5581E-01  4.4605E-04
  1.7645E+00 -3.6002E-01 -3.6002E-01  4.4242E-04
  1.7797E+00 -3.6420E-01 -3.6420E-01  4.3874E-04
  1.7951E+00 -3.6835E-01 -3.6835E-01  4.3501E-04
  1.8106E+00 -3.7247E-01 -3.7247E-01  4.3123E-04
  1.8263E+00 -3.7657E-01 -3.7657E-01  4.2739E-04
  1.8421E+00 -3.8063E-01 -3.8063E-01  4.2351E-04
  1.8580E+00 -3.8467E-01 -3.8467E-01  4.1957E-04
  1.8741E+00 -3.8867E-01 -3.8867E-01  4.1557E-04
  1.8903E+00 -3.9264E-01 -3.9264E-01  4.1153E-04
  1.9066E+00 -3.9657E-01 -3.9657E-01  4.0743E-04
  1.9231E+00 -4.0047E-01 -4.0047E-01  4.0327E-04
  1.9397E+00 -4.0433E-01 -4.0433E-01  3.9906E-04
  1.9565E+00 -4.0815E-01 -4.0815E-01  3.9480E-04
  1.9734E+00 -4.1193E-01 -4.1193E-01  3.9048E-04
  1.9905E+00 -4.1566E-01 -4.1566E-01  3.8611E-04
  2.0077E+00 -4.1936E-01 -4.1936E-01  3.8168E-04
  2.0250E+00 -4.2301E-01 -4.2301E-01  3.7719E-04
  2.0425E+00 -4.2662E-01 -4.2662E-01  3.7265E-04
  2.0602E+00 -4.3018E-01 -4.3018E-01  3.6805E-04
  2.0780E+00 -4.3369E-01 -4.3369E-01  3.6339E-04
  2.0960E+00 -4.3715E-01 -4.3715E-01  3.5867E-04
  2.1141E+00 -4.4057E-01 -4.4057E-01  3.5390E-04
  2.1324E+00 -4.4393E-01 -4.4393E-01  3.4906E-04
  2.1508E+00 -4.4724E-01 -4.4724E-01  3.4416E-04
  2.1694E+00 -4.5049E-01 -4.5049E-01  3.3921E-04
  2.1882E+00 -4.5369E-01 -4.5369E-01  3.3419E-04
  2.2071E+00 -4.5683E-01 -4.5683E-01  3.2912E-04
  2.2262E+00 -4.5992E-01 -4.5992E-01  3.2398E-04
  2.2454E+00 -4.6294E-01 -4.6294E-01  3.1878E-04
  2.2648E+00 -4.6591E-01 -4.6591E-01  3.1352E-04
  2.2844E+00 -4.6881E-01 -4.6881E-01  3.0820E-04
  2.3041E+00 -4.7165E-01 -4.7165E-01  3.0281E-04
  2.3241E+00 -4.7443E-01 -4.7443E-01  2.9737E-04
  2.3442E+00 -4.7714E-01 -4.7714E-01  2.9186E-04
  2.3644E+00 -4.7978E-01 -4.7978E-01  2.8629E-04
  2.3849E+00 -4.8236E-01 -4.8236E-01  2.8065E-04
  2.4055E+00 -4.8487E-01 -4.8487E-01  2.7496E-04
  2.4263E+00 -4.8730E-01 -4.8730E-01  2.6920E-04
  2.4473E+00 -4.8967E-01 -4.8967E-01  2.6338E-04
  2.4684E+00 -4.9197E-01 -4.9197E-01  2.5751E-04
